#! FIELDS time dAB dAC rc bias
 0.000000 2.739813 3.446091 6.185904 0.995583
 0.000000 2.726411 3.450525 6.176937 0.889019
 0.000001 2.713620 3.454905 6.168526 0.794541
 0.000001 2.701762 3.459143 6.160905 0.713528
 0.000002 2.691175 3.463168 6.154344 0.647259
 0.000002 2.681660 3.467061 6.148721 0.593041
 0.000003 2.673659 3.470743 6.144402 0.553006
 0.000003 2.667287 3.474238 6.141525 0.527109
 0.000004 2.662465 3.477582 6.140047 0.514051
 0.000004 2.658952 3.480691 6.139643 0.510508
 0.000005 2.656662 3.483605 6.140267 0.515983
 0.000005 2.655408 3.486365 6.141772 0.529315
 0.000006 2.654583 3.488926 6.143509 0.544903
 0.000006 2.654045 3.491349 6.145394 0.562077
 0.000007 2.653117 3.493640 6.146758 0.574669
 0.000007 2.651608 3.495797 6.147404 0.580686
 0.000008 2.648691 3.497838 6.146529 0.572546
 0.000008 2.644201 3.499679 6.143880 0.548258
 0.000009 2.637875 3.501505 6.139380 0.508213
 0.000009 2.629895 3.503285 6.133180 0.455521
 0.000010 2.620479 3.504991 6.125471 0.394026
 0.000010 2.609913 3.506796 6.116709 0.329544
 0.000011 2.598271 3.508711 6.106982 0.264706
 0.000011 2.585678 3.510867 6.096545 0.203024
 0.000012 2.573023 3.513179 6.086202 0.149958
 0.000012 2.560520 3.515607 6.076126 0.105978
 0.000013 2.549270 3.518248 6.067518 0.074435
 0.000013 2.539682 3.521056 6.060738 0.053505
 0.000014 2.532240 3.524048 6.056288 0.041639
 0.000014 2.526893 3.527324 6.054217 0.036625
 0.000015 2.523675 3.530870 6.054545 0.037397
 0.000015 2.522690 3.534666 6.057356 0.044351
 0.000016 2.523533 3.538577 6.062110 0.057462
 0.000016 2.526537 3.542577 6.069114 0.079862
 0.000017 2.531099 3.546699 6.077798 0.112746
 0.000017 2.537232 3.550959 6.088191 0.159540
 0.000018 2.544227 3.555258 6.099485 0.219570
 0.000018 2.551575 3.559378 6.110953 0.290317
 0.000019 2.558295 3.563423 6.121718 0.365698
 0.000019 2.564326 3.567484 6.131810 0.444267
 0.000020 2.568650 3.571526 6.140176 0.515188
 0.000020 2.571079 3.575320 6.146399 0.571346
 0.000021 2.571804 3.578789 6.150593 0.610825
 0.000021 2.570121 3.581995 6.152116 0.625496
 0.000022 2.566169 3.584775 6.150944 0.614191
 0.000022 2.559744 3.587114 6.146859 0.575608
 0.000023 2.551258 3.589010 6.140267 0.515988
 0.000023 2.541432 3.590311 6.131743 0.443719
 0.000024 2.530685 3.591036 6.121721 0.365724
 0.000024 2.519635 3.591281 6.110917 0.290077
 0.000025 2.508896 3.591060 6.099956 0.222284
 0.000025 2.498728 3.590326 6.089053 0.163784
 0.000026 2.489431 3.589106 6.078537 0.115807
 0.000026 2.481596 3.587544 6.069140 0.079954
 0.000027 2.475597 3.585628 6.061225 0.054892
 0.000027 2.471909 3.583362 6.055271 0.039137
 0.000028 2.470436 3.580833 6.051269 0.030041
 0.000028 2.470862 3.577989 6.048851 0.025127
 0.000029 2.472697 3.574980 6.047676 0.022899
 0.000029 2.475430 3.571903 6.047333 0.022267
 0.000030 2.478399 3.568752 6.047151 0.021934
 0.000030 2.481467 3.565665 6.047132 0.021900
 0.000031 2.484025 3.562602 6.046627 0.020994
 0.000031 2.485849 3.559685 6.045534 0.019100
 0.000032 2.486267 3.556879 6.043146 0.015272
 0.000032 2.484764 3.554297 6.039061 0.009715
 0.000033 2.480896 3.552003 6.032899 0.003700
 0.000033 2.474956 3.550014 6.024970 0.000151
 0.000034 2.467557 3.548331 6.015887 0.001879
 0.000034 2.459251 3.547011 6.006263 0.010462
 0.000035 2.450442 3.546070 5.996512 0.026243
 0.000035 2.441590 3.545411 5.987001 0.048504
 0.000036 2.433490 3.545096 5.978586 0.073858
 0.000036 2.426774 3.545090 5.971863 0.097928
 0.000037 2.422008 3.545492 5.967499 0.115369
 0.000037 2.419399 3.546163 5.965562 0.123569
 0.000038 2.418935 3.547034 5.965969 0.121821
 0.000038 2.420929 3.548056 5.968985 0.109271
 0.000039 2.425383 3.549272 5.974655 0.087521
 0.000039 2.431703 3.550627 5.982330 0.061921
 0.000040 2.439664 3.552200 5.991864 0.036275
 0.000040 2.449007 3.554034 6.003041 0.014887
 0.000041 2.459330 3.556135 6.015464 0.002110
 0.000041 2.469921 3.558555 6.028476 0.001139
 0.000042 2.480235 3.561193 6.041429 0.012783
 0.000042 2.489750 3.564005 6.053755 0.035549
 0.000043 2.497999 3.566979 6.064978 0.066191
 0.000043 2.504978 3.570143 6.075121 0.102008
 0.000044 2.510707 3.573557 6.084264 0.140906
 0.000044 2.515227 3.577083 6.092311 0.180329
 0.000045 2.519030 3.580858 6.099888 0.221889
 0.000045 2.522326 3.584668 6.106994 0.264783
 0.000046 2.525373 3.588587 6.113960 0.310501
 0.000046 2.528362 3.592653 6.121015 0.360511
 0.000047 2.531469 3.596744 6.128213 0.415392
 0.000047 2.534649 3.600857 6.135507 0.474956
 0.000048 2.538369 3.604954 6.143324 0.543230
 0.000048 2.542927 3.609121 6.152048 0.624833
 0.000049 2.548269 3.613291 6.161560 0.720314
 0.000049 2.554460 3.617566 6.172026 0.833209
 0.000050 2.561041 3.621870 6.182911 0.959344
 0.000050 2.567849 3.626213 6.194061 1.097765
 0.000051 2.574553 3.630639 6.205192 1.245242
 0.000051 2.580932 3.635121 6.216053 1.398109
 0.000052 2.586722 3.639591 6.226313 1.550626
 0.000052 2.591730 3.644098 6.235828 1.699137
 0.000053 2.595881 3.648569 6.244450 1.839585
 0.000053 2.598872 3.652883 6.251754 1.962915
 0.000054 2.600489 3.657081 6.257571 2.063982
 0.000054 2.600229 3.661224 6.261453 2.132861
 0.000055 2.597729 3.665311 6.263040 2.161348
 0.000055 2.592996 3.669410 6.262406 2.149939
 0.000056 2.586167 3.673443 6.259611 2.100039
 0.000056 2.577551 3.677341 6.254892 2.017121
 0.000057 2.567390 3.681154 6.248544 1.908215
 0.000057 2.555818 3.684915 6.240733 1.778357
 0.000058 2.543539 3.688534 6.232072 1.639711
 0.000058 2.530864 3.692020 6.222883 1.498765
 0.000059 2.517813 3.695405 6.213218 1.357351
 0.000059 2.504891 3.698694 6.203585 1.223382
 0.000060 2.492673 3.701973 6.194647 1.105291
 0.000060 2.481893 3.705278 6.187171 1.011124
 0.000061 2.471895 3.708580 6.180474 0.930336
 0.000061 2.462931 3.711876 6.174807 0.864594
 0.000062 2.455263 3.715259 6.170522 0.816486
 0.000062 2.449103 3.718724 6.167826 0.786926
 0.000063 2.444365 3.722122 6.166486 0.772432
 0.000063 2.440484 3.725521 6.166004 0.767254
 0.000064 2.437338 3.729072 6.166411 0.771619
 0.000064 2.434627 3.732674 6.167301 0.781230
 0.000065 2.431525 3.736345 6.167870 0.787395
 0.000065 2.428124 3.740180 6.168304 0.792118
 0.000066 2.423980 3.744153 6.168133 0.790261
 0.000066 2.418620 3.748408 6.167028 0.778276
 0.000067 2.411379 3.752967 6.164345 0.749560
 0.000067 2.402416 3.757708 6.160124 0.705464
 0.000068 2.392181 3.762598 6.154779 0.651554
 0.000068 2.381111 3.767616 6.148727 0.593096
 0.000069 2.369691 3.772867 6.142558 0.536336
 0.000069 2.358374 3.778365 6.136740 0.485420
 0.000070 2.347783 3.784095 6.131879 0.444827
 0.000070 2.338302 3.789836 6.128138 0.414799
 0.000071 2.329879 3.795567 6.125446 0.393831
 0.000071 2.322540 3.801161 6.123701 0.380538
 0.000072 2.317014 3.806711 6.123725 0.380720
 0.000072 2.313341 3.812143 6.125484 0.394126
 0.000073 2.311420 3.817430 6.128850 0.420432
 0.000073 2.311436 3.822483 6.133919 0.461653
 0.000074 2.313197 3.827177 6.140374 0.516930
 0.000074 2.316795 3.831523 6.148318 0.589245
 0.000075 2.322268 3.835374 6.157642 0.680163
 0.000075 2.329013 3.838691 6.167704 0.785592
 0.000076 2.336594 3.841518 6.178112 0.902638
 0.000076 2.344680 3.843884 6.188564 1.028361
 0.000077 2.352657 3.845740 6.198397 1.154103
 0.000077 2.360400 3.846989 6.207389 1.275453
 0.000078 2.367561 3.847648 6.215209 1.385903
 0.000078 2.373505 3.847741 6.221246 1.474316
 0.000079 2.377667 3.847260 6.224927 1.529572
 0.000079 2.380065 3.846110 6.226175 1.548533
 0.000080 2.381205 3.844293 6.225499 1.538241
 0.000080 2.381377 3.842059 6.223436 1.507061
 0.000081 2.380619 3.839390 6.220009 1.455986
 0.000081 2.379160 3.836279 6.215439 1.389233
 0.000082 2.377387 3.832750 6.210138 1.313755
 0.000082 2.375392 3.828867 6.204259 1.232523
 0.000083 2.373225 3.824645 6.197871 1.147195
 0.000083 2.371021 3.820082 6.191103 1.060131
 0.000084 2.368604 3.815300 6.183904 0.971293
 0.000084 2.366310 3.810270 6.176580 0.884904
 0.000085 2.364645 3.804962 6.169607 0.806394
 0.000085 2.363720 3.799592 6.163312 0.738643
 0.000086 2.363409 3.794213 6.157622 0.679960
 0.000086 2.363748 3.788817 6.152564 0.629846
 0.000087 2.364461 3.783421 6.147883 0.585160
 0.000087 2.365481 3.778012 6.143493 0.544761
 0.000088 2.366472 3.772596 6.139068 0.505491
 0.000088 2.367378 3.767183 6.134560 0.467004
 0.000089 2.367815 3.761901 6.129716 0.427334
 0.000089 2.367548 3.756729 6.124277 0.384902
 0.000090 2.366416 3.751683 6.118099 0.339392
 0.000090 2.364128 3.746784 6.110912 0.290046
 0.000091 2.360565 3.742025 6.102589 0.237748
 0.000091 2.355683 3.737433 6.093116 0.184540
 0.000092 2.350020 3.733072 6.083092 0.135570
 0.000092 2.343757 3.729010 6.072767 0.093006
 0.000093 2.337306 3.725354 6.062660 0.059088
 0.000093 2.331167 3.721957 6.053124 0.034108
 0.000094 2.325199 3.718864 6.044063 0.016691
 0.000094 2.320087 3.716058 6.036146 0.006514
 0.000095 2.316042 3.713477 6.029519 0.001610
 0.000095 2.312586 3.711157 6.023743 0.000023
 0.000096 2.310143 3.709155 6.019298 0.000504
 0.000096 2.309046 3.707430 6.016476 0.001579
 0.000097 2.309551 3.706052 6.015603 0.002033
 0.000097 2.311051 3.704949 6.015999 0.001820
 0.000098 2.313571 3.704181 6.017752 0.001019
 0.000098 2.317359 3.703673 6.021032 0.000140
 0.000099 2.322122 3.703577 6.025699 0.000280
 0.000099 2.327558 3.703903 6.031460 0.002706
 0.000100 2.332966 3.704546 6.037511 0.007934
 0.000100 2.338113 3.705371 6.043484 0.015788
 0.000101 2.342855 3.706460 6.049316 0.026037
 0.000101 2.346787 3.707768 6.054554 0.037420
 0.000102 2.349880 3.709281 6.059161 0.049130
 0.000102 2.351935 3.711008 6.062943 0.059933
 0.000103 2.353185 3.712911 6.066096 0.069760
 0.000103 2.353793 3.714790 6.068583 0.078035
 0.000104 2.353658 3.716739 6.070396 0.084364
 0.000104 2.353215 3.718675 6.071890 0.089760
 0.000105 2.353116 3.720530 6.073646 0.096320
 0.000105 2.353252 3.722386 6.075637 0.104037
 0.000106 2.353640 3.724204 6.077844 0.112937
 0.000106 2.354562 3.725839 6.080401 0.123707
 0.000107 2.356434 3.727267 6.083701 0.138330
 0.000107 2.359013 3.728449 6.087462 0.155992
 0.000108 2.362187 3.729281 6.091468 0.175970
 0.000108 2.365676 3.729786 6.095462 0.197092
 0.000109 2.369509 3.729923 6.099433 0.219271
 0.000109 2.373575 3.729634 6.103208 0.241460
 0.000110 2.377261 3.728997 6.106258 0.260159
 0.000110 2.380797 3.727905 6.108702 0.275654
 0.000111 2.383918 3.726312 6.110231 0.285571
 0.000111 2.386223 3.724311 6.110535 0.287564
 0.000112 2.388193 3.721857 6.110050 0.284389
 0.000112 2.389337 3.718999 6.108336 0.273303
 0.000113 2.389647 3.715934 6.105581 0.255952
 0.000113 2.388680 3.712635 6.101315 0.230199
 0.000114 2.386529 3.709111 6.095639 0.198056
 0.000114 2.383091 3.705549 6.088640 0.161741
 0.000115 2.378574 3.701962 6.080536 0.124289
 0.000115 2.373223 3.698441 6.071663 0.088931
 0.000116 2.367655 3.695042 6.062697 0.059198
 0.000116 2.361628 3.691710 6.053338 0.034594
 0.000117 2.355499 3.688487 6.043987 0.016571
 0.000117 2.349251 3.685511 6.034763 0.005219
 0.000118 2.342968 3.682866 6.025834 0.000309
 0.000118 2.336664 3.680652 6.017316 0.001197
 0.000119 2.330573 3.678829 6.009402 0.006899
 0.000119 2.324788 3.677347 6.002136 0.016271
 0.000120 2.319417 3.676303 5.995720 0.027837
 0.000120 2.314408 3.675660 5.990068 0.040584
 0.000121 2.309599 3.675401 5.985000 0.054053
 0.000121 2.305162 3.675550 5.980712 0.066952
 0.000122 2.300984 3.676050 5.977035 0.079111
 0.000122 2.297275 3.676941 5.974216 0.089118
 0.000123 2.293690 3.678147 5.971837 0.098030
 0.000123 2.290212 3.679791 5.970003 0.105189
 0.000124 2.286835 3.681913 5.968748 0.110233
 0.000124 2.283430 3.684356 5.967786 0.114178
 0.000125 2.280055 3.686967 5.967023 0.117361
 0.000125 2.276639 3.689888 5.966527 0.119450
 0.000126 2.273090 3.692984 5.966074 0.121376
 0.000126 2.269438 3.696346 5.965785 0.122612
 0.000127 2.265549 3.700022 5.965570 0.123532
 0.000127 2.261594 3.703844 5.965438 0.124103
 0.000128 2.257697 3.707827 5.965524 0.123734
 0.000128 2.254588 3.712060 5.966647 0.118940
 0.000129 2.252178 3.716396 5.968573 0.110945
 0.000129 2.250423 3.720798 5.971221 0.100406
 0.000130 2.249286 3.725242 5.974529 0.087980
 0.000130 2.249228 3.729737 5.978965 0.072602
 0.000131 2.249991 3.734137 5.984128 0.056564
 0.000131 2.251751 3.738516 5.990268 0.040093
 0.000132 2.254555 3.742802 5.997357 0.024593
 0.000132 2.258050 3.747009 6.005059 0.012024
 0.000133 2.262402 3.751160 6.013562 0.003316
 0.000133 2.267805 3.755102 6.022908 0.000000
 0.000134 2.273847 3.758781 6.032628 0.003501
 0.000134 2.279797 3.762200 6.041997 0.013583
 0.000135 2.285591 3.765424 6.051016 0.029506
 0.000135 2.291137 3.768498 6.059634 0.050422
 0.000136 2.295917 3.771327 6.067244 0.073521
 0.000136 2.299731 3.773935 6.073666 0.096395
 0.000137 2.302820 3.776480 6.079300 0.119009
 0.000137 2.305434 3.778862 6.084296 0.141051
 0.000138 2.307336 3.781084 6.088420 0.160659
 0.000138 2.308672 3.783243 6.091915 0.178276
 0.000139 2.309986 3.785149 6.095134 0.195313
 0.000139 2.311203 3.786876 6.098079 0.211574
 0.000140 2.312288 3.788378 6.100665 0.226397
 0.000140 2.313498 3.789627 6.103125 0.240957
 0.000141 2.315128 3.790708 6.105836 0.257530
 0.000141 2.317073 3.791604 6.108678 0.275497
 0.000142 2.319593 3.792367 6.111960 0.297002
 0.000142 2.323035 3.792989 6.116025 0.324750
 0.000143 2.327117 3.793456 6.120573 0.357274
 0.000143 2.331695 3.793789 6.125484 0.394124
 0.000144 2.336551 3.794004 6.130555 0.434084
 0.000144 2.341611 3.794180 6.135790 0.477354
 0.000145 2.346605 3.794230 6.140835 0.520993
 0.000145 2.351507 3.794051 6.145558 0.563581
 0.000146 2.356140 3.793659 6.149799 0.603253
 0.000146 2.360403 3.793123 6.153526 0.639231
 0.000147 2.363767 3.792484 6.156252 0.666196
 0.000147 2.365845 3.791771 6.157616 0.679902
 0.000148 2.366691 3.790932 6.157623 0.679976
 0.000148 2.366674 3.790067 6.156741 0.671100
 0.000149 2.366055 3.789161 6.155216 0.655880
 0.000149 2.364446 3.788290 6.152736 0.631512
 0.000150 2.362089 3.787459 6.149548 0.600871
 0.000150 2.359073 3.786643 6.145716 0.565037
 0.000151 2.355733 3.785754 6.141487 0.526778
 0.000151 2.352237 3.784879 6.137116 0.488639
 0.000152 2.348994 3.784121 6.133115 0.454984
 0.000152 2.345961 3.783393 6.129354 0.424445
 0.000153 2.343329 3.782909 6.126238 0.399944
 0.000153 2.340957 3.782613 6.123570 0.379546
 0.000154 2.339269 3.782513 6.121782 0.366176
 0.000154 2.338184 3.782609 6.120793 0.358882
 0.000155 2.337669 3.782918 6.120587 0.357373
 0.000155 2.337614 3.783433 6.121048 0.360753
 0.000156 2.337762 3.784148 6.121910 0.367122
 0.000156 2.337407 3.785066 6.122473 0.371313
 0.000157 2.336610 3.786097 6.122708 0.373068
 0.000157 2.335467 3.787381 6.122848 0.374117
 0.000158 2.333396 3.788842 6.122238 0.369561
 0.000158 2.330981 3.790393 6.121374 0.363159
 0.000159 2.328206 3.792091 6.120297 0.355253
 0.000159 2.324909 3.793885 6.118794 0.344363
 0.000160 2.321319 3.795716 6.117035 0.331838
 0.000160 2.317757 3.797569 6.115327 0.319896
 0.000161 2.313874 3.799339 6.113213 0.305421
 0.000161 2.309583 3.801032 6.110615 0.288088
 0.000162 2.305184 3.802695 6.107879 0.270385
 0.000162 2.301008 3.804301 6.105310 0.254271
 0.000163 2.297275 3.805799 6.103074 0.240650
 0.000163 2.294076 3.807117 6.101193 0.229481
 0.000164 2.292084 3.808186 6.100270 0.224101
 0.000164 2.290951 3.809036 6.099987 0.222464
 0.000165 2.290968 3.809751 6.100718 0.226707
 0.000165 2.292509 3.810188 6.102698 0.238396
 0.000166 2.295382 3.810363 6.105745 0.256966
 0.000166 2.299161 3.810370 6.109531 0.281011
 0.000167 2.303865 3.810162 6.114027 0.310957
 0.000167 2.308880 3.809665 6.118546 0.342583
 0.000168 2.314104 3.808864 6.122967 0.375014
 0.000168 2.319898 3.807793 6.127691 0.411279
 0.000169 2.326004 3.806577 6.132580 0.450579
 0.000169 2.331885 3.805224 6.137109 0.488578
 0.000170 2.337522 3.803643 6.141165 0.523913
 0.000170 2.342920 3.801946 6.144867 0.557247
 0.000171 2.347953 3.800206 6.148159 0.587754
 0.000171 2.352805 3.798373 6.151178 0.616438
 0.000172 2.357782 3.796612 6.154394 0.647752
 0.000172 2.362748 3.794856 6.157604 0.679784
 0.000173 2.368108 3.793135 6.161244 0.717032
 0.000173 2.373703 3.791432 6.165135 0.757958
 0.000174 2.379559 3.789852 6.169412 0.804244
 0.000174 2.385782 3.788383 6.174164 0.857292
 0.000175 2.392346 3.787019 6.179364 0.917270
 0.000175 2.399201 3.785723 6.184924 0.983645
 0.000176 2.406160 3.784367 6.190526 1.052873
 0.000176 2.413216 3.782964 6.196180 1.125124
 0.000177 2.420550 3.781530 6.202081 1.203084
 0.000177 2.428311 3.780022 6.208333 1.288548
 0.000178 2.436355 3.778447 6.214802 1.380052
 0.000178 2.444632 3.776729 6.221361 1.476035
 0.000179 2.452849 3.775047 6.227896 1.574875
 0.000179 2.461300 3.773223 6.234522 1.678363
 0.000180 2.469924 3.771363 6.241287 1.787414
 0.000180 2.478820 3.769360 6.248180 1.902057
 0.000181 2.487693 3.767271 6.254965 2.018387
 0.000181 2.496124 3.765076 6.261199 2.128323
 0.000182 2.504376 3.762800 6.267176 2.236444
 0.000182 2.511947 3.760338 6.272285 2.331004
 0.000183 2.519000 3.757792 6.276791 2.416031
 0.000183 2.525036 3.755321 6.280357 2.484391
 0.000184 2.530474 3.752862 6.283335 2.542217
 0.000184 2.535355 3.750302 6.285657 2.587750
 0.000185 2.539453 3.747751 6.287204 2.618322
 0.000185 2.542804 3.745140 6.287944 2.633004
 0.000186 2.545833 3.742399 6.288232 2.638739
 0.000186 2.548218 3.739797 6.288015 2.634423
 0.000187 2.549980 3.737249 6.287229 2.618820
 0.000187 2.550672 3.734690 6.285362 2.581942
 0.000188 2.550690 3.732348 6.283038 2.536416
 0.000188 2.550261 3.730288 6.280549 2.488092
 0.000189 2.549264 3.728374 6.277638 2.432182
 0.000189 2.547905 3.726623 6.274528 2.373133
 0.000190 2.546343 3.725150 6.271494 2.316233
 0.000190 2.544820 3.723932 6.268752 2.265411
 0.000191 2.542974 3.722842 6.265816 2.211612
 0.000191 2.540818 3.722024 6.262843 2.157795
 0.000192 2.538540 3.721489 6.260030 2.107477
 0.000192 2.535927 3.721131 6.257058 2.054981
 0.000193 2.533173 3.720973 6.254147 2.004174
 0.000193 2.530225 3.721149 6.251374 1.956388
 0.000194 2.526610 3.721551 6.248161 1.901729
 0.000194 2.523056 3.722175 6.245231 1.852567
 0.000195 2.519613 3.722916 6.242529 1.807806
 0.000195 2.516162 3.723780 6.239941 1.765445
 0.000196 2.512378 3.724716 6.237093 1.719402
 0.000196 2.508275 3.725621 6.233895 1.668425
 0.000197 2.503324 3.726540 6.229865 1.605271
 0.000197 2.498177 3.727423 6.225600 1.539778
 0.000198 2.492647 3.728345 6.220992 1.470551
 0.000198 2.487005 3.729159 6.216164 1.399713
 0.000199 2.481577 3.729881 6.211457 1.332343
 0.000199 2.476330 3.730252 6.206582 1.264306
 0.000200 2.471175 3.730358 6.201532 1.195731
 0.000200 2.466493 3.730165 6.196658 1.131336
 0.000201 2.462381 3.729710 6.192091 1.072632
 0.000201 2.459195 3.728944 6.188139 1.023082
 0.000202 2.456725 3.727901 6.184626 0.980032
 0.000202 2.454486 3.726536 6.181022 0.936825
 0.000203 2.452678 3.724881 6.177559 0.896222
 0.000203 2.451772 3.723023 6.174794 0.864447
 0.000204 2.452018 3.720843 6.172861 0.842571
 0.000204 2.452847 3.718373 6.171220 0.824226
 0.000205 2.454026 3.715761 6.169788 0.808377
 0.000205 2.455806 3.713024 6.168830 0.797867
 0.000206 2.458131 3.710174 6.168305 0.792135
 0.000206 2.460486 3.707190 6.167677 0.785298
 0.000207 2.462752 3.704169 6.166921 0.777118
 0.000207 2.464651 3.700978 6.165629 0.763233
 0.000208 2.466227 3.697745 6.163972 0.745607
 0.000208 2.467223 3.694572 6.161795 0.722761
 0.000209 2.467608 3.691497 6.159105 0.695028
 0.000209 2.467059 3.688488 6.155546 0.659163
 0.000210 2.465605 3.685503 6.151108 0.615770
 0.000210 2.463231 3.682513 6.145744 0.565298
 0.000211 2.460003 3.679492 6.139495 0.509216
 0.000211 2.456171 3.676500 6.132671 0.451326
 0.000212 2.451210 3.673476 6.124686 0.388015
 0.000212 2.445287 3.670364 6.115651 0.322150
 0.000213 2.438749 3.667130 6.105879 0.257798
 0.000213 2.432039 3.663862 6.095901 0.199484
 0.000214 2.425357 3.660446 6.085802 0.148067
 0.000214 2.419059 3.656924 6.075983 0.105408
 0.000215 2.413097 3.653138 6.066235 0.070209
 0.000215 2.407890 3.649080 6.056970 0.043361
 0.000216 2.403411 3.644706 6.048118 0.023724
 0.000216 2.399247 3.640127 6.039375 0.010098
 0.000217 2.395751 3.635366 6.031117 0.002492
 0.000217 2.393548 3.630267 6.023816 0.000027
 0.000218 2.392184 3.624808 6.016992 0.001338
 0.000218 2.391464 3.619045 6.010509 0.005819
 0.000219 2.391488 3.613187 6.004675 0.012546
 0.000219 2.391606 3.607089 5.998694 0.022091
 0.000220 2.391744 3.600751 5.992495 0.034818
 0.000220 2.391858 3.594181 5.986038 0.051136
 0.000221 2.391629 3.587632 5.979261 0.071628
 0.000221 2.390869 3.581125 5.971994 0.097427
 0.000222 2.389670 3.574716 5.964386 0.128682
 0.000222 2.388095 3.568406 5.956501 0.165659
 0.000223 2.386849 3.562214 5.949064 0.204806
 0.000223 2.386026 3.556223 5.942249 0.244321
 0.000224 2.385977 3.550479 5.936456 0.280647
 0.000224 2.386426 3.545068 5.931494 0.313767
 0.000225 2.387858 3.539924 5.927782 0.339747
 0.000225 2.390765 3.535001 5.925765 0.354295
 0.000226 2.394920 3.530393 5.925313 0.357603
 0.000226 2.400291 3.526178 5.926469 0.349187
 0.000227 2.406948 3.522329 5.929277 0.329160
 0.000227 2.414872 3.518873 5.933745 0.298509
 0.000228 2.424261 3.515755 5.940016 0.258026
 0.000228 2.435064 3.513003 5.948067 0.210366
 0.000229 2.446779 3.510763 5.957542 0.160509
 0.000229 2.459139 3.508853 5.967992 0.113329
 0.000230 2.471905 3.507324 5.979228 0.071735
 0.000230 2.484621 3.506211 5.990832 0.038721
 0.000231 2.497266 3.505254 6.002520 0.015676
 0.000231 2.509687 3.504472 6.014159 0.002908
 0.000232 2.522071 3.503882 6.025953 0.000335
 0.000232 2.533988 3.503437 6.037425 0.007840
 0.000233 2.545155 3.503004 6.048159 0.023802
 0.000233 2.555789 3.502509 6.058298 0.046815
 0.000234 2.565744 3.501954 6.067698 0.075036
 0.000234 2.575083 3.501128 6.076211 0.106317
 0.000235 2.583775 3.500129 6.083904 0.139257
 0.000235 2.591193 3.499034 6.090227 0.169653
 0.000236 2.597370 3.497790 6.095160 0.195451
 0.000236 2.602205 3.496374 6.098579 0.214403
 0.000237 2.606302 3.494658 6.100960 0.228116
 0.000237 2.609312 3.492771 6.102083 0.234734
 0.000238 2.611366 3.490596 6.101961 0.234012
 0.000238 2.612228 3.488257 6.100485 0.225347
 0.000239 2.611898 3.485744 6.097642 0.209121
 0.000239 2.610779 3.483032 6.093811 0.188216
 0.000240 2.608892 3.480145 6.089037 0.163706
 0.000240 2.606703 3.477152 6.083855 0.139033
 0.000241 2.604234 3.474113 6.078347 0.115017
 0.000241 2.601157 3.471006 6.072163 0.090765
 0.000242 2.597307 3.467943 6.065250 0.067049
 0.000242 2.593116 3.465077 6.058192 0.046535
 0.000243 2.588854 3.462363 6.051217 0.029929
 0.000243 2.585143 3.459770 6.044913 0.018064
 0.000244 2.581720 3.457417 6.039137 0.009807
 0.000244 2.578488 3.455265 6.033752 0.004363
 0.000245 2.575824 3.453238 6.029062 0.001394
 0.000245 2.573482 3.451300 6.024782 0.000124
 0.000246 2.571656 3.449459 6.021115 0.000128
 0.000246 2.570736 3.447691 6.018428 0.000772
 0.000247 2.571043 3.445923 6.016966 0.001350
 0.000247 2.572568 3.444078 6.016646 0.001498
 0.000248 2.574951 3.442193 6.017145 0.001271
 0.000248 2.578345 3.440087 6.018432 0.000771
 0.000249 2.582952 3.437720 6.020671 0.000197
 0.000249 2.588607 3.435182 6.023790 0.000025
 0.000250 2.595552 3.432358 6.027911 0.000917
 0.000250 2.603405 3.429180 6.032585 0.003470
 0.000251 2.612508 3.425608 6.038116 0.008608
 0.000251 2.622647 3.421779 6.044426 0.017270
 0.000252 2.633951 3.417619 6.051570 0.030684
 0.000252 2.646466 3.413094 6.059560 0.050219
 0.000253 2.659923 3.408339 6.068262 0.076942
 0.000253 2.674201 3.403267 6.077468 0.111397
 0.000254 2.689399 3.397790 6.087189 0.154673
 0.000254 2.704928 3.392099 6.097027 0.205690
 0.000255 2.720852 3.386203 6.107055 0.265166
 0.000255 2.736972 3.380130 6.117102 0.332311
 0.000256 2.753317 3.373966 6.127283 0.408081
 0.000256 2.769433 3.367712 6.137145 0.488888
 0.000257 2.785054 3.361447 6.146500 0.572281
 0.000257 2.799970 3.355185 6.155155 0.655282
 0.000258 2.814104 3.348936 6.163040 0.735787
 0.000258 2.827516 3.342711 6.170227 0.813220
 0.000259 2.841019 3.336690 6.177708 0.897950
 0.000259 2.854423 3.330873 6.185296 0.988175
 0.000260 2.867263 3.325403 6.192666 1.079937
 0.000260 2.879209 3.320292 6.199501 1.168677
 0.000261 2.890906 3.315329 6.206235 1.259544
 0.000261 2.902586 3.310540 6.213125 1.356028
 0.000262 2.913663 3.305914 6.219577 1.449607
 0.000262 2.924012 3.301567 6.225579 1.539461
 0.000263 2.933764 3.297544 6.231309 1.627756
 0.000263 2.942779 3.293707 6.236486 1.709663
 0.000264 2.951179 3.290027 6.241206 1.786083
 0.000264 2.959043 3.286445 6.245487 1.856849
 0.000265 2.965927 3.282889 6.248816 1.912825
 0.000265 2.972062 3.279512 6.251575 1.959833
 0.000266 2.977071 3.276282 6.253353 1.990434
 0.000266 2.980776 3.272992 6.253768 1.997617
 0.000267 2.982788 3.269541 6.252329 1.972788
 0.000267 2.983261 3.265955 6.249216 1.919597
 0.000268 2.982152 3.262078 6.244230 1.835919
 0.000268 2.979390 3.257961 6.237351 1.723539
 0.000269 2.974873 3.253517 6.228389 1.582462
 0.000269 2.969199 3.248849 6.218048 1.427143
 0.000270 2.962441 3.243862 6.206303 1.260475
 0.000270 2.954950 3.238630 6.193580 1.091597
 0.000271 2.946832 3.233066 6.179898 0.923544
 0.000271 2.938436 3.227140 6.165576 0.762665
 0.000272 2.929881 3.220884 6.150765 0.612473
 0.000272 2.921227 3.214331 6.135558 0.475390
 0.000273 2.912888 3.207572 6.120460 0.356445
 0.000273 2.905334 3.200562 6.105896 0.257904
 0.000274 2.898477 3.193373 6.091850 0.177941
 0.000274 2.892781 3.186075 6.078856 0.117139
 0.000275 2.888141 3.178690 6.066830 0.072154
 0.000275 2.884370 3.171376 6.055746 0.040296
 0.000276 2.881572 3.164189 6.045762 0.019487
 0.000276 2.879055 3.157097 6.036152 0.006520
 0.000277 2.876963 3.150266 6.027228 0.000681
 0.000277 2.875459 3.143828 6.019287 0.000507
 0.000278 2.874286 3.137677 6.011964 0.004539
 0.000278 2.873228 3.131813 6.005042 0.012048
 0.000279 2.872358 3.126449 5.998807 0.021886
 0.000279 2.871493 3.121550 5.993043 0.033576
 0.000280 2.870270 3.117135 5.987405 0.047422
 0.000280 2.868789 3.113256 5.982045 0.062794
 0.000281 2.866786 3.109801 5.976587 0.080661
 0.000281 2.864365 3.106900 5.971265 0.100235
 0.000282 2.862055 3.104435 5.966490 0.119604
 0.000282 2.860100 3.102338 5.962438 0.137384
 0.000283 2.858231 3.100804 5.959034 0.153269
 0.000283 2.856650 3.099627 5.956277 0.166776
 0.000284 2.855592 3.098749 5.954341 0.176601
 0.000284 2.854875 3.098133 5.953009 0.183524
 0.000285 2.854862 3.097692 5.952554 0.185916
 0.000285 2.855596 3.097408 5.953004 0.183549
 0.000286 2.857193 3.097088 5.954281 0.176906
 0.000286 2.859514 3.096852 5.956365 0.166334
 0.000287 2.862692 3.096774 5.959466 0.151206
 0.000287 2.866597 3.096745 5.963342 0.133312
 0.000288 2.870806 3.096624 5.967430 0.115658
 0.000288 2.875241 3.096413 5.971654 0.098735
 0.000289 2.879703 3.096083 5.975785 0.083474
 0.000289 2.884179 3.095601 5.979780 0.069938
 0.000290 2.888513 3.094780 5.983293 0.059022
 0.000290 2.892697 3.093753 5.986449 0.050004
 0.000291 2.896698 3.092615 5.989313 0.042469
 0.000291 2.900164 3.091307 5.991471 0.037196
 0.000292 2.903136 3.089844 5.992980 0.033718
 0.000292 2.905578 3.088260 5.993837 0.031817
 0.000293 2.907454 3.086649 5.994103 0.031240
 0.000293 2.908848 3.084984 5.993833 0.031827
 0.000294 2.909896 3.083329 5.993226 0.033167
 0.000294 2.910729 3.081578 5.992307 0.035249
 0.000295 2.911553 3.079799 5.991351 0.037480
 0.000295 2.912232 3.078025 5.990257 0.040119
 0.000296 2.912876 3.076296 5.989172 0.042824
 0.000296 2.914312 3.074675 5.988987 0.043294
 0.000297 2.916346 3.073241 5.989587 0.041781
 0.000297 2.918995 3.071998 5.990994 0.038332
 0.000298 2.921815 3.071100 5.992915 0.033864
 0.000298 2.925244 3.070413 5.995657 0.027966
 0.000299 2.929503 3.069981 5.999484 0.020676
 0.000299 2.934279 3.069712 6.003991 0.013502
 0.000300 2.939571 3.069622 6.009194 0.007113
 0.000300 2.945363 3.069795 6.015159 0.002286
 0.000301 2.951928 3.070122 6.022050 0.000031
 0.000301 2.959120 3.070581 6.029701 0.001701
 0.000302 2.966544 3.071172 6.037716 0.008159
 0.000302 2.974423 3.071884 6.046306 0.020430
 0.000303 2.982587 3.072671 6.055257 0.039104
 0.000303 2.991120 3.073370 6.064489 0.064658
 0.000304 3.000139 3.073947 6.074086 0.098000
 0.000304 3.009435 3.074414 6.083848 0.139001
 0.000305 3.018799 3.074872 6.093671 0.187474
 0.000305 3.027809 3.075199 6.103008 0.240256
 0.000306 3.036605 3.075313 6.111918 0.296723
 0.000306 3.044806 3.075079 6.119885 0.352250
 0.000307 3.052621 3.074555 6.127176 0.407243
 0.000307 3.060176 3.073765 6.133941 0.461834
 0.000308 3.067653 3.072677 6.140330 0.516539
 0.000308 3.074495 3.071331 6.145825 0.566044
 0.000309 3.080676 3.069872 6.150547 0.610391
 0.000309 3.086458 3.068255 6.154713 0.650906
 0.000310 3.092264 3.066441 6.158705 0.690944
 0.000310 3.097859 3.064537 6.162396 0.729028
 0.000311 3.103095 3.062574 6.165669 0.763658
 0.000311 3.108414 3.060674 6.169089 0.800698
 0.000312 3.113600 3.058974 6.172574 0.839355
 0.000312 3.118504 3.057517 6.176021 0.878476
 0.000313 3.123303 3.056095 6.179398 0.917671
 0.000313 3.128119 3.054883 6.183002 0.960441
 0.000314 3.132656 3.053924 6.186579 1.003856
 0.000314 3.136558 3.053217 6.189775 1.043449
 0.000315 3.139846 3.052799 6.192645 1.079664
 0.000315 3.142281 3.052618 6.194899 1.108544
 0.000316 3.143789 3.052857 6.196646 1.131181
 0.000316 3.144428 3.053439 6.197867 1.147145
 0.000317 3.144176 3.054223 6.198399 1.154131
 0.000317 3.143053 3.055108 6.198161 1.151005
 0.000318 3.141100 3.056250 6.197351 1.140383
 0.000318 3.138580 3.057651 6.196230 1.125777
 0.000319 3.135322 3.059256 6.194578 1.104411
 0.000319 3.131325 3.060949 6.192274 1.074949
 0.000320 3.127137 3.062589 6.189726 1.042845
 0.000320 3.122483 3.064326 6.186809 1.006680
 0.000321 3.117372 3.066105 6.183477 0.966148
 0.000321 3.111695 3.067649 6.179344 0.917031
 0.000322 3.105422 3.069118 6.174540 0.861551
 0.000322 3.098537 3.070422 6.168959 0.799279
 0.000323 3.091516 3.071572 6.163088 0.736284
 0.000323 3.084781 3.072550 6.157331 0.677025
 0.000324 3.078545 3.073361 6.151906 0.623462
 0.000324 3.072404 3.074071 6.146475 0.572048
 0.000325 3.066396 3.074562 6.140958 0.522081
 0.000325 3.060299 3.074862 6.135161 0.472047
 0.000326 3.054015 3.075052 6.129067 0.422159
 0.000326 3.047935 3.075177 6.123112 0.376097
 0.000327 3.041998 3.075201 6.117198 0.332994
 0.000327 3.035764 3.075196 6.110960 0.290364
 0.000328 3.029041 3.075131 6.104172 0.247293
 0.000328 3.022054 3.075036 6.097090 0.206041
 0.000329 3.015104 3.074922 6.090026 0.168639
 0.000329 3.007817 3.074898 6.082715 0.133875
 0.000330 3.000279 3.075044 6.075323 0.102801
 0.000330 2.992568 3.075257 6.067825 0.075463
 0.000331 2.984662 3.075505 6.060168 0.051900
 0.000331 2.977097 3.075815 6.052912 0.033630
 0.000332 2.969873 3.076223 6.046096 0.020063
 0.000332 2.963530 3.076798 6.040329 0.011306
 0.000333 2.957834 3.077515 6.035349 0.005751
 0.000333 2.953048 3.078545 6.031593 0.002791
 0.000334 2.948904 3.079719 6.028623 0.001200
 0.000334 2.945313 3.081031 6.026344 0.000428
 0.000335 2.942152 3.082421 6.024574 0.000097
 0.000335 2.939266 3.083866 6.023132 0.000001
 0.000336 2.936669 3.085334 6.022003 0.000035
 0.000336 2.934573 3.086901 6.021474 0.000083
 0.000337 2.932834 3.088563 6.021397 0.000092
 0.000337 2.931397 3.090329 6.021726 0.000058
 0.000338 2.930005 3.092113 6.022117 0.000027
 0.000338 2.928092 3.093886 6.021977 0.000037
 0.000339 2.926045 3.095601 6.021646 0.000065
 0.000339 2.923596 3.097421 6.021018 0.000142
 0.000340 2.920676 3.099174 6.019850 0.000364
 0.000340 2.917460 3.100895 6.018355 0.000797
 0.000341 2.914038 3.102594 6.016633 0.001504
 0.000341 2.910186 3.104320 6.014506 0.002684
 0.000342 2.905946 3.106016 6.011963 0.004540
 0.000342 2.901950 3.107644 6.009594 0.006705
 0.000343 2.897833 3.109227 6.007061 0.009486
 0.000343 2.893867 3.110765 6.004632 0.012604
 0.000344 2.890470 3.112275 6.002746 0.015332
 0.000344 2.887533 3.113755 6.001288 0.017621
 0.000345 2.884963 3.115137 6.000100 0.019607
 0.000345 2.883069 3.116392 5.999460 0.020718
 0.000346 2.882021 3.117653 5.999674 0.020343
 0.000346 2.881950 3.118971 6.000921 0.018223
 0.000347 2.882805 3.120343 6.003148 0.014728
 0.000347 2.884567 3.121769 6.006336 0.010370
 0.000348 2.886879 3.123250 6.010129 0.006180
 0.000348 2.889347 3.124906 6.014253 0.002847
 0.000349 2.891785 3.126698 6.018483 0.000754
 0.000349 2.894461 3.128547 6.023008 0.000000
 0.000350 2.897508 3.130496 6.028004 0.000952
 0.000350 2.901030 3.132619 6.033649 0.004280
 0.000351 2.904243 3.134970 6.039213 0.009899
 0.000351 2.907162 3.137506 6.044667 0.017661
 0.000352 2.909523 3.140261 6.049783 0.026970
 0.000352 2.911400 3.143198 6.054597 0.037522
 0.000353 2.912585 3.146277 6.058861 0.048320
 0.000353 2.913774 3.149341 6.063115 0.060448
 0.000354 2.915173 3.152534 6.067707 0.075069
 0.000354 2.916614 3.155841 6.072455 0.091845
 0.000355 2.918244 3.159243 6.077487 0.111471
 0.000355 2.920157 3.162721 6.082878 0.134606
 0.000356 2.922608 3.166149 6.088757 0.162317
 0.000356 2.925357 3.169523 6.094881 0.193942
 0.000357 2.928435 3.172928 6.101363 0.230480
 0.000357 2.932141 3.176229 6.108370 0.273521
 0.000358 2.936042 3.179441 6.115483 0.320983
 0.000358 2.939660 3.182672 6.122332 0.370264
 0.000359 2.942987 3.185695 6.128681 0.419095
 0.000359 2.946040 3.188369 6.134409 0.465735
 0.000360 2.948888 3.190787 6.139675 0.510790
 0.000360 2.951516 3.192940 6.144455 0.553493
 0.000361 2.953835 3.194867 6.148702 0.592867
 0.000361 2.955272 3.196590 6.151862 0.623033
 0.000362 2.955691 3.198002 6.153693 0.640859
 0.000362 2.954606 3.199302 6.153907 0.642967
 0.000363 2.952476 3.200388 6.152864 0.632761
 0.000363 2.949132 3.201126 6.150258 0.607630
 0.000364 2.944780 3.201562 6.146342 0.570819
 0.000364 2.939676 3.201739 6.141415 0.526137
 0.000365 2.934040 3.201670 6.135710 0.476676
 0.000365 2.927962 3.201456 6.129418 0.424955
 0.000366 2.921671 3.201169 6.122840 0.374060
 0.000366 2.915500 3.200743 6.116243 0.326275
 0.000367 2.909564 3.200216 6.109780 0.282627
 0.000367 2.904324 3.199634 6.103958 0.245992
 0.000368 2.899229 3.199122 6.098351 0.213110
 0.000368 2.894580 3.198656 6.093236 0.185175
 0.000369 2.890714 3.198157 6.088871 0.162883
 0.000369 2.887427 3.197564 6.084991 0.144269
 0.000370 2.884478 3.196988 6.081466 0.128336
 0.000370 2.881934 3.196489 6.078423 0.115334
 0.000371 2.879840 3.195935 6.075775 0.104582
 0.000371 2.878043 3.195279 6.073322 0.095090
 0.000372 2.876607 3.194507 6.071114 0.086934
 0.000372 2.875347 3.193571 6.068917 0.079184
 0.000373 2.874073 3.192513 6.066586 0.071353
 0.000373 2.872729 3.191251 6.063980 0.063083
 0.000374 2.871379 3.189650 6.061029 0.054332
 0.000374 2.870024 3.187809 6.057833 0.045591
 0.000375 2.868617 3.185728 6.054345 0.036926
 0.000375 2.867324 3.183443 6.050767 0.028984
 0.000376 2.865753 3.180944 6.046697 0.021120
 0.000376 2.864246 3.178130 6.042376 0.014129
 0.000377 2.863045 3.174943 6.037988 0.008463
 0.000377 2.862431 3.171435 6.033866 0.004456
 0.000378 2.862609 3.167695 6.030305 0.002020
 0.000378 2.863472 3.163679 6.027151 0.000657
 0.000379 2.865224 3.159440 6.024664 0.000108
 0.000379 2.868244 3.155096 6.023340 0.000005
 0.000380 2.872475 3.150688 6.023163 0.000001
 0.000380 2.877777 3.146134 6.023912 0.000034
 0.000381 2.883955 3.141503 6.025458 0.000233
 0.000381 2.890678 3.136740 6.027419 0.000744
 0.000382 2.897989 3.131830 6.029819 0.001761
 0.000382 2.906001 3.126769 6.032770 0.003605
 0.000383 2.914189 3.121622 6.035811 0.006187
 0.000383 2.922363 3.116453 6.038816 0.009422
 0.000384 2.930626 3.111384 6.042010 0.013601
 0.000384 2.938818 3.106365 6.045184 0.018512
 0.000385 2.946621 3.101361 6.047982 0.023469
 0.000385 2.953453 3.096380 6.049833 0.027071
 0.000386 2.959337 3.091547 6.050884 0.029229
 0.000386 2.964399 3.086926 6.051326 0.030161
 0.000387 2.968831 3.082446 6.051277 0.030058
 0.000387 2.972614 3.078019 6.050634 0.028707
 0.000388 2.976112 3.073695 6.049808 0.027019
 0.000388 2.979527 3.069466 6.048994 0.025405
 0.000389 2.982772 3.065422 6.048193 0.023866
 0.000389 2.985591 3.061594 6.047185 0.021997
 0.000390 2.988574 3.057934 6.046508 0.020784
 0.000390 2.991713 3.054496 6.046209 0.020260
 0.000391 2.994921 3.051294 6.046215 0.020269
 0.000391 2.998279 3.048327 6.046606 0.020958
 0.000392 3.001817 3.045673 6.047491 0.022556
 0.000392 3.005414 3.043282 6.048697 0.024828
 0.000393 3.008751 3.041090 6.049841 0.027087
 0.000393 3.011727 3.039022 6.050749 0.028947
 0.000394 3.014116 3.037154 6.051269 0.030041
 0.000394 3.015853 3.035483 6.051337 0.030184
 0.000395 3.017125 3.033980 6.051105 0.029693
 0.000395 3.018054 3.032601 6.050655 0.028751
 0.000396 3.018207 3.031418 6.049625 0.026652
 0.000396 3.017422 3.030566 6.047989 0.023481
 0.000397 3.015920 3.029893 6.045813 0.019576
 0.000397 3.013434 3.029441 6.042875 0.014865
 0.000398 3.010164 3.029300 6.039464 0.010207
 0.000398 3.006335 3.029353 6.035688 0.006070
 0.000399 3.001948 3.029552 6.031500 0.002732
 0.000399 2.996953 3.030039 6.026992 0.000608
 0.000400 2.991722 3.030805 6.022527 0.000007
 0.000400 2.986143 3.031889 6.018032 0.000913
 0.000401 2.980535 3.033173 6.013708 0.003214
 0.000401 2.974747 3.034730 6.009476 0.006823
 0.000402 2.969460 3.036547 6.006006 0.010786
 0.000402 2.965138 3.038566 6.003704 0.013912
 0.000403 2.961782 3.040837 6.002619 0.015524
 0.000403 2.959003 3.043477 6.002480 0.015738
 0.000404 2.956673 3.046383 6.003056 0.014865
 0.000404 2.954931 3.049478 6.004409 0.012913
 0.000405 2.953650 3.052785 6.006436 0.010246
 0.000405 2.952726 3.056366 6.009092 0.007218
 0.000406 2.952446 3.060159 6.012606 0.004025
 0.000406 2.952485 3.064162 6.016646 0.001497
 0.000407 2.952643 3.068332 6.020975 0.000149
 0.000407 2.953380 3.072669 6.026050 0.000357
 0.000408 2.954430 3.077105 6.031535 0.002754
 0.000408 2.955563 3.081675 6.037238 0.007638
 0.000409 2.956753 3.086347 6.043100 0.015202
 0.000409 2.957319 3.091140 6.048458 0.024370
 0.000410 2.957805 3.096045 6.053850 0.035770
 0.000410 2.957850 3.100976 6.058826 0.048223
 0.000411 2.957259 3.105900 6.063160 0.060584
 0.000411 2.956604 3.110716 6.067320 0.073774
 0.000412 2.955974 3.115498 6.071473 0.088236
 0.000412 2.955260 3.120142 6.075402 0.103110
 0.000413 2.954652 3.124668 6.079319 0.119091
 0.000413 2.954052 3.129062 6.083115 0.135672
 0.000414 2.953765 3.133469 6.087234 0.154892
 0.000414 2.954066 3.137826 6.091892 0.178159
 0.000415 2.955078 3.142121 6.097199 0.206647
 0.000415 2.956208 3.146250 6.102458 0.236962
 0.000416 2.957433 3.150155 6.107588 0.268539
 0.000416 2.958995 3.153878 6.112873 0.303126
 0.000417 2.960654 3.157482 6.118136 0.339653
 0.000417 2.962872 3.160917 6.123789 0.381201
 0.000418 2.965272 3.164246 6.129518 0.425757
 0.000418 2.967637 3.167400 6.135036 0.470993
 0.000419 2.969571 3.170406 6.139977 0.513443
 0.000419 2.971377 3.173259 6.144636 0.555138
 0.000420 2.972951 3.175898 6.148849 0.594248
 0.000420 2.974228 3.178283 6.152511 0.629329
 0.000421 2.975293 3.180430 6.155723 0.660922
 0.000421 2.975795 3.182436 6.158231 0.686131
 0.000422 2.975825 3.184427 6.160252 0.706782
 0.000422 2.975170 3.186212 6.161382 0.718469
 0.000423 2.974358 3.187945 6.162303 0.728061
 0.000423 2.973165 3.189635 6.162799 0.733257
 0.000424 2.971504 3.191233 6.162736 0.732597
 0.000424 2.969703 3.192780 6.162482 0.729936
 0.000425 2.968012 3.194223 6.162235 0.727352
 0.000425 2.967202 3.195527 6.162729 0.732523
 0.000426 2.966743 3.196634 6.163378 0.739333
 0.000426 2.966538 3.197607 6.164145 0.747438
 0.000427 2.966946 3.198386 6.165333 0.760067
 0.000427 2.968129 3.199010 6.167138 0.779467
 0.000428 2.969736 3.199562 6.169297 0.802989
 0.000428 2.971924 3.200024 6.171947 0.832336
 0.000429 2.974659 3.200336 6.174995 0.866738
 0.000429 2.977537 3.200466 6.178003 0.901372
 0.000430 2.980419 3.200473 6.180892 0.935275
 0.000430 2.983418 3.200370 6.183788 0.969898
 0.000431 2.986604 3.200077 6.186681 1.005104
 0.000431 2.989902 3.199660 6.189562 1.040785
 0.000432 2.993043 3.199117 6.192161 1.073511
 0.000432 2.996200 3.198480 6.194680 1.105717
 0.000433 2.999285 3.197723 6.197009 1.135913
 0.000433 3.001949 3.196835 6.198784 1.159211
 0.000434 3.003952 3.195767 6.199719 1.171570
 0.000434 3.004985 3.194638 6.199623 1.170300
 0.000435 3.005413 3.193392 6.198805 1.159488
 0.000435 3.005507 3.192037 6.197544 1.142917
 0.000436 3.005040 3.190613 6.195653 1.118284
 0.000436 3.004102 3.189123 6.193225 1.087063
 0.000437 3.002487 3.187586 6.190073 1.047181
 0.000437 3.000636 3.185899 6.186535 1.003308
 0.000438 2.998417 3.184134 6.182551 0.955028
 0.000438 2.996146 3.182218 6.178364 0.905575
 0.000439 2.993505 3.180098 6.173603 0.850938
 0.000439 2.991040 3.177782 6.168823 0.797785
 0.000440 2.989062 3.175436 6.164497 0.751173
 0.000440 2.987601 3.173068 6.160669 0.711079
 0.000441 2.986264 3.170717 6.156981 0.673501
 0.000441 2.984850 3.168326 6.153176 0.635805
 0.000442 2.983781 3.165937 6.149718 0.602481
 0.000442 2.982908 3.163540 6.146448 0.571799
 0.000443 2.981841 3.161098 6.142939 0.539763
 0.000443 2.980683 3.158591 6.139274 0.507291
 0.000444 2.979921 3.156109 6.136030 0.479385
 0.000444 2.979329 3.153730 6.133059 0.454518
 0.000445 2.978727 3.151407 6.130134 0.430694
 0.000445 2.977756 3.149288 6.127044 0.406212
 0.000446 2.976338 3.147422 6.123760 0.380983
 0.000446 2.974536 3.145790 6.120325 0.355460
 0.000447 2.972412 3.144490 6.116903 0.330906
 0.000447 2.969772 3.143498 6.113270 0.305808
 0.000448 2.966396 3.142770 6.109166 0.278644
 0.000448 2.962256 3.142376 6.104632 0.250101
 0.000449 2.957845 3.142375 6.100220 0.223808
 0.000449 2.953342 3.142775 6.096117 0.200665
 0.000450 2.948747 3.143453 6.092201 0.179756
 0.000450 2.944291 3.144418 6.088709 0.162081
 0.000451 2.940497 3.145778 6.086275 0.150304
 0.000451 2.937348 3.147514 6.084863 0.143672
 0.000452 2.934751 3.149561 6.084313 0.141130
 0.000452 2.932990 3.151916 6.084906 0.143873
 0.000453 2.932300 3.154636 6.086936 0.153459
 0.000453 2.932815 3.157781 6.090596 0.171521
 0.000454 2.934350 3.161303 6.095652 0.198127
 0.000454 2.936655 3.165158 6.101812 0.233132
 0.000455 2.939646 3.169419 6.109065 0.277992
 0.000455 2.943458 3.174022 6.117479 0.334983
 0.000456 2.947571 3.178783 6.126353 0.400838
 0.000456 2.951805 3.183664 6.135469 0.474638
 0.000457 2.955855 3.188739 6.144594 0.554757
 0.000457 2.959195 3.193924 6.153119 0.635248
 0.000458 2.961535 3.199218 6.160754 0.711958
 0.000458 2.962601 3.204595 6.167196 0.780087
 0.000459 2.962559 3.210157 6.172716 0.840944
 0.000459 2.961742 3.215809 6.177551 0.896128
 0.000460 2.959734 3.221579 6.181313 0.940278
 0.000460 2.956189 3.227392 6.183581 0.967396
 0.000461 2.951467 3.233120 6.184588 0.979564
 0.000461 2.946088 3.238857 6.184945 0.983904
 0.000462 2.940555 3.244498 6.185053 0.985218
 0.000462 2.934944 3.250094 6.185037 0.985022
 0.000463 2.929442 3.255662 6.185104 0.985833
 0.000463 2.924371 3.261124 6.185495 0.990596
 0.000464 2.919273 3.266423 6.185696 0.993040
 0.000464 2.914354 3.271575 6.185929 0.995893
 0.000465 2.909707 3.276556 6.186263 0.999979
 0.000465 2.905510 3.281349 6.186860 1.007297
 0.000466 2.902011 3.285968 6.187980 1.021112
 0.000466 2.899097 3.290315 6.189412 1.038918
 0.000467 2.896143 3.294472 6.190615 1.053987
 0.000467 2.892857 3.298408 6.191265 1.062181
 0.000468 2.889088 3.302016 6.191104 1.060152
 0.000468 2.884966 3.305208 6.190174 1.048449
 0.000469 2.879906 3.308157 6.188063 1.022143
 0.000469 2.873722 3.310748 6.184470 0.978143
 0.000470 2.866516 3.313053 6.179569 0.919674
 0.000470 2.858242 3.315128 6.173371 0.848314
 0.000471 2.849225 3.317028 6.166253 0.769926
 0.000471 2.839577 3.318641 6.158218 0.685997
 0.000472 2.829226 3.319963 6.149189 0.597462
 0.000472 2.818282 3.320939 6.139221 0.506827
 0.000473 2.807230 3.321574 6.128804 0.420067
 0.000473 2.796425 3.321856 6.118280 0.340684
 0.000474 2.786086 3.321887 6.107973 0.270985
 0.000474 2.776349 3.321632 6.097981 0.211023
 0.000475 2.767504 3.321017 6.088521 0.161157
 0.000475 2.760227 3.320273 6.080500 0.124133
 0.000476 2.754091 3.319363 6.073454 0.095591
 0.000476 2.749241 3.318258 6.067499 0.074370
 0.000477 2.745775 3.317007 6.062782 0.059451
 0.000477 2.743744 3.315597 6.059342 0.049621
 0.000478 2.743135 3.314005 6.057141 0.043798
 0.000478 2.743939 3.312188 6.056127 0.041239
 0.000479 2.745707 3.310172 6.055879 0.040623
 0.000479 2.748436 3.308069 6.056505 0.042185
 0.000480 2.751452 3.306046 6.057498 0.044719
 0.000480 2.754750 3.304107 6.058857 0.048307
 0.000481 2.757979 3.302297 6.060276 0.052203
 0.000481 2.761009 3.300557 6.061566 0.055875
 0.000482 2.763538 3.298882 6.062420 0.058374
 0.000482 2.765488 3.297107 6.062595 0.058893
 0.000483 2.767016 3.295400 6.062417 0.058365
 0.000483 2.767859 3.293648 6.061507 0.055703
 0.000484 2.768606 3.291932 6.060538 0.052939
 0.000484 2.769364 3.290246 6.059610 0.050355
 0.000485 2.770300 3.288535 6.058835 0.048248
 0.000485 2.771842 3.286807 6.058649 0.047750
 0.000486 2.774237 3.284997 6.059233 0.049325
 0.000486 2.776999 3.283215 6.060214 0.052028
 0.000487 2.779976 3.281403 6.061379 0.055334
 0.000487 2.783516 3.279529 6.063045 0.060239
 0.000488 2.787621 3.277553 6.065174 0.066809
 0.000488 2.792357 3.275415 6.067773 0.075288
 0.000489 2.797419 3.273107 6.070526 0.084826
 0.000489 2.803213 3.270656 6.073869 0.097170
 0.000490 2.809441 3.268123 6.077564 0.111788
 0.000490 2.815507 3.265526 6.081033 0.126442
 0.000491 2.821729 3.262825 6.084553 0.142240
 0.000491 2.827687 3.260053 6.087740 0.157341
 0.000492 2.832749 3.257271 6.090019 0.168608
 0.000492 2.836674 3.254469 6.091144 0.174310
 0.000493 2.839970 3.251633 6.091603 0.176666
 0.000493 2.842464 3.248765 6.091228 0.174744
 0.000494 2.843696 3.245843 6.089538 0.166198
 0.000494 2.843634 3.243015 6.086649 0.152085
 0.000495 2.842084 3.240277 6.082361 0.132295
 0.000495 2.839214 3.237523 6.076736 0.108423
 0.000496 2.835277 3.234875 6.070152 0.083495
 0.000496 2.830977 3.232297 6.063274 0.060930
 0.000497 2.826428 3.229728 6.056157 0.041313
 0.000497 2.821580 3.227165 6.048745 0.024922
 0.000498 2.816668 3.224622 6.041290 0.012592
 0.000498 2.812018 3.222183 6.034201 0.004733
 0.000499 2.807886 3.219847 6.027733 0.000852
 0.000499 2.804262 3.217529 6.021791 0.000052
 0.000500 2.801321 3.215183 6.016504 0.001566
