#! FIELDS time dAB dAC rc bias
 0.000000 1.369449 1.827972 3.197421 0.170462
 0.000000 1.380008 1.832470 3.212478 0.255098
 0.000001 1.388117 1.836787 3.224904 0.337755
 0.000001 1.393680 1.840907 3.234587 0.410193
 0.000002 1.396068 1.844783 3.240851 0.460794
 0.000002 1.395283 1.848411 3.243694 0.484736
 0.000003 1.391584 1.851701 3.243285 0.481253
 0.000003 1.384873 1.854608 3.239481 0.449475
 0.000004 1.375977 1.857239 3.233217 0.399513
 0.000004 1.365735 1.859604 3.225339 0.340855
 0.000005 1.354428 1.861606 3.216035 0.277573
 0.000005 1.342550 1.863197 3.205748 0.215165
 0.000006 1.331326 1.864522 3.195848 0.162599
 0.000006 1.321659 1.865552 3.187211 0.122742
 0.000007 1.314760 1.866339 3.181099 0.097915
 0.000007 1.311839 1.866787 3.178626 0.088668
 0.000008 1.313195 1.867013 3.180208 0.094531
 0.000008 1.318638 1.866938 3.185576 0.115825
 0.000009 1.327718 1.866830 3.194548 0.156242
 0.000009 1.339824 1.866564 3.206388 0.218819
 0.000010 1.353467 1.866228 3.219695 0.301695
 0.000010 1.367509 1.865766 3.233274 0.399959
 0.000011 1.381210 1.865287 3.246497 0.508932
 0.000011 1.392959 1.864702 3.257661 0.611147
 0.000012 1.401613 1.864066 3.265679 0.690327
 0.000012 1.407062 1.863472 3.270534 0.740619
 0.000013 1.408693 1.863028 3.271721 0.753186
 0.000013 1.406178 1.862657 3.268835 0.722822
 0.000014 1.399901 1.862299 3.262200 0.655385
 0.000014 1.390197 1.862050 3.252248 0.560418
 0.000015 1.377478 1.861892 3.239369 0.448561
 0.000015 1.362736 1.861736 3.224472 0.334687
 0.000016 1.347011 1.861663 3.208674 0.232111
 0.000016 1.330678 1.861605 3.192283 0.145469
 0.000017 1.315254 1.861531 3.176785 0.082081
 0.000017 1.301589 1.861577 3.163166 0.041249
 0.000018 1.291381 1.861829 3.153210 0.020202
 0.000018 1.285491 1.862298 3.147790 0.011868
 0.000019 1.284721 1.862899 3.147621 0.011643
 0.000019 1.288729 1.863575 3.152303 0.018654
 0.000020 1.297449 1.864303 3.161752 0.037807
 0.000020 1.309952 1.865167 3.175120 0.076341
 0.000021 1.324528 1.866075 3.190603 0.137726
 0.000021 1.339810 1.867046 3.206856 0.221505
 0.000022 1.354995 1.868050 3.223045 0.324652
 0.000022 1.369124 1.869036 3.238160 0.438693
 0.000023 1.380862 1.869861 3.250724 0.546535
 0.000023 1.389456 1.870515 3.259971 0.633471
 0.000024 1.394435 1.871010 3.265445 0.687955
 0.000024 1.395524 1.871218 3.266741 0.701183
 0.000025 1.393019 1.871168 3.264187 0.675231
 0.000025 1.386594 1.870843 3.257437 0.609011
 0.000026 1.376764 1.870148 3.246912 0.512566
 0.000026 1.364177 1.869134 3.233311 0.400247
 0.000027 1.350059 1.867780 3.217840 0.289342
 0.000027 1.335252 1.866183 3.201435 0.191363
 0.000028 1.320851 1.864360 3.185212 0.114313
 0.000028 1.308583 1.862376 3.170959 0.062912
 0.000029 1.299187 1.860227 3.159413 0.032443
 0.000029 1.293723 1.857812 3.151535 0.017390
 0.000030 1.292738 1.855303 3.148042 0.012206
 0.000030 1.296533 1.852677 3.149210 0.013838
 0.000031 1.304758 1.849885 3.154643 0.022772
 0.000031 1.316956 1.846967 3.163923 0.043154
 0.000032 1.331945 1.843971 3.175916 0.079062
 0.000032 1.348817 1.840872 3.189689 0.133605
 0.000033 1.366078 1.837620 3.203698 0.203676
 0.000033 1.382389 1.834250 3.216639 0.281488
 0.000034 1.396464 1.830793 3.227257 0.354711
 0.000034 1.407979 1.827236 3.235215 0.415131
 0.000035 1.416236 1.823693 3.239929 0.453162
 0.000035 1.420787 1.820178 3.240965 0.461747
 0.000036 1.421144 1.816711 3.237855 0.436224
 0.000036 1.417250 1.813214 3.230464 0.378485
 0.000037 1.409324 1.809639 3.218964 0.296795
 0.000037 1.397772 1.806130 3.203902 0.204807
 0.000038 1.383461 1.802772 3.186233 0.118582
 0.000038 1.367119 1.799661 3.166780 0.050728
 0.000039 1.349775 1.796732 3.146507 0.010218
 0.000039 1.332637 1.793885 3.126522 0.000454
 0.000040 1.316756 1.791075 3.107831 0.018430
 0.000040 1.303203 1.788417 3.091620 0.055239
 0.000041 1.293631 1.786154 3.079785 0.094559
 0.000041 1.288925 1.784213 3.073138 0.121247
 0.000042 1.289161 1.782684 3.071845 0.126823
 0.000042 1.294517 1.781484 3.076001 0.109345
 0.000043 1.304582 1.780500 3.085082 0.075661
 0.000043 1.318244 1.779783 3.098027 0.038335
 0.000044 1.334348 1.779350 3.113698 0.009966
 0.000044 1.351160 1.779116 3.130276 0.000003
 0.000045 1.367363 1.779234 3.146597 0.010330
 0.000045 1.382058 1.779579 3.161637 0.037534
 0.000046 1.394066 1.780116 3.174182 0.073201
 0.000046 1.402261 1.780938 3.183198 0.106127
 0.000047 1.406435 1.782040 3.188475 0.128224
 0.000047 1.406250 1.783356 3.189606 0.133233
 0.000048 1.401460 1.784818 3.186279 0.118774
 0.000048 1.392569 1.786501 3.179070 0.090295
 0.000049 1.379921 1.788387 3.168307 0.055030
 0.000049 1.364964 1.790519 3.155483 0.024352
 0.000050 1.348237 1.792801 3.141037 0.004568
 0.000050 1.330877 1.795228 3.126105 0.000569
 0.000051 1.314351 1.798042 3.112394 0.011625
 0.000051 1.300184 1.801087 3.101271 0.030950
 0.000052 1.289661 1.804334 3.093996 0.048612
 0.000052 1.283648 1.807790 3.091438 0.055763
 0.000053 1.282568 1.811424 3.093992 0.048621
 0.000053 1.286564 1.815259 3.101824 0.029771
 0.000054 1.295376 1.819305 3.114681 0.008800
 0.000054 1.308275 1.823398 3.131673 0.000105
 0.000055 1.323662 1.827488 3.151150 0.016774
 0.000055 1.340446 1.831548 3.171994 0.066131
 0.000056 1.357637 1.835480 3.193117 0.149390
 0.000056 1.373935 1.839162 3.213096 0.258938
 0.000057 1.388246 1.842649 3.230894 0.381738
 0.000057 1.399783 1.845878 3.245661 0.501653
 0.000058 1.407779 1.848811 3.256590 0.600939
 0.000058 1.411672 1.851546 3.263218 0.665512
 0.000059 1.411448 1.854036 3.265484 0.688343
 0.000059 1.407162 1.856258 3.263420 0.667533
 0.000060 1.399321 1.858176 3.257497 0.609580
 0.000060 1.388918 1.859828 3.248745 0.528765
 0.000061 1.375952 1.861149 3.237101 0.430146
 0.000061 1.360926 1.862034 3.222960 0.324060
 0.000062 1.344504 1.862707 3.207211 0.223556
 0.000062 1.328218 1.863102 3.191320 0.141004
 0.000063 1.313389 1.863301 3.176690 0.081748
 0.000063 1.301275 1.863315 3.164590 0.044867
 0.000064 1.292963 1.863255 3.156218 0.025776
 0.000064 1.289317 1.863160 3.152477 0.018945
 0.000065 1.290820 1.862967 3.153787 0.021218
 0.000065 1.297372 1.862729 3.160101 0.033977
 0.000066 1.308275 1.862351 3.170626 0.061894
 0.000066 1.322234 1.861880 3.184114 0.109811
 0.000067 1.337749 1.861309 3.199058 0.178836
 0.000067 1.354024 1.860636 3.214659 0.268771
 0.000068 1.369339 1.859947 3.229285 0.369660
 0.000068 1.382558 1.859100 3.241659 0.467538
 0.000069 1.392868 1.857963 3.250831 0.547509
 0.000069 1.399580 1.856744 3.256325 0.598422
 0.000070 1.402643 1.855579 3.258222 0.616533
 0.000070 1.401593 1.854220 3.255813 0.593583
 0.000071 1.396554 1.852688 3.249242 0.533198
 0.000071 1.387912 1.851091 3.239003 0.445562
 0.000072 1.376109 1.849416 3.225525 0.342191
 0.000072 1.361700 1.847651 3.209350 0.236119
 0.000073 1.345429 1.845801 3.191231 0.140595
 0.000073 1.328815 1.843814 3.172628 0.068144
 0.000074 1.313073 1.841809 3.154882 0.023217
 0.000074 1.299313 1.839861 3.139174 0.003156
 0.000075 1.288975 1.838039 3.127014 0.000334
 0.000075 1.282482 1.836237 3.118718 0.004773
 0.000076 1.280657 1.834365 3.115022 0.008413
 0.000076 1.284288 1.832483 3.116772 0.006562
 0.000077 1.293290 1.830721 3.124011 0.001345
 0.000077 1.306356 1.829025 3.135381 0.001086
 0.000078 1.321855 1.827313 3.149168 0.013778
 0.000078 1.338569 1.825495 3.164064 0.043513
 0.000079 1.355200 1.823686 3.178887 0.089622
 0.000079 1.370944 1.821932 3.192876 0.148252
 0.000080 1.384482 1.820134 3.204616 0.208782
 0.000080 1.395319 1.818295 3.213614 0.262174
 0.000081 1.402481 1.816454 3.218935 0.296606
 0.000081 1.405565 1.814555 3.220120 0.304561
 0.000082 1.404775 1.812617 3.217392 0.286398
 0.000082 1.400674 1.810714 3.211388 0.248401
 0.000083 1.393903 1.808911 3.202813 0.198816
 0.000083 1.384713 1.807124 3.191838 0.143397
 0.000084 1.373735 1.805313 3.179049 0.090217
 0.000084 1.361892 1.803443 3.165335 0.046821
 0.000085 1.349905 1.801549 3.151455 0.017261
 0.000085 1.338476 1.799745 3.138221 0.002534
 0.000086 1.328775 1.798160 3.126935 0.000352
 0.000086 1.322230 1.796791 3.119021 0.004520
 0.000087 1.319149 1.795675 3.114824 0.008637
 0.000087 1.319796 1.794683 3.114479 0.009034
 0.000088 1.324486 1.793905 3.118391 0.005054
 0.000088 1.332383 1.793380 3.125763 0.000673
 0.000089 1.342617 1.792940 3.135557 0.001158
 0.000089 1.354422 1.792515 3.146937 0.010758
 0.000090 1.366945 1.792345 3.159291 0.032173
 0.000090 1.378531 1.792312 3.170843 0.062557
 0.000091 1.388895 1.792244 3.181139 0.098069
 0.000091 1.397490 1.792084 3.189575 0.133092
 0.000092 1.403338 1.791777 3.195114 0.158995
 0.000092 1.406016 1.791392 3.197408 0.170395
 0.000093 1.405417 1.791033 3.196450 0.165585
 0.000093 1.401353 1.790662 3.192014 0.144216
 0.000094 1.393848 1.790285 3.184133 0.109889
 0.000094 1.383613 1.789893 3.173506 0.070980
 0.000095 1.371228 1.789499 3.160727 0.035405
 0.000095 1.357588 1.789042 3.146630 0.010371
 0.000096 1.343609 1.788592 3.132201 0.000182
 0.000096 1.329797 1.788282 3.118078 0.005330
 0.000097 1.316645 1.787965 3.104610 0.024175
 0.000097 1.305518 1.787761 3.093280 0.050564
 0.000098 1.297777 1.787659 3.085435 0.074475
 0.000098 1.294256 1.787655 3.081911 0.086720
 0.000099 1.295169 1.787720 3.082889 0.083228
 0.000099 1.300031 1.787883 3.087914 0.066420
 0.000100 1.308543 1.788196 3.096739 0.041486
 0.000100 1.320075 1.788557 3.108632 0.017122
 0.000101 1.333331 1.789017 3.122348 0.002196
 0.000101 1.347126 1.789500 3.136626 0.001647
 0.000102 1.360677 1.790053 3.150730 0.016115
 0.000102 1.372970 1.790828 3.163798 0.042836
 0.000103 1.383460 1.791785 3.175245 0.076767
 0.000103 1.390858 1.792930 3.183788 0.108492
 0.000104 1.394846 1.794198 3.189044 0.130733
 0.000104 1.395359 1.795596 3.190955 0.139333
 0.000105 1.392110 1.797204 3.189315 0.131933
 0.000105 1.385608 1.798955 3.184564 0.111644
 0.000106 1.376097 1.800877 3.176973 0.082744
 0.000106 1.364461 1.802892 3.167353 0.052322
 0.000107 1.351507 1.804933 3.156440 0.026216
 0.000107 1.338249 1.807049 3.145298 0.008776
 0.000108 1.326212 1.809400 3.135612 0.001181
 0.000108 1.316077 1.811767 3.127844 0.000174
 0.000109 1.309200 1.814144 3.123344 0.001661
 0.000109 1.306163 1.816434 3.122597 0.002055
 0.000110 1.307688 1.818701 3.126389 0.000489
 0.000110 1.313392 1.820843 3.134235 0.000672
 0.000111 1.322550 1.822870 3.145420 0.008916
 0.000111 1.334276 1.824623 3.158899 0.031318
 0.000112 1.347677 1.826011 3.173688 0.071574
 0.000112 1.361942 1.827178 3.189119 0.131066
 0.000113 1.375818 1.828058 3.203876 0.204662
 0.000113 1.388500 1.828616 3.217116 0.284598
 0.000114 1.399701 1.828773 3.228474 0.363645
 0.000114 1.408534 1.828607 3.237141 0.430473
 0.000115 1.414184 1.828159 3.242343 0.473282
 0.000115 1.416584 1.827331 3.243915 0.486620
 0.000116 1.415283 1.826080 3.241363 0.465068
 0.000116 1.410304 1.824576 3.234880 0.412492
 0.000117 1.402098 1.822781 3.224879 0.337573
 0.000117 1.390652 1.820675 3.211327 0.248027
 0.000118 1.376149 1.818318 3.194467 0.155849
 0.000118 1.359436 1.815803 3.175239 0.076746
 0.000119 1.341956 1.813158 3.155114 0.023651
 0.000119 1.325148 1.810407 3.135555 0.001157
 0.000120 1.310331 1.807576 3.117906 0.005485
 0.000120 1.298465 1.804738 3.103203 0.026928
 0.000121 1.290654 1.802012 3.092666 0.052270
 0.000121 1.287352 1.799352 3.086704 0.070294
 0.000122 1.288901 1.796787 3.085688 0.073632
 0.000122 1.295263 1.794537 3.089799 0.060603
 0.000123 1.305694 1.792634 3.098328 0.037618
 0.000123 1.319474 1.791108 3.110582 0.014140
 0.000124 1.335111 1.789917 3.125028 0.000927
 0.000124 1.350989 1.788970 3.139959 0.003720
 0.000125 1.366325 1.788217 3.154542 0.022587
 0.000125 1.380548 1.787774 3.168321 0.055070
 0.000126 1.392147 1.787595 3.179743 0.092787
 0.000126 1.400025 1.787763 3.187788 0.125229
 0.000127 1.403865 1.788094 3.191958 0.143956
 0.000127 1.403821 1.788503 3.192324 0.145660
 0.000128 1.399977 1.789201 3.189178 0.131326
 0.000128 1.392235 1.790230 3.182464 0.103219
 0.000129 1.381018 1.791428 3.172446 0.067563
 0.000129 1.367014 1.792774 3.159789 0.033276
 0.000130 1.350783 1.794350 3.145133 0.008587
 0.000130 1.333674 1.795981 3.129655 0.000004
 0.000131 1.317116 1.797739 3.114855 0.008602
 0.000131 1.302717 1.799520 3.102237 0.028904
 0.000132 1.291441 1.801413 3.092855 0.051741
 0.000132 1.284247 1.803380 3.087627 0.067330
 0.000133 1.281994 1.805403 3.087397 0.068063
 0.000133 1.285148 1.807406 3.092553 0.052584
 0.000134 1.293855 1.809358 3.103213 0.026907
 0.000134 1.307417 1.811158 3.118575 0.004895
 0.000135 1.324518 1.812741 3.137258 0.001976
 0.000135 1.343802 1.814235 3.158037 0.029478
 0.000136 1.363426 1.815579 3.179006 0.090059
 0.000136 1.381904 1.816772 3.198676 0.176863
 0.000137 1.398192 1.817643 3.215835 0.276288
 0.000137 1.411516 1.818366 3.229883 0.374122
 0.000138 1.420716 1.818794 3.239510 0.449714
 0.000138 1.425409 1.818956 3.244365 0.490476
 0.000139 1.425266 1.818858 3.244125 0.488416
 0.000139 1.420608 1.818345 3.238953 0.445150
 0.000140 1.411836 1.817426 3.229263 0.369491
 0.000140 1.399211 1.815925 3.215137 0.271809
 0.000141 1.383625 1.814045 3.197671 0.171724
 0.000141 1.366001 1.811889 3.177889 0.086002
 0.000142 1.347479 1.809459 3.156938 0.027212
 0.000142 1.329404 1.806632 3.136036 0.001366
 0.000143 1.313369 1.803433 3.116802 0.006532
 0.000143 1.300614 1.800001 3.100615 0.032380
 0.000144 1.292565 1.796467 3.089032 0.062940
 0.000144 1.289863 1.792802 3.082665 0.084023
 0.000145 1.292964 1.788875 3.081840 0.086978
 0.000145 1.301101 1.784918 3.086019 0.072537
 0.000146 1.313390 1.780889 3.094279 0.047849
 0.000146 1.328915 1.776747 3.105662 0.022213
 0.000147 1.346002 1.772616 3.118618 0.004858
 0.000147 1.363428 1.768473 3.131901 0.000136
 0.000148 1.379854 1.764420 3.144275 0.007641
 0.000148 1.394032 1.760340 3.154373 0.022276
 0.000149 1.405448 1.756240 3.161688 0.037655
 0.000149 1.413080 1.752186 3.165266 0.046638
 0.000150 1.416444 1.748156 3.164600 0.044894
 0.000150 1.415301 1.744252 3.159553 0.032752
 0.000151 1.409708 1.740693 3.150402 0.015608
 0.000151 1.400186 1.737341 3.137527 0.002125
 0.000152 1.387370 1.734245 3.121614 0.002637
 0.000152 1.371924 1.731380 3.103304 0.026725
 0.000153 1.354520 1.728950 3.083470 0.081189
 0.000153 1.336423 1.727042 3.063465 0.166008
 0.000154 1.319400 1.725598 3.044999 0.270946
 0.000154 1.304549 1.724525 3.029074 0.381975
 0.000155 1.293267 1.723921 3.017188 0.477244
 0.000155 1.286389 1.723810 3.010199 0.538209
 0.000156 1.284667 1.724187 3.008854 0.550360
 0.000156 1.288450 1.725162 3.013612 0.507978
 0.000157 1.297498 1.726593 3.024091 0.420628
 0.000157 1.311295 1.728715 3.040010 0.303685
 0.000158 1.328162 1.731363 3.059524 0.186255
 0.000158 1.346676 1.734426 3.081103 0.089661
 0.000159 1.365564 1.737914 3.103478 0.026377
 0.000159 1.383409 1.741930 3.125338 0.000815
 0.000160 1.399150 1.746365 3.145515 0.009027
 0.000160 1.411307 1.751174 3.162481 0.039563
 0.000161 1.419810 1.756207 3.176017 0.079409
 0.000161 1.424000 1.761455 3.185455 0.115321
 0.000162 1.424096 1.766887 3.190983 0.139459
 0.000162 1.419704 1.772366 3.192070 0.144476
 0.000163 1.411638 1.777875 3.189512 0.132814
 0.000163 1.400036 1.783296 3.183332 0.106663
 0.000164 1.385423 1.788657 3.174080 0.072865
 0.000164 1.368761 1.793956 3.162718 0.040142
 0.000165 1.351145 1.799021 3.150166 0.015250
 0.000165 1.334029 1.803881 3.137910 0.002346
 0.000166 1.318941 1.808385 3.127326 0.000268
 0.000166 1.306971 1.812468 3.119439 0.004182
 0.000167 1.299372 1.816193 3.115566 0.007813
 0.000167 1.296720 1.819680 3.116400 0.006936
 0.000168 1.298915 1.822689 3.121603 0.002644
 0.000168 1.305849 1.825296 3.131145 0.000049
 0.000169 1.316745 1.827575 3.144320 0.007690
 0.000169 1.330624 1.829568 3.160192 0.034184
 0.000170 1.346460 1.831088 3.177548 0.084782
 0.000170 1.363019 1.832203 3.195222 0.159522
 0.000171 1.378923 1.832910 3.211833 0.251121
 0.000171 1.393021 1.833139 3.226160 0.346754
 0.000172 1.404016 1.833012 3.237028 0.429561
 0.000172 1.411293 1.832472 3.243765 0.485344
 0.000173 1.414504 1.831361 3.245866 0.503434
 0.000173 1.413247 1.829687 3.242934 0.478282
 0.000174 1.407283 1.827680 3.234963 0.413143
 0.000174 1.397497 1.825293 3.222790 0.322877
 0.000175 1.384198 1.822588 3.206786 0.221106
 0.000175 1.368082 1.819564 3.187646 0.124615
 0.000176 1.350279 1.816341 3.166620 0.050289
 0.000176 1.331956 1.812988 3.144944 0.008375
 0.000177 1.314651 1.809507 3.124158 0.001280
 0.000177 1.299746 1.805962 3.105708 0.022129
 0.000178 1.288553 1.802541 3.091094 0.056763
 0.000178 1.282406 1.799283 3.081688 0.087525
 0.000179 1.281583 1.796197 3.077779 0.102263
 0.000179 1.286489 1.793429 3.079918 0.094059
 0.000180 1.296858 1.791005 3.087864 0.066580
 0.000180 1.311136 1.788913 3.100049 0.033639
 0.000181 1.328348 1.787182 3.115530 0.007851
 0.000181 1.346944 1.785595 3.132538 0.000242
 0.000182 1.365224 1.784308 3.149532 0.014306
 0.000182 1.381586 1.783372 3.164958 0.045827
 0.000183 1.395214 1.782839 3.178054 0.086594
 0.000183 1.405330 1.782492 3.187822 0.125376
 0.000184 1.411619 1.782490 3.194109 0.154122
 0.000184 1.414099 1.782715 3.196814 0.167404
 0.000185 1.412102 1.782928 3.195030 0.158585
 0.000185 1.406096 1.783186 3.189283 0.131791
 0.000186 1.396679 1.783507 3.180187 0.094451
 0.000186 1.383810 1.783798 3.167608 0.053039
 0.000187 1.368336 1.784076 3.152412 0.018836
 0.000187 1.351383 1.784383 3.135765 0.001246
 0.000188 1.334268 1.784779 3.119047 0.004499
 0.000188 1.318520 1.785059 3.103579 0.026178
 0.000189 1.305628 1.785185 3.090813 0.057585
 0.000189 1.296705 1.785076 3.081782 0.087188
 0.000190 1.292739 1.784836 3.077575 0.103063
 0.000190 1.294426 1.784551 3.078977 0.097625
 0.000191 1.301616 1.784036 3.085652 0.073753
 0.000191 1.313953 1.783307 3.097260 0.040196
 0.000192 1.330351 1.782271 3.112623 0.011324
 0.000192 1.349094 1.781129 3.130223 0.000002
 0.000193 1.368926 1.779769 3.148695 0.013106
 0.000193 1.388469 1.778150 3.166619 0.050286
 0.000194 1.406439 1.776286 3.182726 0.104250
 0.000194 1.421274 1.774233 3.195507 0.160918
 0.000195 1.432290 1.772060 3.204350 0.207300
 0.000195 1.439460 1.769676 3.209137 0.234848
 0.000196 1.442052 1.767076 3.209128 0.234794
 0.000196 1.440130 1.764240 3.204370 0.207411
 0.000197 1.433506 1.761254 3.194760 0.157271
 0.000197 1.422468 1.758260 3.180728 0.096499
 0.000198 1.407713 1.755200 3.162914 0.040624
 0.000198 1.389449 1.752116 3.141565 0.005016
 0.000199 1.369043 1.749208 3.118252 0.005176
 0.000199 1.348055 1.746459 3.094513 0.047224
 0.000200 1.327736 1.743926 3.071662 0.127623
 0.000200 1.309560 1.741642 3.051202 0.232842
 0.000201 1.295205 1.739686 3.034892 0.339211
 0.000201 1.285738 1.738030 3.023768 0.423197
 0.000202 1.281992 1.736689 3.018680 0.464702
 0.000202 1.284438 1.735700 3.020138 0.452610
 0.000203 1.292944 1.735024 3.027968 0.390396
 0.000203 1.306431 1.734691 3.041122 0.296224
 0.000204 1.324105 1.734683 3.058788 0.190169
 0.000204 1.344295 1.734913 3.079208 0.096744
 0.000205 1.364886 1.735374 3.100259 0.033169
 0.000205 1.384507 1.736117 3.120624 0.003297
 0.000206 1.401767 1.737099 3.138867 0.002948
 0.000206 1.415521 1.738203 3.153724 0.021106
 0.000207 1.425354 1.739452 3.164806 0.045428
 0.000207 1.430287 1.740704 3.170991 0.063011
 0.000208 1.430190 1.742087 3.172276 0.067023
 0.000208 1.425165 1.743564 3.168729 0.056248
 0.000209 1.415459 1.745147 3.160606 0.035128
 0.000209 1.401560 1.746775 3.148334 0.012605
 0.000210 1.384027 1.748525 3.132552 0.000244
 0.000210 1.364115 1.750398 3.114513 0.008994
 0.000211 1.343265 1.752391 3.095656 0.044232
 0.000211 1.322781 1.754556 3.077336 0.104005
 0.000212 1.303978 1.756875 3.060853 0.179300
 0.000212 1.288786 1.759334 3.048120 0.251413
 0.000213 1.278725 1.761875 3.040599 0.299718
 0.000213 1.274859 1.764553 3.039413 0.307728
 0.000214 1.277765 1.767334 3.045099 0.270304
 0.000214 1.287168 1.770226 3.057394 0.197688
 0.000215 1.302242 1.773185 3.075427 0.111682
 0.000215 1.321513 1.776245 3.097759 0.038982
 0.000216 1.342724 1.779301 3.122025 0.002385
 0.000216 1.365084 1.782408 3.147492 0.011474
 0.000217 1.386724 1.785639 3.172362 0.067296
 0.000217 1.406135 1.788958 3.195093 0.158893
 0.000218 1.422583 1.792367 3.214949 0.270614
 0.000218 1.435136 1.795771 3.230907 0.381831
 0.000219 1.442618 1.799079 3.241697 0.467856
 0.000219 1.444398 1.802219 3.246618 0.509987
 0.000220 1.440736 1.805278 3.246013 0.504716
 0.000220 1.432101 1.808181 3.240281 0.456072
 0.000221 1.418685 1.810991 3.229676 0.372576
 0.000221 1.401372 1.813670 3.215042 0.271202
 0.000222 1.381009 1.816220 3.197229 0.169490
 0.000222 1.358685 1.818556 3.177240 0.083687
 0.000223 1.335831 1.820697 3.156528 0.026390
 0.000223 1.314038 1.822620 3.136657 0.001662
 0.000224 1.295253 1.824397 3.119651 0.004017
 0.000224 1.281675 1.826020 3.107695 0.018657
 0.000225 1.274652 1.827523 3.102174 0.029035
 0.000225 1.274227 1.828887 3.103115 0.027105
 0.000226 1.280463 1.830036 3.110499 0.014262
 0.000226 1.292864 1.831070 3.123934 0.001380
 0.000227 1.309954 1.831931 3.141885 0.005297
 0.000227 1.329923 1.832543 3.162466 0.039526
 0.000228 1.350820 1.832952 3.183772 0.108427
 0.000228 1.370615 1.833181 3.203796 0.204218
 0.000229 1.388287 1.833189 3.221475 0.313790
 0.000229 1.402779 1.832962 3.235742 0.419300
 0.000230 1.413443 1.832485 3.245928 0.503974
 0.000230 1.418847 1.831794 3.250641 0.545789
 0.000231 1.418746 1.830830 3.249575 0.536186
 0.000231 1.413799 1.829645 3.243444 0.482609
 0.000232 1.404203 1.828317 3.232520 0.394140
 0.000232 1.390248 1.826836 3.217085 0.284389
 0.000233 1.372878 1.825210 3.198088 0.173851
 0.000233 1.352793 1.823592 3.176385 0.080684
 0.000234 1.331458 1.821899 3.153357 0.020459
 0.000234 1.310687 1.820273 3.130960 0.000035
 0.000235 1.291794 1.818708 3.110502 0.014256
 0.000235 1.276654 1.817216 3.093870 0.048951
 0.000236 1.266752 1.815817 3.082568 0.084366
 0.000236 1.263973 1.814529 3.078501 0.099455
 0.000237 1.268073 1.813424 3.081497 0.088219
 0.000237 1.278150 1.812549 3.090700 0.057919
 0.000238 1.293467 1.811923 3.105390 0.022711
 0.000238 1.312898 1.811394 3.124292 0.001222
 0.000239 1.334660 1.810894 3.145553 0.009071
 0.000239 1.356751 1.810453 3.167204 0.051905
 0.000240 1.377986 1.810101 3.188086 0.126527
 0.000240 1.397247 1.809775 3.207022 0.222462
 0.000241 1.413206 1.809459 3.222665 0.322004
 0.000241 1.424703 1.809139 3.233841 0.404364
 0.000242 1.431253 1.808838 3.240091 0.454500
 0.000242 1.432306 1.808429 3.240735 0.459834
 0.000243 1.428255 1.807832 3.236088 0.422046
 0.000243 1.419405 1.807112 3.226517 0.349334
 0.000244 1.406402 1.806322 3.212723 0.256617
 0.000244 1.389600 1.805426 3.195027 0.158567
 0.000245 1.370116 1.804558 3.174674 0.074843
 0.000245 1.349414 1.803681 3.153095 0.020002
 0.000246 1.329296 1.802752 3.132048 0.000157
 0.000246 1.311321 1.801932 3.113253 0.010518
 0.000247 1.297110 1.801216 3.098325 0.037623
 0.000247 1.288188 1.800596 3.088784 0.063704
 0.000248 1.285428 1.800036 3.085464 0.074380
 0.000248 1.288905 1.799484 3.088389 0.064931
 0.000249 1.298073 1.798961 3.097034 0.040754
 0.000249 1.312268 1.798532 3.110800 0.013824
 0.000250 1.330297 1.798161 3.128458 0.000089
 0.000250 1.350261 1.797732 3.147993 0.012140
 0.000251 1.370453 1.797454 3.167907 0.053885
 0.000251 1.389401 1.797305 3.186705 0.120582
 0.000252 1.405904 1.797126 3.203030 0.200000
 0.000252 1.418957 1.797017 3.215974 0.277185
 0.000253 1.427381 1.796894 3.224274 0.333288
 0.000253 1.430600 1.796819 3.227419 0.355893
 0.000254 1.428681 1.796775 3.225456 0.341692
 0.000254 1.422146 1.796737 3.218882 0.296253
 0.000255 1.410563 1.796658 3.207221 0.223617
 0.000255 1.394687 1.796757 3.191444 0.141577
 0.000256 1.375583 1.796947 3.172531 0.067833
 0.000256 1.354088 1.797252 3.151340 0.017077
 0.000257 1.331738 1.797731 3.129468 0.000011
 0.000257 1.310492 1.798356 3.108848 0.016778
 0.000258 1.291860 1.799094 3.090954 0.057172
 0.000258 1.277536 1.799927 3.077463 0.103505
 0.000259 1.269130 1.800835 3.069964 0.135161
 0.000259 1.267493 1.801794 3.069287 0.138229
 0.000260 1.272981 1.802863 3.075844 0.109983
 0.000260 1.284930 1.804110 3.089040 0.062915
 0.000261 1.301638 1.805508 3.107146 0.019586
 0.000261 1.321710 1.807068 3.128778 0.000056
 0.000262 1.343366 1.808767 3.152133 0.018369
 0.000262 1.364677 1.810573 3.175250 0.076784
 0.000263 1.383948 1.812211 3.196159 0.164136
 0.000263 1.399906 1.813814 3.213720 0.262838
 0.000264 1.411800 1.815331 3.227131 0.353795
 0.000264 1.419095 1.816682 3.235777 0.419578
 0.000265 1.421457 1.817994 3.239451 0.449230
 0.000265 1.419164 1.819363 3.238527 0.441677
 0.000266 1.411830 1.820584 3.232413 0.393319
 0.000266 1.399611 1.821752 3.221363 0.313021
 0.000267 1.383500 1.822874 3.206375 0.218742
 0.000267 1.364842 1.823935 3.188778 0.129556
 0.000268 1.344888 1.825209 3.170098 0.060293
 0.000268 1.324960 1.826678 3.151638 0.017558
 0.000269 1.306927 1.828333 3.135260 0.001038
 0.000269 1.292437 1.830146 3.122583 0.002063
 0.000270 1.282747 1.832080 3.114827 0.008633
 0.000270 1.278908 1.834159 3.113067 0.010753
 0.000271 1.281682 1.836514 3.118195 0.005226
 0.000271 1.290899 1.839195 3.130094 0.000000
 0.000272 1.306057 1.842090 3.148147 0.012350
 0.000272 1.325473 1.845171 3.170644 0.061948
 0.000273 1.347338 1.848308 3.195646 0.161603
 0.000273 1.369802 1.851425 3.221227 0.312091
 0.000274 1.391456 1.854591 3.246047 0.505005
 0.000274 1.411044 1.857698 3.268742 0.721849
 0.000275 1.427186 1.860648 3.287834 0.934189
 0.000275 1.438811 1.863534 3.302345 1.113856
 0.000276 1.445338 1.866274 3.311612 1.236855
 0.000276 1.446402 1.868747 3.315149 1.285499
 0.000277 1.441763 1.871054 3.312816 1.253318
 0.000277 1.431479 1.873189 3.304668 1.144085
 0.000278 1.415964 1.875166 3.291130 0.973610
 0.000278 1.395984 1.876868 3.272853 0.765259
 0.000279 1.372510 1.878133 3.250643 0.545802
 0.000279 1.346953 1.878982 3.225935 0.345130
 0.000280 1.320970 1.879443 3.200413 0.185923
 0.000280 1.296963 1.879536 3.176498 0.081079
 0.000281 1.276456 1.879104 3.155560 0.024499
 0.000281 1.261808 1.878198 3.140006 0.003754
 0.000282 1.254462 1.876819 3.131282 0.000062
 0.000282 1.255651 1.875100 3.130751 0.000021
 0.000283 1.264795 1.873028 3.137822 0.002295
 0.000283 1.280614 1.870444 3.151058 0.016629
 0.000284 1.301696 1.867414 3.169109 0.057358
 0.000284 1.325946 1.864010 3.189955 0.134798
 0.000285 1.351036 1.860297 3.211334 0.248069
 0.000285 1.374770 1.856228 3.230998 0.382525
 0.000286 1.395758 1.851764 3.247522 0.517927
 0.000286 1.413003 1.846844 3.259847 0.632261
 0.000287 1.425978 1.841567 3.267545 0.709444
 0.000287 1.433449 1.836044 3.269493 0.729690
 0.000288 1.435096 1.830284 3.265380 0.687287
 0.000288 1.430941 1.824290 3.255232 0.588110
 0.000289 1.420920 1.818218 3.239138 0.446666
 0.000289 1.405920 1.812164 3.218084 0.290955
 0.000290 1.386549 1.806037 3.192586 0.146888
 0.000290 1.364042 1.800026 3.164069 0.043525
 0.000291 1.340167 1.794077 3.134244 0.000675
 0.000291 1.316929 1.788406 3.105335 0.022813
 0.000292 1.296589 1.783165 3.079754 0.094674
 0.000292 1.280747 1.778458 3.059205 0.187948
 0.000293 1.271124 1.774131 3.045255 0.269313
 0.000293 1.268766 1.770285 3.039051 0.310187
 0.000294 1.273951 1.766995 3.040946 0.297397
 0.000294 1.286442 1.764359 3.050801 0.235219
 0.000295 1.305412 1.762293 3.067705 0.145525
 0.000295 1.328900 1.760837 3.089737 0.060791
 0.000296 1.354894 1.759912 3.114806 0.008657
 0.000296 1.381536 1.759489 3.141025 0.004558
 0.000297 1.407124 1.759502 3.166626 0.050304
 0.000297 1.430000 1.759892 3.189892 0.134515
 0.000298 1.448372 1.760589 3.208961 0.233809
 0.000298 1.461554 1.761574 3.223128 0.325230
 0.000299 1.468743 1.762810 3.231553 0.386738
 0.000299 1.469547 1.764242 3.233788 0.403952
 0.000300 1.464701 1.765924 3.230625 0.379704
 0.000300 1.454011 1.767812 3.221823 0.316183
 0.000301 1.437926 1.769944 3.207871 0.227395
 0.000301 1.417150 1.772213 3.189363 0.132150
 0.000302 1.393066 1.774661 3.167727 0.053374
 0.000302 1.367015 1.777381 3.144395 0.007771
 0.000303 1.340445 1.780329 3.120774 0.003192
 0.000303 1.315170 1.783395 3.098565 0.037056
 0.000304 1.293458 1.786609 3.080067 0.093499
 0.000304 1.277179 1.790008 3.067187 0.147956
 0.000305 1.268024 1.793537 3.061561 0.175645
 0.000305 1.267251 1.797426 3.064677 0.160017
 0.000306 1.274594 1.801645 3.076239 0.108385
 0.000306 1.288870 1.805993 3.094864 0.046296
 0.000307 1.308442 1.810377 3.118819 0.004688
 0.000307 1.331358 1.814890 3.146248 0.009900
 0.000308 1.355030 1.819427 3.174457 0.074114
 0.000308 1.377588 1.823794 3.201382 0.191079
 0.000309 1.397746 1.828004 3.225750 0.343801
 0.000309 1.414622 1.832072 3.246693 0.510649
 0.000310 1.427035 1.836024 3.263059 0.663922
 0.000310 1.434034 1.839821 3.273856 0.776041
 0.000311 1.435390 1.843448 3.278838 0.830730
 0.000311 1.430702 1.846763 3.277464 0.815466
 0.000312 1.420073 1.849772 3.269845 0.733377
 0.000312 1.403787 1.852481 3.256268 0.597882
 0.000313 1.382587 1.854853 3.237440 0.432872
 0.000313 1.357813 1.857003 3.214816 0.269767
 0.000314 1.331318 1.858779 3.190097 0.135438
 0.000314 1.304993 1.860325 3.165318 0.046777
 0.000315 1.281199 1.861845 3.143044 0.006380
 0.000315 1.262141 1.863207 3.125348 0.000812
 0.000316 1.249917 1.864505 3.114422 0.009100
 0.000316 1.245639 1.865694 3.111334 0.013066
 0.000317 1.250168 1.866749 3.116917 0.006419
 0.000317 1.263070 1.867626 3.130696 0.000018
 0.000318 1.282580 1.868316 3.150896 0.016374
 0.000318 1.306662 1.868749 3.175412 0.077333
 0.000319 1.333489 1.868888 3.202377 0.196439
 0.000319 1.360949 1.868790 3.229740 0.373052
 0.000320 1.386914 1.868431 3.255344 0.589168
 0.000320 1.409779 1.867731 3.277510 0.815973
 0.000321 1.428156 1.866800 3.294955 1.020383
 0.000321 1.441090 1.865723 3.306813 1.172354
 0.000322 1.447983 1.864462 3.312445 1.248230
 0.000322 1.448673 1.863023 3.311696 1.237998
 0.000323 1.443070 1.861453 3.304524 1.142192
 0.000323 1.431466 1.859851 3.291317 0.975864
 0.000324 1.414526 1.858244 3.272771 0.764382
 0.000324 1.393506 1.856783 3.250289 0.542602
 0.000325 1.369642 1.855419 3.225061 0.338874
 0.000325 1.344493 1.854119 3.198612 0.176537
 0.000326 1.320134 1.853026 3.173160 0.069855
 0.000326 1.298306 1.852074 3.150380 0.015575
 0.000327 1.281709 1.851357 3.133066 0.000353
 0.000327 1.271776 1.850850 3.122625 0.002039
 0.000328 1.269558 1.850532 3.120091 0.003682
 0.000328 1.275008 1.850559 3.125567 0.000737
 0.000329 1.287688 1.851005 3.138693 0.002834
 0.000329 1.305710 1.851657 3.157367 0.028085
 0.000330 1.328005 1.852495 3.180500 0.095634
 0.000330 1.352349 1.853464 3.205814 0.215538
 0.000331 1.376209 1.854583 3.230792 0.380965
 0.000331 1.398235 1.855762 3.253997 0.576570
 0.000332 1.416661 1.856990 3.273650 0.773827
 0.000332 1.430292 1.858260 3.288552 0.942706
 0.000333 1.438437 1.859506 3.297943 1.057683
 0.000333 1.440304 1.860569 3.300874 1.094918
 0.000334 1.435797 1.861414 3.297211 1.048488
 0.000334 1.425186 1.862067 3.287253 0.927317
 0.000335 1.409065 1.862555 3.271620 0.752111
 0.000335 1.388388 1.862812 3.251199 0.550848
 0.000336 1.364240 1.862797 3.227037 0.353104
 0.000336 1.338402 1.862463 3.200866 0.188323
 0.000337 1.312395 1.861795 3.174190 0.073228
 0.000337 1.288298 1.861088 3.149387 0.014094
 0.000338 1.268666 1.860217 3.128883 0.000047
 0.000338 1.255428 1.859171 3.114599 0.008894
 0.000339 1.249761 1.858026 3.107787 0.018503
 0.000339 1.252342 1.856805 3.109147 0.016307
 0.000340 1.263217 1.855441 3.118659 0.004823
 0.000340 1.281497 1.853928 3.135426 0.001104
 0.000341 1.304917 1.852222 3.157139 0.027619
 0.000341 1.330742 1.850254 3.180996 0.097524
 0.000342 1.356840 1.848115 3.204955 0.210683
 0.000342 1.381090 1.845875 3.226965 0.352585
 0.000343 1.401995 1.843534 3.245529 0.500510
 0.000343 1.418367 1.841060 3.259427 0.628174
 0.000344 1.429305 1.838432 3.267737 0.711430
 0.000344 1.434506 1.835723 3.270230 0.737412
 0.000345 1.433776 1.832899 3.266675 0.700500
 0.000345 1.426777 1.829986 3.256762 0.602577
 0.000346 1.414002 1.826940 3.240942 0.461556
 0.000346 1.396687 1.823834 3.220520 0.307273
 0.000347 1.375259 1.820597 3.195856 0.162639
 0.000347 1.351255 1.817432 3.168687 0.056126
 0.000348 1.326748 1.814384 3.141132 0.004647
 0.000348 1.303743 1.811385 3.115128 0.008294
 0.000349 1.284539 1.808471 3.093010 0.051310
 0.000349 1.271224 1.805776 3.077000 0.105339
 0.000350 1.265240 1.803162 3.068403 0.142284
 0.000350 1.267509 1.800642 3.068151 0.143447
 0.000351 1.277637 1.798126 3.075763 0.110312
 0.000351 1.294846 1.795678 3.090524 0.058437
 0.000352 1.317600 1.793194 3.110794 0.013832
 0.000352 1.343199 1.790774 3.133973 0.000592
 0.000353 1.369173 1.788383 3.157556 0.028474
 0.000353 1.393879 1.785975 3.179854 0.093203
 0.000354 1.416150 1.783614 3.199764 0.182514
 0.000354 1.434269 1.781314 3.215583 0.274664
 0.000355 1.447527 1.778951 3.226478 0.349052
 0.000355 1.455507 1.776632 3.232139 0.391212
 0.000356 1.457190 1.774465 3.231654 0.387510
 0.000356 1.452786 1.772351 3.225137 0.339414
 0.000357 1.442302 1.770396 3.212697 0.256456
 0.000357 1.426416 1.768552 3.194968 0.158281
 0.000358 1.405699 1.766858 3.172557 0.067917
 0.000358 1.381374 1.765391 3.146766 0.010541
 0.000359 1.355009 1.764121 3.119130 0.004431
 0.000359 1.328321 1.763093 3.091413 0.055835
 0.000360 1.303217 1.762486 3.065702 0.155033
 0.000360 1.282126 1.762209 3.044335 0.275192
 0.000361 1.267140 1.762330 3.029470 0.378987
 0.000361 1.259410 1.763010 3.022421 0.434000
 0.000362 1.259695 1.764109 3.023804 0.422912
 0.000362 1.268134 1.765678 3.033812 0.346957
 0.000363 1.283535 1.767755 3.051290 0.232322
 0.000363 1.304523 1.770399 3.074923 0.113757
 0.000364 1.328822 1.773566 3.102388 0.028591
 0.000364 1.354453 1.777181 3.131634 0.000100
 0.000365 1.379570 1.781168 3.160737 0.035430
 0.000365 1.401998 1.785318 3.187317 0.123195
 0.000366 1.420107 1.789632 3.209739 0.238436
 0.000366 1.432630 1.794274 3.226904 0.352139
 0.000367 1.439100 1.799144 3.238243 0.439374
 0.000367 1.439703 1.804184 3.243887 0.486386
 0.000368 1.434727 1.809209 3.243936 0.486801
 0.000368 1.423757 1.814321 3.238078 0.438032
 0.000369 1.406933 1.819416 3.226349 0.348120
 0.000369 1.385477 1.824406 3.209883 0.239299
 0.000370 1.360392 1.829227 3.189619 0.133290
 0.000370 1.333633 1.833889 3.167521 0.052794
 0.000371 1.307699 1.838358 3.146058 0.009670
 0.000371 1.284457 1.842662 3.127119 0.000311
 0.000372 1.265881 1.846623 3.112504 0.011479
 0.000372 1.253894 1.850232 3.104126 0.025105
 0.000373 1.250063 1.853501 3.103564 0.026208
 0.000373 1.255079 1.856510 3.111589 0.012711
 0.000374 1.268163 1.859123 3.127285 0.000276
 0.000374 1.288054 1.861388 3.149442 0.014175
 0.000375 1.312726 1.863424 3.176149 0.079866
 0.000375 1.340247 1.865068 3.205315 0.212712
 0.000376 1.368133 1.866341 3.234474 0.409307
 0.000376 1.394113 1.867149 3.261263 0.646120
 0.000377 1.416816 1.867508 3.284324 0.893097
 0.000377 1.434900 1.867492 3.302392 1.114466
 0.000378 1.447709 1.867087 3.314796 1.280605
 0.000378 1.454281 1.866306 3.320587 1.362124
 0.000379 1.454223 1.865197 3.319420 1.345495
 0.000379 1.447560 1.863738 3.311299 1.232598
 0.000380 1.434701 1.861832 3.296533 1.040002
 0.000380 1.416398 1.859428 3.275827 0.797452
 0.000381 1.393560 1.856669 3.250228 0.542056
 0.000381 1.367585 1.853616 3.221201 0.311912
 0.000382 1.340421 1.850367 3.190787 0.138566
 0.000382 1.313896 1.847031 3.160927 0.035868
 0.000383 1.290326 1.843630 3.133956 0.000587
 0.000383 1.271688 1.840219 3.111907 0.012276
 0.000384 1.259868 1.836838 3.096707 0.041566
 0.000384 1.256487 1.833450 3.089936 0.060191
 0.000385 1.261686 1.830203 3.091888 0.054468
 0.000385 1.274665 1.827125 3.101790 0.029843
 0.000386 1.293923 1.824012 3.117935 0.005459
 0.000386 1.317970 1.821084 3.139054 0.003074
 0.000387 1.344090 1.818341 3.162431 0.039440
 0.000387 1.370201 1.815781 3.185982 0.117526
 0.000388 1.394574 1.813323 3.207898 0.227551
 0.000388 1.415714 1.810934 3.226648 0.350283
 0.000389 1.432415 1.808484 3.240899 0.461194
 0.000389 1.443616 1.806166 3.249782 0.538040
 0.000390 1.448464 1.803886 3.252350 0.561358
 0.000390 1.446901 1.801625 3.248526 0.526820
 0.000391 1.439140 1.799474 3.238615 0.442392
 0.000391 1.425252 1.797390 3.222643 0.321851
 0.000392 1.405937 1.795296 3.201233 0.190282
 0.000392 1.382836 1.793248 3.176084 0.079639
 0.000393 1.356785 1.791152 3.147937 0.012065
 0.000393 1.330034 1.789096 3.119130 0.004431
 0.000394 1.304190 1.787046 3.091235 0.056351
 0.000394 1.281254 1.785158 3.066412 0.151630
 0.000395 1.263699 1.783521 3.047220 0.256971
 0.000395 1.253394 1.782116 3.035510 0.334811
 0.000396 1.251396 1.781076 3.032472 0.356692
 0.000396 1.257766 1.780210 3.037975 0.317570
 0.000397 1.272568 1.779613 3.052180 0.227097
 0.000397 1.294000 1.779293 3.073292 0.120592
 0.000398 1.319796 1.779223 3.099019 0.035993
 0.000398 1.347697 1.779441 3.127137 0.000307
 0.000399 1.375396 1.779905 3.155301 0.024005
 0.000399 1.400868 1.780543 3.181411 0.099118
 0.000400 1.422594 1.781293 3.203887 0.204721
 0.000400 1.439727 1.782050 3.221777 0.315864
 0.000401 1.451620 1.782744 3.234364 0.408445
 0.000401 1.457639 1.783419 3.241058 0.462519
 0.000402 1.457337 1.784170 3.241508 0.466273
 0.000402 1.451109 1.784901 3.236010 0.421432
 0.000403 1.438978 1.785515 3.224493 0.334835
 0.000403 1.421877 1.786025 3.207902 0.227577
 0.000404 1.400507 1.786410 3.186917 0.121481
 0.000404 1.376344 1.786671 3.163015 0.040875
 0.000405 1.350785 1.786861 3.137646 0.002192
 0.000405 1.325478 1.786947 3.112426 0.011582
 0.000406 1.302944 1.786959 3.089903 0.060291
 0.000406 1.285087 1.786912 3.071999 0.126155
 0.000407 1.274067 1.786856 3.060923 0.178937
 0.000407 1.270541 1.786775 3.057316 0.198110
 0.000408 1.274909 1.786608 3.061517 0.175873
 0.000408 1.286477 1.786517 3.072995 0.121860
 0.000409 1.304229 1.786494 3.090723 0.057850
 0.000409 1.326015 1.786302 3.112317 0.011726
 0.000410 1.350024 1.786016 3.136040 0.001368
 0.000410 1.374647 1.785744 3.160391 0.034635
 0.000411 1.397832 1.785473 3.183305 0.106552
 0.000411 1.417849 1.785175 3.203024 0.199969
 0.000412 1.433322 1.784966 3.218288 0.292304
 0.000412 1.443566 1.784618 3.228184 0.361502
 0.000413 1.448002 1.784194 3.232196 0.391653
 0.000413 1.446417 1.783770 3.230188 0.376408
 0.000414 1.438680 1.783335 3.222015 0.317503
 0.000414 1.425234 1.782894 3.208129 0.228902
 0.000415 1.406821 1.782654 3.189475 0.132646
 0.000415 1.384539 1.782496 3.167035 0.051435
 0.000416 1.359816 1.782540 3.142356 0.005725
 0.000416 1.334029 1.782821 3.116851 0.006484
 0.000417 1.309005 1.783416 3.092420 0.052959
 0.000417 1.286729 1.784349 3.071079 0.130190
 0.000418 1.269939 1.785661 3.055600 0.207576
 0.000418 1.260294 1.787366 3.047660 0.254242
 0.000419 1.258659 1.789553 3.048212 0.250847
 0.000419 1.265040 1.792166 3.057206 0.198710
 0.000420 1.278626 1.795127 3.073752 0.118642
 0.000420 1.298276 1.798407 3.096683 0.041626
 0.000421 1.322158 1.801894 3.124052 0.001326
 0.000421 1.347917 1.805519 3.153436 0.020596
 0.000422 1.373508 1.809227 3.182735 0.104285
 0.000422 1.396525 1.812850 3.209375 0.236263
 0.000423 1.415702 1.816535 3.232237 0.391965
 0.000423 1.429857 1.820167 3.250024 0.540216
 0.000424 1.438285 1.823666 3.261951 0.652912
 0.000424 1.441073 1.826873 3.267945 0.713584
 0.000425 1.437548 1.829786 3.267334 0.707278
 0.000425 1.428036 1.832325 3.260361 0.637278
 0.000426 1.413853 1.834487 3.248340 0.525160
 0.000426 1.395147 1.836270 3.231417 0.385702
 0.000427 1.373074 1.837697 3.210771 0.244650
 0.000427 1.348894 1.838708 3.187602 0.124426
 0.000428 1.324365 1.839427 3.163791 0.042819
 0.000428 1.301508 1.839918 3.141427 0.004896
 0.000429 1.282688 1.840091 3.122779 0.001955
 0.000429 1.270117 1.839869 3.109986 0.015022
 0.000430 1.265029 1.839278 3.104307 0.024756
 0.000430 1.267861 1.838353 3.106214 0.021217
 0.000431 1.278338 1.837149 3.115487 0.007899
 0.000431 1.295294 1.835664 3.130958 0.000034
 0.000432 1.317192 1.833991 3.151183 0.016828
 0.000432 1.341999 1.832100 3.174098 0.072925
 0.000433 1.367584 1.829965 3.197549 0.171108
 0.000433 1.391876 1.827595 3.219472 0.300193
 0.000434 1.413294 1.824909 3.238203 0.439043
 0.000434 1.430485 1.821988 3.252473 0.562489
 0.000435 1.442458 1.818815 3.261273 0.646221
 0.000435 1.448982 1.815414 3.264396 0.677333
 0.000436 1.449642 1.811889 3.261531 0.648761
 0.000436 1.444548 1.808072 3.252620 0.563840
 0.000437 1.433904 1.804028 3.237932 0.436852
 0.000437 1.418436 1.799885 3.218321 0.292523
 0.000438 1.398298 1.795735 3.194033 0.153757
 0.000438 1.374721 1.791713 3.166434 0.049779
 0.000439 1.349390 1.787873 3.137263 0.001978
 0.000439 1.323865 1.784127 3.107992 0.018163
 0.000440 1.300432 1.780593 3.081025 0.089946
 0.000440 1.281123 1.777326 3.058449 0.191983
 0.000441 1.267447 1.774369 3.041815 0.291620
 0.000441 1.260724 1.771804 3.032528 0.356283
 0.000442 1.262212 1.769569 3.031781 0.361763
 0.000442 1.271621 1.767711 3.039332 0.308278
 0.000443 1.287529 1.766207 3.053735 0.218112
 0.000443 1.308090 1.765128 3.073218 0.120907
 0.000444 1.331943 1.764396 3.096339 0.042490
 0.000444 1.356947 1.763947 3.120894 0.003109
 0.000445 1.381300 1.763780 3.145079 0.008527
 0.000445 1.402986 1.763894 3.166880 0.051004
 0.000446 1.420636 1.764120 3.184756 0.112434
 0.000446 1.433299 1.764535 3.197834 0.172553
 0.000447 1.440493 1.765158 3.205652 0.214618
 0.000447 1.441468 1.765933 3.207401 0.224658
 0.000448 1.436511 1.766911 3.203421 0.202151
 0.000448 1.425502 1.768028 3.193530 0.151354
 0.000449 1.409049 1.769203 3.178252 0.087308
 0.000449 1.388600 1.770512 3.159112 0.031781
 0.000450 1.365109 1.771932 3.137041 0.001859
 0.000450 1.340134 1.773477 3.113611 0.010073
 0.000451 1.315461 1.775159 3.090620 0.058154
 0.000451 1.292974 1.777021 3.069995 0.135023
 0.000452 1.274910 1.779096 3.054007 0.216562
 0.000452 1.263050 1.781306 3.044356 0.275061
 0.000453 1.258621 1.783726 3.042347 0.288115
 0.000453 1.262735 1.786474 3.049209 0.244769
 0.000454 1.274868 1.789553 3.064421 0.161272
 0.000454 1.293768 1.792731 3.086499 0.070961
 0.000455 1.317833 1.796015 3.113848 0.009783
 0.000455 1.344722 1.799341 3.144063 0.007416
 0.000456 1.372368 1.802738 3.175106 0.076295
 0.000456 1.398494 1.806148 3.204642 0.208929
 0.000457 1.421173 1.809475 3.230648 0.379875
 0.000457 1.439564 1.812692 3.252256 0.560497
 0.000458 1.452115 1.815786 3.267900 0.713120
 0.000458 1.458298 1.818778 3.277076 0.811175
 0.000459 1.458255 1.821635 3.279890 0.842513
 0.000459 1.451909 1.824278 3.276186 0.801391
 0.000460 1.439446 1.826815 3.266260 0.696259
 0.000460 1.421527 1.829249 3.250776 0.547010
 0.000461 1.399120 1.831503 3.230623 0.379687
 0.000461 1.372965 1.833690 3.206656 0.220353
 0.000462 1.344819 1.835926 3.180745 0.096564
 0.000462 1.316830 1.838154 3.154984 0.023407
 0.000463 1.291409 1.840271 3.131680 0.000106
 0.000463 1.270562 1.842391 3.112953 0.010897
 0.000464 1.256350 1.844400 3.100751 0.032082
 0.000464 1.250259 1.846353 3.096612 0.041803
 0.000465 1.252934 1.848228 3.101162 0.031186
 0.000465 1.263691 1.849918 3.113609 0.010075
 0.000466 1.281355 1.851360 3.132715 0.000276
 0.000466 1.303942 1.852577 3.156519 0.026373
 0.000467 1.329465 1.853617 3.183082 0.105663
 0.000467 1.355742 1.854315 3.210056 0.240339
 0.000468 1.380683 1.854720 3.235404 0.416623
 0.000468 1.402636 1.854888 3.257523 0.609832
 0.000469 1.420110 1.854839 3.274949 0.787886
 0.000469 1.432020 1.854526 3.286546 0.918998
 0.000470 1.437530 1.853901 3.291431 0.977249
 0.000470 1.436681 1.853037 3.289717 0.956610
 0.000471 1.429581 1.851957 3.281538 0.861143
 0.000471 1.416592 1.850712 3.267304 0.706963
 0.000472 1.398156 1.849300 3.247456 0.517347
 0.000472 1.375316 1.847730 3.223046 0.324658
 0.000473 1.349606 1.846110 3.195715 0.161944
 0.000473 1.323182 1.844409 3.167591 0.052991
 0.000474 1.297769 1.842626 3.140395 0.004052
 0.000474 1.275669 1.840811 3.116480 0.006855
 0.000475 1.258694 1.838881 3.097575 0.039427
 0.000475 1.248961 1.836957 3.085917 0.072873
 0.000476 1.247484 1.835076 3.082560 0.084394
 0.000476 1.254449 1.833129 3.087579 0.067484
 0.000477 1.269319 1.831233 3.100551 0.032521
 0.000477 1.290764 1.829336 3.120100 0.003675
 0.000478 1.316721 1.827432 3.144153 0.007511
 0.000478 1.344822 1.825500 3.170322 0.060970
 0.000479 1.372847 1.823457 3.196305 0.164862
 0.000479 1.399136 1.821183 3.220319 0.305906
 0.000480 1.421598 1.818733 3.240331 0.456483
 0.000480 1.439699 1.816063 3.255762 0.593100
 0.000481 1.452508 1.813037 3.265545 0.688967
 0.000481 1.459305 1.809647 3.268952 0.724040
 0.000482 1.459601 1.805938 3.265539 0.688907
 0.000482 1.453388 1.801850 3.255238 0.588173
 0.000483 1.440916 1.797471 3.238387 0.440540
 0.000483 1.422852 1.792805 3.215657 0.275139
 0.000484 1.400476 1.787779 3.188255 0.127263
 0.000484 1.375192 1.782512 3.157704 0.028782
 0.000485 1.348572 1.777116 3.125689 0.000697
 0.000485 1.322994 1.771685 3.094679 0.046784
 0.000486 1.300161 1.766054 3.066215 0.152568
 0.000486 1.281826 1.760300 3.042126 0.289571
 0.000487 1.270095 1.754576 3.024671 0.416032
 0.000487 1.266121 1.749011 3.015131 0.494806
 0.000488 1.270694 1.743568 3.014262 0.502324
 0.000488 1.283542 1.738339 3.021881 0.438364
 0.000489 1.303479 1.733358 3.036837 0.325477
 0.000489 1.328241 1.728599 3.056839 0.200718
 0.000490 1.355701 1.724207 3.079908 0.094095
 0.000490 1.383127 1.720115 3.103242 0.026849
 0.000491 1.408790 1.716314 3.125104 0.000899
 0.000491 1.431173 1.712821 3.143993 0.007343
 0.000492 1.449101 1.709700 3.158800 0.031105
 0.000492 1.461581 1.706897 3.168478 0.055520
 0.000493 1.467691 1.704414 3.172105 0.066481
 0.000493 1.467361 1.702268 3.169629 0.058893
 0.000494 1.461024 1.700558 3.161582 0.037403
 0.000494 1.448967 1.699182 3.148149 0.012351
 0.000495 1.431470 1.698142 3.129612 0.000006
 0.000495 1.409501 1.697487 3.106988 0.019858
 0.000496 1.383999 1.697211 3.081210 0.089269
 0.000496 1.356254 1.697289 3.053543 0.219214
 0.000497 1.328227 1.697833 3.026060 0.405130
 0.000497 1.302287 1.698842 3.001129 0.622786
 0.000498 1.280975 1.700295 2.981270 0.829527
 0.000498 1.266094 1.702173 2.968267 0.980913
 0.000499 1.259004 1.704508 2.963512 1.039438
 0.000499 1.260368 1.707188 2.967556 0.989554
 0.000500 1.270293 1.710286 2.980579 0.837248
