#! FIELDS time dAB dAC rc bias
 0.000000 1.930682 1.828180 3.758862 8.792378
 0.000000 1.923716 1.832899 3.756615 8.710960
 0.000001 1.915821 1.837664 3.753485 8.598162
 0.000001 1.907047 1.842513 3.749560 8.457782
 0.000002 1.898004 1.847310 3.745314 8.307232
 0.000002 1.888729 1.852005 3.740734 8.146353
 0.000003 1.879174 1.856551 3.735725 7.972183
 0.000003 1.869635 1.860915 3.730550 7.794252
 0.000004 1.860497 1.864967 3.725464 7.621310
 0.000004 1.851599 1.868816 3.720415 7.451547
 0.000005 1.843433 1.872424 3.715856 7.299916
 0.000005 1.836009 1.875759 3.711768 7.165267
 0.000006 1.830114 1.878897 3.709011 7.075177
 0.000006 1.825980 1.881807 3.707787 7.035338
 0.000007 1.823689 1.884444 3.708132 7.046567
 0.000007 1.823523 1.886811 3.710334 7.118341
 0.000008 1.824948 1.888800 3.713748 7.230316
 0.000008 1.827918 1.890430 3.718348 7.382616
 0.000009 1.832382 1.891804 3.724186 7.578167
 0.000009 1.838181 1.892840 3.731021 7.810368
 0.000010 1.845296 1.893569 3.738866 8.081163
 0.000010 1.853059 1.894086 3.747145 8.371994
 0.000011 1.861530 1.894495 3.756025 8.689643
 0.000011 1.870336 1.894658 3.764994 9.016447
 0.000012 1.878420 1.894659 3.773079 9.316234
 0.000012 1.885474 1.894485 3.779959 9.575221
 0.000013 1.891515 1.894126 3.785641 9.791756
 0.000013 1.896450 1.893643 3.790092 9.963094
 0.000014 1.900191 1.893034 3.793226 10.084589
 0.000014 1.902573 1.892358 3.794932 10.151056
 0.000015 1.904004 1.891652 3.795655 10.179315
 0.000015 1.904645 1.890917 3.795562 10.175671
 0.000016 1.904429 1.890146 3.794575 10.137154
 0.000016 1.903771 1.889256 3.793028 10.076897
 0.000017 1.902218 1.888184 3.790402 9.975065
 0.000017 1.900031 1.886980 3.787012 9.844358
 0.000018 1.897546 1.885686 3.783232 9.699635
 0.000018 1.894578 1.884339 3.778917 9.535747
 0.000019 1.890983 1.882877 3.773860 9.345456
 0.000019 1.887278 1.881395 3.768673 9.152278
 0.000020 1.883761 1.879790 3.763551 8.963477
 0.000020 1.880291 1.878126 3.758417 8.776203
 0.000021 1.876896 1.876431 3.753327 8.592506
 0.000021 1.873163 1.874557 3.747720 8.392379
 0.000022 1.868572 1.872570 3.741142 8.160607
 0.000022 1.863707 1.870501 3.734208 7.919821
 0.000023 1.859128 1.868325 3.727453 7.688719
 0.000023 1.854154 1.866049 3.720203 7.444459
 0.000024 1.849032 1.863724 3.712756 7.197691
 0.000024 1.844116 1.861300 3.705416 6.958540
 0.000025 1.839027 1.858762 3.697789 6.714288
 0.000025 1.833750 1.856147 3.689897 6.466181
 0.000026 1.828566 1.853471 3.682037 6.223718
 0.000026 1.823928 1.850742 3.674670 6.000662
 0.000027 1.819640 1.847901 3.667541 5.788674
 0.000027 1.815931 1.845027 3.660958 5.596308
 0.000028 1.812948 1.842147 3.655095 5.427737
 0.000028 1.810598 1.839133 3.649731 5.275764
 0.000029 1.808934 1.836127 3.645061 5.145215
 0.000029 1.808929 1.833096 3.642025 5.061205
 0.000030 1.809999 1.829917 3.639917 5.003284
 0.000030 1.811991 1.826816 3.638807 4.972926
 0.000031 1.815542 1.823910 3.639453 4.990584
 0.000031 1.820229 1.821044 3.641273 5.040518
 0.000032 1.825785 1.818135 3.643920 5.113556
 0.000032 1.832343 1.815353 3.647696 5.218663
 0.000033 1.839993 1.812627 3.652620 5.357342
 0.000033 1.848123 1.809937 3.658060 5.512668
 0.000034 1.856868 1.807407 3.664274 5.692815
 0.000034 1.865859 1.805040 3.670899 5.888063
 0.000035 1.875002 1.802848 3.677851 6.096463
 0.000035 1.884232 1.800860 3.685092 6.317391
 0.000036 1.892993 1.799076 3.692070 6.534031
 0.000036 1.901199 1.797460 3.698659 6.741948
 0.000037 1.908951 1.795973 3.704924 6.942655
 0.000037 1.916014 1.794743 3.710757 7.132167
 0.000038 1.921911 1.793896 3.715807 7.298286
 0.000038 1.926838 1.793291 3.720129 7.441994
 0.000039 1.930515 1.792910 3.723424 7.552503
 0.000039 1.933130 1.792781 3.725911 7.636440
 0.000040 1.934788 1.792932 3.727719 7.697753
 0.000040 1.935504 1.793396 3.728900 7.737910
 0.000041 1.935380 1.794155 3.729536 7.759590
 0.000041 1.934346 1.795187 3.729533 7.759499
 0.000042 1.932613 1.796405 3.729018 7.741945
 0.000042 1.930313 1.798001 3.728314 7.717965
 0.000043 1.927576 1.799834 3.727410 7.687248
 0.000043 1.924181 1.801852 3.726033 7.640547
 0.000044 1.920210 1.803982 3.724192 7.578361
 0.000044 1.915696 1.806373 3.722068 7.506928
 0.000045 1.910492 1.809080 3.719572 7.423406
 0.000045 1.905010 1.812194 3.717203 7.344563
 0.000046 1.899105 1.815538 3.714643 7.259830
 0.000046 1.893097 1.819086 3.712184 7.178895
 0.000047 1.887386 1.822732 3.710118 7.111267
 0.000047 1.881971 1.826304 3.708276 7.051225
 0.000048 1.876705 1.829923 3.706628 6.997736
 0.000048 1.871292 1.833545 3.704837 6.939824
 0.000049 1.866163 1.837314 3.703477 6.896034
 0.000049 1.861569 1.841161 3.702730 6.872028
 0.000050 1.857392 1.844974 3.702366 6.860347
 0.000050 1.853720 1.848784 3.702504 6.864779
 0.000051 1.850496 1.852479 3.702975 6.879885
 0.000051 1.847306 1.856018 3.703323 6.891086
 0.000052 1.844368 1.859443 3.703811 6.906776
 0.000052 1.842124 1.862757 3.704881 6.941267
 0.000053 1.840081 1.865935 3.706016 6.977935
 0.000053 1.838544 1.868983 3.707526 7.026878
 0.000054 1.837698 1.871807 3.709505 7.091263
 0.000054 1.837032 1.874414 3.711446 7.154710
 0.000055 1.836958 1.876746 3.713705 7.228892
 0.000055 1.837294 1.878866 3.716161 7.309990
 0.000056 1.838157 1.880637 3.718794 7.397457
 0.000056 1.839262 1.882158 3.721420 7.485196
 0.000057 1.841173 1.883539 3.724712 7.595889
 0.000057 1.843882 1.884676 3.728558 7.726283
 0.000058 1.846941 1.885700 3.732640 7.865881
 0.000058 1.850778 1.886593 3.737371 8.029202
 0.000059 1.855027 1.887225 3.742252 8.199481
 0.000059 1.859685 1.887645 3.747330 8.378556
 0.000060 1.864311 1.887958 3.752269 8.554559
 0.000060 1.869246 1.888127 3.757372 8.738349
 0.000061 1.873881 1.888096 3.761977 8.905863
 0.000061 1.878209 1.887957 3.766166 9.059612
 0.000062 1.882096 1.887738 3.769834 9.195317
 0.000062 1.885235 1.887399 3.772635 9.299636
 0.000063 1.887520 1.887052 3.774572 9.372143
 0.000063 1.888885 1.886666 3.775551 9.408866
 0.000064 1.889352 1.886123 3.775475 9.406032
 0.000064 1.889166 1.885458 3.774623 9.374055
 0.000065 1.888047 1.884748 3.772795 9.305632
 0.000065 1.886585 1.883962 3.770547 9.221817
 0.000066 1.884898 1.883007 3.767905 9.123842
 0.000066 1.882895 1.881833 3.764728 9.006665
 0.000067 1.880730 1.880581 3.761312 8.881543
 0.000067 1.878275 1.879207 3.757482 8.742325
 0.000068 1.875841 1.877677 3.753518 8.599375
 0.000068 1.873449 1.876042 3.749491 8.455323
 0.000069 1.871182 1.874233 3.745415 8.310812
 0.000069 1.869022 1.872155 3.741177 8.161841
 0.000070 1.866907 1.869783 3.736691 8.005623
 0.000070 1.865155 1.867205 3.732360 7.856244
 0.000071 1.863268 1.864443 3.727711 7.697476
 0.000071 1.861002 1.861473 3.722475 7.520563
 0.000072 1.858533 1.858199 3.716732 7.328922
 0.000072 1.855959 1.854679 3.710638 7.128262
 0.000073 1.853167 1.851002 3.704169 6.918293
 0.000073 1.850654 1.847219 3.697873 6.716975
 0.000074 1.848078 1.843383 3.691461 6.514989
 0.000074 1.845463 1.839403 3.684866 6.310445
 0.000075 1.842937 1.835422 3.678359 6.111843
 0.000075 1.840890 1.831365 3.672254 5.928399
 0.000076 1.839316 1.827235 3.666550 5.759524
 0.000076 1.838089 1.823015 3.661105 5.600573
 0.000077 1.837475 1.818832 3.656307 5.462379
 0.000077 1.837496 1.814748 3.652244 5.346687
 0.000078 1.838206 1.810715 3.648921 5.253004
 0.000078 1.839370 1.806801 3.646170 5.176077
 0.000079 1.841379 1.803022 3.644401 5.126877
 0.000079 1.844211 1.799473 3.643685 5.107042
 0.000080 1.847724 1.796247 3.643971 5.114967
 0.000080 1.851734 1.793487 3.645221 5.149662
 0.000081 1.856526 1.791216 3.647742 5.219952
 0.000081 1.861714 1.789194 3.650908 5.308927
 0.000082 1.867638 1.787564 3.655202 5.430789
 0.000082 1.873779 1.786220 3.659999 5.568564
 0.000083 1.880239 1.785253 3.665492 5.728451
 0.000083 1.886478 1.784530 3.671008 5.891287
 0.000084 1.892342 1.784095 3.676437 6.053771
 0.000084 1.897836 1.784025 3.681861 6.218343
 0.000085 1.902652 1.784206 3.686858 6.371882
 0.000085 1.906914 1.784683 3.691597 6.519245
 0.000086 1.910761 1.785503 3.696265 6.666013
 0.000086 1.914266 1.786515 3.700781 6.809577
 0.000087 1.917319 1.787593 3.704913 6.942276
 0.000087 1.919875 1.788790 3.708665 7.063899
 0.000088 1.921625 1.790111 3.711736 7.164229
 0.000088 1.922235 1.791542 3.713777 7.231269
 0.000089 1.921643 1.793030 3.714674 7.260838
 0.000089 1.919832 1.794562 3.714393 7.251589
 0.000090 1.916775 1.796204 3.712979 7.205003
 0.000090 1.912996 1.798014 3.711010 7.140417
 0.000091 1.908166 1.799854 3.708021 7.042933
 0.000091 1.902255 1.801577 3.703831 6.907427
 0.000092 1.895878 1.803211 3.699088 6.755602
 0.000092 1.888954 1.804821 3.693775 6.587523
 0.000093 1.881237 1.806537 3.687773 6.400213
 0.000093 1.872907 1.808215 3.681121 6.195764
 0.000094 1.864405 1.809891 3.674296 5.989431
 0.000094 1.856216 1.811392 3.667608 5.790642
 0.000095 1.848364 1.812777 3.661141 5.601615
 0.000095 1.841086 1.814067 3.655152 5.429373
 0.000096 1.834348 1.815298 3.649646 5.273385
 0.000096 1.828269 1.816443 3.644711 5.135502
 0.000097 1.822902 1.817480 3.640383 5.016062
 0.000097 1.818354 1.818464 3.636818 4.918769
 0.000098 1.814695 1.819444 3.634139 4.846269
 0.000098 1.811692 1.820392 3.632084 4.791002
 0.000099 1.809598 1.821248 3.630846 4.757887
 0.000099 1.808547 1.822065 3.630611 4.751608
 0.000100 1.808382 1.822914 3.631296 4.769915
 0.000100 1.809241 1.823777 3.633018 4.816094
 0.000101 1.811472 1.824550 3.636021 4.897143
 0.000101 1.814951 1.825345 3.640297 5.013699
 0.000102 1.819698 1.826191 3.645890 5.168263
 0.000102 1.825400 1.826988 3.652388 5.350766
 0.000103 1.831758 1.827823 3.659580 5.556477
 0.000103 1.838395 1.828685 3.667080 5.775091
 0.000104 1.845321 1.829623 3.674944 6.008882
 0.000104 1.852783 1.830667 3.683450 6.266953
 0.000105 1.860120 1.831749 3.691870 6.527763
 0.000105 1.867069 1.832829 3.699897 6.781380
 0.000106 1.873610 1.833902 3.707512 7.026418
 0.000106 1.879763 1.835042 3.714806 7.265197
 0.000107 1.885281 1.836198 3.721479 7.487162
 0.000107 1.889784 1.837407 3.727191 7.679813
 0.000108 1.893869 1.838573 3.732442 7.859073
 0.000108 1.897327 1.839734 3.737061 8.018470
 0.000109 1.899976 1.840916 3.740892 8.151857
 0.000109 1.901637 1.842114 3.743751 8.252168
 0.000110 1.902665 1.843398 3.746063 8.333699
 0.000110 1.902887 1.844808 3.747695 8.391484
 0.000111 1.902471 1.846256 3.748727 8.428133
 0.000111 1.900963 1.847789 3.748752 8.429040
 0.000112 1.898707 1.849345 3.748052 8.404176
 0.000112 1.895621 1.850850 3.746471 8.348110
 0.000113 1.891544 1.852374 3.743918 8.258017
 0.000113 1.886774 1.853975 3.740749 8.146868
 0.000114 1.881210 1.855654 3.736864 8.011642
 0.000114 1.875033 1.857445 3.732478 7.860313
 0.000115 1.868316 1.859344 3.727660 7.695722
 0.000115 1.861025 1.861389 3.722414 7.518542
 0.000116 1.854162 1.863445 3.717608 7.357989
 0.000116 1.847891 1.865496 3.713388 7.218468
 0.000117 1.842267 1.867479 3.709746 7.099119
 0.000117 1.837386 1.869483 3.706870 7.005572
 0.000118 1.833432 1.871516 3.704948 6.943428
 0.000118 1.830469 1.873550 3.704019 6.913471
 0.000119 1.828623 1.875511 3.704134 6.917178
 0.000119 1.827833 1.877372 3.705205 6.951721
 0.000120 1.827946 1.879123 3.707069 7.012025
 0.000120 1.828697 1.880685 3.709381 7.087236
 0.000121 1.829899 1.882057 3.711956 7.171423
 0.000121 1.831179 1.883226 3.714405 7.251961
 0.000122 1.832249 1.884211 3.716460 7.319916
 0.000122 1.833570 1.884921 3.718490 7.387342
 0.000123 1.834664 1.885384 3.720048 7.439291
 0.000123 1.835367 1.885728 3.721095 7.474307
 0.000124 1.835982 1.885906 3.721888 7.500875
 0.000124 1.836400 1.885984 3.722384 7.517520
 0.000125 1.836488 1.885834 3.722322 7.515429
 0.000125 1.836065 1.885529 3.721594 7.491025
 0.000126 1.835501 1.885109 3.720610 7.458071
 0.000126 1.835340 1.884685 3.720025 7.438515
 0.000127 1.835928 1.884353 3.720281 7.447060
 0.000127 1.837291 1.883984 3.721276 7.480360
 0.000128 1.839211 1.883580 3.722791 7.531190
 0.000128 1.841932 1.883317 3.725249 7.614033
 0.000129 1.845548 1.883118 3.728666 7.729946
 0.000129 1.849626 1.883074 3.732700 7.867919
 0.000130 1.854278 1.883087 3.737366 8.029023
 0.000130 1.859653 1.883245 3.742898 8.222161
 0.000131 1.865477 1.883540 3.749016 8.438444
 0.000131 1.871536 1.883937 3.755473 8.669729
 0.000132 1.877447 1.884385 3.761832 8.900534
 0.000132 1.883395 1.884996 3.768392 9.141839
 0.000133 1.889034 1.885705 3.774740 9.378427
 0.000133 1.894174 1.886502 3.780675 9.602382
 0.000134 1.898530 1.887374 3.785904 9.801836
 0.000134 1.902183 1.888192 3.790374 9.974001
 0.000135 1.905105 1.889068 3.794173 10.121466
 0.000135 1.906995 1.889978 3.796973 10.230854
 0.000136 1.907976 1.890782 3.798758 10.300929
 0.000136 1.908016 1.891402 3.799418 10.326882
 0.000137 1.907548 1.891894 3.799442 10.327806
 0.000137 1.906325 1.892198 3.798524 10.291713
 0.000138 1.903910 1.892225 3.796135 10.198079
 0.000138 1.900213 1.892124 3.792337 10.050067
 0.000139 1.895148 1.891869 3.787017 9.844555
 0.000139 1.889101 1.891317 3.780418 9.592623
 0.000140 1.882057 1.890524 3.772581 9.297655
 0.000140 1.874144 1.889515 3.763659 8.967439
 0.000141 1.865691 1.888140 3.753831 8.610618
 0.000141 1.856692 1.886529 3.743221 8.233516
 0.000142 1.847015 1.884740 3.731755 7.835489
 0.000142 1.836915 1.882688 3.719602 7.424404
 0.000143 1.826540 1.880485 3.707025 7.010598
 0.000143 1.816306 1.878037 3.694343 6.605389
 0.000144 1.806491 1.875404 3.681895 6.219366
 0.000144 1.797046 1.872607 3.669653 5.851085
 0.000145 1.787683 1.869687 3.657370 5.492855
 0.000145 1.778758 1.866758 3.645516 5.157854
 0.000146 1.770727 1.863937 3.634664 4.860435
 0.000146 1.764037 1.861234 3.625271 4.610106
 0.000147 1.758985 1.858687 3.617672 4.412450
 0.000147 1.755684 1.856324 3.612008 4.267944
 0.000148 1.754077 1.854119 3.608196 4.172040
 0.000148 1.754399 1.852040 3.606439 4.128198
 0.000149 1.757285 1.850087 3.607372 4.151443
 0.000149 1.762428 1.848308 3.610736 4.235816
 0.000150 1.769346 1.846695 3.616041 4.370585
 0.000150 1.777878 1.845257 3.623135 4.554120
 0.000151 1.787942 1.843904 3.631846 4.784634
 0.000151 1.799188 1.842539 3.641727 5.052999
 0.000152 1.811560 1.841139 3.652699 5.359578
 0.000152 1.824948 1.839652 3.664600 5.702333
 0.000153 1.838522 1.838145 3.676668 6.060740
 0.000153 1.852313 1.836601 3.688914 6.435613
 0.000154 1.865809 1.834965 3.700774 6.809360
 0.000154 1.878721 1.833294 3.712015 7.173375
 0.000155 1.890428 1.831556 3.721984 7.504113
 0.000155 1.901063 1.829771 3.730834 7.803963
 0.000156 1.910648 1.828067 3.738716 8.075949
 0.000156 1.918974 1.826277 3.745251 8.305010
 0.000157 1.925965 1.824433 3.750398 8.487679
 0.000157 1.931799 1.822518 3.754317 8.628095
 0.000158 1.936234 1.820538 3.756772 8.716635
 0.000158 1.938764 1.818470 3.757234 8.733345
 0.000159 1.939473 1.816284 3.755756 8.679937
 0.000159 1.938448 1.814093 3.752541 8.564302
 0.000160 1.935916 1.811948 3.747864 8.397480
 0.000160 1.932270 1.809773 3.742044 8.192189
 0.000161 1.927394 1.807520 3.734914 7.944176
 0.000161 1.921384 1.805203 3.726587 7.659324
 0.000162 1.914223 1.802872 3.717095 7.340957
 0.000162 1.906447 1.800526 3.706973 7.008917
 0.000163 1.898394 1.798256 3.696650 6.678218
 0.000163 1.890224 1.796017 3.686241 6.352814
 0.000164 1.882277 1.793927 3.676203 6.046737
 0.000164 1.874465 1.792211 3.666676 5.763217
 0.000165 1.867239 1.790768 3.658007 5.511140
 0.000165 1.860964 1.789601 3.650566 5.299271
 0.000166 1.855524 1.788695 3.644219 5.121840
 0.000166 1.850894 1.788006 3.638901 4.975496
 0.000167 1.847574 1.787614 3.635188 4.874593
 0.000167 1.845622 1.787477 3.633099 4.818256
 0.000168 1.844884 1.787504 3.632388 4.799153
 0.000168 1.845528 1.787677 3.633205 4.821112
 0.000169 1.847031 1.788025 3.635057 4.871030
 0.000169 1.849497 1.788554 3.638051 4.952302
 0.000170 1.853099 1.789397 3.642495 5.074181
 0.000170 1.857497 1.790477 3.647973 5.226432
 0.000171 1.862509 1.791662 3.654171 5.401414
 0.000171 1.867915 1.792916 3.660831 5.592628
 0.000172 1.873840 1.794297 3.668136 5.806227
 0.000172 1.880101 1.795869 3.675970 6.039712
 0.000173 1.886154 1.797528 3.683682 6.274065
 0.000173 1.892008 1.799198 3.691207 6.507032
 0.000174 1.897497 1.800891 3.698387 6.733306
 0.000174 1.902677 1.802646 3.705323 6.955524
 0.000175 1.907459 1.804497 3.711956 7.171441
 0.000175 1.911817 1.806280 3.718097 7.374268
 0.000176 1.915826 1.807955 3.723781 7.564519
 0.000176 1.919701 1.809574 3.729275 7.750718
 0.000177 1.922903 1.811263 3.734166 7.918369
 0.000177 1.925162 1.812861 3.738023 8.051852
 0.000178 1.926655 1.814415 3.741069 8.158069
 0.000178 1.927208 1.815914 3.743122 8.230029
 0.000179 1.926495 1.817330 3.743825 8.254768
 0.000179 1.924525 1.818666 3.743191 8.232452
 0.000180 1.921796 1.819877 3.741672 8.179179
 0.000180 1.917932 1.821073 3.739005 8.086031
 0.000181 1.912756 1.822283 3.735040 7.948504
 0.000181 1.906219 1.823454 3.729672 7.764261
 0.000182 1.899140 1.824577 3.723717 7.562363
 0.000182 1.891664 1.825632 3.717296 7.347652
 0.000183 1.883959 1.826786 3.710745 7.131760
 0.000183 1.876052 1.828002 3.704054 6.914610
 0.000184 1.868154 1.829177 3.697332 6.699799
 0.000184 1.860205 1.830350 3.690556 6.486718
 0.000185 1.851653 1.831487 3.683140 6.257450
 0.000185 1.842770 1.832636 3.675407 6.022780
 0.000186 1.833787 1.833872 3.667659 5.792162
 0.000186 1.824575 1.835181 3.659755 5.561530
 0.000187 1.814898 1.836701 3.651599 5.328446
 0.000187 1.804206 1.838278 3.642484 5.073853
 0.000188 1.792803 1.839917 3.632720 4.808079
 0.000188 1.780793 1.841681 3.622474 4.536865
 0.000189 1.768148 1.843692 3.611840 4.263683
 0.000189 1.755223 1.845930 3.601153 3.997692
 0.000190 1.741877 1.848372 3.590249 3.735146
 0.000190 1.728063 1.851071 3.579134 3.476686
 0.000191 1.714218 1.854080 3.568299 3.233646
 0.000191 1.700561 1.857328 3.557890 3.008465
 0.000192 1.687148 1.860748 3.547896 2.799909
 0.000192 1.674207 1.864367 3.538574 2.612125
 0.000193 1.661490 1.868213 3.529703 2.439476
 0.000193 1.648998 1.872345 3.521343 2.282182
 0.000194 1.636589 1.876711 3.513300 2.135792
 0.000194 1.623838 1.881316 3.505154 1.992486
 0.000195 1.610808 1.886029 3.496837 1.851290
 0.000195 1.596964 1.890885 3.487849 1.704542
 0.000196 1.581814 1.895954 3.477768 1.547160
 0.000196 1.565009 1.901008 3.466017 1.373328
 0.000197 1.546505 1.906125 3.452629 1.187898
 0.000197 1.526243 1.911248 3.437490 0.994406
 0.000198 1.504228 1.916344 3.420572 0.798515
 0.000198 1.480895 1.921363 3.402258 0.610657
 0.000199 1.456660 1.926382 3.383042 0.440596
 0.000199 1.431645 1.931410 3.363055 0.293088
 0.000200 1.407436 1.936369 3.343805 0.179352
 0.000200 1.385087 1.941272 3.326359 0.100273
 0.000201 1.365522 1.945971 3.311492 0.050906
 0.000201 1.349940 1.950406 3.300346 0.024765
 0.000202 1.338878 1.954662 3.293540 0.013383
 0.000202 1.332617 1.958729 3.291346 0.010455
 0.000203 1.331674 1.962524 3.294198 0.014333
 0.000203 1.336043 1.966030 3.302074 0.028206
 0.000204 1.345274 1.969305 3.314579 0.059794
 0.000204 1.358384 1.972265 3.330650 0.117606
 0.000205 1.374404 1.974869 3.349272 0.208829
 0.000205 1.391581 1.977104 3.368686 0.331614
 0.000206 1.408709 1.978995 3.387703 0.479304
 0.000206 1.424887 1.980468 3.405356 0.640669
 0.000207 1.439062 1.981586 3.420648 0.799350
 0.000207 1.450713 1.982120 3.432834 0.938350
 0.000208 1.459020 1.982092 3.441112 1.039127
 0.000208 1.463681 1.981503 3.445184 1.090595
 0.000209 1.463918 1.980468 3.444386 1.080413
 0.000209 1.459729 1.978973 3.438702 1.009267
 0.000210 1.451538 1.977050 3.428588 0.888657
 0.000210 1.439507 1.974647 3.414154 0.729815
 0.000211 1.423982 1.971784 3.395765 0.550101
 0.000211 1.405899 1.968408 3.374307 0.372443
 0.000212 1.386440 1.964570 3.351010 0.218669
 0.000212 1.366895 1.960477 3.327373 0.104245
 0.000213 1.348371 1.956106 3.304477 0.033366
 0.000213 1.332022 1.951535 3.283557 0.002976
 0.000214 1.319069 1.947025 3.266094 0.002744
 0.000214 1.310623 1.942387 3.253010 0.017558
 0.000215 1.306992 1.937589 3.244580 0.033903
 0.000215 1.308177 1.932603 3.240779 0.043016
 0.000216 1.314117 1.927474 3.241590 0.040981
 0.000216 1.324729 1.922265 3.246994 0.028678
 0.000217 1.338990 1.917085 3.256075 0.012936
 0.000217 1.355676 1.911940 3.267616 0.001854
 0.000218 1.373599 1.906863 3.280462 0.001268
 0.000218 1.391373 1.901896 3.293270 0.013004
 0.000219 1.408065 1.896990 3.305055 0.034672
 0.000219 1.422703 1.892120 3.314822 0.060523
 0.000220 1.434369 1.887240 3.321609 0.082699
 0.000220 1.441988 1.882357 3.324344 0.092613
 0.000221 1.445875 1.877553 3.323428 0.089231
 0.000221 1.445707 1.872727 3.318434 0.071895
 0.000222 1.441189 1.867895 3.309084 0.044468
 0.000222 1.432460 1.863189 3.295649 0.016538
 0.000223 1.420271 1.858653 3.278924 0.000686
 0.000223 1.405124 1.854345 3.259468 0.008641
 0.000224 1.388010 1.850259 3.238269 0.049630
 0.000224 1.369719 1.846403 3.216123 0.128447
 0.000225 1.351549 1.842687 3.194237 0.242477
 0.000225 1.334726 1.839135 3.173861 0.380931
 0.000226 1.320511 1.835725 3.156236 0.525809
 0.000226 1.310098 1.832476 3.142574 0.654140
 0.000227 1.304554 1.829439 3.133993 0.741896
 0.000227 1.304799 1.826628 3.131427 0.769216
 0.000228 1.310186 1.824063 3.134249 0.739198
 0.000228 1.320198 1.821850 3.142048 0.659356
 0.000229 1.334345 1.819918 3.154263 0.543472
 0.000229 1.351492 1.818257 3.169749 0.412643
 0.000230 1.370373 1.816863 3.187236 0.286534
 0.000230 1.389816 1.815787 3.205603 0.178774
 0.000231 1.408394 1.814815 3.223209 0.099224
 0.000231 1.425176 1.814036 3.239211 0.047092
 0.000232 1.439284 1.813446 3.252730 0.018015
 0.000232 1.449706 1.813115 3.262821 0.005246
 0.000233 1.456132 1.812929 3.269061 0.001171
 0.000233 1.458286 1.812903 3.271189 0.000449
 0.000234 1.456333 1.813039 3.269372 0.001044
 0.000234 1.450124 1.813351 3.263475 0.004682
 0.000235 1.440683 1.813817 3.254500 0.015223
 0.000235 1.428285 1.814441 3.242726 0.038214
 0.000236 1.413525 1.815321 3.228846 0.078669
 0.000236 1.396586 1.816396 3.212982 0.142604
 0.000237 1.378444 1.817673 3.196117 0.231270
 0.000237 1.360201 1.819070 3.179271 0.341133
 0.000238 1.342985 1.820585 3.163569 0.462695
 0.000238 1.328315 1.822318 3.150633 0.576741
 0.000239 1.317086 1.824273 3.141358 0.666231
 0.000239 1.310242 1.826483 3.136725 0.713357
 0.000240 1.308045 1.828944 3.136988 0.710634
 0.000240 1.310182 1.831589 3.141772 0.662109
 0.000241 1.316841 1.834481 3.151322 0.570351
 0.000241 1.326961 1.837427 3.164388 0.455898
 0.000242 1.339715 1.840429 3.180144 0.334914
 0.000242 1.354178 1.843532 3.197709 0.221987
 0.000243 1.369313 1.846588 3.215901 0.129423
 0.000243 1.384089 1.849489 3.233579 0.063252
 0.000244 1.396947 1.852073 3.249020 0.024631
 0.000244 1.407438 1.854420 3.261858 0.006134
 0.000245 1.414872 1.856498 3.271370 0.000403
 0.000245 1.418976 1.858264 3.277240 0.000252
 0.000246 1.419705 1.859709 3.279414 0.000852
 0.000246 1.416771 1.860868 3.277639 0.000335
 0.000247 1.410444 1.861726 3.272170 0.000230
 0.000247 1.400591 1.862224 3.262816 0.005250
 0.000248 1.387593 1.862409 3.250003 0.022778
 0.000248 1.372308 1.862294 3.234601 0.060141
 0.000249 1.355812 1.861817 3.217629 0.121919
 0.000249 1.339661 1.861037 3.200697 0.205078
 0.000250 1.324763 1.859977 3.184739 0.303136
 0.000250 1.312452 1.858715 3.171167 0.401564
 0.000251 1.304057 1.857242 3.161300 0.481797
 0.000251 1.300513 1.855591 3.156104 0.526981
 0.000252 1.301847 1.853825 3.155672 0.530824
 0.000252 1.307925 1.851960 3.159886 0.493890
 0.000253 1.318559 1.850114 3.168673 0.421153
 0.000253 1.332745 1.848444 3.181189 0.327551
 0.000254 1.348486 1.846959 3.195445 0.235243
 0.000254 1.364301 1.845592 3.209893 0.157248
 0.000255 1.379290 1.844427 3.223717 0.097277
 0.000255 1.392152 1.843401 3.235553 0.057318
 0.000256 1.402023 1.842588 3.244610 0.033836
 0.000256 1.408104 1.841921 3.250025 0.022736
 0.000257 1.410284 1.841391 3.251675 0.019792
 0.000257 1.408288 1.840954 3.249242 0.024205
 0.000258 1.402065 1.840720 3.242785 0.038071
 0.000258 1.392049 1.840669 3.232718 0.065931
 0.000259 1.378494 1.840812 3.219306 0.114854
 0.000259 1.362562 1.841303 3.203865 0.187885
 0.000260 1.345668 1.842068 3.187736 0.283266
 0.000260 1.328664 1.843047 3.171711 0.397351
 0.000261 1.313619 1.844145 3.157764 0.512325
 0.000261 1.301593 1.845429 3.147022 0.610815
 0.000262 1.293860 1.846936 3.140796 0.671869
 0.000262 1.290803 1.848695 3.139498 0.684959
 0.000263 1.293222 1.850550 3.143773 0.642316
 0.000263 1.300846 1.852367 3.153213 0.552996
 0.000264 1.312918 1.854159 3.167077 0.433935
 0.000264 1.328360 1.855958 3.184318 0.305986
 0.000265 1.345478 1.857638 3.203115 0.191886
 0.000265 1.363515 1.859175 3.222691 0.101234
 0.000266 1.380995 1.860538 3.241533 0.041124
 0.000266 1.396782 1.861696 3.258478 0.009806
 0.000267 1.409698 1.862535 3.272233 0.000219
 0.000267 1.418908 1.863077 3.281984 0.002018
 0.000268 1.424373 1.863388 3.287761 0.006448
 0.000268 1.425888 1.863370 3.289258 0.008004
 0.000269 1.423062 1.862991 3.286053 0.004878
 0.000269 1.415953 1.862194 3.278147 0.000459
 0.000270 1.405535 1.860918 3.266452 0.002519
 0.000270 1.391939 1.859238 3.251177 0.020659
 0.000271 1.376715 1.857306 3.234020 0.061899
 0.000271 1.360332 1.854972 3.215304 0.132067
 0.000272 1.344545 1.852213 3.196758 0.227506
 0.000272 1.330785 1.849188 3.179973 0.336130
 0.000273 1.319908 1.846013 3.165921 0.443312
 0.000273 1.313073 1.842669 3.155741 0.530208
 0.000274 1.310593 1.839129 3.149723 0.585240
 0.000274 1.313061 1.835543 3.148604 0.595770
 0.000275 1.320622 1.831987 3.152609 0.558512
 0.000275 1.332178 1.828330 3.160508 0.488546
 0.000276 1.346554 1.824596 3.171150 0.401693
 0.000276 1.362764 1.820968 3.183733 0.309961
 0.000277 1.379775 1.817315 3.197090 0.225573
 0.000277 1.396833 1.813621 3.210454 0.154535
 0.000278 1.412446 1.809971 3.222416 0.102306
 0.000278 1.425522 1.806357 3.231878 0.068598
 0.000279 1.435437 1.802734 3.238171 0.049898
 0.000279 1.441910 1.799151 3.241061 0.042305
 0.000280 1.444347 1.795636 3.239984 0.045062
 0.000280 1.442231 1.792117 3.234348 0.060903
 0.000281 1.435638 1.788720 3.224359 0.094840
 0.000281 1.425073 1.785448 3.210521 0.154210
 0.000282 1.411041 1.782369 3.193410 0.247485
 0.000282 1.394630 1.779692 3.174322 0.377454
 0.000283 1.376445 1.777346 3.153791 0.547741
 0.000283 1.358146 1.775330 3.133477 0.747353
 0.000284 1.340660 1.773637 3.114297 0.964225
 0.000284 1.325459 1.772248 3.097707 1.174057
 0.000285 1.314077 1.771228 3.085305 1.344404
 0.000285 1.307082 1.770644 3.077726 1.454183
 0.000286 1.305080 1.770437 3.075517 1.487001
 0.000286 1.308331 1.770665 3.078996 1.435500
 0.000287 1.316363 1.771433 3.087795 1.309274
 0.000287 1.328660 1.772709 3.101368 1.125973
 0.000288 1.343950 1.774449 3.118398 0.915528
 0.000288 1.360209 1.776618 3.136827 0.712303
 0.000289 1.376221 1.779310 3.155531 0.532082
 0.000289 1.391536 1.782456 3.173992 0.379937
 0.000290 1.405082 1.785986 3.191068 0.261963
 0.000290 1.415755 1.789944 3.205699 0.178275
 0.000291 1.422997 1.794303 3.217300 0.123329
 0.000291 1.426989 1.799172 3.226161 0.088164
 0.000292 1.427279 1.804520 3.231799 0.068851
 0.000292 1.423620 1.810150 3.233770 0.062665
 0.000293 1.416408 1.815926 3.232334 0.067143
 0.000293 1.406529 1.821854 3.228383 0.080268
 0.000294 1.394118 1.827966 3.222084 0.103612
 0.000294 1.379989 1.834196 3.214186 0.137090
 0.000295 1.365395 1.840655 3.206050 0.176466
 0.000295 1.351205 1.847179 3.198384 0.218110
 0.000296 1.339151 1.853658 3.192808 0.251167
 0.000296 1.329879 1.860066 3.189945 0.269052
 0.000297 1.324081 1.866385 3.190465 0.265753
 0.000297 1.322129 1.872522 3.194651 0.239984
 0.000298 1.324470 1.878428 3.202898 0.193055
 0.000298 1.330698 1.884111 3.214809 0.134277
 0.000299 1.340354 1.889606 3.229960 0.074890
 0.000299 1.352308 1.894883 3.247191 0.028272
 0.000300 1.365896 1.899747 3.265644 0.003040
 0.000300 1.380266 1.904105 3.284371 0.003545
 0.000301 1.394397 1.907966 3.302363 0.028803
 0.000301 1.406905 1.911236 3.318141 0.070935
 0.000302 1.417408 1.913943 3.331351 0.120571
 0.000302 1.425141 1.916158 3.341300 0.166591
 0.000303 1.429703 1.917867 3.347569 0.199406
 0.000303 1.431004 1.918974 3.349978 0.212796
 0.000304 1.428490 1.919425 3.347916 0.201304
 0.000304 1.422361 1.919156 3.341517 0.167679
 0.000305 1.412801 1.918347 3.331148 0.119710
 0.000305 1.400017 1.916898 3.316916 0.066995
 0.000306 1.384912 1.914856 3.299769 0.023664
 0.000306 1.368316 1.912424 3.280740 0.001392
 0.000307 1.351362 1.909670 3.261032 0.006953
 0.000307 1.335128 1.906614 3.241742 0.040605
 0.000308 1.320832 1.903314 3.224146 0.095642
 0.000308 1.309627 1.899791 3.209417 0.159565
 0.000309 1.302308 1.896088 3.198396 0.218042
 0.000309 1.299497 1.892356 3.191853 0.257063
 0.000310 1.301625 1.888566 3.190191 0.267488
 0.000310 1.308510 1.884696 3.193206 0.248732
 0.000311 1.319557 1.880826 3.200384 0.206822
 0.000311 1.333894 1.877067 3.210961 0.152101
 0.000312 1.350458 1.873480 3.223939 0.096430
 0.000312 1.367823 1.870042 3.237865 0.050739
 0.000313 1.384391 1.866770 3.251161 0.020687
 0.000313 1.399030 1.863771 3.262801 0.005264
 0.000314 1.411265 1.861007 3.272272 0.000212
 0.000314 1.420109 1.858475 3.278584 0.000581
 0.000315 1.425357 1.856184 3.281541 0.001782
 0.000315 1.426565 1.854213 3.280778 0.001409
 0.000316 1.423734 1.852603 3.276337 0.000107
 0.000316 1.417112 1.851289 3.268401 0.001464
 0.000317 1.407456 1.850258 3.257713 0.010755
 0.000317 1.394896 1.849561 3.244456 0.034183
 0.000318 1.380399 1.849241 3.229640 0.075965
 0.000318 1.364943 1.849051 3.213995 0.137957
 0.000319 1.349883 1.849064 3.198947 0.214899
 0.000319 1.336317 1.849266 3.185583 0.297473
 0.000320 1.325451 1.849624 3.175074 0.371811
 0.000320 1.318138 1.850167 3.168305 0.424085
 0.000321 1.315278 1.850920 3.166198 0.441056
 0.000321 1.317084 1.851745 3.168829 0.419914
 0.000322 1.323405 1.852572 3.175977 0.365101
 0.000322 1.333706 1.853309 3.187015 0.287982
 0.000323 1.347157 1.853875 3.201032 0.203226
 0.000323 1.362820 1.854286 3.217106 0.124166
 0.000324 1.379328 1.854397 3.233725 0.062802
 0.000324 1.395333 1.854150 3.249483 0.023748
 0.000325 1.409696 1.853592 3.263288 0.004840
 0.000325 1.421720 1.852735 3.274455 0.000001
 0.000326 1.430749 1.851681 3.282430 0.002271
 0.000326 1.436309 1.850339 3.286648 0.005400
 0.000327 1.438180 1.848660 3.286840 0.005574
 0.000327 1.436390 1.846597 3.282987 0.002608
 0.000328 1.431021 1.844263 3.275284 0.000015
 0.000328 1.421871 1.841665 3.263535 0.004631
 0.000329 1.409797 1.838797 3.248594 0.025455
 0.000329 1.395600 1.835767 3.231367 0.070248
 0.000330 1.379852 1.832557 3.212409 0.145264
 0.000330 1.363493 1.829176 3.192669 0.252025
 0.000331 1.347415 1.825766 3.173181 0.386088
 0.000331 1.332467 1.822260 3.154728 0.539286
 0.000332 1.320167 1.818616 3.138783 0.692223
 0.000332 1.311110 1.814983 3.126093 0.827575
 0.000333 1.306612 1.811369 3.117981 0.920419
 0.000333 1.307134 1.807697 3.114831 0.957812
 0.000334 1.312150 1.804081 3.116231 0.941099
 0.000334 1.320942 1.800593 3.121535 0.879138
 0.000335 1.333002 1.797276 3.130278 0.781606
 0.000335 1.347654 1.794106 3.141760 0.662222
 0.000336 1.363107 1.791030 3.154137 0.544616
 0.000336 1.378266 1.788106 3.166372 0.439639
 0.000337 1.392488 1.785366 3.177854 0.351345
 0.000337 1.404479 1.782896 3.187375 0.285623
 0.000338 1.413598 1.780725 3.194323 0.241958
 0.000338 1.419439 1.778817 3.198256 0.218844
 0.000339 1.421742 1.777160 3.198902 0.215158
 0.000339 1.420417 1.775598 3.196015 0.231869
 0.000340 1.415574 1.774398 3.189971 0.268881
 0.000340 1.407571 1.773459 3.181030 0.328662
 0.000341 1.396598 1.772752 3.169350 0.415790
 0.000341 1.383422 1.772339 3.155760 0.530037
 0.000342 1.368693 1.772090 3.140782 0.672006
 0.000342 1.353451 1.772146 3.125598 0.833104
 0.000343 1.339009 1.772533 3.111541 0.997646
 0.000343 1.326306 1.773225 3.099531 1.149978
 0.000344 1.316162 1.774326 3.090488 1.271812
 0.000344 1.309931 1.775910 3.085841 1.336813
 0.000345 1.308127 1.778032 3.086160 1.332299
 0.000345 1.310951 1.780647 3.091597 1.256536
 0.000346 1.318282 1.783767 3.102049 1.117141
 0.000346 1.329025 1.787444 3.116469 0.938279
 0.000347 1.342120 1.791662 3.133783 0.744118
 0.000347 1.356797 1.796353 3.153150 0.553570
 0.000348 1.372196 1.801581 3.173777 0.381566
 0.000348 1.387494 1.807322 3.194816 0.238996
 0.000349 1.401705 1.813528 3.215233 0.132380
 0.000349 1.413516 1.820105 3.233621 0.063121
 0.000350 1.422613 1.826966 3.249579 0.023568
 0.000350 1.428495 1.834028 3.262523 0.005513
 0.000351 1.430723 1.841180 3.271903 0.000283
 0.000351 1.429257 1.848468 3.277725 0.000355
 0.000352 1.424422 1.855937 3.280359 0.001223
 0.000352 1.415996 1.863396 3.279392 0.000844
 0.000353 1.404215 1.870791 3.275005 0.000005
 0.000353 1.389993 1.878077 3.268070 0.001623
 0.000354 1.373839 1.885218 3.259057 0.009116
 0.000354 1.356968 1.892232 3.249200 0.024286
 0.000355 1.340480 1.899120 3.239601 0.046063
 0.000355 1.325403 1.905859 3.231261 0.070591
 0.000356 1.312805 1.912351 3.225156 0.091854
 0.000356 1.303642 1.918465 3.222107 0.103523
 0.000357 1.298593 1.924151 3.222745 0.101025
 0.000357 1.297880 1.929385 3.227265 0.084194
 0.000358 1.301450 1.934129 3.235579 0.057242
 0.000358 1.309226 1.938395 3.247621 0.027393
 0.000359 1.320157 1.942155 3.262312 0.005707
 0.000359 1.333172 1.945360 3.278532 0.000566
 0.000360 1.347169 1.948090 3.295259 0.015930
 0.000360 1.360951 1.950315 3.311266 0.050283
 0.000361 1.373236 1.951985 3.325221 0.095911
 0.000361 1.383260 1.953106 3.336367 0.142845
 0.000362 1.390129 1.953727 3.343856 0.179614
 0.000362 1.393770 1.953837 3.347607 0.199609
 0.000363 1.393890 1.953288 3.347178 0.197271
 0.000363 1.390111 1.952293 3.342403 0.172154
 0.000364 1.382659 1.950921 3.333580 0.130236
 0.000364 1.372138 1.949229 3.321366 0.081847
 0.000365 1.359360 1.947231 3.306591 0.038263
 0.000365 1.345221 1.944885 3.290106 0.008960
 0.000366 1.330706 1.942391 3.273097 0.000090
 0.000366 1.317006 1.939910 3.256916 0.011791
 0.000367 1.305512 1.937606 3.243118 0.037281
 0.000367 1.297408 1.935446 3.232854 0.065504
 0.000368 1.293282 1.933448 3.226731 0.086104
 0.000368 1.293492 1.931527 3.225019 0.092366
 0.000369 1.298173 1.929835 3.228007 0.081576
 0.000369 1.306638 1.928214 3.234852 0.059389
 0.000370 1.318361 1.926765 3.245126 0.032684
 0.000370 1.332389 1.925630 3.258019 0.010370
 0.000371 1.346985 1.924839 3.271824 0.000299
 0.000371 1.361699 1.924187 3.285885 0.004735
 0.000372 1.375567 1.923727 3.299294 0.022779
 0.000372 1.387738 1.923422 3.311160 0.049992
 0.000373 1.397487 1.923305 3.320792 0.079845
 0.000373 1.404162 1.923297 3.327459 0.104585
 0.000374 1.407957 1.923402 3.331359 0.120603
 0.000374 1.408656 1.923461 3.332117 0.123850
 0.000375 1.406319 1.923578 3.329898 0.114468
 0.000375 1.401087 1.923583 3.324670 0.093831
 0.000376 1.393219 1.923462 3.316681 0.066253
 0.000376 1.383603 1.923214 3.306818 0.038808
 0.000377 1.373009 1.922649 3.295658 0.016552
 0.000377 1.362257 1.921762 3.284019 0.003293
 0.000378 1.352045 1.920637 3.272682 0.000145
 0.000378 1.342663 1.919375 3.262038 0.005964
 0.000379 1.335035 1.917850 3.252886 0.017760
 0.000379 1.329721 1.916202 3.245923 0.030943
 0.000380 1.327929 1.914508 3.242437 0.038909
 0.000380 1.329594 1.912640 3.242235 0.039399
 0.000381 1.334169 1.910556 3.244725 0.033578
 0.000381 1.340908 1.908175 3.249083 0.024510
 0.000382 1.349265 1.905679 3.254944 0.014560
 0.000382 1.358590 1.903022 3.261612 0.006373
 0.000383 1.367744 1.900338 3.268082 0.001617
 0.000383 1.376563 1.897460 3.274023 0.000015
 0.000384 1.384267 1.894394 3.278661 0.000604
 0.000384 1.390880 1.891122 3.282003 0.002028
 0.000385 1.395579 1.887796 3.283375 0.002856
 0.000385 1.398235 1.884518 3.282753 0.002463
 0.000386 1.398800 1.881249 3.280050 0.001094
 0.000386 1.396701 1.877989 3.274690 0.000000
 0.000387 1.392017 1.874865 3.266881 0.002262
 0.000387 1.384882 1.871799 3.256681 0.012106
 0.000388 1.375781 1.868788 3.244568 0.033930
 0.000388 1.365522 1.865812 3.231333 0.070357
 0.000389 1.355041 1.862975 3.218016 0.120271
 0.000389 1.345003 1.860260 3.205262 0.180541
 0.000390 1.336288 1.857766 3.194054 0.243579
 0.000390 1.329212 1.855377 3.184588 0.304156
 0.000391 1.324515 1.853131 3.177646 0.352855
 0.000391 1.322855 1.851055 3.173910 0.380559
 0.000392 1.324165 1.849123 3.173288 0.385272
 0.000392 1.328501 1.847322 3.175822 0.366246
 0.000393 1.335718 1.845665 3.181383 0.326188
 0.000393 1.345190 1.844012 3.189202 0.273791
 0.000394 1.355766 1.842302 3.198067 0.219923
 0.000394 1.366808 1.840605 3.207413 0.169521
 0.000395 1.377446 1.838863 3.216309 0.127630
 0.000395 1.387356 1.837079 3.224435 0.094552
 0.000396 1.396449 1.835315 3.231765 0.068963
 0.000396 1.403996 1.833580 3.237577 0.051536
 0.000397 1.408965 1.831886 3.240851 0.042834
 0.000397 1.411159 1.830140 3.241299 0.041706
 0.000398 1.410675 1.828380 3.239055 0.047509
 0.000398 1.407213 1.826684 3.233898 0.062273
 0.000399 1.401380 1.825087 3.226467 0.087054
 0.000399 1.393873 1.823588 3.217461 0.122640
 0.000400 1.385131 1.822223 3.207354 0.169822
 0.000400 1.376186 1.821060 3.197246 0.224669
 0.000401 1.368123 1.820061 3.188184 0.280353
 0.000401 1.361371 1.819296 3.180668 0.331214
 0.000402 1.356411 1.818879 3.175289 0.370208
 0.000402 1.353468 1.818822 3.172290 0.392894
 0.000403 1.352835 1.819092 3.171927 0.395687
 0.000403 1.354567 1.819598 3.174165 0.378631
 0.000404 1.358756 1.820362 3.179118 0.342228
 0.000404 1.365048 1.821537 3.186586 0.290814
 0.000405 1.372960 1.823102 3.196063 0.231589
 0.000405 1.381670 1.824989 3.206659 0.173345
 0.000406 1.390509 1.827156 3.217665 0.121768
 0.000406 1.398748 1.829571 3.228319 0.080491
 0.000407 1.406190 1.832253 3.238444 0.049154
 0.000407 1.412134 1.835107 3.247241 0.028168
 0.000408 1.416322 1.838133 3.254455 0.015291
 0.000408 1.418249 1.841243 3.259492 0.008614
 0.000409 1.417350 1.844417 3.261767 0.006222
 0.000409 1.413476 1.847596 3.261072 0.006912
 0.000410 1.406569 1.850723 3.257292 0.011296
 0.000410 1.397578 1.853816 3.251393 0.020280
 0.000411 1.386808 1.856813 3.243620 0.036102
 0.000411 1.374639 1.859643 3.234282 0.061103
 0.000412 1.361451 1.862329 3.223780 0.097035
 0.000412 1.348527 1.864845 3.213372 0.140806
 0.000413 1.336498 1.867162 3.203660 0.188977
 0.000413 1.325934 1.869244 3.195179 0.236828
 0.000414 1.317999 1.871028 3.189027 0.274914
 0.000414 1.313673 1.872543 3.186216 0.293260
 0.000415 1.313087 1.873808 3.186895 0.288774
 0.000415 1.315813 1.874865 3.190679 0.264409
 0.000416 1.321938 1.875565 3.197503 0.223176
 0.000416 1.331171 1.875919 3.207091 0.171150
 0.000417 1.342300 1.875794 3.218094 0.119938
 0.000417 1.354336 1.875271 3.229607 0.076077
 0.000418 1.366670 1.874499 3.241170 0.042031
 0.000418 1.378127 1.873480 3.251607 0.019908
 0.000419 1.387781 1.872230 3.260011 0.008035
 0.000419 1.394965 1.870890 3.265855 0.002899
 0.000420 1.399529 1.869435 3.268964 0.001212
 0.000420 1.401152 1.867837 3.268989 0.001201
 0.000421 1.399903 1.866085 3.265987 0.002813
 0.000421 1.395957 1.864206 3.260163 0.007868
 0.000422 1.389453 1.862348 3.251800 0.019576
 0.000422 1.380899 1.860372 3.241271 0.041776
 0.000423 1.370795 1.858440 3.229235 0.077340
 0.000423 1.359953 1.856664 3.216617 0.126287
 0.000424 1.349625 1.855051 3.204676 0.183607
 0.000424 1.340519 1.853456 3.193975 0.244059
 0.000425 1.333583 1.852038 3.185622 0.297215
 0.000425 1.329121 1.850910 3.180031 0.335716
 0.000426 1.327823 1.849930 3.177753 0.352077
 0.000426 1.329454 1.849234 3.178687 0.345318
 0.000427 1.334655 1.848960 3.183615 0.310763
 0.000427 1.342844 1.848956 3.191800 0.257393
 0.000428 1.353489 1.849150 3.202639 0.194451
 0.000428 1.365690 1.849622 3.215312 0.132029
 0.000429 1.378423 1.850259 3.228681 0.079235
 0.000429 1.390614 1.850944 3.241558 0.041062
 0.000430 1.401899 1.851704 3.253603 0.016609
 0.000430 1.411675 1.852575 3.264250 0.004055
 0.000431 1.419215 1.853547 3.272761 0.000133
 0.000431 1.423781 1.854456 3.278236 0.000483
 0.000432 1.424967 1.855291 3.280259 0.001180
 0.000432 1.422768 1.856015 3.278783 0.000641
 0.000433 1.417095 1.856617 3.273712 0.000033
 0.000433 1.408279 1.857066 3.265345 0.003246
 0.000434 1.396875 1.857534 3.254409 0.015361
 0.000434 1.383575 1.857857 3.241432 0.041374
 0.000435 1.369220 1.858147 3.227367 0.083833
 0.000435 1.354741 1.858389 3.213130 0.141920
 0.000436 1.340571 1.858576 3.199147 0.213766
 0.000436 1.327694 1.858707 3.186401 0.292033
 0.000437 1.317210 1.858850 3.176060 0.364487
 0.000437 1.309793 1.859113 3.168906 0.419303
 0.000438 1.306136 1.859442 3.165578 0.446111
 0.000438 1.306469 1.859645 3.166113 0.441743
 0.000439 1.310625 1.859776 3.170401 0.407531
 0.000439 1.318186 1.859830 3.178016 0.350170
 0.000440 1.328760 1.859845 3.188606 0.277624
 0.000440 1.341628 1.859878 3.201506 0.200619
 0.000441 1.355245 1.859933 3.215178 0.132627
 0.000441 1.368526 1.859989 3.228514 0.079812
 0.000442 1.380534 1.860055 3.240589 0.043500
 0.000442 1.390206 1.860112 3.250318 0.022198
 0.000443 1.397293 1.860108 3.257401 0.011156
 0.000443 1.401258 1.860064 3.261323 0.006659
 0.000444 1.401292 1.859910 3.261202 0.006780
 0.000444 1.397566 1.859624 3.257190 0.011430
 0.000445 1.390832 1.859196 3.250028 0.022731
 0.000445 1.381571 1.858664 3.240235 0.044411
 0.000446 1.370129 1.858010 3.228139 0.081116
 0.000446 1.356881 1.857200 3.214081 0.137564
 0.000447 1.342821 1.856152 3.198974 0.214748
 0.000447 1.329224 1.854905 3.184128 0.307270
 0.000448 1.317357 1.853482 3.170838 0.404118
 0.000448 1.308450 1.851873 3.160323 0.490133
 0.000449 1.303275 1.850195 3.153470 0.550659
 0.000449 1.302190 1.848543 3.150733 0.575813
 0.000450 1.305681 1.846818 3.152498 0.559524
 0.000450 1.313688 1.844970 3.158658 0.504511
 0.000451 1.325356 1.843091 3.168447 0.422954
 0.000451 1.340005 1.841130 3.181135 0.327928
 0.000452 1.356620 1.839098 3.195718 0.233627
 0.000452 1.373235 1.836966 3.210201 0.155754
 0.000453 1.389178 1.834725 3.223903 0.096567
 0.000453 1.404204 1.832554 3.236758 0.053838
 0.000454 1.417110 1.830425 3.247535 0.027567
 0.000454 1.426775 1.828365 3.255141 0.014270
 0.000455 1.433127 1.826494 3.259621 0.008469
 0.000455 1.435693 1.824873 3.260566 0.007437
 0.000456 1.434150 1.823462 3.257611 0.010885
 0.000456 1.428992 1.822244 3.251236 0.020554
 0.000457 1.420055 1.821236 3.241292 0.041725
 0.000457 1.408154 1.820484 3.228639 0.079383
 0.000458 1.394331 1.820097 3.214428 0.135992
 0.000458 1.379299 1.820096 3.199395 0.212363
 0.000459 1.363898 1.820472 3.184370 0.305632
 0.000459 1.349205 1.821197 3.170401 0.407529
 0.000460 1.335910 1.822371 3.158281 0.507803
 0.000460 1.324934 1.823904 3.148837 0.593564
 0.000461 1.317096 1.826050 3.143146 0.648478
 0.000461 1.312848 1.828752 3.141600 0.663824
 0.000462 1.312481 1.831979 3.144459 0.635595
 0.000462 1.316109 1.835593 3.151702 0.566844
 0.000463 1.323321 1.839482 3.162803 0.469101
 0.000463 1.332875 1.843707 3.176581 0.360641
 0.000464 1.344183 1.848024 3.192207 0.254868
 0.000464 1.356385 1.852492 3.208877 0.162221
 0.000465 1.368182 1.856994 3.225176 0.091782
 0.000465 1.378507 1.861252 3.239758 0.045650
 0.000466 1.387233 1.865381 3.252615 0.018206
 0.000466 1.393418 1.869364 3.262782 0.005280
 0.000467 1.396571 1.873186 3.269758 0.000897
 0.000467 1.396363 1.876679 3.273043 0.000097
 0.000468 1.392852 1.879804 3.272656 0.000149
 0.000468 1.386404 1.882633 3.269037 0.001181
 0.000469 1.377425 1.885210 3.262635 0.005412
 0.000469 1.366432 1.887357 3.253789 0.016316
 0.000470 1.354362 1.888961 3.243323 0.036798
 0.000470 1.341994 1.890068 3.232062 0.068009
 0.000471 1.329613 1.890764 3.220377 0.110451
 0.000471 1.318233 1.891101 3.209333 0.159976
 0.000472 1.308850 1.891156 3.200006 0.208929
 0.000472 1.302390 1.890859 3.193249 0.248472
 0.000473 1.299466 1.890154 3.189620 0.271116
 0.000473 1.300538 1.889082 3.189621 0.271112
 0.000474 1.305766 1.887677 3.193444 0.247280
 0.000474 1.314508 1.885973 3.200481 0.206281
 0.000475 1.325878 1.883963 3.209841 0.157501
 0.000475 1.339271 1.881649 3.220921 0.108250
 0.000476 1.353561 1.878985 3.232546 0.066473
 0.000476 1.367961 1.875931 3.243891 0.035475
 0.000477 1.381767 1.872551 3.254319 0.015498
 0.000477 1.394041 1.868940 3.262981 0.005105
 0.000478 1.404004 1.865099 3.269103 0.001153
 0.000478 1.411089 1.860929 3.272017 0.000260
 0.000479 1.415051 1.856442 3.271493 0.000373
 0.000479 1.415781 1.851704 3.267484 0.001925
 0.000480 1.413593 1.846865 3.260458 0.007552
 0.000480 1.408469 1.842016 3.250485 0.021895
 0.000481 1.401286 1.837134 3.238421 0.049216
 0.000481 1.392270 1.832346 3.224616 0.093873
 0.000482 1.382063 1.827515 3.209578 0.158780
 0.000482 1.371364 1.822802 3.194165 0.242907
 0.000483 1.361048 1.818169 3.179217 0.341518
 0.000483 1.351416 1.813678 3.165093 0.450084
 0.000484 1.343270 1.809395 3.152665 0.558000
 0.000484 1.337547 1.805317 3.142864 0.651265
 0.000485 1.334795 1.801550 3.136344 0.717298
 0.000485 1.335162 1.798107 3.133268 0.749562
 0.000486 1.338461 1.794946 3.133407 0.748087
 0.000486 1.344743 1.792141 3.136884 0.711712
 0.000487 1.353406 1.789583 3.142989 0.650032
 0.000487 1.363927 1.787298 3.151225 0.571247
 0.000488 1.375246 1.785251 3.160497 0.488646
 0.000488 1.386199 1.783393 3.169592 0.413882
 0.000489 1.396096 1.781880 3.177976 0.350460
 0.000489 1.404405 1.780633 3.185038 0.301125
 0.000490 1.410676 1.779743 3.190418 0.266050
 0.000490 1.414193 1.779217 3.193410 0.247486
 0.000491 1.414455 1.779023 3.193479 0.247068
 0.000491 1.411939 1.779115 3.191054 0.262047
 0.000492 1.406504 1.779524 3.186028 0.294511
 0.000492 1.398334 1.780253 3.178587 0.346043
 0.000493 1.388273 1.781334 3.169607 0.413763
 0.000493 1.376459 1.782771 3.159230 0.499550
 0.000494 1.363867 1.784510 3.148376 0.597922
 0.000494 1.351356 1.786532 3.137889 0.701370
 0.000495 1.339710 1.788992 3.128702 0.798767
 0.000495 1.330001 1.791747 3.121748 0.876691
 0.000496 1.322977 1.794786 3.117763 0.922987
 0.000496 1.319189 1.798137 3.117326 0.928141
 0.000497 1.318687 1.801713 3.120400 0.892223
 0.000497 1.321369 1.805669 3.127039 0.817071
 0.000498 1.327107 1.809937 3.137044 0.710062
 0.000498 1.335644 1.814358 3.150002 0.582625
 0.000499 1.346188 1.818899 3.165088 0.450133
 0.000499 1.357657 1.823415 3.181072 0.328372
 0.000500 1.369449 1.827972 3.197421 0.223650
