#! FIELDS time dAB dAC dAD rc bias
 0.000000 1.563786 1.382856 2.481317 5.427959 22.010019
 0.000000 1.563615 1.400930 2.478999 5.443543 23.056152
 0.000001 1.563447 1.419608 2.476600 5.459655 24.163247
 0.000001 1.562575 1.438537 2.474071 5.475183 25.254718
 0.000002 1.560979 1.457030 2.471379 5.489388 26.274389
 0.000002 1.558793 1.474175 2.468527 5.501495 27.159369
 0.000003 1.556058 1.489662 2.465515 5.511236 27.882014
 0.000003 1.552359 1.502804 2.462441 5.517603 28.359502
 0.000004 1.547644 1.513006 2.459245 5.519895 28.532375
 0.000004 1.541721 1.519786 2.455978 5.517486 28.350662
 0.000005 1.534791 1.523331 2.452612 5.510734 27.844582
 0.000005 1.526622 1.523843 2.449170 5.499635 27.022454
 0.000006 1.517763 1.522346 2.445607 5.485716 26.008868
 0.000006 1.508467 1.518862 2.441935 5.469264 24.835813
 0.000007 1.498903 1.514115 2.438260 5.451278 23.584374
 0.000007 1.489428 1.508492 2.434619 5.432539 22.314979
 0.000008 1.480138 1.503107 2.430910 5.414156 21.103737
 0.000008 1.471080 1.497786 2.427203 5.396069 19.945049
 0.000009 1.463089 1.493251 2.423520 5.379860 18.934458
 0.000009 1.456596 1.489575 2.419828 5.366000 18.091122
 0.000010 1.451759 1.487271 2.416144 5.355174 17.445832
 0.000010 1.448776 1.486870 2.412488 5.348134 17.032451
 0.000011 1.448196 1.488696 2.408889 5.345781 16.895391
 0.000011 1.449328 1.492474 2.405376 5.347178 16.976709
 0.000012 1.451893 1.498146 2.401919 5.351958 17.256378
 0.000012 1.455679 1.505128 2.398443 5.359250 17.687380
 0.000013 1.460032 1.513503 2.394969 5.368504 18.242081
 0.000013 1.464344 1.523425 2.391521 5.379291 18.899430
 0.000014 1.468285 1.534739 2.388144 5.391168 19.636691
 0.000014 1.471155 1.546832 2.384766 5.402753 20.369447
 0.000015 1.472083 1.558688 2.381350 5.412121 20.971774
 0.000015 1.470576 1.569369 2.377936 5.417880 21.346409
 0.000016 1.466342 1.577820 2.374561 5.418723 21.401536
 0.000016 1.459785 1.583364 2.371260 5.414409 21.120231
 0.000017 1.451141 1.585362 2.368068 5.404571 20.485632
 0.000017 1.441059 1.583625 2.364901 5.389584 19.537588
 0.000018 1.430044 1.577889 2.361843 5.369776 18.318994
 0.000018 1.419142 1.568656 2.358859 5.346656 16.946299
 0.000019 1.408800 1.556856 2.355948 5.321605 15.519233
 0.000019 1.399775 1.543213 2.353159 5.296147 14.133366
 0.000020 1.393158 1.528600 2.350519 5.272278 12.892803
 0.000020 1.389734 1.513908 2.347984 5.251626 11.865415
 0.000021 1.390070 1.500295 2.345643 5.236008 11.116782
 0.000021 1.394678 1.488985 2.343459 5.227122 10.701732
 0.000022 1.403391 1.480684 2.341530 5.225606 10.631713
 0.000022 1.416053 1.475653 2.339800 5.231506 10.905536
 0.000023 1.431961 1.474098 2.338263 5.244321 11.512256
 0.000023 1.449748 1.476156 2.336911 5.262815 12.416753
 0.000024 1.468216 1.481788 2.335757 5.285761 13.586537
 0.000024 1.486241 1.489983 2.334783 5.311007 14.934436
 0.000025 1.502421 1.500372 2.334040 5.336833 16.379226
 0.000025 1.515337 1.512037 2.333425 5.360800 17.779707
 0.000026 1.523701 1.523739 2.332922 5.380362 18.965386
 0.000026 1.527193 1.534450 2.332579 5.394222 19.828552
 0.000027 1.524891 1.543236 2.332341 5.400468 20.223847
 0.000027 1.517211 1.549376 2.332243 5.398831 20.119859
 0.000028 1.505197 1.552280 2.332297 5.389774 19.549444
 0.000028 1.490066 1.551967 2.332481 5.374514 18.606922
 0.000029 1.473164 1.548908 2.332757 5.354830 17.425491
 0.000029 1.455946 1.543881 2.333134 5.332960 16.158339
 0.000030 1.439609 1.537065 2.333633 5.310307 14.896179
 0.000030 1.425402 1.529288 2.334316 5.289006 13.756219
 0.000031 1.414370 1.521860 2.335155 5.271385 12.847511
 0.000031 1.407207 1.515622 2.336034 5.258863 12.220592
 0.000032 1.404533 1.511218 2.337015 5.252767 11.921055
 0.000032 1.406410 1.509439 2.338154 5.254003 11.981486
 0.000033 1.412486 1.510703 2.339449 5.262638 12.407930
 0.000033 1.422210 1.514788 2.340963 5.277961 13.182988
 0.000034 1.434613 1.521398 2.342782 5.298793 14.274363
 0.000034 1.449108 1.529937 2.344912 5.323957 15.650566
 0.000035 1.465058 1.539767 2.347106 5.351931 17.254776
 0.000035 1.481372 1.550016 2.349430 5.380819 18.993504
 0.000036 1.496923 1.559544 2.351826 5.408293 20.724555
 0.000036 1.510800 1.567885 2.354287 5.432972 22.343870
 0.000037 1.521607 1.574494 2.356724 5.452825 23.690746
 0.000037 1.528369 1.578841 2.359165 5.466375 24.632661
 0.000038 1.530391 1.580452 2.361668 5.472512 25.065235
 0.000038 1.527690 1.578696 2.364117 5.470503 24.923253
 0.000039 1.520559 1.574097 2.366577 5.461232 24.272959
 0.000039 1.509682 1.566878 2.369025 5.445585 23.194990
 0.000040 1.496055 1.557489 2.371502 5.425046 21.817214
 0.000040 1.480764 1.546984 2.373965 5.401713 20.303124
 0.000041 1.465082 1.536382 2.376544 5.378008 18.820639
 0.000041 1.450242 1.526088 2.379152 5.355482 17.463995
 0.000042 1.436531 1.516633 2.381772 5.334936 16.270848
 0.000042 1.424995 1.508927 2.384462 5.318384 15.340328
 0.000043 1.416334 1.503095 2.387150 5.306579 14.693429
 0.000043 1.410871 1.499545 2.389846 5.300262 14.352984
 0.000044 1.408775 1.498530 2.392617 5.299922 14.334765
 0.000044 1.409958 1.499420 2.395453 5.304830 14.598779
 0.000045 1.414056 1.501989 2.398436 5.314481 15.124927
 0.000045 1.421121 1.505898 2.401536 5.328555 15.908883
 0.000046 1.431056 1.511052 2.404709 5.346817 16.955658
 0.000046 1.443365 1.516218 2.407927 5.367510 18.182075
 0.000047 1.457351 1.520828 2.411138 5.389317 19.520876
 0.000047 1.472789 1.524571 2.414437 5.411798 20.950827
 0.000048 1.489377 1.526651 2.417752 5.433780 22.397936
 0.000048 1.505834 1.526957 2.421009 5.453799 23.757836
 0.000049 1.521201 1.525145 2.424279 5.470624 24.931793
 0.000049 1.534446 1.521657 2.427491 5.483595 25.856100
 0.000050 1.544969 1.516926 2.430684 5.492578 26.506133
 0.000050 1.552521 1.510854 2.433859 5.497234 26.846234
 0.000051 1.556221 1.503729 2.437051 5.497000 26.829106
 0.000051 1.556441 1.495927 2.440214 5.492582 26.506455
 0.000052 1.553198 1.487536 2.443431 5.484165 25.897138
 0.000052 1.547083 1.479383 2.446612 5.473078 25.105357
 0.000053 1.538651 1.471990 2.449681 5.460322 24.209593
 0.000053 1.528392 1.465287 2.452763 5.446442 23.253390
 0.000054 1.517355 1.459662 2.455782 5.432799 22.332358
 0.000054 1.505626 1.455438 2.458708 5.419772 21.470196
 0.000055 1.493851 1.452636 2.461634 5.408121 20.713516
 0.000055 1.483021 1.451795 2.464635 5.399451 20.159259
 0.000056 1.473362 1.453265 2.467749 5.394376 19.838283
 0.000056 1.465481 1.456621 2.470805 5.392908 19.745918
 0.000057 1.459754 1.461695 2.473824 5.395272 19.894785
 0.000057 1.455981 1.468338 2.476904 5.401223 20.271895
 0.000058 1.454394 1.476985 2.479985 5.411363 20.922733
 0.000058 1.455234 1.487370 2.483007 5.425611 21.854544
 0.000059 1.457836 1.499304 2.485902 5.443042 23.022115
 0.000059 1.461860 1.511890 2.488672 5.462422 24.355944
 0.000060 1.467127 1.524209 2.491319 5.482655 25.788596
 0.000060 1.473207 1.535479 2.493847 5.502533 27.235917
 0.000061 1.479391 1.544438 2.496206 5.520034 28.542903
 0.000061 1.485457 1.550027 2.498444 5.533928 29.602321
 0.000062 1.491112 1.551694 2.500585 5.543390 30.334818
 0.000062 1.495716 1.549304 2.502591 5.547612 30.664550
 0.000063 1.498256 1.543112 2.504464 5.545832 30.525334
 0.000063 1.498563 1.533548 2.506202 5.538313 29.940686
 0.000064 1.496624 1.520838 2.507851 5.525313 28.943138
 0.000064 1.492583 1.505508 2.509420 5.507512 27.604649
 0.000065 1.487059 1.488509 2.510878 5.486446 26.061515
 0.000065 1.480758 1.470973 2.512222 5.463953 24.462933
 0.000066 1.474155 1.453867 2.513502 5.441523 22.919198
 0.000066 1.467446 1.437765 2.514633 5.419845 21.474967
 0.000067 1.460973 1.423451 2.515583 5.400008 20.194589
 0.000067 1.455359 1.411586 2.516387 5.383332 19.148706
 0.000068 1.451253 1.403043 2.517073 5.371368 18.415508
 0.000068 1.449410 1.398416 2.517714 5.365539 18.063459
 0.000069 1.449653 1.398112 2.518327 5.366092 18.096712
 0.000069 1.451407 1.402134 2.518934 5.372476 18.482785
 0.000070 1.454267 1.410113 2.519511 5.383891 19.183318
 0.000070 1.457648 1.420902 2.520067 5.398616 20.106265
 0.000071 1.460809 1.433663 2.520596 5.415068 21.163066
 0.000071 1.463025 1.447228 2.521050 5.431303 22.232458
 0.000072 1.464130 1.460827 2.521433 5.446390 23.249881
 0.000072 1.463575 1.473031 2.521765 5.458371 24.074019
 0.000073 1.461037 1.482841 2.521987 5.465865 24.596853
 0.000073 1.456542 1.489153 2.522054 5.467749 24.729176
 0.000074 1.450383 1.491526 2.521957 5.463865 24.456795
 0.000074 1.443256 1.489439 2.521664 5.454358 23.796425
 0.000075 1.435774 1.482885 2.521209 5.439868 22.807262
 0.000075 1.428835 1.472708 2.520628 5.422170 21.627635
 0.000076 1.422892 1.459891 2.519972 5.402755 20.369587
 0.000076 1.418398 1.445931 2.519307 5.383637 19.167576
 0.000077 1.416342 1.431995 2.518513 5.366850 18.142300
 0.000077 1.417041 1.418753 2.517680 5.353474 17.345537
 0.000078 1.420343 1.407351 2.516805 5.344499 16.820960
 0.000078 1.425842 1.398163 2.515845 5.339850 16.552345
 0.000079 1.432807 1.391872 2.514839 5.339518 16.533300
 0.000079 1.440302 1.388258 2.513780 5.342339 16.695889
 0.000080 1.447474 1.387675 2.512597 5.347746 17.009799
 0.000080 1.453953 1.389404 2.511438 5.354795 17.423415
 0.000081 1.458921 1.393074 2.510225 5.362221 17.864539
 0.000081 1.461638 1.398343 2.508827 5.368809 18.260510
 0.000082 1.461983 1.404848 2.507379 5.374210 18.588350
 0.000082 1.459910 1.412102 2.505874 5.377887 18.813224
 0.000083 1.455933 1.419952 2.504300 5.380185 18.954486
 0.000083 1.449981 1.428170 2.502576 5.380727 18.987820
 0.000084 1.442282 1.436653 2.500789 5.379724 18.926111
 0.000084 1.434293 1.445384 2.498967 5.378643 18.859640
 0.000085 1.427030 1.453969 2.497085 5.378084 18.825331
 0.000085 1.421140 1.462526 2.495140 5.378806 18.869677
 0.000086 1.416794 1.470558 2.493213 5.380565 18.977877
 0.000086 1.414413 1.477847 2.491283 5.383543 19.161765
 0.000087 1.413894 1.484037 2.489370 5.387302 19.395171
 0.000087 1.415202 1.488403 2.487412 5.391017 19.627239
 0.000088 1.417471 1.490268 2.485346 5.393085 19.757035
 0.000088 1.420514 1.489193 2.483229 5.392935 19.747636
 0.000089 1.423681 1.485294 2.481093 5.390068 19.567866
 0.000089 1.426738 1.478988 2.478891 5.384616 19.228256
 0.000090 1.429200 1.470120 2.476583 5.375903 18.691730
 0.000090 1.430921 1.459363 2.474240 5.364523 18.002431
 0.000091 1.431952 1.447553 2.471774 5.351279 17.216493
 0.000091 1.432596 1.435324 2.469245 5.337165 16.398272
 0.000092 1.432683 1.423587 2.466679 5.322949 15.594238
 0.000092 1.432823 1.413553 2.464021 5.310398 14.901150
 0.000093 1.432677 1.405355 2.461278 5.299310 14.301994
 0.000093 1.432753 1.399531 2.458539 5.290823 13.851705
 0.000094 1.433776 1.396499 2.455844 5.286118 13.605189
 0.000094 1.436056 1.396850 2.453206 5.286112 13.604879
 0.000095 1.439330 1.401143 2.450665 5.291137 13.868251
 0.000095 1.443488 1.409292 2.448191 5.300971 14.390977
 0.000096 1.447862 1.420958 2.445777 5.314597 15.131299
 0.000096 1.452019 1.435578 2.443380 5.330976 16.045747
 0.000097 1.455453 1.451840 2.440971 5.348265 17.040090
 0.000097 1.457145 1.468814 2.438558 5.364517 18.002029
 0.000098 1.456259 1.485411 2.436137 5.377807 18.808340
 0.000098 1.453226 1.500438 2.433725 5.387389 19.400598
 0.000099 1.448411 1.513083 2.431380 5.392874 19.743769
 0.000099 1.441980 1.522982 2.429111 5.394074 19.819256
 0.000100 1.434381 1.529645 2.426863 5.390888 19.619193
 0.000100 1.425831 1.532838 2.424640 5.383309 19.147327
 0.000101 1.417267 1.533176 2.422494 5.372937 18.510837
 0.000101 1.409298 1.530510 2.420364 5.360171 17.742243
 0.000102 1.402482 1.526010 2.418332 5.346824 16.956060
 0.000102 1.398084 1.520427 2.416373 5.334884 16.267892
 0.000103 1.396945 1.514754 2.414522 5.326222 15.777554
 0.000103 1.400047 1.510007 2.412751 5.322805 15.586159
 0.000104 1.408125 1.506483 2.410991 5.325598 15.742531
 0.000104 1.420836 1.504723 2.409324 5.334883 16.267831
 0.000105 1.437165 1.505057 2.407646 5.349868 17.133797
 0.000105 1.456153 1.507306 2.405998 5.369457 18.299714
 0.000106 1.476908 1.511134 2.404488 5.392530 19.722143
 0.000106 1.498134 1.516051 2.403055 5.417241 21.304644
 0.000107 1.518401 1.521524 2.401632 5.441557 22.921507
 0.000107 1.535997 1.526923 2.400221 5.463140 24.406120
 0.000108 1.549377 1.531332 2.398878 5.479587 25.568682
 0.000108 1.557837 1.534248 2.397585 5.489670 26.294836
 0.000109 1.561100 1.536013 2.396287 5.493401 26.566090
 0.000109 1.559483 1.536631 2.395003 5.491117 26.399844
 0.000110 1.553529 1.535262 2.393795 5.482586 25.783610
 0.000110 1.544226 1.532189 2.392591 5.469006 24.817623
 0.000111 1.532957 1.528135 2.391295 5.452387 23.660611
 0.000111 1.520753 1.523020 2.389989 5.433762 22.396735
 0.000112 1.508888 1.517575 2.388673 5.415136 21.167498
 0.000112 1.498810 1.512096 2.387373 5.398279 20.084858
 0.000113 1.491447 1.506917 2.386141 5.384506 19.221415
 0.000113 1.487815 1.502609 2.385078 5.375502 18.667196
 0.000114 1.488015 1.499275 2.384179 5.371469 18.421615
 0.000114 1.492200 1.496971 2.383360 5.372531 18.486119
 0.000115 1.499743 1.495663 2.382700 5.378106 18.826684
 0.000115 1.510330 1.494874 2.382172 5.387377 19.399838
 0.000116 1.523347 1.494666 2.381775 5.399788 20.180630
 0.000116 1.537798 1.494248 2.381527 5.413573 21.065887
 0.000117 1.553413 1.493719 2.381384 5.428515 22.046973
 0.000117 1.569369 1.492990 2.381273 5.443632 23.062151
 0.000118 1.584498 1.491644 2.381292 5.457434 24.009040
 0.000118 1.597870 1.489624 2.381329 5.468823 24.804748
 0.000119 1.609000 1.486722 2.381416 5.477138 25.393863
 0.000119 1.617033 1.483475 2.381552 5.482060 25.745848
 0.000120 1.621398 1.480023 2.381807 5.483228 25.829744
 0.000120 1.622100 1.476523 2.382080 5.480703 25.648553
 0.000121 1.618734 1.473445 2.382318 5.474497 25.205998
 0.000121 1.611645 1.471317 2.382550 5.465513 24.572135
 0.000122 1.601342 1.470652 2.382767 5.454761 23.824170
 0.000122 1.588412 1.471632 2.383056 5.443100 23.026092
 0.000123 1.573557 1.474654 2.383308 5.431519 22.246838
 0.000123 1.557683 1.479756 2.383644 5.421083 21.556215
 0.000124 1.542100 1.486872 2.384062 5.413034 21.030963
 0.000124 1.527449 1.495439 2.384524 5.407412 20.667912
 0.000125 1.514080 1.504857 2.385031 5.403968 20.447051
 0.000125 1.502551 1.514826 2.385544 5.402921 20.380140
 0.000126 1.493017 1.524970 2.386081 5.404069 20.453527
 0.000126 1.485389 1.534831 2.386650 5.406870 20.633043
 0.000127 1.479889 1.544127 2.387172 5.411188 20.911406
 0.000127 1.477000 1.552135 2.387691 5.416826 21.277589
 0.000128 1.476667 1.558322 2.388247 5.423236 21.697787
 0.000128 1.478474 1.562442 2.388796 5.429713 22.126555
 0.000129 1.482292 1.563895 2.389417 5.435604 22.520159
 0.000129 1.488214 1.562393 2.390100 5.440706 22.863925
 0.000130 1.495873 1.558687 2.390899 5.445458 23.186375
 0.000130 1.504739 1.552581 2.391783 5.449104 23.435292
 0.000131 1.514219 1.544048 2.392688 5.450954 23.562163
 0.000131 1.524018 1.533879 2.393664 5.451561 23.603812
 0.000132 1.533779 1.522367 2.394687 5.450834 23.553868
 0.000132 1.542441 1.509781 2.395726 5.447948 23.356230
 0.000133 1.549622 1.497047 2.396701 5.443369 23.044352
 0.000133 1.554790 1.484278 2.397647 5.436714 22.594756
 0.000134 1.557261 1.471818 2.398527 5.427606 21.986625
 0.000134 1.556855 1.460073 2.399366 5.416295 21.242934
 0.000135 1.553247 1.449341 2.400141 5.402729 20.367939
 0.000135 1.547009 1.439827 2.400901 5.387737 19.422311
 0.000136 1.538749 1.431923 2.401703 5.372375 18.476665
 0.000136 1.528657 1.425936 2.402477 5.357070 17.558004
 0.000137 1.516955 1.422054 2.403203 5.342212 16.688537
 0.000137 1.504708 1.420499 2.403954 5.329162 15.943114
 0.000138 1.492882 1.421618 2.404766 5.319266 15.389226
 0.000138 1.481846 1.425551 2.405621 5.313017 15.044515
 0.000139 1.471973 1.431826 2.406546 5.310345 14.898267
 0.000139 1.463963 1.440841 2.407473 5.312277 15.003911
 0.000140 1.458076 1.451935 2.408416 5.318428 15.342764
 0.000140 1.454508 1.464334 2.409372 5.328215 15.889688
 0.000141 1.452693 1.477637 2.410342 5.340672 16.599711
 0.000141 1.452930 1.490783 2.411278 5.354990 17.434964
 0.000142 1.454692 1.502462 2.412114 5.369268 18.288240
 0.000142 1.457396 1.511971 2.412931 5.382299 19.084855
 0.000143 1.460392 1.518571 2.413741 5.392704 19.733088
 0.000143 1.463143 1.521410 2.414550 5.399102 20.137080
 0.000144 1.464805 1.520066 2.415317 5.400188 20.206055
 0.000144 1.464977 1.514535 2.416087 5.395599 19.915360
 0.000145 1.463803 1.505489 2.416877 5.386169 19.324683
 0.000145 1.461081 1.493952 2.417671 5.372704 18.496631
 0.000146 1.456850 1.481046 2.418488 5.356384 17.517375
 0.000146 1.452034 1.467897 2.419356 5.339287 16.520000
 0.000147 1.446957 1.455375 2.420151 5.322483 15.568204
 0.000147 1.441924 1.444126 2.420859 5.306909 14.711295
 0.000148 1.436970 1.434061 2.421495 5.292525 13.941457
 0.000148 1.432657 1.426265 2.422112 5.281034 13.341278
 0.000149 1.429790 1.421313 2.422812 5.273915 12.976040
 0.000149 1.428156 1.419051 2.423565 5.270773 12.816495
 0.000150 1.427870 1.419910 2.424409 5.272190 12.888320
 0.000150 1.429352 1.424390 2.425323 5.279065 13.239757
 0.000151 1.431736 1.431992 2.426387 5.290116 13.814504
 0.000151 1.435430 1.442303 2.427573 5.305306 14.624483
 0.000152 1.439737 1.454612 2.428744 5.323093 15.602284
 0.000152 1.443671 1.468471 2.430047 5.342188 16.687167
 0.000153 1.447114 1.482914 2.431411 5.361440 17.817876
 0.000153 1.449624 1.497016 2.432797 5.379436 18.908395
 0.000154 1.450891 1.509618 2.434329 5.394838 19.867355
 0.000154 1.451084 1.519767 2.435895 5.406746 20.625099
 0.000155 1.450187 1.526825 2.437416 5.414428 21.121441
 0.000155 1.447846 1.530300 2.438997 5.417143 21.298245
 0.000156 1.444236 1.529328 2.440669 5.414233 21.108783
 0.000156 1.440117 1.524042 2.442345 5.406504 20.609559
 0.000157 1.436189 1.514781 2.444091 5.395061 19.881452
 0.000157 1.432659 1.502583 2.445808 5.381050 19.007744
 0.000158 1.429714 1.488074 2.447481 5.365269 18.047191
 0.000158 1.427935 1.472017 2.449089 5.349041 17.085389
 0.000159 1.427092 1.455261 2.450628 5.332982 16.159544
 0.000159 1.427601 1.438623 2.452131 5.318355 15.338706
 0.000160 1.429881 1.422826 2.453708 5.306415 14.684524
 0.000160 1.434528 1.408718 2.455257 5.298503 14.258902
 0.000161 1.441363 1.396976 2.456713 5.295052 14.075170
 0.000161 1.450187 1.387786 2.458096 5.296069 14.129198
 0.000162 1.460824 1.381296 2.459555 5.301675 14.428761
 0.000162 1.472418 1.377233 2.461121 5.310772 14.921572
 0.000163 1.484462 1.375694 2.462712 5.322868 15.589728
 0.000163 1.496037 1.375908 2.464245 5.336190 16.342467
 0.000164 1.506419 1.378244 2.465735 5.350398 17.164824
 0.000164 1.515102 1.382363 2.467197 5.364662 18.010774
 0.000165 1.521578 1.388191 2.468714 5.378483 18.849806
 0.000165 1.525288 1.395414 2.470156 5.390857 19.617248
 0.000166 1.526132 1.403680 2.471506 5.401318 20.277949
 0.000166 1.524330 1.412483 2.472774 5.409587 20.807947
 0.000167 1.520016 1.421752 2.474002 5.415770 21.208764
 0.000167 1.513684 1.431483 2.475121 5.420288 21.504035
 0.000168 1.505274 1.440861 2.476189 5.422323 21.637712
 0.000168 1.495515 1.449799 2.477195 5.422509 21.649925
 0.000169 1.485164 1.458025 2.478168 5.421356 21.574138
 0.000169 1.474758 1.465002 2.479024 5.418785 21.405556
 0.000170 1.464840 1.470041 2.479850 5.414731 21.141124
 0.000170 1.456504 1.472599 2.480652 5.409754 20.818763
 0.000171 1.449438 1.472669 2.481419 5.403526 20.418842
 0.000171 1.444022 1.470695 2.482062 5.396779 19.989931
 0.000172 1.440771 1.466897 2.482643 5.390311 19.583028
 0.000172 1.439327 1.461028 2.483120 5.383474 19.157528
 0.000173 1.439597 1.453950 2.483576 5.377123 18.766433
 0.000173 1.442028 1.446388 2.483994 5.372410 18.478788
 0.000174 1.447166 1.438519 2.484309 5.369994 18.332176
 0.000174 1.454624 1.431074 2.484501 5.370199 18.344610
 0.000175 1.464768 1.424828 2.484618 5.374214 18.588614
 0.000175 1.477330 1.420046 2.484774 5.382150 19.075633
 0.000176 1.491380 1.416907 2.484917 5.393205 19.764557
 0.000176 1.506391 1.416057 2.485087 5.407535 20.675796
 0.000177 1.521920 1.417416 2.485160 5.424496 21.780861
 0.000177 1.537541 1.421226 2.485218 5.443985 23.086195
 0.000178 1.551796 1.426806 2.485154 5.463756 24.449163
 0.000178 1.563440 1.433557 2.484845 5.481843 25.730287
 0.000179 1.571571 1.441052 2.484441 5.497064 26.833785
 0.000179 1.574819 1.448838 2.484039 5.507695 27.618229
 0.000180 1.573139 1.456290 2.483567 5.512995 28.013536
 0.000180 1.567128 1.463152 2.482981 5.513261 28.033453
 0.000181 1.556794 1.469201 2.482301 5.508295 27.662838
 0.000181 1.542725 1.474237 2.481458 5.498419 26.933145
 0.000182 1.525955 1.477622 2.480499 5.484076 25.890703
 0.000182 1.507925 1.479412 2.479415 5.466752 24.659089
 0.000183 1.489427 1.479817 2.478302 5.447546 23.328750
 0.000183 1.471674 1.478750 2.477162 5.427586 21.985277
 0.000184 1.455728 1.476394 2.476093 5.408215 20.719560
 0.000184 1.442189 1.473469 2.475014 5.390673 19.605700
 0.000185 1.431913 1.470253 2.473928 5.376094 18.703444
 0.000185 1.425579 1.467018 2.472810 5.365407 18.055481
 0.000186 1.423673 1.463867 2.471721 5.359260 17.688025
 0.000186 1.426011 1.461112 2.470657 5.357780 17.600066
 0.000187 1.432536 1.458898 2.469570 5.361004 17.791871
 0.000187 1.443269 1.457134 2.468439 5.368842 18.262517
 0.000188 1.457156 1.455381 2.467320 5.379856 18.934237
 0.000188 1.473555 1.453681 2.466199 5.393435 19.779022
 0.000189 1.491748 1.451725 2.464970 5.408443 20.734252
 0.000189 1.510793 1.449723 2.463739 5.424254 21.764934
 0.000190 1.529491 1.447388 2.462443 5.439322 22.770393
 0.000190 1.546850 1.444437 2.461138 5.452425 23.663227
 0.000191 1.560994 1.440872 2.459722 5.461587 24.297743
 0.000191 1.570722 1.436969 2.458350 5.466040 24.609156
 0.000192 1.575055 1.432830 2.456998 5.464883 24.528019
 0.000192 1.574130 1.428933 2.455691 5.458754 24.100610
 0.000193 1.567983 1.425906 2.454490 5.448379 23.385712
 0.000193 1.556922 1.424226 2.453277 5.434425 22.441128
 0.000194 1.541977 1.424469 2.452036 5.418482 21.385743
 0.000194 1.524560 1.426992 2.450837 5.402389 20.346240
 0.000195 1.506104 1.432206 2.449663 5.387973 19.437028
 0.000195 1.488120 1.440074 2.448512 5.376706 18.740841
 0.000196 1.471807 1.450472 2.447420 5.369699 18.314353
 0.000196 1.457859 1.463177 2.446365 5.367401 18.175522
 0.000197 1.446884 1.477594 2.445369 5.369848 18.323338
 0.000197 1.439248 1.492698 2.444413 5.376360 18.719665
 0.000198 1.435096 1.507560 2.443582 5.386237 19.328931
 0.000198 1.434091 1.521392 2.442773 5.398256 20.083435
 0.000199 1.435610 1.533245 2.441951 5.410806 20.886665
 0.000199 1.439475 1.542336 2.441138 5.422950 21.678936
 0.000200 1.445333 1.547838 2.440280 5.433451 22.375920
 0.000200 1.453298 1.549490 2.439412 5.442200 22.965030
 0.000201 1.463181 1.547231 2.438451 5.448864 23.418871
 0.000201 1.474487 1.540879 2.437334 5.452700 23.682135
 0.000202 1.486797 1.531707 2.436142 5.454646 23.816278
 0.000202 1.499621 1.520496 2.434900 5.455017 23.841870
 0.000203 1.512754 1.507910 2.433628 5.454292 23.791824
 0.000203 1.525642 1.494564 2.432295 5.452500 23.668384
 0.000204 1.537596 1.481566 2.430884 5.450046 23.499833
 0.000204 1.547491 1.469238 2.429458 5.446187 23.236044
 0.000205 1.554439 1.457982 2.428032 5.440453 22.846804
 0.000205 1.557476 1.448966 2.426574 5.433017 22.346869
 0.000206 1.556363 1.442057 2.425079 5.423499 21.715128
 0.000206 1.551069 1.437690 2.423558 5.412318 20.984505
 0.000207 1.541517 1.435940 2.422016 5.399473 20.160631
 0.000207 1.528422 1.436441 2.420455 5.385318 19.271841
 0.000208 1.511893 1.439903 2.418954 5.370750 18.377974
 0.000208 1.493018 1.446174 2.417463 5.356655 17.533386
 0.000209 1.472824 1.454647 2.415993 5.343464 16.760973
 0.000209 1.452567 1.464626 2.414574 5.331767 16.090579
 0.000210 1.433299 1.475602 2.413207 5.322108 15.547294
 0.000210 1.416164 1.487099 2.411833 5.315096 15.158768
 0.000211 1.401841 1.499024 2.410613 5.311477 14.960136
 0.000211 1.391247 1.510695 2.409467 5.311409 14.956390
 0.000212 1.384589 1.520897 2.408347 5.313834 15.089347
 0.000212 1.381944 1.528807 2.407397 5.318148 15.327269
 0.000213 1.383953 1.533600 2.406569 5.324123 15.659845
 0.000213 1.390709 1.534787 2.405908 5.331404 16.069959
 0.000214 1.401467 1.532343 2.405376 5.339187 16.514238
 0.000214 1.415565 1.526513 2.404916 5.346994 16.965955
 0.000215 1.432006 1.517851 2.404582 5.354438 17.402381
 0.000215 1.449092 1.506677 2.404363 5.360132 17.739913
 0.000216 1.465764 1.493851 2.404268 5.363883 17.964011
 0.000216 1.481311 1.480103 2.404280 5.365694 18.072749
 0.000217 1.494437 1.466247 2.404367 5.365051 18.034119
 0.000217 1.504164 1.453169 2.404582 5.361915 17.846264
 0.000218 1.510593 1.441174 2.404970 5.356737 17.538263
 0.000218 1.513477 1.431148 2.405476 5.350101 17.147439
 0.000219 1.512546 1.423702 2.406056 5.342304 16.693866
 0.000219 1.508283 1.419550 2.406669 5.334502 16.246116
 0.000220 1.501546 1.418818 2.407328 5.327692 15.860208
 0.000220 1.493505 1.421680 2.408096 5.323281 15.612784
 0.000221 1.485126 1.428260 2.408936 5.322321 15.559200
 0.000221 1.477243 1.438850 2.409796 5.325889 15.758845
 0.000222 1.470194 1.453011 2.410644 5.333848 16.208848
 0.000222 1.465097 1.470559 2.411594 5.347249 16.980844
 0.000223 1.462098 1.490273 2.412651 5.365022 18.032391
 0.000223 1.460909 1.511128 2.413788 5.385825 19.303296
 0.000224 1.461155 1.531866 2.415000 5.408021 20.707102
 0.000224 1.462287 1.551118 2.416227 5.429632 22.121168
 0.000225 1.464132 1.567781 2.417483 5.449396 23.455297
 0.000225 1.466560 1.580620 2.418733 5.465914 24.600271
 0.000226 1.469243 1.588329 2.419960 5.477531 25.421915
 0.000226 1.471903 1.590264 2.421067 5.483233 25.830083
 0.000227 1.474411 1.586182 2.422161 5.482754 25.795643
 0.000227 1.476658 1.576490 2.423122 5.476269 25.332005
 0.000228 1.478775 1.561581 2.423975 5.464331 24.489383
 0.000228 1.481029 1.543070 2.424726 5.448826 23.416272
 0.000229 1.483591 1.522320 2.425390 5.431301 22.232298
 0.000229 1.486412 1.501040 2.425947 5.413399 21.054627
 0.000230 1.490008 1.480541 2.426357 5.396906 19.997958
 0.000230 1.494428 1.462387 2.426610 5.383425 19.154495
 0.000231 1.499868 1.447482 2.426740 5.374091 18.581086
 0.000231 1.506399 1.436820 2.426796 5.370015 18.333489
 0.000232 1.512916 1.429996 2.426718 5.369630 18.310139
 0.000232 1.518882 1.427164 2.426494 5.372541 18.486735
 0.000233 1.524115 1.428173 2.426120 5.378407 18.845162
 0.000233 1.527896 1.433030 2.425755 5.386681 19.356508
 0.000234 1.529263 1.440833 2.425376 5.395471 19.907329
 0.000234 1.528393 1.451552 2.424853 5.404798 20.500152
 0.000235 1.525286 1.464614 2.424116 5.414016 21.094691
 0.000235 1.519920 1.479106 2.423242 5.422267 21.634033
 0.000236 1.512625 1.493980 2.422352 5.428957 22.076301
 0.000236 1.504245 1.508783 2.421434 5.434462 22.443619
 0.000237 1.495256 1.522745 2.420491 5.438492 22.714390
 0.000237 1.486015 1.534838 2.419489 5.440342 22.839291
 0.000238 1.477211 1.543697 2.418434 5.439341 22.771700
 0.000238 1.469559 1.548657 2.417232 5.435447 22.509663
 0.000239 1.463854 1.549933 2.415912 5.429699 22.125609
 0.000239 1.460828 1.547227 2.414573 5.422629 21.657813
 0.000240 1.460816 1.540590 2.413316 5.414722 21.140583
 0.000240 1.463804 1.530276 2.412057 5.406138 20.586054
 0.000241 1.470394 1.517532 2.410745 5.398671 20.109763
 0.000241 1.480236 1.503235 2.409466 5.392937 19.747726
 0.000242 1.493314 1.487892 2.408198 5.389403 19.526274
 0.000242 1.508545 1.472702 2.406910 5.388156 19.448434
 0.000243 1.525619 1.458131 2.405696 5.389445 19.528910
 0.000243 1.543676 1.444928 2.404523 5.393127 19.759694
 0.000244 1.561916 1.433160 2.403432 5.398508 20.099373
 0.000244 1.579789 1.423754 2.402319 5.405862 20.568344
 0.000245 1.596589 1.416682 2.401274 5.414545 21.129028
 0.000245 1.611523 1.411290 2.400287 5.423100 21.688814
 0.000246 1.624406 1.407146 2.399300 5.430852 22.202400
 0.000246 1.634389 1.404606 2.398227 5.437223 22.628980
 0.000247 1.640975 1.403801 2.397262 5.442038 22.954032
 0.000247 1.644303 1.404547 2.396317 5.445167 23.166549
 0.000248 1.643921 1.406963 2.395447 5.446330 23.245812
 0.000248 1.639922 1.410940 2.394703 5.445565 23.193659
 0.000249 1.632265 1.416725 2.393988 5.442978 23.017774
 0.000249 1.621065 1.423883 2.393335 5.438284 22.700386
 0.000250 1.607301 1.432221 2.392825 5.432347 22.302149
 0.000250 1.591680 1.441296 2.392523 5.425499 21.847108
 0.000251 1.575369 1.451018 2.392376 5.418764 21.404167
 0.000251 1.558664 1.460761 2.392392 5.411818 20.952129
 0.000252 1.542413 1.469996 2.392486 5.404895 20.506393
 0.000252 1.527262 1.478200 2.392822 5.398284 20.085185
 0.000253 1.513448 1.485368 2.393328 5.392144 19.697928
 0.000253 1.501195 1.491357 2.393948 5.386500 19.345276
 0.000254 1.491279 1.495206 2.394639 5.381124 19.012313
 0.000254 1.484036 1.496518 2.395514 5.376068 18.701813
 0.000255 1.480057 1.494931 2.396402 5.371391 18.416870
 0.000255 1.478713 1.490694 2.397329 5.366737 18.135493
 0.000256 1.480137 1.484262 2.398309 5.362708 17.893649
 0.000256 1.484791 1.475741 2.399327 5.359859 17.723629
 0.000257 1.492717 1.465438 2.400460 5.358615 17.649640
 0.000257 1.503517 1.454345 2.401687 5.359549 17.705166
 0.000258 1.516666 1.443049 2.403048 5.362763 17.896940
 0.000258 1.531187 1.431562 2.404503 5.367252 18.166510
 0.000259 1.546347 1.420870 2.406079 5.373296 18.532668
 0.000259 1.560971 1.410938 2.407735 5.379644 18.921189
 0.000260 1.573636 1.402168 2.409485 5.385290 19.270068
 0.000260 1.583107 1.394759 2.411279 5.389145 19.510165
 0.000261 1.588906 1.388514 2.413112 5.390532 19.596894
 0.000261 1.590810 1.383703 2.414945 5.389458 19.529701
 0.000262 1.588700 1.380176 2.416833 5.385710 19.296159
 0.000262 1.582379 1.377881 2.418762 5.379022 18.882921
 0.000263 1.572908 1.377205 2.420683 5.370795 18.380750
 0.000263 1.561285 1.378080 2.422671 5.362036 17.853496
 0.000264 1.548718 1.380500 2.424641 5.353859 17.368214
 0.000264 1.536043 1.384985 2.426545 5.347573 16.999739
 0.000265 1.524127 1.391592 2.428490 5.344208 16.804093
 0.000265 1.513729 1.400491 2.430411 5.344630 16.828565
 0.000266 1.505352 1.411728 2.432235 5.349315 17.101451
 0.000266 1.499248 1.424728 2.433956 5.357932 17.609082
 0.000267 1.495774 1.439081 2.435603 5.370458 18.360311
 0.000267 1.495075 1.454524 2.437173 5.386772 19.362184
 0.000268 1.496888 1.469743 2.438610 5.405241 20.528534
 0.000268 1.500959 1.483717 2.439944 5.424620 21.789043
 0.000269 1.506556 1.495645 2.441178 5.443379 23.045019
 0.000269 1.513123 1.504152 2.442259 5.459533 24.154777
 0.000270 1.519706 1.508573 2.443227 5.471506 24.994089
 0.000270 1.526540 1.508825 2.444098 5.479464 25.559893
 0.000271 1.532683 1.504901 2.444789 5.482374 25.768365
 0.000271 1.537734 1.496865 2.445243 5.479842 25.586922
 0.000272 1.541337 1.485598 2.445503 5.472439 25.060072
 0.000272 1.543367 1.471843 2.445614 5.460825 24.244612
 0.000273 1.543284 1.456417 2.445674 5.445376 23.180748
 0.000273 1.540961 1.440344 2.445577 5.426881 21.938600
 0.000274 1.536519 1.424569 2.445372 5.406460 20.606721
 0.000274 1.529934 1.410254 2.445080 5.385268 19.268732
 0.000275 1.521610 1.397931 2.444648 5.364189 17.982384
 0.000275 1.511943 1.388433 2.444111 5.344487 16.820218
 0.000276 1.501459 1.382795 2.443470 5.327724 15.862013
 0.000276 1.490823 1.381184 2.442738 5.314745 15.139431
 0.000277 1.480485 1.383767 2.441941 5.306193 14.672497
 0.000277 1.470684 1.390489 2.441228 5.302401 14.467784
 0.000278 1.461477 1.401232 2.440561 5.303271 14.514619
 0.000278 1.453160 1.415450 2.439856 5.308466 14.795864
 0.000279 1.445925 1.432365 2.439190 5.317480 15.290294
 0.000279 1.439908 1.451190 2.438533 5.329631 15.969625
 0.000280 1.434902 1.471305 2.437811 5.344017 16.793022
 0.000280 1.431125 1.491476 2.437056 5.359658 17.711673
 0.000281 1.427954 1.510465 2.436350 5.374770 18.622536
 0.000281 1.424847 1.526570 2.435583 5.387000 19.376376
 0.000282 1.421947 1.538681 2.434825 5.395453 19.906174
 0.000282 1.419904 1.546479 2.434075 5.400458 20.223216
 0.000283 1.419271 1.549484 2.433314 5.402069 20.325828
 0.000283 1.420235 1.547414 2.432540 5.400189 20.206107
 0.000284 1.422473 1.540684 2.431732 5.394888 19.870546
 0.000284 1.426306 1.530441 2.431055 5.387803 19.426376
 0.000285 1.431878 1.517357 2.430410 5.379645 18.921229
 0.000285 1.438455 1.502413 2.429822 5.370691 18.374440
 0.000286 1.446232 1.486907 2.429279 5.362418 17.876350
 0.000286 1.455134 1.471943 2.428768 5.355845 17.485448
 0.000287 1.464437 1.458080 2.428237 5.350754 17.185709
 0.000287 1.473315 1.445910 2.427727 5.346953 16.963558
 0.000288 1.481159 1.435664 2.427255 5.344078 16.796504
 0.000288 1.487854 1.427923 2.426879 5.342656 16.714210
 0.000289 1.493267 1.422686 2.426591 5.342543 16.707706
 0.000289 1.497093 1.419751 2.426439 5.343282 16.750449
 0.000290 1.499264 1.419397 2.426415 5.345076 16.854401
 0.000290 1.499979 1.422086 2.426475 5.348540 17.056118
 0.000291 1.499666 1.427959 2.426533 5.354158 17.385868
 0.000291 1.498529 1.436940 2.426628 5.362097 17.857133
 0.000292 1.496185 1.448637 2.426759 5.371581 18.428402
 0.000292 1.493089 1.463059 2.426917 5.383065 19.132224
 0.000293 1.489891 1.479559 2.427110 5.396560 19.976084
 0.000293 1.487000 1.497676 2.427342 5.412018 20.965088
 0.000294 1.483980 1.516514 2.427619 5.428113 22.020270
 0.000294 1.480632 1.534491 2.427906 5.443029 23.021257
 0.000295 1.477461 1.550772 2.428243 5.456476 23.942760
 0.000295 1.473891 1.564865 2.428661 5.467418 24.705869
 0.000296 1.470067 1.575751 2.429126 5.474944 25.237746
 0.000296 1.465986 1.582345 2.429594 5.477926 25.450028
 0.000297 1.461204 1.584277 2.429944 5.475425 25.271954
 0.000297 1.455953 1.580876 2.430263 5.467092 24.682958
 0.000298 1.450357 1.572592 2.430560 5.453508 23.737812
 0.000298 1.444299 1.559768 2.430748 5.434815 22.467255
 0.000299 1.438069 1.543951 2.430892 5.412913 21.023065
 0.000299 1.432283 1.526514 2.430947 5.389743 19.547550
 0.000300 1.427880 1.508575 2.430925 5.367380 18.174273
 0.000300 1.424947 1.491636 2.430825 5.347408 16.990113
 0.000301 1.423749 1.476981 2.430688 5.331418 16.070767
 0.000301 1.424810 1.465790 2.430622 5.321222 15.497939
 0.000302 1.428026 1.458112 2.430682 5.316820 15.253821
 0.000302 1.433491 1.454559 2.430699 5.318749 15.360547
 0.000303 1.441072 1.455446 2.430728 5.327246 15.835133
 0.000303 1.449784 1.460749 2.430842 5.341374 16.640181
 0.000304 1.458633 1.469934 2.431005 5.359572 17.706562
 0.000304 1.467059 1.482493 2.431158 5.380710 18.986791
 0.000305 1.473667 1.497671 2.431311 5.402649 20.362822
 0.000305 1.477796 1.514200 2.431475 5.423471 21.713276
 0.000306 1.478827 1.530992 2.431612 5.441430 22.912909
 0.000306 1.476641 1.546938 2.431781 5.455361 23.865616
 0.000307 1.470962 1.560922 2.431963 5.463846 24.455477
 0.000307 1.461999 1.571347 2.432085 5.465430 24.566385
 0.000308 1.450361 1.577628 2.432191 5.460180 24.199764
 0.000308 1.436655 1.579699 2.432282 5.448636 23.403259
 0.000309 1.422190 1.577597 2.432454 5.432241 22.295038
 0.000309 1.407925 1.571371 2.432636 5.411932 20.959529
 0.000310 1.394769 1.562293 2.432812 5.389875 19.555746
 0.000310 1.383686 1.551156 2.433038 5.367880 18.204410
 0.000311 1.375408 1.538605 2.433232 5.347246 16.980625
 0.000311 1.370978 1.525688 2.433409 5.330075 15.994716
 0.000312 1.370622 1.513525 2.433528 5.317675 15.301103
 0.000312 1.374430 1.503067 2.433714 5.311210 14.945549
 0.000313 1.382473 1.494999 2.433847 5.311319 14.951479
 0.000313 1.394362 1.489826 2.434040 5.318228 15.331685
 0.000314 1.409257 1.487282 2.434221 5.330760 16.033483
 0.000314 1.426491 1.487450 2.434389 5.348330 17.043878
 0.000315 1.444812 1.490002 2.434564 5.369378 18.294886
 0.000315 1.462874 1.494606 2.434807 5.392287 19.706923
 0.000316 1.479730 1.500331 2.435029 5.415091 21.164532
 0.000316 1.493935 1.506282 2.435189 5.435406 22.506908
 0.000317 1.504332 1.512282 2.435254 5.451868 23.624923
 0.000317 1.510280 1.518136 2.435348 5.463764 24.449681
 0.000318 1.511513 1.523302 2.435354 5.470169 24.899644
 0.000318 1.508126 1.528200 2.435275 5.471601 25.000787
 0.000319 1.500389 1.531985 2.435120 5.467495 24.711277
 0.000319 1.489428 1.534306 2.434842 5.458576 24.088263
 0.000320 1.476293 1.535171 2.434568 5.446032 23.225445
 0.000320 1.462325 1.534756 2.434319 5.431399 22.238890
 0.000321 1.448608 1.533240 2.434097 5.415945 21.220179
 0.000321 1.436241 1.530625 2.433917 5.400783 20.243898
 0.000322 1.426092 1.526899 2.433740 5.386731 19.359615
 0.000322 1.418535 1.522640 2.433521 5.374696 18.617996
 0.000323 1.413943 1.518176 2.433291 5.365409 18.055626
 0.000323 1.412147 1.513159 2.433139 5.358445 17.639557
 0.000324 1.413248 1.507699 2.432987 5.353933 17.372577
 0.000324 1.417480 1.502326 2.432849 5.352654 17.297280
 0.000325 1.424236 1.497022 2.432657 5.353915 17.371518
 0.000325 1.433184 1.491901 2.432489 5.357574 17.587845
 0.000326 1.443860 1.486997 2.432335 5.363193 17.922674
 0.000326 1.455867 1.482276 2.432136 5.370279 18.349478
 0.000327 1.468314 1.478060 2.431922 5.378296 18.838339
 0.000327 1.480685 1.474126 2.431698 5.386509 19.345862
 0.000328 1.492374 1.471124 2.431400 5.394898 19.871152
 0.000328 1.502889 1.469344 2.431088 5.403321 20.405703
 0.000329 1.511553 1.468643 2.430727 5.410923 20.894265
 0.000329 1.518016 1.468698 2.430288 5.417002 21.289093
 0.000330 1.521514 1.469593 2.429802 5.420909 21.544787
 0.000330 1.521920 1.471347 2.429285 5.422552 21.652741
 0.000331 1.518703 1.473597 2.428594 5.420893 21.543735
 0.000331 1.512536 1.476288 2.427767 5.416590 21.262202
 0.000332 1.503988 1.479043 2.426839 5.409870 20.826224
 0.000332 1.493260 1.481137 2.425841 5.400238 20.209217
 0.000333 1.481571 1.482468 2.424705 5.388744 19.485080
 0.000333 1.469337 1.483236 2.423463 5.376036 18.699877
 0.000334 1.456770 1.483261 2.422130 5.362160 17.860932
 0.000334 1.444809 1.482353 2.420811 5.347973 17.023025
 0.000335 1.434508 1.481009 2.419527 5.335044 16.276986
 0.000335 1.426539 1.479498 2.418327 5.324364 15.673334
 0.000336 1.420808 1.478189 2.417165 5.316162 15.217521
 0.000336 1.418113 1.477124 2.416064 5.311300 14.950457
 0.000337 1.418735 1.476496 2.414962 5.310194 14.890015
 0.000337 1.422243 1.476413 2.413876 5.312532 15.017899
 0.000338 1.428686 1.476685 2.412810 5.318181 15.329078
 0.000338 1.437966 1.478026 2.411821 5.327812 15.867002
 0.000339 1.449627 1.480168 2.410914 5.340709 16.601850
 0.000339 1.463310 1.482744 2.410087 5.356141 17.502958
 0.000340 1.478202 1.485434 2.409330 5.372967 18.512650
 0.000340 1.492904 1.487686 2.408594 5.389183 19.512549
 0.000341 1.506607 1.488773 2.407865 5.403245 20.400885
 0.000341 1.518127 1.488662 2.407232 5.414020 21.094955
 0.000342 1.526514 1.487427 2.406755 5.420696 21.530762
 0.000342 1.530941 1.485161 2.406392 5.422494 21.648945
 0.000343 1.531135 1.481783 2.406092 5.419009 21.420241
 0.000343 1.526966 1.477031 2.405869 5.409865 20.825904
 0.000344 1.518780 1.471377 2.405796 5.395953 19.937751
 0.000344 1.507252 1.465678 2.405828 5.378757 18.866642
 0.000345 1.493250 1.460699 2.405921 5.359870 17.724311
 0.000345 1.477937 1.457078 2.406132 5.341148 16.627117
 0.000346 1.462965 1.455353 2.406383 5.324701 15.692202
 0.000346 1.449420 1.456047 2.406803 5.312270 15.003519
 0.000347 1.437632 1.459678 2.407311 5.304621 14.587447
 0.000347 1.428399 1.465848 2.408039 5.302287 14.461644
 0.000348 1.422725 1.474294 2.409026 5.306045 14.664502
 0.000348 1.420421 1.484735 2.410164 5.315319 15.171027
 0.000349 1.420938 1.495997 2.411370 5.328305 15.894770
 0.000349 1.424074 1.506809 2.412704 5.343587 16.768085
 0.000350 1.429704 1.516161 2.414103 5.359968 17.730132
 0.000350 1.437231 1.523363 2.415631 5.376225 18.711442
 0.000351 1.446562 1.527646 2.417303 5.391512 19.658264
 0.000351 1.457201 1.528666 2.419127 5.404994 20.512754
 0.000352 1.468269 1.525867 2.421101 5.415238 21.174105
 0.000352 1.479090 1.519495 2.423200 5.421785 21.602301
 0.000353 1.488852 1.510175 2.425410 5.424437 21.776991
 0.000353 1.497145 1.498788 2.427631 5.423565 21.719445
 0.000354 1.504052 1.486291 2.429899 5.420241 21.500955
 0.000354 1.509884 1.473997 2.432157 5.416038 21.226223
 0.000355 1.514179 1.462923 2.434419 5.411522 20.932958
 0.000355 1.516323 1.453295 2.436716 5.406335 20.598700
 0.000356 1.516391 1.446328 2.438941 5.401660 20.299720
 0.000356 1.514272 1.442845 2.441142 5.398259 20.083635
 0.000357 1.510199 1.443057 2.443463 5.396719 19.986108
 0.000357 1.504354 1.447425 2.445726 5.397505 20.035851
 0.000358 1.497080 1.455629 2.447948 5.400657 20.235911
 0.000358 1.488998 1.466816 2.450164 5.405978 20.575825
 0.000359 1.480350 1.480397 2.452320 5.413066 21.033042
 0.000359 1.470910 1.495834 2.454427 5.421170 21.561933
 0.000360 1.461140 1.512042 2.456509 5.429691 22.125110
 0.000360 1.451331 1.527955 2.458513 5.437799 22.667752
 0.000361 1.441503 1.542918 2.460429 5.444849 23.144908
 0.000361 1.432193 1.556073 2.462250 5.450516 23.532104
 0.000362 1.423483 1.566698 2.463909 5.454091 23.777949
 0.000362 1.415392 1.574410 2.465329 5.455131 23.849783
 0.000363 1.408295 1.579289 2.466568 5.454153 23.782231
 0.000363 1.402281 1.580789 2.467597 5.450667 23.542439
 0.000364 1.397569 1.579294 2.468447 5.445310 23.176290
 0.000364 1.394535 1.575243 2.469090 5.438868 22.739747
 0.000365 1.393558 1.569107 2.469517 5.432182 22.291134
 0.000365 1.394141 1.561207 2.469790 5.425138 21.823278
 0.000366 1.396342 1.551851 2.469844 5.418036 21.356607
 0.000366 1.399898 1.542062 2.469672 5.411632 20.940128
 0.000367 1.404487 1.532362 2.469330 5.406179 20.588688
 0.000367 1.409994 1.522910 2.468889 5.401793 20.308233
 0.000368 1.416129 1.514269 2.468387 5.398785 20.116948
 0.000368 1.422212 1.506952 2.467711 5.396875 19.995995
 0.000369 1.427642 1.501031 2.466784 5.395457 19.906432
 0.000369 1.432070 1.496765 2.465667 5.394502 19.846204
 0.000370 1.435359 1.494117 2.464310 5.393785 19.801065
 0.000370 1.437009 1.493144 2.462897 5.393051 19.754898
 0.000371 1.436598 1.494196 2.461464 5.392258 19.705094
 0.000371 1.434018 1.497435 2.459991 5.391443 19.653954
 0.000372 1.429093 1.502101 2.458441 5.389635 19.540782
 0.000372 1.421711 1.507854 2.456966 5.386531 19.347211
 0.000373 1.411923 1.514714 2.455390 5.382027 19.068050
 0.000373 1.400764 1.522043 2.453757 5.376565 18.732235
 0.000374 1.389281 1.529400 2.452034 5.370716 18.375917
 0.000374 1.377962 1.536783 2.450307 5.365051 18.034129
 0.000375 1.367139 1.543639 2.448474 5.359252 17.687542
 0.000375 1.356998 1.549118 2.446556 5.352671 17.298296
 0.000376 1.348216 1.552620 2.444622 5.345458 16.876588
 0.000376 1.341250 1.553755 2.442740 5.337745 16.431479
 0.000377 1.336068 1.552466 2.440879 5.329414 15.957368
 0.000377 1.332451 1.548700 2.439070 5.320221 15.442241
 0.000378 1.330985 1.542347 2.437369 5.310701 14.917698
 0.000378 1.331412 1.533540 2.435725 5.300676 14.375173
 0.000379 1.333678 1.522949 2.434177 5.290804 13.850684
 0.000379 1.337602 1.511271 2.432672 5.281545 13.367663
 0.000380 1.343279 1.499270 2.431259 5.273808 12.970608
 0.000380 1.350767 1.487993 2.430035 5.268795 12.716538
 0.000381 1.360214 1.478006 2.428888 5.267108 12.631598
 0.000381 1.371283 1.469841 2.427916 5.269040 12.728917
 0.000382 1.383722 1.464136 2.427120 5.274977 13.030234
 0.000382 1.396982 1.461292 2.426372 5.284645 13.528464
 0.000383 1.411199 1.461203 2.425639 5.298041 14.234242
 0.000383 1.425591 1.463580 2.424955 5.314126 15.105394
 0.000384 1.439325 1.467755 2.424377 5.331457 16.072990
 0.000384 1.451408 1.473653 2.423883 5.348944 17.079776
 0.000385 1.461428 1.480261 2.423513 5.365203 18.043238
 0.000385 1.468146 1.487263 2.423191 5.378599 18.856964
 0.000386 1.470986 1.493685 2.423017 5.387688 19.419220
 0.000386 1.469712 1.498758 2.422942 5.391412 19.652030
 0.000387 1.464808 1.502484 2.422954 5.390245 19.578907
 0.000387 1.457127 1.504842 2.423027 5.384996 19.251828
 0.000388 1.447128 1.505810 2.423190 5.376129 18.705555
 0.000388 1.436068 1.505148 2.423483 5.364699 18.012970
 0.000389 1.424650 1.503078 2.423962 5.351690 17.240613
 0.000389 1.413530 1.500193 2.424544 5.338267 16.461414
 0.000390 1.403020 1.496967 2.425276 5.325262 15.723660
 0.000390 1.394227 1.493659 2.426125 5.314011 15.099078
 0.000391 1.388055 1.490638 2.427039 5.305731 14.647500
 0.000391 1.384559 1.488067 2.428076 5.300703 14.376581
 0.000392 1.383937 1.486462 2.429173 5.299571 14.315975
 0.000392 1.386370 1.485735 2.430362 5.302467 14.471359
 0.000393 1.392068 1.486139 2.431578 5.309785 14.867721
 0.000393 1.401592 1.486868 2.432870 5.321329 15.503907
 0.000394 1.414207 1.487904 2.434225 5.336337 16.350845
 0.000394 1.428975 1.488330 2.435602 5.352907 17.312171
 0.000395 1.445351 1.487612 2.436970 5.369933 18.328507
 0.000395 1.462710 1.485732 2.438382 5.386824 19.365439
 0.000396 1.480120 1.482208 2.439839 5.402167 20.332033
 0.000396 1.496725 1.477011 2.441228 5.414964 21.156301
 0.000397 1.511596 1.469922 2.442647 5.424165 21.759053
 0.000397 1.523554 1.460947 2.444005 5.428506 22.046358
 0.000398 1.531438 1.450299 2.445198 5.426935 21.942137
 0.000398 1.535202 1.438602 2.446248 5.420053 21.488605
 0.000399 1.535107 1.426464 2.447236 5.408806 20.757645
 0.000399 1.531215 1.414780 2.448119 5.394114 19.821764
 0.000400 1.523735 1.404573 2.448924 5.377233 18.773127
 0.000400 1.513629 1.396244 2.449649 5.359522 17.703597
 0.000401 1.501755 1.390678 2.450341 5.342773 16.721000
 0.000401 1.489954 1.388115 2.451004 5.329073 15.938086
 0.000402 1.479565 1.389168 2.451510 5.320243 15.443482
 0.000402 1.471010 1.393265 2.451948 5.316223 15.220856
 0.000403 1.464951 1.399525 2.452317 5.316793 15.252322
 0.000403 1.461431 1.407432 2.452529 5.321392 15.507404
 0.000404 1.460511 1.416091 2.452639 5.329242 15.947635
 0.000404 1.462665 1.424807 2.452611 5.340084 16.565817
 0.000405 1.468188 1.432724 2.452458 5.353370 17.339419
 0.000405 1.476515 1.438876 2.452182 5.367573 18.185913
 0.000406 1.486991 1.442727 2.451765 5.381483 19.034475
 0.000406 1.499019 1.444020 2.451427 5.394466 19.843969
 0.000407 1.512215 1.442441 2.450972 5.405628 20.553382
 0.000407 1.525915 1.437961 2.450360 5.414236 21.108961
 0.000408 1.539466 1.431053 2.449660 5.420179 21.496849
 0.000408 1.552328 1.422273 2.448892 5.423492 21.714670
 0.000409 1.563697 1.412134 2.448080 5.423911 21.742276
 0.000409 1.573636 1.401821 2.447244 5.422701 21.662547
 0.000410 1.581611 1.392636 2.446318 5.420565 21.522177
 0.000410 1.587380 1.384872 2.445417 5.417670 21.332669
 0.000411 1.591023 1.379778 2.444561 5.415362 21.182169
 0.000411 1.592635 1.377503 2.443703 5.413840 21.083262
 0.000412 1.591943 1.378025 2.442792 5.412761 21.013212
 0.000412 1.589374 1.381038 2.441856 5.412269 20.981344
 0.000413 1.584832 1.386100 2.440937 5.411869 20.955461
 0.000413 1.579295 1.392691 2.440035 5.412021 20.965283
 0.000414 1.572652 1.400915 2.439101 5.412668 21.007220
 0.000414 1.565139 1.410299 2.438147 5.413584 21.066629
 0.000415 1.557244 1.420348 2.437227 5.414819 21.146876
 0.000415 1.549224 1.430456 2.436420 5.416100 21.230248
 0.000416 1.541331 1.440520 2.435700 5.417552 21.324945
 0.000416 1.533569 1.450369 2.435105 5.419043 21.422464
 0.000417 1.526392 1.459606 2.434606 5.420604 21.524742
 0.000417 1.520508 1.468431 2.434135 5.423075 21.687175
 0.000418 1.515890 1.476402 2.433700 5.425992 21.879714
 0.000418 1.512643 1.483189 2.433352 5.429184 22.091410
 0.000419 1.511093 1.488394 2.433052 5.432539 22.314932
 0.000419 1.511169 1.491725 2.432820 5.435714 22.527549
 0.000420 1.513174 1.493027 2.432661 5.438861 22.739297
 0.000420 1.516937 1.492391 2.432491 5.441819 22.939213
 0.000421 1.522296 1.489808 2.432291 5.444396 23.114088
 0.000421 1.528803 1.484994 2.432074 5.445871 23.214483
 0.000422 1.535879 1.478461 2.431857 5.446196 23.236660
 0.000422 1.542921 1.470220 2.431635 5.444776 23.139948
 0.000423 1.549176 1.460637 2.431285 5.441098 22.890419
 0.000423 1.553990 1.450482 2.430895 5.435367 22.504304
 0.000424 1.557294 1.440573 2.430448 5.428315 22.033695
 0.000424 1.558691 1.431179 2.430053 5.419923 21.480076
 0.000425 1.557784 1.423030 2.429667 5.410481 20.865705
 0.000425 1.554582 1.416576 2.429225 5.400383 20.218438
 0.000426 1.548938 1.412539 2.428798 5.390274 19.580759
 0.000426 1.541373 1.411408 2.428428 5.381208 19.017529
 0.000427 1.532024 1.413300 2.428037 5.373361 18.536637
 0.000427 1.521413 1.418771 2.427529 5.367713 18.194354
 0.000428 1.509973 1.427406 2.426979 5.364357 17.992480
 0.000428 1.498413 1.439708 2.426464 5.364585 18.006149
 0.000429 1.487330 1.455468 2.425930 5.368728 18.255613
 0.000429 1.477224 1.473814 2.425424 5.376462 18.725927
 0.000430 1.468466 1.493644 2.424956 5.387066 19.380482
 0.000430 1.461316 1.513447 2.424491 5.399253 20.146686
 0.000431 1.455891 1.531906 2.423968 5.411766 20.948789
 0.000431 1.452142 1.547584 2.423379 5.423105 21.689185
 0.000432 1.449805 1.558863 2.422697 5.431365 22.236576
 0.000432 1.448756 1.564603 2.421976 5.435334 22.502099
 0.000433 1.448341 1.564243 2.421237 5.433821 22.400664
 0.000433 1.448796 1.558210 2.420535 5.427541 21.982331
 0.000434 1.449881 1.547262 2.419880 5.417023 21.290417
 0.000434 1.451542 1.532862 2.419214 5.403618 20.424673
 0.000435 1.453585 1.516573 2.418536 5.388694 19.482001
 0.000435 1.455900 1.499810 2.417777 5.373487 18.544291
 0.000436 1.458544 1.484555 2.416946 5.360044 17.734686
 0.000436 1.461762 1.472421 2.416062 5.350245 17.155885
 0.000437 1.465474 1.464307 2.415243 5.345024 16.851395
 0.000437 1.469421 1.461145 2.414485 5.345050 16.852939
 0.000438 1.473133 1.462625 2.413737 5.349496 17.112003
 0.000438 1.476111 1.468489 2.413071 5.357672 17.593665
 0.000439 1.477955 1.478445 2.412483 5.368883 18.264956
 0.000439 1.478428 1.491785 2.411857 5.382071 19.070747
 0.000440 1.477051 1.507699 2.411263 5.396013 19.941551
 0.000440 1.473826 1.525396 2.410707 5.409928 20.829997
 0.000441 1.468484 1.543682 2.410269 5.422435 21.645038
 0.000441 1.461265 1.561825 2.409915 5.433005 22.346103
 0.000442 1.451732 1.578860 2.409611 5.440203 22.829910
 0.000442 1.440059 1.593722 2.409415 5.443195 23.032495
 0.000443 1.426942 1.605839 2.409302 5.442083 22.957078
 0.000443 1.413292 1.615110 2.409227 5.437630 22.656357
 0.000444 1.399694 1.621224 2.409275 5.430193 22.158513
 0.000444 1.386499 1.623804 2.409385 5.419688 21.464706
 0.000445 1.374589 1.622672 2.409584 5.406845 20.631491
 0.000445 1.364156 1.618230 2.409808 5.392194 19.701082
 0.000446 1.355443 1.610814 2.410138 5.376395 18.721802
 0.000446 1.349586 1.601087 2.410629 5.361301 17.809627
 0.000447 1.347089 1.589567 2.411243 5.347899 17.018707
 0.000447 1.348144 1.577092 2.412047 5.337283 16.405002
 0.000448 1.352906 1.564485 2.413046 5.330437 16.015224
 0.000448 1.361626 1.552549 2.414195 5.328370 15.898467
 0.000449 1.374431 1.541476 2.415490 5.331397 16.069579
 0.000449 1.390376 1.531304 2.416864 5.338544 16.477333
 0.000450 1.408682 1.522972 2.418231 5.349885 17.134778
 0.000450 1.428415 1.516944 2.419720 5.365079 18.035794
 0.000451 1.448096 1.513284 2.421326 5.382706 19.110025
 0.000451 1.466806 1.511173 2.423009 5.400987 20.256908
 0.000452 1.483204 1.510291 2.424815 5.418309 21.374456
 0.000452 1.496171 1.510721 2.426769 5.433661 22.389979
 0.000453 1.504359 1.512416 2.428744 5.445519 23.190485
 0.000453 1.506962 1.515463 2.430727 5.453153 23.713312
 0.000454 1.503679 1.519515 2.432714 5.455908 23.903445
 0.000454 1.495152 1.524358 2.434725 5.454235 23.787887
 0.000455 1.482343 1.529834 2.436628 5.448804 23.414802
 0.000455 1.466523 1.535443 2.438458 5.440423 22.844748
 0.000456 1.448759 1.541288 2.440160 5.430207 22.159427
 0.000456 1.431095 1.547091 2.441757 5.419944 21.481445
 0.000457 1.415072 1.552494 2.443180 5.410746 20.882791
 0.000457 1.401246 1.556992 2.444522 5.402760 20.369904
 0.000458 1.390265 1.560546 2.445856 5.396666 19.982799
 0.000458 1.382508 1.562683 2.447113 5.392305 19.708030
 0.000459 1.378355 1.563364 2.448260 5.389979 19.562248
 0.000459 1.377901 1.562538 2.449445 5.389885 19.556368
 0.000460 1.380760 1.559985 2.450660 5.391405 19.651565
 0.000460 1.386860 1.555935 2.451863 5.394657 19.855983
 0.000461 1.396080 1.550417 2.453064 5.399560 20.166181
 0.000461 1.408140 1.543687 2.454186 5.406013 20.578067
 0.000462 1.422378 1.536050 2.455204 5.413631 21.069700
 0.000462 1.438688 1.527783 2.456174 5.422646 21.658911
 0.000463 1.456223 1.518935 2.457152 5.432310 22.299633
 0.000463 1.474213 1.510046 2.458065 5.442325 22.973481
 0.000464 1.492329 1.501185 2.458882 5.452395 23.661172
 0.000464 1.508941 1.492446 2.459604 5.460991 24.256195
 0.000465 1.522506 1.483896 2.460245 5.466648 24.651778
 0.000465 1.532576 1.475649 2.460785 5.469011 24.817979
 0.000466 1.538713 1.467677 2.461238 5.467628 24.720630
 0.000466 1.540653 1.460239 2.461612 5.462503 24.361629
 0.000467 1.538533 1.453601 2.461920 5.454054 23.775396
 0.000467 1.532531 1.447809 2.462095 5.442435 22.980986
 0.000468 1.523514 1.442971 2.462091 5.428576 22.050974
 0.000468 1.512371 1.438926 2.462052 5.413349 21.051341
 0.000469 1.499954 1.436154 2.461965 5.398073 20.071828
 0.000469 1.486708 1.434773 2.461898 5.383379 19.151619
 0.000470 1.473670 1.434195 2.461861 5.369726 18.315961
 0.000470 1.461910 1.434783 2.461854 5.358548 17.645664
 0.000471 1.452103 1.436616 2.461748 5.350467 17.168882
 0.000471 1.444658 1.439476 2.461588 5.345722 16.891980
 0.000472 1.440776 1.443755 2.461437 5.345967 16.906218
 0.000472 1.440377 1.449603 2.461229 5.351209 17.212393
 0.000473 1.443523 1.456471 2.460937 5.360930 17.787493
 0.000473 1.450259 1.463973 2.460552 5.374784 18.623364
 0.000474 1.460593 1.471224 2.460077 5.391894 19.682261
 0.000474 1.474264 1.477287 2.459589 5.411139 20.908222
 0.000475 1.490435 1.481614 2.459146 5.431196 22.225334
 0.000475 1.508043 1.482839 2.458611 5.449494 23.461993
 0.000476 1.526181 1.480455 2.457974 5.464610 24.508916
 0.000476 1.544336 1.474062 2.457261 5.475659 25.288589
 0.000477 1.561538 1.463838 2.456492 5.481868 25.732060
 0.000477 1.577193 1.450356 2.455672 5.483221 25.829263
 0.000478 1.590185 1.434037 2.454784 5.479006 25.527173
 0.000478 1.599650 1.415447 2.453849 5.468947 24.813503
 0.000479 1.605930 1.395318 2.452861 5.454108 23.779149
 0.000479 1.608721 1.374167 2.451871 5.434759 22.463493
 0.000480 1.608037 1.353054 2.450783 5.411874 20.955775
 0.000480 1.604187 1.332806 2.449704 5.386697 19.357538
 0.000481 1.597742 1.314008 2.448657 5.360407 17.756307
 0.000481 1.589153 1.296948 2.447665 5.333766 16.204153
 0.000482 1.579735 1.282453 2.446800 5.308988 14.824279
 0.000482 1.570508 1.270658 2.445978 5.287144 13.658725
 0.000483 1.562246 1.261783 2.445219 5.269249 12.739438
 0.000483 1.555704 1.256177 2.444499 5.256380 12.098161
 0.000484 1.551585 1.253992 2.443859 5.249436 11.758969
 0.000484 1.549922 1.254790 2.443322 5.248035 11.691122
 0.000485 1.550721 1.258359 2.442981 5.252061 11.886645
 0.000485 1.553316 1.264251 2.442773 5.260339 12.293671
 0.000486 1.557644 1.272351 2.442548 5.272543 12.906275
 0.000486 1.563612 1.282113 2.442430 5.288156 13.711663
 0.000487 1.570711 1.293605 2.442508 5.306824 14.706710
 0.000487 1.578198 1.306010 2.442735 5.326943 15.818069
 0.000488 1.585319 1.319002 2.443018 5.347340 16.986115
 0.000488 1.591590 1.332518 2.443447 5.367556 18.184881
 0.000489 1.596335 1.346032 2.443918 5.386284 19.331835
 0.000489 1.599190 1.359533 2.444409 5.403132 20.393657
 0.000490 1.599776 1.372782 2.444886 5.417443 21.317857
 0.000490 1.597806 1.385723 2.445368 5.428898 22.072366
 0.000491 1.593211 1.398118 2.445860 5.437189 22.626703
 0.000491 1.585869 1.409422 2.446332 5.441623 22.925950
 0.000492 1.576018 1.419333 2.446859 5.442211 22.965753
 0.000492 1.564206 1.427485 2.447415 5.439106 22.755797
 0.000493 1.551107 1.433231 2.447961 5.432299 22.298956
 0.000493 1.537236 1.435806 2.448463 5.421505 21.583900
 0.000494 1.523468 1.435180 2.448892 5.407541 20.676184
 0.000494 1.510464 1.431346 2.449332 5.391141 19.635052
 0.000495 1.498497 1.424920 2.449774 5.373190 18.526249
 0.000495 1.488072 1.416397 2.450276 5.354745 17.420494
 0.000496 1.479621 1.406672 2.450750 5.337043 16.391278
 0.000496 1.473545 1.395877 2.451237 5.320659 15.466624
 0.000497 1.470412 1.384646 2.451769 5.306827 14.706884
 0.000497 1.470639 1.373593 2.452254 5.296487 14.151412
 0.000498 1.474478 1.363328 2.452748 5.290553 13.837510
 0.000498 1.481368 1.354064 2.453263 5.288694 13.739891
 0.000499 1.490881 1.345916 2.453751 5.290548 13.837248
 0.000499 1.502770 1.339199 2.454174 5.296143 14.133130
 0.000500 1.515987 1.334018 2.454531 5.304536 14.582865
