#! FIELDS time dAB dAC dAD rc bias
 0.000000 1.001714 0.992114 2.043780 4.037608 0.050253
 0.000000 0.999803 0.993755 2.049775 4.043333 0.033742
 0.000001 0.993915 0.992410 2.055848 4.042173 0.036823
 0.000001 0.984815 0.988048 2.061888 4.034751 0.059717
 0.000002 0.973306 0.981657 2.067913 4.022875 0.107812
 0.000002 0.961010 0.974054 2.073914 4.008978 0.182000
 0.000003 0.950134 0.966280 2.079951 3.996365 0.266053
 0.000003 0.942463 0.959602 2.085966 3.988030 0.330324
 0.000004 0.939272 0.955262 2.091931 3.986465 0.343164
 0.000004 0.941487 0.954261 2.097860 3.993608 0.286539
 0.000005 0.948390 0.956481 2.103704 4.008574 0.184444
 0.000005 0.959289 0.961013 2.109459 4.029761 0.078208
 0.000006 0.972268 0.967370 2.115128 4.054765 0.010578
 0.000006 0.985134 0.974610 2.120642 4.080386 0.006133
 0.000007 0.995920 0.981001 2.125972 4.102893 0.056389
 0.000007 1.003296 0.985370 2.131047 4.119712 0.127018
 0.000008 1.005917 0.987051 2.135784 4.128752 0.176665
 0.000008 1.003487 0.985887 2.140294 4.129668 0.182153
 0.000009 0.996133 0.981940 2.144593 4.122666 0.142341
 0.000009 0.984837 0.975828 2.148559 4.109224 0.079654
 0.000010 0.971067 0.968150 2.152232 4.091448 0.024505
 0.000010 0.956096 0.960086 2.155679 4.071862 0.000325
 0.000011 0.941730 0.953290 2.158852 4.053872 0.011917
 0.000011 0.930498 0.949250 2.161772 4.041520 0.038614
 0.000012 0.924444 0.948261 2.164481 4.037187 0.051597
 0.000012 0.924994 0.950268 2.167011 4.042274 0.036549
 0.000013 0.931563 0.954166 2.169251 4.054981 0.010267
 0.000013 0.942682 0.959172 2.171207 4.073061 0.000703
 0.000014 0.956842 0.964354 2.172844 4.094039 0.030576
 0.000014 0.971342 0.968538 2.174189 4.114069 0.100168
 0.000015 0.983973 0.970968 2.175300 4.130241 0.185626
 0.000015 0.993389 0.970952 2.176139 4.140481 0.253260
 0.000016 0.998608 0.967651 2.176624 4.142883 0.270645
 0.000016 0.998608 0.961751 2.176807 4.137165 0.230215
 0.000017 0.993243 0.954365 2.176666 4.124274 0.151053
 0.000017 0.983576 0.946723 2.176308 4.106607 0.069553
 0.000018 0.970525 0.940801 2.175644 4.086970 0.015593
 0.000018 0.956076 0.937558 2.174708 4.068342 0.000047
 0.000019 0.942586 0.938164 2.173462 4.054211 0.011399
 0.000019 0.931775 0.942741 2.172013 4.046530 0.025948
 0.000020 0.925625 0.950843 2.170318 4.046787 0.025366
 0.000020 0.925558 0.961498 2.168427 4.055483 0.009559
 0.000021 0.931712 0.972622 2.166331 4.070665 0.000092
 0.000021 0.942978 0.982474 2.164077 4.089529 0.020440
 0.000022 0.957167 0.989978 2.161611 4.108756 0.077796
 0.000022 0.972140 0.994196 2.158900 4.125236 0.156381
 0.000023 0.985898 0.994864 2.156060 4.136822 0.227888
 0.000023 0.996941 0.991557 2.153055 4.141553 0.260950
 0.000024 1.003789 0.984521 2.149797 4.138107 0.236648
 0.000024 1.005726 0.974196 2.146262 4.126184 0.161732
 0.000025 1.002325 0.962648 2.142565 4.107537 0.073066
 0.000025 0.994178 0.951723 2.138790 4.084691 0.011828
 0.000026 0.982282 0.942994 2.134922 4.060198 0.004152
 0.000026 0.968634 0.937891 2.130947 4.037473 0.050681
 0.000027 0.955534 0.937569 2.126888 4.019992 0.121616
 0.000027 0.945112 0.941749 2.122678 4.009539 0.178630
 0.000028 0.938404 0.950521 2.118362 4.007286 0.192349
 0.000028 0.936186 0.962450 2.114014 4.012650 0.160521
 0.000029 0.938846 0.975964 2.109536 4.024346 0.101091
 0.000029 0.945972 0.989278 2.104929 4.040180 0.042429
 0.000030 0.956329 1.000339 2.100186 4.056855 0.007757
 0.000030 0.967981 1.007690 2.095437 4.071109 0.000162
 0.000031 0.979321 1.010172 2.090615 4.080109 0.005831
 0.000031 0.988496 1.007390 2.085694 4.081580 0.007527
 0.000032 0.994514 0.999386 2.080614 4.074513 0.001354
 0.000032 0.996632 0.986933 2.075497 4.059061 0.005252
 0.000033 0.994866 0.971400 2.070390 4.036656 0.053314
 0.000033 0.989299 0.954964 2.065307 4.009570 0.178445
 0.000034 0.980741 0.939696 2.060343 3.980781 0.391876
 0.000034 0.970812 0.928271 2.055432 3.954514 0.658906
 0.000035 0.961102 0.922752 2.050682 3.934536 0.908210
 0.000035 0.952769 0.924585 2.046080 3.923434 1.063991
 0.000036 0.946747 0.933370 2.041600 3.921717 1.089191
 0.000036 0.944213 0.947526 2.037234 3.928972 0.984736
 0.000037 0.945513 0.965302 2.033002 3.943817 0.787430
 0.000037 0.950206 0.984092 2.028931 3.963229 0.562664
 0.000038 0.957584 1.001404 2.024955 3.983943 0.364377
 0.000038 0.966621 1.015015 2.021065 4.002701 0.221841
 0.000039 0.976144 1.023457 2.017240 4.016842 0.137647
 0.000039 0.984532 1.025594 2.013614 4.023741 0.103828
 0.000040 0.991061 1.021211 2.010256 4.022528 0.109430
 0.000040 0.995149 1.010944 2.007088 4.013182 0.157522
 0.000041 0.996541 0.996377 2.004127 3.997045 0.261117
 0.000041 0.995118 0.979157 2.001460 3.975736 0.437808
 0.000042 0.991362 0.961001 1.999048 3.951410 0.695019
 0.000042 0.986083 0.945011 1.996897 3.927991 0.998557
 0.000043 0.980254 0.933682 1.995053 3.908989 1.285151
 0.000043 0.974771 0.929580 1.993565 3.897916 1.468801
 0.000044 0.970127 0.933174 1.992382 3.895684 1.507310
 0.000044 0.967126 0.944092 1.991607 3.902825 1.385871
 0.000045 0.965812 0.960514 1.991305 3.917632 1.150316
 0.000045 0.966298 0.980126 1.991331 3.937755 0.865343
 0.000046 0.968291 0.999919 1.991657 3.959867 0.598893
 0.000046 0.971328 1.017399 1.992440 3.981167 0.388460
 0.000047 0.974725 1.030779 1.993585 3.999088 0.246558
 0.000047 0.977619 1.038751 1.995055 4.011424 0.167542
 0.000048 0.979903 1.040440 1.996830 4.017172 0.135919
 0.000048 0.980588 1.035496 1.998872 4.014955 0.147723
 0.000049 0.980302 1.024370 2.001164 4.005837 0.201443
 0.000049 0.978995 1.007809 2.003694 3.990498 0.310566
 0.000050 0.976821 0.987367 2.006449 3.970637 0.486824
 0.000050 0.974181 0.965393 2.009408 3.948983 0.723936
 0.000051 0.971843 0.944745 2.012645 3.929233 0.981077
 0.000051 0.970216 0.928257 2.016234 3.914706 1.195118
 0.000052 0.969738 0.918637 2.020103 3.908478 1.293348
 0.000052 0.970128 0.917803 2.024170 3.912102 1.235730
 0.000053 0.971129 0.925358 2.028468 3.924955 1.041929
 0.000053 0.972419 0.940000 2.033012 3.945431 0.767303
 0.000054 0.973599 0.959137 2.037781 3.970517 0.488003
 0.000054 0.973900 0.979498 2.042646 3.996044 0.268396
 0.000055 0.972831 0.998521 2.047533 4.018885 0.127137
 0.000055 0.970608 1.013203 2.052517 4.036329 0.054390
 0.000056 0.967347 1.022095 2.057593 4.047035 0.024809
 0.000056 0.963653 1.024485 2.062737 4.050874 0.016995
 0.000057 0.959723 1.019723 2.067833 4.047279 0.024270
 0.000057 0.956615 1.008211 2.072867 4.037693 0.049983
 0.000058 0.955244 0.991323 2.077911 4.024479 0.100494
 0.000058 0.955691 0.971238 2.082851 4.009779 0.177196
 0.000059 0.958114 0.950791 2.087742 3.996647 0.263999
 0.000059 0.962330 0.932969 2.092583 3.987882 0.331525
 0.000060 0.968072 0.920477 2.097410 3.985958 0.347380
 0.000060 0.974427 0.915852 2.102224 3.992503 0.294966
 0.000061 0.980653 0.920410 2.107055 4.008118 0.187226
 0.000061 0.985443 0.932690 2.111869 4.030002 0.077257
 0.000062 0.988254 0.950285 2.116630 4.055169 0.009999
 0.000062 0.988329 0.970575 2.121284 4.080188 0.005916
 0.000063 0.985305 0.990629 2.125820 4.101754 0.052630
 0.000063 0.979790 1.007978 2.130220 4.117988 0.118476
 0.000064 0.971812 1.020735 2.134481 4.127028 0.166568
 0.000064 0.962255 1.027220 2.138612 4.128087 0.172732
 0.000065 0.952923 1.026935 2.142577 4.122435 0.141109
 0.000065 0.945175 1.019766 2.146321 4.111262 0.087995
 0.000066 0.940159 1.006546 2.149941 4.096646 0.037363
 0.000066 0.938902 0.988810 2.153417 4.081129 0.006984
 0.000067 0.942045 0.968647 2.156754 4.067447 0.000174
 0.000067 0.948804 0.948418 2.159871 4.057093 0.007463
 0.000068 0.958374 0.931136 2.162835 4.052346 0.014390
 0.000068 0.969446 0.919654 2.165578 4.054678 0.010705
 0.000069 0.980310 0.915581 2.168100 4.063991 0.001415
 0.000069 0.989448 0.919945 2.170433 4.079827 0.005530
 0.000070 0.995860 0.931492 2.172549 4.099900 0.046787
 0.000070 0.998142 0.948064 2.174411 4.120617 0.131618
 0.000071 0.995342 0.966878 2.176052 4.138272 0.237788
 0.000071 0.987550 0.984465 2.177389 4.149404 0.320750
 0.000072 0.975167 0.998499 2.178390 4.152055 0.342336
 0.000072 0.959440 1.007610 2.179089 4.146139 0.295135
 0.000073 0.942871 1.010561 2.179513 4.132944 0.202462
 0.000073 0.928148 1.006669 2.179628 4.114446 0.101859
 0.000074 0.918056 0.996628 2.179440 4.094124 0.030787
 0.000074 0.914743 0.981824 2.179038 4.075604 0.001981
 0.000075 0.919212 0.964222 2.178428 4.061861 0.002775
 0.000075 0.930492 0.946178 2.177562 4.054232 0.011368
 0.000076 0.947158 0.930154 2.176430 4.053741 0.012120
 0.000076 0.966050 0.918402 2.175115 4.059567 0.004746
 0.000077 0.984782 0.913288 2.173604 4.071675 0.000280
 0.000077 1.000589 0.916113 2.171902 4.088605 0.018614
 0.000078 1.011788 0.926189 2.169895 4.107872 0.074349
 0.000078 1.017327 0.941578 2.167686 4.126590 0.164050
 0.000079 1.016330 0.959754 2.165223 4.141307 0.259178
 0.000079 1.008508 0.978128 2.162497 4.149133 0.318580
 0.000080 0.994644 0.993834 2.159500 4.147978 0.309434
 0.000080 0.976099 1.005346 2.156213 4.137659 0.233575
 0.000081 0.955588 1.011780 2.152614 4.119983 0.128384
 0.000081 0.935795 1.012364 2.148762 4.096921 0.038118
 0.000082 0.920687 1.007321 2.144725 4.072733 0.000586
 0.000082 0.913240 0.997508 2.140434 4.051183 0.016431
 0.000083 0.914657 0.984501 2.135969 4.035127 0.058426
 0.000083 0.924720 0.969914 2.131296 4.025930 0.094093
 0.000084 0.941972 0.955728 2.126481 4.024182 0.101829
 0.000084 0.963624 0.943830 2.121422 4.028875 0.081749
 0.000085 0.986663 0.935900 2.116184 4.038747 0.046706
 0.000085 1.008131 0.932833 2.110813 4.051777 0.015370
 0.000086 1.026068 0.935244 2.105326 4.066637 0.000357
 0.000086 1.038035 0.942434 2.099711 4.080179 0.005907
 0.000087 1.042626 0.953414 2.093989 4.090030 0.021465
 0.000087 1.039130 0.966149 2.088183 4.093462 0.029164
 0.000088 1.027488 0.978627 2.082317 4.088433 0.018283
 0.000088 1.008762 0.989144 2.076411 4.074316 0.001253
 0.000089 0.984477 0.996746 2.070498 4.051720 0.015470
 0.000089 0.957752 1.000896 2.064570 4.023218 0.106224
 0.000090 0.931981 1.001270 2.058591 3.991842 0.300065
 0.000090 0.911379 0.998067 2.052640 3.962086 0.574849
 0.000091 0.900561 0.991905 2.046872 3.939338 0.844639
 0.000091 0.902021 0.983766 2.041334 3.927122 1.010881
 0.000092 0.915052 0.974324 2.036014 3.925390 1.035650
 0.000092 0.937225 0.965084 2.030855 3.933164 0.926793
 0.000093 0.964180 0.956843 2.025855 3.946878 0.749480
 0.000093 0.992683 0.950415 2.021027 3.964125 0.553196
 0.000094 1.018506 0.946557 2.016386 3.981449 0.385979
 0.000094 1.038657 0.945718 2.011931 3.996305 0.266487
 0.000095 1.050935 0.947758 2.007759 4.006451 0.197563
 0.000095 1.054711 0.952431 2.003816 4.010958 0.170248
 0.000096 1.049233 0.958663 2.000083 4.007978 0.188080
 0.000096 1.035331 0.965653 1.996439 3.997424 0.258385
 0.000097 1.014101 0.972561 1.992937 3.979600 0.402401
 0.000097 0.987755 0.979148 1.989597 3.956500 0.636309
 0.000098 0.959195 0.984821 1.986497 3.930513 0.963232
 0.000098 0.932699 0.989593 1.983676 3.905968 1.334042
 0.000099 0.912860 0.993060 1.981123 3.887044 1.661047
 0.000099 0.903320 0.994994 1.978980 3.877294 1.843512
 0.000100 0.906207 0.995424 1.977171 3.878801 1.814693
 0.000100 0.921518 0.994328 1.975702 3.891549 1.579959
 0.000101 0.946028 0.991978 1.974593 3.912599 1.227923
 0.000101 0.975473 0.988169 1.973885 3.937527 0.868344
 0.000102 1.005373 0.983373 1.973552 3.962298 0.572582
 0.000102 1.032368 0.977937 1.973507 3.983813 0.365492
 0.000103 1.053974 0.972131 1.973770 3.999876 0.241056
 0.000103 1.068500 0.966490 1.974332 4.009322 0.179932
 0.000104 1.074747 0.961504 1.975127 4.011378 0.167808
 0.000104 1.072232 0.957782 1.976319 4.006333 0.198306
 0.000105 1.060839 0.956139 1.977737 3.994716 0.278219
 0.000105 1.041200 0.957022 1.979417 3.977639 0.420181
 0.000106 1.015157 0.960321 1.981416 3.956894 0.631870
 0.000106 0.985185 0.965798 1.983738 3.934721 0.905717
 0.000107 0.954388 0.972812 1.986382 3.913583 1.212556
 0.000107 0.926744 0.980820 1.989285 3.896849 1.487138
 0.000108 0.906521 0.988940 1.992502 3.887964 1.644331
 0.000108 0.897816 0.996227 1.996028 3.890072 1.606317
 0.000109 0.902509 1.002546 1.999890 3.904945 1.350793
 0.000109 0.919728 1.006667 2.003959 3.930354 0.965448
 0.000110 0.945556 1.007647 2.008245 3.961449 0.581708
 0.000110 0.975107 1.004743 2.012667 3.992518 0.294857
 0.000111 1.003961 0.997774 2.017298 4.019034 0.126388
 0.000111 1.028745 0.986907 2.022130 4.037782 0.049702
 0.000112 1.046781 0.973197 2.027126 4.047104 0.024655
 0.000112 1.056447 0.958437 2.032224 4.047108 0.024647
 0.000113 1.056961 0.944455 2.037466 4.038882 0.046296
 0.000113 1.047987 0.933423 2.042813 4.024223 0.101645
 0.000114 1.030072 0.927249 2.048253 4.005573 0.203122
 0.000114 1.004837 0.926951 2.053746 3.985534 0.350924
 0.000115 0.975221 0.932427 2.059327 3.966974 0.523634
 0.000115 0.944947 0.942701 2.065037 3.952684 0.680084
 0.000116 0.918522 0.957219 2.070901 3.946643 0.752366
 0.000116 0.900288 0.974067 2.076865 3.951220 0.697268
 0.000117 0.893935 0.990663 2.082933 3.967531 0.517954
 0.000117 0.901192 1.005001 2.089039 3.995232 0.274378
 0.000118 0.920231 1.015063 2.095147 4.030440 0.075543
 0.000118 0.947032 1.019732 2.101139 4.067904 0.000099
 0.000119 0.976486 1.018690 2.107042 4.102219 0.054148
 0.000119 1.004102 1.010724 2.112885 4.127711 0.170532
 0.000120 1.026228 0.996423 2.118581 4.141232 0.258638
 0.000120 1.041408 0.977599 2.124131 4.143137 0.272522
 0.000121 1.048402 0.956678 2.129423 4.134503 0.212505
 0.000121 1.046764 0.936144 2.134530 4.117438 0.115814
 0.000122 1.036838 0.919826 2.139481 4.096145 0.036006
 0.000122 1.019499 0.910578 2.144288 4.074366 0.001278
 0.000123 0.996007 0.910465 2.148982 4.055454 0.009600
 0.000123 0.969086 0.919572 2.153520 4.042178 0.036808
 0.000124 0.942477 0.936723 2.157848 4.037048 0.052044
 0.000124 0.919645 0.959024 2.161964 4.040633 0.041119
 0.000125 0.904210 0.982915 2.165855 4.052979 0.013335
 0.000125 0.899395 1.005178 2.169579 4.074152 0.001172
 0.000126 0.906015 1.022926 2.173100 4.102040 0.053562
 0.000126 0.921833 1.034632 2.176367 4.132831 0.201745
 0.000127 0.943912 1.039156 2.179391 4.162459 0.433829
 0.000127 0.967917 1.035489 2.182057 4.185463 0.674576
 0.000128 0.990246 1.023585 2.184421 4.198252 0.831301
 0.000128 1.007975 1.003939 2.186524 4.198438 0.833695
 0.000129 1.018832 0.978167 2.188285 4.185284 0.672495
 0.000129 1.021868 0.949282 2.189736 4.160886 0.419302
 0.000130 1.016949 0.921788 2.190787 4.129525 0.181288
 0.000130 1.005220 0.900346 2.191501 4.097068 0.038524
 0.000131 0.987758 0.889495 2.191919 4.069172 0.000001
 0.000131 0.966772 0.891989 2.192063 4.050824 0.017087
 0.000132 0.945074 0.907212 2.191955 4.044241 0.031422
 0.000132 0.926274 0.931586 2.191561 4.049421 0.019779
 0.000133 0.913130 0.960707 2.190849 4.064686 0.001069
 0.000133 0.907739 0.990167 2.189813 4.087719 0.016944
 0.000134 0.911647 1.015477 2.188457 4.115581 0.107048
 0.000134 0.923393 1.033489 2.186767 4.143649 0.276312
 0.000135 0.940450 1.042658 2.184655 4.167763 0.484643
 0.000135 0.959642 1.042035 2.182238 4.183914 0.656701
 0.000136 0.978468 1.031454 2.179515 4.189437 0.721522
 0.000136 0.994408 1.012005 2.176430 4.182843 0.644484
 0.000137 1.005790 0.985760 2.173022 4.164572 0.453735
 0.000137 1.011316 0.955513 2.169226 4.136055 0.222743
 0.000138 1.010727 0.925847 2.165164 4.101737 0.052576
 0.000138 1.004488 0.901980 2.160877 4.067344 0.000193
 0.000139 0.993533 0.888457 2.156408 4.038397 0.047781
 0.000139 0.979721 0.888494 2.151760 4.019975 0.121697
 0.000140 0.964583 0.903021 2.146940 4.014544 0.149966
 0.000140 0.950211 0.928462 2.142038 4.020711 0.118095
 0.000141 0.938842 0.960311 2.137079 4.036232 0.054710
 0.000141 0.932335 0.993692 2.131937 4.057964 0.006437
 0.000142 0.931336 1.024469 2.126578 4.082382 0.008544
 0.000142 0.935530 1.048824 2.121122 4.105476 0.065396
 0.000143 0.943549 1.064814 2.115485 4.123849 0.148721
 0.000143 0.954021 1.071184 2.109608 4.134813 0.214529
 0.000144 0.965424 1.067581 2.103501 4.136506 0.225764
 0.000144 0.976410 1.053951 2.097258 4.127619 0.169997
 0.000145 0.985299 1.030908 2.090957 4.107163 0.071643
 0.000145 0.991184 1.000838 2.084570 4.076592 0.002651
 0.000146 0.993877 0.966931 2.078176 4.038984 0.045986
 0.000146 0.993572 0.933209 2.071829 3.998609 0.249931
 0.000147 0.990609 0.905452 2.065525 3.961586 0.580230
 0.000147 0.985781 0.889319 2.059308 3.934407 0.909940
 0.000148 0.979467 0.888303 2.053176 3.920946 1.100606
 0.000148 0.972605 0.902884 2.047208 3.922696 1.074787
 0.000149 0.965896 0.929818 2.041422 3.937136 0.873497
 0.000149 0.959935 0.963311 2.035760 3.959006 0.608348
 0.000150 0.955177 0.997946 2.030292 3.983414 0.368910
 0.000150 0.952330 1.029019 2.025073 4.006423 0.197742
 0.000151 0.951526 1.053315 2.020033 4.024875 0.098727
 0.000151 0.952759 1.068395 2.015162 4.036315 0.054434
 0.000152 0.956063 1.073575 2.010326 4.039963 0.043062
 0.000152 0.960553 1.068197 2.005660 4.034410 0.060901
 0.000153 0.965363 1.052646 2.001166 4.019175 0.125676
 0.000153 0.970642 1.028350 1.996884 3.995876 0.269631
 0.000154 0.975583 0.997650 1.992786 3.966019 0.533458
 0.000154 0.979952 0.963312 1.988968 3.932232 0.939520
 0.000155 0.983576 0.929914 1.985435 3.898926 1.451545
 0.000155 0.986737 0.902779 1.982259 3.871775 1.951004
 0.000156 0.989063 0.887891 1.979569 3.856523 2.263927
 0.000156 0.990696 0.888557 1.977288 3.856541 2.263547
 0.000157 0.991063 0.904986 1.975444 3.871493 1.956586
 0.000157 0.990127 0.933335 1.973999 3.897461 1.476612
 0.000158 0.987933 0.967995 1.972928 3.928856 0.986368
 0.000158 0.985101 1.003518 1.972265 3.960884 0.587812
 0.000159 0.981403 1.035809 1.972040 3.989253 0.320463
 0.000159 0.976917 1.061756 1.972093 4.010767 0.171368
 0.000160 0.971648 1.079478 1.972409 4.023535 0.104767
 0.000160 0.966396 1.087426 1.973032 4.026854 0.090127
 0.000161 0.961407 1.085651 1.973910 4.020968 0.116848
 0.000161 0.957595 1.074248 1.975048 4.006892 0.194803
 0.000162 0.955978 1.054121 1.976441 3.986540 0.342544
 0.000162 0.957286 1.026741 1.978077 3.962105 0.574653
 0.000163 0.961318 0.994356 1.980055 3.935729 0.892198
 0.000163 0.967413 0.960209 1.982419 3.910041 1.268337
 0.000164 0.975291 0.929002 1.985143 3.889435 1.617749
 0.000164 0.983950 0.906174 1.988219 3.878343 1.823430
 0.000165 0.992238 0.896133 1.991679 3.880050 1.790979
 0.000165 0.999047 0.900935 1.995544 3.895526 1.510052
 0.000166 1.003711 0.919253 1.999765 3.922729 1.074305
 0.000166 1.005363 0.946814 2.004199 3.956376 0.637707
 0.000167 1.003563 0.978559 2.008819 3.990941 0.307084
 0.000167 0.998109 1.009351 2.013599 4.021059 0.116411
 0.000168 0.989122 1.035779 2.018502 4.043403 0.033560
 0.000168 0.976838 1.054985 2.023518 4.055342 0.009756
 0.000169 0.962515 1.065038 2.028654 4.056207 0.008584
 0.000169 0.948187 1.065630 2.033872 4.047690 0.023373
 0.000170 0.935760 1.056742 2.039297 4.031799 0.070356
 0.000170 0.927914 1.039024 2.044828 4.011766 0.165570
 0.000171 0.925612 1.014062 2.050371 3.990044 0.314155
 0.000171 0.929751 0.984175 2.055914 3.969840 0.494721
 0.000172 0.939695 0.952835 2.061480 3.954009 0.664714
 0.000172 0.954227 0.924281 2.067064 3.945572 0.765555
 0.000173 0.971399 0.903265 2.072681 3.947345 0.743780
 0.000173 0.988619 0.893365 2.078357 3.960342 0.593706
 0.000174 1.003540 0.896530 2.083974 3.984044 0.363514
 0.000174 1.014422 0.911942 2.089500 4.015864 0.142824
 0.000175 1.019956 0.936039 2.094969 4.050963 0.016831
 0.000175 1.019697 0.964061 2.100378 4.084135 0.010989
 0.000176 1.013143 0.992199 2.105708 4.111050 0.087112
 0.000176 1.000222 1.016200 2.111009 4.127431 0.168901
 0.000177 0.982858 1.033533 2.116132 4.132522 0.199787
 0.000177 0.962803 1.042837 2.121137 4.126777 0.165123
 0.000178 0.942811 1.043727 2.126010 4.112548 0.093475
 0.000178 0.926089 1.036236 2.130743 4.093068 0.028222
 0.000179 0.915165 1.021160 2.135278 4.071602 0.000263
 0.000179 0.912426 0.999890 2.139684 4.052000 0.014983
 0.000180 0.918906 0.975164 2.143834 4.037904 0.049318
 0.000180 0.933155 0.949888 2.147749 4.030791 0.074185
 0.000181 0.952308 0.927546 2.151491 4.031346 0.072064
 0.000181 0.973441 0.911782 2.155101 4.040324 0.042012
 0.000182 0.993875 0.905389 2.158377 4.057642 0.006808
 0.000182 1.010830 0.909393 2.161373 4.081596 0.007547
 0.000183 1.022349 0.922825 2.164203 4.109377 0.080266
 0.000183 1.027101 0.942271 2.166743 4.136115 0.223146
 0.000184 1.025059 0.964433 2.169046 4.158538 0.398075
 0.000184 1.016088 0.985748 2.171098 4.172935 0.536902
 0.000185 1.000037 1.003356 2.172808 4.176201 0.571277
 0.000185 0.978749 1.015047 2.174095 4.167891 0.485908
 0.000186 0.954878 1.020257 2.174988 4.150124 0.326540
 0.000186 0.931743 1.018586 2.175515 4.125844 0.159804
 0.000187 0.912947 1.010543 2.175740 4.099231 0.044763
 0.000187 0.902402 0.997056 2.175727 4.075185 0.001725
 0.000188 0.902300 0.979950 2.175412 4.057662 0.006784
 0.000188 0.912402 0.961395 2.174868 4.048665 0.021311
 0.000189 0.930633 0.943883 2.174023 4.048539 0.021572
 0.000189 0.953410 0.929568 2.172905 4.055883 0.009014
 0.000190 0.976645 0.920436 2.171519 4.068600 0.000025
 0.000190 0.997403 0.917690 2.169903 4.084996 0.012302
 0.000191 1.013297 0.921819 2.167988 4.103104 0.057102
 0.000191 1.022301 0.931956 2.165711 4.119968 0.128312
 0.000192 1.023450 0.945789 2.163078 4.132317 0.198494
 0.000192 1.017130 0.960569 2.160111 4.137810 0.234612
 0.000193 1.004130 0.974283 2.156908 4.135321 0.217868
 0.000193 0.985816 0.984967 2.153402 4.124185 0.150559
 0.000194 0.964097 0.991252 2.149664 4.105014 0.063738
 0.000194 0.941910 0.993376 2.145614 4.080900 0.006717
 0.000195 0.923090 0.991521 2.141337 4.055947 0.008929
 0.000195 0.910980 0.985698 2.136789 4.033467 0.064237
 0.000196 0.907994 0.977192 2.131971 4.017156 0.136002
 0.000196 0.914409 0.967855 2.126948 4.009213 0.180585
 0.000197 0.929531 0.959303 2.121712 4.010546 0.172659
 0.000197 0.950769 0.952652 2.116350 4.019771 0.122708
 0.000198 0.974686 0.948240 2.110899 4.033825 0.062960
 0.000198 0.998120 0.946646 2.105370 4.050136 0.018383
 0.000199 1.018198 0.948300 2.099727 4.066225 0.000476
 0.000199 1.032615 0.952804 2.093869 4.079288 0.004978
 0.000200 1.039888 0.958932 2.087772 4.086591 0.014932
 0.000200 1.039425 0.965875 2.081574 4.086874 0.015425
 0.000201 1.031240 0.972880 2.075278 4.079398 0.005088
 0.000201 1.016368 0.979095 2.068937 4.064401 0.001205
 0.000202 0.996027 0.984168 2.062606 4.042801 0.035137
 0.000202 0.972785 0.987846 2.056250 4.016881 0.137440
 0.000203 0.950135 0.989519 2.049919 3.989573 0.317903
 0.000203 0.931139 0.989483 2.043626 3.964249 0.551899
 0.000204 0.918756 0.987909 2.037516 3.944181 0.782862
 0.000204 0.914951 0.985449 2.031545 3.931945 0.943465
 0.000205 0.921195 0.982295 2.025790 3.929279 0.980432
 0.000205 0.935743 0.978704 2.020159 3.934606 0.907263
 0.000206 0.955947 0.975370 2.014727 3.946045 0.759720
 0.000206 0.978775 0.972327 2.009480 3.960582 0.591094
 0.000207 1.000555 0.969784 2.004389 3.974729 0.447284
 0.000207 1.018540 0.967893 1.999551 3.985984 0.347165
 0.000208 1.031292 0.966347 1.994929 3.992568 0.294469
 0.000208 1.037103 0.965775 1.990568 3.993446 0.287771
 0.000209 1.035610 0.965706 1.986414 3.987731 0.332761
 0.000209 1.026878 0.965981 1.982537 3.975396 0.440992
 0.000210 1.012024 0.966633 1.979033 3.957690 0.622952
 0.000210 0.992925 0.967225 1.975975 3.936125 0.886916
 0.000211 0.971821 0.968265 1.973213 3.913299 1.216977
 0.000211 0.951223 0.969923 1.970893 3.892038 1.571267
 0.000212 0.933979 0.972234 1.969042 3.875254 1.882884
 0.000212 0.923428 0.975383 1.967753 3.866564 2.055297
 0.000213 0.921649 0.979104 1.966903 3.867656 2.033217
 0.000213 0.928973 0.982925 1.966466 3.878364 1.823023
 0.000214 0.943802 0.986322 1.966492 3.896616 1.491164
 0.000214 0.963228 0.989129 1.966906 3.919263 1.125704
 0.000215 0.984369 0.990787 1.967714 3.942870 0.799363
 0.000215 1.004096 0.990608 1.968965 3.963669 0.558006
 0.000216 1.020334 0.988367 1.970575 3.979275 0.405316
 0.000216 1.031693 0.984275 1.972562 3.988530 0.326274
 0.000217 1.036699 0.978727 1.974901 3.990327 0.311920
 0.000217 1.035019 0.972164 1.977591 3.984774 0.357318
 0.000218 1.027418 0.965377 1.980535 3.973330 0.460608
 0.000218 1.014948 0.959591 1.983798 3.958336 0.615762
 0.000219 0.998610 0.955978 1.987458 3.942047 0.809804
 0.000219 0.979884 0.954962 1.991488 3.926334 1.022117
 0.000220 0.961338 0.957214 1.995799 3.914352 1.200612
 0.000220 0.945538 0.962594 2.000373 3.908505 1.292915
 0.000221 0.934634 0.970623 2.005183 3.910440 1.261986
 0.000221 0.930404 0.980016 2.010290 3.920710 1.104100
 0.000222 0.933528 0.989639 2.015564 3.938731 0.852550
 0.000222 0.943401 0.997939 2.021029 3.962369 0.571818
 0.000223 0.957864 1.003708 2.026631 3.988203 0.328923
 0.000223 0.974869 1.006087 2.032352 4.013307 0.156817
 0.000224 0.991229 1.004631 2.038208 4.034068 0.062100
 0.000224 1.004596 0.999318 2.044207 4.048122 0.022448
 0.000225 1.013178 0.990436 2.050333 4.053947 0.011801
 0.000225 1.016001 0.978598 2.056490 4.051088 0.016603
 0.000226 1.013131 0.965329 2.062673 4.041133 0.039698
 0.000226 1.005136 0.952655 2.068838 4.026629 0.091085
 0.000227 0.992844 0.941944 2.075102 4.009889 0.176542
 0.000227 0.977872 0.934572 2.081401 3.993845 0.284749
 0.000228 0.961955 0.932012 2.087643 3.981610 0.384569
 0.000228 0.947364 0.934801 2.093851 3.976016 0.435192
 0.000229 0.936185 0.942479 2.100056 3.978720 0.410332
 0.000229 0.930109 0.953445 2.106201 3.989754 0.316460
 0.000230 0.930462 0.966216 2.112288 4.008965 0.182075
 0.000230 0.936619 0.978967 2.118229 4.033815 0.062995
 0.000231 0.947246 0.989847 2.124000 4.061094 0.003376
 0.000231 0.960239 0.997490 2.129571 4.087300 0.016181
 0.000232 0.973775 1.000952 2.134987 4.109714 0.081622
 0.000232 0.985436 0.999668 2.140163 4.125267 0.156560
 0.000233 0.993626 0.993069 2.145109 4.131804 0.195273
 0.000233 0.997095 0.982105 2.149822 4.129022 0.178275
 0.000234 0.995658 0.968398 2.154307 4.118363 0.120307
 0.000234 0.989641 0.953938 2.158475 4.102054 0.053606
 0.000235 0.979745 0.941133 2.162451 4.083329 0.009826
 0.000235 0.967773 0.931531 2.166243 4.065546 0.000708
 0.000236 0.955374 0.926331 2.169791 4.051496 0.015868
 0.000236 0.944764 0.927007 2.172967 4.044737 0.030192
 0.000237 0.937505 0.933617 2.175834 4.046957 0.024985
 0.000237 0.934599 0.945169 2.178479 4.058248 0.006119
 0.000238 0.937145 0.959920 2.180851 4.077916 0.003703
 0.000238 0.944087 0.975466 2.182897 4.102451 0.054914
 0.000239 0.954227 0.989656 2.184598 4.128481 0.175060
 0.000239 0.965571 1.000665 2.185936 4.152172 0.343306
 0.000240 0.975970 1.007204 2.186926 4.170100 0.507927
 0.000240 0.984220 1.008307 2.187507 4.180034 0.612985
 0.000241 0.989100 1.003561 2.187766 4.180427 0.617347
 0.000241 0.990263 0.993474 2.187693 4.171431 0.521427
 0.000242 0.987401 0.979453 2.187247 4.154102 0.359477
 0.000242 0.980907 0.963105 2.186512 4.130523 0.187352
 0.000243 0.971452 0.946869 2.185401 4.103723 0.059212
 0.000243 0.960712 0.933047 2.184009 4.077769 0.003577
 0.000244 0.950499 0.923671 2.182401 4.056572 0.008113
 0.000244 0.942491 0.920511 2.180560 4.043563 0.033146
 0.000245 0.938242 0.924434 2.178519 4.041195 0.039524
 0.000245 0.938060 0.934935 2.176319 4.049313 0.019995
 0.000246 0.942187 0.949849 2.173896 4.065931 0.000571
 0.000246 0.949899 0.966522 2.171289 4.087710 0.016927
 0.000247 0.960026 0.982282 2.168466 4.110775 0.085964
 0.000247 0.970366 0.994801 2.165514 4.130681 0.188320
 0.000248 0.978833 1.003007 2.162346 4.144187 0.280324
 0.000248 0.984328 1.005980 2.158959 4.149268 0.319657
 0.000249 0.986316 1.003105 2.155396 4.144817 0.285059
 0.000249 0.984218 0.994427 2.151565 4.130211 0.185445
 0.000250 0.978720 0.981294 2.147479 4.107492 0.072893
 0.000250 0.970646 0.965382 2.143314 4.079342 0.005032
 0.000251 0.961247 0.948946 2.139049 4.049243 0.020136
 0.000251 0.952338 0.934842 2.134604 4.021783 0.112940
 0.000252 0.945579 0.925406 2.130036 4.001022 0.233166
 0.000252 0.942384 0.922673 2.125392 3.990449 0.310952
 0.000253 0.943648 0.926976 2.120748 3.991373 0.303714
 0.000253 0.949545 0.937271 2.116046 4.002861 0.220773
 0.000254 0.958715 0.952020 2.111276 4.022011 0.111861
 0.000254 0.969875 0.968431 2.106391 4.044697 0.030291
 0.000255 0.980477 0.984614 2.101467 4.066558 0.000379
 0.000255 0.989691 0.998668 2.096427 4.084786 0.011975
 0.000256 0.995963 1.008785 2.091268 4.096015 0.035656
 0.000256 0.998280 1.013948 2.086078 4.098307 0.042040
 0.000257 0.996672 1.013764 2.080742 4.091178 0.023910
 0.000257 0.991338 1.008344 2.075286 4.074968 0.001601
 0.000258 0.983155 0.998764 2.069781 4.051700 0.015507
 0.000258 0.973297 0.986398 2.064299 4.023994 0.102678
 0.000259 0.963658 0.972252 2.058793 3.994704 0.278306
 0.000259 0.955797 0.958531 2.053317 3.967645 0.516792
 0.000260 0.950636 0.947411 2.047927 3.945974 0.760595
 0.000260 0.949186 0.940458 2.042605 3.932249 0.939287
 0.000261 0.951916 0.938816 2.037487 3.928219 0.995337
 0.000261 0.958516 0.943269 2.032513 3.934299 0.911407
 0.000262 0.967610 0.953145 2.027668 3.948424 0.730676
 0.000262 0.977771 0.966493 2.023089 3.967352 0.519770
 0.000263 0.987169 0.980798 2.018839 3.986807 0.340341
 0.000263 0.995050 0.993909 2.014922 4.003881 0.214053
 0.000264 1.000388 1.004303 2.011235 4.015926 0.142496
 0.000264 1.002176 1.010971 2.007740 4.020886 0.117245
 0.000265 1.000594 1.012901 2.004434 4.017929 0.132004
 0.000265 0.995231 1.010023 2.001350 4.006605 0.196600
 0.000266 0.986158 1.002568 1.998556 3.987282 0.336430
 0.000266 0.974678 0.991553 1.996078 3.962309 0.572459
 0.000267 0.962431 0.978624 1.993866 3.934920 0.903035
 0.000267 0.950997 0.965321 1.991949 3.908266 1.296767
 0.000268 0.942460 0.953591 1.990448 3.886500 1.670986
 0.000268 0.938508 0.945026 1.989428 3.872962 1.927628
 0.000269 0.940042 0.941244 1.988824 3.870110 1.984048
 0.000269 0.947062 0.942724 1.988623 3.878409 1.822174
 0.000270 0.958728 0.948977 1.988797 3.896503 1.493117
 0.000270 0.972941 0.958994 1.989370 3.921306 1.095266
 0.000271 0.987776 0.970139 1.990272 3.948187 0.733541
 0.000271 1.000916 0.980943 1.991438 3.973297 0.460931
 0.000272 1.010553 0.990366 1.992943 3.993862 0.284624
 0.000272 1.015957 0.997373 1.994812 4.008142 0.187078
 0.000273 1.017016 1.001099 1.997036 4.015151 0.146664
 0.000273 1.012991 1.001164 1.999501 4.013656 0.154870
 0.000274 1.004264 0.998261 2.002137 4.004662 0.208973
 0.000274 0.991915 0.992555 2.005078 3.989549 0.318092
 0.000275 0.977736 0.985054 2.008352 3.971143 0.481841
 0.000275 0.963567 0.976577 2.011853 3.951997 0.688117
 0.000276 0.951149 0.968003 2.015579 3.934731 0.905575
 0.000276 0.942164 0.960815 2.019472 3.922451 1.078383
 0.000277 0.938220 0.956242 2.023581 3.918043 1.144084
 0.000277 0.940362 0.955402 2.027886 3.923650 1.060840
 0.000278 0.948115 0.958255 2.032424 3.938793 0.851737
 0.000278 0.960012 0.963967 2.037207 3.961186 0.584544
 0.000279 0.973912 0.971732 2.042228 3.987873 0.331601
 0.000279 0.987792 0.979676 2.047356 4.014823 0.148443
 0.000280 1.000084 0.986513 2.052591 4.039188 0.045367
 0.000280 1.008912 0.991295 2.057980 4.058186 0.006187
 0.000281 1.013027 0.993234 2.063458 4.069719 0.000008
 0.000281 1.012277 0.991869 2.068969 4.073116 0.000724
 0.000282 1.006610 0.987621 2.074397 4.068629 0.000023
 0.000282 0.996315 0.981227 2.079815 4.057357 0.007144
 0.000283 0.981976 0.973427 2.085196 4.040600 0.041215
 0.000283 0.965750 0.965228 2.090577 4.021554 0.114032
 0.000284 0.949840 0.957561 2.095885 4.003286 0.217960
 0.000284 0.936670 0.951799 2.101149 3.989618 0.317543
 0.000285 0.927930 0.948742 2.106284 3.982956 0.372854
 0.000285 0.924822 0.948839 2.111296 3.984956 0.355779
 0.000286 0.928007 0.952149 2.116183 3.996339 0.266240
 0.000286 0.936974 0.957626 2.120930 4.015530 0.144616
 0.000287 0.950351 0.964161 2.125567 4.040079 0.042724
 0.000287 0.965949 0.970133 2.129999 4.066081 0.000521
 0.000288 0.981191 0.974121 2.134235 4.089548 0.020477
 0.000288 0.993979 0.975386 2.138290 4.107655 0.073515
 0.000289 1.002813 0.974102 2.142099 4.119013 0.123520
 0.000289 1.006676 0.970068 2.145610 4.122355 0.140685
 0.000290 1.005104 0.963880 2.148873 4.117857 0.117838
 0.000290 0.998171 0.956983 2.151839 4.106993 0.071000
 0.000291 0.987192 0.950717 2.154598 4.092507 0.026904
 0.000291 0.973454 0.946210 2.157162 4.076825 0.002824
 0.000292 0.958543 0.944437 2.159410 4.062390 0.002395
 0.000292 0.944537 0.945735 2.161459 4.051731 0.015451
 0.000293 0.934253 0.950168 2.163328 4.047749 0.023245
 0.000293 0.929378 0.956971 2.164911 4.051260 0.016291
 0.000294 0.930622 0.964854 2.166234 4.061709 0.002889
 0.000294 0.937472 0.973075 2.167335 4.077881 0.003673
 0.000295 0.948423 0.980427 2.168190 4.097040 0.038448
 0.000295 0.961838 0.985826 2.168839 4.116503 0.111357
 0.000296 0.975570 0.988008 2.169225 4.132802 0.201561
 0.000296 0.987814 0.986694 2.169341 4.143849 0.277799
 0.000297 0.997100 0.981810 2.169121 4.148031 0.309845
 0.000297 1.002329 0.973935 2.168517 4.144780 0.284785
 0.000298 1.002765 0.964475 2.167570 4.134810 0.214509
 0.000298 0.998454 0.955347 2.166354 4.120155 0.129259
 0.000299 0.990231 0.947956 2.164904 4.103091 0.057056
 0.000299 0.978898 0.942738 2.163267 4.084903 0.012156
 0.000300 0.966036 0.940863 2.161429 4.068329 0.000048
 0.000300 0.953596 0.942889 2.159370 4.055856 0.009051
 0.000301 0.943235 0.948590 2.157159 4.048983 0.020659
 0.000301 0.936442 0.957490 2.154785 4.048717 0.021204
 0.000302 0.933851 0.968538 2.152178 4.054566 0.010869
 0.000302 0.935715 0.979823 2.149359 4.064897 0.000974
 0.000303 0.941389 0.989964 2.146362 4.077715 0.003532
 0.000303 0.950024 0.997485 2.143182 4.090691 0.022857
 0.000304 0.960101 1.001335 2.139849 4.101285 0.051118
 0.000304 0.970072 1.000470 2.136260 4.106802 0.070280
 0.000305 0.978230 0.994601 2.132455 4.105286 0.064712
 0.000305 0.983731 0.984222 2.128531 4.096484 0.036920
 0.000306 0.986309 0.970118 2.124395 4.080823 0.006627
 0.000306 0.985696 0.954618 2.120047 4.060361 0.004005
 0.000307 0.982336 0.939735 2.115599 4.037670 0.050054
 0.000307 0.976480 0.928310 2.111115 4.015905 0.142606
 0.000308 0.969194 0.922612 2.106579 3.998386 0.251516
 0.000308 0.961782 0.923997 2.102016 3.987795 0.332239
 0.000309 0.955189 0.932372 2.097325 3.984887 0.356366
 0.000309 0.950608 0.946274 2.092672 3.989555 0.318049
 0.000310 0.948437 0.963373 2.087999 3.999809 0.241525
 0.000310 0.949133 0.981425 2.083384 4.013942 0.153283
 0.000311 0.952440 0.997933 2.078735 4.029109 0.080807
 0.000311 0.957623 1.011080 2.074052 4.042755 0.035258
 0.000312 0.964206 1.018864 2.069246 4.052315 0.014442
 0.000312 0.971157 1.020441 2.064381 4.055979 0.008886
 0.000313 0.977347 1.015861 2.059477 4.052684 0.013822
 0.000313 0.982196 1.006024 2.054573 4.042793 0.035158
 0.000314 0.985346 0.991657 2.049735 4.026738 0.090622
 0.000314 0.986667 0.974392 2.044973 4.006032 0.200206
 0.000315 0.986705 0.956856 2.040337 3.983898 0.364765
 0.000315 0.985409 0.941622 2.035836 3.962867 0.566508
 0.000316 0.983633 0.931104 2.031462 3.946200 0.757813
 0.000316 0.981545 0.927371 2.027180 3.936096 0.887309
 0.000317 0.979041 0.931447 2.023152 3.933639 0.920334
 0.000317 0.976492 0.943016 2.019330 3.938838 0.851158
 0.000318 0.974578 0.959953 2.015746 3.950277 0.708450
 0.000318 0.973470 0.979592 2.012374 3.965437 0.539488
 0.000319 0.972601 0.999171 2.009175 3.980946 0.390409
 0.000319 0.971883 1.016308 2.006173 3.994364 0.280851
 0.000320 0.971816 1.028467 2.003418 4.003702 0.215224
 0.000320 0.971574 1.034760 2.000873 4.007207 0.192841
 0.000321 0.971134 1.034623 1.998582 4.004339 0.211064
 0.000321 0.970562 1.028187 1.996540 3.995289 0.273958
 0.000322 0.969753 1.015781 1.994753 3.980286 0.396263
 0.000322 0.969276 0.999014 1.993245 3.961534 0.580784
 0.000323 0.968967 0.979488 1.991940 3.940395 0.830962
 0.000323 0.968928 0.959539 1.990900 3.919367 1.124146
 0.000324 0.969747 0.941893 1.990101 3.901741 1.403979
 0.000324 0.971298 0.929020 1.989681 3.889998 1.607649
 0.000325 0.973631 0.923349 1.989672 3.886651 1.668213
 0.000325 0.976942 0.926012 1.989995 3.892949 1.555169
 0.000326 0.980103 0.936847 1.990567 3.907518 1.308837
 0.000326 0.982227 0.953494 1.991445 3.927167 1.010241
 0.000327 0.983182 0.973340 1.992604 3.949126 0.722218
 0.000327 0.982521 0.993716 1.994182 3.970420 0.488969
 0.000328 0.980160 1.011562 1.996074 3.987795 0.332236
 0.000328 0.975975 1.025218 1.998168 3.999360 0.244651
 0.000329 0.970609 1.032951 2.000503 4.004063 0.212861
 0.000329 0.965126 1.033486 2.003055 4.001668 0.228772
 0.000330 0.960142 1.026886 2.005783 3.992811 0.292608
 0.000330 0.956493 1.013324 2.008759 3.978576 0.411634
 0.000331 0.955211 0.994490 2.012041 3.961742 0.578548
 0.000331 0.956668 0.972996 2.015616 3.945280 0.769181
 0.000332 0.961132 0.951654 2.019499 3.932286 0.938789
 0.000332 0.968117 0.933476 2.023689 3.925282 1.037213
 0.000333 0.976656 0.921722 2.028213 3.926591 1.018438
 0.000333 0.985556 0.918904 2.033074 3.937534 0.868245
 0.000334 0.993410 0.925460 2.038120 3.956990 0.630794
 0.000334 0.999036 0.940075 2.043347 3.982458 0.377169
 0.000335 1.001754 0.960260 2.048717 4.010731 0.171575
 0.000335 1.001076 0.982609 2.054069 4.037754 0.049790
 0.000336 0.996898 1.003868 2.059440 4.060206 0.004145
 0.000336 0.989380 1.021252 2.064795 4.075427 0.001871
 0.000337 0.979291 1.033138 2.070238 4.082666 0.008919
 0.000337 0.967571 1.038375 2.075679 4.081625 0.007582
 0.000338 0.955454 1.036799 2.081122 4.073375 0.000826
 0.000338 0.944756 1.028533 2.086458 4.059747 0.004573
 0.000339 0.937587 1.013751 2.091707 4.043044 0.034495
 0.000339 0.935195 0.994032 2.096883 4.026109 0.093316
 0.000340 0.937924 0.971267 2.101993 4.011184 0.168933
 0.000340 0.945855 0.948137 2.107112 4.001103 0.232613
 0.000341 0.957717 0.928355 2.112105 3.998177 0.252998
 0.000341 0.971298 0.915453 2.117049 4.003800 0.214578
 0.000342 0.984799 0.911367 2.121914 4.018080 0.131225
 0.000342 0.996288 0.916555 2.126615 4.039458 0.044557
 0.000343 1.003844 0.929705 2.131129 4.064677 0.001074
 0.000343 1.006372 0.948443 2.135452 4.090268 0.021961
 0.000344 1.003172 0.969714 2.139695 4.112582 0.093621
 0.000344 0.993959 0.990138 2.143797 4.127894 0.171605
 0.000345 0.979831 1.007088 2.147698 4.134617 0.213250
 0.000345 0.962230 1.018104 2.151306 4.131641 0.194252
 0.000346 0.943587 1.022244 2.154563 4.120394 0.130478
 0.000346 0.927092 1.018725 2.157684 4.103501 0.058449
 0.000347 0.915658 1.008405 2.160613 4.084676 0.011805
 0.000347 0.911216 0.992093 2.163323 4.066633 0.000358
 0.000348 0.915192 0.971452 2.165742 4.052386 0.014322
 0.000348 0.926965 0.949584 2.167964 4.044513 0.030745
 0.000349 0.944590 0.929198 2.169951 4.043738 0.032696
 0.000349 0.965719 0.913312 2.171631 4.050662 0.017389
 0.000350 0.987080 0.905071 2.173039 4.065190 0.000849
 0.000350 1.006086 0.906300 2.174231 4.086617 0.014977
 0.000351 1.020358 0.916632 2.175166 4.112156 0.091787
 0.000351 1.028581 0.934001 2.175783 4.138365 0.238427
 0.000352 1.029610 0.955373 2.176094 4.161077 0.421056
 0.000352 1.023294 0.977053 2.176023 4.176371 0.573095
 0.000353 1.010058 0.996205 2.175622 4.181885 0.633658
 0.000353 0.990725 1.010472 2.174842 4.176040 0.569560
 0.000354 0.967706 1.018451 2.173709 4.159866 0.410019
 0.000354 0.943611 1.019776 2.172329 4.135717 0.220493
 0.000355 0.922195 1.015370 2.170677 4.108243 0.075788
 0.000355 0.907360 1.005304 2.168846 4.081510 0.007441
 0.000356 0.902295 0.990646 2.166824 4.059766 0.004555
 0.000356 0.908663 0.973041 2.164610 4.046314 0.026441
 0.000357 0.925195 0.954801 2.162195 4.042191 0.036772
 0.000357 0.948256 0.938965 2.159627 4.046847 0.025229
 0.000358 0.974213 0.927622 2.156879 4.058714 0.005615
 0.000358 0.999721 0.922459 2.153925 4.076105 0.002309
 0.000359 1.021891 0.923765 2.150692 4.096349 0.036553
 0.000359 1.037818 0.931246 2.147246 4.116311 0.110451
 0.000360 1.045572 0.943482 2.143662 4.132716 0.201017
 0.000360 1.044086 0.958295 2.139894 4.142276 0.266199
 0.000361 1.033197 0.973683 2.135896 4.142775 0.269856
 0.000361 1.013556 0.987535 2.131757 4.132848 0.201852
 0.000362 0.986933 0.997943 2.127484 4.112360 0.092663
 0.000362 0.956098 1.004222 2.123079 4.083399 0.009925
 0.000363 0.925329 1.006005 2.118533 4.049868 0.018901
 0.000363 0.899712 1.003650 2.113904 4.017266 0.135431
 0.000364 0.885009 0.997473 2.109191 3.991674 0.301372
 0.000364 0.884767 0.987954 2.104493 3.977215 0.424081
 0.000365 0.899219 0.975738 2.099816 3.974773 0.446866
 0.000365 0.925209 0.962267 2.095131 3.982607 0.375877
 0.000366 0.957827 0.949250 2.090461 3.997538 0.257561
 0.000366 0.991669 0.938867 2.085931 4.016468 0.139617
 0.000367 1.022573 0.932428 2.081440 4.036441 0.054019
 0.000367 1.047375 0.930654 2.076924 4.054953 0.010306
 0.000368 1.063841 0.933440 2.072481 4.069761 0.000010
 0.000368 1.070736 0.940243 2.068121 4.079099 0.004791
 0.000369 1.067772 0.950262 2.063844 4.081877 0.007897
 0.000369 1.055132 0.962074 2.059559 4.076766 0.002779
 0.000370 1.033269 0.973646 2.055311 4.062225 0.002510
 0.000370 1.004386 0.983763 2.051147 4.039297 0.045040
 0.000371 0.971273 0.991634 2.047135 4.010041 0.175642
 0.000371 0.938025 0.997019 2.043306 3.978351 0.413683
 0.000372 0.909572 0.999955 2.039693 3.949219 0.721093
 0.000372 0.891730 1.000300 2.036193 3.928223 0.995285
 0.000373 0.888061 0.998296 2.032964 3.919321 1.124835
 0.000373 0.900037 0.994095 2.030002 3.924134 1.053813
 0.000374 0.925245 0.988251 2.027218 3.940714 0.826857
 0.000374 0.958997 0.981547 2.024749 3.965293 0.540980
 0.000375 0.995481 0.974397 2.022413 3.992291 0.296602
 0.000375 1.029932 0.967285 2.020254 4.017472 0.134362
 0.000376 1.058620 0.960978 2.018253 4.037851 0.049483
 0.000376 1.079703 0.956182 2.016461 4.052345 0.014391
 0.000377 1.091469 0.953149 2.014885 4.059503 0.004809
 0.000377 1.093271 0.951955 2.013526 4.058751 0.005575
 0.000378 1.084361 0.952982 2.012411 4.049754 0.019122
 0.000378 1.065128 0.956461 2.011505 4.033095 0.065579
 0.000379 1.036905 0.961764 2.010757 4.009426 0.179305
 0.000379 1.002003 0.968945 2.010158 3.981106 0.388998
 0.000380 0.963802 0.977224 2.009858 3.950883 0.701246
 0.000380 0.926757 0.985514 2.009872 3.922143 1.082915
 0.000381 0.897083 0.992967 2.010215 3.900265 1.428820
 0.000381 0.880594 0.998856 2.010841 3.890291 1.602390
 0.000382 0.880650 1.002549 2.011737 3.894936 1.520323
 0.000382 0.897555 1.003584 2.012970 3.914109 1.204368
 0.000383 0.927604 1.001426 2.014418 3.943448 0.792061
 0.000383 0.964149 0.996290 2.016130 3.976569 0.430045
 0.000384 1.001076 0.987962 2.018095 4.007133 0.193300
 0.000384 1.033744 0.976950 2.020307 4.031001 0.073381
 0.000385 1.058833 0.964387 2.022718 4.045938 0.027313
 0.000385 1.074145 0.951739 2.025327 4.051212 0.016378
 0.000386 1.078764 0.940772 2.028019 4.047555 0.023665
 0.000386 1.072418 0.932851 2.030873 4.036142 0.055006
 0.000387 1.055843 0.929438 2.033910 4.019191 0.125599
 0.000387 1.030666 0.931100 2.037170 3.998937 0.247624
 0.000388 0.998998 0.938002 2.040602 3.977602 0.420524
 0.000388 0.963894 0.949326 2.044276 3.957496 0.625123
 0.000389 0.929916 0.963453 2.048109 3.941479 0.817049
 0.000389 0.902709 0.978800 2.052117 3.933626 0.920512
 0.000390 0.888257 0.993548 2.056194 3.937999 0.862128
 0.000390 0.889287 1.005894 2.060360 3.955541 0.647170
 0.000391 0.904725 1.014705 2.064603 3.984032 0.363616
 0.000391 0.931244 1.018728 2.068831 4.018803 0.127551
 0.000392 0.963972 1.017583 2.073113 4.054668 0.010719
 0.000392 0.997648 1.011076 2.077371 4.086094 0.014085
 0.000393 1.027921 0.999628 2.081612 4.109161 0.079403
 0.000393 1.051428 0.983872 2.085842 4.121142 0.134325
 0.000394 1.066625 0.965468 2.089990 4.122083 0.139245
 0.000394 1.072090 0.946820 2.094034 4.112944 0.095193
 0.000395 1.067825 0.930690 2.098038 4.096554 0.037110
 0.000395 1.054376 0.919862 2.102028 4.076266 0.002419
 0.000396 1.032299 0.916280 2.105994 4.054573 0.010859
 0.000396 1.003637 0.920753 2.109889 4.034280 0.061357
 0.000397 0.971594 0.932635 2.113779 4.018007 0.131602
 0.000397 0.940085 0.950286 2.117748 4.008118 0.187224
 0.000398 0.913267 0.971085 2.121764 4.006115 0.199681
 0.000398 0.895626 0.992223 2.125710 4.013559 0.155409
 0.000399 0.891035 1.010829 2.129492 4.031356 0.072025
 0.000399 0.900051 1.024706 2.133108 4.057865 0.006550
 0.000400 0.919947 1.032413 2.136678 4.089038 0.019458
 0.000400 0.946257 1.032976 2.140151 4.119384 0.125367
 0.000401 0.974412 1.025619 2.143439 4.143470 0.274981
 0.000401 1.000234 1.010977 2.146540 4.157752 0.391092
 0.000402 1.020597 0.990016 2.149410 4.160023 0.411435
 0.000402 1.033335 0.965248 2.152059 4.150641 0.330735
 0.000403 1.037251 0.939503 2.154446 4.131200 0.191514
 0.000403 1.032549 0.916548 2.156648 4.105745 0.066375
 0.000404 1.019843 0.900446 2.158738 4.079028 0.004721
 0.000404 1.000497 0.894684 2.160622 4.055804 0.009121
 0.000405 0.976238 0.900839 2.162482 4.039558 0.044260
 0.000405 0.950240 0.917559 2.164202 4.032001 0.069599
 0.000406 0.926140 0.941732 2.165763 4.033635 0.063637
 0.000406 0.907618 0.968650 2.167176 4.043445 0.033451
 0.000407 0.898347 0.994628 2.168453 4.061427 0.003107
 0.000407 0.900026 1.016551 2.169516 4.086093 0.014083
 0.000408 0.911930 1.031903 2.170334 4.114167 0.100606
 0.000408 0.931262 1.039112 2.170918 4.141293 0.259073
 0.000409 0.954718 1.037741 2.171295 4.163754 0.445977
 0.000409 0.978452 1.027606 2.171325 4.177383 0.583981
 0.000410 0.999390 1.009579 2.171062 4.180030 0.612945
 0.000410 1.015281 0.985017 2.170519 4.170817 0.515184
 0.000411 1.024701 0.957003 2.169644 4.151348 0.336511
 0.000411 1.027025 0.929399 2.168546 4.124970 0.154899
 0.000412 1.022242 0.907143 2.167240 4.096625 0.037305
 0.000412 1.010487 0.894720 2.165749 4.070956 0.000135
 0.000413 0.993594 0.894510 2.164120 4.052224 0.014597
 0.000413 0.974029 0.906473 2.162343 4.042845 0.035021
 0.000414 0.954242 0.928427 2.160355 4.043024 0.034547
 0.000414 0.936665 0.956406 2.158178 4.051249 0.016310
 0.000415 0.924473 0.986032 2.155793 4.066298 0.000454
 0.000415 0.919110 1.013315 2.153240 4.085664 0.013373
 0.000416 0.921186 1.035261 2.150418 4.106864 0.070516
 0.000416 0.930223 1.049425 2.147337 4.126984 0.166315
 0.000417 0.944599 1.054843 2.144029 4.143470 0.274981
 0.000417 0.961429 1.051361 2.140479 4.153269 0.352454
 0.000418 0.978196 1.038996 2.136755 4.153947 0.358168
 0.000418 0.992331 1.018963 2.132828 4.144122 0.279838
 0.000419 1.002543 0.992628 2.128730 4.123902 0.149012
 0.000419 1.007737 0.962129 2.124431 4.094297 0.031216
 0.000420 1.007982 0.931705 2.120034 4.059722 0.004597
 0.000420 1.003430 0.906486 2.115540 4.025457 0.096157
 0.000421 0.994852 0.891596 2.110908 3.997357 0.258868
 0.000421 0.983141 0.890356 2.106247 3.979744 0.401111
 0.000422 0.969884 0.902915 2.101491 3.974290 0.451445
 0.000422 0.956562 0.926303 2.096648 3.979513 0.403181
 0.000423 0.944789 0.956214 2.091781 3.992783 0.292819
 0.000423 0.936707 0.987521 2.086926 4.011154 0.169107
 0.000424 0.933077 1.015881 2.082065 4.031023 0.073295
 0.000424 0.933930 1.038345 2.077160 4.049435 0.019751
 0.000425 0.938745 1.052480 2.072249 4.063474 0.001703
 0.000425 0.946781 1.057202 2.067406 4.071389 0.000216
 0.000426 0.956834 1.052424 2.062562 4.071820 0.000315
 0.000426 0.967935 1.038571 2.057774 4.064281 0.001265
 0.000427 0.978083 1.016766 2.052991 4.047840 0.023049
 0.000427 0.986487 0.988959 2.048317 4.023763 0.103729
 0.000428 0.992652 0.958602 2.043670 3.994924 0.276666
 0.000428 0.996195 0.929725 2.039079 3.965000 0.544036
 0.000429 0.997158 0.907009 2.034590 3.938757 0.852207
 0.000429 0.995702 0.895316 2.030303 3.921321 1.095045
 0.000430 0.992558 0.897500 2.026271 3.916329 1.170167
 0.000430 0.988382 0.913013 2.022449 3.923844 1.058017
 0.000431 0.983543 0.938346 2.018844 3.940733 0.826601
 0.000431 0.978320 0.969192 2.015462 3.962973 0.565380
 0.000432 0.973148 1.001224 2.012314 3.986686 0.341341
 0.000432 0.968458 1.030172 2.009456 4.008086 0.187423
 0.000433 0.964644 1.053281 2.006817 4.024741 0.099320
 0.000433 0.962132 1.068496 2.004340 4.034967 0.058972
 0.000434 0.960581 1.075139 2.002038 4.037758 0.049776
 0.000434 0.960562 1.072901 1.999956 4.033419 0.064411
 0.000435 0.962067 1.061819 1.998155 4.022041 0.111719
 0.000435 0.965266 1.042783 1.996576 4.004625 0.209212
 0.000436 0.969770 1.017235 1.995204 3.982209 0.379334
 0.000436 0.974973 0.987129 1.994042 3.956144 0.640335
 0.000437 0.980521 0.956119 1.993147 3.929786 0.973347
 0.000437 0.985876 0.928455 1.992583 3.906913 1.318647
 0.000438 0.990928 0.908623 1.992305 3.891856 1.574494
 0.000438 0.995289 0.900486 1.992313 3.888088 1.642085
 0.000439 0.998554 0.905776 1.992673 3.897003 1.484494
 0.000439 1.000108 0.923155 1.993375 3.916637 1.165454
 0.000440 0.999264 0.949121 1.994355 3.942741 0.800996
 0.000440 0.995609 0.978558 1.995617 3.969784 0.495275
 0.000441 0.988945 1.006933 1.997198 3.993075 0.290588
 0.000441 0.979752 1.030785 1.999015 4.009552 0.178556
 0.000442 0.968727 1.047857 2.001085 4.017669 0.133343
 0.000442 0.957083 1.056445 2.003307 4.016834 0.137686
 0.000443 0.946288 1.056078 2.005657 4.008023 0.187809
 0.000443 0.937599 1.047064 2.008153 3.992816 0.292566
 0.000444 0.932606 1.029882 2.010772 3.973260 0.461285
 0.000444 0.932800 1.006074 2.013488 3.952362 0.683849
 0.000445 0.938931 0.978585 2.016247 3.933763 0.918658
 0.000445 0.949648 0.950785 2.019118 3.919550 1.121412
 0.000446 0.963335 0.925630 2.022149 3.911114 1.251304
 0.000446 0.978205 0.907804 2.025354 3.911363 1.247374
 0.000447 0.992674 0.900935 2.028723 3.922332 1.080131
 0.000447 1.004891 0.906196 2.032226 3.943313 0.793766
 0.000448 1.013241 0.922504 2.035836 3.971581 0.477547
 0.000448 1.017095 0.946249 2.039571 4.002914 0.220424
 0.000449 1.016378 0.973042 2.043291 4.032711 0.066977
 0.000449 1.010825 0.999067 2.047066 4.056957 0.007630
 0.000450 1.000474 1.021312 2.050819 4.072606 0.000543
 0.000450 0.985940 1.037186 2.054557 4.077683 0.003505
 0.000451 0.968400 1.045222 2.058252 4.071874 0.000329
 0.000451 0.950437 1.045623 2.061949 4.058010 0.006385
 0.000452 0.934897 1.038668 2.065663 4.039228 0.045247
 0.000452 0.924641 1.024770 2.069369 4.018780 0.127668
 0.000453 0.921397 1.005078 2.073174 3.999649 0.242636
 0.000453 0.926153 0.982221 2.077009 3.985382 0.352197
 0.000454 0.937775 0.958542 2.080792 3.977109 0.425057
 0.000454 0.954621 0.937569 2.084465 3.976655 0.429250
 0.000455 0.974281 0.922402 2.087981 3.984663 0.358259
 0.000455 0.994003 0.915731 2.091451 4.001185 0.232055
 0.000456 1.011587 0.918485 2.094870 4.024942 0.098427
 0.000456 1.024934 0.929222 2.098183 4.052339 0.014401
 0.000457 1.032461 0.946261 2.101331 4.080053 0.005770
 0.000457 1.033123 0.966254 2.104343 4.103720 0.059200
 0.000458 1.026293 0.985722 2.107154 4.119169 0.124293
 0.000458 1.012289 1.002383 2.109754 4.124427 0.151890
 0.000459 0.992570 1.014293 2.112113 4.118976 0.123333
 0.000459 0.969429 1.020242 2.114286 4.103958 0.060022
 0.000460 0.945243 1.019687 2.116246 4.081175 0.007038
 0.000460 0.923345 1.013105 2.118001 4.054452 0.011039
 0.000461 0.907527 1.001032 2.119578 4.028136 0.084765
 0.000461 0.900714 0.985056 2.120936 4.006705 0.195970
 0.000462 0.904753 0.966965 2.122159 3.993877 0.284509
 0.000462 0.919208 0.949010 2.123208 3.991426 0.303297
 0.000463 0.940657 0.933876 2.124054 3.998587 0.250091
 0.000463 0.965386 0.923867 2.124673 4.013925 0.153375
 0.000464 0.989977 0.920422 2.125126 4.035525 0.057074
 0.000464 1.011650 0.923662 2.125335 4.060647 0.003753
 0.000465 1.027905 0.932683 2.125212 4.085800 0.013595
 0.000465 1.036930 0.945611 2.124809 4.107350 0.072351
 0.000466 1.038037 0.960320 2.124147 4.122505 0.141481
 0.000466 1.031143 0.974422 2.123258 4.128823 0.177088
 0.000467 1.016322 0.985903 2.122092 4.124316 0.151283
 0.000467 0.995037 0.993911 2.120623 4.109571 0.081047
 0.000468 0.969432 0.997806 2.118970 4.086207 0.014276
 0.000468 0.943017 0.997435 2.117184 4.057635 0.006816
 0.000469 0.919794 0.993563 2.115238 4.028596 0.082883
 0.000469 0.903810 0.987212 2.113157 4.004179 0.212105
 0.000470 0.899007 0.979065 2.110939 3.989011 0.322397
 0.000470 0.906172 0.970450 2.108554 3.985176 0.353930
 0.000471 0.924173 0.962694 2.106035 3.992902 0.291911
 0.000471 0.949397 0.956572 2.103426 4.009395 0.179490
 0.000472 0.977835 0.953140 2.100668 4.031643 0.070941
 0.000472 1.005610 0.952572 2.097795 4.055977 0.008889
 0.000473 1.029090 0.954505 2.094763 4.078359 0.004093
 0.000473 1.046143 0.958622 2.091628 4.096393 0.036674
 0.000474 1.054956 0.964213 2.088394 4.107563 0.073164
 0.000474 1.054912 0.969955 2.085021 4.109888 0.082329
 0.000475 1.046424 0.975018 2.081565 4.103007 0.056774
 0.000475 1.030072 0.978774 2.077995 4.086840 0.015365
 0.000476 1.007405 0.980876 2.074330 4.062612 0.002244
 0.000476 0.980794 0.981842 2.070544 4.033180 0.065271
 0.000477 0.953185 0.981835 2.066635 4.001655 0.228865
 0.000477 0.928428 0.981078 2.062576 3.972081 0.472673
 0.000478 0.910728 0.979186 2.058502 3.948416 0.730771
 0.000478 0.903458 0.977145 2.054416 3.935019 0.901705
 0.000479 0.907934 0.975722 2.050341 3.933998 0.915478
 0.000479 0.923162 0.975053 2.046379 3.944594 0.777704
 0.000480 0.946130 0.974821 2.042441 3.963392 0.560938
 0.000480 0.972842 0.974582 2.038515 3.985939 0.347541
 0.000481 0.999201 0.974148 2.034710 4.008059 0.187588
 0.000481 1.021574 0.973052 2.031031 4.025657 0.095281
 0.000482 1.037516 0.970940 2.027476 4.035932 0.055707
 0.000482 1.045481 0.967758 2.023992 4.037232 0.051453
 0.000483 1.044948 0.964278 2.020697 4.029923 0.077567
 0.000483 1.036303 0.960488 2.017571 4.014363 0.150963
 0.000484 1.020526 0.957098 2.014505 3.992129 0.297848
 0.000484 0.999387 0.954677 2.011566 3.965629 0.537491
 0.000485 0.975442 0.954412 2.008852 3.938706 0.852872
 0.000485 0.951402 0.956362 2.006371 3.914135 1.203963
 0.000486 0.930762 0.960665 2.004197 3.895624 1.508356
 0.000486 0.916777 0.967031 2.002378 3.886185 1.676741
 0.000487 0.911847 0.975219 2.000865 3.887931 1.644917
 0.000487 0.917002 0.983994 1.999593 3.900590 1.423323
 0.000488 0.931171 0.992350 1.998559 3.922079 1.083848
 0.000488 0.951886 0.999260 1.997847 3.948993 0.723816
 0.000489 0.975809 1.003316 1.997402 3.976527 0.430438
 0.000489 0.999061 1.004026 1.997154 4.000240 0.238532
 0.000490 1.019224 1.001300 1.997137 4.017662 0.133380
 0.000490 1.034237 0.995618 1.997263 4.027117 0.089015
 0.000491 1.042999 0.988055 1.997543 4.028597 0.082879
 0.000491 1.044718 0.978527 1.997944 4.021189 0.115783
 0.000492 1.039019 0.968045 1.998588 4.005653 0.202616
 0.000492 1.026692 0.958720 1.999419 3.984832 0.356831
 0.000493 1.009156 0.951868 2.000343 3.961366 0.582601
 0.000493 0.988414 0.948577 2.001567 3.938558 0.854807
 0.000494 0.967112 0.949503 2.003069 3.919684 1.119402
 0.000494 0.948030 0.954666 2.004798 3.907494 1.309234
 0.000495 0.933489 0.963787 2.006807 3.904083 1.365009
 0.000495 0.925810 0.975567 2.009148 3.910524 1.260650
 0.000496 0.926359 0.988473 2.011802 3.926634 1.017830
 0.000496 0.934825 1.000909 2.014697 3.950431 0.706613
 0.000497 0.949303 1.011036 2.017720 3.978060 0.416332
 0.000497 0.967123 1.017521 2.020934 4.005578 0.203092
 0.000498 0.985490 1.019725 2.024355 4.029571 0.078961
 0.000498 1.001689 1.016874 2.027864 4.046427 0.026181
 0.000499 1.014045 1.008514 2.031477 4.054036 0.011666
 0.000499 1.020810 0.995156 2.035202 4.051168 0.016458
 0.000500 1.021207 0.978154 2.039006 4.038368 0.047872
