#! FIELDS time dAB dAC dAD rc bias
 0.000000 1.724752 1.679600 2.849350 6.253703 7.872758
 0.000000 1.725946 1.683509 2.853456 6.262911 8.242388
 0.000001 1.725938 1.684282 2.857333 6.267553 8.431933
 0.000001 1.724738 1.681903 2.860990 6.267632 8.435163
 0.000002 1.722548 1.676668 2.864511 6.263727 8.275556
 0.000002 1.719561 1.669538 2.867809 6.256908 8.000471
 0.000003 1.715760 1.660942 2.870882 6.247584 7.631827
 0.000003 1.711047 1.651937 2.873735 6.236719 7.213237
 0.000004 1.705393 1.643110 2.876317 6.224820 6.768400
 0.000004 1.699288 1.635368 2.878647 6.213304 6.351309
 0.000005 1.693275 1.629189 2.880706 6.203171 5.995289
 0.000005 1.687787 1.625092 2.882557 6.195436 5.730453
 0.000006 1.682615 1.623033 2.884119 6.189768 5.540168
 0.000006 1.678364 1.623099 2.885386 6.186849 5.443424
 0.000007 1.674663 1.625817 2.886314 6.186793 5.441598
 0.000007 1.671684 1.631206 2.887104 6.189994 5.547710
 0.000008 1.669406 1.639245 2.887549 6.196200 5.756326
 0.000008 1.668085 1.649240 2.887700 6.205025 6.059682
 0.000009 1.667747 1.661052 2.887577 6.216376 6.461275
 0.000009 1.668119 1.674430 2.887102 6.229651 6.947294
 0.000010 1.669166 1.687726 2.886345 6.243237 7.462935
 0.000010 1.670796 1.700471 2.885344 6.256611 7.988578
 0.000011 1.672415 1.711768 2.884129 6.268313 8.463160
 0.000011 1.673887 1.720482 2.882657 6.277026 8.825440
 0.000012 1.675053 1.725908 2.880921 6.281882 9.030646
 0.000012 1.675755 1.727485 2.878957 6.282197 9.044009
 0.000013 1.675686 1.725211 2.876720 6.277617 8.850289
 0.000013 1.675732 1.719513 2.874226 6.269471 8.510865
 0.000014 1.676047 1.711118 2.871434 6.258599 8.068256
 0.000014 1.676610 1.700338 2.868341 6.245289 7.542454
 0.000015 1.677808 1.687877 2.865003 6.230687 6.985963
 0.000015 1.679679 1.674974 2.861455 6.216108 6.451641
 0.000016 1.682531 1.662602 2.857768 6.202900 5.985926
 0.000016 1.686820 1.651362 2.853884 6.192066 5.616942
 0.000017 1.692704 1.641943 2.849818 6.184466 5.365071
 0.000017 1.699873 1.635262 2.845661 6.180797 5.245564
 0.000018 1.707994 1.631142 2.841361 6.180498 5.235888
 0.000018 1.716912 1.629836 2.836991 6.183739 5.341312
 0.000019 1.726631 1.631837 2.832478 6.190946 5.579458
 0.000019 1.735838 1.637049 2.827842 6.200729 5.911030
 0.000020 1.743773 1.644828 2.823091 6.211693 6.294012
 0.000020 1.750654 1.654974 2.818349 6.223977 6.737395
 0.000021 1.756092 1.666498 2.813574 6.236164 7.192204
 0.000021 1.759376 1.678813 2.808835 6.247023 7.609944
 0.000022 1.760847 1.691444 2.803989 6.256280 7.975343
 0.000022 1.759967 1.703857 2.799181 6.263005 8.246206
 0.000023 1.756713 1.715488 2.794331 6.266531 8.390027
 0.000023 1.751024 1.725640 2.789434 6.266098 8.372278
 0.000024 1.743340 1.733703 2.784510 6.261553 8.187348
 0.000024 1.734030 1.739194 2.779591 6.252815 7.837556
 0.000025 1.723500 1.742143 2.774648 6.240291 7.349555
 0.000025 1.712994 1.742585 2.769820 6.225399 6.789705
 0.000026 1.702890 1.740881 2.765089 6.208860 6.193930
 0.000026 1.693019 1.737560 2.760567 6.191146 5.586132
 0.000027 1.684356 1.733158 2.756127 6.173641 5.016345
 0.000027 1.677059 1.728143 2.751885 6.157087 4.505702
 0.000028 1.671746 1.723226 2.747785 6.142757 4.085809
 0.000028 1.668724 1.718911 2.743891 6.131526 3.771069
 0.000029 1.668638 1.715815 2.740178 6.124631 3.584091
 0.000029 1.670851 1.713808 2.736708 6.121367 3.497227
 0.000030 1.675012 1.713193 2.733532 6.121737 3.507013
 0.000030 1.680498 1.713581 2.730578 6.124657 3.584784
 0.000031 1.686846 1.715116 2.727778 6.129741 3.722214
 0.000031 1.693529 1.717770 2.725207 6.136507 3.909099
 0.000032 1.700084 1.721375 2.722796 6.144255 4.128754
 0.000032 1.705455 1.725182 2.720503 6.151141 4.328982
 0.000033 1.708791 1.729277 2.718367 6.156434 4.486148
 0.000033 1.709831 1.733316 2.716370 6.159517 4.578943
 0.000034 1.708045 1.736410 2.714652 6.159106 4.566528
 0.000034 1.703379 1.738793 2.713155 6.155328 4.453058
 0.000035 1.695836 1.740022 2.711799 6.147657 4.227079
 0.000035 1.686303 1.740001 2.710570 6.136874 3.919371
 0.000036 1.675255 1.738500 2.709445 6.123199 3.545858
 0.000036 1.664019 1.735845 2.708528 6.108393 3.162522
 0.000037 1.653038 1.732113 2.707820 6.092971 2.786548
 0.000037 1.643072 1.727454 2.707307 6.077833 2.440655
 0.000038 1.634621 1.722380 2.706918 6.063920 2.142930
 0.000038 1.628560 1.716935 2.706658 6.052153 1.906263
 0.000039 1.624899 1.711144 2.706517 6.042560 1.723554
 0.000039 1.623540 1.705414 2.706566 6.035519 1.595300
 0.000040 1.624856 1.699557 2.706713 6.031125 1.517784
 0.000040 1.628901 1.694069 2.706973 6.029943 1.497258
 0.000041 1.636187 1.689406 2.707331 6.032924 1.549282
 0.000041 1.646103 1.685742 2.707841 6.039686 1.670598
 0.000042 1.657729 1.682933 2.708537 6.049199 1.849011
 0.000042 1.670385 1.681091 2.709366 6.060842 2.079692
 0.000043 1.683237 1.679719 2.710288 6.073245 2.340328
 0.000043 1.695573 1.678889 2.711204 6.085666 2.616770
 0.000044 1.705925 1.678342 2.712086 6.096352 2.866956
 0.000044 1.713429 1.677780 2.712908 6.104117 3.055901
 0.000045 1.717659 1.677563 2.713668 6.108891 3.175050
 0.000045 1.718098 1.677995 2.714372 6.110464 3.214835
 0.000046 1.714828 1.678457 2.714949 6.108234 3.158535
 0.000046 1.707902 1.678835 2.715372 6.102109 3.006458
 0.000047 1.698158 1.679895 2.715622 6.093675 2.803197
 0.000047 1.686363 1.681820 2.715709 6.083892 2.576342
 0.000048 1.673469 1.684258 2.715709 6.073436 2.344456
 0.000048 1.660426 1.686812 2.715567 6.062805 2.119912
 0.000049 1.648297 1.689441 2.715303 6.053040 1.923619
 0.000049 1.637913 1.692628 2.714859 6.045400 1.776674
 0.000050 1.630061 1.696287 2.714185 6.040533 1.686117
 0.000050 1.624797 1.700560 2.713329 6.038685 1.652354
 0.000051 1.622772 1.705206 2.712295 6.040273 1.681351
 0.000051 1.624153 1.710079 2.711045 6.045278 1.774377
 0.000052 1.628618 1.715197 2.709670 6.053485 1.932356
 0.000052 1.635632 1.720300 2.708156 6.064088 2.146414
 0.000053 1.644350 1.725322 2.706538 6.076209 2.404902
 0.000053 1.653780 1.729955 2.704799 6.088533 2.682782
 0.000054 1.663739 1.733516 2.702951 6.100206 2.959966
 0.000054 1.673577 1.735777 2.700962 6.110316 3.211078
 0.000055 1.682249 1.736619 2.698923 6.117791 3.403294
 0.000055 1.689103 1.736139 2.696787 6.122029 3.514763
 0.000056 1.693602 1.734744 2.694578 6.122924 3.538518
 0.000056 1.695071 1.732735 2.692357 6.120162 3.465448
 0.000057 1.693328 1.730337 2.690140 6.113805 3.300101
 0.000057 1.689032 1.727600 2.687841 6.104473 3.064705
 0.000058 1.683046 1.725095 2.685446 6.093587 2.801110
 0.000058 1.675837 1.723350 2.683099 6.082286 2.540017
 0.000059 1.667956 1.722409 2.680804 6.071169 2.295637
 0.000059 1.660276 1.722521 2.678536 6.061333 2.089719
 0.000060 1.653428 1.723541 2.676298 6.053267 1.928063
 0.000060 1.648099 1.725219 2.674116 6.047434 1.815225
 0.000061 1.644773 1.727723 2.672017 6.044513 1.760006
 0.000061 1.643477 1.731113 2.669909 6.044498 1.759717
 0.000062 1.644400 1.735515 2.667865 6.047781 1.821836
 0.000062 1.647390 1.740265 2.666017 6.053673 1.936040
 0.000063 1.652558 1.744737 2.664354 6.061649 2.096187
 0.000063 1.659149 1.748777 2.662871 6.070797 2.287671
 0.000064 1.667129 1.751915 2.661522 6.080566 2.501406
 0.000064 1.676339 1.753474 2.660284 6.090098 2.719135
 0.000065 1.686416 1.753289 2.659199 6.098903 2.928367
 0.000065 1.696637 1.751150 2.658178 6.105965 3.101746
 0.000066 1.706647 1.747195 2.657312 6.111155 3.232360
 0.000066 1.715468 1.741962 2.656559 6.113989 3.304816
 0.000067 1.722735 1.735434 2.655938 6.114108 3.307883
 0.000067 1.728066 1.728677 2.655454 6.112197 3.258922
 0.000068 1.730918 1.721833 2.655184 6.107935 3.151024
 0.000068 1.731528 1.715778 2.655124 6.102431 3.014346
 0.000069 1.729997 1.710832 2.655207 6.096036 2.859382
 0.000069 1.726464 1.707118 2.655511 6.089093 2.695756
 0.000070 1.721757 1.705414 2.655922 6.083093 2.558234
 0.000070 1.716727 1.705777 2.656539 6.079043 2.467453
 0.000071 1.711974 1.708413 2.657402 6.077789 2.439678
 0.000071 1.707473 1.713204 2.658453 6.079130 2.469387
 0.000072 1.703563 1.720165 2.659686 6.083414 2.565512
 0.000072 1.701089 1.729078 2.661180 6.091347 2.748342
 0.000073 1.700117 1.739657 2.662901 6.102676 3.020365
 0.000073 1.700937 1.751227 2.664826 6.116990 3.382435
 0.000074 1.703074 1.763036 2.666956 6.133066 3.813475
 0.000074 1.706319 1.774512 2.669249 6.150080 4.297813
 0.000075 1.710591 1.784752 2.671639 6.166982 4.807657
 0.000075 1.715592 1.793200 2.674109 6.182901 5.313947
 0.000076 1.720848 1.798927 2.676664 6.196439 5.764462
 0.000076 1.726054 1.801809 2.679258 6.207121 6.132874
 0.000077 1.730908 1.801511 2.681986 6.214406 6.390659
 0.000077 1.734994 1.797870 2.684792 6.217656 6.507358
 0.000078 1.738711 1.791164 2.687645 6.217520 6.502464
 0.000078 1.742186 1.782619 2.690543 6.215349 6.424395
 0.000079 1.745179 1.772837 2.693491 6.211506 6.287393
 0.000079 1.747437 1.762536 2.696572 6.206545 6.112690
 0.000080 1.748791 1.752368 2.699654 6.200813 5.913918
 0.000080 1.749322 1.742778 2.702758 6.194858 5.710898
 0.000081 1.749293 1.734358 2.705953 6.189604 5.534705
 0.000081 1.748315 1.727481 2.709125 6.184922 5.380026
 0.000082 1.746768 1.722305 2.712406 6.181479 5.267695
 0.000082 1.744628 1.719338 2.715786 6.179751 5.211760
 0.000083 1.741835 1.718999 2.719165 6.179999 5.219761
 0.000083 1.738675 1.720778 2.722493 6.181946 5.282866
 0.000084 1.735214 1.724774 2.725782 6.185770 5.407882
 0.000084 1.731432 1.730656 2.728972 6.191061 5.583280
 0.000085 1.727393 1.738149 2.732119 6.197661 5.806015
 0.000085 1.723206 1.746846 2.735163 6.205216 6.066305
 0.000086 1.719249 1.755994 2.738054 6.213297 6.351063
 0.000086 1.715446 1.764857 2.740758 6.221060 6.630749
 0.000087 1.711612 1.772441 2.743319 6.227372 6.862591
 0.000087 1.707776 1.778085 2.745707 6.231568 7.018916
 0.000088 1.703993 1.781591 2.747989 6.233573 7.094262
 0.000088 1.700821 1.782433 2.750072 6.233326 7.084967
 0.000089 1.698145 1.780474 2.751917 6.230537 6.980360
 0.000089 1.695845 1.775691 2.753588 6.225125 6.779602
 0.000090 1.694276 1.768340 2.755106 6.217723 6.509773
 0.000090 1.693856 1.759117 2.756460 6.209433 6.214096
 0.000091 1.694203 1.748742 2.757650 6.200595 5.906426
 0.000091 1.695452 1.737495 2.758638 6.191585 5.600803
 0.000092 1.697062 1.726327 2.759399 6.182788 5.310274
 0.000092 1.698866 1.716332 2.759905 6.175103 5.062776
 0.000093 1.701301 1.708243 2.760220 6.169764 4.894287
 0.000093 1.703523 1.702496 2.760248 6.166267 4.785512
 0.000094 1.705565 1.699276 2.760105 6.164947 4.744739
 0.000094 1.706974 1.699273 2.759809 6.166056 4.778983
 0.000095 1.707195 1.702227 2.759287 6.168710 4.861372
 0.000095 1.706234 1.707855 2.758596 6.172685 4.986124
 0.000096 1.704079 1.716414 2.757686 6.178179 5.161132
 0.000096 1.701101 1.727024 2.756530 6.184656 5.371298
 0.000097 1.697118 1.739103 2.755156 6.191377 5.593874
 0.000097 1.692716 1.752210 2.753528 6.198453 5.833047
 0.000098 1.687493 1.765702 2.751711 6.204906 6.055522
 0.000098 1.681399 1.778754 2.749721 6.209874 6.229646
 0.000099 1.674703 1.790381 2.747542 6.212626 6.327181
 0.000099 1.667637 1.800296 2.745213 6.213146 6.345699
 0.000100 1.660734 1.807997 2.742775 6.211506 6.287390
 0.000100 1.654632 1.813231 2.740189 6.208052 6.165513
 0.000101 1.649354 1.815665 2.737501 6.202520 5.972782
 0.000101 1.645231 1.815162 2.734662 6.195055 5.717547
 0.000102 1.642434 1.811698 2.731635 6.185766 5.407770
 0.000102 1.640406 1.805493 2.728440 6.174339 5.038489
 0.000103 1.639561 1.796964 2.725143 6.161669 4.644305
 0.000103 1.640216 1.786876 2.721709 6.148802 4.260430
 0.000104 1.642326 1.775911 2.718211 6.136447 3.907426
 0.000104 1.645880 1.764990 2.714696 6.125566 3.609166
 0.000105 1.650377 1.754542 2.711098 6.116016 3.357156
 0.000105 1.655399 1.744796 2.707452 6.107646 3.143777
 0.000106 1.660261 1.736133 2.703881 6.100276 2.961670
 0.000106 1.664020 1.728525 2.700361 6.092906 2.785022
 0.000107 1.667152 1.722379 2.696778 6.086308 2.631481
 0.000107 1.669399 1.717778 2.693187 6.080365 2.496906
 0.000108 1.669893 1.715091 2.689633 6.074617 2.370105
 0.000108 1.668189 1.714213 2.686053 6.068455 2.237851
 0.000109 1.664491 1.714992 2.682539 6.062023 2.103836
 0.000109 1.658958 1.717371 2.679121 6.055450 1.971170
 0.000110 1.651880 1.720611 2.675725 6.048216 1.830159
 0.000110 1.643555 1.724163 2.672408 6.040126 1.678660
 0.000111 1.634218 1.727396 2.669124 6.030739 1.511051
 0.000111 1.624897 1.730155 2.665979 6.021030 1.346998
 0.000112 1.616369 1.731522 2.662999 6.010890 1.185693
 0.000112 1.608734 1.731238 2.660119 6.000091 1.025226
 0.000113 1.602951 1.728870 2.657457 5.989278 0.876246
 0.000113 1.599127 1.724979 2.654985 5.979091 0.746572
 0.000114 1.597405 1.719829 2.652710 5.969943 0.638980
 0.000114 1.597891 1.713999 2.650644 5.962535 0.557973
 0.000115 1.600268 1.707459 2.648862 5.956590 0.496935
 0.000115 1.604684 1.700770 2.647379 5.952834 0.460195
 0.000116 1.610851 1.694703 2.646082 5.951636 0.448778
 0.000116 1.618561 1.690085 2.644963 5.953608 0.467658
 0.000117 1.627562 1.687161 2.644122 5.958845 0.519674
 0.000117 1.637314 1.686595 2.643554 5.967463 0.611243
 0.000118 1.647256 1.688033 2.643317 5.978606 0.740656
 0.000118 1.656429 1.691457 2.643405 5.991291 0.903099
 0.000119 1.664811 1.696928 2.643802 6.005542 1.104766
 0.000119 1.672330 1.703731 2.644509 6.020569 1.339438
 0.000120 1.679084 1.711738 2.645555 6.036377 1.610657
 0.000120 1.685235 1.720522 2.646868 6.052625 1.915476
 0.000121 1.690246 1.729757 2.648404 6.068407 2.236828
 0.000121 1.694498 1.738958 2.650237 6.083693 2.571834
 0.000122 1.698680 1.747575 2.652292 6.098547 2.919743
 0.000122 1.702991 1.754995 2.654593 6.112579 3.268667
 0.000123 1.707676 1.760826 2.657083 6.125585 3.609682
 0.000123 1.713288 1.764688 2.659650 6.137626 3.940443
 0.000124 1.719627 1.766307 2.662342 6.148275 4.245078
 0.000124 1.726764 1.765365 2.665261 6.157390 4.514821
 0.000125 1.734800 1.762628 2.668340 6.165768 4.770068
 0.000125 1.743441 1.757730 2.671486 6.172656 4.985204
 0.000126 1.752388 1.750869 2.674748 6.178005 5.155516
 0.000126 1.761671 1.742114 2.678062 6.181847 5.279631
 0.000127 1.771490 1.732127 2.681511 6.185128 5.386791
 0.000127 1.781168 1.721397 2.685146 6.187711 5.471909
 0.000128 1.790716 1.710331 2.688881 6.189928 5.545485
 0.000128 1.799476 1.699497 2.692561 6.191534 5.599107
 0.000129 1.807155 1.689229 2.696282 6.192666 5.637063
 0.000129 1.813155 1.679785 2.700128 6.193068 5.650573
 0.000130 1.816999 1.671144 2.704070 6.192212 5.621839
 0.000130 1.818574 1.663597 2.708058 6.190229 5.555542
 0.000131 1.817509 1.657807 2.712035 6.187351 5.460005
 0.000131 1.813659 1.653620 2.715984 6.183263 5.325767
 0.000132 1.806824 1.651442 2.719939 6.178206 5.161990
 0.000132 1.796958 1.651104 2.723942 6.172004 4.964643
 0.000133 1.784654 1.652552 2.727960 6.165165 4.751473
 0.000133 1.770157 1.655680 2.731952 6.157789 4.526809
 0.000134 1.754001 1.660363 2.735848 6.150212 4.301698
 0.000134 1.736610 1.665844 2.739639 6.142093 4.066855
 0.000135 1.718590 1.671775 2.743390 6.133755 3.832526
 0.000135 1.700736 1.678218 2.747118 6.126072 3.622766
 0.000136 1.683580 1.684197 2.750830 6.118608 3.424632
 0.000136 1.667755 1.689285 2.754439 6.111479 3.240614
 0.000137 1.653407 1.693041 2.757909 6.104357 3.061840
 0.000137 1.641216 1.695179 2.761215 6.097610 2.897153
 0.000138 1.631801 1.695932 2.764380 6.092113 2.766337
 0.000138 1.625382 1.695359 2.767411 6.088152 2.673964
 0.000139 1.621679 1.693228 2.770371 6.085278 2.607911
 0.000139 1.621363 1.690237 2.773273 6.084873 2.598670
 0.000140 1.623577 1.686979 2.776017 6.086574 2.637592
 0.000140 1.628065 1.683751 2.778623 6.090439 2.727095
 0.000141 1.634157 1.680848 2.781116 6.096121 2.861411
 0.000141 1.641281 1.678718 2.783484 6.103483 3.040236
 0.000142 1.648336 1.677441 2.785722 6.111498 3.241095
 0.000142 1.654391 1.677257 2.787859 6.119507 3.448205
 0.000143 1.658969 1.678215 2.789853 6.127037 3.648784
 0.000143 1.661288 1.680751 2.791742 6.133781 3.833249
 0.000144 1.661148 1.684739 2.793499 6.139385 3.989983
 0.000144 1.658571 1.689909 2.795108 6.143587 4.109566
 0.000145 1.653880 1.696052 2.796600 6.146532 4.194433
 0.000145 1.647532 1.703603 2.798051 6.149187 4.271680
 0.000146 1.639941 1.712321 2.799351 6.151613 4.342884
 0.000146 1.631401 1.722052 2.800418 6.153872 4.409719
 0.000147 1.623140 1.732450 2.801362 6.156952 4.501678
 0.000147 1.615515 1.742666 2.802223 6.160403 4.605822
 0.000148 1.608988 1.752619 2.802973 6.164580 4.733458
 0.000148 1.603766 1.761906 2.803587 6.169259 4.878520
 0.000149 1.600352 1.770006 2.804065 6.174424 5.041179
 0.000149 1.598909 1.776464 2.804413 6.179786 5.212879
 0.000150 1.599408 1.781304 2.804690 6.185402 5.395784
 0.000150 1.601959 1.784329 2.804875 6.191163 5.586702
 0.000151 1.606757 1.785975 2.805078 6.197810 5.811092
 0.000151 1.613583 1.785494 2.805257 6.204334 6.035631
 0.000152 1.622172 1.782844 2.805436 6.210452 6.250069
 0.000152 1.632377 1.777826 2.805575 6.215778 6.439783
 0.000153 1.643476 1.770749 2.805721 6.219946 6.590242
 0.000153 1.654907 1.761827 2.805842 6.222576 6.686085
 0.000154 1.666459 1.751829 2.805879 6.224167 6.744370
 0.000154 1.677538 1.741131 2.805958 6.224627 6.761294
 0.000155 1.688311 1.729725 2.806090 6.224126 6.742861
 0.000155 1.697829 1.718209 2.806217 6.222254 6.674317
 0.000156 1.705011 1.707126 2.806430 6.218567 6.540268
 0.000156 1.710107 1.696770 2.806716 6.213593 6.361602
 0.000157 1.713050 1.687536 2.807072 6.207658 6.151681
 0.000157 1.713846 1.679738 2.807427 6.201011 5.920723
 0.000158 1.712579 1.673814 2.807852 6.194244 5.690174
 0.000158 1.709464 1.670041 2.808248 6.187753 5.473306
 0.000159 1.704643 1.668238 2.808695 6.181575 5.270819
 0.000159 1.698342 1.668458 2.809359 6.176159 5.096438
 0.000160 1.691755 1.670734 2.810092 6.172581 4.982849
 0.000160 1.685153 1.675198 2.810882 6.171233 4.940356
 0.000161 1.678755 1.681201 2.811750 6.171707 4.955275
 0.000161 1.672705 1.687950 2.812690 6.173345 5.006996
 0.000162 1.667702 1.695531 2.813646 6.176879 5.119431
 0.000162 1.663977 1.703182 2.814566 6.181725 5.275681
 0.000163 1.661579 1.709839 2.815471 6.186890 5.444769
 0.000163 1.660415 1.715092 2.816424 6.191931 5.612419
 0.000164 1.660636 1.718682 2.817398 6.196717 5.773896
 0.000164 1.662446 1.720088 2.818386 6.200921 5.917633
 0.000165 1.665898 1.719202 2.819424 6.204524 6.042257
 0.000165 1.670475 1.715776 2.820432 6.206683 6.117527
 0.000166 1.675452 1.709684 2.821553 6.206689 6.117745
 0.000166 1.680914 1.701400 2.822745 6.205059 6.060845
 0.000167 1.687056 1.692002 2.823953 6.203011 5.989768
 0.000167 1.693495 1.681597 2.825169 6.200261 5.894964
 0.000168 1.699637 1.670322 2.826400 6.196359 5.761746
 0.000168 1.705027 1.658960 2.827611 6.191598 5.601246
 0.000169 1.709822 1.648433 2.828784 6.187040 5.449740
 0.000169 1.713597 1.639633 2.829922 6.183151 5.322114
 0.000170 1.716135 1.632696 2.831007 6.179838 5.214551
 0.000170 1.717687 1.628012 2.832173 6.177872 5.151266
 0.000171 1.718022 1.625995 2.833362 6.177379 5.135454
 0.000171 1.717213 1.626643 2.834547 6.178402 5.168303
 0.000172 1.714768 1.629081 2.835711 6.179560 5.205585
 0.000172 1.710919 1.633335 2.836855 6.181110 5.255713
 0.000173 1.706220 1.639185 2.837946 6.183352 5.328654
 0.000173 1.701014 1.645967 2.838984 6.185965 5.414311
 0.000174 1.696012 1.652877 2.840022 6.188911 5.511679
 0.000174 1.691621 1.659398 2.841051 6.192070 5.617060
 0.000175 1.688287 1.665246 2.842040 6.195574 5.735116
 0.000175 1.685978 1.669376 2.842965 6.198319 5.828475
 0.000176 1.684495 1.671246 2.843806 6.199547 5.870471
 0.000176 1.684215 1.670988 2.844552 6.199754 5.877575
 0.000177 1.685216 1.668887 2.845261 6.199364 5.864214
 0.000177 1.687622 1.664766 2.845928 6.198316 5.828368
 0.000178 1.691319 1.658796 2.846530 6.196646 5.771484
 0.000178 1.696019 1.651091 2.847075 6.194185 5.688162
 0.000179 1.701782 1.642054 2.847558 6.191395 5.594469
 0.000179 1.707951 1.632289 2.847953 6.188192 5.487825
 0.000180 1.714396 1.622272 2.848294 6.184961 5.381305
 0.000180 1.721131 1.612084 2.848590 6.181805 5.278285
 0.000181 1.727920 1.602125 2.848819 6.178864 5.183150
 0.000181 1.734385 1.593030 2.848975 6.176391 5.103827
 0.000182 1.740046 1.584760 2.849031 6.173837 5.022570
 0.000182 1.744517 1.578096 2.849050 6.171662 4.953878
 0.000183 1.747786 1.572946 2.849037 6.169769 4.894444
 0.000183 1.750021 1.569549 2.848988 6.168558 4.856657
 0.000184 1.751545 1.568396 2.848833 6.168773 4.863353
 0.000184 1.752027 1.569301 2.848505 6.169833 4.896451
 0.000185 1.751613 1.571863 2.848018 6.171494 4.948572
 0.000185 1.750675 1.575891 2.847432 6.173998 5.027667
 0.000186 1.749119 1.581152 2.846697 6.176969 5.122303
 0.000186 1.747099 1.586862 2.845805 6.179767 5.212257
 0.000187 1.744916 1.592886 2.844708 6.182509 5.301188
 0.000187 1.742644 1.598497 2.843408 6.184550 5.367831
 0.000188 1.740345 1.602909 2.841944 6.185199 5.389112
 0.000188 1.738175 1.605505 2.840293 6.183974 5.348974
 0.000189 1.736338 1.606533 2.838533 6.181403 5.265236
 0.000189 1.735046 1.605875 2.836630 6.177551 5.140971
 0.000190 1.734425 1.603444 2.834539 6.172408 4.977374
 0.000190 1.734223 1.599714 2.832220 6.166156 4.782073
 0.000191 1.734549 1.594948 2.829776 6.159273 4.571579
 0.000191 1.735359 1.589221 2.827175 6.151755 4.347082
 0.000192 1.736892 1.583213 2.824424 6.144529 4.136628
 0.000192 1.738799 1.577246 2.821448 6.137493 3.936717
 0.000193 1.740718 1.572276 2.818312 6.131305 3.765012
 0.000193 1.742180 1.568481 2.815048 6.125709 3.613000
 0.000194 1.743175 1.566078 2.811684 6.120937 3.485876
 0.000194 1.743866 1.565679 2.808203 6.117747 3.402155
 0.000195 1.743542 1.567603 2.804587 6.115732 3.349790
 0.000195 1.741872 1.572195 2.800894 6.114961 3.329855
 0.000196 1.739006 1.579313 2.797177 6.115496 3.343691
 0.000196 1.735021 1.588359 2.793420 6.116800 3.377480
 0.000197 1.729836 1.599632 2.789666 6.119134 3.438432
 0.000197 1.723442 1.612532 2.785837 6.121812 3.509005
 0.000198 1.716099 1.626258 2.781942 6.124299 3.575195
 0.000198 1.707569 1.640126 2.778003 6.125698 3.612723
 0.000199 1.698064 1.653661 2.773940 6.125665 3.611812
 0.000199 1.688063 1.666051 2.769849 6.123963 3.566215
 0.000200 1.678432 1.677162 2.765767 6.121361 3.497071
 0.000200 1.669975 1.686508 2.761593 6.118076 3.410740
 0.000201 1.662371 1.693673 2.757405 6.113450 3.290979
 0.000201 1.656098 1.698633 2.753192 6.107923 3.150722
 0.000202 1.651406 1.701445 2.748989 6.101840 2.999860
 0.000202 1.648292 1.702125 2.744758 6.095175 2.838828
 0.000203 1.647466 1.701060 2.740565 6.089091 2.695717
 0.000203 1.649377 1.698761 2.736466 6.084604 2.592532
 0.000204 1.653762 1.695735 2.732479 6.081976 2.533047
 0.000204 1.660016 1.692506 2.728582 6.081105 2.513475
 0.000205 1.668096 1.689678 2.724753 6.082528 2.545468
 0.000205 1.677638 1.687231 2.721063 6.085932 2.622868
 0.000206 1.688316 1.685933 2.717567 6.091816 2.759363
 0.000206 1.699436 1.686162 2.714151 6.099750 2.948883
 0.000207 1.710513 1.687632 2.710888 6.109033 3.178639
 0.000207 1.720587 1.690299 2.707802 6.118689 3.426752
 0.000208 1.729501 1.694046 2.704798 6.128345 3.684208
 0.000208 1.736848 1.699018 2.701912 6.137778 3.944715
 0.000209 1.742134 1.704692 2.699073 6.145899 4.176108
 0.000209 1.745020 1.710575 2.696227 6.151822 4.349041
 0.000210 1.745794 1.716032 2.693448 6.155275 4.451485
 0.000210 1.744807 1.720602 2.690825 6.156234 4.480140
 0.000211 1.742351 1.724628 2.688266 6.155244 4.450570
 0.000211 1.738694 1.728246 2.685845 6.152784 4.377458
 0.000212 1.734375 1.730799 2.683548 6.148722 4.258093
 0.000212 1.729953 1.732244 2.681393 6.143590 4.109644
 0.000213 1.725309 1.732564 2.679438 6.137311 3.931620
 0.000213 1.721486 1.731844 2.677665 6.130995 3.756496
 0.000214 1.718924 1.730371 2.676065 6.125360 3.603622
 0.000214 1.717417 1.727913 2.674604 6.119935 3.459465
 0.000215 1.717150 1.724760 2.673366 6.115275 3.337974
 0.000215 1.718013 1.721223 2.672373 6.111609 3.243918
 0.000216 1.720244 1.717616 2.671582 6.109442 3.188966
 0.000216 1.723515 1.713155 2.670878 6.107548 3.141307
 0.000217 1.727657 1.708038 2.670367 6.106062 3.104169
 0.000217 1.732371 1.702740 2.669994 6.105104 3.080345
 0.000218 1.737562 1.697498 2.669767 6.104828 3.073494
 0.000218 1.742829 1.692388 2.669640 6.104857 3.074219
 0.000219 1.747200 1.687302 2.669633 6.104135 3.056341
 0.000219 1.750142 1.682621 2.669813 6.102577 3.017938
 0.000220 1.751365 1.678469 2.670136 6.099969 2.954209
 0.000220 1.750570 1.674708 2.670571 6.095849 2.854909
 0.000221 1.747403 1.671509 2.671179 6.090091 2.718981
 0.000221 1.741982 1.669248 2.671900 6.083131 2.559091
 0.000222 1.734822 1.668049 2.672719 6.075590 2.391331
 0.000222 1.726360 1.667989 2.673708 6.068057 2.229438
 0.000223 1.716786 1.668574 2.674758 6.060118 2.064945
 0.000223 1.706905 1.670209 2.675916 6.053030 1.923414
 0.000224 1.697648 1.672641 2.677218 6.047508 1.816629
 0.000224 1.689869 1.675559 2.678779 6.044207 1.754263
 0.000225 1.684024 1.678518 2.680490 6.043032 1.732327
 0.000225 1.680614 1.681303 2.682335 6.044252 1.755103
 0.000226 1.679580 1.683237 2.684373 6.047189 1.810562
 0.000226 1.680994 1.684659 2.686587 6.052239 1.907938
 0.000227 1.685028 1.685084 2.688933 6.059044 2.043188
 0.000227 1.691711 1.684162 2.691451 6.067324 2.213987
 0.000228 1.700861 1.681584 2.694050 6.076496 2.411200
 0.000228 1.711922 1.677751 2.696680 6.086353 2.632513
 0.000229 1.724261 1.673174 2.699407 6.096842 2.878684
 0.000229 1.737194 1.668066 2.702246 6.107506 3.140248
 0.000230 1.750098 1.662630 2.705129 6.117857 3.405018
 0.000230 1.762344 1.657062 2.708030 6.127436 3.659588
 0.000231 1.773754 1.651455 2.710893 6.136102 3.897795
 0.000231 1.783630 1.645978 2.713698 6.143307 4.101557
 0.000232 1.791448 1.640991 2.716489 6.148928 4.264106
 0.000232 1.796590 1.636859 2.719199 6.152648 4.373448
 0.000233 1.798732 1.633536 2.721828 6.154095 4.416355
 0.000233 1.798266 1.631468 2.724383 6.154117 4.416991
 0.000234 1.795190 1.630654 2.726884 6.152728 4.375810
 0.000234 1.789726 1.631070 2.729299 6.150094 4.298250
 0.000235 1.782932 1.632798 2.731571 6.147300 4.216722
 0.000235 1.775395 1.635484 2.733710 6.144589 4.138336
 0.000236 1.767705 1.639131 2.735923 6.142760 4.085887
 0.000236 1.760582 1.644038 2.738081 6.142701 4.084195
 0.000237 1.754208 1.649844 2.740141 6.144193 4.126958
 0.000237 1.749146 1.655602 2.742011 6.146759 4.201003
 0.000238 1.745465 1.660753 2.743728 6.149946 4.293893
 0.000238 1.743307 1.665162 2.745305 6.153774 4.406821
 0.000239 1.742885 1.668693 2.746759 6.158337 4.543326
 0.000239 1.744233 1.671073 2.748097 6.163403 4.697318
 0.000240 1.747208 1.672185 2.749278 6.168671 4.860165
 0.000240 1.751414 1.671663 2.750286 6.173363 5.007559
 0.000241 1.756226 1.669139 2.751094 6.176459 5.106006
 0.000241 1.761840 1.664591 2.751708 6.178139 5.159845
 0.000242 1.767747 1.658645 2.752151 6.178542 5.172805
 0.000242 1.773469 1.652000 2.752493 6.177961 5.154134
 0.000243 1.778467 1.645274 2.752623 6.176364 5.102970
 0.000243 1.782292 1.638782 2.752545 6.173619 5.015652
 0.000244 1.784992 1.632871 2.752321 6.170183 4.907428
 0.000244 1.786127 1.628267 2.751971 6.166364 4.788496
 0.000245 1.785347 1.625192 2.751596 6.162136 4.658542
 0.000245 1.782460 1.623803 2.751127 6.157390 4.514807
 0.000246 1.777686 1.623907 2.750464 6.152057 4.355977
 0.000246 1.771618 1.625764 2.749666 6.147048 4.209396
 0.000247 1.764848 1.629894 2.748740 6.143482 4.106560
 0.000247 1.757832 1.636032 2.747750 6.141614 4.053215
 0.000248 1.750975 1.643481 2.746558 6.141014 4.036127
 0.000248 1.744742 1.652799 2.745293 6.142834 4.088013
 0.000249 1.739354 1.663240 2.743941 6.146535 4.194508
 0.000249 1.735045 1.674498 2.742558 6.152101 4.357279
 0.000250 1.732428 1.685844 2.741112 6.159384 4.574940
 0.000250 1.731370 1.696333 2.739614 6.167317 4.818032
 0.000251 1.731623 1.705396 2.738124 6.175143 5.064037
 0.000251 1.733716 1.712477 2.736606 6.182800 5.310641
 0.000252 1.737553 1.716936 2.735158 6.189647 5.536158
 0.000252 1.742552 1.718798 2.733765 6.195115 5.719579
 0.000253 1.748280 1.717911 2.732394 6.198585 5.837543
 0.000253 1.754755 1.714412 2.731125 6.200293 5.896058
 0.000254 1.761778 1.708566 2.729982 6.200326 5.897206
 0.000254 1.769463 1.701004 2.728949 6.199416 5.865991
 0.000255 1.777138 1.692707 2.728013 6.197858 5.812740
 0.000255 1.784221 1.684163 2.727159 6.195543 5.734085
 0.000256 1.790412 1.675272 2.726383 6.192067 5.616974
 0.000256 1.795344 1.666496 2.725705 6.187545 5.466432
 0.000257 1.798840 1.658507 2.725049 6.182396 5.297497
 0.000257 1.800376 1.651851 2.724433 6.176661 5.112457
 0.000258 1.800147 1.647154 2.723907 6.171208 4.939579
 0.000258 1.798588 1.644952 2.723471 6.167011 4.808548
 0.000259 1.795188 1.644904 2.723094 6.163187 4.690696
 0.000259 1.790278 1.647024 2.722758 6.160059 4.595387
 0.000260 1.784019 1.651329 2.722528 6.157876 4.529441
 0.000260 1.776675 1.657531 2.722362 6.156567 4.490123
 0.000261 1.768270 1.666036 2.722319 6.156626 4.491891
 0.000261 1.759058 1.676577 2.722390 6.158024 4.533898
 0.000262 1.749529 1.688633 2.722522 6.160684 4.614353
 0.000262 1.739692 1.701469 2.722697 6.163857 4.711249
 0.000263 1.729987 1.714475 2.723044 6.167506 4.823923
 0.000263 1.720038 1.727071 2.723411 6.170520 4.917984
 0.000264 1.710319 1.739046 2.723835 6.173200 5.002408
 0.000264 1.700769 1.749681 2.724327 6.174777 5.052399
 0.000265 1.691645 1.757462 2.724857 6.173964 5.026601
 0.000265 1.683413 1.761696 2.725502 6.170611 4.920832
 0.000266 1.676205 1.762172 2.726258 6.164635 4.735137
 0.000266 1.670021 1.758881 2.727179 6.156081 4.475557
 0.000267 1.665048 1.752343 2.728200 6.145591 4.167236
 0.000267 1.661275 1.742504 2.729338 6.133117 3.814890
 0.000268 1.658627 1.730713 2.730558 6.119898 3.458497
 0.000268 1.656863 1.717408 2.731772 6.106043 3.103693
 0.000269 1.655920 1.703443 2.732990 6.092353 2.771984
 0.000269 1.655662 1.689872 2.734239 6.079772 2.483684
 0.000270 1.656285 1.677751 2.735509 6.069545 2.260958
 0.000270 1.657241 1.668061 2.736744 6.062047 2.104332
 0.000271 1.658660 1.661539 2.737941 6.058140 2.024944
 0.000271 1.660294 1.658845 2.739147 6.058286 2.027888
 0.000272 1.661221 1.659674 2.740369 6.061264 2.088303
 0.000272 1.661696 1.663778 2.741662 6.067136 2.210030
 0.000273 1.661388 1.671142 2.743041 6.075571 2.390929
 0.000273 1.660060 1.681211 2.744450 6.085720 2.618010
 0.000274 1.657691 1.693137 2.745874 6.096702 2.875328
 0.000274 1.654728 1.706393 2.747191 6.108311 3.160466
 0.000275 1.651116 1.719727 2.748486 6.119329 3.443532
 0.000275 1.646889 1.731562 2.749793 6.128244 3.681472
 0.000276 1.642867 1.741206 2.751079 6.135152 3.871302
 0.000276 1.639452 1.748239 2.752295 6.139986 4.006986
 0.000277 1.637165 1.752143 2.753393 6.142701 4.084202
 0.000277 1.636550 1.752390 2.754404 6.143345 4.102629
 0.000278 1.637798 1.748933 2.755364 6.142095 4.066922
 0.000278 1.641011 1.741959 2.756155 6.139126 3.982663
 0.000279 1.646010 1.732124 2.756800 6.134934 3.865249
 0.000279 1.653045 1.720143 2.757385 6.130572 3.744922
 0.000280 1.661867 1.706875 2.757918 6.126661 3.638639
 0.000280 1.672381 1.693316 2.758388 6.124085 3.569496
 0.000281 1.684474 1.680501 2.758679 6.123655 3.557994
 0.000281 1.697539 1.669264 2.758821 6.125624 3.610724
 0.000282 1.711100 1.659603 2.758719 6.129422 3.713515
 0.000282 1.724545 1.651944 2.758483 6.134972 3.866305
 0.000283 1.737187 1.646541 2.758151 6.141879 4.060743
 0.000283 1.748737 1.643888 2.757600 6.150226 4.302100
 0.000284 1.758347 1.644061 2.756859 6.159268 4.571416
 0.000284 1.765480 1.646830 2.755849 6.168159 4.844207
 0.000285 1.769633 1.651960 2.754632 6.176225 5.098541
 0.000285 1.770264 1.658639 2.753204 6.182108 5.288109
 0.000286 1.767856 1.666395 2.751705 6.185956 5.413992
 0.000286 1.762564 1.675153 2.750079 6.187797 5.474743
 0.000287 1.754643 1.684792 2.748331 6.187766 5.473735
 0.000287 1.744449 1.694812 2.746476 6.185737 5.406797
 0.000288 1.732212 1.705458 2.744505 6.182175 5.290299
 0.000288 1.718836 1.716020 2.742357 6.177212 5.130100
 0.000289 1.705076 1.725325 2.740097 6.170498 4.917293
 0.000289 1.691822 1.733574 2.737836 6.163232 4.692064
 0.000290 1.679637 1.740896 2.735569 6.156103 4.476221
 0.000290 1.668973 1.746397 2.733321 6.148691 4.257214
 0.000291 1.660085 1.749846 2.731086 6.141017 4.036226
 0.000291 1.653220 1.751330 2.728891 6.133441 3.823833
 0.000292 1.648475 1.750978 2.726725 6.126178 3.625638
 0.000292 1.646071 1.748635 2.724628 6.119335 3.443693
 0.000293 1.646103 1.744654 2.722592 6.113349 3.288396
 0.000293 1.648993 1.739489 2.720641 6.109122 3.180893
 0.000294 1.654048 1.732874 2.718895 6.105818 3.098085
 0.000294 1.661028 1.725544 2.717330 6.103901 3.050565
 0.000295 1.669261 1.718217 2.715975 6.103453 3.039497
 0.000295 1.677525 1.711388 2.714803 6.103717 3.046008
 0.000296 1.684951 1.704915 2.713707 6.103573 3.042454
 0.000296 1.690799 1.698915 2.712665 6.102379 3.013079
 0.000297 1.694452 1.693855 2.711785 6.100092 2.957199
 0.000297 1.695112 1.689401 2.710984 6.095496 2.846492
 0.000298 1.692924 1.685513 2.710330 6.088767 2.688192
 0.000298 1.688111 1.682747 2.709844 6.080702 2.504444
 0.000299 1.681432 1.681132 2.709530 6.072094 2.315502
 0.000299 1.673846 1.680456 2.709401 6.063703 2.138442
 0.000300 1.666138 1.680889 2.709465 6.056491 1.991903
 0.000300 1.659456 1.682161 2.709737 6.051355 1.890704
 0.000301 1.654755 1.684181 2.710232 6.049167 1.848402
 0.000301 1.652686 1.686180 2.710970 6.049836 1.861280
 0.000302 1.653440 1.688331 2.711931 6.053703 1.936632
 0.000302 1.656799 1.689979 2.713053 6.059831 2.059126
 0.000303 1.662776 1.690490 2.714350 6.067616 2.220130
 0.000303 1.671713 1.689845 2.715856 6.077414 2.431388
 0.000304 1.683299 1.688198 2.717522 6.089020 2.694054
 0.000304 1.697212 1.685162 2.719374 6.101748 2.997618
 0.000305 1.712673 1.680308 2.721419 6.114401 3.315416
 0.000305 1.728974 1.673951 2.723630 6.126554 3.635768
 0.000306 1.745380 1.665616 2.726089 6.137085 3.925291
 0.000306 1.761266 1.656058 2.728765 6.146089 4.181609
 0.000307 1.776090 1.645995 2.731542 6.153627 4.402460
 0.000307 1.789582 1.636080 2.734500 6.160162 4.598508
 0.000308 1.801318 1.626531 2.737554 6.165403 4.758809
 0.000308 1.810851 1.617727 2.740716 6.169295 4.879636
 0.000309 1.818191 1.610497 2.743981 6.172668 4.985590
 0.000309 1.823033 1.605195 2.747304 6.175532 5.076412
 0.000310 1.825192 1.602686 2.750725 6.178602 5.174731
 0.000310 1.825277 1.602392 2.754225 6.181895 5.281185
 0.000311 1.823553 1.604327 2.757796 6.185676 5.404798
 0.000311 1.820313 1.608517 2.761425 6.190254 5.556373
 0.000312 1.815873 1.614601 2.765052 6.195526 5.733502
 0.000312 1.810367 1.622421 2.768750 6.201539 5.938924
 0.000313 1.804054 1.631878 2.772510 6.208441 6.179189
 0.000313 1.797167 1.642688 2.776253 6.216108 6.451652
 0.000314 1.790067 1.654575 2.780013 6.224655 6.762332
 0.000314 1.782529 1.666870 2.783716 6.233114 7.076990
 0.000315 1.775031 1.679384 2.787357 6.241771 7.406426
 0.000315 1.767626 1.691570 2.790826 6.250022 7.727392
 0.000316 1.760835 1.702953 2.794168 6.257956 8.042428
 0.000316 1.754394 1.712520 2.797462 6.264377 8.302000
 0.000317 1.748391 1.719454 2.800664 6.268510 8.471272
 0.000317 1.743053 1.723455 2.803824 6.270332 8.546440
 0.000318 1.738547 1.724994 2.806917 6.270458 8.551639
 0.000318 1.734659 1.724092 2.809869 6.268620 8.475804
 0.000319 1.731559 1.720763 2.812691 6.265013 8.327951
 0.000319 1.729126 1.714407 2.815306 6.258839 8.077895
 0.000320 1.727667 1.705959 2.817754 6.251381 7.780882
 0.000320 1.726938 1.696394 2.820114 6.243446 7.471022
 0.000321 1.727030 1.685418 2.822296 6.234744 7.138434
 0.000321 1.727787 1.673801 2.824313 6.225901 6.808204
 0.000322 1.728785 1.662062 2.826068 6.216916 6.480702
 0.000322 1.729867 1.650155 2.827655 6.207677 6.152343
 0.000323 1.731167 1.638832 2.829131 6.199130 5.856176
 0.000323 1.732753 1.628926 2.830366 6.192045 5.616222
 0.000324 1.734199 1.620795 2.831402 6.186396 5.428499
 0.000324 1.735132 1.614004 2.832277 6.181413 5.265542
 0.000325 1.735487 1.608815 2.832999 6.177301 5.132939
 0.000325 1.734900 1.605482 2.833557 6.173939 5.025797
 0.000326 1.733194 1.604242 2.833872 6.171308 4.942742
 0.000326 1.730696 1.604700 2.833934 6.169330 4.880725
 0.000327 1.727608 1.606692 2.833716 6.168016 4.839761
 0.000327 1.724465 1.609850 2.833185 6.167500 4.823726
 0.000328 1.721455 1.613572 2.832429 6.167456 4.822352
 0.000328 1.719035 1.617917 2.831511 6.168463 4.853673
 0.000329 1.716798 1.621952 2.830337 6.169088 4.873160
 0.000329 1.714622 1.625321 2.828901 6.168844 4.865551
 0.000330 1.712842 1.628002 2.827263 6.168107 4.842603
 0.000330 1.711352 1.629301 2.825420 6.166073 4.779513
 0.000331 1.710324 1.629157 2.823480 6.162961 4.683765
 0.000331 1.710354 1.627828 2.821353 6.159534 4.579485
 0.000332 1.711526 1.625368 2.819032 6.155926 4.470939
 0.000332 1.713590 1.622244 2.816598 6.152433 4.367084
 0.000333 1.716287 1.618760 2.814050 6.149097 4.269052
 0.000333 1.719395 1.615173 2.811405 6.145973 4.178272
 0.000334 1.722672 1.611743 2.808633 6.143047 4.094114
 0.000334 1.726024 1.609232 2.805738 6.140994 4.035569
 0.000335 1.729171 1.607948 2.802730 6.139848 4.003081
 0.000335 1.732160 1.608366 2.799568 6.140093 4.010015
 0.000336 1.734622 1.611115 2.796313 6.142050 4.065627
 0.000336 1.736155 1.616355 2.792981 6.145491 4.164343
 0.000337 1.736855 1.624332 2.789606 6.150794 4.318781
 0.000337 1.737125 1.634869 2.786166 6.158160 4.537990
 0.000338 1.736518 1.647972 2.782666 6.167156 4.813041
 0.000338 1.734828 1.663028 2.779066 6.176923 5.120837
 0.000339 1.732092 1.679715 2.775462 6.187269 5.457303
 0.000339 1.728062 1.697597 2.771910 6.197568 5.802867
 0.000340 1.723076 1.715712 2.768316 6.207104 6.132268
 0.000340 1.716955 1.733612 2.764693 6.215261 6.421239
 0.000341 1.709820 1.750196 2.761070 6.221086 6.631684
 0.000341 1.701435 1.765109 2.757465 6.224009 6.738590
 0.000342 1.692627 1.778323 2.753871 6.224821 6.768426
 0.000342 1.683655 1.789294 2.750327 6.223276 6.711710
 0.000343 1.674358 1.797992 2.746908 6.219259 6.565319
 0.000343 1.665053 1.804421 2.743606 6.213079 6.343307
 0.000344 1.656181 1.808076 2.740305 6.204562 6.043563
 0.000344 1.647873 1.809388 2.737067 6.194328 5.692990
 0.000345 1.640464 1.808631 2.733982 6.183077 5.319693
 0.000345 1.634443 1.805781 2.731003 6.171227 4.940173
 0.000346 1.629989 1.801730 2.728124 6.159844 4.588851
 0.000346 1.626984 1.796043 2.725332 6.148360 4.247538
 0.000347 1.624881 1.789047 2.722719 6.136647 3.913007
 0.000347 1.623793 1.781050 2.720327 6.125171 3.598560
 0.000348 1.624173 1.772481 2.718161 6.114815 3.326108
 0.000348 1.625723 1.764115 2.716203 6.106041 3.103638
 0.000349 1.628141 1.756511 2.714534 6.099185 2.935193
 0.000349 1.630995 1.749554 2.713118 6.093667 2.803010
 0.000350 1.634342 1.743127 2.711898 6.089367 2.702126
 0.000350 1.637461 1.737436 2.710900 6.085797 2.619774
 0.000351 1.639493 1.732342 2.709994 6.081828 2.529719
 0.000351 1.640132 1.728031 2.709220 6.077383 2.430719
 0.000352 1.639469 1.724829 2.708572 6.072871 2.332239
 0.000352 1.637866 1.722403 2.708100 6.068368 2.236019
 0.000353 1.635952 1.720973 2.707808 6.064734 2.159811
 0.000353 1.633919 1.720267 2.707658 6.061843 2.100158
 0.000354 1.632004 1.720049 2.707622 6.059674 2.055944
 0.000354 1.630569 1.720070 2.707768 6.058406 2.030303
 0.000355 1.629891 1.720334 2.708068 6.058293 2.028035
 0.000355 1.630219 1.721021 2.708491 6.059731 2.057081
 0.000356 1.632033 1.721806 2.709019 6.062858 2.121007
 0.000356 1.636083 1.722940 2.709665 6.068688 2.242783
 0.000357 1.642438 1.724082 2.710397 6.076916 2.420437
 0.000357 1.651012 1.724948 2.711222 6.087182 2.651559
 0.000358 1.661823 1.725583 2.712042 6.099448 2.941551
 0.000358 1.674012 1.726409 2.712831 6.113251 3.285883
 0.000359 1.687407 1.727036 2.713634 6.128077 3.676954
 0.000359 1.701195 1.727606 2.714455 6.143256 4.100097
 0.000360 1.715162 1.728426 2.715285 6.158873 4.559493
 0.000360 1.728634 1.729492 2.716004 6.174130 5.031846
 0.000361 1.741268 1.730944 2.716671 6.188882 5.510719
 0.000361 1.752271 1.732990 2.717228 6.202490 5.971726
 0.000362 1.761592 1.735897 2.717637 6.215125 6.416398
 0.000362 1.768190 1.739845 2.717896 6.225931 6.809316
 0.000363 1.772120 1.744258 2.718032 6.234410 7.125805
 0.000363 1.773269 1.749427 2.718013 6.240709 7.365609
 0.000364 1.771474 1.755221 2.717931 6.244626 7.516713
 0.000364 1.766810 1.761813 2.717834 6.246458 7.587905
 0.000365 1.759309 1.769114 2.717658 6.246081 7.573226
 0.000365 1.749558 1.776828 2.717313 6.243699 7.480820
 0.000366 1.737722 1.784587 2.716823 6.239132 7.305196
 0.000366 1.724270 1.791933 2.716222 6.232425 7.051080
 0.000367 1.709819 1.799221 2.715499 6.224539 6.758030
 0.000367 1.695058 1.806200 2.714605 6.215863 6.442849
 0.000368 1.680394 1.812672 2.713617 6.206683 6.117540
 0.000368 1.666287 1.818914 2.712491 6.197692 5.807073
 0.000369 1.653115 1.824153 2.711265 6.188533 5.499127
 0.000369 1.641160 1.828067 2.709914 6.179140 5.192050
 0.000370 1.630163 1.831087 2.708482 6.169732 4.893297
 0.000370 1.620525 1.832953 2.707046 6.160524 4.609493
 0.000371 1.612787 1.833639 2.705611 6.152038 4.355412
 0.000371 1.607185 1.832929 2.704149 6.144263 4.128966
 0.000372 1.603198 1.830693 2.702701 6.136591 3.911449
 0.000372 1.600747 1.826917 2.701188 6.128851 3.697966
 0.000373 1.599251 1.821579 2.699576 6.120406 3.471854
 0.000373 1.598531 1.814823 2.697871 6.111225 3.234157
 0.000374 1.598242 1.806920 2.696211 6.101373 2.988425
 0.000374 1.598358 1.798007 2.694626 6.090991 2.740006
 0.000375 1.598441 1.788265 2.693139 6.079845 2.485297
 0.000375 1.598659 1.778289 2.691690 6.068638 2.241713
 0.000376 1.598373 1.768309 2.690261 6.056944 2.000942
 0.000376 1.597139 1.758229 2.688952 6.044321 1.756387
 0.000377 1.595063 1.748458 2.687771 6.031293 1.520702
 0.000377 1.592804 1.739434 2.686662 6.018901 1.312277
 0.000378 1.590415 1.731412 2.685652 6.007480 1.133762
 0.000378 1.588024 1.724339 2.684717 5.997080 0.982568
 0.000379 1.586349 1.718591 2.683990 5.988930 0.871648
 0.000379 1.585815 1.714185 2.683454 5.983454 0.800843
 0.000380 1.586847 1.710703 2.683093 5.980644 0.765666
 0.000380 1.589529 1.708096 2.682844 5.980468 0.763495
 0.000381 1.594171 1.706800 2.682727 5.983698 0.803935
 0.000381 1.600935 1.706675 2.682804 5.990413 0.891339
 0.000382 1.609515 1.707090 2.683012 5.999618 1.018464
 0.000382 1.619814 1.707912 2.683355 6.011081 1.188636
 0.000383 1.631669 1.709160 2.683822 6.024651 1.407076
 0.000383 1.644751 1.710454 2.684495 6.039700 1.670860
 0.000384 1.658684 1.711447 2.685283 6.055414 1.970463
 0.000384 1.673229 1.712029 2.686107 6.071364 2.299810
 0.000385 1.688253 1.712272 2.686956 6.087480 2.658434
 0.000385 1.703354 1.711664 2.687899 6.102918 3.026321
 0.000386 1.718130 1.710212 2.688933 6.117276 3.389865
 0.000386 1.732083 1.708523 2.689978 6.130584 3.745253
 0.000387 1.744694 1.706721 2.691087 6.142502 4.078510
 0.000387 1.755541 1.704796 2.692228 6.152565 4.370983
 0.000388 1.764353 1.703083 2.693396 6.160832 4.618833
 0.000388 1.771629 1.701808 2.694604 6.168041 4.840529
 0.000389 1.777528 1.701111 2.695853 6.174493 5.043365
 0.000389 1.781950 1.700696 2.697079 6.179725 5.210911
 0.000390 1.785130 1.700924 2.698390 6.184444 5.364375
 0.000390 1.787559 1.701958 2.699764 6.189281 5.523978
 0.000391 1.788707 1.703701 2.701116 6.193524 5.665892
 0.000391 1.788841 1.705846 2.702478 6.197165 5.789138
 0.000392 1.788293 1.708074 2.703892 6.200259 5.894872
 0.000392 1.787024 1.710433 2.705337 6.202794 5.982260
 0.000393 1.784986 1.712508 2.706726 6.204220 6.031680
 0.000393 1.782747 1.714702 2.708042 6.205491 6.075894
 0.000394 1.780387 1.716792 2.709355 6.206534 6.112313
 0.000394 1.777765 1.718489 2.710777 6.207030 6.129689
 0.000395 1.774880 1.719638 2.712313 6.206831 6.122704
 0.000395 1.771763 1.719778 2.713961 6.205501 6.076250
 0.000396 1.767937 1.718762 2.715655 6.202355 5.967067
 0.000396 1.763917 1.716264 2.717411 6.197592 5.803668
 0.000397 1.759252 1.712270 2.719141 6.190662 5.569982
 0.000397 1.753883 1.706546 2.720811 6.181240 5.259950
 0.000398 1.747599 1.699102 2.722484 6.169185 4.876211
 0.000398 1.740818 1.690344 2.724178 6.155339 4.453394
 0.000399 1.733422 1.680780 2.725820 6.140022 4.008003
 0.000399 1.725484 1.671040 2.727462 6.123985 3.566821
 0.000400 1.717478 1.661163 2.729184 6.107825 3.148257
 0.000400 1.709583 1.651777 2.730897 6.092257 2.769734
 0.000401 1.702001 1.643843 2.732529 6.078373 2.452593
 0.000401 1.694785 1.638224 2.734123 6.067132 2.209952
 0.000402 1.688901 1.634722 2.735704 6.059328 2.048924
 0.000402 1.684802 1.633629 2.737299 6.055730 1.976728
 0.000403 1.682652 1.635306 2.738887 6.056845 1.998962
 0.000403 1.682402 1.639289 2.740448 6.062139 2.106217
 0.000404 1.683659 1.645318 2.741970 6.070948 2.290897
 0.000404 1.686660 1.653007 2.743394 6.083061 2.557507
 0.000405 1.690888 1.661595 2.744774 6.097258 2.888674
 0.000405 1.695828 1.670575 2.746051 6.112454 3.265475
 0.000406 1.701512 1.678988 2.747358 6.127858 3.671016
 0.000406 1.707243 1.685977 2.748662 6.141883 4.060854
 0.000407 1.712689 1.690902 2.749923 6.153514 4.399102
 0.000407 1.718683 1.693955 2.751076 6.163714 4.706836
 0.000408 1.724784 1.694995 2.752085 6.171863 4.960207
 0.000408 1.730809 1.694011 2.753058 6.177878 5.151451
 0.000409 1.736859 1.690718 2.753868 6.181445 5.266582
 0.000409 1.743282 1.685718 2.754563 6.183563 5.335562
 0.000410 1.749830 1.679620 2.755091 6.184542 5.367565
 0.000410 1.756755 1.672948 2.755372 6.185075 5.385055
 0.000411 1.764249 1.666283 2.755440 6.185972 5.414535
 0.000411 1.772383 1.660084 2.755351 6.187818 5.475446
 0.000412 1.780890 1.654588 2.755199 6.190677 5.570462
 0.000412 1.789834 1.650186 2.754952 6.194973 5.714776
 0.000413 1.798875 1.647111 2.754618 6.200604 5.906753
 0.000413 1.808051 1.645528 2.754207 6.207786 6.156169
 0.000414 1.816973 1.645595 2.753685 6.216252 6.456829
 0.000414 1.825067 1.647199 2.753048 6.225315 6.786595
 0.000415 1.831601 1.650010 2.752302 6.233913 7.107071
 0.000415 1.836278 1.653934 2.751476 6.241688 7.403223
 0.000416 1.838586 1.659037 2.750477 6.248100 7.652019
 0.000416 1.838395 1.665196 2.749366 6.252957 7.843197
 0.000417 1.835430 1.672167 2.748176 6.255772 7.955078
 0.000417 1.829983 1.679237 2.746924 6.256144 7.969913
 0.000418 1.822250 1.685739 2.745573 6.253561 7.867147
 0.000418 1.812234 1.691369 2.744031 6.247634 7.633779
 0.000419 1.800079 1.695850 2.742304 6.238233 7.270865
 0.000419 1.786290 1.699366 2.740418 6.226074 6.814617
 0.000420 1.771252 1.701398 2.738443 6.211092 6.272727
 0.000420 1.755733 1.702038 2.736403 6.194175 5.687822
 0.000421 1.740168 1.701320 2.734256 6.175744 5.083177
 0.000421 1.725589 1.699145 2.732111 6.156845 4.498453
 0.000422 1.712370 1.695760 2.729941 6.138071 3.952965
 0.000422 1.700742 1.691965 2.727714 6.120421 3.472253
 0.000423 1.691599 1.687975 2.725462 6.105036 3.078650
 0.000423 1.685260 1.683833 2.723173 6.092267 2.769951
 0.000424 1.681353 1.679719 2.720834 6.081906 2.531462
 0.000424 1.680266 1.675728 2.718421 6.074416 2.365725
 0.000425 1.681993 1.672131 2.716005 6.070129 2.273403
 0.000425 1.686033 1.669324 2.713645 6.069002 2.249429
 0.000426 1.692278 1.667400 2.711282 6.070960 2.291158
 0.000426 1.700023 1.666317 2.708998 6.075338 2.385844
 0.000427 1.708824 1.665975 2.706756 6.081556 2.523583
 0.000427 1.717836 1.665885 2.704494 6.088216 2.675430
 0.000428 1.725738 1.665783 2.702239 6.093760 2.805219
 0.000428 1.732008 1.665727 2.700008 6.097744 2.900363
 0.000429 1.736000 1.665725 2.697956 6.099681 2.947219
 0.000429 1.737833 1.666019 2.696111 6.099963 2.954076
 0.000430 1.737217 1.666736 2.694411 6.098364 2.915315
 0.000430 1.734118 1.668028 2.692925 6.095071 2.836345
 0.000431 1.729404 1.669556 2.691587 6.090547 2.729629
 0.000431 1.724018 1.671527 2.690312 6.085857 2.621146
 0.000432 1.718935 1.674136 2.689151 6.082222 2.538584
 0.000432 1.714856 1.677219 2.688124 6.080199 2.493204
 0.000433 1.712946 1.680495 2.687271 6.080712 2.504675
 0.000433 1.713430 1.684254 2.686611 6.084295 2.585494
 0.000434 1.716669 1.687969 2.686061 6.090698 2.733162
 0.000434 1.722562 1.691159 2.685704 6.099425 2.941006
 0.000435 1.731073 1.693421 2.685473 6.109967 3.202226
 0.000435 1.741991 1.694922 2.685337 6.122249 3.520606
 0.000436 1.755183 1.695692 2.685348 6.136223 3.901163
 0.000436 1.770480 1.695256 2.685483 6.151220 4.331304
 0.000437 1.787280 1.693768 2.685695 6.166743 4.800243
 0.000437 1.804684 1.690941 2.686043 6.181669 5.273847
 0.000438 1.821855 1.686811 2.686551 6.195218 5.723077
 0.000438 1.838148 1.681352 2.687081 6.206581 6.113960
 0.000439 1.853497 1.675240 2.687610 6.216346 6.460206
 0.000439 1.867401 1.669295 2.688241 6.224937 6.772697
 0.000440 1.878942 1.663173 2.688936 6.231051 6.999574
 0.000440 1.887575 1.656982 2.689770 6.234327 7.122684
 0.000441 1.892641 1.651615 2.690742 6.234998 7.148035
 0.000441 1.894048 1.647320 2.691754 6.233122 7.077282
 0.000442 1.891209 1.643977 2.692794 6.227979 6.885124
 0.000442 1.883844 1.641536 2.693860 6.219240 6.564626
 0.000443 1.871988 1.640115 2.694992 6.207095 6.131940
 0.000443 1.856658 1.640166 2.696081 6.192904 5.645061
 0.000444 1.838426 1.641594 2.697164 6.177184 5.129213
 0.000444 1.818139 1.644437 2.698324 6.160900 4.620912
 0.000445 1.797022 1.648611 2.699601 6.145234 4.156911
 0.000445 1.775604 1.653352 2.700945 6.129902 3.726589
 0.000446 1.754975 1.658834 2.702333 6.116143 3.360427
 0.000446 1.736036 1.664916 2.703819 6.104772 3.072100
 0.000447 1.718915 1.671038 2.705423 6.095377 2.843636
 0.000447 1.704522 1.676963 2.707101 6.088586 2.683995
 0.000448 1.692974 1.682337 2.708896 6.084206 2.583476
 0.000448 1.684766 1.686174 2.710833 6.081773 2.528478
 0.000449 1.680286 1.688694 2.712838 6.081818 2.529476
 0.000449 1.678957 1.689990 2.714886 6.083833 2.574997
 0.000450 1.680482 1.689235 2.717026 6.086743 2.641471
 0.000450 1.684501 1.686297 2.719235 6.090033 2.717640
 0.000451 1.689616 1.681295 2.721457 6.092368 2.772340
 0.000451 1.695252 1.674135 2.723690 6.093077 2.789050
 0.000452 1.700310 1.665245 2.726006 6.091561 2.753371
 0.000452 1.703946 1.655436 2.728501 6.087884 2.667764
 0.000453 1.705050 1.645033 2.731122 6.081205 2.515724
 0.000453 1.703394 1.634834 2.733869 6.072097 2.315566
 0.000454 1.698785 1.625882 2.736694 6.061361 2.090286
 0.000454 1.691070 1.618316 2.739560 6.048946 1.844141
 0.000455 1.680691 1.613163 2.742484 6.036337 1.609950
 0.000455 1.668307 1.610805 2.745544 6.024656 1.407163
 0.000456 1.655029 1.610822 2.748760 6.014611 1.243692
 0.000456 1.642283 1.613771 2.751976 6.008030 1.142067
 0.000457 1.631219 1.619526 2.755145 6.005890 1.109959
 0.000457 1.622826 1.627741 2.758377 6.008944 1.155920
 0.000458 1.617405 1.637873 2.761580 6.016858 1.279384
 0.000458 1.615536 1.649209 2.764833 6.029578 1.490940
 0.000459 1.617442 1.660828 2.768076 6.046346 1.794552
 0.000459 1.622525 1.671828 2.771236 6.065589 2.177624
 0.000460 1.630642 1.680831 2.774329 6.085802 2.619886
 0.000460 1.641830 1.687679 2.777335 6.106844 3.123683
 0.000461 1.655379 1.691368 2.780252 6.127000 3.647781
 0.000461 1.670608 1.691176 2.783200 6.144984 4.149732
 0.000462 1.686701 1.686810 2.786188 6.159699 4.584460
 0.000462 1.703030 1.678309 2.789125 6.170463 4.916209
 0.000463 1.718497 1.666403 2.792004 6.176904 5.120243
 0.000463 1.732609 1.652067 2.794887 6.179563 5.205687
 0.000464 1.744940 1.636381 2.797708 6.179029 5.188459
 0.000464 1.754643 1.620516 2.800476 6.175635 5.079723
 0.000465 1.761699 1.605642 2.803189 6.170531 4.918331
 0.000465 1.766084 1.592788 2.805753 6.164625 4.734829
 0.000466 1.768023 1.582471 2.808284 6.158778 4.556621
 0.000466 1.767947 1.575195 2.810819 6.153961 4.412353
 0.000467 1.766271 1.570952 2.813345 6.150568 4.312140
 0.000467 1.763444 1.570320 2.815852 6.149616 4.284233
 0.000468 1.759395 1.573512 2.818374 6.151281 4.333106
 0.000468 1.754407 1.580815 2.820846 6.156068 4.475174
 0.000469 1.748773 1.591798 2.823281 6.163852 4.711094
 0.000469 1.742480 1.605587 2.825707 6.173775 5.020585
 0.000470 1.735553 1.621380 2.828101 6.185035 5.383728
 0.000470 1.727944 1.638340 2.830430 6.196713 5.773771
 0.000471 1.720321 1.655595 2.832647 6.208563 6.183463
 0.000471 1.712741 1.672179 2.834843 6.219763 6.583612
 0.000472 1.704897 1.686952 2.837093 6.228942 6.920880
 0.000472 1.697065 1.698741 2.839399 6.235205 7.155858
 0.000473 1.689286 1.706954 2.841699 6.237940 7.259694
 0.000473 1.682357 1.711334 2.844013 6.237704 7.250699
 0.000474 1.676385 1.711823 2.846312 6.234520 7.129968
 0.000474 1.671229 1.708489 2.848551 6.228269 6.895884
 0.000475 1.667068 1.701696 2.850795 6.219559 6.576192
 0.000475 1.663870 1.691618 2.853029 6.208516 6.181804
 0.000476 1.662117 1.679459 2.855236 6.196813 5.777147
 0.000476 1.661545 1.666123 2.857356 6.185024 5.383382
 0.000477 1.662408 1.652587 2.859393 6.174388 5.040054
 0.000477 1.664753 1.639962 2.861367 6.166081 4.779742
 0.000478 1.668326 1.629135 2.863251 6.160712 4.615203
 0.000478 1.672396 1.620176 2.865059 6.157630 4.522039
 0.000479 1.677442 1.613523 2.866765 6.157730 4.525026
 0.000479 1.682985 1.609519 2.868390 6.160894 4.620729
 0.000480 1.688245 1.608411 2.869895 6.166551 4.794307
 0.000480 1.692952 1.609927 2.871245 6.174124 5.031671
 0.000481 1.696432 1.613945 2.872444 6.182821 5.311344
 0.000481 1.698401 1.620500 2.873498 6.192398 5.628078
 0.000482 1.698974 1.629283 2.874407 6.202665 5.977781
 0.000482 1.697992 1.639751 2.875301 6.213044 6.342060
 0.000483 1.695321 1.651027 2.876200 6.222547 6.685026
 0.000483 1.691753 1.662636 2.876976 6.231366 7.011362
 0.000484 1.687612 1.674024 2.877570 6.239207 7.308073
 0.000484 1.683047 1.684577 2.877971 6.245595 7.554333
 0.000485 1.678029 1.693566 2.878269 6.249864 7.721173
 0.000485 1.672693 1.700547 2.878465 6.251705 7.793689
 0.000486 1.667874 1.705166 2.878525 6.251564 7.788136
 0.000486 1.663984 1.707198 2.878469 6.249651 7.712818
 0.000487 1.660777 1.706212 2.878290 6.245279 7.542029
 0.000487 1.658729 1.701817 2.878037 6.238583 7.284246
 0.000488 1.657998 1.693803 2.877699 6.229501 6.941686
 0.000488 1.658589 1.683056 2.877201 6.218847 6.550392
 0.000489 1.660403 1.670367 2.876588 6.207358 6.141168
 0.000489 1.663548 1.656632 2.875954 6.196134 5.754114
 0.000490 1.668222 1.643089 2.875302 6.186613 5.435643
 0.000490 1.673922 1.630658 2.874630 6.179210 5.194290
 0.000491 1.680397 1.619938 2.873972 6.174306 5.037451
 0.000491 1.687543 1.611331 2.873170 6.172044 4.965904
 0.000492 1.694981 1.605323 2.872227 6.172531 4.981259
 0.000492 1.701979 1.601968 2.871192 6.175140 5.063940
 0.000493 1.707526 1.601182 2.870059 6.178768 5.180047
 0.000493 1.711189 1.602463 2.868894 6.182546 5.302383
 0.000494 1.712788 1.605825 2.867689 6.186302 5.425409
 0.000494 1.711903 1.611294 2.866468 6.189665 5.536748
 0.000495 1.708554 1.618193 2.865227 6.191974 5.613843
 0.000495 1.702968 1.626594 2.863928 6.193490 5.664757
 0.000496 1.695659 1.635639 2.862546 6.193844 5.676683
 0.000496 1.686622 1.644745 2.861048 6.192415 5.628623
 0.000497 1.675860 1.653276 2.859578 6.188714 5.505136
 0.000497 1.664283 1.660392 2.858133 6.182808 5.310920
 0.000498 1.652380 1.665813 2.856682 6.174875 5.055529
 0.000498 1.640719 1.668742 2.855317 6.164778 4.739544
 0.000499 1.629946 1.669112 2.853984 6.153043 4.385125
 0.000499 1.621019 1.667024 2.852725 6.140768 4.029141
 0.000500 1.613880 1.662793 2.851567 6.128239 3.681331
