#! FIELDS time dAB dAC rc bias
 0.000000 3.047876 4.325478 7.373354 1.399770
 0.000000 3.050156 4.324125 7.374280 1.413224
 0.000001 3.049412 4.322719 7.372131 1.382104
 0.000001 3.045910 4.321190 7.367100 1.310613
 0.000002 3.039812 4.319607 7.359418 1.205121
 0.000002 3.031496 4.318069 7.349565 1.076277
 0.000003 3.021644 4.316449 7.338093 0.935448
 0.000003 3.011065 4.314810 7.325875 0.796321
 0.000004 3.000012 4.313188 7.313199 0.663811
 0.000004 2.989555 4.311521 7.301076 0.548350
 0.000005 2.980600 4.309890 7.290489 0.456537
 0.000005 2.973625 4.308293 7.281918 0.388367
 0.000006 2.968638 4.306731 7.275369 0.339990
 0.000006 2.965530 4.305217 7.270747 0.307785
 0.000007 2.964326 4.303629 7.267955 0.289102
 0.000007 2.965398 4.302073 7.267471 0.285925
 0.000008 2.968578 4.300525 7.269103 0.296710
 0.000008 2.973432 4.299005 7.272437 0.319371
 0.000009 2.979189 4.297562 7.276751 0.349929
 0.000009 2.985507 4.296219 7.281727 0.386906
 0.000010 2.991616 4.294863 7.286479 0.423958
 0.000010 2.997137 4.293390 7.290527 0.456849
 0.000011 3.001207 4.291844 7.293051 0.477988
 0.000011 3.002890 4.290220 7.293110 0.478486
 0.000012 3.001697 4.288562 7.290259 0.454636
 0.000012 2.997302 4.286988 7.284291 0.406684
 0.000013 2.989727 4.285421 7.275148 0.338409
 0.000013 2.979784 4.283856 7.263640 0.261387
 0.000014 2.967923 4.282310 7.250233 0.184176
 0.000014 2.954647 4.280804 7.235451 0.114675
 0.000015 2.940707 4.279401 7.220109 0.059871
 0.000015 2.926775 4.278021 7.204796 0.022775
 0.000016 2.913313 4.276667 7.189980 0.003622
 0.000016 2.900959 4.275341 7.176300 0.000556
 0.000017 2.890546 4.274052 7.164598 0.009072
 0.000017 2.882681 4.272846 7.155527 0.022739
 0.000018 2.877121 4.271868 7.148989 0.036417
 0.000018 2.874496 4.271074 7.145570 0.044845
 0.000019 2.874697 4.270330 7.145028 0.046264
 0.000019 2.877617 4.269625 7.147241 0.040616
 0.000020 2.882758 4.269137 7.151895 0.029941
 0.000020 2.889704 4.268750 7.158454 0.017655
 0.000021 2.897761 4.268459 7.166220 0.007278
 0.000021 2.906358 4.268389 7.174748 0.001095
 0.000022 2.914683 4.268455 7.183138 0.000334
 0.000022 2.921792 4.268670 7.190462 0.003986
 0.000023 2.926685 4.269065 7.195750 0.009124
 0.000023 2.929420 4.269687 7.199107 0.013473
 0.000024 2.929206 4.270378 7.199584 0.014160
 0.000024 2.925550 4.271255 7.196805 0.010400
 0.000025 2.918903 4.272262 7.191166 0.004549
 0.000025 2.909794 4.273353 7.183147 0.000336
 0.000026 2.898741 4.274572 7.173312 0.001754
 0.000026 2.886770 4.275962 7.162733 0.011379
 0.000027 2.874823 4.277454 7.152278 0.029136
 0.000027 2.863766 4.278954 7.142721 0.052541
 0.000028 2.854341 4.280538 7.134879 0.076860
 0.000028 2.846796 4.282132 7.128928 0.098396
 0.000029 2.841510 4.283743 7.125253 0.113019
 0.000029 2.838730 4.285421 7.124150 0.117607
 0.000030 2.838706 4.287131 7.125838 0.110625
 0.000030 2.841631 4.288858 7.130488 0.092492
 0.000031 2.847291 4.290560 7.137851 0.067100
 0.000031 2.855543 4.292203 7.147746 0.039379
 0.000032 2.865414 4.293772 7.159185 0.016485
 0.000032 2.876096 4.295285 7.171381 0.002885
 0.000033 2.886746 4.296810 7.183556 0.000435
 0.000033 2.897065 4.298262 7.195327 0.008636
 0.000034 2.905939 4.299545 7.205484 0.024064
 0.000034 2.912778 4.300772 7.213550 0.041829
 0.000035 2.917495 4.302107 7.219602 0.058362
 0.000035 2.919658 4.303414 7.223072 0.069081
 0.000036 2.919302 4.304730 7.224032 0.072204
 0.000036 2.916495 4.306041 7.222536 0.067366
 0.000037 2.910837 4.307336 7.218172 0.054209
 0.000037 2.902821 4.308709 7.211530 0.036922
 0.000038 2.893138 4.310142 7.203280 0.020059
 0.000038 2.882481 4.311536 7.194017 0.007209
 0.000039 2.871942 4.312847 7.184788 0.000806
 0.000039 2.862457 4.314128 7.176586 0.000477
 0.000040 2.854401 4.315326 7.169727 0.004075
 0.000040 2.848434 4.316334 7.164768 0.008875
 0.000041 2.845022 4.317140 7.162163 0.012135
 0.000041 2.844216 4.317878 7.162093 0.012229
 0.000042 2.846394 4.318352 7.164746 0.008901
 0.000042 2.851132 4.318585 7.169717 0.004083
 0.000043 2.858060 4.318647 7.176707 0.000445
 0.000043 2.866227 4.318460 7.184688 0.000772
 0.000044 2.875140 4.318165 7.193305 0.006488
 0.000044 2.884546 4.317627 7.202173 0.018185
 0.000045 2.893862 4.316779 7.210641 0.034861
 0.000045 2.902036 4.315816 7.217852 0.053300
 0.000046 2.908366 4.314674 7.223040 0.068977
 0.000046 2.912010 4.313465 7.225475 0.077034
 0.000047 2.912631 4.312070 7.224702 0.074426
 0.000047 2.910059 4.310529 7.220587 0.061314
 0.000048 2.904696 4.308795 7.213491 0.041681
 0.000048 2.896871 4.307026 7.203897 0.021144
 0.000049 2.887454 4.305143 7.192597 0.005808
 0.000049 2.877084 4.303018 7.180102 0.000000
 0.000050 2.866051 4.300697 7.166748 0.006738
 0.000050 2.854902 4.298250 7.153152 0.027337
 0.000051 2.844479 4.295597 7.140076 0.060227
 0.000051 2.835572 4.292734 7.128306 0.100799
 0.000052 2.828666 4.289650 7.118316 0.143387
 0.000052 2.823569 4.286308 7.109877 0.185195
 0.000053 2.820761 4.282745 7.103506 0.220294
 0.000053 2.820270 4.279088 7.099358 0.244785
 0.000054 2.822361 4.275433 7.097795 0.254352
 0.000054 2.826551 4.271818 7.098369 0.250815
 0.000055 2.832419 4.268274 7.100693 0.236760
 0.000055 2.840092 4.264774 7.104866 0.212549
 0.000056 2.848959 4.261460 7.110420 0.182347
 0.000056 2.858158 4.258174 7.116331 0.152739
 0.000057 2.866814 4.255007 7.121821 0.127593
 0.000057 2.873925 4.252060 7.125985 0.110027
 0.000058 2.878855 4.249260 7.128115 0.101543
 0.000058 2.881393 4.246736 7.128129 0.101489
 0.000059 2.881735 4.244436 7.126171 0.109273
 0.000059 2.879836 4.242284 7.122120 0.126287
 0.000060 2.875678 4.240251 7.115929 0.154673
 0.000060 2.869821 4.238562 7.108383 0.193155
 0.000061 2.862528 4.237191 7.099719 0.242603
 0.000061 2.853993 4.236087 7.090080 0.304234
 0.000062 2.845073 4.235186 7.080258 0.374201
 0.000062 2.836449 4.234324 7.070773 0.448638
 0.000063 2.829211 4.233639 7.062849 0.515994
 0.000063 2.823574 4.233097 7.056671 0.571779
 0.000064 2.819650 4.232566 7.052215 0.613789
 0.000064 2.817383 4.232129 7.049511 0.640008
 0.000065 2.817490 4.231752 7.049242 0.642648
 0.000065 2.819727 4.231448 7.051175 0.623816
 0.000066 2.824366 4.231029 7.055395 0.583660
 0.000066 2.831066 4.230676 7.061742 0.525784
 0.000067 2.839347 4.230392 7.069739 0.457162
 0.000067 2.848984 4.230233 7.079216 0.382048
 0.000068 2.859339 4.230074 7.089413 0.308756
 0.000068 2.869474 4.229946 7.099419 0.244416
 0.000069 2.878332 4.230007 7.108339 0.193390
 0.000069 2.885475 4.230014 7.115489 0.156797
 0.000070 2.890806 4.229963 7.120769 0.132237
 0.000070 2.893810 4.229923 7.123733 0.119365
 0.000071 2.894092 4.230005 7.124098 0.117828
 0.000071 2.891631 4.230065 7.121696 0.128141
 0.000072 2.887322 4.230193 7.117515 0.147124
 0.000072 2.881616 4.230365 7.111981 0.174274
 0.000073 2.875351 4.230716 7.106066 0.205823
 0.000073 2.868918 4.231344 7.100262 0.239336
 0.000074 2.863134 4.232272 7.095406 0.269318
 0.000074 2.858565 4.233312 7.091877 0.292215
 0.000075 2.855828 4.234438 7.090266 0.302979
 0.000075 2.854986 4.235717 7.090703 0.300037
 0.000076 2.856320 4.237105 7.093425 0.282058
 0.000076 2.859812 4.238548 7.098360 0.250869
 0.000077 2.864936 4.240148 7.105084 0.211318
 0.000077 2.872120 4.242004 7.114124 0.163488
 0.000078 2.880930 4.244103 7.125033 0.113927
 0.000078 2.891104 4.246386 7.137490 0.068250
 0.000079 2.902097 4.248814 7.150912 0.032062
 0.000079 2.913452 4.251537 7.164989 0.008622
 0.000080 2.924700 4.254531 7.179231 0.000032
 0.000080 2.934781 4.257724 7.192505 0.005723
 0.000081 2.942924 4.261022 7.203946 0.021231
 0.000081 2.948802 4.264356 7.213159 0.040855
 0.000082 2.951964 4.267730 7.219694 0.058634
 0.000082 2.952535 4.271146 7.223681 0.071055
 0.000083 2.950726 4.274627 7.225354 0.076621
 0.000083 2.946442 4.278225 7.224667 0.074311
 0.000084 2.939984 4.281855 7.221838 0.065166
 0.000084 2.932385 4.285554 7.217939 0.053546
 0.000085 2.924284 4.289168 7.213452 0.041585
 0.000085 2.916210 4.292850 7.209060 0.031338
 0.000086 2.909159 4.296383 7.205543 0.024176
 0.000086 2.903541 4.299879 7.203420 0.020303
 0.000087 2.899589 4.303329 7.202918 0.019437
 0.000087 2.896911 4.306730 7.203641 0.020691
 0.000088 2.895793 4.310100 7.205892 0.024847
 0.000088 2.896465 4.313491 7.209956 0.033311
 0.000089 2.899183 4.316831 7.216014 0.048230
 0.000089 2.903245 4.320179 7.223424 0.070219
 0.000090 2.908019 4.323442 7.231461 0.098724
 0.000090 2.913392 4.326545 7.239938 0.134039
 0.000091 2.918944 4.329457 7.248401 0.174675
 0.000091 2.924338 4.332272 7.256610 0.219219
 0.000092 2.928447 4.335042 7.263488 0.260438
 0.000092 2.930983 4.337862 7.268845 0.294993
 0.000093 2.931502 4.340904 7.272405 0.319153
 0.000093 2.929778 4.344116 7.273894 0.329533
 0.000094 2.925450 4.347335 7.272786 0.321788
 0.000094 2.919105 4.350533 7.269638 0.300290
 0.000095 2.911584 4.353705 7.265289 0.271812
 0.000095 2.903015 4.356841 7.259855 0.238224
 0.000096 2.893713 4.359856 7.253568 0.202124
 0.000096 2.884592 4.362681 7.247273 0.168949
 0.000097 2.876467 4.365410 7.241877 0.142876
 0.000097 2.869119 4.367963 7.237083 0.121542
 0.000098 2.862848 4.370485 7.233332 0.106057
 0.000098 2.858197 4.372791 7.230988 0.096913
 0.000099 2.855442 4.374946 7.230388 0.094639
 0.000099 2.854403 4.376898 7.231301 0.098108
 0.000100 2.855196 4.378615 7.233811 0.107976
 0.000100 2.857616 4.380123 7.237739 0.124360
 0.000101 2.861279 4.381371 7.242650 0.146474
 0.000101 2.866022 4.382357 7.248379 0.174562
 0.000102 2.871232 4.383033 7.254265 0.205980
 0.000102 2.876567 4.383407 7.259975 0.238939
 0.000103 2.881477 4.383585 7.265062 0.270366
 0.000103 2.885113 4.383530 7.268644 0.293655
 0.000104 2.887669 4.383267 7.270936 0.309064
 0.000104 2.888984 4.382866 7.271851 0.315328
 0.000105 2.888666 4.382435 7.271102 0.310198
 0.000105 2.886864 4.381930 7.268794 0.294656
 0.000106 2.883392 4.381316 7.264708 0.268115
 0.000106 2.878327 4.380614 7.258941 0.232791
 0.000107 2.871674 4.379723 7.251396 0.190343
 0.000107 2.864526 4.378656 7.243182 0.148982
 0.000108 2.857204 4.377429 7.234633 0.111307
 0.000108 2.850453 4.376104 7.226557 0.080754
 0.000109 2.844911 4.374777 7.219687 0.058615
 0.000109 2.840766 4.373328 7.214093 0.043201
 0.000110 2.837721 4.371864 7.209584 0.032486
 0.000110 2.835902 4.370390 7.206292 0.025623
 0.000111 2.835330 4.368950 7.204280 0.021832
 0.000111 2.836560 4.367570 7.204130 0.021561
 0.000112 2.839457 4.366180 7.205637 0.024355
 0.000112 2.843815 4.364791 7.208606 0.030362
 0.000113 2.849078 4.363431 7.212509 0.039262
 0.000113 2.854825 4.362234 7.217059 0.051081
 0.000114 2.860603 4.360970 7.221572 0.064338
 0.000114 2.866314 4.359824 7.226138 0.079302
 0.000115 2.871738 4.358750 7.230488 0.095016
 0.000115 2.876087 4.357656 7.233744 0.107703
 0.000116 2.879037 4.356580 7.235617 0.115364
 0.000116 2.880726 4.355572 7.236298 0.118216
 0.000117 2.880444 4.354616 7.235060 0.113058
 0.000117 2.878361 4.353658 7.232019 0.100884
 0.000118 2.874259 4.352678 7.226937 0.082083
 0.000118 2.868248 4.351708 7.219957 0.059416
 0.000119 2.860981 4.350717 7.211698 0.037319
 0.000119 2.853003 4.349620 7.202623 0.018935
 0.000120 2.844964 4.348539 7.193503 0.006684
 0.000120 2.837513 4.347475 7.184988 0.000877
 0.000121 2.831032 4.346317 7.177349 0.000295
 0.000121 2.825498 4.345053 7.170551 0.003457
 0.000122 2.821819 4.343709 7.165528 0.008019
 0.000122 2.819755 4.342370 7.162126 0.012185
 0.000123 2.819315 4.341001 7.160316 0.014755
 0.000123 2.820807 4.339528 7.160335 0.014726
 0.000124 2.824025 4.337959 7.161985 0.012377
 0.000124 2.828409 4.336413 7.164822 0.008812
 0.000125 2.833624 4.334907 7.168531 0.005064
 0.000125 2.839229 4.333468 7.172696 0.002084
 0.000126 2.844499 4.332139 7.176638 0.000463
 0.000126 2.848927 4.330995 7.179922 0.000002
 0.000127 2.851960 4.329998 7.181957 0.000122
 0.000127 2.853422 4.329035 7.182457 0.000199
 0.000128 2.853141 4.328283 7.181425 0.000061
 0.000128 2.850381 4.327748 7.178129 0.000153
 0.000129 2.845056 4.327433 7.172488 0.002202
 0.000129 2.837807 4.327370 7.165177 0.008409
 0.000130 2.829230 4.327444 7.156673 0.020671
 0.000130 2.820116 4.327729 7.147845 0.039139
 0.000131 2.810923 4.328250 7.139174 0.062971
 0.000131 2.801953 4.328832 7.130785 0.091391
 0.000132 2.793662 4.329398 7.123059 0.122233
 0.000132 2.786580 4.330069 7.116648 0.151225
 0.000133 2.780700 4.330912 7.111612 0.176165
 0.000133 2.776508 4.331859 7.108367 0.193240
 0.000134 2.774034 4.332780 7.106814 0.201693
 0.000134 2.773566 4.333640 7.107206 0.199538
 0.000135 2.775198 4.334447 7.109645 0.186418
 0.000135 2.778243 4.335328 7.113571 0.166240
 0.000136 2.782548 4.336214 7.118762 0.141327
 0.000136 2.787827 4.337010 7.124837 0.114739
 0.000137 2.793231 4.337773 7.131004 0.090581
 0.000137 2.798199 4.338524 7.136723 0.070726
 0.000138 2.801913 4.339350 7.141263 0.056714
 0.000138 2.804209 4.340185 7.144395 0.047946
 0.000139 2.804742 4.341041 7.145783 0.044296
 0.000139 2.803245 4.341900 7.145145 0.045955
 0.000140 2.799528 4.342702 7.142230 0.053928
 0.000140 2.793768 4.343511 7.137278 0.068930
 0.000141 2.786239 4.344453 7.130691 0.091737
 0.000141 2.777317 4.345538 7.122855 0.123110
 0.000142 2.767730 4.346678 7.114408 0.162084
 0.000142 2.757911 4.347818 7.105729 0.207703
 0.000143 2.748707 4.348977 7.097683 0.255039
 0.000143 2.740750 4.350178 7.090927 0.298537
 0.000144 2.734327 4.351404 7.085731 0.334324
 0.000144 2.730059 4.352730 7.082789 0.355481
 0.000145 2.728178 4.354161 7.082339 0.358776
 0.000145 2.728851 4.355660 7.084511 0.343015
 0.000146 2.731518 4.357327 7.088844 0.312638
 0.000146 2.735926 4.359216 7.095142 0.270998
 0.000147 2.741911 4.361309 7.103221 0.221938
 0.000147 2.748742 4.363641 7.112382 0.172227
 0.000148 2.755703 4.366211 7.121914 0.127186
 0.000148 2.762757 4.368977 7.131734 0.087911
 0.000149 2.769035 4.371864 7.140899 0.057778
 0.000149 2.774032 4.374902 7.148934 0.036545
 0.000150 2.777020 4.378083 7.155102 0.023530
 0.000150 2.777807 4.381463 7.159270 0.016352
 0.000151 2.776431 4.384915 7.161347 0.013261
 0.000151 2.773203 4.388350 7.161553 0.012972
 0.000152 2.768411 4.391737 7.160148 0.015006
 0.000152 2.762130 4.395010 7.157141 0.019856
 0.000153 2.755134 4.398239 7.153372 0.026893
 0.000153 2.747604 4.401370 7.148974 0.036451
 0.000154 2.740568 4.404421 7.144989 0.046365
 0.000154 2.734440 4.407345 7.141785 0.055199
 0.000155 2.729904 4.409930 7.139833 0.060959
 0.000155 2.726918 4.412298 7.139216 0.062840
 0.000156 2.725817 4.414451 7.140268 0.059651
 0.000156 2.726901 4.416342 7.143242 0.051086
 0.000157 2.730086 4.418150 7.148236 0.038198
 0.000157 2.735264 4.419802 7.155066 0.023599
 0.000158 2.742368 4.421307 7.163675 0.010180
 0.000158 2.750399 4.422599 7.172998 0.001919
 0.000159 2.758810 4.423630 7.182440 0.000196
 0.000159 2.767150 4.424487 7.191638 0.004947
 0.000160 2.775087 4.425258 7.200344 0.015290
 0.000160 2.782161 4.425927 7.208088 0.029266
 0.000161 2.788141 4.426411 7.214551 0.044375
 0.000161 2.792417 4.426875 7.219292 0.057449
 0.000162 2.794532 4.427266 7.221799 0.065042
 0.000162 2.794466 4.427634 7.222100 0.065986
 0.000163 2.792143 4.427934 7.220077 0.059776
 0.000163 2.787791 4.428214 7.216005 0.048205
 0.000164 2.782166 4.428562 7.210728 0.035059
 0.000164 2.775925 4.428802 7.204727 0.022648
 0.000165 2.769287 4.428947 7.198234 0.012262
 0.000165 2.762680 4.429137 7.191817 0.005103
 0.000166 2.756915 4.429259 7.186174 0.001360
 0.000166 2.752655 4.429290 7.181945 0.000121
 0.000167 2.750345 4.429234 7.179579 0.000012
 0.000167 2.749784 4.429198 7.178982 0.000051
 0.000168 2.751023 4.429212 7.180234 0.000000
 0.000168 2.754274 4.429204 7.183478 0.000415
 0.000169 2.759652 4.429218 7.188871 0.002851
 0.000169 2.766391 4.429228 7.195619 0.008971
 0.000170 2.774097 4.429264 7.203361 0.020200
 0.000170 2.782295 4.429298 7.211593 0.037072
 0.000171 2.790958 4.429198 7.220157 0.060015
 0.000171 2.799148 4.429052 7.228200 0.086575
 0.000172 2.806433 4.428882 7.235314 0.114108
 0.000172 2.811827 4.428692 7.240519 0.136656
 0.000173 2.815723 4.428569 7.244292 0.154276
 0.000173 2.817628 4.428497 7.246126 0.163221
 0.000174 2.817163 4.428513 7.245676 0.161004
 0.000174 2.814557 4.428557 7.243113 0.148657
 0.000175 2.810246 4.428589 7.238835 0.129140
 0.000175 2.805006 4.428654 7.233660 0.107368
 0.000176 2.798850 4.428753 7.227603 0.084435
 0.000176 2.792054 4.428941 7.220995 0.062557
 0.000177 2.785523 4.429189 7.214711 0.044789
 0.000177 2.780170 4.429415 7.209585 0.032487
 0.000178 2.776115 4.429733 7.205848 0.024761
 0.000178 2.773891 4.430131 7.204021 0.021366
 0.000179 2.773641 4.430485 7.204126 0.021553
 0.000179 2.775685 4.430895 7.206579 0.026190
 0.000180 2.779698 4.431270 7.210968 0.035611
 0.000180 2.785248 4.431628 7.216876 0.050576
 0.000181 2.792669 4.431947 7.224616 0.074141
 0.000181 2.801422 4.432340 7.233761 0.107775
 0.000182 2.811143 4.432777 7.243920 0.152488
 0.000182 2.821497 4.433222 7.254718 0.208506
 0.000183 2.831681 4.433507 7.265189 0.271173
 0.000183 2.841080 4.433853 7.274933 0.336882
 0.000184 2.849179 4.434252 7.283431 0.399998
 0.000184 2.855271 4.434613 7.289884 0.451543
 0.000185 2.859042 4.434970 7.294012 0.486155
 0.000185 2.860725 4.435280 7.296005 0.503322
 0.000186 2.860237 4.435592 7.295830 0.501803
 0.000186 2.857535 4.435937 7.293472 0.481552
 0.000187 2.853059 4.436316 7.289375 0.447363
 0.000187 2.847525 4.436597 7.284122 0.405364
 0.000188 2.841366 4.436740 7.278106 0.359815
 0.000188 2.834862 4.436918 7.271780 0.314839
 0.000189 2.828847 4.437016 7.265864 0.275495
 0.000189 2.823873 4.437073 7.260946 0.244790
 0.000190 2.820071 4.437040 7.257111 0.222105
 0.000190 2.817730 4.436818 7.254548 0.207554
 0.000191 2.816898 4.436410 7.253308 0.200695
 0.000191 2.817826 4.435803 7.253629 0.202458
 0.000192 2.820271 4.434858 7.255129 0.210808
 0.000192 2.824358 4.433713 7.258071 0.227677
 0.000193 2.829816 4.432397 7.262213 0.252524
 0.000193 2.835976 4.430848 7.266824 0.281703
 0.000194 2.842917 4.429141 7.272058 0.316751
 0.000194 2.849738 4.427229 7.276967 0.351496
 0.000195 2.856049 4.425164 7.281214 0.383008
 0.000195 2.860869 4.422952 7.283821 0.403023
 0.000196 2.863952 4.420618 7.284571 0.408873
 0.000196 2.865011 4.418332 7.283342 0.399310
 0.000197 2.863931 4.416161 7.280092 0.374553
 0.000197 2.860589 4.414186 7.274775 0.335758
 0.000198 2.855114 4.412301 7.267415 0.285558
 0.000198 2.847769 4.410609 7.258378 0.229474
 0.000199 2.838776 4.409138 7.247914 0.172191
 0.000199 2.828898 4.407921 7.236819 0.120420
 0.000200 2.818475 4.406955 7.225430 0.076878
 0.000200 2.807723 4.406312 7.214035 0.043052
 0.000201 2.797408 4.405906 7.203314 0.020119
 0.000201 2.787897 4.405695 7.193593 0.006775
 0.000202 2.779845 4.405713 7.185558 0.001096
 0.000202 2.773889 4.405874 7.179763 0.000006
 0.000203 2.769925 4.406220 7.176145 0.000602
 0.000203 2.768152 4.406776 7.174928 0.001023
 0.000204 2.768686 4.407495 7.176180 0.000591
 0.000204 2.771187 4.408316 7.179503 0.000016
 0.000205 2.774858 4.409289 7.184148 0.000599
 0.000205 2.779479 4.410401 7.189880 0.003549
 0.000206 2.784378 4.411546 7.195924 0.009329
 0.000206 2.789044 4.412743 7.201787 0.017552
 0.000207 2.792410 4.414087 7.206497 0.026028
 0.000207 2.794492 4.415447 7.209939 0.033274
 0.000208 2.794851 4.416822 7.211673 0.037259
 0.000208 2.793650 4.418105 7.211755 0.037454
 0.000209 2.790241 4.419314 7.209555 0.032421
 0.000209 2.785064 4.420509 7.205573 0.024234
 0.000210 2.777798 4.421712 7.199510 0.014053
 0.000210 2.769022 4.423009 7.192032 0.005292
 0.000211 2.759146 4.424215 7.183361 0.000386
 0.000211 2.749598 4.425309 7.174907 0.001031
 0.000212 2.740579 4.426346 7.166925 0.006560
 0.000212 2.732487 4.427239 7.159726 0.015645
 0.000213 2.725615 4.427989 7.153605 0.026428
 0.000213 2.720346 4.428592 7.148938 0.036537
 0.000214 2.717017 4.429059 7.146076 0.043543
 0.000214 2.715514 4.429504 7.145017 0.046291
 0.000215 2.716312 4.429890 7.146201 0.043224
 0.000215 2.719368 4.430249 7.149617 0.034965
 0.000216 2.724126 4.430333 7.154459 0.024755
 0.000216 2.730115 4.430320 7.160435 0.014578
 0.000217 2.736782 4.430314 7.167096 0.006392
 0.000217 2.743260 4.430326 7.173586 0.001616
 0.000218 2.749016 4.430452 7.179468 0.000018
 0.000218 2.753804 4.430630 7.184435 0.000688
 0.000219 2.756972 4.430873 7.187846 0.002220
 0.000219 2.758339 4.431065 7.189404 0.003210
 0.000220 2.757925 4.431294 7.189219 0.003083
 0.000220 2.755586 4.431514 7.187100 0.001810
 0.000221 2.751310 4.431692 7.183002 0.000305
 0.000221 2.745471 4.431806 7.177278 0.000310
 0.000222 2.738151 4.431971 7.170122 0.003772
 0.000222 2.729889 4.432167 7.162055 0.012280
 0.000223 2.721798 4.432297 7.154094 0.025462
 0.000223 2.714195 4.432508 7.146703 0.041956
 0.000224 2.707061 4.432540 7.139601 0.061665
 0.000224 2.700816 4.432511 7.133327 0.082221
 0.000225 2.696111 4.432268 7.128379 0.100517
 0.000225 2.693139 4.431790 7.124929 0.114358
 0.000226 2.691741 4.431038 7.122780 0.123433
 0.000226 2.691679 4.430150 7.121830 0.127555
 0.000227 2.692923 4.429228 7.122151 0.126154
 0.000227 2.695528 4.428033 7.123561 0.120095
 0.000228 2.699365 4.426635 7.126000 0.109966
 0.000228 2.703583 4.425097 7.128680 0.099350
 0.000229 2.707874 4.423408 7.131282 0.089560
 0.000229 2.711709 4.421606 7.133314 0.082265
 0.000230 2.714595 4.419730 7.134326 0.078751
 0.000230 2.715959 4.417699 7.133658 0.081063
 0.000231 2.715383 4.415452 7.130835 0.091204
 0.000231 2.713115 4.413084 7.126199 0.109158
 0.000232 2.709065 4.410675 7.119740 0.136858
 0.000232 2.703218 4.408311 7.111529 0.176592
 0.000233 2.695713 4.406108 7.101821 0.230088
 0.000233 2.687157 4.404131 7.091288 0.296128
 0.000234 2.678257 4.402258 7.080515 0.372278
 0.000234 2.669472 4.400502 7.069975 0.455213
 0.000235 2.661935 4.398879 7.060814 0.534058
 0.000235 2.655759 4.397460 7.053219 0.604200
 0.000236 2.651486 4.396236 7.047722 0.657662
 0.000236 2.648937 4.395285 7.044223 0.692876
 0.000237 2.648420 4.394557 7.042978 0.705628
 0.000237 2.650046 4.394070 7.044116 0.693965
 0.000238 2.653956 4.393709 7.047665 0.658226
 0.000238 2.659381 4.393544 7.052925 0.607001
 0.000239 2.666110 4.393619 7.059730 0.543806
 0.000239 2.673785 4.393921 7.067706 0.474151
 0.000240 2.681639 4.394401 7.076040 0.406475
 0.000240 2.689095 4.395018 7.084113 0.345880
 0.000241 2.695470 4.395842 7.091312 0.295968
 0.000241 2.700496 4.396725 7.097222 0.257903
 0.000242 2.703540 4.397656 7.101196 0.233778
 0.000242 2.704915 4.398589 7.103503 0.220311
 0.000243 2.704825 4.399513 7.104337 0.215543
 0.000243 2.703196 4.400419 7.103616 0.219667
 0.000244 2.700351 4.401214 7.101565 0.231593
 0.000244 2.697322 4.401917 7.099239 0.245505
 0.000245 2.694326 4.402474 7.096800 0.260531
 0.000245 2.691617 4.402883 7.094500 0.275108
 0.000246 2.689700 4.403241 7.092940 0.285218
 0.000246 2.689079 4.403528 7.092607 0.287400
 0.000247 2.690045 4.403755 7.093800 0.279626
 0.000247 2.692478 4.403844 7.096322 0.263529
 0.000248 2.696652 4.403744 7.100396 0.238537
 0.000248 2.702697 4.403477 7.106174 0.205226
 0.000249 2.709854 4.403100 7.112954 0.169331
 0.000249 2.718017 4.402637 7.120654 0.132749
 0.000250 2.727508 4.402134 7.129642 0.095670
 0.000250 2.737813 4.401525 7.139338 0.062465
 0.000251 2.748657 4.400773 7.149430 0.035393
 0.000251 2.759479 4.399932 7.159412 0.016131
 0.000252 2.769590 4.399192 7.168781 0.004848
 0.000252 2.778692 4.398525 7.177217 0.000323
 0.000253 2.786040 4.397905 7.183945 0.000540
 0.000253 2.791126 4.397266 7.188392 0.002546
 0.000254 2.793872 4.396564 7.190436 0.003966
 0.000254 2.794313 4.395808 7.190121 0.003727
 0.000255 2.792780 4.395070 7.187849 0.002222
 0.000255 2.789464 4.394415 7.183878 0.000521
 0.000256 2.784874 4.393898 7.178772 0.000071
 0.000256 2.779587 4.393441 7.173028 0.001903
 0.000257 2.773730 4.393020 7.166750 0.006735
 0.000257 2.768292 4.392581 7.160873 0.013938
 0.000258 2.764121 4.392267 7.156388 0.021177
 0.000258 2.761400 4.392117 7.153518 0.026601
 0.000259 2.760103 4.392121 7.152224 0.029249
 0.000259 2.760738 4.392477 7.153215 0.027209
 0.000260 2.763348 4.392967 7.156316 0.021306
 0.000260 2.767700 4.393605 7.161306 0.013319
 0.000261 2.773245 4.394379 7.167624 0.005885
 0.000261 2.779509 4.395208 7.174716 0.001108
 0.000262 2.786546 4.396046 7.182592 0.000223
 0.000262 2.794062 4.396945 7.191007 0.004419
 0.000263 2.801764 4.398015 7.199779 0.014446
 0.000263 2.809111 4.399321 7.208432 0.029992
 0.000264 2.815908 4.400685 7.216594 0.049800
 0.000264 2.822232 4.401937 7.224170 0.072659
 0.000265 2.827393 4.403226 7.230619 0.095510
 0.000265 2.831412 4.404426 7.235838 0.116284
 0.000266 2.834353 4.405573 7.239925 0.133984
 0.000266 2.836219 4.406694 7.242913 0.147709
 0.000267 2.837360 4.407803 7.245163 0.158491
 0.000267 2.838378 4.408968 7.247346 0.169315
 0.000268 2.839065 4.410243 7.249308 0.179345
 0.000268 2.839058 4.411575 7.250633 0.186285
 0.000269 2.838291 4.412908 7.251200 0.189292
 0.000269 2.837734 4.414095 7.251829 0.192662
 0.000270 2.837597 4.415077 7.252674 0.197231
 0.000270 2.838080 4.415953 7.254033 0.204693
 0.000271 2.839502 4.416885 7.256387 0.217941
 0.000271 2.841815 4.417723 7.259538 0.236333
 0.000272 2.845352 4.418529 7.263881 0.262899
 0.000272 2.849812 4.419384 7.269197 0.297337
 0.000273 2.855076 4.420167 7.275243 0.339088
 0.000273 2.861144 4.421069 7.282213 0.390621
 0.000274 2.867298 4.422010 7.289308 0.446817
 0.000274 2.873743 4.422848 7.296592 0.508435
 0.000275 2.880576 4.423653 7.304229 0.577319
 0.000275 2.887031 4.424407 7.311438 0.646356
 0.000276 2.892492 4.425144 7.317635 0.708814
 0.000276 2.896586 4.425926 7.322512 0.759994
 0.000277 2.899123 4.426612 7.325735 0.794798
 0.000277 2.900202 4.427185 7.327386 0.812927
 0.000278 2.899758 4.427696 7.327455 0.813683
 0.000278 2.897271 4.428136 7.325407 0.791214
 0.000279 2.893017 4.428476 7.321493 0.749150
 0.000279 2.887455 4.428688 7.316144 0.693518
 0.000280 2.880957 4.428790 7.309747 0.629808
 0.000280 2.874089 4.428912 7.303001 0.565950
 0.000281 2.867082 4.428964 7.296046 0.503681
 0.000281 2.860213 4.429011 7.289224 0.446129
 0.000282 2.853787 4.428861 7.282648 0.393952
 0.000282 2.848075 4.428569 7.276644 0.349152
 0.000283 2.843045 4.428082 7.271128 0.310374
 0.000283 2.838834 4.427370 7.266204 0.277688
 0.000284 2.835242 4.426538 7.261780 0.249866
 0.000284 2.832607 4.425546 7.258153 0.228157
 0.000285 2.830722 4.424420 7.255142 0.210881
 0.000285 2.829282 4.423094 7.252375 0.195610
 0.000286 2.827904 4.421723 7.249627 0.181005
 0.000286 2.826455 4.420352 7.246807 0.166612
 0.000287 2.824983 4.419019 7.244001 0.152878
 0.000287 2.822960 4.417726 7.240686 0.137414
 0.000288 2.819902 4.416479 7.236380 0.118563
 0.000288 2.815839 4.415539 7.231378 0.098403
 0.000289 2.810656 4.414720 7.225375 0.076694
 0.000289 2.804731 4.414161 7.218893 0.056282
 0.000290 2.797961 4.413750 7.211711 0.037350
 0.000290 2.790372 4.413296 7.203668 0.020738
 0.000291 2.782046 4.412764 7.194810 0.008057
 0.000291 2.773615 4.412229 7.185844 0.001215
 0.000292 2.765573 4.411626 7.177199 0.000327
 0.000292 2.757848 4.411104 7.168952 0.004704
 0.000293 2.750912 4.410620 7.161532 0.013001
 0.000293 2.744712 4.410038 7.154751 0.024195
 0.000294 2.739585 4.409481 7.149066 0.036238
 0.000294 2.736027 4.408828 7.144855 0.046720
 0.000295 2.734334 4.408132 7.142466 0.053258
 0.000295 2.734137 4.407513 7.141649 0.055592
 0.000296 2.735607 4.406831 7.142438 0.053337
 0.000296 2.737870 4.406019 7.143889 0.049312
 0.000297 2.740939 4.405073 7.146013 0.043705
 0.000297 2.744629 4.403926 7.148555 0.037437
 0.000298 2.748552 4.402584 7.151136 0.031572
 0.000298 2.752072 4.401210 7.153283 0.027072
 0.000299 2.754806 4.399746 7.154552 0.024575
 0.000299 2.756412 4.398204 7.154615 0.024454
 0.000300 2.756832 4.396589 7.153422 0.026794
 0.000300 2.756181 4.394790 7.150971 0.031931
 0.000301 2.754088 4.392956 7.147044 0.041105
 0.000301 2.750697 4.391172 7.141870 0.054956
 0.000302 2.746730 4.389380 7.136110 0.072738
 0.000302 2.742352 4.387626 7.129978 0.094404
 0.000303 2.737831 4.385973 7.123804 0.119065
 0.000303 2.733310 4.384436 7.117746 0.146041
 0.000304 2.729378 4.382930 7.112308 0.172606
 0.000304 2.726277 4.381477 7.107754 0.196552
 0.000305 2.724234 4.380022 7.104256 0.216004
 0.000305 2.723983 4.378577 7.102560 0.225769
 0.000306 2.725424 4.377241 7.102665 0.225157
 0.000306 2.728177 4.375978 7.104154 0.216585
 0.000307 2.732163 4.374899 7.107063 0.200326
 0.000307 2.737462 4.373933 7.111395 0.177281
 0.000308 2.743787 4.373020 7.116808 0.150467
 0.000308 2.750889 4.372115 7.123004 0.122469
 0.000309 2.757788 4.371145 7.128933 0.098377
 0.000309 2.764268 4.370277 7.134545 0.077998
 0.000310 2.769340 4.369631 7.138971 0.063595
 0.000310 2.772676 4.369118 7.141794 0.055174
 0.000311 2.774543 4.368663 7.143206 0.051186
 0.000311 2.774590 4.368334 7.142924 0.051971
 0.000312 2.772713 4.368136 7.140849 0.057925
 0.000312 2.769059 4.367945 7.137003 0.069817
 0.000313 2.763798 4.367754 7.131553 0.088570
 0.000313 2.757397 4.367486 7.124883 0.114547
 0.000314 2.750260 4.367235 7.117495 0.147218
 0.000314 2.743054 4.367007 7.110061 0.184226
 0.000315 2.736193 4.366838 7.103031 0.223035
 0.000315 2.730173 4.366643 7.096816 0.260432
 0.000316 2.725405 4.366463 7.091868 0.292273
 0.000316 2.721909 4.366464 7.088373 0.315873
 0.000317 2.719525 4.366622 7.086148 0.331377
 0.000317 2.719318 4.366847 7.086165 0.331256
 0.000318 2.720719 4.367117 7.087837 0.319578
 0.000318 2.723617 4.367412 7.091029 0.297857
 0.000319 2.728007 4.367668 7.095675 0.267612
 0.000319 2.733009 4.367828 7.100837 0.235903
 0.000320 2.738893 4.367997 7.106889 0.201276
 0.000320 2.745099 4.368152 7.113252 0.167835
 0.000321 2.750978 4.368295 7.119273 0.138984
 0.000321 2.755967 4.368442 7.124409 0.116523
 0.000322 2.759885 4.368630 7.128515 0.099988
 0.000322 2.762151 4.368905 7.131056 0.090389
 0.000323 2.762192 4.369282 7.131474 0.088858
 0.000323 2.759848 4.369748 7.129596 0.095847
 0.000324 2.755508 4.370362 7.125870 0.110494
 0.000324 2.749630 4.371134 7.120764 0.132257
 0.000325 2.742874 4.372057 7.114931 0.159516
 0.000325 2.735983 4.373159 7.109142 0.189088
 0.000326 2.729434 4.374309 7.103743 0.218936
 0.000326 2.723468 4.375445 7.098913 0.247487
 0.000327 2.718433 4.376640 7.095073 0.271441
 0.000327 2.715068 4.378135 7.093204 0.283499
 0.000328 2.713454 4.379847 7.093300 0.282870
 0.000328 2.714325 4.381740 7.096065 0.265148
 0.000329 2.717465 4.383640 7.101105 0.234313
 0.000329 2.722636 4.385571 7.108207 0.194102
 0.000330 2.729766 4.387565 7.117331 0.147990
 0.000330 2.738332 4.389481 7.127812 0.102728
 0.000331 2.747895 4.391361 7.139256 0.062717
 0.000331 2.757682 4.393244 7.150926 0.032030
 0.000332 2.767026 4.395157 7.162183 0.012108
 0.000332 2.774867 4.397163 7.172030 0.002474
 0.000333 2.781106 4.399234 7.180340 0.000001
 0.000333 2.785328 4.401385 7.186712 0.001614
 0.000334 2.786998 4.403544 7.190542 0.004049
 0.000334 2.786318 4.405729 7.192046 0.005306
 0.000335 2.783747 4.407921 7.191669 0.004974
 0.000335 2.779420 4.410158 7.189578 0.003332
 0.000336 2.774021 4.412496 7.186516 0.001519
 0.000336 2.767816 4.414845 7.182661 0.000236
 0.000337 2.761685 4.417181 7.178866 0.000062
 0.000337 2.756150 4.419314 7.175463 0.000824
 0.000338 2.751665 4.421345 7.173010 0.001913
 0.000338 2.748625 4.423228 7.171853 0.002583
 0.000339 2.747403 4.424953 7.172356 0.002279
 0.000339 2.748499 4.426520 7.175018 0.000988
 0.000340 2.752213 4.428012 7.180224 0.000000
 0.000340 2.758150 4.429490 7.187640 0.002103
 0.000341 2.766436 4.430840 7.197275 0.010996
 0.000341 2.776580 4.432190 7.208771 0.030714
 0.000342 2.787902 4.433542 7.221444 0.063939
 0.000342 2.800145 4.434752 7.234897 0.112390
 0.000343 2.812364 4.435856 7.248220 0.173750
 0.000343 2.824357 4.436961 7.261318 0.247047
 0.000344 2.835173 4.438063 7.273235 0.324922
 0.000344 2.844224 4.439179 7.283403 0.399779
 0.000345 2.851090 4.440276 7.291366 0.463825
 0.000345 2.855761 4.441215 7.296976 0.511799
 0.000346 2.857868 4.442124 7.299992 0.538563
 0.000346 2.857442 4.443070 7.300512 0.543247
 0.000347 2.854729 4.444014 7.298743 0.527394
 0.000347 2.850303 4.444959 7.295262 0.496887
 0.000348 2.844988 4.445760 7.290748 0.458685
 0.000348 2.838984 4.446358 7.285342 0.414939
 0.000349 2.832784 4.446776 7.279559 0.370571
 0.000349 2.826738 4.447005 7.273744 0.328480
 0.000350 2.821970 4.446988 7.268958 0.295746
 0.000350 2.818819 4.446806 7.265625 0.273963
 0.000351 2.817178 4.446447 7.263624 0.261288
 0.000351 2.817514 4.445830 7.263344 0.259538
 0.000352 2.820118 4.444935 7.265052 0.270304
 0.000352 2.824268 4.444034 7.268301 0.291388
 0.000353 2.829813 4.442953 7.272766 0.321655
 0.000353 2.836726 4.441685 7.278411 0.362055
 0.000354 2.844405 4.440225 7.284629 0.409334
 0.000354 2.852477 4.438594 7.291071 0.461364
 0.000355 2.860585 4.436847 7.297432 0.515804
 0.000355 2.868167 4.434927 7.303094 0.566806
 0.000356 2.874383 4.432772 7.307155 0.604868
 0.000356 2.878252 4.430596 7.308848 0.621107
 0.000357 2.879812 4.428319 7.308131 0.614204
 0.000357 2.878996 4.425937 7.304933 0.583890
 0.000358 2.875265 4.423548 7.298812 0.528012
 0.000358 2.868712 4.421040 7.289751 0.450453
 0.000359 2.860296 4.418476 7.278772 0.364722
 0.000359 2.850503 4.415885 7.266388 0.278873
 0.000360 2.839872 4.413259 7.253131 0.199722
 0.000360 2.828985 4.410521 7.239506 0.132110
 0.000361 2.818485 4.407675 7.226160 0.079378
 0.000361 2.809187 4.404795 7.213981 0.042917
 0.000362 2.801746 4.401973 7.203719 0.020828
 0.000362 2.796526 4.399143 7.195669 0.009030
 0.000363 2.793781 4.396153 7.189934 0.003589
 0.000363 2.793372 4.393044 7.186416 0.001472
 0.000364 2.795455 4.389909 7.185363 0.001019
 0.000364 2.799937 4.386716 7.186652 0.001585
 0.000365 2.806310 4.383494 7.189803 0.003493
 0.000365 2.814314 4.380198 7.194512 0.007734
 0.000366 2.823444 4.376872 7.200316 0.015248
 0.000366 2.833096 4.373522 7.206618 0.026267
 0.000367 2.842796 4.370020 7.212816 0.040011
 0.000367 2.851598 4.366495 7.218093 0.053984
 0.000368 2.858713 4.362966 7.221678 0.064667
 0.000368 2.863616 4.359459 7.223075 0.069090
 0.000369 2.865820 4.355970 7.221790 0.065014
 0.000369 2.865133 4.352562 7.217695 0.052856
 0.000370 2.861647 4.349284 7.210930 0.035525
 0.000370 2.856095 4.346057 7.202152 0.018151
 0.000371 2.849001 4.342842 7.191843 0.005126
 0.000371 2.841065 4.339591 7.180656 0.000010
 0.000372 2.833113 4.336390 7.169503 0.004252
 0.000372 2.825214 4.333276 7.158490 0.017596
 0.000373 2.818028 4.330135 7.148163 0.038374
 0.000373 2.812191 4.327174 7.139365 0.062383
 0.000374 2.808164 4.324307 7.132470 0.085257
 0.000374 2.806415 4.321401 7.127816 0.102714
 0.000375 2.807533 4.318633 7.126166 0.109292
 0.000375 2.811460 4.316119 7.127579 0.103646
 0.000376 2.817667 4.313825 7.131492 0.088791
 0.000376 2.826174 4.311730 7.137904 0.066933
 0.000377 2.836838 4.309763 7.146601 0.042212
 0.000377 2.849625 4.307937 7.157562 0.019136
 0.000378 2.863542 4.306270 7.169813 0.004009
 0.000378 2.877791 4.304690 7.182482 0.000204
 0.000379 2.891115 4.303253 7.194368 0.007578
 0.000379 2.903200 4.302010 7.205210 0.023546
 0.000380 2.913537 4.300948 7.214484 0.044202
 0.000380 2.920792 4.300115 7.220908 0.062289
 0.000381 2.924756 4.299469 7.224225 0.072843
 0.000381 2.925582 4.298969 7.224551 0.073923
 0.000382 2.923037 4.298799 7.221836 0.065161
 0.000382 2.918144 4.298857 7.217001 0.050921
 0.000383 2.911257 4.299111 7.210368 0.034239
 0.000383 2.902929 4.299383 7.202312 0.018416
 0.000384 2.893883 4.299740 7.193623 0.006805
 0.000384 2.884728 4.300248 7.184975 0.000873
 0.000385 2.875898 4.300814 7.176712 0.000444
 0.000385 2.867819 4.301374 7.169193 0.004504
 0.000386 2.860841 4.301861 7.162702 0.011419
 0.000386 2.855059 4.302362 7.157421 0.019375
 0.000387 2.850860 4.302877 7.153737 0.026165
 0.000387 2.848259 4.303337 7.151596 0.030579
 0.000388 2.847094 4.303755 7.150849 0.032199
 0.000388 2.847481 4.304205 7.151687 0.030384
 0.000389 2.849539 4.304642 7.154180 0.025294
 0.000389 2.853060 4.305062 7.158122 0.018200
 0.000390 2.856998 4.305475 7.162473 0.011720
 0.000390 2.860646 4.306001 7.166647 0.006839
 0.000391 2.863874 4.306792 7.170666 0.003374
 0.000391 2.866138 4.307676 7.173814 0.001506
 0.000392 2.866846 4.308660 7.175506 0.000809
 0.000392 2.865281 4.309840 7.175121 0.000949
 0.000393 2.861205 4.311216 7.172421 0.002241
 0.000393 2.854684 4.312742 7.167426 0.006073
 0.000394 2.846044 4.314346 7.160390 0.014644
 0.000394 2.835888 4.316121 7.152009 0.029700
 0.000395 2.824660 4.318185 7.142844 0.052194
 0.000395 2.813283 4.320351 7.133633 0.081148
 0.000396 2.802564 4.322589 7.125153 0.113431
 0.000396 2.792770 4.324766 7.117536 0.147028
 0.000397 2.784859 4.326964 7.111824 0.175078
 0.000397 2.779509 4.329216 7.108725 0.191316
 0.000398 2.776725 4.331525 7.108251 0.193865
 0.000398 2.776527 4.333878 7.110405 0.182421
 0.000399 2.779188 4.336273 7.115462 0.156931
 0.000399 2.784843 4.338659 7.123502 0.120345
 0.000400 2.792855 4.341061 7.133915 0.080168
 0.000400 2.802731 4.343426 7.146157 0.043336
 0.000401 2.813858 4.345773 7.159632 0.015790
 0.000401 2.824987 4.347923 7.172910 0.001967
 0.000402 2.835410 4.349951 7.185361 0.001018
 0.000402 2.843988 4.351788 7.195775 0.009154
 0.000403 2.850442 4.353484 7.203926 0.021196
 0.000403 2.854011 4.355117 7.209128 0.031486
 0.000404 2.854313 4.356591 7.210904 0.035463
 0.000404 2.851586 4.357935 7.209521 0.032346
 0.000405 2.846001 4.359150 7.205151 0.023436
 0.000405 2.838278 4.360187 7.198465 0.012577
 0.000406 2.829051 4.361176 7.190227 0.003807
 0.000406 2.819020 4.362106 7.181126 0.000036
 0.000407 2.809044 4.362947 7.171991 0.002497
 0.000407 2.800169 4.363709 7.163878 0.009931
 0.000408 2.792249 4.364324 7.156573 0.020848
 0.000408 2.786583 4.364779 7.151362 0.031082
 0.000409 2.783637 4.364967 7.148604 0.037322
 0.000409 2.783313 4.365084 7.148397 0.037813
 0.000410 2.786391 4.365222 7.151613 0.030542
 0.000410 2.792130 4.365226 7.157356 0.019487
 0.000411 2.800436 4.365061 7.165498 0.008053
 0.000411 2.810660 4.364787 7.175447 0.000830
 0.000412 2.822211 4.364405 7.186616 0.001567
 0.000412 2.834065 4.364010 7.198075 0.012047
 0.000413 2.845288 4.363744 7.209032 0.031278
 0.000413 2.855028 4.363451 7.218479 0.055086
 0.000414 2.862671 4.363163 7.225834 0.078258
 0.000414 2.867618 4.362831 7.230449 0.094869
 0.000415 2.869071 4.362411 7.231483 0.098808
 0.000415 2.867147 4.361998 7.229145 0.090013
 0.000416 2.861957 4.361708 7.223666 0.071005
 0.000416 2.853833 4.361434 7.215268 0.046243
 0.000417 2.843242 4.361212 7.204455 0.022149
 0.000417 2.831399 4.360999 7.192398 0.005624
 0.000418 2.819024 4.360844 7.179868 0.000003
 0.000418 2.807303 4.360601 7.167903 0.005626
 0.000419 2.796879 4.360178 7.157057 0.020001
 0.000419 2.788398 4.359694 7.148092 0.038543
 0.000420 2.781861 4.359180 7.141041 0.057363
 0.000420 2.777877 4.358555 7.136432 0.071679
 0.000421 2.776794 4.357889 7.134684 0.077524
 0.000421 2.778648 4.357216 7.135863 0.073555
 0.000422 2.783145 4.356479 7.139624 0.061593
 0.000422 2.790160 4.355555 7.145715 0.044471
 0.000423 2.799168 4.354445 7.153613 0.026412
 0.000423 2.808997 4.353205 7.162202 0.012082
 0.000424 2.818915 4.351931 7.170845 0.003248
 0.000424 2.828252 4.350629 7.178881 0.000061
 0.000425 2.836068 4.349247 7.185316 0.001000
 0.000425 2.842098 4.347883 7.189981 0.003623
 0.000426 2.845322 4.346656 7.191977 0.005244
 0.000426 2.845325 4.345567 7.190892 0.004326
 0.000427 2.842347 4.344438 7.186785 0.001650
 0.000427 2.836672 4.343331 7.180004 0.000001
 0.000428 2.829119 4.342253 7.171372 0.002891
 0.000428 2.820310 4.341141 7.161450 0.013115
 0.000429 2.810667 4.339997 7.150664 0.032606
 0.000429 2.801249 4.338800 7.140049 0.060307
 0.000430 2.793163 4.337665 7.130827 0.091233
 0.000430 2.786488 4.336592 7.123080 0.122144
 0.000431 2.781896 4.335503 7.117399 0.147670
 0.000431 2.779806 4.334466 7.114272 0.162755
 0.000432 2.780389 4.333462 7.113851 0.164843
 0.000432 2.783896 4.332474 7.116369 0.152557
 0.000433 2.789883 4.331660 7.121543 0.128811
 0.000433 2.797931 4.331070 7.129001 0.098115
 0.000434 2.807783 4.330600 7.138384 0.065421
 0.000434 2.818635 4.330172 7.148807 0.036843
 0.000435 2.830135 4.329851 7.159986 0.015250
 0.000435 2.841576 4.329596 7.171172 0.003024
 0.000436 2.852312 4.329322 7.181634 0.000082
 0.000436 2.861461 4.328939 7.190400 0.003939
 0.000437 2.868244 4.328402 7.196645 0.010201
 0.000437 2.872444 4.327739 7.200182 0.015046
 0.000438 2.873860 4.326909 7.200768 0.015939
 0.000438 2.872777 4.326086 7.198863 0.013129
 0.000439 2.869877 4.325221 7.195098 0.008377
 0.000439 2.865498 4.324307 7.189805 0.003494
 0.000440 2.860228 4.323200 7.183428 0.000403
 0.000440 2.854754 4.322083 7.176837 0.000412
 0.000441 2.849677 4.320933 7.170610 0.003415
 0.000441 2.845565 4.319634 7.165199 0.008385
 0.000442 2.843150 4.318357 7.161507 0.013036
 0.000442 2.842677 4.317056 7.159732 0.015635
 0.000443 2.844439 4.315743 7.160182 0.014954
 0.000443 2.848203 4.314465 7.162668 0.011463
 0.000444 2.854004 4.313142 7.167146 0.006343
 0.000444 2.861605 4.311976 7.173581 0.001619
 0.000445 2.871126 4.310925 7.182051 0.000135
 0.000445 2.881949 4.310087 7.192035 0.005296
 0.000446 2.893993 4.309408 7.203401 0.020270
 0.000446 2.906523 4.308872 7.215395 0.046578
 0.000447 2.918920 4.308391 7.227311 0.083399
 0.000447 2.930158 4.308061 7.238218 0.126440
 0.000448 2.939887 4.307920 7.247807 0.171647
 0.000448 2.947381 4.307760 7.255141 0.210880
 0.000449 2.952103 4.307608 7.259711 0.237361
 0.000449 2.954191 4.307557 7.261749 0.249679
 0.000450 2.953911 4.307712 7.261623 0.248911
 0.000450 2.951360 4.307932 7.259292 0.234869
 0.000451 2.947137 4.308261 7.255398 0.212325
 0.000451 2.941932 4.308601 7.250533 0.185758
 0.000452 2.936413 4.308876 7.245289 0.159107
 0.000452 2.931212 4.309116 7.240328 0.135796
 0.000453 2.927068 4.309242 7.236310 0.118266
 0.000453 2.924485 4.309193 7.233678 0.107440
 0.000454 2.924057 4.308980 7.233037 0.104882
 0.000454 2.925429 4.308625 7.234054 0.108954
 0.000455 2.928547 4.308108 7.236654 0.119720
 0.000455 2.933382 4.307333 7.240715 0.137546
 0.000456 2.939874 4.306355 7.246229 0.163730
 0.000456 2.947457 4.305167 7.252624 0.196959
 0.000457 2.956182 4.303847 7.260029 0.239263
 0.000457 2.965724 4.302471 7.268195 0.290687
 0.000458 2.975696 4.300970 7.276666 0.349312
 0.000458 2.985148 4.299316 7.284464 0.408040
 0.000459 2.993367 4.297643 7.291010 0.460858
 0.000459 2.999866 4.295735 7.295602 0.499825
 0.000460 3.004310 4.293737 7.298046 0.521218
 0.000460 3.006438 4.291663 7.298101 0.521698
 0.000461 3.006019 4.289610 7.295629 0.500066
 0.000461 3.003304 4.287511 7.290815 0.459235
 0.000462 2.998733 4.285441 7.284174 0.405774
 0.000462 2.992529 4.283528 7.276057 0.344918
 0.000463 2.985132 4.281627 7.266758 0.281277
 0.000463 2.976984 4.279695 7.256679 0.219615
 0.000464 2.968394 4.277896 7.246290 0.164035
 0.000464 2.959925 4.276131 7.236056 0.117198
 0.000465 2.951797 4.274447 7.226245 0.079671
 0.000465 2.944742 4.272767 7.217509 0.052335
 0.000466 2.939228 4.271146 7.210374 0.034251
 0.000466 2.935383 4.269541 7.204924 0.023013
 0.000467 2.933143 4.268069 7.201212 0.016632
 0.000467 2.932228 4.266565 7.198793 0.013031
 0.000468 2.932732 4.264964 7.197695 0.011542
 0.000468 2.934527 4.263308 7.197835 0.011726
 0.000469 2.937197 4.261583 7.198780 0.013013
 0.000469 2.940082 4.259842 7.199924 0.014660
 0.000470 2.942730 4.258034 7.200764 0.015933
 0.000470 2.944731 4.256213 7.200944 0.016212
 0.000471 2.945551 4.254313 7.199865 0.014572
 0.000471 2.944703 4.252444 7.197147 0.010832
 0.000472 2.942307 4.250622 7.192930 0.006123
 0.000472 2.938094 4.248796 7.186890 0.001702
 0.000473 2.932300 4.246909 7.179209 0.000033
 0.000473 2.924939 4.244847 7.169786 0.004029
 0.000474 2.916051 4.242684 7.158735 0.017200
 0.000474 2.906082 4.240489 7.146570 0.042289
 0.000475 2.895691 4.238314 7.134005 0.079857
 0.000475 2.885869 4.236055 7.121924 0.127142
 0.000476 2.877036 4.233821 7.110857 0.180066
 0.000476 2.869242 4.231662 7.100904 0.235505
 0.000477 2.863075 4.229590 7.092665 0.287022
 0.000477 2.858762 4.227513 7.086275 0.330480
 0.000478 2.856573 4.225500 7.082073 0.360730
 0.000478 2.856530 4.223543 7.080073 0.375587
 0.000479 2.858401 4.221802 7.080203 0.374615
 0.000479 2.861675 4.220176 7.081851 0.362362
 0.000480 2.865720 4.218688 7.084408 0.343755
 0.000480 2.870491 4.217343 7.087833 0.319602
 0.000481 2.875592 4.216213 7.091805 0.292693
 0.000481 2.880607 4.215312 7.095920 0.266064
 0.000482 2.884873 4.214527 7.099399 0.244535
 0.000482 2.888008 4.214053 7.102062 0.228676
 0.000483 2.889432 4.213837 7.103268 0.221664
 0.000483 2.888472 4.213963 7.102434 0.226499
 0.000484 2.885120 4.214435 7.099555 0.243592
 0.000484 2.879721 4.215155 7.094875 0.272702
 0.000485 2.872872 4.216049 7.088921 0.312111
 0.000485 2.865077 4.217264 7.082341 0.358761
 0.000486 2.856942 4.218770 7.075713 0.409032
 0.000486 2.849027 4.220468 7.069495 0.459183
 0.000487 2.841836 4.222423 7.064259 0.503663
 0.000487 2.836014 4.224588 7.060603 0.535949
 0.000488 2.832401 4.226787 7.059188 0.548708
 0.000488 2.831414 4.229048 7.060461 0.537217
 0.000489 2.833101 4.231309 7.064410 0.502354
 0.000489 2.837722 4.233511 7.071233 0.444874
 0.000490 2.845358 4.235678 7.081037 0.368393
 0.000490 2.855151 4.237776 7.092927 0.285305
 0.000491 2.866519 4.239683 7.106202 0.205070
 0.000491 2.879277 4.241477 7.120755 0.132300
 0.000492 2.892535 4.243057 7.135592 0.074458
 0.000492 2.905599 4.244330 7.149929 0.034254
 0.000493 2.917835 4.245402 7.163237 0.010729
 0.000493 2.927863 4.246270 7.174133 0.001358
 0.000494 2.935420 4.246928 7.182348 0.000181
 0.000494 2.940281 4.247462 7.187743 0.002161
 0.000495 2.942796 4.247841 7.190637 0.004123
 0.000495 2.943073 4.248120 7.191194 0.004572
 0.000496 2.941616 4.248322 7.189938 0.003592
 0.000496 2.938798 4.248417 7.187215 0.001871
 0.000497 2.934856 4.248445 7.183302 0.000372
 0.000497 2.930224 4.248480 7.178704 0.000079
 0.000498 2.925317 4.248523 7.173840 0.001494
 0.000498 2.920952 4.248668 7.169621 0.004159
 0.000499 2.917960 4.248913 7.166874 0.006611
 0.000499 2.916407 4.249228 7.165636 0.007902
 0.000500 2.917061 4.249741 7.166802 0.006683
