#! FIELDS time dAB dAC rc bias
 0.000000 1.451464 2.633135 4.084599 15.493974
 0.000000 1.454041 2.619837 4.073878 14.902886
 0.000001 1.456594 2.603256 4.059850 14.146884
 0.000001 1.459040 2.583108 4.042148 13.220951
 0.000002 1.461460 2.560008 4.021468 12.178951
 0.000002 1.463905 2.534472 3.998377 11.065957
 0.000003 1.466318 2.506423 3.972741 9.892776
 0.000003 1.468559 2.476869 3.945428 8.715187
 0.000004 1.470744 2.445977 3.916721 7.557884
 0.000004 1.472805 2.414345 3.887150 6.451913
 0.000005 1.474856 2.382328 3.857184 5.420379
 0.000005 1.476843 2.350164 3.827007 4.472321
 0.000006 1.478568 2.318246 3.796813 3.614885
 0.000006 1.480160 2.287079 3.767239 2.863407
 0.000007 1.481570 2.257138 3.738708 2.221352
 0.000007 1.482874 2.228311 3.711184 1.679091
 0.000008 1.484140 2.201329 3.685469 1.240912
 0.000008 1.485288 2.176596 3.661883 0.897163
 0.000009 1.486368 2.154557 3.640925 0.638380
 0.000009 1.487388 2.135160 3.622548 0.447623
 0.000010 1.488406 2.118631 3.607036 0.312881
 0.000010 1.489608 2.104943 3.594551 0.221911
 0.000011 1.491127 2.094419 3.585546 0.165972
 0.000011 1.492938 2.087548 3.580485 0.138097
 0.000012 1.494876 2.084318 3.579194 0.131396
 0.000012 1.497000 2.084370 3.581370 0.142787
 0.000013 1.499341 2.088075 3.587416 0.176923
 0.000013 1.501907 2.095511 3.597418 0.241419
 0.000014 1.504616 2.106667 3.611284 0.347382
 0.000014 1.507439 2.120872 3.628310 0.503801
 0.000015 1.510298 2.138096 3.648394 0.725564
 0.000015 1.513313 2.157849 3.671163 1.025765
 0.000016 1.516489 2.179270 3.695759 1.408311
 0.000016 1.519787 2.201908 3.721695 1.877231
 0.000017 1.523159 2.224799 3.747958 2.420595
 0.000017 1.526373 2.247353 3.773726 3.020767
 0.000018 1.529356 2.269421 3.798778 3.667893
 0.000018 1.532316 2.290248 3.822564 4.340425
 0.000019 1.535257 2.309308 3.844565 5.012840
 0.000019 1.538138 2.325504 3.863642 5.635096
 0.000020 1.540773 2.338474 3.879247 6.171147
 0.000020 1.543079 2.348114 3.891194 6.597986
 0.000021 1.545002 2.354421 3.899423 6.900327
 0.000021 1.546542 2.357236 3.903778 7.063035
 0.000022 1.547870 2.356659 3.904530 7.091330
 0.000022 1.548971 2.352785 3.901756 6.987259
 0.000023 1.549884 2.345741 3.895625 6.759931
 0.000023 1.550616 2.335612 3.886228 6.418827
 0.000024 1.551155 2.322888 3.874043 5.989667
 0.000024 1.551452 2.308122 3.859574 5.499362
 0.000025 1.551685 2.291490 3.843175 4.968933
 0.000025 1.552009 2.273954 3.825963 4.441152
 0.000026 1.552256 2.256084 3.808340 3.931448
 0.000026 1.552394 2.238270 3.790664 3.451438
 0.000027 1.552443 2.220721 3.773165 3.006980
 0.000027 1.552355 2.204253 3.756608 2.614655
 0.000028 1.552053 2.189095 3.741148 2.273070
 0.000028 1.551639 2.176198 3.727837 1.998121
 0.000029 1.551123 2.165276 3.716399 1.776003
 0.000029 1.550507 2.156670 3.707178 1.606468
 0.000030 1.549785 2.151084 3.700869 1.495381
 0.000030 1.548939 2.148399 3.697338 1.434928
 0.000031 1.547922 2.148598 3.696520 1.421106
 0.000031 1.546916 2.151656 3.698572 1.455915
 0.000032 1.546004 2.157413 3.703417 1.539763
 0.000032 1.545054 2.165996 3.711050 1.676628
 0.000033 1.544033 2.177010 3.721044 1.864622
 0.000033 1.543039 2.190704 3.733743 2.117938
 0.000034 1.542014 2.206709 3.748723 2.437452
 0.000034 1.540972 2.224500 3.765473 2.821303
 0.000035 1.539895 2.244181 3.784077 3.280526
 0.000035 1.538640 2.265441 3.804080 3.812926
 0.000036 1.537037 2.287573 3.824610 4.400929
 0.000036 1.535114 2.310692 3.845806 5.052224
 0.000037 1.532864 2.334419 3.867283 5.757992
 0.000037 1.530412 2.358415 3.888827 6.512290
 0.000038 1.527769 2.382609 3.910377 7.313264
 0.000038 1.524746 2.406633 3.931379 8.138506
 0.000039 1.521235 2.429828 3.951063 8.952013
 0.000039 1.517367 2.452359 3.969726 9.759138
 0.000040 1.513277 2.473252 3.986529 10.515615
 0.000040 1.508798 2.492000 4.000798 11.180151
 0.000041 1.503899 2.508188 4.012087 11.720346
 0.000041 1.498532 2.521737 4.020269 12.119833
 0.000042 1.492918 2.532659 4.025577 12.382600
 0.000042 1.487031 2.540947 4.027978 12.502346
 0.000043 1.481010 2.545836 4.026846 12.445826
 0.000043 1.474986 2.547457 4.022443 12.227102
 0.000044 1.468788 2.545892 4.014680 11.846221
 0.000044 1.462442 2.541461 4.003903 11.327487
 0.000045 1.455971 2.534302 3.990273 10.688013
 0.000045 1.449427 2.524703 3.974130 9.954656
 0.000046 1.442999 2.512842 3.955841 9.155357
 0.000046 1.436842 2.498739 3.935581 8.308916
 0.000047 1.430835 2.482844 3.913679 7.440084
 0.000047 1.425030 2.465775 3.890804 6.583857
 0.000048 1.419506 2.447940 3.867446 5.763519
 0.000048 1.414215 2.430251 3.844466 5.009715
 0.000049 1.409292 2.412754 3.822045 4.325159
 0.000049 1.404892 2.395909 3.800801 3.722907
 0.000050 1.401097 2.380050 3.781147 3.205913
 0.000050 1.397917 2.365374 3.763291 2.769715
 0.000051 1.395404 2.352266 3.747670 2.414253
 0.000051 1.393686 2.340965 3.734651 2.136656
 0.000052 1.392946 2.331309 3.724255 1.927151
 0.000052 1.393225 2.323803 3.717028 1.787887
 0.000053 1.394495 2.318633 3.713128 1.714894
 0.000053 1.396899 2.315498 3.712397 1.701387
 0.000054 1.400203 2.314361 3.714565 1.741605
 0.000054 1.404362 2.314446 3.718808 1.821707
 0.000055 1.409199 2.316231 3.725431 1.950308
 0.000055 1.414648 2.319827 3.734474 2.133001
 0.000056 1.420723 2.324930 3.745653 2.370144
 0.000056 1.427226 2.331242 3.758468 2.657362
 0.000057 1.433963 2.338999 3.772963 3.002025
 0.000057 1.440953 2.347947 3.788900 3.405251
 0.000058 1.447841 2.357657 3.805498 3.852171
 0.000058 1.454449 2.368198 3.822647 4.342862
 0.000059 1.460668 2.379083 3.839751 4.861588
 0.000059 1.466370 2.390137 3.856507 5.398114
 0.000060 1.471722 2.401120 3.872842 5.948166
 0.000060 1.476594 2.411493 3.888088 6.485639
 0.000061 1.481068 2.421273 3.902340 7.009121
 0.000061 1.485182 2.430335 3.915517 7.511147
 0.000062 1.489034 2.437977 3.927011 7.963252
 0.000062 1.492676 2.443888 3.936564 8.349029
 0.000063 1.495987 2.448080 3.944066 8.658428
 0.000063 1.499050 2.450569 3.949619 8.891032
 0.000064 1.502008 2.451018 3.953026 9.035294
 0.000064 1.504822 2.449561 3.954383 9.093072
 0.000065 1.507338 2.445856 3.953193 9.042400
 0.000065 1.509573 2.440434 3.950007 8.907423
 0.000066 1.511541 2.433237 3.944778 8.688061
 0.000066 1.513208 2.423888 3.937096 8.370804
 0.000067 1.514722 2.413013 3.927735 7.992149
 0.000067 1.516066 2.401172 3.917238 7.577994
 0.000068 1.517110 2.388440 3.905550 7.129795
 0.000068 1.517908 2.374908 3.892815 6.657028
 0.000069 1.518478 2.360981 3.879459 6.178596
 0.000069 1.519002 2.346955 3.865957 5.713062
 0.000070 1.519436 2.332809 3.852245 5.258969
 0.000070 1.519805 2.318859 3.838663 4.827733
 0.000071 1.520208 2.305898 3.826106 4.445423
 0.000071 1.520874 2.293968 3.814842 4.115905
 0.000072 1.521806 2.283108 3.804915 3.835995
 0.000072 1.523077 2.273591 3.796668 3.610986
 0.000073 1.524630 2.264634 3.789264 3.414759
 0.000073 1.526431 2.256317 3.782747 3.246569
 0.000074 1.528520 2.249140 3.777660 3.118220
 0.000074 1.530973 2.242959 3.773932 3.025826
 0.000075 1.533564 2.238132 3.771696 2.971069
 0.000075 1.536394 2.234662 3.771056 2.955481
 0.000076 1.539527 2.232546 3.772072 2.980250
 0.000076 1.542910 2.231686 3.774595 3.042164
 0.000077 1.546351 2.232026 3.778377 3.136158
 0.000077 1.549847 2.233389 3.783236 3.259025
 0.000078 1.553259 2.235694 3.788953 3.406630
 0.000078 1.556639 2.238763 3.795402 3.577033
 0.000079 1.559897 2.242415 3.802312 3.764238
 0.000079 1.562965 2.246414 3.809379 3.960647
 0.000080 1.565715 2.250561 3.816276 4.157153
 0.000080 1.568286 2.254344 3.822629 4.342351
 0.000081 1.570577 2.257509 3.828086 4.504640
 0.000081 1.572532 2.259569 3.832101 4.625971
 0.000082 1.574066 2.260620 3.834686 4.704929
 0.000082 1.575317 2.260418 3.835735 4.737159
 0.000083 1.576304 2.258436 3.834740 4.706596
 0.000083 1.577000 2.254595 3.831595 4.610584
 0.000084 1.577366 2.248833 3.826199 4.448187
 0.000084 1.577367 2.241723 3.819090 4.238682
 0.000085 1.576931 2.232872 3.809804 3.972605
 0.000085 1.576208 2.222689 3.798897 3.671141
 0.000086 1.575383 2.211432 3.786815 3.351051
 0.000086 1.574217 2.199161 3.773378 3.012210
 0.000087 1.572813 2.185900 3.758714 2.663034
 0.000087 1.571134 2.172110 3.743244 2.317991
 0.000088 1.569092 2.158173 3.727265 1.986708
 0.000088 1.566639 2.143733 3.710372 1.664232
 0.000089 1.563844 2.129249 3.693093 1.363931
 0.000089 1.560724 2.115539 3.676263 1.100126
 0.000090 1.557320 2.103350 3.660670 0.880984
 0.000090 1.553539 2.093005 3.646544 0.703455
 0.000091 1.549533 2.084315 3.633848 0.560916
 0.000091 1.545415 2.077575 3.622990 0.451806
 0.000092 1.541398 2.073130 3.614528 0.374953
 0.000092 1.537448 2.070833 3.608281 0.322804
 0.000093 1.533553 2.071819 3.605371 0.299851
 0.000093 1.529838 2.075807 3.605645 0.301974
 0.000094 1.526333 2.082513 3.608846 0.327361
 0.000094 1.522982 2.091940 3.614922 0.378374
 0.000095 1.519767 2.103493 3.623260 0.454380
 0.000095 1.516678 2.117201 3.633879 0.561250
 0.000096 1.513849 2.132773 3.646622 0.704379
 0.000096 1.511176 2.150129 3.661304 0.889422
 0.000097 1.508730 2.169087 3.677818 1.123300
 0.000097 1.506419 2.189565 3.695984 1.412083
 0.000098 1.504368 2.210913 3.715280 1.754987
 0.000098 1.502407 2.232689 3.735096 2.145859
 0.000099 1.500461 2.254757 3.755218 2.582979
 0.000099 1.498471 2.276597 3.775069 3.053851
 0.000100 1.496558 2.297590 3.794148 3.543567
 0.000100 1.494878 2.317816 3.812695 4.054516
 0.000101 1.493420 2.337096 3.830516 4.577891
 0.000101 1.492177 2.355311 3.847488 5.105817
 0.000102 1.491069 2.371999 3.863067 5.615810
 0.000102 1.490179 2.387044 3.877223 6.100254
 0.000103 1.489491 2.400318 3.889809 6.547798
 0.000103 1.488901 2.411952 3.900853 6.953528
 0.000104 1.488426 2.421469 3.909895 7.294818
 0.000104 1.488016 2.429171 3.917187 7.576021
 0.000105 1.487710 2.434866 3.922576 7.787238
 0.000105 1.487700 2.437690 3.925390 7.898696
 0.000106 1.487823 2.438078 3.925901 7.919010
 0.000106 1.487993 2.436087 3.924080 7.846687
 0.000107 1.488145 2.432160 3.920305 7.697873
 0.000107 1.488347 2.426324 3.914672 7.478413
 0.000108 1.488445 2.419034 3.907479 7.202842
 0.000108 1.488479 2.410473 3.898952 6.882819
 0.000109 1.488372 2.400741 3.889113 6.522629
 0.000109 1.487989 2.390592 3.878581 6.147754
 0.000110 1.487387 2.379870 3.867257 5.757091
 0.000110 1.486479 2.368521 3.855000 5.348692
 0.000111 1.485353 2.356933 3.842287 4.940975
 0.000111 1.484178 2.345630 3.829809 4.556503
 0.000112 1.482906 2.334591 3.817496 4.192406
 0.000112 1.481387 2.323918 3.805305 3.846827
 0.000113 1.479658 2.313859 3.793517 3.526798
 0.000113 1.477868 2.305023 3.782891 3.250241
 0.000114 1.475811 2.297766 3.773577 3.017105
 0.000114 1.473579 2.291950 3.765530 2.822657
 0.000115 1.471255 2.287699 3.758954 2.668575
 0.000115 1.468854 2.284859 3.753713 2.548879
 0.000116 1.466417 2.283697 3.750114 2.468273
 0.000116 1.463856 2.284358 3.748214 2.426237
 0.000117 1.461363 2.286814 3.748177 2.425416
 0.000117 1.458762 2.291507 3.750268 2.471696
 0.000118 1.456067 2.298186 3.754253 2.561088
 0.000118 1.453393 2.306949 3.760342 2.700744
 0.000119 1.450894 2.317931 3.768825 2.901500
 0.000119 1.448421 2.331027 3.779448 3.163046
 0.000120 1.446049 2.345815 3.791864 3.483041
 0.000120 1.443756 2.361743 3.805498 3.852183
 0.000121 1.441486 2.378719 3.820204 4.271185
 0.000121 1.439163 2.396096 3.835259 4.722521
 0.000122 1.437057 2.413152 3.850209 5.193163
 0.000122 1.435134 2.429731 3.864865 5.676215
 0.000123 1.433302 2.445450 3.878752 6.153770
 0.000123 1.431628 2.459953 3.891581 6.612059
 0.000124 1.430167 2.472575 3.902742 7.024162
 0.000124 1.428990 2.482655 3.911645 7.361839
 0.000125 1.428084 2.489938 3.918023 7.608582
 0.000125 1.427366 2.493949 3.921315 7.737547
 0.000126 1.426678 2.494138 3.920816 7.717940
 0.000126 1.426196 2.490401 3.916598 7.553088
 0.000127 1.426024 2.482897 3.908921 7.257674
 0.000127 1.426129 2.471535 3.897664 6.835111
 0.000128 1.426524 2.456478 3.883002 6.303777
 0.000128 1.427158 2.438335 3.865493 5.697408
 0.000129 1.428069 2.417289 3.845358 5.038000
 0.000129 1.429328 2.393886 3.823214 4.359591
 0.000130 1.430875 2.368658 3.799533 3.688370
 0.000130 1.432821 2.342731 3.775552 3.065796
 0.000131 1.435206 2.316715 3.751922 2.508587
 0.000131 1.437896 2.290550 3.728445 2.010302
 0.000132 1.440791 2.265192 3.705983 1.585118
 0.000132 1.444069 2.240660 3.684729 1.229278
 0.000133 1.447838 2.217256 3.665094 0.940682
 0.000133 1.452066 2.195616 3.647682 0.717012
 0.000134 1.456718 2.176367 3.633086 0.552874
 0.000134 1.461785 2.159412 3.621198 0.434933
 0.000135 1.467141 2.144801 3.611942 0.352895
 0.000135 1.472891 2.132736 3.605627 0.301834
 0.000136 1.479031 2.123349 3.602380 0.277131
 0.000136 1.485309 2.116658 3.601967 0.274065
 0.000137 1.491845 2.112672 3.604517 0.293270
 0.000137 1.498580 2.111049 3.609628 0.333722
 0.000138 1.505390 2.111566 3.616956 0.396271
 0.000138 1.512274 2.114041 3.626315 0.483965
 0.000139 1.519169 2.118683 3.637852 0.604128
 0.000139 1.526036 2.126114 3.652150 0.771518
 0.000140 1.532764 2.135564 3.668328 0.985565
 0.000140 1.539330 2.147029 3.686359 1.254975
 0.000141 1.545703 2.160917 3.706621 1.596497
 0.000141 1.551998 2.176725 3.728723 2.015867
 0.000142 1.558137 2.193967 3.752103 2.512661
 0.000142 1.564107 2.212260 3.776367 3.086025
 0.000143 1.569693 2.231231 3.800924 3.726259
 0.000143 1.574931 2.250641 3.825572 4.429514
 0.000144 1.579932 2.270035 3.849967 5.185368
 0.000144 1.584543 2.288848 3.873392 5.967158
 0.000145 1.588738 2.306908 3.895646 6.760730
 0.000145 1.592589 2.324019 3.916608 7.553503
 0.000146 1.596049 2.339957 3.936006 8.326275
 0.000146 1.599037 2.353834 3.952870 9.028664
 0.000147 1.601562 2.365600 3.967161 9.646164
 0.000147 1.603575 2.375324 3.978898 10.168575
 0.000148 1.605093 2.382561 3.987654 10.567255
 0.000148 1.606141 2.387185 3.993326 10.829620
 0.000149 1.606664 2.388592 3.995256 10.919646
 0.000149 1.606738 2.386751 3.993489 10.837206
 0.000150 1.606340 2.382377 3.988718 10.616219
 0.000150 1.605387 2.375812 3.981200 10.272622
 0.000151 1.603924 2.366875 3.970799 9.806584
 0.000151 1.601951 2.355835 3.957786 9.238777
 0.000152 1.599509 2.342885 3.942394 8.588992
 0.000152 1.596576 2.328495 3.925072 7.886031
 0.000153 1.593460 2.312955 3.906415 7.162517
 0.000153 1.590027 2.296145 3.886171 6.416802
 0.000154 1.586563 2.278860 3.865423 5.695051
 0.000154 1.583027 2.261756 3.844783 5.019752
 0.000155 1.579526 2.244959 3.824486 4.397233
 0.000155 1.576141 2.228876 3.805017 3.838837
 0.000156 1.572743 2.213910 3.786653 3.346862
 0.000156 1.569472 2.200371 3.769843 2.926072
 0.000157 1.566273 2.188803 3.755076 2.579742
 0.000157 1.563046 2.179442 3.742488 2.301738
 0.000158 1.559732 2.172451 3.732183 2.085947
 0.000158 1.556301 2.167522 3.723823 1.918683
 0.000159 1.552802 2.165323 3.718126 1.808698
 0.000159 1.549275 2.165927 3.715202 1.753520
 0.000160 1.545709 2.169031 3.714740 1.744875
 0.000160 1.542173 2.174200 3.716373 1.775524
 0.000161 1.538599 2.181612 3.720210 1.848565
 0.000161 1.534961 2.190905 3.725866 1.958904
 0.000162 1.531266 2.201757 3.733023 2.103137
 0.000162 1.527467 2.214235 3.741702 2.284911
 0.000163 1.523668 2.227743 3.751411 2.497169
 0.000163 1.519819 2.241927 3.761746 2.733475
 0.000164 1.515881 2.256436 3.772317 2.986222
 0.000164 1.512017 2.270907 3.782924 3.251078
 0.000165 1.508144 2.285229 3.793373 3.522977
 0.000165 1.504320 2.299772 3.804092 3.813246
 0.000166 1.500454 2.313679 3.814132 4.095559
 0.000166 1.496495 2.326582 3.823077 4.355546
 0.000167 1.492515 2.338232 3.830747 4.584867
 0.000167 1.488540 2.349053 3.837593 4.794521
 0.000168 1.484662 2.358696 3.843358 4.974713
 0.000168 1.480720 2.366682 3.847402 5.103078
 0.000169 1.476703 2.373118 3.849822 5.180682
 0.000169 1.472784 2.377831 3.850616 5.206272
 0.000170 1.469001 2.380596 3.849597 5.173435
 0.000170 1.465239 2.381740 3.846980 5.089599
 0.000171 1.461692 2.381215 3.842907 4.960489
 0.000171 1.458424 2.378920 3.837345 4.786841
 0.000172 1.455460 2.375440 3.830900 4.589519
 0.000172 1.452752 2.370859 3.823610 4.371306
 0.000173 1.450571 2.364865 3.815435 4.132934
 0.000173 1.448913 2.357600 3.806512 3.880380
 0.000174 1.447828 2.349976 3.797804 3.641564
 0.000174 1.447380 2.341880 3.789260 3.414635
 0.000175 1.447521 2.333669 3.781190 3.207002
 0.000175 1.448308 2.325224 3.773532 3.015990
 0.000176 1.449663 2.316374 3.766037 2.834714
 0.000176 1.451574 2.307375 3.758950 2.668478
 0.000177 1.454080 2.298827 3.752907 2.530714
 0.000177 1.457312 2.291068 3.748381 2.429904
 0.000178 1.461120 2.283677 3.744798 2.351558
 0.000178 1.465610 2.277137 3.742747 2.307297
 0.000179 1.470492 2.271508 3.741999 2.291263
 0.000179 1.475677 2.266931 3.742608 2.304318
 0.000180 1.481143 2.263699 3.744842 2.352510
 0.000180 1.486748 2.261970 3.748718 2.437345
 0.000181 1.492501 2.261627 3.754128 2.558264
 0.000181 1.498472 2.262700 3.761172 2.720068
 0.000182 1.504569 2.265021 3.769590 2.919954
 0.000182 1.510745 2.268974 3.779719 3.169851
 0.000183 1.517161 2.274089 3.791251 3.466861
 0.000183 1.523697 2.280318 3.804015 3.811115
 0.000184 1.530316 2.287237 3.817553 4.194045
 0.000184 1.537069 2.294546 3.831615 4.611197
 0.000185 1.543735 2.302047 3.845783 5.051482
 0.000185 1.550226 2.309861 3.860087 5.516394
 0.000186 1.556498 2.317756 3.874254 5.996978
 0.000186 1.562541 2.325363 3.887904 6.479034
 0.000187 1.568270 2.332513 3.900782 6.950900
 0.000187 1.573613 2.339097 3.912710 7.402743
 0.000188 1.578677 2.344934 3.923611 7.828133
 0.000188 1.583323 2.349816 3.933139 8.209671
 0.000189 1.587632 2.353660 3.941291 8.543334
 0.000189 1.591347 2.356426 3.947773 8.813369
 0.000190 1.594405 2.358416 3.952821 9.026571
 0.000190 1.596685 2.359232 3.955917 9.158590
 0.000191 1.598279 2.359024 3.957303 9.218022
 0.000191 1.599280 2.357606 3.956886 9.200098
 0.000192 1.599637 2.354843 3.954480 9.097194
 0.000192 1.599288 2.351284 3.950571 8.931245
 0.000193 1.598297 2.346896 3.945193 8.705377
 0.000193 1.596572 2.341618 3.938190 8.415641
 0.000194 1.594219 2.335979 3.930199 8.090957
 0.000194 1.591383 2.330228 3.921611 7.749212
 0.000195 1.588001 2.324027 3.912027 7.376497
 0.000195 1.584050 2.317098 3.901148 6.964540
 0.000196 1.579633 2.309525 3.889159 6.524272
 0.000196 1.574758 2.301882 3.876639 6.079869
 0.000197 1.569551 2.294066 3.863617 5.634252
 0.000197 1.563956 2.286812 3.850768 5.211196
 0.000198 1.557936 2.280289 3.838225 4.814111
 0.000198 1.551599 2.274328 3.825927 4.440079
 0.000199 1.544911 2.269008 3.813918 4.089438
 0.000199 1.537891 2.264327 3.802218 3.761669
 0.000200 1.530594 2.260563 3.791157 3.464399
 0.000200 1.523138 2.258192 3.781329 3.210539
 0.000201 1.515532 2.257023 3.772555 2.992048
 0.000201 1.507811 2.257303 3.765114 2.812788
 0.000202 1.500127 2.259399 3.759526 2.681812
 0.000202 1.492521 2.263008 3.755528 2.590029
 0.000203 1.485044 2.268014 3.753058 2.534103
 0.000203 1.477717 2.274640 3.752357 2.518350
 0.000204 1.470652 2.282687 3.753340 2.540457
 0.000204 1.463951 2.292227 3.756179 2.604847
 0.000205 1.457535 2.302713 3.760248 2.698550
 0.000205 1.451631 2.314012 3.765643 2.825350
 0.000206 1.446449 2.326234 3.772684 2.995200
 0.000206 1.442148 2.338915 3.781063 3.203791
 0.000207 1.438563 2.352165 3.790729 3.453131
 0.000207 1.435572 2.365291 3.800864 3.724611
 0.000208 1.433386 2.378290 3.811676 4.025562
 0.000208 1.432025 2.390510 3.822535 4.339587
 0.000209 1.431351 2.401502 3.832853 4.648873
 0.000209 1.431410 2.411299 3.842708 4.954242
 0.000210 1.432215 2.419795 3.852009 5.251342
 0.000210 1.433686 2.426689 3.860374 5.525921
 0.000211 1.435757 2.431439 3.867196 5.755026
 0.000211 1.438353 2.433656 3.872009 5.919480
 0.000212 1.441423 2.433937 3.875360 6.035350
 0.000212 1.444818 2.432728 3.877546 6.111520
 0.000213 1.448363 2.430131 3.878494 6.144706
 0.000213 1.452165 2.426236 3.878402 6.141483
 0.000214 1.456251 2.421091 3.877342 6.104398
 0.000214 1.460320 2.414481 3.874801 6.015927
 0.000215 1.464568 2.406722 3.871290 5.894778
 0.000215 1.468982 2.397978 3.866960 5.747024
 0.000216 1.473509 2.388243 3.861752 5.571819
 0.000216 1.478131 2.377249 3.855380 5.361142
 0.000217 1.482712 2.365089 3.847800 5.115822
 0.000217 1.487159 2.352045 3.839204 4.844532
 0.000218 1.491564 2.338416 3.829980 4.561674
 0.000218 1.495942 2.324806 3.820748 4.287089
 0.000219 1.500306 2.311106 3.811412 4.018066
 0.000219 1.504526 2.297186 3.801712 3.747812
 0.000220 1.508662 2.283704 3.792366 3.496293
 0.000220 1.512571 2.271026 3.783597 3.268253
 0.000221 1.516166 2.259484 3.775650 3.068241
 0.000221 1.519547 2.249166 3.768714 2.898813
 0.000222 1.522615 2.240080 3.762695 2.755702
 0.000222 1.525406 2.232632 3.758039 2.647479
 0.000223 1.527964 2.226998 3.754962 2.577164
 0.000223 1.530418 2.223618 3.754037 2.556187
 0.000224 1.532788 2.222601 3.755388 2.586835
 0.000224 1.535198 2.224319 3.759517 2.681599
 0.000225 1.537584 2.228515 3.766099 2.836199
 0.000225 1.539985 2.234943 3.774928 3.050377
 0.000226 1.542438 2.243391 3.785829 3.325560
 0.000226 1.544766 2.253843 3.798610 3.663342
 0.000227 1.546981 2.266045 3.813026 4.063953
 0.000227 1.549005 2.279251 3.828256 4.509742
 0.000228 1.550790 2.293136 3.843926 4.992651
 0.000228 1.552452 2.307566 3.860018 5.514073
 0.000229 1.553980 2.322189 3.876169 6.063491
 0.000229 1.555122 2.336509 3.891631 6.613891
 0.000230 1.555945 2.349942 3.905887 7.142551
 0.000230 1.556458 2.361874 3.918332 7.620646
 0.000231 1.556585 2.372304 3.928889 8.038376
 0.000231 1.556340 2.380866 3.937207 8.375323
 0.000232 1.555747 2.387651 3.943398 8.630652
 0.000232 1.554848 2.392285 3.947133 8.786510
 0.000233 1.553623 2.394590 3.948214 8.831872
 0.000233 1.552189 2.394724 3.946913 8.777297
 0.000234 1.550436 2.392501 3.942937 8.611492
 0.000234 1.548311 2.388181 3.936492 8.346120
 0.000235 1.545952 2.382388 3.928340 8.016361
 0.000235 1.543412 2.375146 3.918558 7.629482
 0.000236 1.540552 2.366564 3.907116 7.189067
 0.000236 1.537534 2.356889 3.894423 6.715810
 0.000237 1.534310 2.346546 3.880856 6.227800
 0.000237 1.530878 2.335776 3.866655 5.736681
 0.000238 1.527415 2.324653 3.852067 5.253219
 0.000238 1.523837 2.313074 3.836912 4.773451
 0.000239 1.520174 2.301271 3.821445 4.307534
 0.000239 1.516518 2.289727 3.806245 3.872937
 0.000240 1.512742 2.278586 3.791329 3.468911
 0.000240 1.508754 2.267425 3.776179 3.081362
 0.000241 1.504689 2.256459 3.761148 2.719510
 0.000241 1.500541 2.246418 3.746960 2.398674
 0.000242 1.496498 2.237198 3.733696 2.116961
 0.000242 1.492604 2.229299 3.721904 1.881273
 0.000243 1.488946 2.222678 3.711624 1.687159
 0.000243 1.485578 2.217589 3.703167 1.535387
 0.000244 1.482665 2.214196 3.696861 1.426864
 0.000244 1.480126 2.212760 3.692886 1.360500
 0.000245 1.477931 2.213190 3.691120 1.331539
 0.000245 1.476120 2.215537 3.691657 1.340314
 0.000246 1.474769 2.219426 3.694195 1.382181
 0.000246 1.473914 2.225050 3.698965 1.462624
 0.000247 1.473539 2.232141 3.705679 1.579720
 0.000247 1.473612 2.240691 3.714303 1.736730
 0.000248 1.474263 2.250298 3.724560 1.933156
 0.000248 1.475304 2.260843 3.736147 2.167688
 0.000249 1.476691 2.272096 3.748786 2.438851
 0.000249 1.478470 2.283973 3.762444 2.749808
 0.000250 1.480515 2.296368 3.776883 3.098864
 0.000250 1.482888 2.308809 3.791697 3.478614
 0.000251 1.485485 2.321093 3.806578 3.882205
 0.000251 1.488159 2.332787 3.820946 4.292875
 0.000252 1.490946 2.343818 3.834764 4.707311
 0.000252 1.493826 2.354052 3.847878 5.118317
 0.000253 1.496718 2.362830 3.859548 5.498490
 0.000253 1.499440 2.369742 3.869182 5.822617
 0.000254 1.502098 2.374741 3.876839 6.086855
 0.000254 1.504687 2.377825 3.882512 6.286394
 0.000255 1.507242 2.379318 3.886560 6.430740
 0.000255 1.509725 2.379561 3.889286 6.528862
 0.000256 1.512045 2.378554 3.890599 6.576418
 0.000256 1.514240 2.376165 3.890405 6.569352
 0.000257 1.516272 2.372540 3.888812 6.511763
 0.000257 1.518043 2.367854 3.885897 6.406989
 0.000258 1.519660 2.361688 3.881349 6.245211
 0.000258 1.521209 2.354510 3.875719 6.047838
 0.000259 1.522489 2.346499 3.868988 5.815976
 0.000259 1.523483 2.337544 3.861027 5.547651
 0.000260 1.523947 2.327857 3.851805 5.244706
 0.000260 1.524147 2.318019 3.842167 4.937199
 0.000261 1.523929 2.308550 3.832478 4.637450
 0.000261 1.523295 2.299674 3.822969 4.352379
 0.000262 1.522394 2.291187 3.813580 4.079777
 0.000262 1.521252 2.283141 3.804393 3.821566
 0.000263 1.519773 2.276113 3.795885 3.589974
 0.000263 1.517926 2.270621 3.788547 3.396042
 0.000264 1.515819 2.266555 3.782374 3.237072
 0.000264 1.513227 2.264312 3.777539 3.115211
 0.000265 1.510179 2.264029 3.774208 3.032615
 0.000265 1.506726 2.265238 3.771964 2.977602
 0.000266 1.502951 2.268405 3.771357 2.962801
 0.000266 1.499005 2.273546 3.772551 2.991944
 0.000267 1.494962 2.280466 3.775427 3.062723
 0.000267 1.490857 2.289035 3.779892 3.174208
 0.000268 1.486636 2.298766 3.785402 3.314569
 0.000268 1.482531 2.309880 3.792412 3.497497
 0.000269 1.478556 2.322616 3.801171 3.733016
 0.000269 1.474604 2.336677 3.811281 4.014351
 0.000270 1.470844 2.351753 3.822597 4.341404
 0.000270 1.467345 2.367513 3.834858 4.710203
 0.000271 1.464148 2.383618 3.847765 5.114698
 0.000271 1.461068 2.399426 3.860494 5.529906
 0.000272 1.458250 2.414790 3.873040 5.955019
 0.000272 1.455666 2.429647 3.885313 6.386084
 0.000273 1.453124 2.443585 3.896709 6.799845
 0.000273 1.450839 2.455975 3.906815 7.177640
 0.000274 1.448793 2.466922 3.915716 7.518841
 0.000274 1.447003 2.476123 3.923125 7.808928
 0.000275 1.445496 2.483477 3.928973 8.041736
 0.000275 1.444173 2.489367 3.933540 8.225949
 0.000276 1.443185 2.493335 3.936519 8.347214
 0.000276 1.442452 2.495688 3.938140 8.413566
 0.000277 1.442077 2.496156 3.938232 8.417359
 0.000277 1.442099 2.494798 3.936896 8.362625
 0.000278 1.442340 2.491960 3.934300 8.256772
 0.000278 1.442806 2.487376 3.930183 8.090323
 0.000279 1.443595 2.481424 3.925019 7.883943
 0.000279 1.444406 2.474367 3.918773 7.637867
 0.000280 1.445334 2.466633 3.911967 7.374200
 0.000280 1.446380 2.458030 3.904410 7.086832
 0.000281 1.447439 2.448404 3.895844 6.767986
 0.000281 1.448527 2.437986 3.886514 6.429076
 0.000282 1.449636 2.426399 3.876035 6.058821
 0.000282 1.450723 2.413871 3.864594 5.667083
 0.000283 1.451761 2.400769 3.852530 5.268213
 0.000283 1.452856 2.387197 3.840052 4.870982
 0.000284 1.454087 2.372998 3.827085 4.474649
 0.000284 1.455350 2.358483 3.813833 4.086996
 0.000285 1.456703 2.343862 3.800565 3.716453
 0.000285 1.458228 2.329194 3.787422 3.366773
 0.000286 1.459904 2.314752 3.774656 3.043652
 0.000286 1.461654 2.300441 3.762095 2.741646
 0.000287 1.463469 2.286988 3.750456 2.475877
 0.000287 1.465361 2.275043 3.740404 2.257244
 0.000288 1.467341 2.264533 3.731874 2.079628
 0.000288 1.469466 2.255688 3.725153 1.944830
 0.000289 1.471676 2.248606 3.720282 1.849949
 0.000289 1.473958 2.243491 3.717448 1.795842
 0.000290 1.476330 2.240582 3.716913 1.785705
 0.000290 1.478866 2.239833 3.718699 1.819627
 0.000291 1.481425 2.240774 3.722199 1.886999
 0.000291 1.483951 2.243717 3.727668 1.994743
 0.000292 1.486383 2.248443 3.734826 2.140268
 0.000292 1.488647 2.254369 3.743016 2.313084
 0.000293 1.490791 2.261741 3.752532 2.522270
 0.000293 1.492705 2.270089 3.762794 2.758037
 0.000294 1.494358 2.279043 3.773401 3.012769
 0.000294 1.495942 2.288177 3.784118 3.281595
 0.000295 1.497468 2.297220 3.794688 3.557971
 0.000295 1.498913 2.305705 3.804618 3.827798
 0.000296 1.500096 2.313706 3.813802 4.086102
 0.000296 1.501153 2.321434 3.822587 4.341101
 0.000297 1.502134 2.328654 3.830789 4.586133
 0.000297 1.503017 2.335067 3.838084 4.809757
 0.000298 1.503800 2.340724 3.844525 5.011575
 0.000298 1.504637 2.345827 3.850464 5.201367
 0.000299 1.505446 2.350207 3.855653 5.370082
 0.000299 1.506310 2.354232 3.860542 5.531505
 0.000300 1.507233 2.357995 3.865228 5.688477
 0.000300 1.508157 2.361276 3.869434 5.831203
 0.000301 1.509119 2.363846 3.872965 5.952413
 0.000301 1.510157 2.365355 3.875512 6.040610
 0.000302 1.511234 2.365923 3.877157 6.097928
 0.000302 1.512321 2.365842 3.878163 6.133130
 0.000303 1.513252 2.365406 3.878658 6.150460
 0.000303 1.514065 2.364396 3.878461 6.143565
 0.000304 1.514850 2.362677 3.877527 6.110859
 0.000304 1.515463 2.360032 3.875495 6.040038
 0.000305 1.516029 2.356434 3.872463 5.935102
 0.000305 1.516494 2.352088 3.868582 5.802142
 0.000306 1.516891 2.347498 3.864389 5.660199
 0.000306 1.517371 2.342798 3.860169 5.519111
 0.000307 1.518000 2.338198 3.856198 5.387944
 0.000307 1.518592 2.333920 3.852512 5.267645
 0.000308 1.519376 2.329908 3.849284 5.163401
 0.000308 1.520309 2.326503 3.846812 5.084269
 0.000309 1.521341 2.323806 3.845147 5.031310
 0.000309 1.522504 2.321974 3.844479 5.010128
 0.000310 1.523672 2.321182 3.844854 5.022003
 0.000310 1.524802 2.321467 3.846269 5.066964
 0.000311 1.526021 2.322784 3.848805 5.147992
 0.000311 1.527027 2.325431 3.852458 5.265902
 0.000312 1.527737 2.329286 3.857022 5.415058
 0.000312 1.528130 2.334174 3.862304 5.590259
 0.000313 1.528230 2.340077 3.868306 5.792757
 0.000313 1.528109 2.346527 3.874636 6.010217
 0.000314 1.527744 2.353003 3.880747 6.223955
 0.000314 1.527066 2.359117 3.886184 6.417245
 0.000315 1.526061 2.364689 3.890751 6.581900
 0.000315 1.524816 2.369877 3.894694 6.725752
 0.000316 1.523417 2.373982 3.897399 6.825321
 0.000316 1.521770 2.377145 3.898916 6.881476
 0.000317 1.519938 2.379126 3.899064 6.886983
 0.000317 1.517924 2.379671 3.897594 6.832551
 0.000318 1.515763 2.379094 3.894857 6.731720
 0.000318 1.513447 2.377287 3.890734 6.581291
 0.000319 1.510972 2.374370 3.885342 6.387146
 0.000319 1.508427 2.370586 3.879013 6.162941
 0.000320 1.505801 2.366048 3.871849 5.913974
 0.000320 1.503036 2.361143 3.864179 5.653141
 0.000321 1.500128 2.355668 3.855796 5.374757
 0.000321 1.497131 2.349448 3.846579 5.076816
 0.000322 1.493822 2.342282 3.836105 4.748546
 0.000322 1.490286 2.334580 3.824866 4.408522
 0.000323 1.486400 2.326626 3.813025 4.063937
 0.000323 1.482227 2.318524 3.800751 3.721530
 0.000324 1.477796 2.310327 3.788123 3.385003
 0.000324 1.473143 2.302141 3.775283 3.059160
 0.000325 1.468351 2.294527 3.762877 2.759992
 0.000325 1.463400 2.287461 3.750861 2.484895
 0.000326 1.458281 2.280702 3.738982 2.227130
 0.000326 1.453292 2.274607 3.727899 1.999351
 0.000327 1.448417 2.269610 3.718026 1.806813
 0.000327 1.443772 2.265532 3.709304 1.644808
 0.000328 1.439415 2.262609 3.702024 1.515419
 0.000328 1.435434 2.261278 3.696712 1.424350
 0.000329 1.431689 2.261633 3.693322 1.367711
 0.000329 1.428302 2.263629 3.691931 1.344797
 0.000330 1.425358 2.267625 3.692983 1.362112
 0.000330 1.423022 2.273830 3.696852 1.426710
 0.000331 1.421260 2.281948 3.703208 1.536103
 0.000331 1.420069 2.292079 3.712148 1.696789
 0.000332 1.419531 2.304154 3.723685 1.915987
 0.000332 1.419682 2.317726 3.737408 2.194025
 0.000333 1.420538 2.332667 3.753205 2.537417
 0.000333 1.422048 2.348911 3.770959 2.953122
 0.000334 1.424271 2.365695 3.789966 3.433109
 0.000334 1.426993 2.382542 3.809536 3.965060
 0.000335 1.430229 2.399464 3.829693 4.553016
 0.000335 1.433771 2.415176 3.848948 5.152591
 0.000336 1.437778 2.429914 3.867692 5.771874
 0.000336 1.442034 2.443255 3.885289 6.385235
 0.000337 1.446694 2.455156 3.901851 6.990793
 0.000337 1.451618 2.465281 3.916899 7.564821
 0.000338 1.456680 2.473764 3.930444 8.100840
 0.000338 1.461808 2.480518 3.942326 8.586162
 0.000339 1.466890 2.485711 3.952601 9.017235
 0.000339 1.472030 2.488876 3.960906 9.373386
 0.000340 1.477320 2.490178 3.967498 9.660977
 0.000340 1.482773 2.489820 3.972593 9.886234
 0.000341 1.488234 2.487900 3.976134 10.044293
 0.000341 1.493514 2.484217 3.977731 10.116007
 0.000342 1.498558 2.478685 3.977243 10.094060
 0.000342 1.503358 2.471404 3.974763 9.982927
 0.000343 1.507762 2.462675 3.970437 9.790598
 0.000343 1.511818 2.452735 3.964553 9.531920
 0.000344 1.515490 2.441915 3.957405 9.222404
 0.000344 1.518879 2.430901 3.949779 8.897797
 0.000345 1.521936 2.419414 3.941350 8.545747
 0.000345 1.524535 2.407233 3.931768 8.154215
 0.000346 1.526640 2.394903 3.921543 7.746534
 0.000346 1.528373 2.382299 3.910672 7.324522
 0.000347 1.529731 2.369642 3.899373 6.898457
 0.000347 1.530774 2.357244 3.888018 6.483121
 0.000348 1.531410 2.345199 3.876609 6.078820
 0.000348 1.531785 2.333533 3.865318 5.691486
 0.000349 1.531925 2.322708 3.854633 5.336696
 0.000349 1.531665 2.312695 3.844360 5.006364
 0.000350 1.531221 2.303781 3.835002 4.714636
 0.000350 1.530454 2.295935 3.826389 4.453861
 0.000351 1.529426 2.289262 3.818688 4.226991
 0.000351 1.528175 2.283928 3.812103 4.037685
 0.000352 1.526711 2.280152 3.806863 3.890153
 0.000352 1.525148 2.278046 3.803194 3.788486
 0.000353 1.523420 2.277665 3.801085 3.730661
 0.000353 1.521446 2.278295 3.799742 3.694051
 0.000354 1.519488 2.280071 3.799560 3.689103
 0.000354 1.517495 2.282939 3.800434 3.712895
 0.000355 1.515389 2.286856 3.802245 3.762395
 0.000355 1.513202 2.291901 3.805103 3.841219
 0.000356 1.510781 2.297543 3.808324 3.931016
 0.000356 1.508113 2.304042 3.812155 4.039169
 0.000357 1.505168 2.311333 3.816500 4.163616
 0.000357 1.501979 2.318685 3.820664 4.284629
 0.000358 1.498637 2.325603 3.824240 4.389936
 0.000358 1.495201 2.332282 3.827483 4.486569
 0.000359 1.491632 2.338373 3.830005 4.562426
 0.000359 1.487793 2.343846 3.831639 4.611935
 0.000360 1.483886 2.348189 3.832075 4.625175
 0.000360 1.479972 2.351103 3.831075 4.594814
 0.000361 1.476142 2.352589 3.828731 4.524017
 0.000361 1.472399 2.352738 3.825137 4.416568
 0.000362 1.468940 2.351342 3.820282 4.273463
 0.000362 1.465655 2.348186 3.813840 4.087201
 0.000363 1.462658 2.343131 3.805790 3.860272
 0.000363 1.459945 2.336530 3.796475 3.605793
 0.000364 1.457509 2.328595 3.786104 3.332671
 0.000364 1.455262 2.319455 3.774717 3.045167
 0.000365 1.453281 2.308708 3.761989 2.739161
 0.000365 1.451575 2.296791 3.748366 2.429580
 0.000366 1.450205 2.283972 3.734177 2.126862
 0.000366 1.449239 2.270485 3.719724 1.839219
 0.000367 1.448700 2.256680 3.705380 1.574413
 0.000367 1.448782 2.242353 3.691135 1.331769
 0.000368 1.449498 2.227947 3.677445 1.117716
 0.000368 1.450870 2.213331 3.664201 0.928476
 0.000369 1.452936 2.199136 3.652072 0.770546
 0.000369 1.455752 2.185776 3.641528 0.645208
 0.000370 1.459322 2.173417 3.632739 0.549236
 0.000370 1.463493 2.162435 3.625928 0.480166
 0.000371 1.468250 2.153157 3.621408 0.436895
 0.000371 1.473560 2.145353 3.618913 0.413882
 0.000372 1.479423 2.139089 3.618513 0.410252
 0.000372 1.485816 2.134758 3.620574 0.429139
 0.000373 1.492662 2.132374 3.625036 0.471468
 0.000373 1.499964 2.131601 3.631565 0.536996
 0.000374 1.507584 2.132616 3.640200 0.630219
 0.000374 1.515464 2.135270 3.650734 0.754025
 0.000375 1.523510 2.140043 3.663554 0.919673
 0.000375 1.531621 2.146794 3.678414 1.132262
 0.000376 1.539779 2.154953 3.694732 1.391132
 0.000376 1.547997 2.164019 3.712016 1.694357
 0.000377 1.556141 2.174034 3.730175 2.045131
 0.000377 1.564153 2.184577 3.748730 2.437613
 0.000378 1.572064 2.195494 3.767558 2.871065
 0.000378 1.579836 2.206548 3.786384 3.339896
 0.000379 1.587374 2.216895 3.804269 3.818121
 0.000379 1.594553 2.226193 3.820747 4.287047
 0.000380 1.601421 2.234005 3.835426 4.727668
 0.000380 1.607959 2.240867 3.848826 5.148685
 0.000381 1.614121 2.246446 3.860567 5.532338
 0.000381 1.619877 2.250788 3.870665 5.873325
 0.000382 1.625057 2.253600 3.878657 6.150428
 0.000382 1.629581 2.254758 3.884339 6.351334
 0.000383 1.633620 2.254441 3.888061 6.484668
 0.000383 1.637151 2.252869 3.890020 6.555426
 0.000384 1.640101 2.249983 3.890084 6.557736
 0.000384 1.642515 2.245462 3.887977 6.481665
 0.000385 1.644339 2.239690 3.884029 6.340304
 0.000385 1.645568 2.233138 3.878706 6.152156
 0.000386 1.646188 2.226033 3.872221 5.926792
 0.000386 1.646316 2.218495 3.864810 5.674382
 0.000387 1.646013 2.211358 3.857371 5.426528
 0.000387 1.645298 2.204305 3.849603 5.173646
 0.000388 1.644142 2.197084 3.841225 4.907660
 0.000388 1.642541 2.189877 3.832418 4.635612
 0.000389 1.640562 2.183248 3.823810 4.377219
 0.000389 1.638154 2.177051 3.815205 4.126311
 0.000390 1.635427 2.171366 3.806793 3.888204
 0.000390 1.632195 2.166676 3.798871 3.670417
 0.000391 1.628581 2.163219 3.791800 3.481333
 0.000391 1.624559 2.161079 3.785639 3.320665
 0.000392 1.620115 2.160074 3.780189 3.181709
 0.000392 1.615306 2.160313 3.775619 3.067466
 0.000393 1.610178 2.161778 3.771957 2.977429
 0.000393 1.604748 2.164839 3.769588 2.919893
 0.000394 1.598945 2.169321 3.768266 2.888034
 0.000394 1.592793 2.175190 3.767984 2.881260
 0.000395 1.586413 2.182220 3.768633 2.896866
 0.000395 1.579864 2.190944 3.770809 2.949474
 0.000396 1.573193 2.200935 3.774128 3.030636
 0.000396 1.566430 2.211620 3.778050 3.127977
 0.000397 1.559521 2.223489 3.783010 3.253272
 0.000397 1.552538 2.236049 3.788587 3.397084
 0.000398 1.545322 2.249050 3.794371 3.549526
 0.000398 1.537882 2.262364 3.800245 3.707756
 0.000399 1.530212 2.275594 3.805806 3.860730
 0.000399 1.522476 2.288325 3.810801 4.000783
 0.000400 1.514644 2.300446 3.815090 4.123002
 0.000400 1.506677 2.311754 3.818431 4.219511
 0.000401 1.498752 2.322131 3.820884 4.291063
 0.000401 1.491035 2.331677 3.822712 4.344785
 0.000402 1.483334 2.340335 3.823669 4.373046
 0.000402 1.475634 2.347638 3.823271 4.361299
 0.000403 1.468036 2.353287 3.821324 4.303967
 0.000403 1.460621 2.356948 3.817569 4.194511
 0.000404 1.453540 2.358728 3.812268 4.042375
 0.000404 1.446764 2.358941 3.805705 3.857930
 0.000405 1.440428 2.357787 3.798215 3.652666
 0.000405 1.434598 2.355187 3.789784 3.428353
 0.000406 1.429335 2.350919 3.780254 3.183355
 0.000406 1.424763 2.345292 3.770056 2.931220
 0.000407 1.420907 2.338584 3.759492 2.681018
 0.000407 1.417928 2.330711 3.748639 2.435591
 0.000408 1.415939 2.321921 3.737860 2.203509
 0.000408 1.414848 2.312679 3.727527 1.991929
 0.000409 1.414685 2.302839 3.717523 1.797264
 0.000409 1.415488 2.292516 3.708004 1.621317
 0.000410 1.417220 2.282123 3.699344 1.469113
 0.000410 1.419752 2.272101 3.691853 1.343516
 0.000411 1.423012 2.262569 3.685581 1.242675
 0.000411 1.426893 2.253646 3.680540 1.164469
 0.000412 1.431465 2.245679 3.677145 1.113233
 0.000412 1.436555 2.239099 3.675655 1.091116
 0.000413 1.442068 2.233768 3.675836 1.093791
 0.000413 1.447961 2.229976 3.677937 1.125088
 0.000414 1.454201 2.228011 3.682212 1.190130
 0.000414 1.460739 2.228009 3.688747 1.293095
 0.000415 1.467554 2.229865 3.697419 1.436307
 0.000415 1.474515 2.233850 3.708365 1.627819
 0.000416 1.481553 2.239363 3.720916 1.862156
 0.000416 1.488719 2.245882 3.734601 2.135616
 0.000417 1.496043 2.253052 3.749095 2.445680
 0.000417 1.503415 2.260702 3.764117 2.789182
 0.000418 1.510618 2.269087 3.779705 3.169504
 0.000418 1.517632 2.277656 3.795288 3.573989
 0.000419 1.524410 2.286047 3.810458 3.991062
 0.000419 1.530741 2.294034 3.824774 4.405792
 0.000420 1.536807 2.302095 3.838902 4.835148
 0.000420 1.542556 2.309656 3.852212 5.257901
 0.000421 1.547874 2.316498 3.864372 5.659620
 0.000421 1.552708 2.322519 3.875227 6.030732
 0.000422 1.557040 2.327858 3.884897 6.371246
 0.000422 1.560874 2.331942 3.892816 6.657051
 0.000423 1.564257 2.334875 3.899132 6.889493
 0.000423 1.567131 2.336684 3.903815 7.064437
 0.000424 1.569463 2.337208 3.906671 7.172198
 0.000424 1.571177 2.336586 3.907763 7.213612
 0.000425 1.572310 2.334923 3.907233 7.193489
 0.000425 1.572943 2.331828 3.904771 7.100424
 0.000426 1.573000 2.327937 3.900936 6.956639
 0.000426 1.572726 2.323222 3.895947 6.771795
 0.000427 1.572045 2.317752 3.889797 6.547353
 0.000427 1.571030 2.311315 3.882345 6.280460
 0.000428 1.569710 2.303833 3.873543 5.972390
 0.000428 1.568084 2.295789 3.863873 5.642841
 0.000429 1.566180 2.286828 3.853008 5.283751
 0.000429 1.564029 2.277450 3.841479 4.915605
 0.000430 1.561745 2.267676 3.829421 4.544819
 0.000430 1.559192 2.258011 3.817203 4.183921
 0.000431 1.556515 2.248704 3.805219 3.844429
 0.000431 1.553741 2.240181 3.793923 3.537580
 0.000432 1.550914 2.232280 3.783194 3.257965
 0.000432 1.548183 2.225066 3.773249 3.009042
 0.000433 1.545468 2.219087 3.764555 2.799548
 0.000433 1.542701 2.214433 3.757135 2.626714
 0.000434 1.539993 2.210849 3.750841 2.484449
 0.000434 1.537400 2.208562 3.745962 2.376866
 0.000435 1.534913 2.207656 3.742569 2.303469
 0.000435 1.532511 2.208301 3.740812 2.265912
 0.000436 1.530237 2.209786 3.740023 2.249156
 0.000436 1.528054 2.212379 3.740433 2.257863
 0.000437 1.525887 2.215949 3.741835 2.287753
 0.000437 1.523871 2.220478 3.744349 2.341838
 0.000438 1.521989 2.225442 3.747431 2.409010
 0.000438 1.520249 2.231103 3.751352 2.495836
 0.000439 1.518626 2.236995 3.755621 2.592127
 0.000439 1.517205 2.242975 3.760181 2.696999
 0.000440 1.515945 2.249067 3.765012 2.810372
 0.000440 1.514943 2.254801 3.769744 2.923680
 0.000441 1.514354 2.259795 3.774149 3.031168
 0.000441 1.514037 2.264122 3.778160 3.130721
 0.000442 1.514076 2.267669 3.781744 3.221061
 0.000442 1.514415 2.270463 3.784879 3.301107
 0.000443 1.515091 2.272993 3.788084 3.383975
 0.000443 1.516195 2.275122 3.791317 3.468605
 0.000444 1.517605 2.276714 3.794318 3.548112
 0.000444 1.519163 2.277578 3.796741 3.612930
 0.000445 1.520927 2.277801 3.798728 3.666548
 0.000445 1.522902 2.277277 3.800180 3.705964
 0.000446 1.524959 2.276034 3.800993 3.728149
 0.000446 1.527176 2.274073 3.801248 3.735120
 0.000447 1.529477 2.271030 3.800507 3.714882
 0.000447 1.531944 2.266858 3.798801 3.668538
 0.000448 1.534461 2.261781 3.796242 3.599543
 0.000448 1.536959 2.256080 3.793038 3.514096
 0.000449 1.539372 2.249545 3.788917 3.405692
 0.000449 1.541707 2.243041 3.784747 3.297733
 0.000450 1.543817 2.236188 3.780005 3.177064
 0.000450 1.545757 2.229174 3.774931 3.050454
 0.000451 1.547446 2.222014 3.769460 2.916819
 0.000451 1.548794 2.214624 3.763418 2.772703
 0.000452 1.549876 2.207423 3.757299 2.630475
 0.000452 1.550817 2.200510 3.751327 2.495286
 0.000453 1.551398 2.194346 3.745744 2.372125
 0.000453 1.551641 2.189344 3.740985 2.269598
 0.000454 1.551543 2.185339 3.736882 2.183024
 0.000454 1.551045 2.182918 3.733963 2.122466
 0.000455 1.550309 2.181806 3.732115 2.084556
 0.000455 1.549308 2.181948 3.731256 2.067061
 0.000456 1.548016 2.183862 3.731878 2.079728
 0.000456 1.546443 2.187192 3.733635 2.115698
 0.000457 1.544524 2.191652 3.736176 2.168305
 0.000457 1.542187 2.197494 3.739681 2.241900
 0.000458 1.539565 2.205045 3.744610 2.347492
 0.000458 1.536637 2.213795 3.750432 2.475333
 0.000459 1.533388 2.223938 3.757325 2.631088
 0.000459 1.529839 2.235232 3.765071 2.811760
 0.000460 1.526088 2.247681 3.773768 3.021801
 0.000460 1.522114 2.260823 3.782936 3.251387
 0.000461 1.518128 2.274199 3.792327 3.495254
 0.000461 1.514121 2.287748 3.801869 3.752110
 0.000462 1.510189 2.301378 3.811566 4.022448
 0.000462 1.506291 2.315107 3.821398 4.306146
 0.000463 1.502528 2.328474 3.831003 4.592621
 0.000463 1.498984 2.340981 3.839965 4.868252
 0.000464 1.495756 2.352784 3.848540 5.139501
 0.000464 1.492921 2.363881 3.856802 5.407811
 0.000465 1.490425 2.373708 3.864133 5.651588
 0.000465 1.488241 2.382393 3.870634 5.872277
 0.000466 1.486440 2.390089 3.876529 6.076033
 0.000466 1.484877 2.396829 3.881706 6.257820
 0.000467 1.483529 2.402658 3.886186 6.417347
 0.000467 1.482460 2.407707 3.890167 6.560744
 0.000468 1.481616 2.412023 3.893639 6.687105
 0.000468 1.480972 2.415684 3.896656 6.797905
 0.000469 1.480637 2.418396 3.899033 6.885815
 0.000469 1.480506 2.419895 3.900402 6.936713
 0.000470 1.480637 2.420699 3.901336 6.971575
 0.000470 1.481023 2.420445 3.901468 6.976481
 0.000471 1.481758 2.419348 3.901106 6.962988
 0.000471 1.482908 2.417112 3.900020 6.922513
 0.000472 1.484314 2.413897 3.898211 6.855374
 0.000472 1.485942 2.409348 3.895289 6.747603
 0.000473 1.487684 2.403201 3.890884 6.586757
 0.000473 1.489671 2.395528 3.885199 6.382024
 0.000474 1.491857 2.386780 3.878637 6.149745
 0.000474 1.494203 2.376994 3.871197 5.891578
 0.000475 1.496696 2.365995 3.862692 5.603235
 0.000475 1.499419 2.354198 3.853617 5.303570
 0.000476 1.502118 2.342275 3.844393 5.007409
 0.000476 1.504763 2.330394 3.835157 4.719383
 0.000477 1.507386 2.318448 3.825834 4.437306
 0.000477 1.510011 2.306564 3.816575 4.165764
 0.000478 1.512495 2.295354 3.807849 3.917714
 0.000478 1.514727 2.285296 3.800023 3.701699
 0.000479 1.516798 2.276084 3.792882 3.509955
 0.000479 1.518786 2.267675 3.786460 3.341870
 0.000480 1.520749 2.260566 3.781316 3.210186
 0.000480 1.522422 2.254497 3.776919 3.099753
 0.000481 1.523966 2.249710 3.773676 3.019539
 0.000481 1.525487 2.245973 3.771460 2.965314
 0.000482 1.526926 2.243380 3.770306 2.937286
 0.000482 1.528055 2.242028 3.770084 2.931894
 0.000483 1.528957 2.242063 3.771020 2.954605
 0.000483 1.529589 2.243249 3.772839 2.998987
 0.000484 1.529818 2.245546 3.775363 3.061139
 0.000484 1.529764 2.248937 3.778700 3.144266
 0.000485 1.529514 2.253234 3.782748 3.246591
 0.000485 1.528973 2.258119 3.787092 3.358210
 0.000486 1.528062 2.263707 3.791769 3.480513
 0.000486 1.526720 2.269890 3.796611 3.609433
 0.000487 1.525084 2.276541 3.801625 3.745430
 0.000487 1.523212 2.283481 3.806693 3.885421
 0.000488 1.521131 2.290651 3.811781 4.028551
 0.000488 1.518754 2.298320 3.817074 4.180192
 0.000489 1.516124 2.306566 3.822690 4.344135
 0.000489 1.513500 2.315069 3.828569 4.519164
 0.000490 1.510669 2.323809 3.834478 4.698556
 0.000490 1.507484 2.332472 3.839956 4.867983
 0.000491 1.504139 2.341254 3.845393 5.039103
 0.000491 1.500628 2.349832 3.850460 5.201258
 0.000492 1.496924 2.358215 3.855140 5.353280
 0.000492 1.492991 2.366360 3.859351 5.491964
 0.000493 1.488834 2.373869 3.862704 5.603636
 0.000493 1.484513 2.380621 3.865134 5.685307
 0.000494 1.480039 2.386546 3.866585 5.734318
 0.000494 1.475545 2.391542 3.867087 5.751344
 0.000495 1.471142 2.395258 3.866400 5.728054
 0.000495 1.466649 2.397717 3.864366 5.659421
 0.000496 1.461953 2.398951 3.860904 5.543542
 0.000496 1.457255 2.399288 3.856543 5.399282
 0.000497 1.452595 2.398875 3.851469 5.233857
 0.000497 1.447957 2.397997 3.845953 5.056906
 0.000498 1.443485 2.396878 3.840364 4.880706
 0.000498 1.439272 2.395563 3.834836 4.709518
 0.000499 1.435360 2.394244 3.829604 4.550325
 0.000499 1.431817 2.392851 3.824668 4.402627
 0.000500 1.428685 2.391467 3.820152 4.269649
