#! FIELDS time dAB dAC rc bias
 0.000000 2.319127 2.146549 4.465677 5.998485
 0.000000 2.318962 2.158578 4.477539 6.416400
 0.000001 2.318364 2.171783 4.490147 6.875999
 0.000001 2.317351 2.186119 4.503470 7.378939
 0.000002 2.315988 2.201002 4.516989 7.907431
 0.000002 2.314231 2.215767 4.529998 8.433209
 0.000003 2.312234 2.229862 4.542096 8.937383
 0.000003 2.310064 2.242824 4.552888 9.399476
 0.000004 2.307788 2.254095 4.561883 9.793514
 0.000004 2.305571 2.263360 4.568932 10.107978
 0.000005 2.303565 2.270176 4.573741 10.325365
 0.000005 2.301758 2.274534 4.576292 10.441624
 0.000006 2.300008 2.275385 4.575394 10.400593
 0.000006 2.298356 2.271987 4.570342 10.171499
 0.000007 2.296932 2.263884 4.560817 9.746392
 0.000007 2.295637 2.251349 4.546986 9.145325
 0.000008 2.294434 2.234653 4.529087 8.395829
 0.000008 2.293511 2.214127 4.507638 7.539914
 0.000009 2.292677 2.190696 4.483374 6.627105
 0.000009 2.291743 2.165910 4.457652 5.723758
 0.000010 2.290642 2.141439 4.432081 4.891289
 0.000010 2.289519 2.118301 4.407820 4.161887
 0.000011 2.288359 2.096877 4.385237 3.535837
 0.000011 2.287225 2.078181 4.365406 3.028145
 0.000012 2.286186 2.062941 4.349127 2.640775
 0.000012 2.285303 2.051327 4.336630 2.361392
 0.000013 2.284532 2.043787 4.328320 2.184242
 0.000013 2.283866 2.040355 4.324221 2.099422
 0.000014 2.283468 2.040702 4.324170 2.098377
 0.000014 2.283326 2.044661 4.327987 2.177305
 0.000015 2.283698 2.051432 4.335129 2.328893
 0.000015 2.284661 2.060295 4.344955 2.545785
 0.000016 2.286016 2.069719 4.355735 2.794825
 0.000016 2.287830 2.078361 4.366190 3.047483
 0.000017 2.290216 2.085694 4.375911 3.292190
 0.000017 2.293144 2.091050 4.384194 3.508168
 0.000018 2.296496 2.094233 4.390730 3.683422
 0.000018 2.299997 2.096000 4.395997 3.827782
 0.000019 2.303568 2.096475 4.400043 3.940541
 0.000019 2.307150 2.096593 4.403743 4.045090
 0.000020 2.310555 2.096701 4.407256 4.145631
 0.000020 2.313746 2.097035 4.410781 4.247757
 0.000021 2.316729 2.097845 4.414574 4.359021
 0.000021 2.319477 2.099191 4.418668 4.480751
 0.000022 2.322109 2.101033 4.423142 4.615693
 0.000022 2.324631 2.102997 4.427628 4.752981
 0.000023 2.326976 2.104990 4.431967 4.887696
 0.000023 2.329340 2.107052 4.436392 5.027041
 0.000024 2.331802 2.108635 4.440437 5.156116
 0.000024 2.334289 2.109320 4.443609 5.258483
 0.000025 2.337080 2.108653 4.445733 5.327600
 0.000025 2.340169 2.105683 4.445852 5.331467
 0.000026 2.343505 2.099469 4.442974 5.237896
 0.000026 2.347057 2.090022 4.437079 5.048848
 0.000027 2.350801 2.077781 4.428582 4.782461
 0.000027 2.354482 2.063166 4.417647 4.450246
 0.000028 2.358068 2.047536 4.405605 4.098222
 0.000028 2.361555 2.031895 4.393450 3.757631
 0.000029 2.364708 2.017677 4.382385 3.460409
 0.000029 2.367499 2.006217 4.373716 3.236116
 0.000030 2.369992 1.998215 4.368207 3.097480
 0.000030 2.372400 1.994210 4.366610 3.057845
 0.000031 2.374651 1.994275 4.368926 3.115405
 0.000031 2.376925 1.998762 4.375688 3.286468
 0.000032 2.379087 2.007259 4.386346 3.565397
 0.000032 2.381206 2.019788 4.400994 3.967287
 0.000033 2.383422 2.035382 4.418804 4.484827
 0.000033 2.385701 2.052992 4.438693 5.100264
 0.000034 2.387996 2.072088 4.460084 5.806342
 0.000034 2.390208 2.091874 4.482082 6.580148
 0.000035 2.392490 2.111250 4.503739 7.389278
 0.000035 2.394610 2.128937 4.523547 8.170377
 0.000036 2.396704 2.143599 4.540303 8.861732
 0.000036 2.398657 2.155328 4.553985 9.447082
 0.000037 2.400422 2.163642 4.564064 9.890311
 0.000037 2.401850 2.168619 4.570470 10.177246
 0.000038 2.402775 2.170340 4.573115 10.296946
 0.000038 2.403117 2.169620 4.572737 10.279789
 0.000039 2.402958 2.167015 4.569973 10.154859
 0.000039 2.402323 2.163125 4.565447 9.951917
 0.000040 2.401314 2.158298 4.559612 9.693294
 0.000040 2.399862 2.152711 4.552574 9.385861
 0.000041 2.398058 2.146739 4.544796 9.051911
 0.000041 2.396189 2.140899 4.537088 8.726896
 0.000042 2.394346 2.135653 4.530000 8.433292
 0.000042 2.392580 2.130963 4.523543 8.170222
 0.000043 2.390870 2.126116 4.516986 7.907314
 0.000043 2.389333 2.121663 4.510997 7.670902
 0.000044 2.388017 2.117323 4.505339 7.450912
 0.000044 2.386933 2.112736 4.499669 7.233642
 0.000045 2.386136 2.107344 4.493480 7.000145
 0.000045 2.385660 2.100192 4.485852 6.717651
 0.000046 2.385404 2.091219 4.476624 6.383639
 0.000046 2.385274 2.079923 4.465198 5.981897
 0.000047 2.385150 2.067352 4.452502 5.550831
 0.000047 2.385034 2.054158 4.439192 5.116200
 0.000048 2.384918 2.041117 4.426035 4.703995
 0.000048 2.384721 2.029135 4.413856 4.337856
 0.000049 2.384580 2.018860 4.403440 4.036484
 0.000049 2.384673 2.010956 4.395628 3.817585
 0.000050 2.384968 2.006066 4.391034 3.691684
 0.000050 2.385752 2.004629 4.390381 3.673973
 0.000051 2.387007 2.006593 4.393600 3.761745
 0.000051 2.388673 2.011223 4.399896 3.936410
 0.000052 2.390772 2.018926 4.409698 4.216246
 0.000052 2.393377 2.028987 4.422364 4.592084
 0.000053 2.396484 2.040791 4.437274 5.055050
 0.000053 2.399968 2.053412 4.453380 5.580132
 0.000054 2.403875 2.065780 4.469655 6.137084
 0.000054 2.407942 2.077058 4.484999 6.686427
 0.000055 2.411962 2.085921 4.497883 7.165866
 0.000055 2.415997 2.091664 4.507661 7.540823
 0.000056 2.419825 2.093759 4.513585 7.772616
 0.000056 2.423398 2.091605 4.515003 7.828647
 0.000057 2.426572 2.085449 4.512021 7.711086
 0.000057 2.429264 2.076012 4.505276 7.448473
 0.000058 2.431389 2.064056 4.495445 7.073872
 0.000058 2.432968 2.050088 4.483056 6.615538
 0.000059 2.434264 2.034733 4.468996 6.114016
 0.000059 2.435224 2.018816 4.454040 5.602197
 0.000060 2.435923 2.003297 4.439220 5.117099
 0.000060 2.436493 1.989318 4.425811 4.697134
 0.000061 2.437045 1.977252 4.414297 4.350856
 0.000061 2.437638 1.967082 4.404720 4.072926
 0.000062 2.438186 1.959424 4.397611 3.872550
 0.000062 2.438891 1.954457 4.393348 3.754823
 0.000063 2.439675 1.952000 4.391675 3.709121
 0.000063 2.440603 1.951745 4.392349 3.727499
 0.000064 2.441377 1.953567 4.394943 3.798675
 0.000064 2.441857 1.957071 4.398928 3.909294
 0.000065 2.442216 1.961831 4.404047 4.053741
 0.000065 2.442248 1.966952 4.409200 4.201802
 0.000066 2.441870 1.971679 4.413549 4.328828
 0.000066 2.441176 1.975782 4.416958 4.429704
 0.000067 2.440222 1.979474 4.419696 4.511565
 0.000067 2.439144 1.982769 4.421914 4.578436
 0.000068 2.437955 1.986428 4.424384 4.653485
 0.000068 2.436750 1.990401 4.427150 4.738278
 0.000069 2.435673 1.995659 4.431332 4.867872
 0.000069 2.434668 2.002546 4.437213 5.053114
 0.000070 2.433942 2.010558 4.444500 5.287408
 0.000070 2.433421 2.019805 4.453225 5.574961
 0.000071 2.433160 2.030264 4.463424 5.920708
 0.000071 2.433025 2.041813 4.474837 6.319975
 0.000072 2.433014 2.053959 4.486973 6.758806
 0.000072 2.433234 2.065816 4.499050 7.210102
 0.000073 2.433532 2.076794 4.510326 7.644671
 0.000073 2.433757 2.086122 4.519879 8.022767
 0.000074 2.434099 2.093763 4.527861 8.345701
 0.000074 2.434483 2.099005 4.533488 8.577150
 0.000075 2.434696 2.100691 4.535387 8.655998
 0.000075 2.434903 2.098805 4.533708 8.586284
 0.000076 2.434974 2.092961 4.527936 8.348738
 0.000076 2.434906 2.083257 4.518163 7.954183
 0.000077 2.434806 2.069732 4.504538 7.420001
 0.000077 2.434737 2.053140 4.487876 6.792038
 0.000078 2.434751 2.033765 4.468516 6.097231
 0.000078 2.434910 2.012920 4.447830 5.396256
 0.000079 2.435211 1.991950 4.427161 4.738598
 0.000079 2.435708 1.972212 4.407920 4.164770
 0.000080 2.436362 1.954556 4.390918 3.688548
 0.000080 2.437179 1.940042 4.377221 3.325900
 0.000081 2.438109 1.929193 4.367302 3.074990
 0.000081 2.439178 1.922309 4.361487 2.932467
 0.000082 2.440482 1.919540 4.360021 2.897087
 0.000082 2.441901 1.920843 4.362744 2.962993
 0.000083 2.443333 1.925847 4.369180 3.121740
 0.000083 2.444956 1.933927 4.378882 3.368876
 0.000084 2.446488 1.944392 4.390880 3.687497
 0.000084 2.447785 1.956407 4.404192 4.057880
 0.000085 2.448755 1.968659 4.417414 4.443287
 0.000085 2.449606 1.980479 4.430085 4.829054
 0.000086 2.450362 1.991275 4.441637 5.194709
 0.000086 2.450872 2.000423 4.451295 5.510694
 0.000087 2.451308 2.007806 4.459113 5.773304
 0.000087 2.451927 2.014123 4.466050 6.011413
 0.000088 2.452558 2.019670 4.472227 6.227519
 0.000088 2.453187 2.025285 4.478472 6.449861
 0.000089 2.453686 2.031076 4.484763 6.677777
 0.000089 2.454150 2.036720 4.490869 6.902803
 0.000090 2.454605 2.042399 4.497004 7.132628
 0.000090 2.454942 2.047713 4.502655 7.347645
 0.000091 2.455086 2.052772 4.507858 7.548466
 0.000091 2.455070 2.057607 4.512677 7.736854
 0.000092 2.454796 2.061751 4.516547 7.889844
 0.000092 2.454265 2.064659 4.518924 7.984534
 0.000093 2.453555 2.065979 4.519534 8.008955
 0.000093 2.452441 2.065761 4.518202 7.955716
 0.000094 2.450887 2.063305 4.514192 7.796581
 0.000094 2.448943 2.057884 4.506827 7.508449
 0.000095 2.446630 2.049255 4.495886 7.090443
 0.000095 2.444018 2.037563 4.481581 6.562004
 0.000096 2.441227 2.022644 4.463871 5.936112
 0.000096 2.438152 2.004609 4.442761 5.231024
 0.000097 2.434928 1.984331 4.419259 4.498462
 0.000097 2.431788 1.963607 4.395395 3.811126
 0.000098 2.428747 1.943988 4.372735 3.211201
 0.000098 2.425904 1.926245 4.352149 2.710704
 0.000099 2.423280 1.911434 4.334714 2.319947
 0.000099 2.420940 1.900608 4.321548 2.044997
 0.000100 2.418941 1.894206 4.313147 1.878629
 0.000100 2.417185 1.892797 4.309982 1.817792
 0.000101 2.415588 1.896475 4.312063 1.857671
 0.000101 2.414114 1.905219 4.319333 2.000457
 0.000102 2.412854 1.918438 4.331292 2.246808
 0.000102 2.411660 1.935555 4.347215 2.597023
 0.000103 2.410576 1.955715 4.366291 3.049974
 0.000103 2.409534 1.977717 4.387251 3.589615
 0.000104 2.408518 2.000466 4.408984 4.195529
 0.000104 2.407564 2.022032 4.429596 4.813857
 0.000105 2.406674 2.040793 4.447467 5.384353
 0.000105 2.406186 2.055658 4.461845 5.866493
 0.000106 2.406053 2.065995 4.472048 6.221190
 0.000106 2.406082 2.072212 4.478294 6.443469
 0.000107 2.406422 2.075189 4.481610 6.563062
 0.000107 2.407093 2.075657 4.482750 6.604428
 0.000108 2.408108 2.074603 4.482712 6.603024
 0.000108 2.409467 2.072736 4.482203 6.584555
 0.000109 2.411062 2.070997 4.482059 6.579345
 0.000109 2.412998 2.069949 4.482948 6.611601
 0.000110 2.415119 2.070299 4.485418 6.701734
 0.000110 2.417327 2.071590 4.488916 6.830429
 0.000111 2.419572 2.074326 4.493898 7.015790
 0.000111 2.421804 2.078431 4.500235 7.255185
 0.000112 2.423999 2.083853 4.507852 7.548224
 0.000112 2.426124 2.090189 4.516313 7.880567
 0.000113 2.427984 2.097338 4.525322 8.242261
 0.000113 2.429638 2.104858 4.534496 8.618972
 0.000114 2.431183 2.111579 4.542762 8.965563
 0.000114 2.432596 2.116621 4.549217 9.240996
 0.000115 2.433995 2.118665 4.552660 9.389584
 0.000115 2.435496 2.117707 4.553203 9.413128
 0.000116 2.437002 2.113851 4.550853 9.311456
 0.000116 2.438660 2.107491 4.546151 9.109643
 0.000117 2.440459 2.100011 4.540469 8.868747
 0.000117 2.442284 2.092895 4.535180 8.647358
 0.000118 2.444084 2.087180 4.531264 8.485296
 0.000118 2.445820 2.083417 4.529237 8.401981
 0.000119 2.447385 2.082234 4.529619 8.417672
 0.000119 2.448600 2.084609 4.533209 8.565588
 0.000120 2.449202 2.090425 4.539627 8.833315
 0.000120 2.449300 2.099935 4.549235 9.241777
 0.000121 2.448899 2.112493 4.561392 9.771815
 0.000121 2.447696 2.127423 4.575120 10.388114
 0.000122 2.445631 2.143999 4.589630 11.060025
 0.000122 2.442803 2.161464 4.604267 11.759158
 0.000123 2.439127 2.178886 4.618013 12.435211
 0.000123 2.434447 2.194812 4.629259 13.002389
 0.000124 2.428999 2.207962 4.636962 13.398157
 0.000124 2.422912 2.217023 4.639934 13.552459
 0.000125 2.416401 2.221492 4.637893 13.446378
 0.000125 2.409579 2.220612 4.630191 13.049944
 0.000126 2.402639 2.213909 4.616549 12.362291
 0.000126 2.395640 2.201730 4.597369 11.427015
 0.000127 2.388737 2.185674 4.574412 10.355871
 0.000127 2.381815 2.166906 4.548722 9.219697
 0.000128 2.374780 2.146261 4.521041 8.069377
 0.000128 2.367778 2.125234 4.493012 6.982631
 0.000129 2.360788 2.104427 4.465215 5.982489
 0.000129 2.353825 2.084453 4.438279 5.087042
 0.000130 2.346697 2.065718 4.412414 4.295500
 0.000130 2.339467 2.049172 4.388639 3.626899
 0.000131 2.332155 2.035351 4.367506 3.080056
 0.000131 2.324628 2.024524 4.349152 2.641354
 0.000132 2.316935 2.016700 4.333634 2.296738
 0.000132 2.309222 2.011772 4.320994 2.033823
 0.000133 2.301581 2.009666 4.311247 1.841988
 0.000133 2.294041 2.009990 4.304030 1.706076
 0.000134 2.286781 2.011240 4.298021 1.596872
 0.000134 2.279961 2.011849 4.291810 1.487802
 0.000135 2.273731 2.010741 4.284472 1.363921
 0.000135 2.268079 2.007229 4.275307 1.216750
 0.000136 2.263433 2.000833 4.264266 1.050606
 0.000136 2.259618 1.992207 4.251825 0.878001
 0.000137 2.256545 1.982947 4.239492 0.722181
 0.000137 2.254261 1.974859 4.229120 0.602911
 0.000138 2.252664 1.969261 4.221925 0.526490
 0.000138 2.251703 1.967323 4.219027 0.497169
 0.000139 2.251197 1.969859 4.221057 0.517619
 0.000139 2.251139 1.977254 4.228393 0.594952
 0.000140 2.251394 1.989301 4.240695 0.736713
 0.000140 2.251889 2.005277 4.257166 0.950204
 0.000141 2.252730 2.024830 4.277560 1.252148
 0.000141 2.253717 2.047235 4.300952 1.649686
 0.000142 2.254913 2.071554 4.326468 2.145705
 0.000142 2.256282 2.097357 4.353639 2.745488
 0.000143 2.257836 2.123633 4.381469 3.436353
 0.000143 2.259785 2.149289 4.409075 4.198164
 0.000144 2.262145 2.172667 4.434812 4.977078
 0.000144 2.265091 2.192394 4.457486 5.718123
 0.000145 2.268574 2.207561 4.476135 6.366191
 0.000145 2.272706 2.217880 4.490586 6.892274
 0.000146 2.277450 2.223312 4.500762 7.275252
 0.000146 2.282740 2.223805 4.506545 7.497553
 0.000147 2.288638 2.220082 4.508720 7.582000
 0.000147 2.294922 2.213306 4.508228 7.562834
 0.000148 2.301370 2.203861 4.505231 7.446737
 0.000148 2.308071 2.192078 4.500149 7.251913
 0.000149 2.314870 2.179008 4.493878 7.015049
 0.000149 2.321525 2.165382 4.486907 6.756365
 0.000150 2.328002 2.151441 4.479443 6.484767
 0.000150 2.334130 2.137611 4.471742 6.210398
 0.000151 2.339779 2.124716 4.464495 5.957614
 0.000151 2.344977 2.113428 4.458405 5.749275
 0.000152 2.349759 2.103442 4.453201 5.574164
 0.000152 2.354162 2.094979 4.449142 5.439432
 0.000153 2.358081 2.087975 4.446056 5.338128
 0.000153 2.361736 2.082074 4.443810 5.265003
 0.000154 2.365120 2.077441 4.442562 5.224571
 0.000154 2.368408 2.073294 4.441702 5.196807
 0.000155 2.371658 2.069110 4.440768 5.166756
 0.000155 2.374881 2.064700 4.439582 5.128686
 0.000156 2.377849 2.060052 4.437901 5.074990
 0.000156 2.380614 2.055599 4.436213 5.021366
 0.000157 2.383173 2.051973 4.435146 4.987612
 0.000157 2.385511 2.049564 4.435075 4.985371
 0.000158 2.387369 2.048869 4.436238 5.022158
 0.000158 2.388659 2.050221 4.438880 5.106243
 0.000159 2.389412 2.053312 4.442724 5.229826
 0.000159 2.389550 2.058050 4.447600 5.388704
 0.000160 2.389033 2.064540 4.453573 5.586580
 0.000160 2.387846 2.072066 4.459912 5.800470
 0.000161 2.386169 2.080042 4.466211 6.016996
 0.000161 2.383937 2.087852 4.471788 6.212035
 0.000162 2.381100 2.094572 4.475672 6.349685
 0.000162 2.377970 2.100095 4.478065 6.435254
 0.000163 2.374661 2.103353 4.478014 6.433401
 0.000163 2.371292 2.103196 4.474488 6.307562
 0.000164 2.367974 2.098857 4.466831 6.038519
 0.000164 2.364836 2.090209 4.455045 5.635885
 0.000165 2.361948 2.076589 4.438537 5.095288
 0.000165 2.359324 2.058456 4.417781 4.454222
 0.000166 2.356901 2.036388 4.393289 3.753204
 0.000166 2.354753 2.011455 4.366208 3.047930
 0.000167 2.352947 1.985172 4.338119 2.393860
 0.000167 2.351302 1.958576 4.309878 1.815808
 0.000168 2.349738 1.933155 4.282893 1.337959
 0.000168 2.348333 1.910011 4.258344 0.966522
 0.000169 2.347134 1.890304 4.237438 0.697712
 0.000169 2.346245 1.874914 4.221159 0.518660
 0.000170 2.345597 1.864391 4.209988 0.411123
 0.000170 2.345211 1.859339 4.204550 0.363293
 0.000171 2.345170 1.860076 4.205246 0.369249
 0.000171 2.345660 1.866168 4.211827 0.427971
 0.000172 2.346836 1.877444 4.224279 0.550926
 0.000172 2.348641 1.892551 4.241192 0.742762
 0.000173 2.351302 1.910090 4.261393 1.009371
 0.000173 2.354982 1.928041 4.283023 1.340088
 0.000174 2.359777 1.944388 4.304165 1.708561
 0.000174 2.365638 1.958503 4.324141 2.097771
 0.000175 2.372494 1.970098 4.342592 2.492740
 0.000175 2.380229 1.979026 4.359255 2.878673
 0.000176 2.388725 1.986288 4.375013 3.269183
 0.000176 2.397732 1.992875 4.390608 3.680119
 0.000177 2.407015 2.000001 4.407016 4.138717
 0.000177 2.416352 2.008109 4.424461 4.655861
 0.000178 2.425667 2.017447 4.443114 5.242438
 0.000178 2.434804 2.028130 4.462934 5.903864
 0.000179 2.443574 2.039689 4.483263 6.623078
 0.000179 2.451921 2.052021 4.503941 7.397050
 0.000180 2.460015 2.064487 4.524503 8.209036
 0.000180 2.467811 2.076658 4.544468 9.037960
 0.000181 2.475480 2.088550 4.564029 9.888741
 0.000181 2.483036 2.099632 4.582668 10.735019
 0.000182 2.490279 2.109546 4.599825 11.544734
 0.000182 2.497256 2.117710 4.614966 12.283728
 0.000183 2.504070 2.123402 4.627472 12.911427
 0.000183 2.510853 2.125268 4.636121 13.354656
 0.000184 2.517523 2.122044 4.639567 13.533348
 0.000184 2.523938 2.113734 4.637673 13.434967
 0.000185 2.530121 2.100674 4.630795 13.080835
 0.000185 2.535949 2.083930 4.619879 12.528433
 0.000186 2.541312 2.065267 4.606579 11.871541
 0.000186 2.546029 2.046310 4.592339 11.187819
 0.000187 2.549938 2.028798 4.578736 10.553606
 0.000187 2.553137 2.013714 4.566852 10.014663
 0.000188 2.555491 2.002177 4.557668 9.607869
 0.000188 2.556923 1.994705 4.551628 9.344935
 0.000189 2.557458 1.991732 4.549190 9.239810
 0.000189 2.557164 1.993646 4.550809 9.309567
 0.000190 2.556082 1.999984 4.556066 9.537793
 0.000190 2.554377 2.010752 4.565128 9.937690
 0.000191 2.552071 2.025744 4.577815 10.511310
 0.000191 2.549185 2.044445 4.593631 11.248984
 0.000192 2.545803 2.065735 4.611538 12.114387
 0.000192 2.542030 2.088210 4.630239 13.052422
 0.000193 2.537862 2.110344 4.648205 13.986498
 0.000193 2.533430 2.130465 4.663895 14.828612
 0.000194 2.528751 2.147335 4.676086 15.499947
 0.000194 2.523775 2.160008 4.683783 15.931467
 0.000195 2.518472 2.167814 4.686286 16.073058
 0.000195 2.512698 2.170435 4.683133 15.894784
 0.000196 2.506500 2.168218 4.674718 15.423863
 0.000196 2.499760 2.161612 4.661372 14.691554
 0.000197 2.492331 2.151151 4.643482 13.737800
 0.000197 2.484219 2.137480 4.621699 12.619708
 0.000198 2.475531 2.121342 4.596872 11.403278
 0.000198 2.466513 2.103658 4.570172 10.163796
 0.000199 2.457057 2.084588 4.541645 8.918329
 0.000199 2.447392 2.064861 4.512252 7.720176
 0.000200 2.437696 2.045067 4.482763 6.604893
 0.000200 2.428124 2.025772 4.453897 5.597400
 0.000201 2.418773 2.007397 4.426171 4.708160
 0.000201 2.409774 1.990445 4.400218 3.945469
 0.000202 2.401217 1.974476 4.375694 3.286618
 0.000202 2.393130 1.959594 4.352723 2.724081
 0.000203 2.385630 1.945375 4.331005 2.240739
 0.000203 2.378795 1.930974 4.309769 1.813725
 0.000204 2.372581 1.915926 4.288507 1.431371
 0.000204 2.367089 1.899721 4.266810 1.087804
 0.000205 2.362342 1.882875 4.245217 0.792620
 0.000205 2.358271 1.865912 4.224183 0.549913
 0.000206 2.354847 1.849592 4.204439 0.362343
 0.000206 2.352018 1.835733 4.187751 0.234207
 0.000207 2.349787 1.825656 4.175442 0.157540
 0.000207 2.348122 1.819907 4.168030 0.118680
 0.000208 2.347074 1.819452 4.166526 0.111464
 0.000208 2.346659 1.824401 4.171060 0.133900
 0.000209 2.346920 1.834927 4.181847 0.195542
 0.000209 2.347890 1.850660 4.198550 0.313944
 0.000210 2.349469 1.870766 4.220235 0.509285
 0.000210 2.351657 1.894885 4.246542 0.809393
 0.000211 2.354513 1.922300 4.276813 1.240354
 0.000211 2.358139 1.951453 4.309592 1.810349
 0.000212 2.362371 1.981015 4.343386 2.510489
 0.000212 2.367100 2.009524 4.376625 3.310531
 0.000213 2.372336 2.035764 4.408100 4.169984
 0.000213 2.377913 2.059059 4.436972 5.045441
 0.000214 2.383680 2.078952 4.462631 5.893459
 0.000214 2.389581 2.095118 4.484700 6.675469
 0.000215 2.395585 2.106986 4.502571 7.344448
 0.000215 2.401675 2.114538 4.516213 7.876566
 0.000216 2.407758 2.117823 4.525582 8.252826
 0.000216 2.413638 2.117106 4.530744 8.463901
 0.000217 2.419426 2.112947 4.532373 8.531024
 0.000217 2.425305 2.105947 4.531252 8.484806
 0.000218 2.431268 2.096630 4.527898 8.347193
 0.000218 2.437288 2.085801 4.523090 8.151887
 0.000219 2.443376 2.073739 4.517115 7.912412
 0.000219 2.449541 2.060986 4.510527 7.652515
 0.000220 2.455713 2.047970 4.503683 7.387114
 0.000220 2.461877 2.035387 4.497264 7.142453
 0.000221 2.467921 2.023517 4.491438 6.923953
 0.000221 2.473854 2.012511 4.486365 6.736461
 0.000222 2.479680 2.003049 4.482729 6.603657
 0.000222 2.485364 1.995491 4.480855 6.535723
 0.000223 2.490804 1.989890 4.480694 6.529918
 0.000223 2.495955 1.986206 4.482162 6.583049
 0.000224 2.500641 1.984131 4.484772 6.678119
 0.000224 2.504751 1.983610 4.488361 6.809921
 0.000225 2.508290 1.984695 4.492986 6.981660
 0.000225 2.511194 1.987234 4.498427 7.186486
 0.000226 2.513570 1.991401 4.504972 7.436727
 0.000226 2.515450 1.996632 4.512082 7.713474
 0.000227 2.516941 2.002775 4.519716 8.016228
 0.000227 2.518196 2.009761 4.527958 8.349639
 0.000228 2.519102 2.017110 4.536212 8.690343
 0.000228 2.519677 2.024925 4.544602 9.043642
 0.000229 2.519820 2.033196 4.553017 9.405056
 0.000229 2.519530 2.041520 4.561049 9.756671
 0.000230 2.518745 2.049080 4.567826 10.058295
 0.000230 2.517429 2.055929 4.573358 10.307956
 0.000231 2.515466 2.061555 4.577020 10.474926
 0.000231 2.512847 2.065831 4.578678 10.550936
 0.000232 2.509522 2.068541 4.578063 10.522689
 0.000232 2.505448 2.069124 4.574572 10.363177
 0.000233 2.500556 2.067636 4.568192 10.074724
 0.000233 2.494945 2.063871 4.558816 9.658246
 0.000234 2.488693 2.057874 4.546567 9.127406
 0.000234 2.481675 2.049126 4.530801 8.466229
 0.000235 2.474037 2.037620 4.511657 7.696813
 0.000235 2.465827 2.023382 4.489208 6.841222
 0.000236 2.457104 2.007037 4.464140 5.945375
 0.000236 2.447973 1.989016 4.436989 5.045972
 0.000237 2.438649 1.970228 4.408877 4.192428
 0.000237 2.429481 1.951540 4.381021 3.424610
 0.000238 2.420571 1.933926 4.354497 2.765638
 0.000238 2.412087 1.918262 4.330348 2.226854
 0.000239 2.404044 1.905274 4.309318 1.805140
 0.000239 2.396436 1.895727 4.292162 1.493889
 0.000240 2.389442 1.889812 4.279254 1.279099
 0.000240 2.383073 1.887881 4.270954 1.149788
 0.000241 2.377302 1.889839 4.267141 1.092693
 0.000241 2.372063 1.895561 4.267624 1.099849
 0.000242 2.367273 1.904540 4.271814 1.162861
 0.000242 2.362891 1.916268 4.279159 1.277581
 0.000243 2.359020 1.930132 4.289152 1.442311
 0.000243 2.355410 1.945119 4.300529 1.642005
 0.000244 2.352182 1.960724 4.312906 1.873967
 0.000244 2.349409 1.976443 4.325852 2.132967
 0.000245 2.347023 1.992412 4.339435 2.422740
 0.000245 2.345130 2.007776 4.352907 2.728364
 0.000246 2.343721 2.022565 4.366285 3.049830
 0.000246 2.342830 2.036647 4.379477 3.384337
 0.000247 2.342497 2.050047 4.392544 3.732827
 0.000247 2.342667 2.062614 4.405281 4.088947
 0.000248 2.343451 2.074560 4.418012 4.461120
 0.000248 2.344705 2.085044 4.429749 4.818618
 0.000249 2.346363 2.093996 4.440359 5.153625
 0.000249 2.348463 2.101276 4.449738 5.459137
 0.000250 2.350805 2.106748 4.457553 5.720398
 0.000250 2.353235 2.110491 4.463726 5.931105
 0.000251 2.355830 2.111716 4.467546 6.063397
 0.000251 2.358575 2.110251 4.468826 6.108055
 0.000252 2.361268 2.106129 4.467397 6.058229
 0.000252 2.363905 2.099268 4.463173 5.912065
 0.000253 2.366447 2.089814 4.456261 5.676801
 0.000253 2.368608 2.077741 4.446349 5.347714
 0.000254 2.370488 2.063593 4.434081 4.954026
 0.000254 2.372080 2.047836 4.419915 4.518170
 0.000255 2.373352 2.031331 4.404683 4.071889
 0.000255 2.374458 2.015006 4.389464 3.649151
 0.000256 2.375541 1.999711 4.375252 3.275300
 0.000256 2.376655 1.986316 4.362970 2.968509
 0.000257 2.377785 1.975532 4.353316 2.737943
 0.000257 2.378933 1.968435 4.347368 2.600524
 0.000258 2.380186 1.965363 4.345549 2.559194
 0.000258 2.381455 1.966299 4.347754 2.609336
 0.000259 2.382836 1.971497 4.354333 2.761783
 0.000259 2.384350 1.980869 4.365220 3.023566
 0.000260 2.385949 1.994007 4.379956 3.396806
 0.000260 2.387545 2.010269 4.397814 3.878217
 0.000261 2.388828 2.028699 4.417527 4.446649
 0.000261 2.389794 2.049422 4.439217 5.116999
 0.000262 2.390342 2.071227 4.461570 5.857080
 0.000262 2.390422 2.092864 4.483286 6.623928
 0.000263 2.389930 2.113663 4.503592 7.383639
 0.000263 2.388878 2.132757 4.521635 8.093275
 0.000264 2.387374 2.149107 4.536481 8.701580
 0.000264 2.385703 2.162925 4.548628 9.215676
 0.000265 2.383874 2.174180 4.558054 9.624779
 0.000265 2.381950 2.183014 4.564964 9.930364
 0.000266 2.379927 2.189420 4.569347 10.126662
 0.000266 2.377954 2.193507 4.571461 10.222011
 0.000267 2.376006 2.195355 4.571361 10.217493
 0.000267 2.374113 2.195241 4.569354 10.126948
 0.000268 2.372405 2.193126 4.565532 9.955676
 0.000268 2.370860 2.189335 4.560195 9.718968
 0.000269 2.369518 2.183930 4.553448 9.423777
 0.000269 2.368308 2.177567 4.545875 9.097878
 0.000270 2.367144 2.169858 4.537002 8.723311
 0.000270 2.365965 2.161021 4.526986 8.309988
 0.000271 2.364712 2.151293 4.516006 7.868356
 0.000271 2.363378 2.141109 4.504487 7.418062
 0.000272 2.361898 2.130414 4.492312 6.956507
 0.000272 2.360195 2.119338 4.479532 6.487994
 0.000273 2.358494 2.108037 4.466531 6.028100
 0.000273 2.357039 2.096812 4.453851 5.595879
 0.000274 2.356001 2.085836 4.441837 5.201185
 0.000274 2.355291 2.075742 4.431033 4.858558
 0.000275 2.354924 2.067070 4.421994 4.580872
 0.000275 2.355205 2.060003 4.415208 4.377784
 0.000276 2.356133 2.055094 4.411227 4.260754
 0.000276 2.357628 2.052726 4.410355 4.235338
 0.000277 2.359571 2.052656 4.412227 4.290022
 0.000277 2.361906 2.055045 4.416951 4.429498
 0.000278 2.364754 2.059417 4.424170 4.646975
 0.000278 2.367886 2.065976 4.433862 4.947131
 0.000279 2.371178 2.074255 4.445432 5.317778
 0.000279 2.374474 2.083877 4.458352 5.747453
 0.000280 2.377772 2.094184 4.471955 6.217919
 0.000280 2.380928 2.104817 4.485745 6.713704
 0.000281 2.383715 2.114729 4.498444 7.187111
 0.000281 2.386089 2.123319 4.509409 7.608837
 0.000282 2.387967 2.129353 4.517320 7.920579
 0.000282 2.389311 2.132043 4.521354 8.081957
 0.000283 2.390113 2.131461 4.521574 8.090794
 0.000283 2.390482 2.127209 4.517691 7.935355
 0.000284 2.390569 2.119247 4.509816 7.624733
 0.000284 2.390518 2.108310 4.498828 7.201673
 0.000285 2.390321 2.094603 4.484924 6.683654
 0.000285 2.389934 2.078786 4.468720 6.104365
 0.000286 2.389539 2.061918 4.451457 5.516070
 0.000286 2.389067 2.044278 4.433345 4.930887
 0.000287 2.388359 2.026731 4.415091 4.374301
 0.000287 2.387578 2.009647 4.397224 3.861801
 0.000288 2.386696 1.994055 4.380751 3.417550
 0.000288 2.385602 1.980937 4.366539 3.056104
 0.000289 2.384213 1.970796 4.355008 2.777673
 0.000289 2.382439 1.963732 4.346171 2.573285
 0.000290 2.380103 1.959612 4.339715 2.428915
 0.000290 2.377135 1.958422 4.335557 2.338140
 0.000291 2.373666 1.960144 4.333811 2.300525
 0.000291 2.369712 1.964045 4.333758 2.299382
 0.000292 2.365440 1.969086 4.334526 2.315885
 0.000292 2.361212 1.974349 4.335561 2.338214
 0.000293 2.357190 1.979746 4.336936 2.368039
 0.000293 2.353506 1.984650 4.338157 2.394684
 0.000294 2.350194 1.989182 4.339376 2.421444
 0.000294 2.347355 1.993809 4.341165 2.460964
 0.000295 2.344971 1.999212 4.344183 2.528379
 0.000295 2.343157 2.005739 4.348897 2.635497
 0.000296 2.341854 2.013957 4.355811 2.796627
 0.000296 2.340909 2.023966 4.364875 3.015091
 0.000297 2.340259 2.035530 4.375789 3.289065
 0.000297 2.339706 2.048597 4.388303 3.617855
 0.000298 2.339161 2.062912 4.402073 3.997743
 0.000298 2.338623 2.078071 4.416694 4.421863
 0.000299 2.337966 2.093369 4.431336 4.867993
 0.000299 2.337143 2.107709 4.444852 5.298875
 0.000300 2.336080 2.120675 4.456755 5.693439
 0.000300 2.334792 2.132017 4.466810 6.037792
 0.000301 2.333445 2.141601 4.475046 6.327397
 0.000301 2.332005 2.148724 4.480729 6.531178
 0.000302 2.330730 2.152762 4.483492 6.631425
 0.000302 2.329653 2.153297 4.482950 6.611693
 0.000303 2.328937 2.150261 4.479197 6.475938
 0.000303 2.328652 2.144013 4.472664 6.242955
 0.000304 2.328768 2.134699 4.463467 5.922195
 0.000304 2.329370 2.122931 4.452301 5.544142
 0.000305 2.330440 2.109734 4.440174 5.147682
 0.000305 2.331961 2.096411 4.428371 4.775930
 0.000306 2.334074 2.083697 4.417771 4.453951
 0.000306 2.336591 2.072248 4.408840 4.191361
 0.000307 2.339502 2.062783 4.402285 4.003727
 0.000307 2.342589 2.055917 4.398506 3.897507
 0.000308 2.345793 2.051947 4.397740 3.876147
 0.000308 2.349190 2.051145 4.400335 3.948740
 0.000309 2.352618 2.053188 4.405806 4.103988
 0.000309 2.356012 2.058169 4.414181 4.347444
 0.000310 2.359338 2.065197 4.424535 4.658110
 0.000310 2.362576 2.073750 4.436326 5.024940
 0.000311 2.365692 2.083819 4.449511 5.451628
 0.000311 2.368898 2.094566 4.463464 5.922086
 0.000312 2.372221 2.105396 4.477617 6.419190
 0.000312 2.375729 2.115597 4.491326 6.919785
 0.000313 2.379385 2.124980 4.504364 7.413334
 0.000313 2.383229 2.133217 4.516445 7.885800
 0.000314 2.387189 2.140259 4.527447 8.328787
 0.000314 2.391209 2.146060 4.537270 8.734500
 0.000315 2.395160 2.150316 4.545476 9.080853
 0.000315 2.398949 2.153528 4.552477 9.381652
 0.000316 2.402439 2.155461 4.557900 9.618057
 0.000316 2.405613 2.156542 4.562155 9.805557
 0.000317 2.408268 2.156297 4.564565 9.912573
 0.000317 2.410410 2.154370 4.564780 9.922172
 0.000318 2.411872 2.150517 4.562389 9.815922
 0.000318 2.412610 2.144691 4.557301 9.591785
 0.000319 2.412494 2.137082 4.549576 9.256437
 0.000319 2.411647 2.127634 4.539281 8.818755
 0.000320 2.410094 2.116534 4.526628 8.295402
 0.000320 2.407934 2.103657 4.511592 7.694226
 0.000321 2.405442 2.088816 4.494258 7.029286
 0.000321 2.402815 2.071631 4.474446 6.306072
 0.000322 2.400250 2.052006 4.452256 5.542636
 0.000322 2.397942 2.030158 4.428100 4.767552
 0.000323 2.395865 2.006403 4.402268 4.003261
 0.000323 2.394147 1.982036 4.376182 3.299165
 0.000324 2.392765 1.957992 4.350757 2.678384
 0.000324 2.391775 1.935154 4.326929 2.155275
 0.000325 2.391081 1.915213 4.306294 1.748145
 0.000325 2.390735 1.899148 4.289883 1.454753
 0.000326 2.390700 1.887770 4.278470 1.266594
 0.000326 2.390923 1.881745 4.272668 1.175922
 0.000327 2.391452 1.881080 4.272532 1.173849
 0.000327 2.392284 1.885170 4.277454 1.250477
 0.000328 2.393282 1.893860 4.287142 1.408380
 0.000328 2.394252 1.906477 4.300729 1.645632
 0.000329 2.395570 1.922352 4.317922 1.972326
 0.000329 2.397299 1.940641 4.337939 2.389934
 0.000330 2.399298 1.960380 4.359677 2.888818
 0.000330 2.401880 1.979672 4.381552 3.438540
 0.000331 2.405053 1.996722 4.401776 3.989333
 0.000331 2.408969 2.010429 4.419398 4.502615
 0.000332 2.413538 2.019716 4.433254 4.928045
 0.000332 2.418580 2.024802 4.443382 5.251134
 0.000333 2.424194 2.025798 4.449992 5.467533
 0.000333 2.430303 2.023409 4.453712 5.591208
 0.000334 2.436758 2.018337 4.455095 5.637556
 0.000334 2.443437 2.011002 4.454439 5.615555
 0.000335 2.450300 2.002217 4.452517 5.551340
 0.000335 2.457133 1.992274 4.449407 5.448185
 0.000336 2.463924 1.982188 4.446112 5.339964
 0.000336 2.470403 1.973017 4.443420 5.252357
 0.000337 2.476602 1.965240 4.441842 5.201342
 0.000337 2.482671 1.959154 4.441826 5.200805
 0.000338 2.488488 1.954752 4.443240 5.246509
 0.000338 2.494014 1.952374 4.446388 5.349000
 0.000339 2.499294 1.952296 4.451590 5.520487
 0.000339 2.504614 1.954372 4.458985 5.768949
 0.000340 2.510042 1.957732 4.467773 6.071327
 0.000340 2.515740 1.961854 4.477593 6.418329
 0.000341 2.521830 1.965918 4.487748 6.787316
 0.000341 2.528170 1.969460 4.497629 7.156261
 0.000342 2.534888 1.971828 4.506716 7.504143
 0.000342 2.541974 1.973069 4.515043 7.830228
 0.000343 2.549261 1.973398 4.522659 8.134503
 0.000343 2.556675 1.973673 4.530348 8.447596
 0.000344 2.564043 1.974716 4.538759 8.796864
 0.000344 2.571209 1.977244 4.548453 9.208164
 0.000345 2.578195 1.981737 4.559932 9.707370
 0.000345 2.584699 1.988132 4.572832 10.284093
 0.000346 2.590527 1.996261 4.586788 10.926785
 0.000346 2.595466 2.006034 4.601500 11.625339
 0.000347 2.599642 2.017045 4.616687 12.369163
 0.000347 2.602963 2.028399 4.631362 13.109838
 0.000348 2.605358 2.039945 4.645303 13.833436
 0.000348 2.606938 2.051010 4.657948 14.506512
 0.000349 2.607854 2.060897 4.668751 15.094272
 0.000349 2.608084 2.069045 4.677129 15.558070
 0.000350 2.607687 2.074625 4.682312 15.848526
 0.000350 2.606740 2.076653 4.683393 15.909483
 0.000351 2.605274 2.074263 4.679538 15.692731
 0.000351 2.603315 2.066557 4.669872 15.155914
 0.000352 2.600758 2.053854 4.654612 14.327397
 0.000352 2.597633 2.037126 4.634759 13.284388
 0.000353 2.593880 2.017271 4.611150 12.095334
 0.000353 2.589387 1.994804 4.584191 10.805718
 0.000354 2.583974 1.970747 4.554721 9.479136
 0.000354 2.577604 1.946124 4.523729 8.177708
 0.000355 2.570221 1.922040 4.492261 6.954608
 0.000355 2.561826 1.899736 4.461562 5.856806
 0.000356 2.552551 1.880381 4.432933 4.917945
 0.000356 2.542593 1.864458 4.407051 4.139738
 0.000357 2.531953 1.852257 4.384209 3.508577
 0.000357 2.520749 1.844492 4.365241 3.024097
 0.000358 2.509218 1.841510 4.350728 2.677714
 0.000358 2.497465 1.843265 4.340731 2.451345
 0.000359 2.485838 1.849261 4.335100 2.328253
 0.000359 2.474516 1.858799 4.333315 2.289898
 0.000360 2.463665 1.870660 4.334324 2.311554
 0.000360 2.453644 1.883840 4.337485 2.380005
 0.000361 2.444618 1.897013 4.341630 2.471308
 0.000361 2.436518 1.909145 4.345663 2.561785
 0.000362 2.429383 1.919460 4.348844 2.634275
 0.000362 2.423317 1.928191 4.351508 2.695796
 0.000363 2.418225 1.935851 4.354075 2.755728
 0.000363 2.413875 1.942733 4.356608 2.815510
 0.000364 2.410346 1.949635 4.359981 2.896113
 0.000364 2.407469 1.957048 4.364517 3.006318
 0.000365 2.405233 1.965515 4.370748 3.161046
 0.000365 2.403460 1.974892 4.378352 3.355127
 0.000366 2.401982 1.985092 4.387074 3.584869
 0.000366 2.400803 1.995924 4.396727 3.847994
 0.000367 2.399956 2.007595 4.407551 4.154124
 0.000367 2.399590 2.019075 4.418665 4.480649
 0.000368 2.399627 2.030467 4.430094 4.829330
 0.000368 2.400122 2.041418 4.441540 5.191601
 0.000369 2.400984 2.051185 4.452168 5.539725
 0.000369 2.402243 2.059455 4.461698 5.861469
 0.000370 2.404046 2.065645 4.469692 6.138352
 0.000370 2.406211 2.069336 4.475547 6.345216
 0.000371 2.408744 2.070201 4.478945 6.466854
 0.000371 2.411676 2.067244 4.478920 6.465971
 0.000372 2.414869 2.060599 4.475468 6.342412
 0.000372 2.418126 2.050614 4.468740 6.105057
 0.000373 2.421323 2.038248 4.459571 5.788876
 0.000373 2.424435 2.024829 4.449264 5.443477
 0.000374 2.427366 2.011455 4.438821 5.104360
 0.000374 2.430127 1.999214 4.429340 4.805933
 0.000375 2.432634 1.988910 4.421544 4.567246
 0.000375 2.434799 1.982197 4.416996 4.430828
 0.000376 2.436751 1.979392 4.416143 4.405472
 0.000376 2.438567 1.980242 4.418809 4.484972
 0.000377 2.440268 1.984973 4.425241 4.679692
 0.000377 2.441980 1.993480 4.435460 4.997525
 0.000378 2.443644 2.005622 4.449267 5.443554
 0.000378 2.445456 2.020656 4.466112 6.013562
 0.000379 2.447472 2.037576 4.485047 6.688167
 0.000379 2.449522 2.055487 4.505010 7.438192
 0.000380 2.451715 2.073347 4.525062 8.231722
 0.000380 2.454022 2.090155 4.544176 9.025550
 0.000381 2.456402 2.104505 4.560908 9.750406
 0.000381 2.458818 2.115426 4.574244 10.348230
 0.000382 2.461075 2.123146 4.584221 10.807115
 0.000382 2.463124 2.128021 4.591145 11.131397
 0.000383 2.464905 2.130060 4.594965 11.312383
 0.000383 2.466193 2.129972 4.596165 11.369531
 0.000384 2.466803 2.127705 4.594508 11.290628
 0.000384 2.466627 2.123527 4.590154 11.084696
 0.000385 2.465736 2.117950 4.583686 10.782248
 0.000385 2.464171 2.111875 4.576046 10.430387
 0.000386 2.461872 2.105214 4.567086 10.025157
 0.000386 2.458957 2.097642 4.556599 9.561060
 0.000387 2.455532 2.089704 4.545236 9.070634
 0.000387 2.451392 2.081774 4.533167 8.563852
 0.000388 2.446682 2.073940 4.520622 8.052541
 0.000388 2.441523 2.066022 4.507545 7.536294
 0.000389 2.436036 2.057921 4.493957 7.018006
 0.000389 2.430284 2.049823 4.480107 6.508700
 0.000390 2.424121 2.041009 4.465130 5.979570
 0.000390 2.417776 2.031215 4.448991 5.434470
 0.000391 2.411283 2.020144 4.431427 4.870837
 0.000391 2.404589 2.007921 4.412510 4.298300
 0.000392 2.397685 1.994524 4.392210 3.723703
 0.000392 2.390448 1.981473 4.371921 3.190616
 0.000393 2.383023 1.970019 4.353042 2.731519
 0.000393 2.375369 1.961282 4.336652 2.361868
 0.000394 2.367538 1.956032 4.323570 2.086100
 0.000394 2.359591 1.954221 4.313811 1.891530
 0.000395 2.351873 1.956199 4.308072 1.781557
 0.000395 2.344393 1.962277 4.306670 1.755188
 0.000396 2.337297 1.972360 4.309657 1.811600
 0.000396 2.330733 1.986004 4.316737 1.948858
 0.000397 2.324712 2.002575 4.327287 2.162720
 0.000397 2.319416 2.021186 4.340602 2.448499
 0.000398 2.314848 2.041092 4.355940 2.799684
 0.000398 2.311237 2.061436 4.372672 3.209615
 0.000399 2.308625 2.081034 4.389659 3.654423
 0.000399 2.306770 2.099401 4.406171 4.114462
 0.000400 2.305567 2.115387 4.420954 4.549452
 0.000400 2.304995 2.127858 4.432853 4.915461
 0.000401 2.305000 2.136412 4.441412 5.187488
 0.000401 2.305449 2.140826 4.446275 5.345279
 0.000402 2.306168 2.140933 4.447101 5.372342
 0.000402 2.307158 2.137205 4.444362 5.282942
 0.000403 2.308230 2.130125 4.438355 5.089484
 0.000403 2.309311 2.120518 4.429829 4.821106
 0.000404 2.310471 2.108751 4.419222 4.497351
 0.000404 2.311783 2.095731 4.407514 4.153081
 0.000405 2.313297 2.082495 4.395793 3.822126
 0.000405 2.315060 2.069968 4.385028 3.530301
 0.000406 2.317186 2.058598 4.375784 3.288926
 0.000406 2.319529 2.048924 4.368454 3.103618
 0.000407 2.322090 2.041028 4.363118 2.972100
 0.000407 2.325001 2.035590 4.360591 2.910827
 0.000408 2.328129 2.032168 4.360296 2.903710
 0.000408 2.331554 2.030219 4.361773 2.939416
 0.000409 2.335278 2.029362 4.364640 3.009337
 0.000409 2.339241 2.029591 4.368832 3.113048
 0.000410 2.343190 2.031151 4.374341 3.252025
 0.000410 2.347073 2.033668 4.380740 3.417285
 0.000411 2.350759 2.036733 4.387491 3.596047
 0.000411 2.354193 2.040567 4.394760 3.793635
 0.000412 2.357407 2.045278 4.402685 4.015061
 0.000412 2.360187 2.051360 4.411548 4.270129
 0.000413 2.362587 2.059335 4.421922 4.578680
 0.000413 2.364477 2.069093 4.433570 4.937968
 0.000414 2.365936 2.080803 4.446739 5.360461
 0.000414 2.367061 2.094214 4.461275 5.846995
 0.000415 2.367863 2.109600 4.477462 6.413648
 0.000415 2.368401 2.126828 4.495229 7.065754
 0.000416 2.368606 2.145074 4.513680 7.776375
 0.000416 2.368543 2.163655 4.532198 8.523811
 0.000417 2.368221 2.182055 4.550277 9.286598
 0.000417 2.367451 2.199584 4.567035 10.022870
 0.000418 2.366396 2.215374 4.581770 10.693443
 0.000418 2.364982 2.228884 4.593866 11.260161
 0.000419 2.363127 2.239630 4.602756 11.685994
 0.000419 2.360639 2.247534 4.608173 11.949332
 0.000420 2.357611 2.251595 4.609206 11.999883
 0.000420 2.354094 2.251566 4.605660 11.826790
 0.000421 2.349964 2.247409 4.597373 11.427190
 0.000421 2.345108 2.239470 4.584578 10.823715
 0.000422 2.339575 2.228056 4.567631 10.049556
 0.000422 2.333573 2.214014 4.547586 9.171018
 0.000423 2.327261 2.198101 4.525362 8.243906
 0.000423 2.320712 2.181088 4.501800 7.314900
 0.000424 2.314060 2.163990 4.478050 6.434722
 0.000424 2.307436 2.147485 4.454921 5.631731
 0.000425 2.300872 2.132228 4.433100 4.923204
 0.000425 2.294389 2.118727 4.413116 4.316083
 0.000426 2.288120 2.107649 4.395769 3.821477
 0.000426 2.282118 2.099523 4.381641 3.440876
 0.000427 2.276403 2.094748 4.371151 3.171191
 0.000427 2.271117 2.093268 4.364385 3.003078
 0.000428 2.266373 2.094811 4.361184 2.925144
 0.000428 2.262105 2.099101 4.361206 2.925683
 0.000429 2.258282 2.105887 4.364169 2.997783
 0.000429 2.254851 2.114231 4.369082 3.119290
 0.000430 2.251893 2.123730 4.375623 3.284807
 0.000430 2.249344 2.133545 4.382888 3.473666
 0.000431 2.247114 2.143257 4.390371 3.673694
 0.000431 2.245235 2.152445 4.397680 3.874480
 0.000432 2.243834 2.160634 4.404468 4.065739
 0.000432 2.242905 2.168055 4.410960 4.252987
 0.000433 2.242615 2.174501 4.417116 4.434397
 0.000433 2.242975 2.180100 4.423074 4.613627
 0.000434 2.243917 2.184629 4.428546 4.781339
 0.000434 2.245563 2.188144 4.433707 4.942250
 0.000435 2.248014 2.190123 4.438138 5.082543
 0.000435 2.251370 2.191035 4.442405 5.219512
 0.000436 2.255487 2.190659 4.446146 5.341084
 0.000436 2.260142 2.188753 4.448895 5.431306
 0.000437 2.265530 2.185335 4.450864 5.496405
 0.000437 2.271400 2.180603 4.452002 5.534202
 0.000438 2.277847 2.174735 4.452582 5.553512
 0.000438 2.284810 2.167595 4.452406 5.547621
 0.000439 2.292172 2.158814 4.450986 5.500439
 0.000439 2.299680 2.148247 4.447926 5.399419
 0.000440 2.307291 2.136196 4.443486 5.254503
 0.000440 2.314889 2.122577 4.437466 5.061165
 0.000441 2.322333 2.107664 4.429997 4.826315
 0.000441 2.329824 2.092116 4.421940 4.579231
 0.000442 2.337254 2.076258 4.413511 4.327705
 0.000442 2.344586 2.060837 4.405423 4.093017
 0.000443 2.351733 2.046601 4.398334 3.892701
 0.000443 2.358771 2.034393 4.393164 3.749786
 0.000444 2.365695 2.025041 4.390735 3.683575
 0.000444 2.372251 2.018873 4.391123 3.694114
 0.000445 2.378626 2.015834 4.394460 3.785372
 0.000445 2.384797 2.016588 4.401385 3.978292
 0.000446 2.390675 2.021446 4.412122 4.286919
 0.000446 2.396219 2.029953 4.426172 4.708213
 0.000447 2.401268 2.042073 4.443341 5.249789
 0.000447 2.405843 2.057118 4.462961 5.904796
 0.000448 2.409891 2.074667 4.484557 6.670270
 0.000448 2.413256 2.093140 4.506395 7.491732
 0.000449 2.415823 2.111733 4.527556 8.333224
 0.000449 2.417592 2.129449 4.547041 9.147686
 0.000450 2.418458 2.145682 4.564140 9.893673
 0.000450 2.418543 2.159769 4.578312 10.534103
 0.000451 2.417866 2.171528 4.589394 11.048934
 0.000451 2.416441 2.181090 4.597531 11.434738
 0.000452 2.414422 2.188486 4.602908 11.693342
 0.000452 2.411906 2.193730 4.605636 11.825618
 0.000453 2.408798 2.196799 4.605596 11.823705
 0.000453 2.405263 2.198123 4.603386 11.716478
 0.000454 2.401278 2.198180 4.599459 11.527126
 0.000454 2.396962 2.197199 4.594161 11.274152
 0.000455 2.392285 2.195309 4.587594 10.964502
 0.000455 2.387415 2.192512 4.579926 10.608356
 0.000456 2.382290 2.188851 4.571141 10.207553
 0.000456 2.376831 2.184535 4.561367 9.770695
 0.000457 2.371262 2.179768 4.551030 9.319091
 0.000457 2.365567 2.173892 4.539458 8.826218
 0.000458 2.359630 2.167208 4.526838 8.303920
 0.000458 2.353462 2.159281 4.512743 7.739469
 0.000459 2.347096 2.149875 4.496971 7.131384
 0.000459 2.340513 2.139175 4.479689 6.493621
 0.000460 2.333699 2.126976 4.460675 5.826493
 0.000460 2.326940 2.113757 4.440697 5.164474
 0.000461 2.320297 2.099713 4.420009 4.520992
 0.000461 2.313906 2.085728 4.399634 3.929067
 0.000462 2.307842 2.072330 4.380171 3.402426
 0.000462 2.302219 2.060021 4.362240 2.950735
 0.000463 2.297348 2.048900 4.346248 2.575025
 0.000463 2.293160 2.039318 4.332477 2.272010
 0.000464 2.289604 2.032180 4.321784 2.049777
 0.000464 2.286703 2.027123 4.313827 1.891832
 0.000465 2.284472 2.024200 4.308672 1.792891
 0.000465 2.282815 2.023453 4.306268 1.747653
 0.000466 2.281883 2.024603 4.306486 1.751731
 0.000466 2.281692 2.027261 4.308952 1.798206
 0.000467 2.282004 2.030963 4.312967 1.875143
 0.000467 2.282857 2.035105 4.317962 1.973127
 0.000468 2.284199 2.039031 4.323230 2.079170
 0.000468 2.286160 2.042010 4.328170 2.181121
 0.000469 2.288621 2.042895 4.331516 2.251568
 0.000469 2.291440 2.041222 4.332662 2.275941
 0.000470 2.294668 2.037050 4.331718 2.255848
 0.000470 2.298455 2.030835 4.329289 2.204560
 0.000471 2.302680 2.022314 4.324995 2.115299
 0.000471 2.307423 2.011754 4.319177 1.997334
 0.000472 2.312640 2.000356 4.312995 1.875697
 0.000472 2.318350 1.988377 4.306727 1.756251
 0.000473 2.324574 1.976839 4.301413 1.658060
 0.000473 2.331084 1.966279 4.297364 1.585153
 0.000474 2.337888 1.956966 4.294854 1.540782
 0.000474 2.345047 1.949160 4.294207 1.529443
 0.000475 2.352535 1.943586 4.296121 1.563092
 0.000475 2.360366 1.939835 4.300201 1.636067
 0.000476 2.368301 1.937968 4.306269 1.747671
 0.000476 2.376233 1.938211 4.314444 1.903861
 0.000477 2.384056 1.940094 4.324150 2.097965
 0.000477 2.391635 1.943369 4.335004 2.326192
 0.000478 2.398999 1.947578 4.346576 2.582494
 0.000478 2.406018 1.951836 4.357854 2.845164
 0.000479 2.412596 1.955653 4.368249 3.098514
 0.000479 2.418705 1.958761 4.377466 3.332213
 0.000480 2.424520 1.960885 4.385405 3.540329
 0.000480 2.430031 1.961654 4.391685 3.709403
 0.000481 2.435297 1.961794 4.397091 3.858110
 0.000481 2.440253 1.962306 4.402559 4.011496
 0.000482 2.444807 1.964115 4.408922 4.193739
 0.000482 2.448980 1.967631 4.416611 4.419381
 0.000483 2.452799 1.973105 4.425904 4.699978
 0.000483 2.456250 1.980532 4.436782 5.039420
 0.000484 2.459408 1.990759 4.450167 5.473313
 0.000484 2.462177 2.003521 4.465699 5.999241
 0.000485 2.464551 2.018307 4.482858 6.608327
 0.000485 2.466556 2.034972 4.501528 7.304499
 0.000486 2.468082 2.053029 4.521112 8.072214
 0.000486 2.469177 2.071633 4.540810 8.883086
 0.000487 2.469696 2.090355 4.560051 9.712603
 0.000487 2.469526 2.108736 4.578262 10.531823
 0.000488 2.468802 2.125891 4.594693 11.299443
 0.000488 2.467719 2.141410 4.609129 11.996097
 0.000489 2.466306 2.154379 4.620685 12.568846
 0.000489 2.464650 2.164388 4.629038 12.991096
 0.000490 2.462822 2.171578 4.634400 13.265856
 0.000490 2.460860 2.175804 4.636664 13.382747
 0.000491 2.458959 2.177319 4.636278 13.362800
 0.000491 2.457094 2.176597 4.633691 13.229370
 0.000492 2.455203 2.173902 4.629106 12.994570
 0.000492 2.453293 2.170202 4.623495 12.710087
 0.000493 2.451440 2.165893 4.617334 12.401364
 0.000493 2.449746 2.161019 4.610765 12.076378
 0.000494 2.448006 2.155948 4.603954 11.743962
 0.000494 2.446171 2.150781 4.596952 11.407085
 0.000495 2.444237 2.145257 4.589494 11.053655
 0.000495 2.442157 2.139595 4.581751 10.692586
 0.000496 2.440055 2.134023 4.574078 10.340672
 0.000496 2.437782 2.128550 4.566332 9.991433
 0.000497 2.435447 2.122723 4.558170 9.629884
 0.000497 2.433060 2.116266 4.549326 9.245658
 0.000498 2.430649 2.108652 4.539301 8.819589
 0.000498 2.428209 2.099926 4.528135 8.356869
 0.000499 2.425828 2.089190 4.515018 7.829226
 0.000499 2.423718 2.076430 4.500148 7.251879
 0.000500 2.421945 2.062019 4.483964 6.648617
