#! FIELDS time dAB dAC rc bias
 0.000000 2.917061 4.249741 7.166802 0.646476
 0.000000 2.918890 4.250336 7.169226 0.670565
 0.000001 2.921252 4.250934 7.172186 0.700581
 0.000001 2.923945 4.251568 7.175513 0.735100
 0.000002 2.926674 4.252164 7.178838 0.770432
 0.000002 2.929384 4.252625 7.182010 0.804902
 0.000003 2.931808 4.252979 7.184787 0.835711
 0.000003 2.933915 4.253287 7.187202 0.862966
 0.000004 2.935750 4.253532 7.189282 0.886793
 0.000004 2.937270 4.253668 7.190938 0.905991
 0.000005 2.937971 4.253848 7.191820 0.916307
 0.000005 2.937990 4.253884 7.191875 0.916947
 0.000006 2.936797 4.253799 7.190596 0.902012
 0.000006 2.934522 4.253660 7.188181 0.874146
 0.000007 2.931180 4.253474 7.184653 0.834214
 0.000007 2.927387 4.253213 7.180600 0.789490
 0.000008 2.923172 4.252842 7.176013 0.740362
 0.000008 2.918790 4.252337 7.171127 0.689764
 0.000009 2.914544 4.251623 7.166167 0.640237
 0.000009 2.910478 4.250729 7.161207 0.592555
 0.000010 2.906348 4.249689 7.156038 0.544821
 0.000010 2.902719 4.248469 7.151188 0.501860
 0.000011 2.899609 4.246928 7.146537 0.462319
 0.000011 2.897367 4.245273 7.142640 0.430434
 0.000012 2.895820 4.243457 7.139277 0.403835
 0.000012 2.894642 4.241495 7.136137 0.379764
 0.000013 2.894308 4.239282 7.133590 0.360784
 0.000013 2.894923 4.236945 7.131867 0.348226
 0.000014 2.896544 4.234508 7.131052 0.342355
 0.000014 2.898970 4.232000 7.130971 0.341774
 0.000015 2.901758 4.229495 7.131253 0.343796
 0.000015 2.904799 4.226966 7.131765 0.347484
 0.000016 2.908042 4.224309 7.132351 0.351726
 0.000016 2.910727 4.221682 7.132410 0.352156
 0.000017 2.912393 4.219146 7.131539 0.345853
 0.000017 2.913615 4.216762 7.130376 0.337533
 0.000018 2.913850 4.214513 7.128363 0.323362
 0.000018 2.912989 4.212326 7.125315 0.302482
 0.000019 2.911146 4.210363 7.121509 0.277386
 0.000019 2.908229 4.208713 7.116942 0.248708
 0.000020 2.904156 4.207100 7.111256 0.215193
 0.000020 2.899019 4.205593 7.104611 0.179097
 0.000021 2.893195 4.204144 7.097340 0.143389
 0.000021 2.887672 4.202815 7.090487 0.113369
 0.000022 2.882805 4.201704 7.084509 0.090058
 0.000022 2.878575 4.200666 7.079241 0.071737
 0.000023 2.875280 4.199529 7.074808 0.057933
 0.000023 2.872833 4.198343 7.071176 0.047720
 0.000024 2.871375 4.197069 7.068444 0.040691
 0.000024 2.871550 4.195746 7.067296 0.037903
 0.000025 2.872899 4.194332 7.067230 0.037747
 0.000025 2.875412 4.192815 7.068227 0.040157
 0.000026 2.878746 4.191079 7.069825 0.044174
 0.000026 2.882568 4.189243 7.071811 0.049434
 0.000027 2.886894 4.187329 7.074223 0.056221
 0.000027 2.890730 4.185270 7.076000 0.061499
 0.000028 2.893976 4.183002 7.076978 0.064505
 0.000028 2.896054 4.180526 7.076581 0.063275
 0.000029 2.897127 4.177940 7.075068 0.058700
 0.000029 2.897001 4.175244 7.072245 0.050622
 0.000030 2.895541 4.172370 7.067911 0.039383
 0.000030 2.893030 4.169352 7.062383 0.027094
 0.000031 2.889864 4.166350 7.056214 0.016085
 0.000031 2.886022 4.163399 7.049421 0.007264
 0.000032 2.881852 4.160451 7.042303 0.001734
 0.000032 2.877670 4.157649 7.035320 0.000001
 0.000033 2.873751 4.155145 7.028896 0.001637
 0.000033 2.870861 4.152732 7.023593 0.005320
 0.000034 2.869410 4.150505 7.019915 0.009113
 0.000034 2.869662 4.148411 7.018073 0.011394
 0.000035 2.871586 4.146605 7.018192 0.011239
 0.000035 2.874786 4.145065 7.019851 0.009187
 0.000036 2.878953 4.143873 7.022826 0.006027
 0.000036 2.883643 4.142867 7.026511 0.003033
 0.000037 2.888796 4.142010 7.030806 0.000827
 0.000037 2.894198 4.141324 7.035522 0.000000
 0.000038 2.899191 4.140923 7.040114 0.000797
 0.000038 2.903502 4.140777 7.044279 0.002888
 0.000039 2.906341 4.140704 7.047045 0.004996
 0.000039 2.907438 4.140838 7.048276 0.006117
 0.000040 2.906671 4.141083 7.047754 0.005627
 0.000040 2.904002 4.141325 7.045327 0.003619
 0.000041 2.899706 4.141493 7.041199 0.001216
 0.000041 2.893901 4.141636 7.035537 0.000000
 0.000042 2.886916 4.141747 7.028663 0.001755
 0.000042 2.879317 4.141757 7.021074 0.007808
 0.000043 2.871774 4.141792 7.013566 0.018047
 0.000043 2.864561 4.141648 7.006209 0.032181
 0.000044 2.858185 4.141431 6.999616 0.048298
 0.000044 2.853256 4.141199 6.994454 0.063188
 0.000045 2.850309 4.140899 6.991209 0.073575
 0.000045 2.849181 4.140449 6.989630 0.078915
 0.000046 2.850042 4.139849 6.989891 0.078019
 0.000046 2.852823 4.138985 6.991808 0.071599
 0.000047 2.857124 4.137984 6.995108 0.061193
 0.000047 2.862511 4.136961 6.999472 0.048684
 0.000048 2.868854 4.135977 7.004831 0.035279
 0.000048 2.875900 4.135016 7.010916 0.022670
 0.000049 2.883231 4.133944 7.017175 0.012598
 0.000049 2.890090 4.132823 7.022913 0.005945
 0.000050 2.895908 4.131636 7.027544 0.002376
 0.000050 2.900634 4.130569 7.031203 0.000694
 0.000051 2.904007 4.129688 7.033695 0.000123
 0.000051 2.905956 4.128810 7.034766 0.000020
 0.000052 2.906418 4.128065 7.034482 0.000039
 0.000052 2.905867 4.127561 7.033428 0.000162
 0.000053 2.904333 4.127146 7.031479 0.000607
 0.000053 2.902074 4.126793 7.028868 0.001651
 0.000054 2.899772 4.126541 7.026313 0.003168
 0.000054 2.897565 4.126488 7.024053 0.004916
 0.000055 2.896027 4.126648 7.022675 0.006171
 0.000055 2.895792 4.126945 7.022737 0.006112
 0.000056 2.897032 4.127390 7.024422 0.004605
 0.000056 2.899659 4.128072 7.027731 0.002265
 0.000057 2.903876 4.128808 7.032684 0.000298
 0.000057 2.909196 4.129587 7.038783 0.000403
 0.000058 2.915830 4.130408 7.046238 0.004321
 0.000058 2.923996 4.131184 7.055179 0.014518
 0.000059 2.933038 4.132051 7.065089 0.032825
 0.000059 2.942331 4.132889 7.075220 0.059153
 0.000060 2.951684 4.133629 7.085313 0.093037
 0.000060 2.960687 4.134215 7.094902 0.132309
 0.000061 2.969120 4.134628 7.103748 0.174649
 0.000061 2.977118 4.134917 7.112035 0.219643
 0.000062 2.983921 4.135002 7.118923 0.260955
 0.000062 2.989359 4.134854 7.124213 0.295105
 0.000063 2.993419 4.134416 7.127835 0.319692
 0.000063 2.995781 4.133566 7.129347 0.330248
 0.000064 2.996412 4.132368 7.128780 0.326267
 0.000064 2.995970 4.130983 7.126953 0.313614
 0.000065 2.994910 4.129298 7.124208 0.295071
 0.000065 2.993391 4.127499 7.120890 0.273409
 0.000066 2.991986 4.125550 7.117535 0.252347
 0.000066 2.990971 4.123540 7.114511 0.234083
 0.000067 2.990269 4.121469 7.111738 0.217941
 0.000067 2.989725 4.119401 7.109127 0.203264
 0.000068 2.989862 4.117196 7.107057 0.191999
 0.000068 2.990954 4.114953 7.105907 0.185873
 0.000069 2.992799 4.112665 7.105464 0.183541
 0.000069 2.995672 4.110520 7.106192 0.187385
 0.000070 2.999326 4.108567 7.107893 0.196507
 0.000070 3.003681 4.106812 7.110493 0.210881
 0.000071 3.008305 4.105261 7.113566 0.228517
 0.000071 3.012832 4.103865 7.116697 0.247217
 0.000072 3.016806 4.102559 7.119366 0.263732
 0.000072 3.019873 4.101399 7.121272 0.275859
 0.000073 3.021907 4.100346 7.122253 0.282204
 0.000073 3.022712 4.099436 7.122148 0.281522
 0.000074 3.022248 4.098597 7.120844 0.273116
 0.000074 3.020519 4.097753 7.118272 0.256897
 0.000075 3.017405 4.096976 7.114381 0.233314
 0.000075 3.012551 4.096356 7.108907 0.202054
 0.000076 3.006257 4.095736 7.101994 0.165786
 0.000076 2.998764 4.095135 7.093899 0.127876
 0.000077 2.990885 4.094442 7.085327 0.093090
 0.000077 2.982484 4.093568 7.076052 0.061656
 0.000078 2.974016 4.092635 7.066651 0.036381
 0.000078 2.965532 4.091632 7.057164 0.017594
 0.000079 2.957804 4.090601 7.048405 0.006242
 0.000079 2.951123 4.089429 7.040552 0.000956
 0.000080 2.945530 4.088192 7.033722 0.000119
 0.000080 2.941123 4.086736 7.027859 0.002192
 0.000081 2.937873 4.085147 7.023020 0.005844
 0.000081 2.935597 4.083442 7.019040 0.010165
 0.000082 2.934655 4.081554 7.016209 0.013960
 0.000082 2.934561 4.079533 7.014093 0.017190
 0.000083 2.935049 4.077513 7.012562 0.019737
 0.000083 2.935719 4.075473 7.011192 0.022164
 0.000084 2.937101 4.073445 7.010546 0.023358
 0.000084 2.938535 4.071449 7.009984 0.024421
 0.000085 2.939693 4.069480 7.009173 0.025999
 0.000085 2.940811 4.067560 7.008371 0.027607
 0.000086 2.941410 4.065885 7.007295 0.029838
 0.000086 2.941019 4.064530 7.005549 0.033647
 0.000087 2.939309 4.063381 7.002689 0.040379
 0.000087 2.935997 4.062498 6.998495 0.051362
 0.000088 2.931271 4.061868 6.993138 0.067305
 0.000088 2.925606 4.061564 6.987170 0.087604
 0.000089 2.919532 4.061527 6.981059 0.111157
 0.000089 2.913125 4.061629 6.974754 0.138394
 0.000090 2.907167 4.061888 6.969055 0.165576
 0.000090 2.901727 4.062417 6.964144 0.190957
 0.000091 2.896777 4.063186 6.959963 0.213989
 0.000091 2.892562 4.064239 6.956801 0.232276
 0.000092 2.889634 4.065483 6.955117 0.242324
 0.000092 2.888086 4.066896 6.954982 0.243137
 0.000093 2.888173 4.068414 6.956587 0.233541
 0.000093 2.889836 4.070131 6.959966 0.213969
 0.000094 2.893236 4.071961 6.965196 0.185365
 0.000094 2.897603 4.073798 6.971401 0.154090
 0.000095 2.902312 4.075579 6.977891 0.124470
 0.000095 2.907329 4.077302 6.984630 0.097053
 0.000096 2.912433 4.078942 6.991375 0.073025
 0.000096 2.917048 4.080457 6.997505 0.054146
 0.000097 2.920846 4.081895 7.002741 0.040251
 0.000097 2.923856 4.083136 7.006992 0.030484
 0.000098 2.925537 4.084108 7.009645 0.025075
 0.000098 2.925935 4.084917 7.010852 0.022789
 0.000099 2.925216 4.085602 7.010818 0.022851
 0.000099 2.923388 4.086055 7.009443 0.025469
 0.000100 2.920669 4.086462 7.007131 0.030188
 0.000100 2.917787 4.086812 7.004599 0.035815
 0.000101 2.915354 4.087031 7.002384 0.041133
 0.000101 2.914074 4.087184 7.001257 0.043980
 0.000102 2.913581 4.087295 7.000876 0.044964
 0.000102 2.913696 4.087392 7.001089 0.044414
 0.000103 2.914787 4.087301 7.002087 0.041875
 0.000103 2.916973 4.087051 7.004024 0.037161
 0.000104 2.920524 4.086880 7.007404 0.029609
 0.000104 2.925259 4.086745 7.012004 0.020708
 0.000105 2.930796 4.086707 7.017503 0.012151
 0.000105 2.936947 4.086649 7.023596 0.005317
 0.000106 2.943495 4.086711 7.030206 0.001052
 0.000106 2.950136 4.086909 7.037045 0.000089
 0.000107 2.956569 4.087188 7.043757 0.002554
 0.000107 2.963237 4.087720 7.050956 0.008955
 0.000108 2.969876 4.088444 7.058320 0.019521
 0.000108 2.975890 4.089165 7.065055 0.032748
 0.000109 2.980888 4.089821 7.070709 0.046479
 0.000109 2.985074 4.090507 7.075580 0.060231
 0.000110 2.987972 4.091247 7.079219 0.071665
 0.000110 2.989794 4.092013 7.081807 0.080401
 0.000111 2.990704 4.092713 7.083417 0.086090
 0.000111 2.990879 4.093219 7.084098 0.088554
 0.000112 2.991183 4.093619 7.084803 0.091140
 0.000112 2.991219 4.094040 7.085259 0.092835
 0.000113 2.991182 4.094384 7.085566 0.093986
 0.000113 2.991643 4.094642 7.086285 0.096703
 0.000114 2.992887 4.094762 7.087650 0.101972
 0.000114 2.994868 4.094722 7.089590 0.109701
 0.000115 2.998147 4.094437 7.092584 0.122184
 0.000115 3.002752 4.093762 7.096514 0.139585
 0.000116 3.007948 4.092833 7.100780 0.159789
 0.000116 3.014116 4.091676 7.105793 0.185272
 0.000117 3.020599 4.090229 7.110828 0.212767
 0.000117 3.026892 4.088549 7.115441 0.239625
 0.000118 3.032948 4.086728 7.119677 0.265694
 0.000118 3.038611 4.084951 7.123563 0.290792
 0.000119 3.043566 4.083029 7.126595 0.311164
 0.000119 3.047203 4.080962 7.128165 0.321980
 0.000120 3.049767 4.078937 7.128704 0.325735
 0.000120 3.051172 4.077007 7.128179 0.322080
 0.000121 3.051226 4.075122 7.126348 0.309480
 0.000121 3.049958 4.073285 7.123243 0.288686
 0.000122 3.047728 4.071478 7.119206 0.262727
 0.000122 3.044730 4.069849 7.114579 0.234485
 0.000123 3.041178 4.068399 7.109578 0.205762
 0.000123 3.037427 4.067061 7.104488 0.178457
 0.000124 3.033759 4.065895 7.099654 0.154322
 0.000124 3.030091 4.064944 7.095036 0.132902
 0.000125 3.026639 4.064260 7.090899 0.115076
 0.000125 3.023623 4.063699 7.087322 0.100694
 0.000126 3.021460 4.063401 7.084861 0.091358
 0.000126 3.020156 4.063180 7.083337 0.085800
 0.000127 3.019664 4.063048 7.082712 0.083575
 0.000127 3.019533 4.063104 7.082636 0.083306
 0.000128 3.019852 4.063099 7.082951 0.084423
 0.000128 3.020697 4.062901 7.083598 0.086742
 0.000129 3.021394 4.062568 7.083962 0.088059
 0.000129 3.021735 4.062279 7.084014 0.088249
 0.000130 3.021792 4.062020 7.083812 0.087516
 0.000130 3.021236 4.061624 7.082860 0.084100
 0.000131 3.020099 4.061240 7.081339 0.078783
 0.000131 3.017887 4.060637 7.078524 0.069403
 0.000132 3.014920 4.059897 7.074817 0.057959
 0.000132 3.010986 4.058923 7.069909 0.044390
 0.000133 3.006247 4.057811 7.064057 0.030575
 0.000133 3.000923 4.056460 7.057383 0.017951
 0.000134 2.994962 4.054868 7.049830 0.007697
 0.000134 2.989103 4.053098 7.042202 0.001682
 0.000135 2.983690 4.051214 7.034905 0.000013
 0.000135 2.978850 4.049171 7.028021 0.002100
 0.000136 2.974759 4.047132 7.021891 0.006948
 0.000136 2.971335 4.045087 7.016422 0.013654
 0.000137 2.968905 4.042982 7.011887 0.020915
 0.000137 2.967149 4.040874 7.008022 0.028320
 0.000138 2.965804 4.038850 7.004655 0.035687
 0.000138 2.965631 4.036960 7.002592 0.040619
 0.000139 2.966327 4.035399 7.001726 0.042784
 0.000139 2.967729 4.034063 7.001792 0.042616
 0.000140 2.969708 4.032964 7.002672 0.040423
 0.000140 2.971660 4.032018 7.003678 0.037982
 0.000141 2.973702 4.031223 7.004925 0.035065
 0.000141 2.975187 4.030709 7.005896 0.032873
 0.000142 2.975803 4.030551 7.006354 0.031864
 0.000142 2.975189 4.030602 7.005792 0.033105
 0.000143 2.973759 4.031006 7.004765 0.035431
 0.000143 2.971923 4.031750 7.003673 0.037994
 0.000144 2.969490 4.032688 7.002178 0.041646
 0.000144 2.966958 4.033899 7.000857 0.045014
 0.000145 2.964258 4.035530 6.999789 0.047833
 0.000145 2.961797 4.037330 6.999126 0.049623
 0.000146 2.959634 4.039322 6.998956 0.050090
 0.000146 2.958020 4.041367 6.999386 0.048916
 0.000147 2.956672 4.043546 7.000218 0.046691
 0.000147 2.955967 4.045642 7.001609 0.043081
 0.000148 2.956438 4.047765 7.004204 0.036738
 0.000148 2.957848 4.049848 7.007696 0.028996
 0.000149 2.959787 4.051990 7.011777 0.021111
 0.000149 2.962223 4.054035 7.016258 0.013890
 0.000150 2.965611 4.056075 7.021686 0.007159
 0.000150 2.969659 4.058182 7.027841 0.002202
 0.000151 2.973750 4.060126 7.033876 0.000099
 0.000151 2.977654 4.061840 7.039494 0.000597
 0.000152 2.981355 4.063442 7.044797 0.003239
 0.000152 2.984765 4.064915 7.049681 0.007537
 0.000153 2.987826 4.066158 7.053983 0.012807
 0.000153 2.990568 4.067290 7.057857 0.018739
 0.000154 2.992813 4.068247 7.061060 0.024493
 0.000154 2.994447 4.069169 7.063616 0.029636
 0.000155 2.995490 4.070060 7.065550 0.033854
 0.000155 2.996002 4.070954 7.066956 0.037097
 0.000156 2.996034 4.071817 7.067850 0.039237
 0.000156 2.995709 4.072724 7.068433 0.040664
 0.000157 2.995224 4.073594 7.068818 0.041619
 0.000157 2.994942 4.074483 7.069425 0.043150
 0.000158 2.994663 4.075290 7.069953 0.044503
 0.000158 2.994718 4.076149 7.070867 0.046897
 0.000159 2.994935 4.077030 7.071965 0.049856
 0.000159 2.995764 4.077942 7.073705 0.054727
 0.000160 2.997100 4.078997 7.076097 0.061794
 0.000160 2.998608 4.080054 7.078662 0.069851
 0.000161 3.000545 4.081104 7.081649 0.079853
 0.000161 3.002820 4.082234 7.085054 0.092073
 0.000162 3.005334 4.083471 7.088805 0.106540
 0.000162 3.008211 4.084714 7.092926 0.123649
 0.000163 3.010879 4.085997 7.096875 0.141244
 0.000163 3.013009 4.087198 7.100207 0.156995
 0.000164 3.014763 4.088428 7.103191 0.171811
 0.000164 3.016221 4.089478 7.105700 0.184783
 0.000165 3.017238 4.090503 7.107742 0.195689
 0.000165 3.017906 4.091386 7.109292 0.204179
 0.000166 3.018348 4.092173 7.110522 0.211040
 0.000166 3.018309 4.092812 7.111121 0.214425
 0.000167 3.017729 4.093208 7.110938 0.213386
 0.000167 3.016642 4.093481 7.110123 0.208801
 0.000168 3.015385 4.093527 7.108912 0.202078
 0.000168 3.014416 4.093305 7.107721 0.195576
 0.000169 3.014052 4.092777 7.106829 0.190775
 0.000169 3.014189 4.091955 7.106144 0.187129
 0.000170 3.014754 4.090848 7.105602 0.184270
 0.000170 3.016191 4.089466 7.105657 0.184557
 0.000171 3.018709 4.087822 7.106531 0.189187
 0.000171 3.022124 4.085857 7.107981 0.196990
 0.000172 3.025817 4.083766 7.109583 0.205793
 0.000172 3.030006 4.081519 7.111525 0.216725
 0.000173 3.034294 4.079051 7.113345 0.227225
 0.000173 3.038649 4.076375 7.115024 0.237134
 0.000174 3.042775 4.073587 7.116361 0.245175
 0.000174 3.046378 4.070735 7.117113 0.249753
 0.000175 3.049464 4.067751 7.117215 0.250379
 0.000175 3.052349 4.064698 7.117047 0.249349
 0.000176 3.054764 4.061662 7.116426 0.245566
 0.000176 3.056792 4.058725 7.115517 0.240079
 0.000177 3.058329 4.055822 7.114151 0.231953
 0.000177 3.059608 4.052972 7.112580 0.222778
 0.000178 3.060797 4.050186 7.110983 0.213643
 0.000178 3.061795 4.047426 7.109221 0.203787
 0.000179 3.062374 4.044707 7.107081 0.192124
 0.000179 3.062478 4.042006 7.104484 0.178438
 0.000180 3.062541 4.039388 7.101928 0.165460
 0.000180 3.062638 4.036734 7.099372 0.152968
 0.000181 3.062907 4.034129 7.097037 0.141989
 0.000181 3.063227 4.031631 7.094858 0.132113
 0.000182 3.063758 4.029325 7.093082 0.124325
 0.000182 3.064761 4.027074 7.091835 0.118998
 0.000183 3.066410 4.024824 7.091233 0.116468
 0.000183 3.068648 4.022605 7.091252 0.116548
 0.000184 3.071420 4.020312 7.091732 0.118562
 0.000184 3.074830 4.017892 7.092723 0.122777
 0.000185 3.078536 4.015394 7.093930 0.128011
 0.000185 3.081783 4.012706 7.094489 0.130476
 0.000186 3.084434 4.009899 7.094333 0.129782
 0.000186 3.086953 4.007024 7.093977 0.128218
 0.000187 3.089447 4.004022 7.093470 0.126003
 0.000187 3.091822 4.000891 7.092713 0.122733
 0.000188 3.093938 3.997567 7.091504 0.117604
 0.000188 3.095890 3.994149 7.090039 0.111529
 0.000189 3.097390 3.990618 7.088009 0.103381
 0.000189 3.098159 3.986916 7.085075 0.092150
 0.000190 3.098117 3.983334 7.081451 0.079168
 0.000190 3.097922 3.979718 7.077640 0.066581
 0.000191 3.097729 3.976049 7.073778 0.054936
 0.000191 3.097719 3.972467 7.070186 0.045107
 0.000192 3.097966 3.969098 7.067064 0.037353
 0.000192 3.098188 3.965871 7.064059 0.030579
 0.000193 3.098365 3.962893 7.061258 0.024874
 0.000193 3.098780 3.960107 7.058887 0.020504
 0.000194 3.099282 3.957452 7.056734 0.016903
 0.000194 3.099868 3.955064 7.054931 0.014154
 0.000195 3.100495 3.952926 7.053421 0.012039
 0.000195 3.101162 3.950980 7.052141 0.010381
 0.000196 3.102096 3.949237 7.051334 0.009397
 0.000196 3.103212 3.947820 7.051031 0.009042
 0.000197 3.104535 3.946749 7.051284 0.009339
 0.000197 3.106161 3.945964 7.052125 0.010360
 0.000198 3.107545 3.945445 7.052991 0.011467
 0.000198 3.108979 3.945230 7.054209 0.013121
 0.000199 3.110510 3.945196 7.055706 0.015305
 0.000199 3.112347 3.945302 7.057649 0.018392
 0.000200 3.114133 3.945381 7.059514 0.021620
 0.000200 3.115476 3.945484 7.060959 0.024300
 0.000201 3.116265 3.945648 7.061913 0.026155
 0.000201 3.116621 3.945850 7.062472 0.027273
 0.000202 3.116627 3.946035 7.062662 0.027660
 0.000202 3.116332 3.946119 7.062452 0.027233
 0.000203 3.115638 3.946215 7.061853 0.026036
 0.000203 3.114779 3.946186 7.060965 0.024310
 0.000204 3.113539 3.946105 7.059644 0.021853
 0.000204 3.112268 3.945831 7.058098 0.019145
 0.000205 3.111739 3.945382 7.057121 0.017525
 0.000205 3.111911 3.944754 7.056665 0.016793
 0.000206 3.112536 3.943941 7.056477 0.016496
 0.000206 3.113358 3.942914 7.056272 0.016175
 0.000207 3.115444 3.941822 7.057265 0.017759
 0.000207 3.118802 3.940691 7.059494 0.021582
 0.000208 3.123340 3.939389 7.062730 0.027797
 0.000208 3.128511 3.938007 7.066518 0.036071
 0.000209 3.134383 3.936695 7.071078 0.047459
 0.000209 3.140376 3.935438 7.075814 0.060934
 0.000210 3.146007 3.934260 7.080267 0.075141
 0.000210 3.151150 3.933251 7.084401 0.089662
 0.000211 3.155713 3.932247 7.087960 0.103190
 0.000211 3.159852 3.931255 7.091107 0.115941
 0.000212 3.163137 3.930380 7.093517 0.126209
 0.000212 3.165176 3.929649 7.094825 0.131963
 0.000213 3.166188 3.928991 7.095179 0.133545
 0.000213 3.166470 3.928383 7.094853 0.132090
 0.000214 3.166218 3.927872 7.094090 0.128713
 0.000214 3.165419 3.927352 7.092771 0.122983
 0.000215 3.164665 3.926810 7.091475 0.117479
 0.000215 3.164440 3.926315 7.090755 0.114478
 0.000216 3.164724 3.925879 7.090604 0.113851
 0.000216 3.165411 3.925326 7.090737 0.114403
 0.000217 3.166317 3.924625 7.090943 0.115257
 0.000217 3.167546 3.923762 7.091309 0.116783
 0.000218 3.169651 3.922905 7.092556 0.122061
 0.000218 3.172132 3.921988 7.094120 0.128848
 0.000219 3.174743 3.920907 7.095650 0.135662
 0.000219 3.177558 3.919503 7.097061 0.142099
 0.000220 3.180553 3.917774 7.098327 0.148004
 0.000220 3.183428 3.915773 7.099201 0.152152
 0.000221 3.185295 3.913481 7.098776 0.150127
 0.000221 3.186683 3.910890 7.097573 0.144473
 0.000222 3.187722 3.907875 7.095596 0.135418
 0.000222 3.187959 3.904490 7.092449 0.121604
 0.000223 3.187216 3.900778 7.087994 0.103321
 0.000223 3.185506 3.896845 7.082351 0.082301
 0.000224 3.182771 3.892711 7.075482 0.059935
 0.000224 3.179272 3.888344 7.067616 0.038671
 0.000225 3.175060 3.883807 7.058867 0.020469
 0.000225 3.170668 3.879001 7.049669 0.007525
 0.000226 3.166074 3.874026 7.040101 0.000793
 0.000226 3.161145 3.868997 7.030142 0.001078
 0.000227 3.156178 3.863970 7.020148 0.008842
 0.000227 3.151317 3.859028 7.010345 0.023736
 0.000228 3.147123 3.854176 7.001299 0.043873
 0.000228 3.143259 3.849468 6.992727 0.068619
 0.000229 3.139973 3.845013 6.984987 0.095698
 0.000229 3.137196 3.840619 6.977815 0.124797
 0.000230 3.134819 3.836299 6.971118 0.155455
 0.000230 3.133230 3.832233 6.965464 0.183958
 0.000231 3.132148 3.828382 6.960530 0.210789
 0.000231 3.131778 3.824670 6.956448 0.234365
 0.000232 3.131556 3.821080 6.952635 0.257517
 0.000232 3.131460 3.817643 6.949103 0.279940
 0.000233 3.131338 3.814375 6.945713 0.302336
 0.000233 3.130737 3.811249 6.941986 0.327957
 0.000234 3.129984 3.808136 6.938119 0.355636
 0.000234 3.129521 3.805125 6.934647 0.381454
 0.000235 3.129397 3.802224 6.931621 0.404683
 0.000235 3.129515 3.799326 6.928841 0.426631
 0.000236 3.129608 3.796517 6.926125 0.448639
 0.000236 3.129975 3.793708 6.923683 0.468892
 0.000237 3.130328 3.790814 6.921142 0.490443
 0.000237 3.130857 3.787810 6.918667 0.511905
 0.000238 3.131925 3.784729 6.916654 0.529696
 0.000238 3.133586 3.781491 6.915076 0.543852
 0.000239 3.135901 3.778138 6.914040 0.553256
 0.000239 3.139014 3.774726 6.913739 0.555995
 0.000240 3.142817 3.771243 6.914060 0.553070
 0.000240 3.147494 3.767678 6.915172 0.542987
 0.000241 3.152963 3.764019 6.916982 0.526775
 0.000241 3.159277 3.760307 6.919584 0.503898
 0.000242 3.166389 3.756510 6.922899 0.475493
 0.000242 3.173904 3.752596 6.926500 0.445565
 0.000243 3.181542 3.748755 6.930297 0.415067
 0.000243 3.189433 3.744884 6.934317 0.383949
 0.000244 3.197743 3.740941 6.938684 0.351528
 0.000244 3.206020 3.737070 6.943089 0.320265
 0.000245 3.214420 3.733274 6.947693 0.289147
 0.000245 3.222479 3.729620 6.952100 0.260858
 0.000246 3.230643 3.726072 6.956715 0.232785
 0.000246 3.238732 3.722643 6.961374 0.206067
 0.000247 3.246524 3.719493 6.966018 0.181059
 0.000247 3.254214 3.716581 6.970795 0.157021
 0.000248 3.262086 3.713832 6.975918 0.133140
 0.000248 3.270349 3.711156 6.981505 0.109342
 0.000249 3.278846 3.708780 6.987627 0.085957
 0.000249 3.287429 3.706669 6.994098 0.064290
 0.000250 3.296297 3.704858 7.001155 0.044242
 0.000250 3.306108 3.703177 7.009284 0.025779
 0.000251 3.316299 3.701711 7.018010 0.011475
 0.000251 3.326825 3.700420 7.027245 0.002558
 0.000252 3.337563 3.699254 7.036817 0.000065
 0.000252 3.348175 3.698076 7.046252 0.004332
 0.000253 3.358988 3.697093 7.056081 0.015879
 0.000253 3.370159 3.696251 7.066410 0.035821
 0.000254 3.381466 3.695417 7.076884 0.064212
 0.000254 3.392603 3.694629 7.087232 0.100344
 0.000255 3.403208 3.693890 7.097098 0.142270
 0.000255 3.413165 3.693180 7.106345 0.188196
 0.000256 3.422302 3.692471 7.114773 0.235638
 0.000256 3.430495 3.691646 7.122141 0.281477
 0.000257 3.437701 3.690561 7.128261 0.322651
 0.000257 3.443839 3.689157 7.132996 0.356429
 0.000258 3.448857 3.687576 7.136433 0.382004
 0.000258 3.453189 3.685702 7.138890 0.400833
 0.000259 3.456440 3.683725 7.140165 0.410775
 0.000259 3.459079 3.681698 7.140777 0.415593
 0.000260 3.460947 3.679723 7.140670 0.414751
 0.000260 3.461597 3.677599 7.139196 0.403206
 0.000261 3.461135 3.675470 7.136604 0.383303
 0.000261 3.459904 3.673299 7.133203 0.357946
 0.000262 3.458094 3.671085 7.129179 0.329068
 0.000262 3.455494 3.668849 7.124343 0.295965
 0.000263 3.452204 3.666791 7.118996 0.261412
 0.000263 3.448179 3.664815 7.112995 0.225183
 0.000264 3.443584 3.662918 7.106502 0.189029
 0.000264 3.438559 3.661279 7.099838 0.155210
 0.000265 3.433297 3.659878 7.093175 0.124725
 0.000265 3.427640 3.658716 7.086356 0.096975
 0.000266 3.421422 3.657863 7.079286 0.071883
 0.000266 3.414575 3.657207 7.071782 0.049354
 0.000267 3.406941 3.656819 7.063760 0.029942
 0.000267 3.398530 3.656628 7.055158 0.014487
 0.000268 3.389199 3.656624 7.045823 0.003993
 0.000268 3.379218 3.656785 7.036003 0.000009
 0.000269 3.368863 3.657118 7.025982 0.003400
 0.000269 3.357950 3.657782 7.015732 0.014659
 0.000270 3.346467 3.658733 7.005200 0.034436
 0.000270 3.334927 3.659878 6.994805 0.062114
 0.000271 3.323529 3.661071 6.984600 0.097169
 0.000271 3.312274 3.662283 6.974557 0.139292
 0.000272 3.301216 3.663445 6.964660 0.188203
 0.000272 3.290757 3.664646 6.955403 0.240604
 0.000273 3.281610 3.665815 6.947425 0.290919
 0.000273 3.273199 3.666871 6.940070 0.341531
 0.000274 3.265758 3.667809 6.933566 0.389669
 0.000274 3.259243 3.668689 6.927932 0.433934
 0.000275 3.253681 3.669652 6.923334 0.471826
 0.000275 3.248788 3.670639 6.919427 0.505270
 0.000276 3.244523 3.671454 6.915977 0.535745
 0.000276 3.240940 3.672137 6.913077 0.562061
 0.000277 3.238057 3.672665 6.910722 0.583890
 0.000277 3.235204 3.673152 6.908356 0.606246
 0.000278 3.232461 3.673572 6.906034 0.628591
 0.000278 3.229767 3.673990 6.903757 0.650893
 0.000279 3.227074 3.674352 6.901427 0.674122
 0.000279 3.224987 3.674679 6.899666 0.691940
 0.000280 3.223730 3.675000 6.898730 0.701508
 0.000280 3.222979 3.675406 6.898385 0.705053
 0.000281 3.222693 3.675978 6.898671 0.702118
 0.000281 3.222689 3.676750 6.899439 0.694253
 0.000282 3.223223 3.677649 6.900872 0.679709
 0.000282 3.224698 3.678615 6.903313 0.655291
 0.000283 3.227103 3.679610 6.906713 0.622014
 0.000283 3.230319 3.680778 6.911097 0.580386
 0.000284 3.234489 3.682072 6.916560 0.530529
 0.000284 3.240205 3.683513 6.923718 0.468603
 0.000285 3.247402 3.685087 6.932489 0.397952
 0.000285 3.255574 3.686882 6.942455 0.324672
 0.000286 3.264652 3.688721 6.953372 0.252957
 0.000286 3.274188 3.690495 6.964683 0.188082
 0.000287 3.284268 3.692370 6.976638 0.129945
 0.000287 3.295042 3.694194 6.989235 0.080278
 0.000288 3.306533 3.695938 7.002471 0.040918
 0.000288 3.318541 3.697636 7.016177 0.014006
 0.000289 3.330629 3.699178 7.029807 0.001217
 0.000289 3.342435 3.700557 7.042992 0.002103
 0.000290 3.353960 3.701909 7.055870 0.015555
 0.000290 3.364658 3.703136 7.067794 0.039101
 0.000291 3.374761 3.704028 7.078789 0.070261
 0.000291 3.384194 3.704666 7.088859 0.106757
 0.000292 3.392812 3.705056 7.097868 0.145852
 0.000292 3.401026 3.705214 7.106241 0.187641
 0.000293 3.408460 3.705172 7.113632 0.228904
 0.000293 3.414965 3.704812 7.119777 0.266329
 0.000294 3.420939 3.704109 7.125048 0.300685
 0.000294 3.426113 3.703201 7.129314 0.330015
 0.000295 3.430234 3.702025 7.132259 0.351062
 0.000295 3.433437 3.700562 7.133999 0.363802
 0.000296 3.435520 3.698874 7.134394 0.366729
 0.000296 3.436997 3.697023 7.134020 0.363959
 0.000297 3.437735 3.695132 7.132867 0.355489
 0.000297 3.437939 3.693123 7.131061 0.342424
 0.000298 3.438037 3.691036 7.129073 0.328321
 0.000298 3.437944 3.688858 7.126802 0.312580
 0.000299 3.437291 3.686570 7.123861 0.292767
 0.000299 3.435802 3.684302 7.120104 0.268399
 0.000300 3.433537 3.682081 7.115618 0.240686
 0.000300 3.430853 3.679703 7.110555 0.211229
 0.000301 3.427606 3.677298 7.104903 0.180612
 0.000301 3.423558 3.674937 7.098494 0.148795
 0.000302 3.418668 3.672736 7.091404 0.117181
 0.000302 3.413077 3.670667 7.083744 0.087267
 0.000303 3.406865 3.668733 7.075598 0.060285
 0.000303 3.400074 3.667030 7.067105 0.037449
 0.000304 3.392301 3.665494 7.057795 0.018634
 0.000304 3.383436 3.664009 7.047445 0.005348
 0.000305 3.374090 3.662649 7.036739 0.000057
 0.000305 3.363885 3.661423 7.025308 0.003898
 0.000306 3.353246 3.660314 7.013560 0.018057
 0.000306 3.342034 3.659307 7.001342 0.043764
 0.000307 3.331187 3.658467 6.989654 0.078832
 0.000307 3.320594 3.657745 6.978339 0.122542
 0.000308 3.310707 3.657085 6.967791 0.171935
 0.000308 3.301833 3.656472 6.958305 0.223483
 0.000309 3.293818 3.655993 6.949811 0.275369
 0.000309 3.286699 3.655503 6.942202 0.326443
 0.000310 3.280700 3.654934 6.935634 0.374019
 0.000310 3.275678 3.654342 6.930020 0.417255
 0.000311 3.271626 3.653747 6.925373 0.454830
 0.000311 3.267958 3.653144 6.921102 0.490785
 0.000312 3.264968 3.652472 6.917440 0.522710
 0.000312 3.262946 3.651791 6.914737 0.546923
 0.000313 3.261659 3.651077 6.912736 0.565191
 0.000313 3.261042 3.650411 6.911453 0.577070
 0.000314 3.260825 3.649711 6.910537 0.585627
 0.000314 3.261143 3.649020 6.910163 0.589134
 0.000315 3.261900 3.648347 6.910247 0.588348
 0.000315 3.263255 3.647852 6.911107 0.580291
 0.000316 3.265005 3.647464 6.912469 0.567653
 0.000316 3.266979 3.647255 6.914234 0.551483
 0.000317 3.269053 3.647331 6.916384 0.532102
 0.000317 3.271165 3.647622 6.918787 0.510856
 0.000318 3.273251 3.648118 6.921369 0.488502
 0.000318 3.275801 3.648853 6.924655 0.460778
 0.000319 3.278791 3.649731 6.928522 0.429192
 0.000319 3.282159 3.650845 6.933004 0.393982
 0.000320 3.286035 3.652291 6.938325 0.354135
 0.000320 3.290754 3.654069 6.944823 0.308358
 0.000321 3.296546 3.656185 6.952731 0.256920
 0.000321 3.303151 3.658583 6.961735 0.204069
 0.000322 3.310714 3.661305 6.972018 0.151139
 0.000322 3.319117 3.664367 6.983484 0.101476
 0.000323 3.327712 3.667726 6.995438 0.060195
 0.000323 3.336613 3.671269 7.007882 0.028610
 0.000324 3.345600 3.675061 7.020661 0.008261
 0.000324 3.354547 3.679030 7.033578 0.000139
 0.000325 3.363496 3.683110 7.046606 0.004623
 0.000325 3.372061 3.687324 7.059385 0.021387
 0.000326 3.380239 3.691462 7.071701 0.049135
 0.000326 3.387728 3.695600 7.083328 0.085771
 0.000327 3.394085 3.699841 7.093926 0.127995
 0.000327 3.399086 3.704176 7.103262 0.172172
 0.000328 3.403351 3.708501 7.111852 0.218592
 0.000328 3.406395 3.712649 7.119044 0.261713
 0.000329 3.408335 3.716744 7.125080 0.300896
 0.000329 3.409534 3.720830 7.130364 0.337447
 0.000330 3.409502 3.724762 7.134263 0.365758
 0.000330 3.408149 3.728619 7.136768 0.384544
 0.000331 3.405725 3.732419 7.138144 0.395068
 0.000331 3.402358 3.736148 7.138506 0.397858
 0.000332 3.397865 3.739814 7.137679 0.391495
 0.000332 3.392739 3.743601 7.136339 0.381294
 0.000333 3.387139 3.747516 7.134655 0.368664
 0.000333 3.381262 3.751386 7.132648 0.353891
 0.000334 3.374442 3.755280 7.129723 0.332898
 0.000334 3.366982 3.759415 7.126397 0.309810
 0.000335 3.359175 3.763677 7.122852 0.286116
 0.000335 3.351214 3.767990 7.119204 0.262719
 0.000336 3.342944 3.772342 7.115286 0.238696
 0.000336 3.334308 3.776790 7.111098 0.214296
 0.000337 3.325299 3.781312 7.106611 0.189609
 0.000337 3.316013 3.785967 7.101980 0.165717
 0.000338 3.306608 3.790701 7.097309 0.143249
 0.000338 3.296705 3.795620 7.092326 0.121078
 0.000339 3.285961 3.800611 7.086572 0.097798
 0.000339 3.274267 3.805747 7.080014 0.074294
 0.000340 3.261757 3.811022 7.072779 0.052105
 0.000340 3.248554 3.816489 7.065043 0.032722
 0.000341 3.234558 3.822097 7.056655 0.016777
 0.000341 3.219903 3.827719 7.047622 0.005507
 0.000342 3.204698 3.833428 7.038126 0.000258
 0.000342 3.188925 3.839237 7.028162 0.002021
 0.000343 3.173351 3.845077 7.018428 0.010934
 0.000343 3.158244 3.850769 7.009013 0.026316
 0.000344 3.143803 3.856286 7.000089 0.047032
 0.000344 3.129905 3.861693 6.991599 0.072287
 0.000345 3.116990 3.866912 6.983902 0.099853
 0.000345 3.105208 3.872017 6.977225 0.127363
 0.000346 3.095101 3.876916 6.972017 0.151146
 0.000346 3.086540 3.881456 6.967996 0.170895
 0.000347 3.079268 3.885576 6.964843 0.187233
 0.000347 3.073515 3.889416 6.962931 0.197503
 0.000348 3.069242 3.893000 6.962242 0.201273
 0.000348 3.065970 3.896285 6.962255 0.201201
 0.000349 3.063281 3.899222 6.962503 0.199841
 0.000349 3.061143 3.901900 6.963042 0.196898
 0.000350 3.059022 3.904352 6.963374 0.195102
 0.000350 3.056548 3.906444 6.962991 0.197175
 0.000351 3.053567 3.908200 6.961768 0.203886
 0.000351 3.050218 3.909738 6.959955 0.214031
 0.000352 3.046316 3.911105 6.957421 0.228633
 0.000352 3.041599 3.912466 6.954065 0.248705
 0.000353 3.036414 3.913795 6.950209 0.272819
 0.000353 3.031342 3.915017 6.946360 0.297998
 0.000354 3.026662 3.916156 6.942818 0.322151
 0.000354 3.022352 3.917219 6.939570 0.345118
 0.000355 3.018871 3.918165 6.937036 0.363592
 0.000355 3.016701 3.919119 6.935820 0.372628
 0.000356 3.016084 3.920106 6.936190 0.369871
 0.000356 3.017308 3.921186 6.938494 0.352903
 0.000357 3.020159 3.922354 6.942513 0.324269
 0.000357 3.024341 3.923625 6.947966 0.287354
 0.000358 3.030223 3.924901 6.955124 0.242284
 0.000358 3.037602 3.926260 6.963861 0.192471
 0.000359 3.045956 3.927719 6.973675 0.143354
 0.000359 3.054654 3.929222 6.983875 0.099954
 0.000360 3.063040 3.930785 6.993824 0.065143
 0.000360 3.071555 3.932356 7.003911 0.037429
 0.000361 3.079875 3.933851 7.013727 0.017784
 0.000361 3.087422 3.935255 7.022677 0.006170
 0.000362 3.093817 3.936689 7.030506 0.000937
 0.000362 3.098768 3.938011 7.036779 0.000061
 0.000363 3.102032 3.939221 7.041253 0.001239
 0.000363 3.103710 3.940412 7.044122 0.002785
 0.000364 3.103913 3.941627 7.045540 0.003777
 0.000364 3.102867 3.942874 7.045741 0.003930
 0.000365 3.100588 3.944162 7.044751 0.003207
 0.000365 3.097728 3.945437 7.043165 0.002201
 0.000366 3.094356 3.946641 7.040996 0.001131
 0.000366 3.091084 3.947701 7.038785 0.000404
 0.000367 3.087959 3.948624 7.036583 0.000044
 0.000367 3.085380 3.949396 7.034776 0.000020
 0.000368 3.083380 3.950211 7.033591 0.000137
 0.000368 3.082007 3.951191 7.033198 0.000199
 0.000369 3.081075 3.952289 7.033364 0.000172
 0.000369 3.080620 3.953645 7.034265 0.000058
 0.000370 3.080395 3.955274 7.035669 0.000001
 0.000370 3.080653 3.957206 7.037860 0.000208
 0.000371 3.081244 3.959340 7.040585 0.000968
 0.000371 3.081721 3.961712 7.043434 0.002358
 0.000372 3.081928 3.964361 7.046289 0.004362
 0.000372 3.081760 3.967266 7.049026 0.006858
 0.000373 3.080793 3.970272 7.051065 0.009081
 0.000373 3.079114 3.973576 7.052690 0.011077
 0.000374 3.076403 3.977177 7.053581 0.012255
 0.000374 3.072688 3.981092 7.053781 0.012527
 0.000375 3.068477 3.985227 7.053704 0.012422
 0.000375 3.063766 3.989583 7.053349 0.011942
 0.000376 3.058857 3.994174 7.053031 0.011521
 0.000376 3.054147 3.998945 7.053092 0.011601
 0.000377 3.049308 4.003919 7.053227 0.011779
 0.000377 3.045321 4.008950 7.054271 0.013208
 0.000378 3.042494 4.014023 7.056517 0.016558
 0.000378 3.040804 4.019132 7.059935 0.022384
 0.000379 3.040336 4.024299 7.064635 0.031824
 0.000379 3.040719 4.029357 7.070076 0.044822
 0.000380 3.042138 4.034294 7.076433 0.062820
 0.000380 3.044606 4.039072 7.083678 0.087030
 0.000381 3.048167 4.043650 7.091817 0.118920
 0.000381 3.052808 4.048064 7.100872 0.160237
 0.000382 3.058248 4.052289 7.110537 0.211126
 0.000382 3.064392 4.056283 7.120675 0.272033
 0.000383 3.070841 4.059884 7.130725 0.340015
 0.000383 3.076990 4.063170 7.140159 0.410730
 0.000384 3.082976 4.066097 7.149073 0.483673
 0.000384 3.088252 4.068655 7.156907 0.552704
 0.000385 3.092813 4.070943 7.163756 0.616827
 0.000385 3.096838 4.072997 7.169835 0.676684
 0.000386 3.100404 4.074778 7.175182 0.731626
 0.000386 3.103474 4.076354 7.179828 0.781104
 0.000387 3.106349 4.077655 7.184004 0.826965
 0.000387 3.108654 4.078836 7.187490 0.866245
 0.000388 3.110643 4.079818 7.190460 0.900437
 0.000388 3.112257 4.080680 7.192937 0.929451
 0.000389 3.113742 4.081469 7.195210 0.956486
 0.000389 3.116144 4.082210 7.198354 0.994511
 0.000390 3.119712 4.082960 7.202672 1.047948
 0.000390 3.124273 4.083687 7.207960 1.115298
 0.000391 3.129956 4.084413 7.214369 1.199737
 0.000391 3.136833 4.085082 7.221916 1.303107
 0.000392 3.144937 4.085692 7.230629 1.427771
 0.000392 3.153556 4.086348 7.239903 1.566725
 0.000393 3.162394 4.086917 7.249310 1.714252
 0.000393 3.171647 4.087422 7.259069 1.874305
 0.000394 3.180691 4.087851 7.268542 2.036514
 0.000394 3.188955 4.088314 7.277269 2.191888
 0.000395 3.195711 4.088892 7.284603 2.326902
 0.000395 3.201210 4.089470 7.290680 2.441816
 0.000396 3.205105 4.090004 7.295110 2.527327
 0.000396 3.207238 4.090382 7.297620 2.576432
 0.000397 3.207876 4.090641 7.298517 2.594105
 0.000397 3.206585 4.090821 7.297406 2.572239
 0.000398 3.203472 4.090738 7.294210 2.509844
 0.000398 3.198166 4.090470 7.288636 2.402848
 0.000399 3.190669 4.090092 7.280760 2.255657
 0.000399 3.181439 4.089495 7.270934 2.078539
 0.000400 3.171059 4.088628 7.259687 1.884687
 0.000400 3.159870 4.087451 7.247321 1.682497
 0.000401 3.148067 4.085984 7.234050 1.478281
 0.000401 3.136174 4.084231 7.220405 1.282077
 0.000402 3.124856 4.082184 7.207041 1.103442
 0.000402 3.114573 4.079803 7.194376 0.946520
 0.000403 3.105304 4.077078 7.182382 0.808999
 0.000403 3.097233 4.074117 7.171350 0.692034
 0.000404 3.090444 4.071177 7.161622 0.596468
 0.000404 3.084962 4.068263 7.153225 0.519685
 0.000405 3.080579 4.065444 7.146024 0.458052
 0.000405 3.077543 4.062748 7.140291 0.411769
 0.000406 3.075545 4.060004 7.135548 0.375335
 0.000406 3.073875 4.057296 7.131171 0.343211
 0.000407 3.072300 4.054698 7.126998 0.313923
 0.000407 3.070697 4.052386 7.123083 0.287633
 0.000408 3.068876 4.050320 7.119196 0.262667
 0.000408 3.066518 4.048608 7.115126 0.237742
 0.000409 3.063410 4.047158 7.110568 0.211298
 0.000409 3.059530 4.045861 7.105391 0.183160
 0.000410 3.054654 4.044777 7.099431 0.153254
 0.000410 3.048691 4.043861 7.092552 0.122044
 0.000411 3.041847 4.043146 7.084993 0.091846
 0.000411 3.034291 4.042569 7.076860 0.064140
 0.000412 3.026807 4.042025 7.068833 0.041656
 0.000412 3.019787 4.041360 7.061148 0.024661
 0.000413 3.013593 4.040584 7.054177 0.013076
 0.000413 3.008680 4.039717 7.048397 0.006234
 0.000414 3.005054 4.038706 7.043760 0.002557
 0.000414 3.002842 4.037551 7.040393 0.000897
 0.000415 3.002255 4.036118 7.038373 0.000309
 0.000415 3.002889 4.034436 7.037325 0.000124
 0.000416 3.005034 4.032510 7.037544 0.000156
 0.000416 3.008141 4.030267 7.038408 0.000316
 0.000417 3.011873 4.027659 7.039533 0.000609
 0.000417 3.015927 4.024744 7.040671 0.001001
 0.000418 3.020071 4.021556 7.041627 0.001406
 0.000418 3.024287 4.018149 7.042436 0.001802
 0.000419 3.028034 4.014333 7.042367 0.001766
 0.000419 3.031308 4.010160 7.041468 0.001334
 0.000420 3.034204 4.005707 7.039911 0.000729
 0.000420 3.036660 4.001040 7.037700 0.000181
 0.000421 3.038091 3.996185 7.034275 0.000057
 0.000421 3.038658 3.991128 7.029785 0.001226
 0.000422 3.038713 3.985974 7.024687 0.004388
 0.000422 3.038470 3.980721 7.019191 0.009978
 0.000423 3.038027 3.975421 7.013449 0.018241
 0.000423 3.037375 3.970148 7.007524 0.029358
 0.000424 3.036863 3.964977 7.001840 0.042496
 0.000424 3.037077 3.959870 6.996947 0.055747
 0.000425 3.037454 3.954922 6.992376 0.069749
 0.000425 3.038281 3.950087 6.988368 0.083315
 0.000426 3.039981 3.945529 6.985510 0.093727
 0.000426 3.042245 3.941319 6.983563 0.101167
 0.000427 3.044998 3.937487 6.982485 0.105411
 0.000427 3.048095 3.933990 6.982085 0.107009
 0.000428 3.050924 3.930841 6.981765 0.108295
 0.000428 3.053162 3.928100 6.981263 0.110328
 0.000429 3.054989 3.925869 6.980858 0.111978
 0.000429 3.056720 3.924164 6.980884 0.111874
 0.000430 3.058070 3.922845 6.980915 0.111746
 0.000430 3.058656 3.921942 6.980598 0.113050
 0.000431 3.058128 3.921380 6.979508 0.117580
 0.000431 3.056361 3.921153 6.977515 0.126101
 0.000432 3.053450 3.921334 6.974784 0.138258
 0.000432 3.049578 3.921770 6.971347 0.154349
 0.000433 3.044637 3.922415 6.967052 0.175712
 0.000433 3.038703 3.923287 6.961989 0.202662
 0.000434 3.031957 3.924388 6.956345 0.234980
 0.000434 3.024913 3.925698 6.950611 0.270255
 0.000435 3.017810 3.927121 6.944931 0.307629
 0.000435 3.011062 3.928611 6.939673 0.344380
 0.000436 3.004727 3.930271 6.934998 0.378797
 0.000436 2.998630 3.932006 6.930636 0.412396
 0.000437 2.993278 3.933738 6.927015 0.441362
 0.000437 2.988733 3.935440 6.924173 0.464791
 0.000438 2.985190 3.937131 6.922321 0.480384
 0.000438 2.982645 3.938914 6.921560 0.486870
 0.000439 2.981277 3.940722 6.921999 0.483121
 0.000439 2.980967 3.942549 6.923515 0.470301
 0.000440 2.981247 3.944505 6.925752 0.451702
 0.000440 2.982061 3.946526 6.928587 0.428665
 0.000441 2.983335 3.948639 6.931974 0.401942
 0.000441 2.985567 3.950898 6.936465 0.367820
 0.000442 2.988495 3.953311 6.941806 0.329223
 0.000442 2.991570 3.955772 6.947341 0.291471
 0.000443 2.994652 3.958270 6.952922 0.255741
 0.000443 2.997971 3.960905 6.958876 0.220192
 0.000444 3.001275 3.963520 6.964795 0.187487
 0.000444 3.004397 3.966284 6.970681 0.157571
 0.000445 3.007301 3.969029 6.976330 0.131304
 0.000445 3.010163 3.971611 6.981774 0.108258
 0.000446 3.013159 3.974240 6.987399 0.086776
 0.000446 3.016415 3.976984 6.993400 0.066477
 0.000447 3.020339 3.979689 7.000027 0.047196
 0.000447 3.024894 3.982323 7.007217 0.030005
 0.000448 3.030381 3.984873 7.015253 0.015378
 0.000448 3.036878 3.987351 7.024229 0.004767
 0.000449 3.044784 3.989702 7.034485 0.000039
 0.000449 3.054207 3.991879 7.046086 0.004200
 0.000450 3.064572 3.993737 7.058308 0.019502
 0.000450 3.075775 3.995305 7.071080 0.047463
 0.000451 3.087533 3.996585 7.084118 0.088627
 0.000451 3.099793 3.997454 7.097247 0.142958
 0.000452 3.112895 3.997831 7.110727 0.212196
 0.000452 3.126676 3.997709 7.124386 0.296251
 0.000453 3.141042 3.997215 7.138257 0.395936
 0.000453 3.155459 3.996221 7.151680 0.506134
 0.000454 3.170063 3.994844 7.164906 0.627942
 0.000454 3.184346 3.993179 7.177525 0.756384
 0.000455 3.198050 3.991174 7.189224 0.886125
 0.000455 3.210845 3.988771 7.199615 1.009974
 0.000456 3.222893 3.985946 7.208839 1.126699
 0.000456 3.233486 3.982645 7.216131 1.223487
 0.000457 3.242730 3.978995 7.221724 1.300434
 0.000457 3.250511 3.975131 7.225641 1.355714
 0.000458 3.257257 3.971042 7.228299 1.393886
 0.000458 3.263131 3.966810 7.229941 1.417719
 0.000459 3.267987 3.962485 7.230473 1.425488
 0.000459 3.271728 3.958047 7.229774 1.415295
 0.000460 3.274587 3.953550 7.228137 1.391537
 0.000460 3.276852 3.949057 7.225909 1.359530
 0.000461 3.278847 3.944657 7.223504 1.325413
 0.000461 3.280055 3.940409 7.220464 1.282891
 0.000462 3.279829 3.936311 7.216140 1.223615
 0.000462 3.278545 3.932323 7.210869 1.153236
 0.000463 3.276279 3.928421 7.204700 1.073526
 0.000463 3.273226 3.924809 7.198035 0.990615
 0.000464 3.269541 3.921496 7.191037 0.907154
 0.000464 3.265361 3.918556 7.183917 0.825999
 0.000465 3.260367 3.915888 7.176255 0.742911
 0.000465 3.254744 3.913552 7.168296 0.661272
 0.000466 3.248125 3.911584 7.159709 0.578515
 0.000466 3.240889 3.909997 7.150886 0.499241
 0.000467 3.233194 3.908631 7.141825 0.423913
 0.000467 3.224838 3.907578 7.132416 0.352204
 0.000468 3.215867 3.906648 7.122515 0.283914
 0.000468 3.206499 3.905828 7.112327 0.221320
 0.000469 3.197372 3.905169 7.102540 0.168523
 0.000469 3.188146 3.904535 7.092681 0.122596
 0.000470 3.178624 3.903937 7.082561 0.083040
 0.000470 3.168738 3.903396 7.072134 0.050317
 0.000471 3.158532 3.902911 7.061443 0.025233
 0.000471 3.148037 3.902407 7.050445 0.008371
 0.000472 3.137324 3.901931 7.039255 0.000528
 0.000472 3.126571 3.901444 7.028016 0.002103
 0.000473 3.116159 3.900956 7.017114 0.012681
 0.000473 3.105620 3.900378 7.005998 0.032646
 0.000474 3.095023 3.899808 6.994831 0.062035
 0.000474 3.084747 3.899162 6.983909 0.099824
 0.000475 3.075575 3.898516 6.974091 0.141431
 0.000475 3.067339 3.897983 6.965322 0.184706
 0.000476 3.059985 3.897486 6.957471 0.228340
 0.000476 3.053102 3.897167 6.950268 0.272437
 0.000477 3.047427 3.896940 6.944367 0.311470
 0.000477 3.043137 3.896904 6.940041 0.341741
 0.000478 3.039902 3.897221 6.937123 0.362949
 0.000478 3.037403 3.897849 6.935252 0.376886
 0.000479 3.035475 3.898772 6.934248 0.384477
 0.000479 3.033744 3.899829 6.933573 0.389620
 0.000480 3.032418 3.901172 6.933589 0.389493
 0.000480 3.031519 3.902795 6.934315 0.383970
 0.000481 3.031185 3.904642 6.935827 0.372575
 0.000481 3.031441 3.906657 6.938098 0.355793
 0.000482 3.031751 3.908871 6.940622 0.337596
 0.000482 3.031781 3.911410 6.943192 0.319553
 0.000483 3.031676 3.914086 6.945762 0.302005
 0.000483 3.031284 3.917013 6.948298 0.285182
 0.000484 3.031087 3.920093 6.951180 0.266643
 0.000484 3.031206 3.923199 6.954405 0.246634
 0.000485 3.031705 3.926313 6.958018 0.225151
 0.000485 3.032735 3.929527 6.962262 0.201162
 0.000486 3.034211 3.932772 6.966983 0.176065
 0.000486 3.035907 3.936063 6.971970 0.151370
 0.000487 3.038065 3.939357 6.977422 0.126505
 0.000487 3.040673 3.942642 6.983314 0.102140
 0.000488 3.043827 3.945775 6.989602 0.079011
 0.000488 3.047547 3.948605 6.996152 0.058070
 0.000489 3.052255 3.951246 7.003501 0.038405
 0.000489 3.057544 3.953695 7.011238 0.022080
 0.000490 3.063466 3.955935 7.019401 0.009724
 0.000490 3.069154 3.957985 7.027140 0.002623
 0.000491 3.074307 3.959776 7.034083 0.000076
 0.000491 3.079009 3.961310 7.040318 0.000869
 0.000492 3.083065 3.962611 7.045676 0.003881
 0.000492 3.086691 3.963772 7.050463 0.008392
 0.000493 3.089699 3.964916 7.054615 0.013697
 0.000493 3.091875 3.966086 7.057961 0.018914
 0.000494 3.093257 3.967142 7.060400 0.023243
 0.000494 3.093658 3.968167 7.061825 0.025981
 0.000495 3.093325 3.969284 7.062609 0.027551
 0.000495 3.092293 3.970519 7.062812 0.027966
 0.000496 3.090966 3.971785 7.062751 0.027841
 0.000496 3.089211 3.973297 7.062508 0.027347
 0.000497 3.087591 3.974984 7.062575 0.027484
 0.000497 3.086277 3.976813 7.063090 0.028538
 0.000498 3.085512 3.978875 7.064388 0.031287
 0.000498 3.085230 3.981177 7.066406 0.035812
 0.000499 3.084941 3.983679 7.068620 0.041127
 0.000499 3.085125 3.986440 7.071566 0.048768
 0.000500 3.085850 3.989323 7.075173 0.059014
