#! FIELDS time dAB dAC rc bias
 0.000000 2.118010 3.153795 5.271806 6.182152
 0.000000 2.112793 3.149280 5.262073 5.889338
 0.000001 2.106681 3.144314 5.250995 5.564670
 0.000001 2.100221 3.138831 5.239052 5.224965
 0.000002 2.094102 3.132927 5.227029 4.893798
 0.000002 2.088979 3.126620 5.215599 4.589027
 0.000003 2.085135 3.119948 5.205083 4.317255
 0.000003 2.082823 3.112958 5.195780 4.083777
 0.000004 2.082488 3.105717 5.188205 3.898446
 0.000004 2.083547 3.098151 5.181699 3.742687
 0.000005 2.086474 3.090339 5.176813 3.627815
 0.000005 2.091463 3.082350 5.173813 3.558186
 0.000006 2.098242 3.074130 5.172372 3.524972
 0.000006 2.106257 3.065712 5.171969 3.515699
 0.000007 2.115213 3.057065 5.172278 3.522803
 0.000007 2.124268 3.048316 5.172584 3.529833
 0.000008 2.132956 3.039603 5.172559 3.529263
 0.000008 2.141052 3.030970 5.172023 3.516934
 0.000009 2.148462 3.022421 5.170883 3.490800
 0.000009 2.154953 3.013973 5.168926 3.446178
 0.000010 2.160135 3.005634 5.165769 3.374759
 0.000010 2.163624 2.997519 5.161143 3.271499
 0.000011 2.165161 2.989670 5.154832 3.133175
 0.000011 2.165397 2.982221 5.147618 2.978735
 0.000012 2.164102 2.975138 5.139239 2.804267
 0.000012 2.161825 2.968478 5.130303 2.623970
 0.000013 2.158797 2.962088 5.120884 2.440442
 0.000013 2.155765 2.956193 5.111958 2.272648
 0.000014 2.153461 2.950793 5.104255 2.132647
 0.000014 2.152287 2.945670 5.097957 2.021488
 0.000015 2.152669 2.940762 5.093432 1.943459
 0.000015 2.154671 2.936293 5.090964 1.901557
 0.000016 2.158445 2.932347 5.090792 1.898653
 0.000016 2.163957 2.928773 5.092730 1.931493
 0.000017 2.171088 2.925690 5.096778 2.001014
 0.000017 2.179430 2.923040 5.102470 2.100847
 0.000018 2.188785 2.920849 5.109634 2.229938
 0.000018 2.198447 2.919126 5.117573 2.377500
 0.000019 2.208412 2.917880 5.126292 2.545005
 0.000019 2.218537 2.917096 5.135633 2.730791
 0.000020 2.228187 2.916713 5.144901 2.921579
 0.000020 2.236812 2.916661 5.153473 3.103781
 0.000021 2.244202 2.916866 5.161069 3.269844
 0.000021 2.249841 2.917279 5.167120 3.405233
 0.000022 2.253839 2.917891 5.171730 3.510215
 0.000022 2.256141 2.918734 5.174875 3.582749
 0.000023 2.256513 2.919646 5.176159 3.612573
 0.000023 2.254982 2.920578 5.175560 3.598647
 0.000024 2.251619 2.921567 5.173185 3.543690
 0.000024 2.247034 2.922546 5.169579 3.461040
 0.000025 2.241147 2.923543 5.164690 3.350526
 0.000025 2.233866 2.924620 5.158486 3.212898
 0.000026 2.225797 2.925629 5.151426 3.059775
 0.000026 2.217438 2.926586 5.144024 2.903256
 0.000027 2.209173 2.927600 5.136773 2.753910
 0.000027 2.201178 2.928482 5.129660 2.611234
 0.000028 2.194021 2.929205 5.123226 2.485459
 0.000028 2.187949 2.929831 5.117780 2.381420
 0.000029 2.182687 2.930402 5.113089 2.293572
 0.000029 2.178597 2.930883 5.109480 2.227124
 0.000030 2.175277 2.931299 5.106577 2.174374
 0.000030 2.173088 2.931637 5.104724 2.141049
 0.000031 2.172176 2.931945 5.104121 2.130249
 0.000031 2.172222 2.932273 5.104495 2.136944
 0.000032 2.172696 2.932569 5.105265 2.150749
 0.000032 2.173508 2.932856 5.106364 2.170538
 0.000033 2.174515 2.933201 5.107716 2.194994
 0.000033 2.174930 2.933690 5.108620 2.211437
 0.000034 2.174229 2.934343 5.108572 2.210562
 0.000034 2.172214 2.935248 5.107461 2.190381
 0.000035 2.168545 2.936223 5.104767 2.141824
 0.000035 2.163250 2.937213 5.100462 2.065357
 0.000036 2.156479 2.938277 5.094756 1.966133
 0.000036 2.148435 2.939425 5.087859 1.849479
 0.000037 2.139353 2.940530 5.079883 1.719022
 0.000037 2.128902 2.941625 5.070527 1.572058
 0.000038 2.117992 2.942617 5.060609 1.423446
 0.000038 2.107149 2.943664 5.050812 1.283896
 0.000039 2.096875 2.944687 5.041562 1.158737
 0.000039 2.087547 2.945742 5.033289 1.052227
 0.000040 2.079677 2.946923 5.026600 0.969875
 0.000040 2.073677 2.948183 5.021860 0.913539
 0.000041 2.069614 2.949379 5.018993 0.880294
 0.000041 2.067256 2.950450 5.017705 0.865557
 0.000042 2.066429 2.951456 5.017885 0.867605
 0.000042 2.067155 2.952414 5.019569 0.886922
 0.000043 2.069405 2.953371 5.022776 0.924302
 0.000043 2.072855 2.954316 5.027171 0.976775
 0.000044 2.077012 2.955227 5.032239 1.039080
 0.000044 2.081645 2.956225 5.037870 1.110569
 0.000045 2.086423 2.957281 5.043705 1.187155
 0.000045 2.090852 2.958444 5.049296 1.262941
 0.000046 2.094616 2.959758 5.054374 1.333792
 0.000046 2.097411 2.961171 5.058582 1.393979
 0.000047 2.098662 2.962690 5.061352 1.434324
 0.000047 2.098088 2.964401 5.062489 1.451053
 0.000048 2.095857 2.966378 5.062235 1.447307
 0.000048 2.091954 2.968534 5.060489 1.421690
 0.000049 2.087128 2.970982 5.058109 1.387159
 0.000049 2.081353 2.973660 5.055012 1.342841
 0.000050 2.075232 2.976584 5.051815 1.297851
 0.000050 2.068919 2.979744 5.048663 1.254236
 0.000051 2.062820 2.983259 5.046079 1.219045
 0.000051 2.057106 2.987045 5.044151 1.193116
 0.000052 2.052060 2.991086 5.043146 1.179705
 0.000052 2.048184 2.995358 5.043542 1.184980
 0.000053 2.045329 2.999903 5.045232 1.207623
 0.000053 2.043554 3.004582 5.048136 1.247024
 0.000054 2.043115 3.009308 5.052424 1.306353
 0.000054 2.043795 3.014052 5.057848 1.383387
 0.000055 2.045340 3.018873 5.064213 1.476601
 0.000055 2.047891 3.023669 5.071559 1.587956
 0.000056 2.051281 3.028332 5.079613 1.714683
 0.000056 2.054677 3.032819 5.087496 1.843438
 0.000057 2.057614 3.037163 5.094777 1.966498
 0.000057 2.059973 3.041291 5.101263 2.079477
 0.000058 2.061197 3.045176 5.106373 2.170701
 0.000058 2.061037 3.048919 5.109956 2.235843
 0.000059 2.059362 3.052393 5.111755 2.268910
 0.000059 2.056373 3.055630 5.112003 2.273475
 0.000060 2.052189 3.058472 5.110660 2.248752
 0.000060 2.047472 3.061026 5.108498 2.209219
 0.000061 2.042308 3.063181 5.105489 2.154777
 0.000061 2.036766 3.065035 5.101801 2.088987
 0.000062 2.031375 3.066633 5.098008 2.022386
 0.000062 2.026810 3.067873 5.094683 1.964879
 0.000063 2.023831 3.068819 5.092649 1.930126
 0.000063 2.022275 3.069464 5.091739 1.914667
 0.000064 2.022803 3.069886 5.092689 1.930794
 0.000064 2.025392 3.070004 5.095395 1.977131
 0.000065 2.030312 3.070014 5.100326 2.062956
 0.000065 2.037307 3.069810 5.107117 2.184152
 0.000066 2.046237 3.069437 5.115675 2.341789
 0.000066 2.057026 3.068935 5.125962 2.538555
 0.000067 2.069252 3.068335 5.137587 2.770480
 0.000067 2.082124 3.067559 5.149683 3.022544
 0.000068 2.095237 3.066769 5.162006 3.290632
 0.000068 2.108465 3.066022 5.174487 3.573776
 0.000069 2.120935 3.065359 5.186294 3.852364
 0.000069 2.132424 3.064660 5.197084 4.116096
 0.000070 2.142637 3.064033 5.206671 4.357760
 0.000070 2.151561 3.063479 5.215040 4.574372
 0.000071 2.159049 3.063013 5.222061 4.760134
 0.000071 2.164682 3.062589 5.227271 4.900371
 0.000072 2.168623 3.062239 5.230862 4.998214
 0.000072 2.170748 3.061851 5.232599 5.045876
 0.000073 2.170979 3.061488 5.232467 5.042248
 0.000073 2.170604 3.061078 5.231682 5.020682
 0.000074 2.169580 3.060745 5.230325 4.983499
 0.000074 2.168403 3.060558 5.228961 4.946287
 0.000075 2.167998 3.060549 5.228547 4.935027
 0.000075 2.168158 3.060548 5.228705 4.939318
 0.000076 2.169045 3.060639 5.229684 4.965986
 0.000076 2.170824 3.060904 5.231728 5.021955
 0.000077 2.174428 3.061243 5.235671 5.130740
 0.000077 2.179459 3.061620 5.241079 5.281870
 0.000078 2.186001 3.062218 5.248219 5.484761
 0.000078 2.193676 3.062884 5.256559 5.726588
 0.000079 2.202280 3.063631 5.265910 6.003932
 0.000079 2.211081 3.064563 5.275644 6.299588
 0.000080 2.220121 3.065699 5.285819 6.616264
 0.000080 2.228968 3.066988 5.295956 6.939439
 0.000081 2.237006 3.068488 5.305494 7.250588
 0.000081 2.243884 3.070205 5.314088 7.536790
 0.000082 2.249397 3.072182 5.321579 7.790750
 0.000082 2.253476 3.074342 5.327818 8.005479
 0.000083 2.255828 3.076740 5.332567 8.170919
 0.000083 2.256463 3.079481 5.335944 8.289569
 0.000084 2.255707 3.082440 5.338147 8.367404
 0.000084 2.253074 3.085568 5.338642 8.384968
 0.000085 2.248641 3.088906 5.337547 8.346181
 0.000085 2.243166 3.092453 5.335619 8.278104
 0.000086 2.236445 3.096205 5.332649 8.173786
 0.000086 2.228823 3.100120 5.328944 8.044545
 0.000087 2.220544 3.104059 5.324603 7.894466
 0.000087 2.212131 3.107943 5.320074 7.739389
 0.000088 2.204065 3.111827 5.315892 7.597551
 0.000088 2.196666 3.115584 5.312250 7.475111
 0.000089 2.189834 3.119181 5.309014 7.367151
 0.000089 2.183598 3.122709 5.306306 7.277408
 0.000090 2.178366 3.126212 5.304579 7.220435
 0.000090 2.173819 3.129686 5.303505 7.185146
 0.000091 2.170565 3.133114 5.303680 7.190874
 0.000091 2.168873 3.136413 5.305287 7.243754
 0.000092 2.168510 3.139399 5.307909 7.330445
 0.000092 2.169184 3.142026 5.311210 7.440327
 0.000093 2.170401 3.144348 5.314748 7.558991
 0.000093 2.172012 3.146338 5.318350 7.680742
 0.000094 2.173698 3.148045 5.321743 7.796364
 0.000094 2.175345 3.149508 5.324854 7.903097
 0.000095 2.176563 3.150722 5.327285 7.987032
 0.000095 2.176969 3.151663 5.328632 8.033732
 0.000096 2.175754 3.152277 5.328031 8.012884
 0.000096 2.173067 3.152711 5.325778 7.934942
 0.000097 2.168547 3.152905 5.321452 7.786417
 0.000097 2.162003 3.152784 5.314787 7.560300
 0.000098 2.153536 3.152473 5.306009 7.267578
 0.000098 2.143201 3.152007 5.295208 6.915339
 0.000099 2.131713 3.151330 5.283043 6.529071
 0.000099 2.119278 3.150493 5.269771 6.120338
 0.000100 2.106136 3.149380 5.255516 5.696042
 0.000100 2.093025 3.148093 5.241118 5.282978
 0.000101 2.080458 3.146734 5.227192 4.898213
 0.000101 2.069061 3.145455 5.214516 4.560640
 0.000102 2.059025 3.144143 5.203168 4.268667
 0.000102 2.050508 3.142883 5.193390 4.024834
 0.000103 2.043856 3.141716 5.185572 3.835023
 0.000103 2.039207 3.140530 5.179737 3.696349
 0.000104 2.036300 3.139333 5.175634 3.600361
 0.000104 2.035251 3.138209 5.173461 3.550047
 0.000105 2.036229 3.137148 5.173378 3.548127
 0.000105 2.038905 3.136171 5.175076 3.587412
 0.000106 2.042513 3.135307 5.177820 3.651348
 0.000106 2.046908 3.134502 5.181410 3.735857
 0.000107 2.051036 3.133667 5.184703 3.814213
 0.000107 2.054647 3.132902 5.187549 3.882595
 0.000108 2.057542 3.132162 5.189704 3.934782
 0.000108 2.059593 3.131426 5.191019 3.966772
 0.000109 2.060630 3.130804 5.191434 3.976920
 0.000109 2.060345 3.130268 5.190613 3.956882
 0.000110 2.058878 3.129669 5.188546 3.906698
 0.000110 2.055903 3.129090 5.184993 3.821148
 0.000111 2.051436 3.128540 5.179976 3.701981
 0.000111 2.045976 3.127999 5.173975 3.561916
 0.000112 2.040102 3.127472 5.167574 3.415507
 0.000112 2.034037 3.126805 5.160842 3.264831
 0.000113 2.028144 3.126040 5.154185 3.119159
 0.000113 2.022684 3.125080 5.147764 2.981826
 0.000114 2.018116 3.123857 5.141973 2.860612
 0.000114 2.014929 3.122404 5.137333 2.765309
 0.000115 2.013382 3.120697 5.134079 2.699424
 0.000115 2.013580 3.118817 5.132397 2.665694
 0.000116 2.015439 3.116715 5.132153 2.660812
 0.000116 2.019026 3.114369 5.133395 2.685687
 0.000117 2.023704 3.111852 5.135556 2.729232
 0.000117 2.028974 3.109075 5.138049 2.779897
 0.000118 2.034591 3.106211 5.140802 2.836402
 0.000118 2.040455 3.103149 5.143605 2.894512
 0.000119 2.046138 3.099997 5.146135 2.947471
 0.000119 2.051230 3.096696 5.147926 2.985253
 0.000120 2.055357 3.093146 5.148503 2.997482
 0.000120 2.057890 3.089334 5.147224 2.970417
 0.000121 2.058404 3.085365 5.143770 2.897948
 0.000121 2.056802 3.081276 5.138077 2.780481
 0.000122 2.053314 3.077083 5.130397 2.625843
 0.000122 2.048411 3.072786 5.121197 2.446435
 0.000123 2.042465 3.068339 5.110805 2.251405
 0.000123 2.035722 3.063699 5.099421 2.047061
 0.000124 2.028258 3.058937 5.087195 1.838428
 0.000124 2.020484 3.054114 5.074598 1.635192
 0.000125 2.013191 3.049165 5.062356 1.449094
 0.000125 2.007025 3.044072 5.051098 1.287858
 0.000126 2.002493 3.038758 5.041251 1.154642
 0.000126 2.000063 3.033294 5.033357 1.053084
 0.000127 1.999819 3.027750 5.027569 0.981596
 0.000127 2.001807 3.022096 5.023902 0.937609
 0.000128 2.006220 3.016373 5.022593 0.922150
 0.000128 2.012938 3.010662 5.023600 0.934022
 0.000129 2.021680 3.004880 5.026560 0.969390
 0.000129 2.031842 2.998961 5.030803 1.021227
 0.000130 2.042624 2.992971 5.035595 1.081399
 0.000130 2.054217 2.986943 5.041160 1.153444
 0.000131 2.066007 2.980934 5.046941 1.230734
 0.000131 2.077360 2.974915 5.052274 1.304266
 0.000132 2.087846 2.968809 5.056655 1.366255
 0.000132 2.097253 2.962647 5.059900 1.413104
 0.000133 2.104898 2.956502 5.061400 1.435036
 0.000133 2.110772 2.950312 5.061084 1.430398
 0.000134 2.114988 2.944276 5.059264 1.403863
 0.000134 2.117503 2.938384 5.055888 1.355296
 0.000135 2.119002 2.932612 5.051614 1.295045
 0.000135 2.120346 2.926993 5.047338 1.236138
 0.000136 2.121286 2.921518 5.042804 1.175165
 0.000136 2.122510 2.916267 5.038777 1.122309
 0.000137 2.124509 2.911156 5.035666 1.082302
 0.000137 2.127760 2.906165 5.033925 1.060233
 0.000138 2.132502 2.901375 5.033876 1.059624
 0.000138 2.138835 2.896719 5.035554 1.080874
 0.000139 2.146829 2.892123 5.038952 1.124583
 0.000139 2.156577 2.887722 5.044299 1.195093
 0.000140 2.167427 2.883377 5.050804 1.283774
 0.000140 2.179390 2.879166 5.058557 1.393618
 0.000141 2.192286 2.875051 5.067336 1.523447
 0.000141 2.205557 2.871121 5.076678 1.667936
 0.000142 2.218934 2.867312 5.086246 1.822716
 0.000142 2.232051 2.863638 5.095689 1.982195
 0.000143 2.244304 2.860206 5.104510 2.137219
 0.000143 2.255241 2.857038 5.112279 2.278570
 0.000144 2.264375 2.854019 5.118394 2.393038
 0.000144 2.271843 2.851194 5.123036 2.481793
 0.000145 2.277174 2.848601 5.125774 2.534898
 0.000145 2.280791 2.846214 5.127005 2.558951
 0.000146 2.282509 2.844133 5.126642 2.551859
 0.000146 2.281855 2.842394 5.124249 2.505249
 0.000147 2.279430 2.841021 5.120450 2.432149
 0.000147 2.275654 2.839966 5.115619 2.340747
 0.000148 2.270863 2.839132 5.109995 2.236552
 0.000148 2.265581 2.838602 5.104183 2.131362
 0.000149 2.260508 2.838388 5.098897 2.037888
 0.000149 2.256184 2.838403 5.094587 1.963241
 0.000150 2.252596 2.838626 5.091222 1.905914
 0.000150 2.249407 2.839169 5.088577 1.861448
 0.000151 2.246956 2.839942 5.086899 1.833518
 0.000151 2.245599 2.841062 5.086661 1.829583
 0.000152 2.244832 2.842428 5.087260 1.839513
 0.000152 2.244769 2.844086 5.088854 1.866093
 0.000153 2.245109 2.845891 5.091001 1.902175
 0.000153 2.245730 2.847961 5.093691 1.947887
 0.000154 2.246415 2.850339 5.096754 2.000603
 0.000154 2.247031 2.853024 5.100055 2.058193
 0.000155 2.246797 2.855918 5.102715 2.105194
 0.000155 2.245746 2.858984 5.104730 2.141151
 0.000156 2.243644 2.862235 5.105880 2.161808
 0.000156 2.240072 2.865740 5.105811 2.160579
 0.000157 2.235135 2.869523 5.104658 2.139862
 0.000157 2.228969 2.873549 5.102518 2.101693
 0.000158 2.221684 2.877786 5.099470 2.047929
 0.000158 2.213360 2.882196 5.095556 1.979905
 0.000159 2.204326 2.886723 5.091049 1.902994
 0.000159 2.194964 2.891428 5.086392 1.825127
 0.000160 2.185792 2.896213 5.082005 1.753258
 0.000160 2.177070 2.901077 5.078147 1.691247
 0.000161 2.169082 2.906035 5.075116 1.643324
 0.000161 2.161763 2.911093 5.072856 1.608031
 0.000162 2.155592 2.916172 5.071764 1.591118
 0.000162 2.150844 2.921387 5.072231 1.598337
 0.000163 2.147611 2.926547 5.074158 1.628320
 0.000163 2.146118 2.931661 5.077779 1.685390
 0.000164 2.146309 2.936675 5.082984 1.769176
 0.000164 2.148109 2.941607 5.089716 1.880538
 0.000165 2.151225 2.946356 5.097581 2.014953
 0.000165 2.155248 2.950978 5.106226 2.168046
 0.000166 2.159754 2.955562 5.115316 2.335076
 0.000166 2.164584 2.960009 5.124593 2.511919
 0.000167 2.169020 2.964260 5.133280 2.683375
 0.000167 2.172621 2.968414 5.141035 2.841211
 0.000168 2.174874 2.972378 5.147252 2.971008
 0.000168 2.175501 2.976028 5.151529 3.061983
 0.000169 2.174557 2.979414 5.153971 3.114534
 0.000169 2.171484 2.982503 5.153986 3.114874
 0.000170 2.166079 2.985381 5.151460 3.060515
 0.000170 2.159165 2.988056 5.147221 2.970347
 0.000171 2.151299 2.990424 5.141723 2.855438
 0.000171 2.143000 2.992458 5.135458 2.727250
 0.000172 2.135096 2.994264 5.129360 2.605313
 0.000172 2.127964 2.995876 5.123840 2.497326
 0.000173 2.121956 2.997254 5.119210 2.408516
 0.000173 2.117721 2.998376 5.116097 2.349716
 0.000174 2.115153 2.999353 5.114506 2.319932
 0.000174 2.114637 2.999975 5.114611 2.321901
 0.000175 2.116052 3.000294 5.116345 2.354372
 0.000175 2.119086 3.000428 5.119514 2.414307
 0.000176 2.123874 3.000386 5.124261 2.505472
 0.000176 2.130445 3.000197 5.130642 2.630706
 0.000177 2.138487 2.999855 5.138342 2.785897
 0.000177 2.147919 2.999374 5.147292 2.971860
 0.000178 2.158255 2.998602 5.156857 3.177230
 0.000178 2.168889 2.997522 5.166411 3.389233
 0.000179 2.179252 2.996200 5.175452 3.596149
 0.000179 2.188968 2.994584 5.183552 3.786734
 0.000180 2.197539 2.992740 5.190280 3.948765
 0.000180 2.204371 2.990604 5.194976 4.063882
 0.000181 2.208992 2.988238 5.197230 4.119739
 0.000181 2.211492 2.985689 5.197180 4.118495
 0.000182 2.211716 2.982846 5.194562 4.053676
 0.000182 2.210568 2.979753 5.190321 3.949778
 0.000183 2.208422 2.976425 5.184847 3.817658
 0.000183 2.205286 2.972986 5.178273 3.661954
 0.000184 2.201544 2.969466 5.171010 3.493716
 0.000184 2.198096 2.965753 5.163849 3.331706
 0.000185 2.195683 2.961976 5.157659 3.194760
 0.000185 2.194357 2.958070 5.152427 3.081253
 0.000186 2.194462 2.954039 5.148501 2.997430
 0.000186 2.195959 2.949912 5.145871 2.941931
 0.000187 2.198889 2.945699 5.144588 2.915034
 0.000187 2.203613 2.941436 5.145050 2.924697
 0.000188 2.210102 2.937109 5.147211 2.970136
 0.000188 2.218056 2.932709 5.150765 3.045622
 0.000189 2.227564 2.928376 5.155940 3.157237
 0.000189 2.238070 2.924115 5.162185 3.294606
 0.000190 2.249093 2.919721 5.168815 3.443640
 0.000190 2.260398 2.915209 5.175606 3.599728
 0.000191 2.271321 2.910668 5.181990 3.749584
 0.000191 2.281337 2.906102 5.187439 3.879927
 0.000192 2.290303 2.901555 5.191858 3.987268
 0.000192 2.297993 2.897036 5.195029 4.065204
 0.000193 2.304042 2.892557 5.196599 4.104075
 0.000193 2.308303 2.888094 5.196397 4.099057
 0.000194 2.310989 2.883569 5.194558 4.053580
 0.000194 2.311838 2.879104 5.190942 3.964902
 0.000195 2.310381 2.874870 5.185251 3.827334
 0.000195 2.307621 2.870690 5.178311 3.662860
 0.000196 2.303573 2.866522 5.170095 3.472792
 0.000196 2.298802 2.862363 5.161166 3.271994
 0.000197 2.293686 2.858255 5.151940 3.070808
 0.000197 2.288422 2.854286 5.142708 2.875855
 0.000198 2.284111 2.850359 5.134471 2.707319
 0.000198 2.281036 2.846483 5.127520 2.569054
 0.000199 2.279250 2.842599 5.121848 2.458925
 0.000199 2.278571 2.838747 5.117317 2.372678
 0.000200 2.279564 2.835127 5.114691 2.323397
 0.000200 2.282390 2.831708 5.114098 2.312323
 0.000201 2.286966 2.828404 5.115370 2.336079
 0.000201 2.292935 2.825086 5.118021 2.385970
 0.000202 2.299941 2.821833 5.121774 2.457498
 0.000202 2.307921 2.818781 5.126702 2.553019
 0.000203 2.316461 2.815974 5.132435 2.666451
 0.000203 2.324684 2.813358 5.138042 2.779757
 0.000204 2.332246 2.810922 5.143168 2.885418
 0.000204 2.338989 2.808657 5.147646 2.979338
 0.000205 2.344244 2.806697 5.150940 3.049377
 0.000205 2.347440 2.805069 5.152509 3.083028
 0.000206 2.348675 2.803649 5.152324 3.079051
 0.000206 2.348005 2.802528 5.150533 3.040680
 0.000207 2.345719 2.801721 5.147440 2.974969
 0.000207 2.342553 2.801079 5.143633 2.895096
 0.000208 2.338477 2.800716 5.139193 2.803309
 0.000208 2.334161 2.800679 5.134840 2.714765
 0.000209 2.329862 2.800883 5.130746 2.632767
 0.000209 2.325965 2.801223 5.127188 2.562536
 0.000210 2.322783 2.801889 5.124671 2.513443
 0.000210 2.320379 2.802802 5.123181 2.484586
 0.000211 2.319021 2.803763 5.122784 2.476931
 0.000211 2.318870 2.804778 5.123648 2.493600
 0.000212 2.319711 2.805977 5.125688 2.533215
 0.000212 2.321550 2.807301 5.128850 2.595240
 0.000213 2.324446 2.808697 5.133143 2.680627
 0.000213 2.328555 2.810049 5.138604 2.791240
 0.000214 2.333632 2.811306 5.144938 2.922369
 0.000214 2.339349 2.812628 5.151977 3.071588
 0.000215 2.344993 2.814012 5.159005 3.224301
 0.000215 2.350541 2.815345 5.165886 3.377397
 0.000216 2.355788 2.816713 5.172501 3.527925
 0.000216 2.360328 2.818157 5.178484 3.666919
 0.000217 2.363238 2.819502 5.182740 3.767403
 0.000217 2.364349 2.820991 5.185340 3.829462
 0.000218 2.363130 2.822524 5.185654 3.836996
 0.000218 2.359832 2.824063 5.183895 3.794918
 0.000219 2.354690 2.825655 5.180345 3.710691
 0.000219 2.347984 2.827308 5.175291 3.592415
 0.000220 2.340110 2.829045 5.169156 3.451394
 0.000220 2.331500 2.830913 5.162413 3.299686
 0.000221 2.322112 2.832884 5.154996 3.136730
 0.000221 2.312294 2.834955 5.147248 2.970932
 0.000222 2.302888 2.837128 5.140016 2.820215
 0.000222 2.293923 2.839409 5.133333 2.684431
 0.000223 2.285415 2.841769 5.127184 2.562466
 0.000223 2.277888 2.844204 5.122092 2.463605
 0.000224 2.271108 2.846607 5.117714 2.380170
 0.000224 2.265141 2.849141 5.114282 2.315767
 0.000225 2.259893 2.851735 5.111628 2.266559
 0.000225 2.255319 2.854367 5.109687 2.230902
 0.000226 2.251531 2.857095 5.108626 2.211547
 0.000226 2.247753 2.859875 5.107628 2.193396
 0.000227 2.243709 2.862568 5.106277 2.168967
 0.000227 2.239154 2.865337 5.104491 2.136869
 0.000228 2.234207 2.868069 5.102276 2.097397
 0.000228 2.227964 2.870739 5.098703 2.034505
 0.000229 2.220382 2.873345 5.093727 1.948500
 0.000229 2.211035 2.875874 5.086909 1.833687
 0.000230 2.199814 2.878449 5.078264 1.693110
 0.000230 2.186989 2.880939 5.067929 1.532415
 0.000231 2.172932 2.883390 5.056322 1.361493
 0.000231 2.157990 2.885769 5.043759 1.187876
 0.000232 2.142971 2.887943 5.030914 1.022603
 0.000232 2.127880 2.889992 5.017872 0.867455
 0.000233 2.113174 2.891922 5.005096 0.727844
 0.000233 2.099569 2.893718 4.993287 0.609680
 0.000234 2.087764 2.895460 4.983224 0.517243
 0.000234 2.077972 2.897138 4.975110 0.448247
 0.000235 2.070449 2.898780 4.969229 0.401315
 0.000235 2.065684 2.900317 4.966001 0.376668
 0.000236 2.063698 2.901688 4.965387 0.372060
 0.000236 2.064430 2.902982 4.967412 0.387346
 0.000237 2.067465 2.904100 4.971564 0.419642
 0.000237 2.073002 2.905069 4.978071 0.472854
 0.000238 2.080093 2.906038 4.986131 0.543174
 0.000238 2.088233 2.906868 4.995101 0.627157
 0.000239 2.096814 2.907602 5.004416 0.720751
 0.000239 2.104680 2.908278 5.012957 0.812302
 0.000240 2.111383 2.908718 5.020101 0.893071
 0.000240 2.116592 2.909013 5.025605 0.957911
 0.000241 2.119830 2.909298 5.029127 1.000597
 0.000241 2.121304 2.909444 5.030748 1.020545
 0.000242 2.121399 2.909444 5.030843 1.021725
 0.000242 2.120111 2.909285 5.029396 1.003896
 0.000243 2.118594 2.908968 5.027562 0.981512
 0.000243 2.117039 2.908427 5.025466 0.956245
 0.000244 2.116386 2.907724 5.024110 0.940068
 0.000244 2.117570 2.906922 5.024492 0.944615
 0.000245 2.120673 2.905873 5.026546 0.969224
 0.000245 2.125599 2.904744 5.030343 1.015543
 0.000246 2.132921 2.903465 5.036386 1.091497
 0.000246 2.142822 2.902002 5.044824 1.202135
 0.000247 2.155094 2.900264 5.055359 1.347761
 0.000247 2.169245 2.898304 5.067549 1.526668
 0.000248 2.184851 2.896213 5.081064 1.738024
 0.000248 2.201287 2.894030 5.095317 1.975778
 0.000249 2.218741 2.891730 5.110471 2.245278
 0.000249 2.236533 2.889295 5.125828 2.535948
 0.000250 2.253746 2.886721 5.140467 2.829502
 0.000250 2.269951 2.884021 5.153972 3.114560
 0.000251 2.285050 2.881162 5.166211 3.384731
 0.000251 2.298155 2.878217 5.176372 3.617539
 0.000252 2.308903 2.875123 5.184027 3.798056
 0.000252 2.317480 2.872041 5.189521 3.930321
 0.000253 2.323746 2.869003 5.192749 4.009090
 0.000253 2.327971 2.865956 5.193927 4.038025
 0.000254 2.329976 2.862828 5.192804 4.010435
 0.000254 2.329765 2.859787 5.189552 3.931080
 0.000255 2.327826 2.856862 5.184688 3.813845
 0.000255 2.324686 2.854127 5.178814 3.674643
 0.000256 2.320682 2.851553 5.172234 3.521801
 0.000256 2.315661 2.849181 5.164842 3.353939
 0.000257 2.309843 2.846971 5.156815 3.176307
 0.000257 2.303543 2.844937 5.148480 2.996986
 0.000258 2.297047 2.843180 5.140227 2.824563
 0.000258 2.290497 2.841582 5.132079 2.659332
 0.000259 2.283975 2.840241 5.124216 2.504608
 0.000259 2.277394 2.839267 5.116661 2.360318
 0.000260 2.270936 2.838611 5.109547 2.228350
 0.000260 2.264234 2.838293 5.102526 2.101846
 0.000261 2.257229 2.838315 5.095543 1.979680
 0.000261 2.249919 2.838673 5.088592 1.861699
 0.000262 2.242506 2.839344 5.081850 1.750751
 0.000262 2.234638 2.840256 5.074894 1.639836
 0.000263 2.225952 2.841499 5.067451 1.525182
 0.000263 2.216583 2.843169 5.059752 1.410946
 0.000264 2.206517 2.845067 5.051584 1.294627
 0.000264 2.195677 2.847233 5.042911 1.176583
 0.000265 2.183784 2.849760 5.033544 1.055439
 0.000265 2.171002 2.852524 5.023527 0.933157
 0.000266 2.157569 2.855506 5.013075 0.813604
 0.000266 2.143519 2.858730 5.002249 0.698402
 0.000267 2.129106 2.862229 4.991335 0.591160
 0.000267 2.115331 2.865892 4.981223 0.499769
 0.000268 2.102600 2.869608 4.972208 0.424765
 0.000268 2.091597 2.873437 4.965034 0.369429
 0.000269 2.083306 2.877273 4.960579 0.337010
 0.000269 2.077623 2.881224 4.958847 0.324807
 0.000270 2.074239 2.885425 4.959664 0.330540
 0.000270 2.073351 2.889884 4.963235 0.356162
 0.000271 2.075225 2.894512 4.969738 0.405275
 0.000271 2.079331 2.899178 4.978510 0.476554
 0.000272 2.085367 2.903955 4.989321 0.572350
 0.000272 2.093090 2.908767 5.001857 0.694396
 0.000273 2.102040 2.913675 5.015714 0.843020
 0.000273 2.111599 2.918751 5.030349 1.015623
 0.000274 2.121391 2.923855 5.045246 1.207808
 0.000274 2.130847 2.929119 5.059967 1.414076
 0.000275 2.138951 2.934463 5.073414 1.616704
 0.000275 2.145513 2.939957 5.085470 1.809901
 0.000276 2.150312 2.945583 5.095895 1.985746
 0.000276 2.152965 2.951281 5.104246 2.132484
 0.000277 2.153613 2.957122 5.110734 2.250111
 0.000277 2.152982 2.963053 5.116036 2.348559
 0.000278 2.151410 2.969093 5.120503 2.433154
 0.000278 2.149095 2.975237 5.124332 2.506854
 0.000279 2.146488 2.981554 5.128042 2.579320
 0.000279 2.144255 2.987964 5.132219 2.662139
 0.000280 2.142959 2.994472 5.137431 2.767293
 0.000280 2.142793 3.001031 5.143824 2.899074
 0.000281 2.143870 3.007679 5.151549 3.062411
 0.000281 2.146173 3.014348 5.160521 3.257724
 0.000282 2.149528 3.021090 5.170619 3.484769
 0.000282 2.153600 3.027862 5.181463 3.737096
 0.000283 2.158233 3.034630 5.192863 4.011899
 0.000283 2.163141 3.041466 5.204607 4.305148
 0.000284 2.167869 3.048300 5.216169 4.603983
 0.000284 2.172090 3.055106 5.227197 4.898339
 0.000285 2.175465 3.061910 5.237375 5.178129
 0.000285 2.177819 3.068725 5.246544 5.436813
 0.000286 2.179030 3.075524 5.254555 5.667985
 0.000286 2.178152 3.082413 5.260564 5.844574
 0.000287 2.174422 3.089423 5.263845 5.942103
 0.000287 2.167783 3.096396 5.264180 5.952110
 0.000288 2.158635 3.103313 5.261949 5.885633
 0.000288 2.147153 3.110203 5.257356 5.749968
 0.000289 2.133713 3.117055 5.250769 5.558132
 0.000289 2.118610 3.123850 5.242460 5.320818
 0.000290 2.102527 3.130587 5.233114 5.060041
 0.000290 2.086542 3.137245 5.223787 4.806363
 0.000291 2.070885 3.143805 5.214691 4.565221
 0.000291 2.056241 3.150228 5.206469 4.352601
 0.000292 2.043713 3.156510 5.200223 4.194462
 0.000292 2.033323 3.162680 5.196003 4.089292
 0.000293 2.025040 3.168665 5.193705 4.032582
 0.000293 2.018783 3.174453 5.193236 4.021054
 0.000294 2.014893 3.180194 5.195086 4.066621
 0.000294 2.012841 3.185726 5.198567 4.153027
 0.000295 2.012280 3.190973 5.203254 4.270837
 0.000295 2.013460 3.196023 5.209483 4.429965
 0.000296 2.016111 3.200787 5.216899 4.623180
 0.000296 2.019557 3.205277 5.224834 4.834508
 0.000297 2.022693 3.209521 5.232214 5.035296
 0.000297 2.024583 3.213504 5.238087 5.197976
 0.000298 2.025433 3.217112 5.242545 5.323210
 0.000298 2.024464 3.220331 5.244795 5.386997
 0.000299 2.021209 3.223278 5.244488 5.378254
 0.000299 2.015739 3.225916 5.241655 5.298108
 0.000300 2.008071 3.228145 5.236216 5.145880
 0.000300 1.998731 3.230059 5.228790 4.941627
 0.000301 1.988246 3.231576 5.219822 4.700481
 0.000301 1.977060 3.232700 5.209760 4.437099
 0.000302 1.965546 3.233433 5.198979 4.163319
 0.000302 1.954391 3.233863 5.188254 3.899623
 0.000303 1.944259 3.233972 5.178231 3.660981
 0.000303 1.935611 3.233773 5.169384 3.456590
 0.000304 1.928742 3.233311 5.162053 3.291686
 0.000304 1.923966 3.232597 5.156563 3.170818
 0.000305 1.922116 3.231569 5.153685 3.108361
 0.000305 1.922823 3.230225 5.153048 3.094618
 0.000306 1.926138 3.228557 5.154695 3.130202
 0.000306 1.932061 3.226462 5.158523 3.213702
 0.000307 1.940269 3.224003 5.164272 3.341162
 0.000307 1.950462 3.221360 5.171821 3.512318
 0.000308 1.962108 3.218516 5.180624 3.717267
 0.000308 1.974647 3.215411 5.190058 3.943375
 0.000309 1.987250 3.212118 5.199368 4.173044
 0.000309 1.999339 3.208511 5.207850 4.387963
 0.000310 2.010250 3.204576 5.214825 4.568745
 0.000310 2.019162 3.200391 5.219553 4.693344
 0.000311 2.025457 3.195937 5.221394 4.742317
 0.000311 2.028953 3.191147 5.220100 4.707861
 0.000312 2.029485 3.186073 5.215557 4.587929
 0.000312 2.027284 3.180689 5.207972 4.391100
 0.000313 2.022777 3.175154 5.197931 4.137188
 0.000313 2.016495 3.169353 5.185849 3.841663
 0.000314 2.009689 3.163298 5.172987 3.539128
 0.000314 2.003317 3.156991 5.160307 3.253006
 0.000315 1.998056 3.150593 5.148649 3.000563
 0.000315 1.994535 3.144013 5.138548 2.790102
 0.000316 1.993108 3.137233 5.130341 2.624729
 0.000316 1.994063 3.130387 5.124450 2.509144
 0.000317 1.997988 3.123560 5.121548 2.453167
 0.000317 2.004795 3.116821 5.121616 2.454466
 0.000318 2.014489 3.110177 5.124666 2.513341
 0.000318 2.026480 3.103495 5.129975 2.617471
 0.000319 2.040816 3.096930 5.137746 2.773727
 0.000319 2.056824 3.090602 5.147427 2.974694
 0.000320 2.073954 3.084445 5.158400 3.211002
 0.000320 2.091823 3.078581 5.170404 3.479854
 0.000321 2.109976 3.072871 5.182847 3.769943
 0.000321 2.127788 3.067271 5.195059 4.065930
 0.000322 2.144889 3.061950 5.206839 4.362065
 0.000322 2.160509 3.056848 5.217356 4.635239
 0.000323 2.173878 3.052069 5.225948 4.864550
 0.000323 2.185111 3.047529 5.232639 5.046988
 0.000324 2.194372 3.043206 5.237578 5.183797
 0.000324 2.201606 3.038995 5.240601 5.268417
 0.000325 2.207285 3.035041 5.242326 5.317019
 0.000325 2.211604 3.031395 5.242999 5.336049
 0.000326 2.214944 3.028169 5.243113 5.339282
 0.000326 2.217962 3.025128 5.243090 5.338635
 0.000327 2.220719 3.022283 5.243002 5.336131
 0.000327 2.223643 3.019684 5.243326 5.345319
 0.000328 2.227405 3.017279 5.244684 5.383835
 0.000328 2.231662 3.015092 5.246753 5.442800
 0.000329 2.236437 3.013099 5.249536 5.522592
 0.000329 2.241877 3.011283 5.253160 5.627405
 0.000330 2.247950 3.009714 5.257663 5.758985
 0.000330 2.254043 3.008385 5.262429 5.899901
 0.000331 2.260013 3.007181 5.267194 6.042514
 0.000331 2.265787 3.006038 5.271824 6.182720
 0.000332 2.270930 3.004887 5.275817 6.304907
 0.000332 2.275365 3.003815 5.279180 6.408758
 0.000333 2.278525 3.002791 5.281316 6.475147
 0.000333 2.279870 3.001839 5.281710 6.487430
 0.000334 2.279490 3.000806 5.280296 6.443394
 0.000334 2.277343 2.999650 5.276993 6.341116
 0.000335 2.273015 2.998420 5.271435 6.170873
 0.000335 2.266030 2.997210 5.263240 5.924070
 0.000336 2.256543 2.995960 5.252503 5.608320
 0.000336 2.244675 2.994724 5.239399 5.234688
 0.000337 2.231157 2.993417 5.224574 4.827505
 0.000337 2.216132 2.992182 5.208315 4.399893
 0.000338 2.200557 2.990909 5.191466 3.977700
 0.000338 2.184790 2.989650 5.174440 3.572681
 0.000339 2.169591 2.988473 5.158063 3.203625
 0.000339 2.154847 2.987389 5.142236 2.866051
 0.000340 2.141108 2.986350 5.127458 2.567833
 0.000340 2.128790 2.985364 5.114155 2.313385
 0.000341 2.118053 2.984378 5.102431 2.100145
 0.000341 2.109157 2.983333 5.092489 1.927401
 0.000342 2.102190 2.982298 5.084488 1.793752
 0.000342 2.096890 2.981338 5.078228 1.692543
 0.000343 2.093196 2.980485 5.073681 1.620865
 0.000343 2.090856 2.979645 5.070501 1.571659
 0.000344 2.089645 2.978790 5.068435 1.540093
 0.000344 2.088751 2.977899 5.066650 1.513088
 0.000345 2.087897 2.976963 5.064860 1.486246
 0.000345 2.086327 2.975993 5.062320 1.448559
 0.000346 2.083534 2.975042 5.058576 1.393901
 0.000346 2.079513 2.974227 5.053740 1.324846
 0.000347 2.074378 2.973531 5.047909 1.243921
 0.000347 2.067889 2.972979 5.040868 1.149601
 0.000348 2.060395 2.972569 5.032964 1.048153
 0.000348 2.052237 2.972120 5.024357 0.943005
 0.000349 2.043917 2.971729 5.015647 0.842257
 0.000349 2.035883 2.971519 5.007402 0.752136
 0.000350 2.028561 2.971386 4.999947 0.675035
 0.000350 2.022443 2.971345 4.993788 0.614485
 0.000351 2.017610 2.971333 4.988943 0.568852
 0.000351 2.014355 2.971388 4.985744 0.539678
 0.000352 2.013144 2.971537 4.984681 0.530161
 0.000352 2.013475 2.971764 4.985238 0.535140
 0.000353 2.015204 2.972247 4.987451 0.555150
 0.000353 2.018222 2.972927 4.991150 0.589416
 0.000354 2.022443 2.973886 4.996329 0.639118
 0.000354 2.027707 2.975093 5.002800 0.704050
 0.000355 2.033754 2.976498 5.010252 0.782712
 0.000355 2.040138 2.978142 5.018280 0.872114
 0.000356 2.046696 2.980123 5.026818 0.972511
 0.000356 2.053137 2.982334 5.035471 1.079821
 0.000357 2.059206 2.984755 5.043961 1.190581
 0.000357 2.064749 2.987420 5.052170 1.302799
 0.000358 2.069966 2.990272 5.060239 1.418041
 0.000358 2.074625 2.993359 5.067984 1.533256
 0.000359 2.078825 2.996650 5.075475 1.648960
 0.000359 2.082872 3.000243 5.083115 1.771312
 0.000360 2.086618 3.004211 5.090829 1.899284
 0.000360 2.090525 3.008381 5.098907 2.038066
 0.000361 2.094836 3.012636 5.107473 2.190589
 0.000361 2.099647 3.016887 5.116534 2.357923
 0.000362 2.105748 3.021120 5.126868 2.556274
 0.000362 2.112731 3.025225 5.137957 2.778019
 0.000363 2.120813 3.029201 5.150015 3.029618
 0.000363 2.129839 3.033085 5.162923 3.311050
 0.000364 2.139682 3.036733 5.176415 3.618535
 0.000364 2.150104 3.040057 5.190161 3.945878
 0.000365 2.160984 3.043065 5.204048 4.290971
 0.000365 2.172145 3.045720 5.217864 4.648645
 0.000366 2.182686 3.048020 5.230706 4.993940
 0.000366 2.192057 3.049965 5.242022 5.308442
 0.000367 2.200440 3.051425 5.251865 5.589840
 0.000367 2.207317 3.052385 5.259702 5.819072
 0.000368 2.212423 3.052841 5.265264 5.984540
 0.000368 2.215885 3.052717 5.268602 6.084980
 0.000369 2.217740 3.052008 5.269748 6.119646
 0.000369 2.217714 3.050622 5.268336 6.076946
 0.000370 2.215622 3.048649 5.264271 5.954832
 0.000370 2.211649 3.046210 5.257859 5.764752
 0.000371 2.206178 3.043315 5.249494 5.521373
 0.000371 2.199330 3.039935 5.239265 5.230921
 0.000372 2.191380 3.036205 5.227585 4.908865
 0.000372 2.182626 3.032058 5.214684 4.565048
 0.000373 2.173245 3.027549 5.200794 4.208810
 0.000373 2.163376 3.022721 5.186097 3.847620
 0.000374 2.153534 3.017596 5.171131 3.496478
 0.000374 2.144521 3.012256 5.156778 3.175503
 0.000375 2.136656 3.006642 5.143298 2.888123
 0.000375 2.130288 3.000993 5.131281 2.643411
 0.000376 2.125506 2.995285 5.120790 2.438642
 0.000376 2.122210 2.989598 5.111808 2.269876
 0.000377 2.120414 2.983971 5.104385 2.134979
 0.000377 2.119738 2.978366 5.098103 2.024040
 0.000378 2.120098 2.972841 5.092940 1.935067
 0.000378 2.121560 2.967488 5.089048 1.869334
 0.000379 2.123608 2.962290 5.085898 1.816960
 0.000379 2.126081 2.957343 5.083424 1.776350
 0.000380 2.128588 2.952533 5.081121 1.738948
 0.000380 2.130766 2.947827 5.078593 1.698370
 0.000381 2.132532 2.943248 5.075780 1.653757
 0.000381 2.133523 2.938892 5.072414 1.601179
 0.000382 2.133570 2.934809 5.068379 1.539242
 0.000382 2.132652 2.930931 5.063583 1.467231
 0.000383 2.130764 2.927343 5.058107 1.387127
 0.000383 2.127706 2.923901 5.051608 1.294955
 0.000384 2.124009 2.920740 5.044748 1.201123
 0.000384 2.119798 2.917888 5.037686 1.108192
 0.000385 2.115327 2.915208 5.030535 1.017913
 0.000385 2.111289 2.912791 5.024080 0.939712
 0.000386 2.107814 2.910661 5.018474 0.874340
 0.000386 2.105338 2.908831 5.014170 0.825740
 0.000387 2.104106 2.907337 5.011443 0.795672
 0.000387 2.104384 2.906170 5.010555 0.785995
 0.000388 2.105426 2.905328 5.010754 0.788161
 0.000388 2.107723 2.904789 5.012513 0.807401
 0.000389 2.111467 2.904666 5.016133 0.847735
 0.000389 2.116371 2.905001 5.021372 0.907845
 0.000390 2.121950 2.905655 5.027605 0.982029
 0.000390 2.127955 2.906797 5.034751 1.070682
 0.000391 2.133880 2.908388 5.042268 1.168054
 0.000391 2.138931 2.910431 5.049362 1.263848
 0.000392 2.143005 2.912899 5.055904 1.355521
 0.000392 2.145826 2.915824 5.061649 1.438692
 0.000393 2.147618 2.919130 5.066747 1.514557
 0.000393 2.148131 2.922877 5.071007 1.579447
 0.000394 2.147618 2.927038 5.074656 1.636110
 0.000394 2.146210 2.931458 5.077668 1.683634
 0.000395 2.144233 2.936080 5.080312 1.725918
 0.000395 2.141608 2.940974 5.082582 1.762633
 0.000396 2.138940 2.946122 5.085062 1.803188
 0.000396 2.137291 2.951553 5.088844 1.865915
 0.000397 2.137430 2.957089 5.094519 1.962063
 0.000397 2.139313 2.962792 5.102105 2.094371
 0.000398 2.143089 2.968653 5.111741 2.268651
 0.000398 2.149053 2.974557 5.123610 2.492873
 0.000399 2.156645 2.980453 5.137097 2.760506
 0.000399 2.165703 2.986202 5.151905 3.070045
 0.000400 2.175983 2.991788 5.167771 3.419966
 0.000400 2.187698 2.997254 5.184953 3.820183
 0.000401 2.200561 3.002555 5.203116 4.267350
 0.000401 2.213737 3.007744 5.221482 4.744652
 0.000402 2.226897 3.012644 5.239540 5.238651
 0.000402 2.239928 3.017246 5.257174 5.744625
 0.000403 2.252353 3.021634 5.273987 6.248755
 0.000403 2.263770 3.025724 5.289493 6.732511
 0.000404 2.273601 3.029585 5.303186 7.174666
 0.000404 2.281978 3.033176 5.315154 7.572650
 0.000405 2.288605 3.036422 5.325027 7.909069
 0.000405 2.293270 3.039364 5.332634 8.173246
 0.000406 2.295773 3.042073 5.337846 8.356749
 0.000406 2.296085 3.044454 5.340539 8.452385
 0.000407 2.294487 3.046529 5.341016 8.469383
 0.000407 2.291231 3.048289 5.339520 8.416151
 0.000408 2.286542 3.049687 5.336229 8.299596
 0.000408 2.280512 3.050809 5.331321 8.127357
 0.000409 2.273632 3.051618 5.325251 7.916767
 0.000409 2.266154 3.052076 5.318230 7.676678
 0.000410 2.258474 3.052253 5.310727 7.424183
 0.000410 2.250282 3.052071 5.302353 7.147369
 0.000411 2.241876 3.051777 5.293653 6.865358
 0.000411 2.233871 3.051276 5.285147 6.595098
 0.000412 2.226276 3.050616 5.276892 6.338012
 0.000412 2.219103 3.049897 5.269000 6.097012
 0.000413 2.212206 3.049064 5.261271 5.865503
 0.000413 2.206093 3.048134 5.254227 5.658430
 0.000414 2.200491 3.047100 5.247591 5.466764
 0.000414 2.195248 3.046209 5.241457 5.292511
 0.000415 2.190419 3.045221 5.235640 5.129892
 0.000415 2.185522 3.044204 5.229726 4.967144
 0.000416 2.180547 3.043067 5.223614 4.801705
 0.000416 2.175195 3.041920 5.217115 4.628890
 0.000417 2.169448 3.040721 5.210169 4.447670
 0.000417 2.163026 3.039607 5.202633 4.255132
 0.000418 2.155948 3.038673 5.194621 4.055138
 0.000418 2.148241 3.037913 5.186154 3.849003
 0.000419 2.139945 3.037379 5.177324 3.639743
 0.000419 2.131721 3.037064 5.168785 3.442965
 0.000420 2.123550 3.036947 5.160496 3.257180
 0.000420 2.115535 3.036940 5.152475 3.082292
 0.000421 2.107987 3.037035 5.145022 2.924118
 0.000421 2.101210 3.037289 5.138499 2.789103
 0.000422 2.095340 3.037597 5.132937 2.676495
 0.000422 2.090588 3.037964 5.128552 2.589351
 0.000423 2.086760 3.038398 5.125159 2.522909
 0.000423 2.084236 3.038878 5.123114 2.483286
 0.000424 2.082552 3.039444 5.121995 2.461750
 0.000424 2.081788 3.040040 5.121828 2.458529
 0.000425 2.082119 3.040591 5.122710 2.475500
 0.000425 2.082975 3.041034 5.124009 2.500595
 0.000426 2.084118 3.041454 5.125571 2.530945
 0.000426 2.085338 3.041821 5.127159 2.561976
 0.000427 2.086584 3.042082 5.128666 2.591609
 0.000427 2.087830 3.042211 5.130041 2.618783
 0.000428 2.088308 3.042284 5.130591 2.629704
 0.000428 2.088198 3.042185 5.130383 2.625565
 0.000429 2.086734 3.041907 5.128641 2.591106
 0.000429 2.083561 3.041486 5.125047 2.520742
 0.000430 2.079284 3.040951 5.120236 2.428051
 0.000430 2.074193 3.040274 5.114468 2.319220
 0.000431 2.068538 3.039378 5.107917 2.198643
 0.000431 2.062527 3.038225 5.100752 2.070455
 0.000432 2.056547 3.036924 5.093471 1.944133
 0.000432 2.051163 3.035374 5.086537 1.827530
 0.000433 2.046373 3.033622 5.079994 1.720803
 0.000433 2.042295 3.031634 5.073929 1.624744
 0.000434 2.038976 3.029405 5.068381 1.539283
 0.000434 2.036625 3.026990 5.063615 1.467711
 0.000435 2.035329 3.024442 5.059770 1.411219
 0.000435 2.035192 3.021902 5.057095 1.372558
 0.000436 2.036182 3.019269 5.055451 1.349079
 0.000436 2.038082 3.016524 5.054606 1.337078
 0.000437 2.040736 3.013611 5.054347 1.333417
 0.000437 2.043943 3.010622 5.054565 1.336505
 0.000438 2.047673 3.007564 5.055237 1.346032
 0.000438 2.051699 3.004514 5.056213 1.359934
 0.000439 2.055408 3.001426 5.056834 1.368817
 0.000439 2.057971 2.998380 5.056351 1.361916
 0.000440 2.058944 2.995407 5.054352 1.333482
 0.000440 2.058427 2.992393 5.050820 1.284003
 0.000441 2.056571 2.989452 5.046023 1.218292
 0.000441 2.053542 2.986697 5.040240 1.141368
 0.000442 2.049795 2.984203 5.033999 1.061166
 0.000442 2.045604 2.981906 5.027509 0.980873
 0.000443 2.041494 2.979782 5.021276 0.906717
 0.000443 2.038522 2.977679 5.016201 0.848496
 0.000444 2.036980 2.975710 5.012690 0.809348
 0.000444 2.037094 2.973891 5.010985 0.790674
 0.000445 2.038770 2.972185 5.010955 0.790349
 0.000445 2.042540 2.970487 5.013027 0.813074
 0.000446 2.048836 2.968773 5.017609 0.864460
 0.000446 2.057649 2.967226 5.024875 0.949179
 0.000447 2.068778 2.965754 5.034532 1.067902
 0.000447 2.081876 2.964297 5.046173 1.220320
 0.000448 2.096949 2.962852 5.059800 1.411658
 0.000448 2.113518 2.961361 5.074879 1.639600
 0.000449 2.131220 2.959792 5.091012 1.902366
 0.000449 2.149959 2.958195 5.108155 2.202967
 0.000450 2.169133 2.956508 5.125641 2.532309
 0.000450 2.188459 2.954761 5.143220 2.886495
 0.000451 2.207135 2.952831 5.159966 3.245461
 0.000451 2.224993 2.950759 5.175751 3.603099
 0.000452 2.242214 2.948591 5.190806 3.961578
 0.000452 2.258696 2.946323 5.205020 4.315649
 0.000453 2.273822 2.944066 5.217888 4.649261
 0.000453 2.287521 2.941855 5.229376 4.957601
 0.000454 2.300227 2.939721 5.239947 5.250066
 0.000454 2.311760 2.937567 5.249328 5.516603
 0.000455 2.322227 2.935457 5.257685 5.759614
 0.000455 2.331700 2.933243 5.264943 5.974948
 0.000456 2.340201 2.930956 5.271157 6.162406
 0.000456 2.347883 2.928645 5.276528 6.326782
 0.000457 2.354578 2.926269 5.280847 6.460543
 0.000457 2.360462 2.923850 5.284312 6.568858
 0.000458 2.365370 2.921406 5.286776 6.646425
 0.000458 2.369145 2.918955 5.288100 6.688295
 0.000459 2.372059 2.916486 5.288546 6.702424
 0.000459 2.374079 2.913947 5.288026 6.685968
 0.000460 2.375024 2.911335 5.286360 6.633295
 0.000460 2.375014 2.908676 5.283690 6.549339
 0.000461 2.373672 2.906033 5.279705 6.425053
 0.000461 2.370420 2.903533 5.273954 6.247733
 0.000462 2.365261 2.901085 5.266346 6.017004
 0.000462 2.358443 2.898740 5.257183 5.744869
 0.000463 2.349860 2.896379 5.246240 5.428136
 0.000463 2.339398 2.894036 5.233433 5.068860
 0.000464 2.327280 2.891708 5.218987 4.678345
 0.000464 2.313541 2.889361 5.202902 4.261930
 0.000465 2.297702 2.887042 5.184744 3.815193
 0.000465 2.280097 2.884754 5.164851 3.354147
 0.000466 2.261273 2.882475 5.143748 2.897503
 0.000466 2.241609 2.880096 5.121705 2.456178
 0.000467 2.221843 2.877698 5.099541 2.049171
 0.000467 2.202442 2.875306 5.077748 1.684906
 0.000468 2.183767 2.872979 5.056746 1.367559
 0.000468 2.166591 2.870766 5.037357 1.103957
 0.000469 2.151059 2.868666 5.019725 0.888725
 0.000469 2.137349 2.866707 5.004056 0.717017
 0.000470 2.125543 2.864890 4.990434 0.582700
 0.000470 2.115868 2.863215 4.979084 0.481421
 0.000471 2.108286 2.861908 4.970193 0.408837
 0.000471 2.103218 2.860941 4.964158 0.362942
 0.000472 2.100310 2.860296 4.960606 0.337200
 0.000472 2.099298 2.860109 4.959407 0.328729
 0.000473 2.099297 2.860327 4.959624 0.330259
 0.000473 2.100071 2.860993 4.961064 0.340472
 0.000474 2.101470 2.862129 4.963599 0.358824
 0.000474 2.102565 2.863638 4.966203 0.378183
 0.000475 2.103480 2.865597 4.969077 0.400141
 0.000475 2.103872 2.868070 4.971942 0.422647
 0.000476 2.103331 2.871019 4.974350 0.442035
 0.000476 2.101731 2.874535 4.976266 0.457774
 0.000477 2.099361 2.878570 4.977931 0.471675
 0.000477 2.096791 2.883075 4.979865 0.488085
 0.000478 2.094343 2.888044 4.982387 0.509898
 0.000478 2.092255 2.893514 4.985769 0.539907
 0.000479 2.091286 2.899289 4.990575 0.584024
 0.000479 2.091842 2.905483 4.997325 0.648914
 0.000480 2.093916 2.912032 5.005948 0.736769
 0.000480 2.097611 2.918935 5.016546 0.852401
 0.000481 2.102777 2.926144 5.028921 0.998067
 0.000481 2.109819 2.933563 5.043381 1.182844
 0.000482 2.118566 2.941050 5.059616 1.408976
 0.000482 2.128863 2.948448 5.077312 1.677971
 0.000483 2.139945 2.955871 5.095816 1.984386
 0.000483 2.151406 2.963397 5.114802 2.325465
 0.000484 2.162903 2.970791 5.133694 2.691679
 0.000484 2.174170 2.978109 5.152280 3.078089
 0.000485 2.184469 2.985362 5.169830 3.466758
 0.000485 2.193982 2.992477 5.186459 3.856331
 0.000486 2.202074 2.999404 5.201478 4.226013
 0.000486 2.208549 3.006182 5.214731 4.566261
 0.000487 2.213432 3.012674 5.226107 4.868844
 0.000487 2.216420 3.018921 5.235341 5.121594
 0.000488 2.217698 3.024967 5.242665 5.326613
 0.000488 2.217201 3.030840 5.248041 5.479640
 0.000489 2.215051 3.036610 5.251661 5.583933
 0.000489 2.211673 3.042193 5.253865 5.647906
 0.000490 2.207460 3.047492 5.254952 5.679570
 0.000490 2.203214 3.052564 5.255778 5.703704
 0.000491 2.199333 3.057421 5.256755 5.732312
 0.000491 2.195568 3.062083 5.257651 5.758619
 0.000492 2.192263 3.066471 5.258734 5.790515
 0.000492 2.189524 3.070609 5.260133 5.831801
 0.000493 2.187277 3.074553 5.261829 5.882090
 0.000493 2.185748 3.078204 5.263953 5.945327
 0.000494 2.185104 3.081464 5.266568 6.023669
 0.000494 2.184942 3.084239 5.269181 6.102483
 0.000495 2.185437 3.086682 5.272118 6.191678
 0.000495 2.186530 3.088858 5.275388 6.291733
 0.000496 2.188009 3.090781 5.278790 6.396672
 0.000496 2.189566 3.092405 5.281971 6.495586
 0.000497 2.190559 3.093695 5.284254 6.567043
 0.000497 2.191011 3.094704 5.285715 6.612964
 0.000498 2.190177 3.095383 5.285560 6.608108
 0.000498 2.188248 3.095802 5.284050 6.560639
 0.000499 2.185085 3.095920 5.281005 6.465460
 0.000499 2.180438 3.095778 5.276215 6.317166
 0.000500 2.174554 3.095237 5.269791 6.120958
