#! FIELDS time dAB dAC rc bias
 0.000000 2.311401 3.004584 5.315985 3.501206
 0.000000 2.315164 3.001866 5.317030 3.525185
 0.000001 2.317266 2.999212 5.316478 3.512514
 0.000001 2.317587 2.996696 5.314283 3.462316
 0.000002 2.315512 2.994381 5.309893 3.362989
 0.000002 2.310391 2.992231 5.302621 3.201640
 0.000003 2.302168 2.990328 5.292497 2.983618
 0.000003 2.291318 2.988694 5.280013 2.725359
 0.000004 2.278131 2.987433 5.265564 2.441048
 0.000004 2.262930 2.986570 5.249499 2.143324
 0.000005 2.246396 2.986024 5.232420 1.848018
 0.000005 2.229086 2.985773 5.214859 1.567213
 0.000006 2.211711 2.985817 5.197528 1.312745
 0.000006 2.194931 2.986226 5.181157 1.093076
 0.000007 2.179491 2.987009 5.166500 0.913444
 0.000007 2.165973 2.988168 5.154140 0.774498
 0.000008 2.154810 2.989744 5.144554 0.674618
 0.000008 2.146281 2.991570 5.137851 0.608882
 0.000009 2.140396 2.993768 5.134164 0.574151
 0.000009 2.137098 2.996181 5.133279 0.565964
 0.000010 2.135580 2.998882 5.134462 0.576917
 0.000010 2.135887 3.001873 5.137759 0.608003
 0.000011 2.138139 3.005138 5.143277 0.661832
 0.000011 2.141436 3.008691 5.150127 0.731846
 0.000012 2.144520 3.012553 5.157072 0.806426
 0.000012 2.146932 3.016518 5.163451 0.878104
 0.000013 2.148207 3.020689 5.168896 0.941713
 0.000013 2.147641 3.025061 5.172702 0.987489
 0.000014 2.144869 3.029523 5.174392 1.008158
 0.000014 2.139636 3.034264 5.173900 1.002121
 0.000015 2.131608 3.039153 5.170762 0.964013
 0.000015 2.121367 3.044079 5.165446 0.901151
 0.000016 2.109017 3.049057 5.158074 0.817485
 0.000016 2.095468 3.054030 5.149498 0.725269
 0.000017 2.081652 3.058956 5.140608 0.635514
 0.000017 2.068770 3.063767 5.132537 0.559151
 0.000018 2.057286 3.068421 5.125707 0.498351
 0.000018 2.047769 3.072958 5.120727 0.456225
 0.000019 2.040739 3.077327 5.118066 0.434477
 0.000019 2.037153 3.081570 5.118723 0.439794
 0.000020 2.036789 3.085522 5.122311 0.469422
 0.000020 2.039739 3.089129 5.128867 0.526049
 0.000021 2.045525 3.092414 5.137939 0.609718
 0.000021 2.054246 3.095298 5.149544 0.725749
 0.000022 2.065266 3.097870 5.163136 0.874498
 0.000022 2.078067 3.100104 5.178171 1.055169
 0.000023 2.092086 3.101983 5.194070 1.264664
 0.000023 2.106101 3.103569 5.209670 1.488657
 0.000024 2.118733 3.104787 5.223520 1.702818
 0.000024 2.129312 3.105541 5.234853 1.888756
 0.000025 2.137599 3.105843 5.243441 2.036081
 0.000025 2.143503 3.105720 5.249223 2.138376
 0.000026 2.146925 3.105166 5.252091 2.190053
 0.000026 2.148378 3.104142 5.252519 2.197814
 0.000027 2.148262 3.102665 5.250926 2.168987
 0.000027 2.146500 3.100866 5.247366 2.105246
 0.000028 2.143407 3.098857 5.242263 2.015542
 0.000028 2.139738 3.096674 5.236413 1.915097
 0.000029 2.136139 3.094283 5.230422 1.814914
 0.000029 2.133152 3.091554 5.224707 1.721836
 0.000030 2.131352 3.088529 5.219881 1.645147
 0.000030 2.131018 3.085287 5.216305 1.589461
 0.000031 2.132593 3.081925 5.214518 1.561987
 0.000031 2.136164 3.078298 5.214462 1.561132
 0.000032 2.141483 3.074536 5.216018 1.585032
 0.000032 2.148222 3.070605 5.218826 1.628629
 0.000033 2.156160 3.066569 5.222729 1.690195
 0.000033 2.165532 3.062385 5.227918 1.773822
 0.000034 2.176029 3.058087 5.234116 1.876363
 0.000034 2.187118 3.053726 5.240844 1.990946
 0.000035 2.198477 3.049283 5.247761 2.112259
 0.000035 2.209375 3.044832 5.254207 2.228562
 0.000036 2.219360 3.040376 5.259736 2.330801
 0.000036 2.227693 3.036004 5.263696 2.405441
 0.000037 2.233832 3.031650 5.265482 2.439483
 0.000037 2.237378 3.027244 5.264622 2.423059
 0.000038 2.238355 3.022918 5.261272 2.359611
 0.000038 2.236411 3.018588 5.254999 2.243072
 0.000039 2.231288 3.014287 5.245575 2.073534
 0.000039 2.223688 3.010123 5.233811 1.871253
 0.000040 2.214351 3.006004 5.220355 1.652613
 0.000040 2.204043 3.001976 5.206019 1.434598
 0.000041 2.193628 2.998065 5.191693 1.232140
 0.000041 2.183625 2.994286 5.177911 1.051895
 0.000042 2.174395 2.990721 5.165116 0.897323
 0.000042 2.166600 2.987437 5.154036 0.773379
 0.000043 2.160837 2.984313 5.145150 0.680631
 0.000043 2.157762 2.981392 5.139154 0.621396
 0.000044 2.157059 2.978697 5.135756 0.589023
 0.000044 2.158501 2.976281 5.134782 0.579904
 0.000045 2.161936 2.973998 5.135934 0.590696
 0.000045 2.167275 2.972000 5.139276 0.622568
 0.000046 2.174220 2.970326 5.144546 0.674543
 0.000046 2.182734 2.969043 5.151777 0.749235
 0.000047 2.192198 2.968004 5.160201 0.841205
 0.000047 2.202027 2.967150 5.169176 0.945043
 0.000048 2.211368 2.966537 5.177905 1.051826
 0.000048 2.219340 2.966128 5.185468 1.148969
 0.000049 2.225617 2.965897 5.191513 1.229704
 0.000049 2.229434 2.965904 5.195338 1.282194
 0.000050 2.230376 2.966085 5.196461 1.297822
 0.000050 2.228585 2.966363 5.194947 1.276781
 0.000051 2.223924 2.966628 5.190552 1.216685
 0.000051 2.216535 2.966881 5.183416 1.122183
 0.000052 2.207345 2.967157 5.174502 1.009513
 0.000052 2.197066 2.967581 5.164647 0.891892
 0.000053 2.186805 2.968094 5.154899 0.782695
 0.000053 2.177127 2.968613 5.145740 0.686603
 0.000054 2.168911 2.969145 5.138056 0.610838
 0.000054 2.162846 2.969640 5.132486 0.558687
 0.000055 2.159028 2.970113 5.129141 0.528483
 0.000055 2.157738 2.970535 5.128273 0.520784
 0.000056 2.159100 2.970825 5.129925 0.535489
 0.000056 2.162997 2.970859 5.133856 0.571293
 0.000057 2.169372 2.970767 5.140139 0.630944
 0.000057 2.177620 2.970579 5.148199 0.711784
 0.000058 2.187656 2.970430 5.158086 0.817609
 0.000058 2.198728 2.970234 5.168961 0.942487
 0.000059 2.210080 2.969977 5.180057 1.079034
 0.000059 2.220912 2.969708 5.190619 1.217590
 0.000060 2.230914 2.969402 5.200316 1.352159
 0.000060 2.239695 2.969173 5.208868 1.476695
 0.000061 2.246466 2.968925 5.215391 1.575377
 0.000061 2.250680 2.968661 5.219341 1.636685
 0.000062 2.252370 2.968351 5.220721 1.658380
 0.000062 2.251172 2.968044 5.219216 1.634716
 0.000063 2.247008 2.967857 5.214865 1.567300
 0.000063 2.240443 2.967787 5.208230 1.467217
 0.000064 2.232259 2.967824 5.200083 1.348842
 0.000064 2.223114 2.968047 5.191162 1.224930
 0.000065 2.213845 2.968525 5.182370 1.108660
 0.000065 2.205234 2.969157 5.174391 1.008147
 0.000066 2.198036 2.970003 5.168040 0.931557
 0.000066 2.192582 2.970965 5.163547 0.879212
 0.000067 2.189120 2.972030 5.161150 0.851897
 0.000067 2.188103 2.973221 5.161324 0.853870
 0.000068 2.189486 2.974526 5.164012 0.884556
 0.000068 2.193694 2.975976 5.169670 0.950932
 0.000069 2.200352 2.977676 5.178028 1.053367
 0.000069 2.209437 2.979557 5.188995 1.195731
 0.000070 2.220384 2.981526 5.201911 1.374966
 0.000070 2.232228 2.983521 5.215750 1.580894
 0.000071 2.244805 2.985563 5.230368 1.814013
 0.000071 2.257389 2.987666 5.245054 2.064366
 0.000072 2.269418 2.989945 5.259363 2.323834
 0.000072 2.279703 2.992276 5.271980 2.565354
 0.000073 2.287236 2.994620 5.281855 2.762741
 0.000073 2.291633 2.996982 5.288615 2.902052
 0.000074 2.292709 2.999522 5.292230 2.977982
 0.000074 2.290490 3.002231 5.292720 2.988345
 0.000075 2.285328 3.005059 5.290387 2.939148
 0.000075 2.277722 3.007971 5.285693 2.841414
 0.000076 2.268227 3.011042 5.279269 2.710337
 0.000076 2.257883 3.014130 5.272013 2.566000
 0.000077 2.247766 3.017356 5.265122 2.432588
 0.000077 2.238069 3.020572 5.258641 2.310375
 0.000078 2.229642 3.023724 5.253366 2.213224
 0.000078 2.223081 3.026981 5.250062 2.153425
 0.000079 2.218711 3.030200 5.248911 2.132785
 0.000079 2.217004 3.033407 5.250410 2.159690
 0.000080 2.217399 3.036590 5.253989 2.224581
 0.000080 2.219840 3.039743 5.259583 2.327935
 0.000081 2.224557 3.042892 5.267449 2.477242
 0.000081 2.231332 3.045919 5.277251 2.669793
 0.000082 2.239770 3.048946 5.288717 2.904179
 0.000082 2.249149 3.051935 5.301085 3.168055
 0.000083 2.258824 3.054856 5.313680 3.448586
 0.000083 2.267822 3.057742 5.325565 3.724181
 0.000084 2.275704 3.060493 5.336197 3.979702
 0.000084 2.281833 3.063228 5.345060 4.199217
 0.000085 2.285670 3.065961 5.351630 4.365728
 0.000085 2.286776 3.068490 5.355266 4.459256
 0.000086 2.284596 3.070965 5.355561 4.466891
 0.000086 2.278956 3.073372 5.352329 4.383614
 0.000087 2.270360 3.075657 5.346017 4.223255
 0.000087 2.259119 3.077834 5.336952 3.998193
 0.000088 2.246015 3.079665 5.325680 3.726905
 0.000088 2.231883 3.081083 5.312966 3.432348
 0.000089 2.217060 3.082224 5.299284 3.128927
 0.000089 2.202080 3.082998 5.285078 2.828731
 0.000090 2.187781 3.083453 5.271234 2.550747
 0.000090 2.174879 3.083543 5.258422 2.306302
 0.000091 2.163730 3.083274 5.247004 2.098815
 0.000091 2.155188 3.082744 5.237932 1.940939
 0.000092 2.149106 3.081811 5.230917 1.823081
 0.000092 2.145784 3.080411 5.226195 1.745839
 0.000093 2.145544 3.078624 5.224168 1.713185
 0.000093 2.148049 3.076429 5.224478 1.718157
 0.000094 2.152901 3.073859 5.226760 1.754991
 0.000094 2.159694 3.070968 5.230661 1.818860
 0.000095 2.167811 3.067861 5.235672 1.902556
 0.000095 2.176801 3.064398 5.241199 1.997080
 0.000096 2.185928 3.060544 5.246472 2.089380
 0.000096 2.194414 3.056504 5.250918 2.168842
 0.000097 2.201356 3.052294 5.253650 2.218386
 0.000097 2.205980 3.047932 5.253912 2.223171
 0.000098 2.207489 3.043498 5.250987 2.170083
 0.000098 2.206338 3.039099 5.245437 2.071106
 0.000099 2.202047 3.034671 5.236717 1.920262
 0.000099 2.194655 3.030136 5.224791 1.723192
 0.000100 2.184744 3.025682 5.210426 1.499975
 0.000100 2.172978 3.021280 5.194259 1.267272
 0.000101 2.160240 3.017073 5.177313 1.044408
 0.000101 2.148197 3.013025 5.161222 0.852707
 0.000102 2.137851 3.009080 5.146931 0.698746
 0.000102 2.129655 3.005439 5.135093 0.582807
 0.000103 2.123947 3.002108 5.126055 0.501363
 0.000103 2.121173 2.999115 5.120288 0.452596
 0.000104 2.121985 2.996435 5.118419 0.437334
 0.000104 2.126273 2.994011 5.120284 0.452569
 0.000105 2.133902 2.991897 5.125799 0.499145
 0.000105 2.144215 2.990051 5.134266 0.575102
 0.000106 2.157021 2.988485 5.145506 0.684231
 0.000106 2.171664 2.987214 5.158878 0.826405
 0.000107 2.187645 2.986205 5.173849 1.001500
 0.000107 2.204202 2.985531 5.189733 1.205637
 0.000108 2.220457 2.985218 5.205674 1.429550
 0.000108 2.235466 2.985186 5.220652 1.657287
 0.000109 2.248331 2.985490 5.233821 1.871421
 0.000109 2.258848 2.986058 5.244906 2.061754
 0.000110 2.266534 2.986802 5.253335 2.212659
 0.000110 2.270848 2.987742 5.258590 2.309424
 0.000111 2.272564 2.988963 5.261528 2.364420
 0.000111 2.272312 2.990413 5.262724 2.387009
 0.000112 2.270795 2.991947 5.262742 2.387350
 0.000112 2.268541 2.993606 5.262147 2.376098
 0.000113 2.265814 2.995507 5.261321 2.360538
 0.000113 2.262863 2.997501 5.260363 2.342548
 0.000114 2.260605 2.999503 5.260108 2.337768
 0.000114 2.259244 3.001529 5.260773 2.350229
 0.000115 2.259537 3.003586 5.263123 2.394554
 0.000115 2.261272 3.005667 5.266939 2.467435
 0.000116 2.264484 3.007725 5.272209 2.569854
 0.000116 2.269228 3.009810 5.279038 2.705687
 0.000117 2.275455 3.011724 5.287179 2.872178
 0.000117 2.282849 3.013567 5.296415 3.067090
 0.000118 2.291195 3.015306 5.306500 3.287218
 0.000118 2.299862 3.016853 5.316715 3.517942
 0.000119 2.307951 3.018280 5.326231 3.739932
 0.000119 2.315385 3.019491 5.334877 3.947520
 0.000120 2.321351 3.020428 5.341780 4.117282
 0.000120 2.325047 3.020922 5.345969 4.222055
 0.000121 2.326462 3.021247 5.347709 4.265947
 0.000121 2.324723 3.021434 5.346156 4.226770
 0.000122 2.319711 3.021349 5.341059 4.099400
 0.000122 2.311153 3.020999 5.332152 3.881494
 0.000123 2.299398 3.020400 5.319797 3.589114
 0.000123 2.285127 3.019536 5.304663 3.246536
 0.000124 2.268978 3.018335 5.287314 2.874969
 0.000124 2.251572 3.016819 5.268391 2.495445
 0.000125 2.233491 3.015069 5.248560 2.126517
 0.000125 2.215949 3.013116 5.229066 1.792596
 0.000126 2.199198 3.010999 5.210197 1.496550
 0.000126 2.183867 3.008662 5.192530 1.243542
 0.000127 2.170585 3.006235 5.176820 1.038246
 0.000127 2.160049 3.003671 5.163720 0.881199
 0.000128 2.152714 3.000885 5.153599 0.768675
 0.000128 2.148849 2.998012 5.146861 0.698028
 0.000129 2.147994 2.995091 5.143086 0.659931
 0.000129 2.150339 2.992211 5.142549 0.654607
 0.000130 2.155234 2.989361 5.144595 0.675031
 0.000130 2.162578 2.986629 5.149207 0.722239
 0.000131 2.171761 2.984078 5.155840 0.792925
 0.000131 2.181464 2.981659 5.163123 0.874342
 0.000132 2.190960 2.979470 5.170429 0.960020
 0.000132 2.199276 2.977601 5.176877 1.038953
 0.000133 2.205956 2.975893 5.181849 1.101949
 0.000133 2.210225 2.974442 5.184667 1.138470
 0.000134 2.211615 2.973293 5.184909 1.141637
 0.000134 2.210088 2.972453 5.182541 1.110868
 0.000135 2.205614 2.971933 5.177547 1.047333
 0.000135 2.198389 2.971677 5.170065 0.955657
 0.000136 2.189364 2.971610 5.160974 0.849907
 0.000136 2.179848 2.971845 5.151693 0.748342
 0.000137 2.170759 2.972459 5.143218 0.661253
 0.000137 2.162860 2.973485 5.136346 0.594575
 0.000138 2.156826 2.974775 5.131601 0.550611
 0.000138 2.153262 2.976386 5.129649 0.533013
 0.000139 2.152772 2.978219 5.130990 0.545078
 0.000139 2.155565 2.980107 5.135672 0.588229
 0.000140 2.161456 2.982020 5.143476 0.663818
 0.000140 2.170402 2.983979 5.154381 0.777097
 0.000141 2.182062 2.985974 5.168036 0.931510
 0.000141 2.195884 2.988008 5.183893 1.128380
 0.000142 2.211171 2.990231 5.201402 1.367675
 0.000142 2.227445 2.992470 5.219915 1.645690
 0.000143 2.244034 2.994690 5.238724 1.954469
 0.000143 2.260520 2.997003 5.257523 2.289613
 0.000144 2.276241 2.999391 5.275632 2.637498
 0.000144 2.290296 3.001748 5.292045 2.974054
 0.000145 2.302387 3.004138 5.306525 3.287768
 0.000145 2.312540 3.006582 5.319121 3.573444
 0.000146 2.320124 3.009003 5.329127 3.808856
 0.000146 2.325525 3.011331 5.336856 3.995836
 0.000147 2.328545 3.013636 5.342180 4.127247
 0.000147 2.329783 3.015889 5.345672 4.214570
 0.000148 2.329299 3.018116 5.347415 4.258507
 0.000148 2.327783 3.020381 5.348164 4.277475
 0.000149 2.325404 3.022604 5.348008 4.273516
 0.000149 2.322454 3.024701 5.347155 4.251952
 0.000150 2.319760 3.026702 5.346462 4.234459
 0.000150 2.317605 3.028611 5.346216 4.228267
 0.000151 2.315681 3.030461 5.346142 4.226401
 0.000151 2.314237 3.032152 5.346389 4.232617
 0.000152 2.313622 3.033704 5.347326 4.256277
 0.000152 2.313714 3.035054 5.348768 4.292796
 0.000153 2.314292 3.036160 5.350452 4.335619
 0.000153 2.315278 3.037120 5.352398 4.385393
 0.000154 2.316685 3.037792 5.354476 4.438861
 0.000154 2.317837 3.038193 5.356031 4.479052
 0.000155 2.318560 3.038373 5.356933 4.502477
 0.000155 2.318345 3.038451 5.356796 4.498913
 0.000156 2.316816 3.038272 5.355088 4.454652
 0.000156 2.314008 3.037948 5.351955 4.374048
 0.000157 2.309496 3.037390 5.346886 4.245160
 0.000157 2.303235 3.036531 5.339765 4.067370
 0.000158 2.295147 3.035424 5.330570 3.843430
 0.000158 2.285717 3.034087 5.319804 3.589257
 0.000159 2.275132 3.032443 5.307575 3.311118
 0.000159 2.263190 3.030571 5.293761 3.010416
 0.000160 2.250052 3.028512 5.278564 2.696134
 0.000160 2.236677 3.026312 5.262989 2.392023
 0.000161 2.223599 3.024016 5.247615 2.109676
 0.000161 2.211435 3.021594 5.233029 1.858180
 0.000162 2.200289 3.019047 5.219336 1.636595
 0.000162 2.190807 3.016512 5.207319 1.453732
 0.000163 2.183027 3.013906 5.196933 1.304407
 0.000163 2.177206 3.011289 5.188494 1.189042
 0.000164 2.173744 3.008728 5.182472 1.109969
 0.000164 2.172384 3.006348 5.178732 1.062241
 0.000165 2.172973 3.004016 5.176989 1.040354
 0.000165 2.174659 3.001752 5.176410 1.033135
 0.000166 2.177238 2.999639 5.176878 1.038962
 0.000166 2.180053 2.997698 5.177751 1.049886
 0.000167 2.183141 2.996027 5.179168 1.067750
 0.000167 2.186608 2.994510 5.181117 1.092562
 0.000168 2.189732 2.993287 5.183018 1.117034
 0.000168 2.192482 2.992294 5.184776 1.139906
 0.000169 2.194658 2.991452 5.186111 1.157419
 0.000169 2.196363 2.990736 5.187098 1.170473
 0.000170 2.197282 2.990215 5.187496 1.175752
 0.000170 2.197238 2.989877 5.187116 1.170702
 0.000171 2.196214 2.989488 5.185703 1.152051
 0.000171 2.194159 2.989122 5.183281 1.120438
 0.000172 2.191781 2.988778 5.180560 1.085435
 0.000172 2.189558 2.988495 5.178052 1.053674
 0.000173 2.187869 2.988168 5.176037 1.028489
 0.000173 2.187225 2.987823 5.175047 1.016239
 0.000174 2.188116 2.987468 5.175584 1.022879
 0.000174 2.190252 2.986995 5.177247 1.043578
 0.000175 2.193607 2.986384 5.179991 1.078187
 0.000175 2.198549 2.985721 5.184270 1.133298
 0.000176 2.204992 2.984854 5.189847 1.207169
 0.000176 2.212253 2.983740 5.195993 1.291298
 0.000177 2.220410 2.982463 5.202873 1.388824
 0.000177 2.229568 2.981131 5.210699 1.504078
 0.000178 2.239613 2.979715 5.219328 1.636478
 0.000178 2.249787 2.978232 5.228019 1.775482
 0.000179 2.259344 2.976773 5.236117 1.910094
 0.000179 2.267727 2.975398 5.243125 2.030551
 0.000180 2.274817 2.973942 5.248759 2.130072
 0.000180 2.280623 2.972356 5.252979 2.206174
 0.000181 2.284417 2.970742 5.255160 2.246016
 0.000181 2.285965 2.969127 5.255092 2.244780
 0.000182 2.285362 2.967510 5.252872 2.204230
 0.000182 2.282419 2.965947 5.248366 2.123055
 0.000183 2.277574 2.964544 5.242118 2.013016
 0.000183 2.270386 2.963220 5.233606 1.867817
 0.000184 2.261641 2.962033 5.223674 1.705268
 0.000184 2.251660 2.960996 5.212656 1.533618
 0.000185 2.240912 2.960018 5.200930 1.360917
 0.000185 2.229958 2.959174 5.189133 1.197579
 0.000186 2.219221 2.958464 5.177685 1.049070
 0.000186 2.209141 2.957903 5.167044 0.919826
 0.000187 2.199925 2.957490 5.157416 0.810208
 0.000187 2.191880 2.957199 5.149079 0.720911
 0.000188 2.184899 2.957011 5.141910 0.648284
 0.000188 2.179599 2.956921 5.136519 0.596216
 0.000189 2.175567 2.956976 5.132543 0.559210
 0.000189 2.172994 2.957045 5.130039 0.536508
 0.000190 2.172072 2.957092 5.129164 0.528691
 0.000190 2.172674 2.957206 5.129880 0.535083
 0.000191 2.174416 2.957310 5.131726 0.551750
 0.000191 2.176813 2.957417 5.134230 0.574762
 0.000192 2.179858 2.957628 5.137486 0.605396
 0.000192 2.183216 2.958031 5.141247 0.641764
 0.000193 2.186618 2.958506 5.145124 0.680366
 0.000193 2.189781 2.959036 5.148818 0.718192
 0.000194 2.192826 2.959628 5.152454 0.756428
 0.000194 2.195688 2.960287 5.155975 0.794400
 0.000195 2.198481 2.960984 5.159465 0.832955
 0.000195 2.201005 2.961751 5.162756 0.870148
 0.000196 2.203438 2.962705 5.166144 0.909283
 0.000196 2.206503 2.963762 5.170265 0.958046
 0.000197 2.210168 2.965034 5.175202 1.018149
 0.000197 2.214515 2.966552 5.181067 1.091918
 0.000198 2.219848 2.968261 5.188109 1.183904
 0.000198 2.226497 2.970284 5.196780 1.302276
 0.000199 2.234374 2.972614 5.206988 1.448856
 0.000199 2.243686 2.975206 5.218892 1.629649
 0.000200 2.253750 2.978021 5.231771 1.837241
 0.000200 2.264188 2.981041 5.245229 2.067431
 0.000201 2.274961 2.984345 5.259307 2.322779
 0.000201 2.286129 2.988004 5.274132 2.607759
 0.000202 2.297351 2.992006 5.289357 2.917570
 0.000202 2.308328 2.996349 5.304677 3.246845
 0.000203 2.318549 3.000975 5.319525 3.582787
 0.000203 2.327914 3.005823 5.333737 3.919834
 0.000204 2.336328 3.011035 5.347363 4.257208
 0.000204 2.343572 3.016601 5.360173 4.587066
 0.000205 2.349239 3.022386 5.371625 4.892376
 0.000205 2.353265 3.028324 5.381589 5.166023
 0.000206 2.355424 3.034458 5.389882 5.399457
 0.000206 2.355628 3.040643 5.396272 5.582833
 0.000207 2.354356 3.046852 5.401208 5.726606
 0.000207 2.351140 3.053096 5.404236 5.815692
 0.000208 2.346567 3.059341 5.405908 5.865178
 0.000208 2.340625 3.065439 5.406064 5.869797
 0.000209 2.333297 3.071474 5.404772 5.831522
 0.000209 2.324923 3.077432 5.402355 5.760279
 0.000210 2.315330 3.083218 5.398548 5.648916
 0.000210 2.304976 3.088846 5.393822 5.512167
 0.000211 2.294017 3.094211 5.388228 5.352487
 0.000211 2.282541 3.099277 5.381818 5.172412
 0.000212 2.270577 3.104000 5.374577 4.972687
 0.000212 2.258206 3.108352 5.366558 4.756092
 0.000213 2.245343 3.112399 5.357742 4.523521
 0.000213 2.232222 3.116178 5.348401 4.283465
 0.000214 2.219163 3.119848 5.339012 4.048779
 0.000214 2.206111 3.123384 5.329495 3.817659
 0.000215 2.192877 3.126619 5.319496 3.582124
 0.000215 2.179802 3.129761 5.309563 3.355569
 0.000216 2.166942 3.132762 5.299704 3.138029
 0.000216 2.154347 3.135671 5.290018 2.931411
 0.000217 2.142035 3.138465 5.280500 2.735223
 0.000217 2.129464 3.141135 5.270599 2.538341
 0.000218 2.116803 3.143639 5.260441 2.344010
 0.000218 2.104099 3.145921 5.250019 2.152658
 0.000219 2.091185 3.148116 5.239301 1.964360
 0.000219 2.078547 3.150383 5.228930 1.790378
 0.000220 2.065962 3.152628 5.218591 1.624949
 0.000220 2.053660 3.154787 5.208447 1.470439
 0.000221 2.041953 3.156849 5.198802 1.330691
 0.000221 2.031401 3.158895 5.190295 1.213215
 0.000222 2.022425 3.160820 5.183245 1.119972
 0.000222 2.014938 3.162611 5.177549 1.047356
 0.000223 2.008955 3.164241 5.173196 0.993511
 0.000223 2.004797 3.165669 5.170467 0.960468
 0.000224 2.002594 3.166879 5.169474 0.948588
 0.000224 2.002417 3.167974 5.170391 0.959565
 0.000225 2.004494 3.168854 5.173348 0.995363
 0.000225 2.008491 3.169545 5.178035 1.053465
 0.000226 2.014132 3.170076 5.184208 1.132487
 0.000226 2.021035 3.170421 5.191456 1.228927
 0.000227 2.028866 3.170509 5.199375 1.338796
 0.000227 2.037721 3.170432 5.208153 1.466079
 0.000228 2.047580 3.170189 5.217769 1.612136
 0.000228 2.057711 3.169759 5.227470 1.766530
 0.000229 2.067625 3.169248 5.236873 1.922915
 0.000229 2.076926 3.168723 5.245649 2.074837
 0.000230 2.085944 3.168078 5.254022 2.225180
 0.000230 2.094665 3.167291 5.261955 2.372484
 0.000231 2.102603 3.166482 5.269084 2.508873
 0.000231 2.110190 3.165733 5.275923 2.643289
 0.000232 2.117246 3.164954 5.282200 2.769754
 0.000232 2.123809 3.164202 5.288011 2.889470
 0.000233 2.129782 3.163477 5.293259 2.999762
 0.000233 2.135527 3.162971 5.298499 3.111934
 0.000234 2.140801 3.162709 5.303510 3.221152
 0.000234 2.146068 3.162551 5.308619 3.334420
 0.000235 2.151159 3.162545 5.313705 3.449135
 0.000235 2.155741 3.162811 5.318552 3.560273
 0.000236 2.159997 3.163311 5.323309 3.671047
 0.000236 2.164149 3.164113 5.328262 3.788208
 0.000237 2.167784 3.165240 5.333024 3.902579
 0.000237 2.170726 3.166654 5.337380 4.008669
 0.000238 2.173032 3.168281 5.341313 4.105692
 0.000238 2.174324 3.170021 5.344344 4.181260
 0.000239 2.174380 3.172013 5.346393 4.232723
 0.000239 2.172860 3.174356 5.347216 4.253480
 0.000240 2.169725 3.176830 5.346554 4.236798
 0.000240 2.164757 3.179451 5.344208 4.177860
 0.000241 2.157439 3.182240 5.339679 4.065246
 0.000241 2.148374 3.185174 5.333547 3.915242
 0.000242 2.137766 3.188153 5.325920 3.732569
 0.000242 2.124975 3.191336 5.316311 3.508677
 0.000243 2.110309 3.194606 5.304915 3.252110
 0.000243 2.094935 3.197899 5.292834 2.990758
 0.000244 2.079373 3.201217 5.280590 2.737043
 0.000244 2.063784 3.204555 5.268339 2.494437
 0.000245 2.048836 3.207814 5.256650 2.273454
 0.000245 2.034938 3.210900 5.245837 2.078168
 0.000246 2.022495 3.213659 5.236155 1.910726
 0.000246 2.012050 3.216098 5.228148 1.777580
 0.000247 2.003586 3.218188 5.221773 1.675013
 0.000247 1.997046 3.220078 5.217124 1.602125
 0.000248 1.992341 3.221651 5.213992 1.553937
 0.000248 1.989634 3.222882 5.212516 1.531486
 0.000249 1.988817 3.223803 5.212619 1.533058
 0.000249 1.989673 3.224447 5.214120 1.555900
 0.000250 1.991869 3.224660 5.216530 1.592925
 0.000250 1.995203 3.224470 5.219673 1.641884
 0.000251 1.999038 3.223994 5.223032 1.695029
 0.000251 2.003452 3.223177 5.226629 1.752865
 0.000252 2.008239 3.222129 5.230368 1.814022
 0.000252 2.013125 3.220887 5.234013 1.874638
 0.000253 2.018149 3.219367 5.237516 1.933838
 0.000253 2.022820 3.217590 5.240409 1.983432
 0.000254 2.027275 3.215598 5.242873 2.026157
 0.000254 2.032008 3.213474 5.245481 2.071886
 0.000255 2.037259 3.211161 5.248420 2.124014
 0.000255 2.043151 3.208747 5.251898 2.186549
 0.000256 2.049803 3.206152 5.255954 2.260626
 0.000256 2.056692 3.203304 5.259996 2.335668
 0.000257 2.064041 3.200362 5.264404 2.418894
 0.000257 2.072574 3.197299 5.269873 2.524195
 0.000258 2.082282 3.194180 5.276462 2.654045
 0.000258 2.093322 3.191104 5.284426 2.815318
 0.000259 2.105236 3.188045 5.293282 3.000238
 0.000259 2.117938 3.185048 5.302987 3.209652
 0.000260 2.131658 3.182083 5.313741 3.449960
 0.000260 2.145892 3.179186 5.325078 3.712693
 0.000261 2.160394 3.176330 5.336724 3.992600
 0.000261 2.175049 3.173498 5.348548 4.287191
 0.000262 2.189591 3.170615 5.360206 4.587945
 0.000262 2.203661 3.167705 5.371366 4.885363
 0.000263 2.216675 3.164786 5.381461 5.162460
 0.000263 2.228772 3.161880 5.390653 5.421418
 0.000264 2.239503 3.158919 5.398422 5.645250
 0.000264 2.248448 3.155937 5.404384 5.820070
 0.000265 2.255106 3.153006 5.408112 5.930736
 0.000265 2.259916 3.150030 5.409946 5.985557
 0.000266 2.262784 3.147068 5.409852 5.982736
 0.000266 2.263552 3.144299 5.407851 5.922953
 0.000267 2.262063 3.141674 5.403737 5.800948
 0.000267 2.258450 3.138997 5.397447 5.616894
 0.000268 2.253146 3.136368 5.389513 5.388973
 0.000268 2.246634 3.133855 5.380489 5.135452
 0.000269 2.239325 3.131533 5.370858 4.871621
 0.000269 2.231434 3.129361 5.360795 4.603400
 0.000270 2.223258 3.127351 5.350609 4.339616
 0.000270 2.215121 3.125585 5.340706 4.090643
 0.000271 2.207342 3.124005 5.331346 3.862083
 0.000271 2.200081 3.122643 5.322724 3.657328
 0.000272 2.193490 3.121464 5.314955 3.477630
 0.000272 2.187084 3.120522 5.307606 3.311808
 0.000273 2.181008 3.119712 5.300719 3.160098
 0.000273 2.175531 3.119085 5.294616 3.028618
 0.000274 2.170799 3.118684 5.289482 2.920181
 0.000274 2.166724 3.118518 5.285243 2.832123
 0.000275 2.162970 3.118398 5.281368 2.752831
 0.000275 2.159505 3.118326 5.277831 2.681416
 0.000276 2.156389 3.118256 5.274644 2.617891
 0.000276 2.153382 3.118332 5.271714 2.560150
 0.000277 2.150207 3.118519 5.268727 2.501938
 0.000277 2.146708 3.118718 5.265426 2.438409
 0.000278 2.143016 3.119023 5.262039 2.374064
 0.000278 2.139254 3.119283 5.258538 2.308446
 0.000279 2.135477 3.119522 5.255000 2.243085
 0.000279 2.131744 3.119641 5.251385 2.177274
 0.000280 2.128425 3.119596 5.248021 2.116905
 0.000280 2.125945 3.119261 5.245207 2.067044
 0.000281 2.124439 3.118793 5.243233 2.032431
 0.000281 2.124046 3.118082 5.242128 2.013185
 0.000282 2.124616 3.117109 5.241725 2.006187
 0.000282 2.126616 3.115917 5.242533 2.020227
 0.000283 2.130098 3.114352 5.244450 2.053736
 0.000283 2.135360 3.112468 5.247829 2.113475
 0.000284 2.142714 3.110383 5.253097 2.208318
 0.000284 2.151614 3.107982 5.259596 2.328181
 0.000285 2.161252 3.105372 5.266625 2.461384
 0.000285 2.171370 3.102665 5.274035 2.605826
 0.000286 2.182056 3.099821 5.281878 2.763190
 0.000286 2.192748 3.096861 5.289609 2.922826
 0.000287 2.202812 3.093826 5.296638 3.071863
 0.000287 2.212204 3.090651 5.302855 3.206769
 0.000288 2.220688 3.087375 5.308063 3.322006
 0.000288 2.228244 3.084061 5.312305 3.417382
 0.000289 2.234736 3.080678 5.315414 3.488138
 0.000289 2.240318 3.077246 5.317564 3.537472
 0.000290 2.244589 3.073837 5.318427 3.557378
 0.000290 2.247046 3.070529 5.317575 3.537727
 0.000291 2.247943 3.067185 5.315128 3.481598
 0.000291 2.247659 3.063894 5.311553 3.400358
 0.000292 2.246488 3.060681 5.307169 3.302082
 0.000292 2.244351 3.057549 5.301900 3.185859
 0.000293 2.241183 3.054536 5.295719 3.052171
 0.000293 2.237275 3.051708 5.288983 2.909738
 0.000294 2.233060 3.049078 5.282138 2.768499
 0.000294 2.228461 3.046590 5.275051 2.625964
 0.000295 2.223889 3.044228 5.268118 2.490155
 0.000295 2.219747 3.041967 5.261714 2.367928
 0.000296 2.215813 3.039677 5.255490 2.252091
 0.000296 2.212113 3.037516 5.249629 2.145641
 0.000297 2.208708 3.035455 5.244163 2.048711
 0.000297 2.205428 3.033443 5.238871 1.956998
 0.000298 2.202350 3.031562 5.233912 1.872953
 0.000298 2.199424 3.029748 5.229173 1.794352
 0.000299 2.196776 3.028230 5.225006 1.726649
 0.000299 2.194157 3.026927 5.221084 1.664106
 0.000300 2.191415 3.025717 5.217132 1.602250
 0.000300 2.188550 3.024598 5.213148 1.541085
 0.000301 2.185174 3.023465 5.208639 1.473289
 0.000301 2.181696 3.022430 5.204126 1.406968
 0.000302 2.178054 3.021530 5.199584 1.341761
 0.000302 2.174192 3.020699 5.194891 1.276005
 0.000303 2.170518 3.019950 5.190469 1.215556
 0.000303 2.167517 3.019264 5.186780 1.166261
 0.000304 2.164646 3.018514 5.183160 1.118863
 0.000304 2.162206 3.017728 5.179934 1.077466
 0.000305 2.160281 3.016854 5.177136 1.042186
 0.000305 2.159258 3.016029 5.175287 1.019193
 0.000306 2.159593 3.015176 5.174769 1.012802
 0.000306 2.161531 3.014376 5.175907 1.026885
 0.000307 2.165344 3.013515 5.178859 1.063843
 0.000307 2.170809 3.012559 5.183367 1.121556
 0.000308 2.177218 3.011412 5.188630 1.190857
 0.000308 2.184584 3.010184 5.194768 1.274298
 0.000309 2.192778 3.008869 5.201647 1.371176
 0.000309 2.201602 3.007554 5.209156 1.480988
 0.000310 2.211115 3.006292 5.217407 1.606516
 0.000310 2.221078 3.004954 5.226031 1.743187
 0.000311 2.231189 3.003609 5.234798 1.887831
 0.000311 2.241467 3.002166 5.243633 2.039432
 0.000312 2.251138 3.000642 5.251780 2.184420
 0.000312 2.260310 2.999114 5.259424 2.324973
 0.000313 2.268781 2.997504 5.266285 2.454861
 0.000313 2.276200 2.995886 5.272087 2.567457
 0.000314 2.282429 2.994158 5.276587 2.656539
 0.000314 2.287222 2.992352 5.279574 2.716500
 0.000315 2.290355 2.990428 5.280783 2.740953
 0.000315 2.291973 2.988309 5.280282 2.730795
 0.000316 2.292362 2.986105 5.278468 2.694203
 0.000316 2.291853 2.983862 5.275715 2.639161
 0.000317 2.290765 2.981563 5.272328 2.572201
 0.000317 2.288939 2.979223 5.268162 2.491016
 0.000318 2.286690 2.976840 5.263530 2.402283
 0.000318 2.284075 2.974391 5.258466 2.307117
 0.000319 2.281216 2.972028 5.253244 2.210996
 0.000319 2.277950 2.969738 5.247688 2.110963
 0.000320 2.274769 2.967448 5.242217 2.014746
 0.000320 2.271438 2.965263 5.236701 1.919983
 0.000321 2.268076 2.963216 5.231292 1.829295
 0.000321 2.265103 2.961296 5.226399 1.749129
 0.000322 2.262103 2.959555 5.221658 1.673188
 0.000322 2.259197 2.957967 5.217164 1.602746
 0.000323 2.256705 2.956583 5.213287 1.543204
 0.000323 2.254182 2.955319 5.209501 1.486140
 0.000324 2.251559 2.954087 5.205646 1.429134
 0.000324 2.249259 2.952956 5.202215 1.379342
 0.000325 2.246758 2.952017 5.198775 1.330297
 0.000325 2.244111 2.951229 5.195341 1.282234
 0.000326 2.241719 2.950422 5.192141 1.238242
 0.000326 2.239880 2.949604 5.189484 1.202297
 0.000327 2.238447 2.948911 5.187358 1.173920
 0.000327 2.236935 2.948347 5.185282 1.146531
 0.000328 2.235578 2.947905 5.183483 1.123062
 0.000328 2.234635 2.947563 5.182198 1.106441
 0.000329 2.234073 2.947239 5.181312 1.095058
 0.000329 2.234376 2.946910 5.181286 1.094723
 0.000330 2.235895 2.946664 5.182560 1.111104
 0.000330 2.238950 2.946634 5.185584 1.150490
 0.000331 2.243787 2.946698 5.190485 1.215770
 0.000331 2.250405 2.946773 5.197179 1.307849
 0.000332 2.258559 2.946828 5.205387 1.425341
 0.000332 2.267768 2.946977 5.214745 1.565461
 0.000333 2.278280 2.947191 5.225471 1.734131
 0.000333 2.290109 2.947329 5.237438 1.932519
 0.000334 2.302927 2.947418 5.250345 2.158515
 0.000334 2.316553 2.947387 5.263941 2.410081
 0.000335 2.331058 2.947297 5.278356 2.691954
 0.000335 2.345797 2.947134 5.292932 2.992817
 0.000336 2.360757 2.946885 5.307642 3.312617
 0.000336 2.376055 2.946496 5.322550 3.653271
 0.000337 2.391005 2.945975 5.336980 3.998874
 0.000337 2.405616 2.945340 5.350955 4.348466
 0.000338 2.419823 2.944474 5.364297 4.695888
 0.000338 2.433196 2.943397 5.376592 5.027877
 0.000339 2.445373 2.942000 5.387373 5.328306
 0.000339 2.456691 2.940359 5.397049 5.605362
 0.000340 2.466577 2.938522 5.405099 5.841221
 0.000340 2.474779 2.936352 5.411131 6.021118
 0.000341 2.481449 2.933920 5.415369 6.149152
 0.000341 2.486867 2.931203 5.418070 6.231476
 0.000342 2.491013 2.928156 5.419169 6.265117
 0.000342 2.493852 2.924721 5.418573 6.246861
 0.000343 2.495623 2.920996 5.416619 6.187184
 0.000343 2.496579 2.916975 5.413554 6.094165
 0.000344 2.496625 2.912639 5.409264 5.965131
 0.000344 2.495624 2.908080 5.403704 5.799984
 0.000345 2.494049 2.903261 5.397310 5.612933
 0.000345 2.491798 2.898118 5.389916 5.400436
 0.000346 2.488883 2.892805 5.381687 5.168767
 0.000346 2.485575 2.887353 5.372927 4.927731
 0.000347 2.481797 2.881862 5.363660 4.678983
 0.000347 2.477388 2.876339 5.353727 4.419531
 0.000348 2.472245 2.870786 5.343031 4.148436
 0.000348 2.466628 2.865160 5.331788 3.872724
 0.000349 2.460526 2.859584 5.320110 3.596374
 0.000349 2.453779 2.854058 5.307837 3.316960
 0.000350 2.446860 2.848683 5.295543 3.048402
 0.000350 2.439814 2.843539 5.283353 2.793320
 0.000351 2.433026 2.838697 5.271723 2.560332
 0.000351 2.425988 2.834160 5.260149 2.338525
 0.000352 2.419076 2.829865 5.248941 2.133325
 0.000352 2.412516 2.825951 5.238468 1.950083
 0.000353 2.405961 2.822418 5.228379 1.781349
 0.000353 2.399945 2.819326 5.219271 1.635591
 0.000354 2.394524 2.816741 5.211265 1.512586
 0.000354 2.389816 2.814571 5.204387 1.410755
 0.000355 2.386079 2.812853 5.198933 1.332534
 0.000355 2.383228 2.811561 5.194789 1.274588
 0.000356 2.381330 2.810665 5.191995 1.236247
 0.000356 2.380206 2.810240 5.190446 1.215249
 0.000357 2.380036 2.810328 5.190363 1.214133
 0.000357 2.380874 2.810782 5.191656 1.231647
 0.000358 2.382799 2.811658 5.194457 1.270004
 0.000358 2.385633 2.812942 5.198576 1.327487
 0.000359 2.389269 2.814615 5.203884 1.403452
 0.000359 2.393737 2.816678 5.210415 1.499816
 0.000360 2.398928 2.819040 5.217968 1.615239
 0.000360 2.404329 2.821578 5.225907 1.741177
 0.000361 2.409503 2.824329 5.233833 1.871620
 0.000361 2.414288 2.827306 5.241594 2.003929
 0.000362 2.418921 2.830570 5.249491 2.143170
 0.000362 2.423014 2.834168 5.257183 2.283302
 0.000363 2.426413 2.837756 5.264169 2.414434
 0.000363 2.428627 2.841412 5.270039 2.527427
 0.000364 2.429668 2.845086 5.274755 2.620078
 0.000364 2.429484 2.848629 5.278113 2.687080
 0.000365 2.428077 2.852107 5.280184 2.728822
 0.000365 2.425764 2.855542 5.281305 2.751551
 0.000366 2.422812 2.858921 5.281733 2.760250
 0.000366 2.418943 2.862240 5.281182 2.749053
 0.000367 2.414310 2.865364 5.279674 2.718511
 0.000367 2.409029 2.868371 5.277400 2.672793
 0.000368 2.403281 2.871195 5.274476 2.614561
 0.000368 2.397294 2.873882 5.271176 2.549620
 0.000369 2.391464 2.876340 5.267804 2.484095
 0.000369 2.386176 2.878630 5.264806 2.426561
 0.000370 2.381684 2.880625 5.262309 2.379154
 0.000370 2.377562 2.882453 5.260015 2.336022
 0.000371 2.374052 2.884000 5.258052 2.299415
 0.000371 2.371182 2.885259 5.256441 2.269598
 0.000372 2.369059 2.886353 5.255412 2.250649
 0.000372 2.367367 2.887287 5.254654 2.236746
 0.000373 2.365792 2.888067 5.253859 2.222201
 0.000373 2.364062 2.888723 5.252786 2.202656
 0.000374 2.361437 2.889226 5.250663 2.164243
 0.000374 2.358346 2.889672 5.248018 2.116839
 0.000375 2.354581 2.890050 5.244631 2.056918
 0.000375 2.350207 2.890442 5.240648 1.987562
 0.000376 2.345633 2.890749 5.236382 1.914583
 0.000376 2.340831 2.890933 5.231764 1.837110
 0.000377 2.335790 2.891010 5.226800 1.755641
 0.000377 2.330535 2.891115 5.221650 1.673065
 0.000378 2.325736 2.891207 5.216943 1.599329
 0.000378 2.321533 2.891242 5.212775 1.535425
 0.000379 2.317816 2.891138 5.208953 1.477968
 0.000379 2.314926 2.891033 5.205959 1.433726
 0.000380 2.313089 2.890943 5.204032 1.405602
 0.000380 2.312576 2.890930 5.203506 1.397977
 0.000381 2.313547 2.890809 5.204356 1.410313
 0.000381 2.316046 2.890626 5.206672 1.444190
 0.000382 2.320339 2.890497 5.210836 1.506129
 0.000382 2.326401 2.890410 5.216811 1.597276
 0.000383 2.334024 2.890298 5.224321 1.715647
 0.000383 2.342826 2.890167 5.232993 1.857570
 0.000384 2.352847 2.890085 5.242932 2.027188
 0.000384 2.363815 2.890100 5.253915 2.223230
 0.000385 2.375262 2.890158 5.265420 2.438290
 0.000385 2.386755 2.890293 5.277048 2.665746
 0.000386 2.398402 2.890592 5.288994 2.909980
 0.000386 2.409950 2.890955 5.300905 3.164138
 0.000387 2.420867 2.891324 5.312191 3.414788
 0.000387 2.430650 2.891839 5.322489 3.651849
 0.000388 2.438868 2.892325 5.331193 3.858380
 0.000388 2.445602 2.892964 5.338566 4.037807
 0.000389 2.450820 2.893679 5.344499 4.185149
 0.000389 2.454715 2.894587 5.349303 4.306359
 0.000390 2.457465 2.895654 5.353119 4.403894
 0.000390 2.458999 2.896765 5.355764 4.472148
 0.000391 2.459364 2.897868 5.357231 4.510236
 0.000391 2.459122 2.898985 5.358107 4.533037
 0.000392 2.458376 2.900097 5.358473 4.542586
 0.000392 2.457245 2.901145 5.358390 4.540413
 0.000393 2.455699 2.902133 5.357831 4.525847
 0.000393 2.453443 2.902989 5.356432 4.489472
 0.000394 2.450985 2.903652 5.354637 4.443003
 0.000394 2.448697 2.904155 5.352852 4.397048
 0.000395 2.446262 2.904457 5.350720 4.342453
 0.000395 2.443460 2.904529 5.347989 4.273039
 0.000396 2.440545 2.904364 5.344909 4.195417
 0.000396 2.437531 2.904040 5.341571 4.112088
 0.000397 2.433987 2.903316 5.337303 4.006775
 0.000397 2.430107 2.902248 5.332356 3.886416
 0.000398 2.425429 2.900845 5.326274 3.740959
 0.000398 2.419520 2.899297 5.318816 3.566386
 0.000399 2.412498 2.897489 5.309987 3.365100
 0.000399 2.403550 2.895427 5.298978 3.122292
 0.000400 2.393088 2.893216 5.286304 2.854046
 0.000400 2.381545 2.890661 5.272206 2.569788
 0.000401 2.368506 2.887717 5.256223 2.265579
 0.000401 2.354126 2.884553 5.238679 1.953708
 0.000402 2.338610 2.881144 5.219754 1.643153
 0.000402 2.322093 2.877522 5.199616 1.342203
 0.000403 2.304793 2.873689 5.178482 1.059091
 0.000403 2.287263 2.869698 5.156961 0.805202
 0.000404 2.270365 2.865679 5.136044 0.591726
 0.000404 2.254579 2.861789 5.116368 0.420880
 0.000405 2.240413 2.857919 5.098332 0.289767
 0.000405 2.228017 2.853992 5.082008 0.192143
 0.000406 2.217964 2.850157 5.068121 0.124821
 0.000406 2.210283 2.846324 5.056607 0.079972
 0.000407 2.204972 2.842440 5.047412 0.051293
 0.000407 2.202472 2.838752 5.041225 0.035567
 0.000408 2.202450 2.835342 5.037792 0.028081
 0.000408 2.204639 2.832085 5.036724 0.025932
 0.000409 2.208689 2.828879 5.037568 0.027623
 0.000409 2.214172 2.825873 5.040045 0.032895
 0.000410 2.220896 2.823110 5.044006 0.042281
 0.000410 2.227504 2.820692 5.048196 0.053493
 0.000411 2.233185 2.818626 5.051811 0.064223
 0.000411 2.237469 2.816895 5.054364 0.072390
 0.000412 2.240343 2.815513 5.055856 0.077389
 0.000412 2.241513 2.814509 5.056022 0.077956
 0.000413 2.240948 2.813980 5.054927 0.074258
 0.000413 2.239141 2.814042 5.053183 0.068551
 0.000414 2.236483 2.814560 5.051043 0.061862
 0.000414 2.232589 2.815675 5.048264 0.053685
 0.000415 2.228163 2.817330 5.045494 0.046111
 0.000415 2.224079 2.819457 5.043536 0.041107
 0.000416 2.220573 2.822121 5.042695 0.039043
 0.000416 2.217992 2.825301 5.043293 0.040505
 0.000417 2.216502 2.829098 5.045600 0.046392
 0.000417 2.216292 2.833577 5.049869 0.058337
 0.000418 2.217403 2.838622 5.056025 0.077968
 0.000418 2.219464 2.844204 5.063668 0.106295
 0.000419 2.222777 2.850176 5.072954 0.146607
 0.000419 2.227145 2.856538 5.083683 0.201238
 0.000420 2.231844 2.863287 5.095131 0.269048
 0.000420 2.236339 2.870429 5.106768 0.348052
 0.000421 2.240016 2.877928 5.117944 0.433493
 0.000421 2.242736 2.885773 5.128509 0.522870
 0.000422 2.244048 2.893919 5.137967 0.609984
 0.000422 2.243501 2.902280 5.145781 0.687018
 0.000423 2.241171 2.910853 5.152024 0.751861
 0.000423 2.237287 2.919574 5.156861 0.804098
 0.000424 2.231736 2.928491 5.160227 0.841494
 0.000424 2.224922 2.937517 5.162439 0.866529
 0.000425 2.217139 2.946501 5.163640 0.880276
 0.000425 2.209334 2.955450 5.164784 0.893474
 0.000426 2.201405 2.964263 5.165668 0.903734
 0.000426 2.193853 2.973009 5.166862 0.917693
 0.000427 2.187231 2.981624 5.168855 0.941225
 0.000427 2.182201 2.990093 5.172294 0.982529
 0.000428 2.179021 2.998356 5.177376 1.045198
 0.000428 2.177659 3.006418 5.184077 1.130781
 0.000429 2.178130 3.014384 5.192514 1.243327
 0.000429 2.180737 3.022114 5.202851 1.388503
 0.000430 2.185374 3.029516 5.214890 1.567687
 0.000430 2.192189 3.036526 5.228715 1.786860
 0.000431 2.200844 3.043169 5.244014 2.046092
 0.000431 2.211054 3.049435 5.260489 2.344894
 0.000432 2.221995 3.055297 5.277292 2.670620
 0.000432 2.233554 3.060675 5.294229 3.020379
 0.000433 2.245045 3.065476 5.310521 3.377098
 0.000433 2.255574 3.069722 5.325296 3.717835
 0.000434 2.264763 3.073643 5.338406 4.033876
 0.000434 2.272310 3.077018 5.349328 4.306999
 0.000435 2.277965 3.079818 5.357783 4.524589
 0.000435 2.281094 3.082057 5.363151 4.665522
 0.000436 2.281853 3.083679 5.365532 4.728711
 0.000436 2.280548 3.084718 5.365266 4.721625
 0.000437 2.277276 3.085205 5.362481 4.647808
 0.000437 2.272150 3.085133 5.357284 4.511591
 0.000438 2.265944 3.084537 5.350481 4.336365
 0.000438 2.258748 3.083537 5.342285 4.129860
 0.000439 2.251158 3.082061 5.333219 3.907283
 0.000439 2.243860 3.080036 5.323896 3.684833
 0.000440 2.236829 3.077640 5.314469 3.466545
 0.000440 2.230623 3.074803 5.305426 3.263399
 0.000441 2.225403 3.071590 5.296993 3.079499
 0.000441 2.221150 3.068096 5.289246 2.915232
 0.000442 2.218188 3.064216 5.282404 2.773918
 0.000442 2.216509 3.060020 5.276528 2.655358
 0.000443 2.215970 3.055495 5.271465 2.555266
 0.000443 2.216469 3.050866 5.267335 2.475045
 0.000444 2.217904 3.045985 5.263889 2.409099
 0.000444 2.220057 3.040911 5.260967 2.353878
 0.000445 2.222600 3.035632 5.258232 2.302767
 0.000445 2.225179 3.030181 5.255360 2.249687
 0.000446 2.227180 3.024649 5.251829 2.185307
 0.000446 2.228485 3.019083 5.247568 2.108827
 0.000447 2.228950 3.013589 5.242539 2.020340
 0.000447 2.227884 3.008176 5.236061 1.909137
 0.000448 2.225493 3.002847 5.228340 1.780711
 0.000448 2.221215 2.997676 5.218891 1.629643
 0.000449 2.215170 2.992721 5.207890 1.462182
 0.000449 2.207490 2.987985 5.195475 1.284095
 0.000450 2.198946 2.983469 5.182414 1.109229
 0.000450 2.189535 2.979231 5.168766 0.940164
 0.000451 2.179545 2.975319 5.154864 0.782318
 0.000451 2.169294 2.971834 5.141127 0.640592
 0.000452 2.159640 2.968791 5.128432 0.522186
 0.000452 2.151111 2.966229 5.117341 0.428642
 0.000453 2.143734 2.964245 5.107979 0.356858
 0.000453 2.137714 2.962787 5.100501 0.304245
 0.000454 2.133566 2.961798 5.095365 0.270536
 0.000454 2.131339 2.961341 5.092680 0.253702
 0.000455 2.130798 2.961360 5.092157 0.250491
 0.000455 2.131650 2.961781 5.093431 0.258360
 0.000456 2.133493 2.962790 5.096284 0.276422
 0.000456 2.136041 2.964444 5.100485 0.304138
 0.000457 2.138961 2.966550 5.105511 0.339030
 0.000457 2.141889 2.969098 5.110987 0.379207
 0.000458 2.144745 2.972054 5.116799 0.424307
 0.000458 2.147080 2.975336 5.122415 0.470297
 0.000459 2.148093 2.979050 5.127142 0.510838
 0.000459 2.147724 2.983095 5.130818 0.543522
 0.000460 2.145654 2.987436 5.133090 0.564231
 0.000460 2.141915 2.991976 5.133890 0.571616
 0.000461 2.137305 2.996756 5.134062 0.573201
 0.000461 2.131923 3.001772 5.133695 0.569806
 0.000462 2.125659 3.006928 5.132587 0.559607
 0.000462 2.119086 3.012075 5.131160 0.546616
 0.000463 2.112409 3.017302 5.129711 0.533570
 0.000463 2.106227 3.022556 5.128783 0.525302
 0.000464 2.100540 3.027808 5.128348 0.521446
 0.000464 2.095569 3.033046 5.128614 0.523805
 0.000465 2.091527 3.038327 5.129853 0.534844
 0.000465 2.088737 3.043650 5.132386 0.557771
 0.000466 2.087435 3.048950 5.136385 0.594950
 0.000466 2.087604 3.054256 5.141860 0.647789
 0.000467 2.089029 3.059537 5.148566 0.715581
 0.000467 2.091438 3.064682 5.156120 0.795986
 0.000468 2.095133 3.069672 5.164804 0.893707
 0.000468 2.099732 3.074587 5.174319 1.007268
 0.000469 2.104782 3.079505 5.184287 1.133515
 0.000469 2.109892 3.084502 5.194394 1.269140
 0.000470 2.114859 3.089301 5.204161 1.407468
 0.000470 2.119599 3.093954 5.213553 1.547247
 0.000471 2.123608 3.098484 5.222092 1.680070
 0.000471 2.127102 3.102705 5.229807 1.804777
 0.000472 2.130166 3.106669 5.236835 1.922258
 0.000472 2.132467 3.110251 5.242718 2.023462
 0.000473 2.134008 3.113577 5.247584 2.109124
 0.000473 2.134995 3.116735 5.251730 2.183506
 0.000474 2.135424 3.119680 5.255104 2.244996
 0.000474 2.135389 3.122462 5.257851 2.295689
 0.000475 2.135601 3.125059 5.260660 2.348106
 0.000475 2.136025 3.127576 5.263602 2.403641
 0.000476 2.136862 3.130014 5.266876 2.466213
 0.000476 2.138148 3.132240 5.270388 2.534229
 0.000477 2.139931 3.134349 5.274280 2.610682
 0.000477 2.142453 3.136384 5.278837 2.701630
 0.000478 2.145960 3.138303 5.284263 2.811973
 0.000478 2.150200 3.140293 5.290494 2.941389
 0.000479 2.155195 3.142242 5.297437 3.089041
 0.000479 2.160916 3.144186 5.305102 3.256231
 0.000480 2.167315 3.146206 5.313521 3.444959
 0.000480 2.173932 3.148205 5.322138 3.643620
 0.000481 2.180827 3.150162 5.330989 3.853483
 0.000481 2.187286 3.152129 5.339415 4.058723
 0.000482 2.192805 3.153987 5.346791 4.242775
 0.000482 2.197337 3.155755 5.353092 4.403216
 0.000483 2.200831 3.157531 5.358362 4.539691
 0.000483 2.202924 3.159271 5.362195 4.640270
 0.000484 2.203423 3.161057 5.364480 4.700747
 0.000484 2.202550 3.162924 5.365475 4.727192
 0.000485 2.199891 3.164816 5.364706 4.706756
 0.000485 2.195425 3.166680 5.362104 4.637864
 0.000486 2.189230 3.168615 5.357845 4.526215
 0.000486 2.181513 3.170522 5.352036 4.376100
 0.000487 2.172977 3.172371 5.345349 4.206452
 0.000487 2.163866 3.174089 5.337955 4.022788
 0.000488 2.154585 3.175666 5.330251 3.835764
 0.000488 2.145833 3.177111 5.322944 3.662504
 0.000489 2.137736 3.178519 5.316255 3.507391
 0.000489 2.130622 3.179860 5.310483 3.376237
 0.000490 2.124556 3.181090 5.305646 3.268267
 0.000490 2.119764 3.182160 5.301924 3.186383
 0.000491 2.116309 3.183091 5.299400 3.131441
 0.000491 2.113908 3.183824 5.297732 3.095391
 0.000492 2.112564 3.184259 5.296823 3.075840
 0.000492 2.112275 3.184501 5.296776 3.074833
 0.000493 2.113075 3.184491 5.297566 3.091828
 0.000493 2.114980 3.184129 5.299109 3.125142
 0.000494 2.117954 3.183461 5.301415 3.175271
 0.000494 2.121362 3.182525 5.303887 3.229430
 0.000495 2.124915 3.181348 5.306262 3.281934
 0.000495 2.128489 3.179891 5.308380 3.329085
 0.000496 2.131761 3.178078 5.309839 3.361766
 0.000496 2.134279 3.175991 5.310270 3.371451
 0.000497 2.135504 3.173550 5.309054 3.344167
 0.000497 2.135319 3.170915 5.306234 3.281305
 0.000498 2.133752 3.168026 5.301777 3.183174
 0.000498 2.130964 3.164927 5.295892 3.055865
 0.000499 2.127216 3.161563 5.288779 2.905491
 0.000499 2.122727 3.157867 5.280595 2.737132
 0.000500 2.118010 3.153795 5.271806 2.561943
