#! FIELDS time dAB dAC rc bias
 0.000000 3.539966 2.590030 6.129995 0.000000
 0.000000 3.539799 2.591559 6.131358 0.000092
 0.000001 3.539402 2.595927 6.135330 0.001420
 0.000001 3.538669 2.603156 6.141826 0.006992
 0.000002 3.537666 2.613363 6.151028 0.022109
 0.000002 3.536313 2.627147 6.163460 0.055980
 0.000003 3.534696 2.644890 6.179586 0.122941
 0.000003 3.532641 2.666955 6.199596 0.242177
 0.000004 3.530327 2.693351 6.223677 0.438774
 0.000004 3.527589 2.723723 6.251312 0.735836
 0.000005 3.524468 2.757759 6.282227 1.158647
 0.000005 3.520751 2.794627 6.315378 1.718251
 0.000006 3.516301 2.833365 6.349666 2.412669
 0.000006 3.511077 2.873034 6.384112 3.228637
 0.000007 3.505070 2.912168 6.417238 4.125296
 0.000007 3.498177 2.949216 6.447393 5.036905
 0.000008 3.490519 2.983531 6.474050 5.918507
 0.000008 3.482085 3.013981 6.496066 6.700204
 0.000009 3.472909 3.039159 6.512068 7.298812
 0.000009 3.463014 3.057796 6.520810 7.636622
 0.000010 3.452486 3.069048 6.521534 7.664934
 0.000010 3.441494 3.072398 6.513892 7.368643
 0.000011 3.430189 3.067655 6.497845 6.765487
 0.000011 3.418463 3.054237 6.472700 5.872172
 0.000012 3.406661 3.032078 6.438739 4.766000
 0.000012 3.394984 3.001601 6.396585 3.553365
 0.000013 3.383540 2.964481 6.348021 2.376662
 0.000013 3.372300 2.922298 6.294599 1.354634
 0.000014 3.361322 2.877038 6.238359 0.587088
 0.000014 3.350786 2.830045 6.180830 0.129186
 0.000015 3.340595 2.783442 6.124037 0.001778
 0.000015 3.330668 2.739006 6.069674 0.181961
 0.000016 3.321004 2.698427 6.019431 0.611274
 0.000016 3.311790 2.663101 5.974891 1.202945
 0.000017 3.303234 2.633938 5.937173 1.859116
 0.000017 3.295402 2.611890 5.907292 2.479944
 0.000018 3.288222 2.597884 5.886106 2.974223
 0.000018 3.281830 2.592183 5.874013 3.276459
 0.000019 3.276513 2.594729 5.871241 3.347806
 0.000019 3.272397 2.605166 5.877563 3.186224
 0.000020 3.269414 2.622609 5.892023 2.831651
 0.000020 3.267636 2.646225 5.913861 2.335807
 0.000021 3.266972 2.674476 5.941448 1.777601
 0.000021 3.267317 2.706049 5.973366 1.226713
 0.000022 3.268380 2.740476 6.008856 0.733794
 0.000022 3.270039 2.778416 6.048455 0.332477
 0.000023 3.272047 2.819773 6.091819 0.072888
 0.000023 3.274037 2.863493 6.137531 0.002836
 0.000024 3.275979 2.907975 6.183955 0.145556
 0.000024 3.277940 2.951049 6.228990 0.489949
 0.000025 3.280077 2.989924 6.270001 0.980017
 0.000025 3.282391 3.023279 6.305670 1.542995
 0.000026 3.284867 3.049873 6.334741 2.095934
 0.000026 3.287562 3.068374 6.355935 2.552339
 0.000027 3.290485 3.077915 6.368399 2.841714
 0.000027 3.293654 3.078129 6.371782 2.922937
 0.000028 3.297141 3.068703 6.365843 2.781099
 0.000028 3.300958 3.049606 6.350564 2.432435
 0.000029 3.305176 3.020979 6.326154 1.923825
 0.000029 3.309932 2.983287 6.293219 1.332021
 0.000030 3.315170 2.937560 6.252730 0.753134
 0.000030 3.321117 2.884331 6.205448 0.284619
 0.000031 3.327999 2.823666 6.151665 0.023468
 0.000031 3.335946 2.756408 6.092355 0.070858
 0.000032 3.345075 2.684535 6.029611 0.503902
 0.000032 3.354910 2.610410 5.965320 1.355977
 0.000033 3.364950 2.537531 5.902480 2.588265
 0.000033 3.374796 2.469770 5.844566 4.073626
 0.000034 3.384195 2.410850 5.795045 5.609745
 0.000034 3.392882 2.363779 5.756662 6.969074
 0.000035 3.400850 2.330090 5.730941 7.962422
 0.000035 3.408414 2.311054 5.719468 8.426816
 0.000036 3.415865 2.307008 5.722874 8.287598
 0.000036 3.423213 2.317891 5.741104 7.561991
 0.000037 3.430527 2.343755 5.774282 6.326770
 0.000037 3.437793 2.384013 5.821805 4.749198
 0.000038 3.445098 2.437087 5.882185 3.070610
 0.000038 3.452592 2.501239 5.953831 1.551770
 0.000039 3.460397 2.573340 6.033737 0.463332
 0.000039 3.468672 2.648705 6.117377 0.007967
 0.000040 3.477755 2.722209 6.199965 0.244752
 0.000040 3.487763 2.789623 6.277386 1.086130
 0.000041 3.498441 2.849155 6.347596 2.367396
 0.000041 3.509416 2.901651 6.411067 3.949937
 0.000042 3.519915 2.948649 6.468564 5.731286
 0.000042 3.528869 2.990357 6.519225 7.574823
 0.000043 3.535751 3.025886 6.561637 9.315504
 0.000043 3.540088 3.054412 6.594500 10.788021
 0.000044 3.541849 3.075172 6.617021 11.859485
 0.000044 3.541385 3.087530 6.628915 12.445801
 0.000045 3.539099 3.091469 6.630569 12.528453
 0.000045 3.535362 3.086672 6.622034 12.104862
 0.000046 3.530493 3.073421 6.603914 11.229707
 0.000046 3.524737 3.052737 6.577474 10.011652
 0.000047 3.518483 3.025397 6.543880 8.564848
 0.000047 3.511913 2.992612 6.504525 7.013445
 0.000048 3.505447 2.956052 6.461498 5.494556
 0.000048 3.499544 2.916486 6.416030 4.090663
 0.000049 3.494614 2.874174 6.368788 2.850978
 0.000049 3.491059 2.827830 6.318889 1.783954
 0.000050 3.489349 2.775720 6.265069 0.912186
 0.000050 3.489260 2.718099 6.207359 0.299222
 0.000051 3.490242 2.657723 6.147965 0.016137
 0.000051 3.491361 2.598455 6.089817 0.080736
 0.000052 3.491585 2.544923 6.036508 0.437038
 0.000052 3.490409 2.500332 5.990740 0.969662
 0.000053 3.487787 2.466102 5.953889 1.550750
 0.000053 3.483888 2.443670 5.927558 2.049140
 0.000054 3.479094 2.434215 5.913308 2.347767
 0.000054 3.473788 2.437250 5.911039 2.397206
 0.000055 3.468362 2.452813 5.921175 2.180399
 0.000055 3.462968 2.479924 5.942892 1.750467
 0.000056 3.457745 2.517694 5.975439 1.194459
 0.000056 3.452836 2.564306 6.017142 0.636845
 0.000057 3.448286 2.617131 6.065417 0.208551
 0.000057 3.444314 2.672752 6.117066 0.008364
 0.000058 3.441165 2.727396 6.168561 0.074346
 0.000058 3.438923 2.778721 6.217644 0.384072
 0.000059 3.437353 2.825939 6.263292 0.888337
 0.000059 3.435872 2.869736 6.305608 1.541909
 0.000060 3.433735 2.909912 6.343647 2.282259
 0.000060 3.430212 2.945569 6.375782 3.020431
 0.000061 3.424879 2.975686 6.400564 3.660248
 0.000061 3.417161 3.000030 6.417190 4.123914
 0.000062 3.406985 3.017801 6.424787 4.344956
 0.000062 3.394674 3.028452 6.423126 4.296135
 0.000063 3.380697 3.031363 6.412060 3.977893
 0.000063 3.365741 3.026717 6.392459 3.444227
 0.000064 3.350360 3.014728 6.365088 2.763309
 0.000064 3.335012 2.995878 6.330890 2.017839
 0.000065 3.320053 2.971493 6.291546 1.304854
 0.000065 3.305793 2.942735 6.248528 0.702446
 0.000066 3.292771 2.910524 6.203295 0.268607
 0.000066 3.281312 2.876223 6.157535 0.037909
 0.000067 3.271907 2.840206 6.112113 0.015997
 0.000067 3.264884 2.802027 6.066911 0.199011
 0.000068 3.260356 2.761988 6.022344 0.579494
 0.000068 3.258395 2.721309 5.979704 1.129443
 0.000069 3.258598 2.682044 5.940641 1.792836
 0.000069 3.260312 2.647407 5.907719 2.470445
 0.000070 3.262689 2.619857 5.882545 3.061692
 0.000070 3.264940 2.601227 5.866166 3.480410
 0.000071 3.266661 2.592440 5.859101 3.669320
 0.000071 3.267439 2.593453 5.860893 3.620933
 0.000072 3.267259 2.604648 5.871907 3.330601
 0.000072 3.266521 2.624610 5.891132 2.852907
 0.000073 3.265558 2.652548 5.918106 2.244953
 0.000073 3.264681 2.688173 5.952854 1.569036
 0.000074 3.264013 2.730461 5.994474 0.918359
 0.000074 3.263663 2.777738 6.041401 0.392485
 0.000075 3.263416 2.828833 6.092249 0.071259
 0.000075 3.263291 2.882241 6.145532 0.012062
 0.000076 3.263323 2.936282 6.199604 0.242237
 0.000076 3.263455 2.989495 6.252950 0.755832
 0.000077 3.263667 3.040297 6.303964 1.513175
 0.000077 3.263760 3.088039 6.351798 2.459719
 0.000078 3.263863 3.131726 6.395589 3.526871
 0.000078 3.263999 3.169694 6.433693 4.611471
 0.000079 3.264026 3.200744 6.464770 5.603558
 0.000079 3.263867 3.223862 6.487729 6.398514
 0.000080 3.263221 3.238513 6.501734 6.909292
 0.000080 3.261989 3.244024 6.506013 7.069274
 0.000081 3.260033 3.240490 6.500523 6.864366
 0.000081 3.257196 3.228568 6.485765 6.328421
 0.000082 3.253636 3.208401 6.462037 5.512419
 0.000082 3.249671 3.181044 6.430715 4.521491
 0.000083 3.245750 3.147836 6.393586 3.473874
 0.000083 3.242437 3.110358 6.352795 2.481873
 0.000084 3.240084 3.070083 6.310167 1.622999
 0.000084 3.238846 3.028429 6.267275 0.942219
 0.000085 3.238849 2.987904 6.226754 0.468062
 0.000085 3.240186 2.949171 6.189357 0.176165
 0.000086 3.242843 2.913755 6.156598 0.035371
 0.000086 3.246909 2.882291 6.129201 0.000032
 0.000087 3.252449 2.855379 6.107828 0.024580
 0.000087 3.259404 2.832955 6.092360 0.070840
 0.000088 3.267742 2.815565 6.083307 0.109014
 0.000088 3.277463 2.802920 6.080383 0.123093
 0.000089 3.288189 2.794923 6.083112 0.109924
 0.000089 3.299651 2.791794 6.091445 0.074323
 0.000090 3.311396 2.793070 6.104466 0.032599
 0.000090 3.322890 2.798721 6.121611 0.003519
 0.000091 3.333846 2.807975 6.141820 0.006986
 0.000091 3.343994 2.819936 6.163929 0.057560
 0.000092 3.353290 2.833640 6.186930 0.162049
 0.000092 3.361648 2.848180 6.209827 0.318620
 0.000093 3.369215 2.862596 6.231811 0.518275
 0.000093 3.375952 2.876008 6.251960 0.743709
 0.000094 3.381822 2.887948 6.269769 0.976773
 0.000094 3.386834 2.897193 6.284026 1.186207
 0.000095 3.390969 2.902765 6.293733 1.340428
 0.000095 3.394212 2.904012 6.298224 1.414966
 0.000096 3.396555 2.900513 6.297068 1.395589
 0.000096 3.398087 2.891746 6.289832 1.277321
 0.000097 3.398942 2.878054 6.276996 1.080386
 0.000097 3.398969 2.859715 6.258684 0.827979
 0.000098 3.398283 2.836804 6.235087 0.552165
 0.000098 3.397080 2.809761 6.206841 0.295226
 0.000099 3.395503 2.778958 6.174460 0.098835
 0.000099 3.393463 2.745194 6.138657 0.003747
 0.000100 3.390966 2.709858 6.100824 0.042562
 0.000100 3.388392 2.674025 6.062416 0.228377
 0.000101 3.385625 2.638839 6.024464 0.556890
 0.000101 3.382876 2.605895 5.988771 0.997281
 0.000102 3.380334 2.575966 5.956300 1.508593
 0.000102 3.378082 2.550466 5.928547 2.029158
 0.000103 3.376164 2.529908 5.906072 2.507189
 0.000103 3.374576 2.514408 5.888984 2.904428
 0.000104 3.373548 2.503047 5.876595 3.210700
 0.000104 3.373350 2.495227 5.868576 3.417115
 0.000105 3.374131 2.490323 5.864454 3.525735
 0.000105 3.376067 2.486637 5.862704 3.572347
 0.000106 3.379235 2.482772 5.862007 3.591023
 0.000106 3.383695 2.478648 5.862344 3.581991
 0.000107 3.389147 2.475252 5.864398 3.527218
 0.000107 3.395424 2.473691 5.869115 3.403046
 0.000108 3.402459 2.475691 5.878150 3.171426
 0.000108 3.409897 2.482443 5.892340 2.824124
 0.000109 3.417378 2.495037 5.912415 2.367157
 0.000109 3.424901 2.514525 5.939426 1.815927
 0.000110 3.432244 2.541202 5.973447 1.225448
 0.000110 3.438966 2.574660 6.013626 0.677143
 0.000111 3.444635 2.613995 6.058631 0.254678
 0.000111 3.449005 2.658579 6.107584 0.025124
 0.000112 3.451943 2.707202 6.159146 0.042473
 0.000112 3.453371 2.758317 6.211688 0.333647
 0.000113 3.453289 2.810218 6.263507 0.891205
 0.000113 3.451887 2.861519 6.313406 1.681880
 0.000114 3.449412 2.910177 6.359590 2.635571
 0.000114 3.445972 2.954944 6.400916 3.669773
 0.000115 3.441690 2.994809 6.436499 4.697080
 0.000115 3.436833 3.028972 6.465805 5.638259
 0.000116 3.431382 3.057219 6.488601 6.429724
 0.000116 3.425462 3.079401 6.504863 7.026118
 0.000117 3.419204 3.094822 6.514026 7.373809
 0.000117 3.412683 3.103124 6.515807 7.442356
 0.000118 3.405891 3.104183 6.510074 7.222810
 0.000118 3.399028 3.098554 6.497582 6.755815
 0.000119 3.392028 3.086478 6.478506 6.072811
 0.000119 3.384812 3.068709 6.453522 5.233322
 0.000120 3.377441 3.045339 6.422780 4.286017
 0.000120 3.369849 3.017217 6.387066 3.304139
 0.000121 3.361935 2.985407 6.347342 2.361878
 0.000121 3.353846 2.951472 6.305318 1.536822
 0.000122 3.345726 2.916684 6.262410 0.876624
 0.000122 3.337889 2.882183 6.220073 0.405655
 0.000123 3.330712 2.848298 6.179011 0.120102
 0.000123 3.324460 2.815976 6.140436 0.005445
 0.000124 3.319316 2.786142 6.105458 0.030115
 0.000124 3.315515 2.759282 6.074797 0.152371
 0.000125 3.312969 2.736206 6.049176 0.326629
 0.000125 3.311667 2.717819 6.029486 0.505154
 0.000126 3.311595 2.704159 6.015754 0.652610
 0.000126 3.312520 2.695509 6.008029 0.743849
 0.000127 3.314408 2.692089 6.006497 0.762650
 0.000127 3.317080 2.694296 6.011376 0.703583
 0.000128 3.320350 2.702281 6.022631 0.576403
 0.000128 3.323676 2.715855 6.039531 0.409231
 0.000129 3.326519 2.734974 6.061493 0.234658
 0.000129 3.328506 2.759265 6.087771 0.089164
 0.000130 3.329159 2.788213 6.117372 0.007973
 0.000130 3.328018 2.821091 6.149109 0.018258
 0.000131 3.324648 2.856612 6.181260 0.131379
 0.000131 3.319114 2.893873 6.212987 0.344345
 0.000132 3.311682 2.932090 6.243772 0.647201
 0.000132 3.302946 2.970035 6.272981 1.022184
 0.000133 3.293189 3.006902 6.300091 1.446542
 0.000133 3.282647 3.041730 6.324376 1.889107
 0.000134 3.271615 3.074006 6.345621 2.324629
 0.000134 3.260237 3.103054 6.363291 2.721227
 0.000135 3.248678 3.128130 6.376808 3.045711
 0.000135 3.237230 3.148489 6.385720 3.269623
 0.000136 3.225872 3.163620 6.389492 3.366794
 0.000136 3.214813 3.173082 6.387895 3.325481
 0.000137 3.204205 3.176543 6.380749 3.143748
 0.000137 3.194126 3.174150 6.368275 2.838761
 0.000138 3.184523 3.165987 6.350511 2.431247
 0.000138 3.175463 3.152490 6.327953 1.959277
 0.000139 3.166919 3.134224 6.301143 1.464497
 0.000139 3.158838 3.112018 6.270857 0.992032
 0.000140 3.150983 3.086518 6.237501 0.577828
 0.000140 3.143267 3.058088 6.201355 0.254579
 0.000141 3.135848 3.027854 6.163702 0.056792
 0.000141 3.129150 2.997306 6.126456 0.000628
 0.000142 3.123350 2.967071 6.090421 0.078325
 0.000142 3.118718 2.937845 6.056563 0.269649
 0.000143 3.115431 2.911035 6.026466 0.535968
 0.000143 3.113539 2.887423 6.000962 0.832538
 0.000144 3.112878 2.867520 5.980398 1.119043
 0.000144 3.113410 2.851790 5.965199 1.357961
 0.000145 3.115149 2.840628 5.955777 1.517685
 0.000145 3.118008 2.834399 5.952407 1.576966
 0.000146 3.121708 2.833076 5.954784 1.535035
 0.000146 3.126023 2.836588 5.962611 1.400952
 0.000147 3.130748 2.845240 5.975988 1.185988
 0.000147 3.135549 2.859075 5.994625 0.916326
 0.000148 3.140001 2.877239 6.017240 0.635737
 0.000148 3.143558 2.899178 6.042736 0.380749
 0.000149 3.145638 2.923752 6.069390 0.183677
 0.000149 3.145809 2.950571 6.096380 0.056516
 0.000150 3.143733 2.979600 6.123333 0.002223
 0.000150 3.139635 3.010062 6.149697 0.019399
 0.000151 3.133916 3.041206 6.175122 0.101799
 0.000151 3.127052 3.072584 6.199636 0.242457
 0.000152 3.119488 3.102848 6.222337 0.426305
 0.000152 3.111669 3.130955 6.242624 0.634205
 0.000153 3.103962 3.156071 6.260034 0.845437
 0.000153 3.096357 3.177561 6.273918 1.035622
 0.000154 3.089006 3.194123 6.283130 1.172434
 0.000154 3.082192 3.205667 6.287859 1.245970
 0.000155 3.075956 3.212022 6.287978 1.247857
 0.000155 3.070341 3.212789 6.283130 1.172440
 0.000156 3.065577 3.208006 6.273582 1.030795
 0.000156 3.061771 3.198396 6.260167 0.847175
 0.000157 3.058936 3.184504 6.243440 0.643427
 0.000157 3.056938 3.167001 6.223939 0.441230
 0.000158 3.055618 3.146527 6.202145 0.260241
 0.000158 3.054610 3.124284 6.178894 0.119532
 0.000159 3.053410 3.101075 6.154485 0.029977
 0.000159 3.051531 3.077978 6.129509 0.000012
 0.000160 3.048756 3.055473 6.104229 0.033208
 0.000160 3.045292 3.034054 6.079347 0.128288
 0.000161 3.041723 3.014508 6.056231 0.272093
 0.000161 3.038624 2.996862 6.035486 0.446642
 0.000162 3.036263 2.981535 6.017798 0.629461
 0.000162 3.034920 2.968687 6.003607 0.798765
 0.000163 3.034726 2.958469 5.993196 0.935773
 0.000163 3.035713 2.950868 5.986581 1.028454
 0.000164 3.037813 2.946075 5.983888 1.067443
 0.000164 3.041043 2.944389 5.985432 1.045000
 0.000165 3.045130 2.945908 5.991038 0.965527
 0.000165 3.049952 2.950575 6.000527 0.838164
 0.000166 3.055298 2.958132 6.013430 0.679431
 0.000166 3.060930 2.968937 6.029866 0.501337
 0.000167 3.066425 2.982872 6.049297 0.325647
 0.000167 3.071489 3.000019 6.071508 0.171066
 0.000168 3.075819 3.020645 6.096465 0.056230
 0.000168 3.078939 3.044311 6.123250 0.002278
 0.000169 3.080277 3.070813 6.151090 0.022239
 0.000169 3.079279 3.099385 6.178664 0.118408
 0.000170 3.076041 3.128890 6.204931 0.280732
 0.000170 3.071160 3.157979 6.229139 0.491426
 0.000171 3.064994 3.185119 6.250113 0.721360
 0.000171 3.058042 3.209190 6.267232 0.941636
 0.000172 3.050734 3.229578 6.280312 1.129691
 0.000172 3.043417 3.245230 6.288647 1.258437
 0.000173 3.036419 3.255153 6.291572 1.305276
 0.000173 3.029814 3.259229 6.289043 1.264728
 0.000174 3.023707 3.257067 6.280773 1.136629
 0.000174 3.018360 3.249403 6.267763 0.948936
 0.000175 3.013797 3.237174 6.250970 0.731692
 0.000175 3.010028 3.221177 6.231205 0.512124
 0.000176 3.007025 3.202168 6.209194 0.313582
 0.000176 3.004821 3.180927 6.185748 0.155390
 0.000177 3.003367 3.159662 6.163029 0.054545
 0.000177 3.002438 3.139522 6.141959 0.007151
 0.000178 3.002098 3.121151 6.123249 0.002278
 0.000178 3.002107 3.104491 6.106598 0.027382
 0.000179 3.002166 3.089416 6.091582 0.073797
 0.000179 3.001982 3.076171 6.078153 0.134403
 0.000180 3.001614 3.064055 6.065669 0.206921
 0.000180 3.001313 3.053164 6.054477 0.285183
 0.000181 3.001398 3.043318 6.044716 0.363666
 0.000181 3.002018 3.034059 6.036076 0.441081
 0.000182 3.003164 3.025570 6.028733 0.512746
 0.000182 3.004924 3.018340 6.023264 0.569629
 0.000183 3.007177 3.012579 6.019756 0.607686
 0.000183 3.009954 3.008389 6.018343 0.623364
 0.000184 3.013081 3.005867 6.018948 0.616624
 0.000184 3.016477 3.005555 6.022032 0.582852
 0.000185 3.019897 3.008077 6.027974 0.520461
 0.000185 3.023091 3.013873 6.036963 0.432790
 0.000186 3.025730 3.022890 6.048620 0.331136
 0.000186 3.027714 3.035595 6.063309 0.222381
 0.000187 3.028850 3.051829 6.080679 0.121629
 0.000187 3.028821 3.071320 6.100141 0.044577
 0.000188 3.027498 3.093699 6.121198 0.003874
 0.000188 3.024704 3.117902 6.142606 0.007945
 0.000189 3.020647 3.142947 6.163594 0.056427
 0.000189 3.015368 3.167893 6.183261 0.141836
 0.000190 3.008997 3.191755 6.200752 0.250293
 0.000190 3.001883 3.214040 6.215923 0.369139
 0.000191 2.994455 3.233740 6.228195 0.482113
 0.000191 2.987067 3.250806 6.237872 0.581821
 0.000192 2.979978 3.264959 6.244936 0.660518
 0.000192 2.973233 3.276049 6.249283 0.711417
 0.000193 2.966995 3.284667 6.251662 0.740082
 0.000193 2.961472 3.291232 6.252704 0.752815
 0.000194 2.956622 3.296426 6.253048 0.757035
 0.000194 2.952608 3.301043 6.253651 0.764480
 0.000195 2.949376 3.306087 6.255463 0.787053
 0.000195 2.946867 3.311774 6.258642 0.827436
 0.000196 2.945110 3.318172 6.263282 0.888201
 0.000196 2.944070 3.325203 6.269272 0.969839
 0.000197 2.943628 3.332540 6.276169 1.068263
 0.000197 2.943728 3.339432 6.283160 1.172892
 0.000198 2.944120 3.344536 6.288656 1.258590
 0.000198 2.944553 3.347668 6.292221 1.315779
 0.000199 2.945033 3.348367 6.293399 1.334970
 0.000199 2.945647 3.346029 6.291676 1.306957
 0.000200 2.946502 3.340862 6.287364 1.238178
 0.000200 2.947797 3.333235 6.281032 1.140540
 0.000201 2.949617 3.323255 6.272871 1.020612
 0.000201 2.951943 3.311707 6.263650 0.893118
 0.000202 2.954832 3.299046 6.253878 0.767290
 0.000202 2.958033 3.286425 6.244458 0.655033
 0.000203 2.961314 3.274731 6.236045 0.562278
 0.000203 2.964418 3.264508 6.228926 0.489313
 0.000204 2.966986 3.255698 6.222685 0.429523
 0.000204 2.968801 3.248776 6.217577 0.383485
 0.000205 2.969673 3.243619 6.213292 0.346877
 0.000205 2.969312 3.239790 6.209102 0.312857
 0.000206 2.967858 3.236865 6.204723 0.279179
 0.000206 2.965230 3.234803 6.200033 0.245231
 0.000207 2.961399 3.233452 6.194851 0.210283
 0.000207 2.956308 3.232208 6.188516 0.171204
 0.000208 2.949841 3.230105 6.179946 0.124728
 0.000208 2.942054 3.226110 6.168164 0.072823
 0.000209 2.933059 3.220879 6.153938 0.028651
 0.000209 2.923333 3.214206 6.137539 0.002841
 0.000210 2.913509 3.206374 6.119883 0.005118
 0.000210 2.904101 3.197842 6.101943 0.039361
 0.000211 2.895473 3.189020 6.084493 0.103545
 0.000211 2.887993 3.180278 6.068271 0.190521
 0.000212 2.882027 3.172062 6.054090 0.288120
 0.000212 2.877710 3.164715 6.042424 0.383475
 0.000213 2.875028 3.157843 6.032870 0.471707
 0.000213 2.874056 3.151557 6.025613 0.544831
 0.000214 2.874889 3.146257 6.021146 0.592465
 0.000214 2.877607 3.141473 6.019080 0.615164
 0.000215 2.882168 3.136740 6.018908 0.617069
 0.000215 2.888450 3.131559 6.020009 0.604901
 0.000216 2.896343 3.125744 6.022087 0.582259
 0.000216 2.905649 3.118872 6.024521 0.556288
 0.000217 2.916054 3.111022 6.027076 0.529670
 0.000217 2.927155 3.101965 6.029120 0.508838
 0.000218 2.938258 3.091818 6.030076 0.499243
 0.000218 2.948935 3.081246 6.030181 0.498193
 0.000219 2.958879 3.069940 6.028819 0.511879
 0.000219 2.968154 3.058312 6.026466 0.535964
 0.000220 2.977114 3.047054 6.024168 0.560020
 0.000220 2.986240 3.036623 6.022864 0.573911
 0.000221 2.995633 3.027725 6.023358 0.568626
 0.000221 3.005582 3.020690 6.026271 0.537983
 0.000222 3.016117 3.015513 6.031629 0.483840
 0.000222 3.026955 3.012193 6.039147 0.412711
 0.000223 3.038028 3.010697 6.048725 0.330285
 0.000223 3.049058 3.010797 6.059855 0.246013
 0.000224 3.059853 3.012230 6.072083 0.167719
 0.000224 3.070468 3.014835 6.085303 0.099892
 0.000225 3.080823 3.017999 6.098822 0.048604
 0.000225 3.090754 3.021043 6.111797 0.016567
 0.000226 3.100168 3.023911 6.124078 0.001753
 0.000226 3.108750 3.026010 6.134760 0.001133
 0.000227 3.116135 3.027372 6.143507 0.009122
 0.000227 3.121989 3.027781 6.149770 0.019543
 0.000228 3.125992 3.027277 6.153270 0.027074
 0.000228 3.127901 3.025771 6.153672 0.028018
 0.000229 3.127996 3.023634 6.151630 0.023393
 0.000229 3.126809 3.021083 6.147892 0.016006
 0.000230 3.124975 3.018922 6.143897 0.009657
 0.000230 3.122903 3.017019 6.139922 0.004922
 0.000231 3.121111 3.015295 6.136406 0.002052
 0.000231 3.119542 3.014033 6.133575 0.000639
 0.000232 3.118465 3.012752 6.131217 0.000074
 0.000232 3.117762 3.011473 6.129235 0.000029
 0.000233 3.117394 3.010251 6.127645 0.000277
 0.000233 3.117380 3.009053 6.126433 0.000636
 0.000234 3.117766 3.007358 6.125124 0.001189
 0.000234 3.118651 3.005023 6.123674 0.002001
 0.000235 3.119987 3.002296 6.122283 0.002978
 0.000235 3.121580 2.999068 6.120647 0.004373
 0.000236 3.123346 2.995310 6.118656 0.006434
 0.000236 3.124877 2.991181 6.116059 0.009718
 0.000237 3.125706 2.986574 6.112280 0.015700
 0.000237 3.125309 2.981988 6.107296 0.025773
 0.000238 3.123566 2.977837 6.101403 0.040889
 0.000238 3.120480 2.974469 6.094949 0.061428
 0.000239 3.116345 2.971846 6.088191 0.087398
 0.000239 3.111530 2.970370 6.081901 0.115678
 0.000240 3.106435 2.970551 6.076987 0.140521
 0.000240 3.101250 2.972520 6.073770 0.158089
 0.000241 3.096126 2.976493 6.072620 0.164624
 0.000241 3.090890 2.982418 6.073308 0.160700
 0.000242 3.085456 2.989936 6.075391 0.149106
 0.000242 3.079641 2.998745 6.078386 0.133200
 0.000243 3.073353 3.008380 6.081734 0.116482
 0.000243 3.066723 3.018806 6.085529 0.098886
 0.000244 3.059691 3.029849 6.089540 0.081850
 0.000244 3.052367 3.040889 6.093256 0.067505
 0.000245 3.044843 3.051547 6.096391 0.056479
 0.000245 3.037183 3.061777 6.098959 0.048176
 0.000246 3.029504 3.071473 6.100977 0.042116
 0.000246 3.021655 3.081077 6.102732 0.037177
 0.000247 3.013329 3.090525 6.103854 0.034180
 0.000247 3.004442 3.100204 6.104646 0.032141
 0.000248 2.994936 3.110576 6.105512 0.029984
 0.000248 2.985268 3.121696 6.106964 0.026533
 0.000249 2.975727 3.134409 6.110136 0.019729
 0.000249 2.966702 3.148736 6.115439 0.010602
 0.000250 2.958704 3.164713 6.123416 0.002167
 0.000250 2.951903 3.182093 6.133996 0.000798
 0.000251 2.946523 3.200064 6.146587 0.013757
 0.000251 2.942536 3.217838 6.160373 0.046127
 0.000252 2.940181 3.233925 6.174106 0.097268
 0.000252 2.939426 3.247429 6.186856 0.161628
 0.000253 2.940218 3.258027 6.198244 0.232866
 0.000253 2.942375 3.265078 6.207453 0.299948
 0.000254 2.946033 3.268544 6.214577 0.357661
 0.000254 2.950989 3.268456 6.219445 0.400022
 0.000255 2.957223 3.264936 6.222159 0.424663
 0.000255 2.964441 3.258153 6.222595 0.428690
 0.000256 2.972389 3.248852 6.221241 0.416245
 0.000256 2.980624 3.237554 6.218177 0.388761
 0.000257 2.988703 3.225209 6.213912 0.352060
 0.000257 2.996165 3.212592 6.208757 0.310134
 0.000258 3.003008 3.200731 6.203739 0.271870
 0.000258 3.009239 3.190396 6.199635 0.242451
 0.000259 3.014988 3.182256 6.197244 0.226086
 0.000259 3.020234 3.176088 6.196321 0.219927
 0.000260 3.025065 3.171737 6.196802 0.223124
 0.000260 3.029177 3.168637 6.197814 0.229936
 0.000261 3.032301 3.166444 6.198745 0.236296
 0.000261 3.034248 3.164287 6.198535 0.234851
 0.000262 3.034852 3.161378 6.196230 0.219320
 0.000262 3.034051 3.157567 6.191618 0.189840
 0.000263 3.031862 3.152457 6.184319 0.147528
 0.000263 3.028537 3.146079 6.174616 0.099528
 0.000264 3.024303 3.138978 6.163281 0.055383
 0.000264 3.019479 3.131065 6.150543 0.021101
 0.000265 3.014264 3.123309 6.137573 0.002867
 0.000265 3.008771 3.116127 6.124898 0.001301
 0.000266 3.003161 3.110586 6.113747 0.013208
 0.000266 2.997410 3.107170 6.104580 0.032310
 0.000267 2.991604 3.106701 6.098305 0.050230
 0.000267 2.985781 3.109372 6.095153 0.060715
 0.000268 2.980314 3.115413 6.095728 0.058730
 0.000268 2.975512 3.124733 6.100245 0.044268
 0.000269 2.971425 3.136984 6.108409 0.023308
 0.000269 2.968244 3.152010 6.120253 0.004750
 0.000270 2.966010 3.168649 6.134659 0.001085
 0.000270 2.964827 3.185560 6.150387 0.020782
 0.000271 2.964742 3.201722 6.166463 0.066478
 0.000271 2.965678 3.216283 6.181961 0.135000
 0.000272 2.967527 3.228105 6.195633 0.215382
 0.000272 2.970271 3.236538 6.206809 0.294979
 0.000273 2.973878 3.241231 6.215109 0.362180
 0.000273 2.978434 3.241913 6.220347 0.408128
 0.000274 2.983792 3.239188 6.222980 0.432260
 0.000274 2.989781 3.233602 6.223383 0.436016
 0.000275 2.996244 3.226197 6.222440 0.427261
 0.000275 3.002840 3.217961 6.220801 0.412240
 0.000276 3.009225 3.210045 6.219270 0.398459
 0.000276 3.014990 3.204123 6.219113 0.397052
 0.000277 3.020017 3.201376 6.221393 0.417637
 0.000277 3.024203 3.202417 6.226620 0.466768
 0.000278 3.027471 3.207260 6.234731 0.548428
 0.000278 3.029841 3.214836 6.244677 0.657545
 0.000279 3.031423 3.223590 6.255013 0.781409
 0.000279 3.032130 3.231502 6.263631 0.892867
 0.000280 3.031857 3.237466 6.269323 0.970543
 0.000280 3.030696 3.240124 6.270819 0.991505
 0.000281 3.028873 3.238799 6.267673 0.947690
 0.000281 3.026387 3.232930 6.259317 0.836138
 0.000282 3.023475 3.222751 6.246226 0.675429
 0.000282 3.020301 3.208295 6.228596 0.486058
 0.000283 3.017237 3.189622 6.206859 0.295369
 0.000283 3.014401 3.167585 6.181986 0.135128
 0.000284 3.011998 3.143183 6.155181 0.031705
 0.000284 3.009974 3.117935 6.127909 0.000219
 0.000285 3.008203 3.093392 6.101595 0.040341
 0.000285 3.006571 3.071092 6.077662 0.136961
 0.000286 3.004692 3.052601 6.057293 0.264313
 0.000286 3.002404 3.039193 6.041597 0.390753
 0.000287 2.999790 3.031007 6.030797 0.492063
 0.000287 2.997070 3.027456 6.024526 0.556238
 0.000288 2.994558 3.027298 6.021856 0.584755
 0.000288 2.992766 3.029256 6.022022 0.582957
 0.000289 2.991896 3.032147 6.024043 0.561345
 0.000289 2.992071 3.034852 6.026922 0.531251
 0.000290 2.993191 3.036509 6.029700 0.503005
 0.000290 2.995423 3.036451 6.031874 0.481434
 0.000291 2.998802 3.034541 6.033343 0.467133
 0.000291 3.003247 3.029884 6.033131 0.469180
 0.000292 3.008777 3.022502 6.031280 0.487287
 0.000292 3.015275 3.012617 6.027893 0.521296
 0.000293 3.022684 3.000941 6.023625 0.565779
 0.000293 3.030790 2.988021 6.018811 0.618146
 0.000294 3.039410 2.974657 6.014067 0.672023
 0.000294 3.048145 2.961580 6.009725 0.723301
 0.000295 3.056669 2.949702 6.006372 0.764198
 0.000295 3.064520 2.940170 6.004690 0.785131
 0.000296 3.071284 2.934226 6.005509 0.774895
 0.000296 3.076686 2.932020 6.008706 0.735607
 0.000297 3.080604 2.933130 6.013734 0.675889
 0.000297 3.083175 2.937538 6.020714 0.597175
 0.000298 3.084431 2.944689 6.029120 0.508835
 0.000298 3.084617 2.953567 6.038183 0.421517
 0.000299 3.083895 2.963458 6.047353 0.341525
 0.000299 3.082386 2.973603 6.055989 0.273885
 0.000300 3.080316 2.983556 6.063873 0.218640
 0.000300 3.077855 2.992521 6.070376 0.177750
 0.000301 3.074965 3.000296 6.075261 0.149817
 0.000301 3.072014 3.006578 6.078591 0.132143
 0.000302 3.069085 3.011725 6.080810 0.120981
 0.000302 3.066148 3.016077 6.082224 0.114125
 0.000303 3.063371 3.020164 6.083535 0.107951
 0.000303 3.060871 3.024726 6.085597 0.098582
 0.000304 3.058530 3.030543 6.089073 0.083751
 0.000304 3.056161 3.038701 6.094862 0.061734
 0.000305 3.053414 3.049948 6.103362 0.035480
 0.000305 3.050219 3.065249 6.115468 0.010559
 0.000306 3.046256 3.084428 6.130683 0.000023
 0.000306 3.041522 3.107190 6.148712 0.017507
 0.000307 3.036314 3.132834 6.169148 0.076629
 0.000307 3.030952 3.160269 6.191222 0.187405
 0.000308 3.025779 3.187495 6.213274 0.346729
 0.000308 3.021039 3.212726 6.233765 0.538360
 0.000309 3.016985 3.234557 6.251542 0.738625
 0.000309 3.013687 3.251979 6.265666 0.920257
 0.000310 3.011255 3.264286 6.275541 1.059102
 0.000310 3.009723 3.271511 6.281234 1.143584
 0.000311 3.009097 3.273139 6.282237 1.158800
 0.000311 3.009448 3.269433 6.278881 1.108279
 0.000312 3.010629 3.260939 6.271568 1.002078
 0.000312 3.012510 3.248591 6.261101 0.859371
 0.000313 3.015006 3.233705 6.248711 0.704618
 0.000313 3.017797 3.217970 6.235767 0.559331
 0.000314 3.020736 3.203120 6.223857 0.440454
 0.000314 3.023342 3.190268 6.213610 0.349532
 0.000315 3.024975 3.180621 6.205596 0.285736
 0.000315 3.025319 3.174500 6.199819 0.243737
 0.000316 3.024063 3.171631 6.195694 0.215782
 0.000316 3.021167 3.171041 6.192207 0.193488
 0.000317 3.016719 3.171184 6.187903 0.167636
 0.000317 3.010812 3.170861 6.181673 0.133504
 0.000318 3.003646 3.169636 6.173282 0.093668
 0.000318 2.995451 3.167155 6.162607 0.053159
 0.000319 2.986615 3.162711 6.149325 0.018674
 0.000319 2.977520 3.156084 6.133604 0.000649
 0.000320 2.968465 3.147640 6.116105 0.009654
 0.000320 2.959661 3.138025 6.097686 0.052208
 0.000321 2.951465 3.127259 6.078724 0.131463
 0.000321 2.944069 3.115849 6.059919 0.245569
 0.000322 2.937527 3.105082 6.042609 0.381859
 0.000322 2.932046 3.095605 6.027651 0.523762
 0.000323 2.927850 3.088187 6.016036 0.649384
 0.000323 2.924967 3.083884 6.008851 0.733852
 0.000324 2.923136 3.083533 6.006669 0.760528
 0.000324 2.922102 3.087612 6.009714 0.723438
 0.000325 2.921563 3.095518 6.017081 0.637535
 0.000325 2.921467 3.106520 6.027987 0.520331
 0.000326 2.921749 3.120186 6.041935 0.387772
 0.000326 2.922653 3.135071 6.057724 0.261189
 0.000327 2.924468 3.149806 6.074274 0.155267
 0.000327 2.927653 3.163509 6.091161 0.075422
 0.000328 2.932387 3.175336 6.107723 0.024814
 0.000328 2.938638 3.184486 6.123124 0.002364
 0.000329 2.946531 3.190282 6.136813 0.002321
 0.000329 2.956052 3.192576 6.148628 0.017351
 0.000330 2.967095 3.190917 6.158011 0.039232
 0.000330 2.979450 3.185274 6.164724 0.060289
 0.000331 2.992865 3.176204 6.169069 0.076318
 0.000331 3.007314 3.164872 6.172185 0.088981
 0.000332 3.022648 3.151894 6.174542 0.099200
 0.000332 3.038391 3.138005 6.176396 0.107629
 0.000333 3.054191 3.124283 6.178474 0.117487
 0.000333 3.069521 3.111689 6.181210 0.131123
 0.000334 3.083897 3.100636 6.184533 0.148691
 0.000334 3.096902 3.091323 6.188225 0.169508
 0.000335 3.107883 3.083592 6.191475 0.188958
 0.000335 3.116533 3.077008 6.193541 0.201873
 0.000336 3.122871 3.071624 6.194495 0.207980
 0.000336 3.126989 3.066664 6.193654 0.202589
 0.000337 3.129366 3.061982 6.191347 0.188175
 0.000337 3.130389 3.056990 6.187380 0.164621
 0.000338 3.130366 3.051561 6.181927 0.134821
 0.000338 3.129728 3.045689 6.175417 0.103134
 0.000339 3.128893 3.039359 6.168252 0.073160
 0.000339 3.128046 3.032566 6.160612 0.046855
 0.000340 3.127478 3.025926 6.153404 0.027387
 0.000340 3.127459 3.019707 6.147165 0.014732
 0.000341 3.128370 3.014381 6.142751 0.008129
 0.000341 3.130235 3.009880 6.140115 0.005116
 0.000342 3.133001 3.007023 6.140025 0.005025
 0.000342 3.136616 3.005978 6.142594 0.007930
 0.000343 3.140917 3.006074 6.146991 0.014434
 0.000343 3.145768 3.007402 6.153170 0.026842
 0.000344 3.150872 3.009887 6.160759 0.047305
 0.000344 3.155986 3.013140 6.169126 0.076543
 0.000345 3.160702 3.016325 6.177028 0.110581
 0.000345 3.164959 3.018733 6.183691 0.144139
 0.000346 3.169071 3.020181 6.189252 0.175540
 0.000346 3.173254 3.020276 6.193529 0.201799
 0.000347 3.177773 3.019154 6.196928 0.223966
 0.000347 3.182751 3.016993 6.199744 0.243211
 0.000348 3.188236 3.013345 6.201580 0.256187
 0.000348 3.194275 3.007893 6.202168 0.260412
 0.000349 3.200943 3.000856 6.201799 0.257756
 0.000349 3.208273 2.992650 6.200923 0.251502
 0.000350 3.216050 2.983461 6.199511 0.241592
 0.000350 3.224248 2.973132 6.197380 0.227006
 0.000351 3.232768 2.961846 6.194614 0.208752
 0.000351 3.241272 2.949977 6.191249 0.187571
 0.000352 3.249558 2.937584 6.187141 0.163257
 0.000352 3.257396 2.924604 6.182001 0.135204
 0.000353 3.264480 2.911281 6.175760 0.104701
 0.000353 3.270073 2.897758 6.167831 0.071558
 0.000354 3.273574 2.884577 6.158151 0.039624
 0.000354 3.274560 2.871691 6.146251 0.013206
 0.000355 3.272862 2.859543 6.132405 0.000289
 0.000355 3.269094 2.848854 6.117948 0.007263
 0.000356 3.263717 2.840015 6.103732 0.034501
 0.000356 3.257269 2.833176 6.090445 0.078228
 0.000357 3.250278 2.828354 6.078632 0.131931
 0.000357 3.243135 2.825868 6.069002 0.186036
 0.000358 3.236199 2.825534 6.061733 0.233022
 0.000358 3.229671 2.827021 6.056692 0.268705
 0.000359 3.223889 2.830609 6.054498 0.285030
 0.000359 3.218883 2.836086 6.054969 0.281479
 0.000360 3.214970 2.843187 6.058157 0.258068
 0.000360 3.212237 2.851638 6.063874 0.218629
 0.000361 3.210774 2.861418 6.072192 0.167087
 0.000361 3.210536 2.871921 6.082457 0.113016
 0.000362 3.211507 2.882303 6.093811 0.065484
 0.000362 3.213319 2.891656 6.104975 0.031312
 0.000363 3.215464 2.899859 6.115322 0.010772
 0.000363 3.217738 2.906583 6.124321 0.001613
 0.000364 3.219557 2.911091 6.130648 0.000021
 0.000364 3.220479 2.913008 6.133486 0.000608
 0.000365 3.220492 2.912507 6.133000 0.000450
 0.000365 3.220124 2.909494 6.129618 0.000007
 0.000366 3.219664 2.903712 6.123376 0.002194
 0.000366 3.219562 2.895714 6.115276 0.010840
 0.000367 3.220227 2.885905 6.106132 0.028485
 0.000367 3.221685 2.874281 6.095966 0.057916
 0.000368 3.223967 2.861068 6.085035 0.101092
 0.000368 3.227204 2.846722 6.073926 0.157212
 0.000369 3.231209 2.831934 6.063143 0.223491
 0.000369 3.236126 2.817010 6.053136 0.295402
 0.000370 3.241690 2.802242 6.043932 0.370382
 0.000370 3.247727 2.787968 6.035696 0.444665
 0.000371 3.254012 2.774615 6.028627 0.513829
 0.000371 3.260217 2.762190 6.022407 0.578810
 0.000372 3.265857 2.750451 6.016308 0.646294
 0.000372 3.270453 2.739562 6.010015 0.719821
 0.000373 3.273422 2.730020 6.003442 0.800842
 0.000373 3.274266 2.723167 5.997433 0.878696
 0.000374 3.272431 2.719164 5.991595 0.957795
 0.000374 3.267894 2.718323 5.986217 1.033675
 0.000375 3.260926 2.721335 5.982261 1.091345
 0.000375 3.252348 2.728346 5.980694 1.114613
 0.000376 3.242921 2.739149 5.982070 1.094157
 0.000376 3.233383 2.753742 5.987126 1.020656
 0.000377 3.224116 2.771994 5.996110 0.896331
 0.000377 3.215611 2.793578 6.009189 0.729767
 0.000378 3.207875 2.818353 6.026228 0.538434
 0.000378 3.201309 2.846236 6.047545 0.339943
 0.000379 3.196135 2.876627 6.072762 0.163807
 0.000379 3.192450 2.908856 6.101307 0.041165
 0.000380 3.190339 2.942350 6.132689 0.000361
 0.000380 3.189871 2.976352 6.166223 0.065606
 0.000381 3.190909 3.009909 6.200817 0.250756
 0.000381 3.193241 3.042599 6.235841 0.560114
 0.000382 3.196672 3.073709 6.270380 0.985331
 0.000382 3.200858 3.102268 6.303126 1.498626
 0.000383 3.205166 3.127641 6.332806 2.056517
 0.000383 3.209137 3.149774 6.358911 2.620009
 0.000384 3.212540 3.167948 6.380487 3.137195
 0.000384 3.215509 3.181922 6.397431 3.575976
 0.000385 3.218448 3.191268 6.409716 3.912040
 0.000385 3.221622 3.195798 6.417420 4.130513
 0.000386 3.225211 3.195933 6.421144 4.238230
 0.000386 3.229485 3.192032 6.421517 4.249099
 0.000387 3.234422 3.184658 6.419080 4.178349
 0.000387 3.239955 3.174396 6.414351 4.042768
 0.000388 3.246031 3.161846 6.407877 3.860769
 0.000388 3.252480 3.147483 6.399964 3.644015
 0.000389 3.259099 3.131232 6.390331 3.388600
 0.000389 3.265675 3.113467 6.379142 3.103586
 0.000390 3.271906 3.094131 6.366037 2.785666
 0.000390 3.277491 3.073725 6.351216 2.446828
 0.000391 3.282212 3.051944 6.334156 2.083977
 0.000391 3.285635 3.029488 6.315123 1.713529
 0.000392 3.287397 3.006476 6.293873 1.342714
 0.000392 3.287054 2.983460 6.270513 0.987198
 0.000393 3.284228 2.961243 6.245470 0.666670
 0.000393 3.278512 2.940071 6.218584 0.392352
 0.000394 3.270014 2.920864 6.190878 0.185305
 0.000394 3.259291 2.904052 6.163343 0.055587
 0.000395 3.247018 2.889778 6.136796 0.002309
 0.000395 3.233912 2.877921 6.111833 0.016502
 0.000396 3.220561 2.868363 6.088924 0.084363
 0.000396 3.207496 2.861262 6.068757 0.187533
 0.000397 3.195153 2.857025 6.052177 0.302817
 0.000397 3.183881 2.855603 6.039484 0.409656
 0.000398 3.173933 2.856940 6.030872 0.491313
 0.000398 3.165452 2.860994 6.026446 0.536174
 0.000399 3.158431 2.867441 6.025872 0.542132
 0.000399 3.153198 2.875897 6.029095 0.509091
 0.000400 3.149612 2.886051 6.035663 0.444973
 0.000400 3.147737 2.897250 6.044987 0.361364
 0.000401 3.147407 2.908854 6.056262 0.271868
 0.000401 3.148346 2.920257 6.068603 0.188479
 0.000402 3.150248 2.930426 6.080674 0.121653
 0.000402 3.152681 2.938793 6.091475 0.074210
 0.000403 3.155299 2.944867 6.100167 0.044501
 0.000403 3.157906 2.948565 6.106471 0.027680
 0.000404 3.160499 2.949118 6.109617 0.020773
 0.000404 3.163313 2.946561 6.109874 0.020252
 0.000405 3.166498 2.941487 6.107984 0.024235
 0.000405 3.170364 2.933715 6.104079 0.033595
 0.000406 3.175220 2.924019 6.099239 0.047311
 0.000406 3.181066 2.912676 6.093742 0.065733
 0.000407 3.187648 2.899414 6.087062 0.092182
 0.000407 3.195008 2.884791 6.079798 0.126010
 0.000408 3.202817 2.869309 6.072125 0.167474
 0.000408 3.210885 2.852950 6.063835 0.218889
 0.000409 3.218993 2.836162 6.055155 0.280087
 0.000409 3.226836 2.819175 6.046011 0.352704
 0.000410 3.234116 2.802615 6.036732 0.434948
 0.000410 3.240728 2.787129 6.027858 0.521653
 0.000411 3.246460 2.773075 6.019535 0.610120
 0.000411 3.251018 2.761078 6.012096 0.695068
 0.000412 3.254453 2.752207 6.006660 0.760640
 0.000412 3.256603 2.746505 6.003109 0.805068
 0.000413 3.257115 2.743908 6.001023 0.831755
 0.000413 3.256041 2.744616 6.000657 0.836476
 0.000414 3.253978 2.748428 6.002406 0.814015
 0.000414 3.251650 2.755650 6.007299 0.752772
 0.000415 3.249501 2.766047 6.015548 0.654963
 0.000415 3.247927 2.779655 6.027582 0.524473
 0.000416 3.247415 2.796130 6.043545 0.373722
 0.000416 3.248057 2.815449 6.063505 0.221079
 0.000417 3.249925 2.837701 6.087626 0.089776
 0.000417 3.253206 2.862332 6.115539 0.010456
 0.000418 3.257991 2.888192 6.146183 0.013095
 0.000418 3.264253 2.915187 6.179441 0.122218
 0.000419 3.271891 2.942142 6.214033 0.353073
 0.000419 3.280781 2.967713 6.248494 0.702043
 0.000420 3.290867 2.990997 6.281863 1.153124
 0.000420 3.301902 3.011454 6.313356 1.680967
 0.000421 3.313531 3.028074 6.341605 2.238842
 0.000421 3.325302 3.040805 6.366107 2.787325
 0.000422 3.336884 3.048844 6.385728 3.269841
 0.000422 3.347728 3.052332 6.400060 3.646631
 0.000423 3.357387 3.050939 6.408326 3.873279
 0.000423 3.365922 3.045288 6.411209 3.953937
 0.000424 3.373531 3.036185 6.409716 3.912058
 0.000424 3.380294 3.024296 6.404590 3.769986
 0.000425 3.386596 3.010489 6.397084 3.566704
 0.000425 3.392461 2.995145 6.387606 3.318035
 0.000426 3.397834 2.977585 6.375419 3.011515
 0.000426 3.402588 2.958237 6.360824 2.663997
 0.000427 3.406687 2.936776 6.343463 2.278317
 0.000427 3.409917 2.913582 6.323499 1.872092
 0.000428 3.412059 2.888378 6.300437 1.452439
 0.000428 3.412843 2.861402 6.274244 1.040322
 0.000429 3.412162 2.833234 6.245396 0.665807
 0.000429 3.410096 2.804493 6.214588 0.357760
 0.000430 3.406656 2.775644 6.182300 0.136766
 0.000430 3.401815 2.747963 6.149777 0.019557
 0.000431 3.395618 2.722239 6.117857 0.007372
 0.000431 3.387925 2.698942 6.086867 0.093023
 0.000432 3.378639 2.679310 6.057950 0.259563
 0.000432 3.367980 2.663773 6.031753 0.482623
 0.000433 3.356245 2.652310 6.008555 0.737439
 0.000433 3.344000 2.644564 5.988564 1.000209
 0.000434 3.332088 2.639391 5.971480 1.256437
 0.000434 3.320948 2.635566 5.956514 1.504876
 0.000435 3.311027 2.633092 5.944119 1.727594
 0.000435 3.302859 2.632619 5.935479 1.891930
 0.000436 3.296486 2.635406 5.931892 1.962335
 0.000436 3.291844 2.642372 5.934216 1.916568
 0.000437 3.288926 2.653838 5.942764 1.752860
 0.000437 3.287732 2.669024 5.956756 1.500681
 0.000438 3.288217 2.687493 5.975711 1.190262
 0.000438 3.290272 2.708549 5.998821 0.860397
 0.000439 3.293847 2.731186 6.025033 0.550908
 0.000439 3.298648 2.754679 6.053327 0.293937
 0.000440 3.304384 2.778626 6.083010 0.110405
 0.000440 3.310726 2.801693 6.112419 0.015455
 0.000441 3.317292 2.822671 6.139963 0.004963
 0.000441 3.323761 2.841349 6.165110 0.061636
 0.000442 3.329722 2.856992 6.186714 0.160824
 0.000442 3.335042 2.868539 6.203581 0.270708
 0.000443 3.339815 2.875747 6.215562 0.366042
 0.000443 3.344125 2.877947 6.222072 0.423863
 0.000444 3.348087 2.875326 6.223413 0.436297
 0.000444 3.351771 2.867596 6.219367 0.399320
 0.000445 3.355047 2.855428 6.210475 0.323809
 0.000445 3.357975 2.839663 6.197638 0.228744
 0.000446 3.360529 2.820902 6.181431 0.132256
 0.000446 3.362669 2.800210 6.162880 0.054053
 0.000447 3.364287 2.777518 6.141804 0.006967
 0.000447 3.365527 2.753601 6.119128 0.005910
 0.000448 3.366345 2.729473 6.095818 0.058420
 0.000448 3.366838 2.705887 6.072725 0.164020
 0.000449 3.366919 2.683908 6.050827 0.313417
 0.000449 3.366598 2.664271 6.030868 0.491355
 0.000450 3.365939 2.647827 6.013766 0.675514
 0.000450 3.364996 2.635047 6.000043 0.844441
 0.000451 3.363662 2.626866 5.990528 0.972622
 0.000451 3.361960 2.624088 5.986048 1.036102
 0.000452 3.360005 2.627210 5.987216 1.019370
 0.000452 3.358109 2.634944 5.993053 0.937724
 0.000453 3.356801 2.645364 6.002165 0.817092
 0.000453 3.356544 2.656485 6.013029 0.684109
 0.000454 3.357848 2.665955 6.023802 0.563896
 0.000454 3.360859 2.673311 6.034170 0.459167
 0.000455 3.365664 2.680242 6.045906 0.353592
 0.000455 3.372222 2.688337 6.060559 0.241101
 0.000456 3.380486 2.699493 6.079979 0.125103
 0.000456 3.390487 2.714779 6.105266 0.030589
 0.000457 3.402001 2.734277 6.136279 0.001971
 0.000457 3.414714 2.756530 6.171244 0.085053
 0.000458 3.428511 2.780815 6.209327 0.314635
 0.000458 3.443071 2.806111 6.249182 0.710217
 0.000459 3.458004 2.831356 6.289361 1.269788
 0.000459 3.473131 2.855839 6.328970 1.979449
 0.000460 3.487913 2.878847 6.366760 2.802775
 0.000460 3.501958 2.899512 6.401470 3.684798
 0.000461 3.514977 2.917523 6.432500 4.575312
 0.000461 3.526607 2.931810 6.458417 5.392878
 0.000462 3.536796 2.942162 6.478958 6.088579
 0.000462 3.545520 2.948186 6.493705 6.614080
 0.000463 3.552944 2.949178 6.502122 6.923756
 0.000463 3.559168 2.944307 6.503476 6.974203
 0.000464 3.564466 2.933144 6.497610 6.756869
 0.000464 3.568983 2.915396 6.484379 6.279231
 0.000465 3.572571 2.891593 6.464164 5.583271
 0.000465 3.575277 2.862886 6.438163 4.748223
 0.000466 3.577085 2.830483 6.407568 3.852190
 0.000466 3.578117 2.795864 6.373981 2.976335
 0.000467 3.578240 2.760019 6.338259 2.168581
 0.000467 3.577602 2.724262 6.301864 1.476862
 0.000468 3.576284 2.688908 6.265193 0.913853
 0.000468 3.574296 2.654848 6.229144 0.491475
 0.000469 3.571830 2.623627 6.195457 0.214228
 0.000469 3.568878 2.596086 6.164964 0.061124
 0.000470 3.565484 2.573570 6.139054 0.004099
 0.000470 3.561503 2.556511 6.118014 0.007183
 0.000471 3.557219 2.545785 6.103004 0.036440
 0.000471 3.552761 2.541578 6.094340 0.063583
 0.000472 3.548613 2.543048 6.091661 0.073494
 0.000472 3.545442 2.547422 6.092865 0.068952
 0.000473 3.543661 2.551094 6.094755 0.062110
 0.000473 3.543809 2.550401 6.094210 0.064045
 0.000474 3.546227 2.542987 6.089213 0.083179
 0.000474 3.550847 2.530148 6.080995 0.120073
 0.000475 3.557180 2.515306 6.072486 0.165391
 0.000475 3.564913 2.502080 6.066993 0.198497
 0.000476 3.573655 2.493177 6.066832 0.199509
 0.000476 3.583001 2.489560 6.072561 0.164962
 0.000477 3.592540 2.490730 6.083270 0.109186
 0.000477 3.602064 2.496501 6.098566 0.049406
 0.000478 3.611037 2.506048 6.117084 0.008341
 0.000478 3.619262 2.518892 6.138154 0.003325
 0.000479 3.626367 2.534208 6.160575 0.046742
 0.000479 3.632006 2.551048 6.183054 0.140736
 0.000480 3.636045 2.568330 6.204375 0.276582
 0.000480 3.638393 2.585466 6.223859 0.440476
 0.000481 3.639123 2.601818 6.240941 0.615395
 0.000481 3.638349 2.616079 6.254428 0.774119
 0.000482 3.636466 2.626164 6.262631 0.879543
 0.000482 3.633718 2.629293 6.263012 0.884603
 0.000483 3.630305 2.623102 6.253407 0.761465
 0.000483 3.626662 2.606273 6.232935 0.529779
 0.000484 3.622855 2.579168 6.202023 0.259365
 0.000484 3.618948 2.544649 6.163597 0.056437
 0.000485 3.614926 2.506096 6.121022 0.004030
 0.000485 3.610722 2.466846 6.077568 0.137455
 0.000486 3.606307 2.429445 6.035752 0.444137
 0.000486 3.601693 2.395840 5.997533 0.877381
 0.000487 3.596929 2.366946 5.963875 1.379873
 0.000487 3.592141 2.343516 5.935657 1.888454
 0.000488 3.587525 2.326166 5.913691 2.339476
 0.000488 3.583136 2.315406 5.898542 2.678652
 0.000489 3.579094 2.311504 5.890598 2.865672
 0.000489 3.575671 2.314987 5.890658 2.864225
 0.000490 3.573132 2.326348 5.899479 2.656990
 0.000490 3.571515 2.345374 5.916889 2.270811
 0.000491 3.571054 2.371488 5.942543 1.757011
 0.000491 3.572072 2.403193 5.975265 1.197148
 0.000492 3.574624 2.437592 6.012216 0.693652
 0.000492 3.578951 2.470898 6.049849 0.321205
 0.000493 3.585217 2.499184 6.084401 0.103963
 0.000493 3.593496 2.520003 6.113499 0.013614
 0.000494 3.603484 2.533548 6.137033 0.002473
 0.000494 3.614815 2.543389 6.158204 0.039773
 0.000495 3.627021 2.552356 6.179376 0.121901
 0.000495 3.639498 2.562208 6.201706 0.257087
 0.000496 3.651957 2.573931 6.225888 0.459727
 0.000496 3.663796 2.587421 6.251218 0.734685
 0.000497 3.674812 2.601762 6.276575 1.074204
 0.000497 3.684638 2.615939 6.300578 1.454838
 0.000498 3.692895 2.629188 6.322083 1.844788
 0.000498 3.699447 2.640977 6.340424 2.213919
 0.000499 3.704406 2.651508 6.355914 2.551866
 0.000499 3.707905 2.660624 6.368529 2.844810
 0.000500 3.709879 2.668076 6.377955 3.074091
