#! FIELDS time dAB dAC dAD rc bias
 0.000000 1.754013 1.715120 2.842317 6.311450 6.309888
 0.000000 1.746758 1.727779 2.842253 6.316790 6.500996
 0.000001 1.737750 1.740085 2.841905 6.319740 6.607821
 0.000001 1.727594 1.751066 2.841330 6.319991 6.616936
 0.000002 1.716951 1.760177 2.840550 6.317678 6.533068
 0.000002 1.706621 1.766829 2.839520 6.312970 6.363993
 0.000003 1.697391 1.770849 2.838341 6.306582 6.138118
 0.000003 1.689793 1.772109 2.836923 6.298825 5.869359
 0.000004 1.684403 1.770645 2.835224 6.290273 5.579996
 0.000004 1.681406 1.766608 2.833356 6.281370 5.286554
 0.000005 1.681206 1.760496 2.831337 6.273040 5.019152
 0.000005 1.683884 1.753033 2.829207 6.266124 4.802442
 0.000006 1.689070 1.744595 2.826940 6.260604 4.632887
 0.000006 1.696554 1.735646 2.824588 6.256789 4.517474
 0.000007 1.705836 1.726650 2.822159 6.254645 4.453269
 0.000007 1.716839 1.718169 2.819667 6.254675 4.454155
 0.000008 1.729282 1.710071 2.817146 6.256498 4.508750
 0.000008 1.741912 1.702966 2.814607 6.259484 4.598859
 0.000009 1.754792 1.697346 2.811975 6.264113 4.740296
 0.000009 1.766770 1.693279 2.809355 6.269404 4.904611
 0.000010 1.776964 1.690288 2.806796 6.274048 5.051144
 0.000010 1.784899 1.688274 2.804252 6.277426 5.159075
 0.000011 1.790233 1.687015 2.801720 6.278967 5.208704
 0.000011 1.792103 1.686288 2.799259 6.277650 5.166268
 0.000012 1.790258 1.685889 2.796921 6.273068 5.020037
 0.000012 1.785288 1.685668 2.794585 6.265541 4.784373
 0.000013 1.777642 1.685325 2.792274 6.255241 4.471063
 0.000013 1.767839 1.684623 2.790044 6.242506 4.098359
 0.000014 1.756668 1.683270 2.788001 6.227938 3.691896
 0.000014 1.745100 1.681101 2.786024 6.212225 3.277255
 0.000015 1.733528 1.677911 2.784134 6.195573 2.864811
 0.000015 1.722590 1.674282 2.782381 6.179254 2.487497
 0.000016 1.712703 1.670022 2.780748 6.163473 2.147962
 0.000016 1.704851 1.665366 2.779299 6.149516 1.868424
 0.000017 1.699241 1.659808 2.778071 6.137120 1.636484
 0.000017 1.696303 1.653701 2.777066 6.127071 1.459719
 0.000018 1.696123 1.647581 2.776190 6.119893 1.339663
 0.000018 1.698397 1.641919 2.775511 6.115827 1.273928
 0.000019 1.703011 1.636773 2.774954 6.114738 1.256611
 0.000019 1.709810 1.632679 2.774568 6.117056 1.293625
 0.000020 1.718011 1.630185 2.774395 6.122592 1.384196
 0.000020 1.727299 1.629257 2.774510 6.131065 1.528767
 0.000021 1.736390 1.629614 2.774818 6.140822 1.704132
 0.000021 1.744520 1.631151 2.775315 6.150986 1.896948
 0.000022 1.750865 1.634216 2.775969 6.161050 2.098041
 0.000022 1.754847 1.638806 2.776749 6.170402 2.293987
 0.000023 1.755886 1.644688 2.777631 6.178205 2.464149
 0.000023 1.753679 1.651773 2.778680 6.184132 2.597487
 0.000024 1.748037 1.659605 2.779919 6.187561 2.676244
 0.000024 1.739578 1.667769 2.781343 6.188690 2.702422
 0.000025 1.728630 1.676121 2.782968 6.187720 2.679919
 0.000025 1.715774 1.684456 2.784684 6.184913 2.615334
 0.000026 1.702025 1.692956 2.786386 6.181367 2.534857
 0.000026 1.688527 1.701037 2.788139 6.177703 2.453036
 0.000027 1.676035 1.708865 2.789982 6.174881 2.390927
 0.000027 1.665122 1.716479 2.791890 6.173491 2.360624
 0.000028 1.656683 1.723976 2.793963 6.174623 2.385270
 0.000028 1.651452 1.731476 2.796050 6.178979 2.481368
 0.000029 1.649509 1.738563 2.798069 6.186141 2.643488
 0.000029 1.650322 1.745408 2.800067 6.195797 2.870174
 0.000030 1.653774 1.751745 2.802027 6.207546 3.158573
 0.000030 1.659916 1.757492 2.803906 6.221314 3.514090
 0.000031 1.668417 1.762274 2.805835 6.236525 3.928915
 0.000031 1.678788 1.765632 2.807726 6.252147 4.379021
 0.000032 1.690087 1.767287 2.809600 6.266974 4.828805
 0.000032 1.701607 1.766700 2.811378 6.279685 5.231919
 0.000033 1.712795 1.763965 2.813047 6.289807 5.564465
 0.000033 1.722676 1.759653 2.814510 6.296839 5.801513
 0.000034 1.730680 1.753531 2.815831 6.300042 5.911126
 0.000034 1.736085 1.745842 2.816976 6.298903 5.872020
 0.000035 1.738253 1.736673 2.817905 6.292831 5.665800
 0.000035 1.737517 1.726179 2.818523 6.282219 5.314182
 0.000036 1.733961 1.714534 2.818859 6.267355 4.840642
 0.000036 1.727951 1.701992 2.819026 6.248969 4.285493
 0.000037 1.720206 1.688576 2.818995 6.227776 3.687500
 0.000037 1.710668 1.675077 2.818756 6.204502 3.082518
 0.000038 1.700012 1.662111 2.818283 6.180407 2.513286
 0.000038 1.689078 1.650734 2.817596 6.157408 2.024088
 0.000039 1.678906 1.641452 2.816720 6.137078 1.635725
 0.000039 1.670104 1.634288 2.815594 6.119986 1.341178
 0.000040 1.663021 1.629865 2.814223 6.107109 1.138575
 0.000040 1.657995 1.627850 2.812693 6.098538 1.012912
 0.000041 1.655477 1.627994 2.810950 6.094421 0.955154
 0.000041 1.655629 1.630018 2.808926 6.094573 0.957265
 0.000042 1.658521 1.633736 2.806657 6.098914 1.018271
 0.000042 1.664057 1.638878 2.804103 6.107038 1.137506
 0.000043 1.671477 1.644633 2.801312 6.117422 1.299514
 0.000043 1.680236 1.650262 2.798309 6.128807 1.489543
 0.000044 1.689616 1.654906 2.795080 6.139602 1.681697
 0.000044 1.698484 1.657911 2.791597 6.147991 1.839059
 0.000045 1.706186 1.658560 2.787889 6.152634 1.929179
 0.000045 1.712037 1.657091 2.784020 6.153147 1.939276
 0.000046 1.715490 1.654176 2.780013 6.149679 1.871575
 0.000046 1.716627 1.650233 2.775886 6.142746 1.739851
 0.000047 1.714886 1.645676 2.771571 6.132134 1.547513
 0.000047 1.710903 1.641246 2.767160 6.119309 1.330108
 0.000048 1.705026 1.637499 2.762633 6.105157 1.109313
 0.000048 1.698271 1.635033 2.757983 6.091287 0.912331
 0.000049 1.691183 1.634476 2.753310 6.078969 0.753532
 0.000049 1.684540 1.636337 2.748705 6.069583 0.642705
 0.000050 1.679048 1.640493 2.744166 6.063708 0.577821
 0.000050 1.675440 1.647103 2.739778 6.062321 0.563015
 0.000051 1.674196 1.656068 2.735395 6.065660 0.598997
 0.000051 1.675559 1.667218 2.730992 6.073770 0.691053
 0.000052 1.679605 1.679393 2.726687 6.085685 0.838224
 0.000052 1.686126 1.691956 2.722481 6.100562 1.041922
 0.000053 1.694653 1.704653 2.718356 6.117662 1.303392
 0.000053 1.705048 1.716580 2.714382 6.136009 1.616440
 0.000054 1.716978 1.727252 2.710566 6.154796 1.971890
 0.000054 1.729629 1.736239 2.706890 6.172757 2.344705
 0.000055 1.741864 1.743256 2.703357 6.188477 2.697473
 0.000055 1.753025 1.748349 2.700064 6.201438 3.006911
 0.000056 1.762809 1.751011 2.696881 6.210701 3.238364
 0.000056 1.770800 1.752426 2.693869 6.217095 3.403117
 0.000057 1.776363 1.752908 2.691011 6.220282 3.486795
 0.000057 1.779494 1.752763 2.688394 6.220652 3.496568
 0.000058 1.780397 1.752458 2.686001 6.218856 3.449220
 0.000058 1.779447 1.752578 2.683897 6.215921 3.372579
 0.000059 1.777083 1.753574 2.682064 6.212722 3.289991
 0.000059 1.773386 1.755880 2.680447 6.209713 3.213269
 0.000060 1.768915 1.759574 2.678929 6.207418 3.155352
 0.000060 1.763844 1.764806 2.677623 6.206274 3.126668
 0.000061 1.759150 1.771348 2.676553 6.207051 3.146130
 0.000061 1.755021 1.779419 2.675749 6.210188 3.225325
 0.000062 1.751692 1.788744 2.675159 6.215595 3.364100
 0.000062 1.749220 1.799208 2.674792 6.223220 3.564801
 0.000063 1.747674 1.810481 2.674707 6.232862 3.826904
 0.000063 1.747381 1.821838 2.674952 6.244171 4.146159
 0.000064 1.748341 1.832912 2.675519 6.256773 4.517004
 0.000064 1.749921 1.843387 2.676295 6.269604 4.910885
 0.000065 1.751868 1.852223 2.677218 6.281309 5.284584
 0.000065 1.754123 1.858644 2.678298 6.291065 5.606483
 0.000066 1.756141 1.861905 2.679532 6.297578 5.826706
 0.000066 1.757780 1.861504 2.680924 6.300209 5.916863
 0.000067 1.758870 1.857071 2.682519 6.298459 5.856831
 0.000067 1.758843 1.848433 2.684292 6.291568 5.623340
 0.000068 1.757544 1.836236 2.686303 6.280083 5.244782
 0.000068 1.755401 1.821251 2.688523 6.265175 4.773062
 0.000069 1.753109 1.804384 2.690952 6.248445 4.270151
 0.000069 1.750584 1.786768 2.693679 6.231031 3.776426
 0.000070 1.748066 1.770010 2.696652 6.214728 3.341651
 0.000070 1.745821 1.754693 2.699778 6.200292 2.978887
 0.000071 1.744123 1.741707 2.703128 6.188958 2.708657
 0.000071 1.743423 1.732077 2.706707 6.182206 2.553786
 0.000072 1.743786 1.726479 2.710514 6.180780 2.521650
 0.000072 1.745591 1.725061 2.714519 6.185171 2.621232
 0.000073 1.748540 1.728305 2.718721 6.195567 2.864655
 0.000073 1.752077 1.735661 2.723020 6.210757 3.239797
 0.000074 1.755870 1.746315 2.727465 6.229650 3.738566
 0.000074 1.759651 1.759140 2.731946 6.250737 4.337391
 0.000075 1.763087 1.773008 2.736420 6.272515 5.002554
 0.000075 1.765828 1.786822 2.740890 6.293541 5.689699
 0.000076 1.767845 1.799430 2.745356 6.312631 6.351900
 0.000076 1.769184 1.809744 2.749796 6.328724 6.938431
 0.000077 1.769321 1.816447 2.754206 6.339975 7.363880
 0.000077 1.768463 1.818377 2.758669 6.345508 7.577782
 0.000078 1.766549 1.815572 2.763084 6.345205 7.565995
 0.000078 1.764017 1.808094 2.767427 6.339538 7.347150
 0.000079 1.761292 1.796212 2.771634 6.329138 6.953894
 0.000079 1.758756 1.781144 2.775693 6.315592 6.457885
 0.000080 1.756825 1.764376 2.779636 6.300837 5.938495
 0.000080 1.755989 1.747301 2.783402 6.286692 5.461016
 0.000081 1.756765 1.730763 2.786953 6.274481 5.064917
 0.000081 1.759386 1.716219 2.790330 6.265935 4.796583
 0.000082 1.763862 1.704241 2.793518 6.261621 4.663877
 0.000082 1.769992 1.695573 2.796518 6.262084 4.678030
 0.000083 1.777714 1.690425 2.799266 6.267405 4.842200
 0.000083 1.786336 1.688900 2.801698 6.276935 5.143324
 0.000084 1.795994 1.690927 2.803880 6.290801 5.597671
 0.000084 1.806028 1.696352 2.805704 6.308084 6.190863
 0.000085 1.815522 1.704747 2.807144 6.327413 6.889707
 0.000085 1.823702 1.715088 2.808260 6.347050 7.637898
 0.000086 1.830110 1.726494 2.809060 6.365664 8.382771
 0.000086 1.834125 1.738439 2.809574 6.382138 9.070854
 0.000087 1.834793 1.750027 2.809778 6.394598 9.609351
 0.000087 1.832445 1.760443 2.809681 6.402569 9.961946
 0.000088 1.827289 1.769194 2.809145 6.405628 10.098969
 0.000088 1.819359 1.776099 2.808266 6.403723 10.013544
 0.000089 1.808996 1.780114 2.807096 6.396206 9.679956
 0.000089 1.796509 1.781117 2.805614 6.383239 9.117833
 0.000090 1.782408 1.779864 2.803838 6.366110 8.401044
 0.000090 1.767295 1.776625 2.801808 6.345729 7.586379
 0.000091 1.752562 1.771431 2.799418 6.323410 6.741924
 0.000091 1.738875 1.764942 2.796774 6.300591 5.930035
 0.000092 1.726590 1.758054 2.793877 6.278521 5.194303
 0.000092 1.716383 1.751122 2.790727 6.258232 4.560964
 0.000093 1.708764 1.744799 2.787434 6.240997 4.055279
 0.000093 1.703828 1.739510 2.783919 6.227257 3.673406
 0.000094 1.701784 1.735220 2.780294 6.217298 3.408433
 0.000094 1.702675 1.732064 2.776563 6.211301 3.253659
 0.000095 1.706030 1.730275 2.772824 6.209129 3.198480
 0.000095 1.711418 1.730026 2.768929 6.210374 3.230041
 0.000096 1.718455 1.731169 2.764955 6.214579 3.337817
 0.000096 1.726062 1.733109 2.760924 6.220095 3.481856
 0.000097 1.733483 1.735065 2.756882 6.225430 3.624044
 0.000097 1.739520 1.736384 2.752863 6.228767 3.714444
 0.000098 1.743184 1.736808 2.748930 6.228922 3.718667
 0.000098 1.743867 1.735881 2.745017 6.224764 3.606157
 0.000099 1.741361 1.733076 2.741055 6.215493 3.361459
 0.000099 1.735832 1.728354 2.737153 6.201338 3.004458
 0.000100 1.727503 1.721390 2.733325 6.182218 2.554044
 0.000100 1.716865 1.712540 2.729556 6.158961 2.055457
 0.000101 1.704701 1.701974 2.725879 6.132554 1.554919
 0.000101 1.692063 1.690042 2.722320 6.104426 1.098439
 0.000102 1.679806 1.677275 2.718861 6.075942 0.716821
 0.000102 1.668783 1.664490 2.715616 6.048889 0.429501
 0.000103 1.660245 1.652420 2.712617 6.025283 0.238574
 0.000103 1.654537 1.642044 2.709834 6.006415 0.126044
 0.000104 1.651732 1.633636 2.707269 5.992637 0.066358
 0.000104 1.652451 1.627266 2.705063 5.984780 0.040823
 0.000105 1.657090 1.623046 2.703154 5.983290 0.036673
 0.000105 1.665237 1.621406 2.701473 5.988117 0.050912
 0.000106 1.676271 1.622040 2.700065 5.998377 0.088915
 0.000106 1.689844 1.624921 2.698931 6.013695 0.165246
 0.000107 1.705519 1.629249 2.698045 6.032813 0.293422
 0.000107 1.721860 1.634670 2.697379 6.053908 0.477279
 0.000108 1.737549 1.640287 2.696994 6.074830 0.703568
 0.000108 1.751806 1.645824 2.696909 6.094538 0.956781
 0.000109 1.764293 1.650264 2.697072 6.111628 1.207793
 0.000109 1.774519 1.653264 2.697478 6.125260 1.428953
 0.000110 1.782080 1.654521 2.698185 6.134786 1.594518
 0.000110 1.786524 1.653752 2.699323 6.139599 1.681628
 0.000111 1.787934 1.651568 2.700844 6.140345 1.695349
 0.000111 1.787172 1.648805 2.702642 6.138619 1.663703
 0.000112 1.784642 1.645700 2.704662 6.135005 1.598431
 0.000112 1.781052 1.643018 2.706847 6.130917 1.526183
 0.000113 1.777292 1.641297 2.709278 6.127867 1.473357
 0.000113 1.773278 1.641073 2.711990 6.126341 1.447274
 0.000114 1.769413 1.642533 2.715023 6.126968 1.457972
 0.000114 1.766558 1.646018 2.718204 6.130780 1.523784
 0.000115 1.764979 1.651713 2.721608 6.138301 1.657905
 0.000115 1.764158 1.659711 2.725364 6.149233 1.862958
 0.000116 1.764359 1.669844 2.729396 6.163600 2.150597
 0.000116 1.765195 1.681877 2.733738 6.180810 2.522327
 0.000117 1.766632 1.695166 2.738135 6.199933 2.970133
 0.000117 1.768428 1.709106 2.742627 6.220161 3.483590
 0.000118 1.770237 1.722864 2.747237 6.240338 4.036513
 0.000118 1.771930 1.736273 2.751928 6.260131 4.618479
 0.000119 1.772982 1.748456 2.756654 6.278091 5.180478
 0.000119 1.772812 1.758330 2.761362 6.292504 5.654792
 0.000120 1.770436 1.765379 2.766007 6.301822 5.972477
 0.000120 1.765268 1.769245 2.770656 6.305169 6.088737
 0.000121 1.756783 1.769636 2.775222 6.301641 5.966227
 0.000121 1.745112 1.766300 2.779701 6.291113 5.608097
 0.000122 1.730525 1.759783 2.784100 6.274407 5.062573
 0.000122 1.713978 1.750874 2.788431 6.253283 4.412717
 0.000123 1.695961 1.740310 2.792709 6.228980 3.720251
 0.000123 1.677615 1.728939 2.796947 6.203500 3.057703
 0.000124 1.659604 1.717538 2.801040 6.178182 2.463650
 0.000124 1.643132 1.706591 2.804973 6.154695 1.969870
 0.000125 1.629109 1.696779 2.808730 6.134618 1.591534
 0.000125 1.618697 1.688324 2.812341 6.119362 1.330982
 0.000126 1.611987 1.681938 2.815769 6.109694 1.177913
 0.000126 1.609341 1.677786 2.819061 6.106188 1.124715
 0.000127 1.610767 1.676066 2.822203 6.109036 1.167835
 0.000127 1.615648 1.676768 2.825147 6.117564 1.301803
 0.000128 1.623893 1.679431 2.828031 6.131355 1.533840
 0.000128 1.634707 1.683302 2.830736 6.148744 1.853531
 0.000129 1.647245 1.688583 2.833282 6.169110 2.266380
 0.000129 1.660394 1.694376 2.835595 6.190365 2.741496
 0.000130 1.673092 1.700177 2.837667 6.210937 3.244374
 0.000130 1.684357 1.705365 2.839465 6.229187 3.725903
 0.000131 1.693470 1.708845 2.841022 6.243338 4.122206
 0.000131 1.699769 1.710465 2.842254 6.252488 4.389112
 0.000132 1.703068 1.709931 2.843264 6.256264 4.501701
 0.000132 1.702897 1.707295 2.844058 6.254251 4.441501
 0.000133 1.699520 1.702715 2.844653 6.246888 4.224762
 0.000133 1.694350 1.696552 2.845070 6.235972 3.913430
 0.000134 1.687919 1.689640 2.845280 6.222838 3.554617
 0.000134 1.681040 1.682470 2.845244 6.208754 3.189003
 0.000135 1.674826 1.676010 2.844931 6.195767 2.869463
 0.000135 1.670511 1.671188 2.844388 6.186087 2.642249
 0.000136 1.668750 1.668134 2.843690 6.180574 2.517022
 0.000136 1.669922 1.667072 2.842812 6.179806 2.499829
 0.000137 1.674195 1.668494 2.841780 6.184469 2.605185
 0.000137 1.681658 1.672617 2.840659 6.194934 2.849526
 0.000138 1.692139 1.679208 2.839430 6.210777 3.240297
 0.000138 1.705268 1.687509 2.838054 6.230832 3.770940
 0.000139 1.720513 1.697028 2.836451 6.253991 4.433782
 0.000139 1.737352 1.706998 2.834673 6.279022 5.210488
 0.000140 1.754832 1.716983 2.832718 6.304533 6.066555
 0.000140 1.772372 1.726147 2.830585 6.329103 6.952567
 0.000141 1.789146 1.733506 2.828331 6.350983 7.792416
 0.000141 1.804505 1.738712 2.826020 6.369238 8.529728
 0.000142 1.817770 1.741517 2.823474 6.382761 9.097419
 0.000142 1.828265 1.741325 2.820770 6.390360 9.424447
 0.000143 1.835575 1.738515 2.817990 6.392080 9.499264
 0.000143 1.839561 1.733343 2.815171 6.388075 9.325521
 0.000144 1.840135 1.726385 2.812366 6.378885 8.932854
 0.000144 1.837011 1.718341 2.809527 6.364879 8.350641
 0.000145 1.830667 1.709970 2.806677 6.347315 7.648258
 0.000145 1.821819 1.701544 2.803846 6.327209 6.882114
 0.000146 1.810612 1.694141 2.801016 6.305769 6.109693
 0.000146 1.797712 1.688394 2.798155 6.284260 5.380947
 0.000147 1.783917 1.685160 2.795329 6.264407 4.749352
 0.000147 1.769783 1.684588 2.792611 6.246981 4.227493
 0.000148 1.755545 1.686613 2.789937 6.232095 3.805714
 0.000148 1.742011 1.691549 2.787260 6.220820 3.501000
 0.000149 1.729714 1.699468 2.784663 6.213844 3.318852
 0.000149 1.718912 1.710214 2.782165 6.211291 3.253401
 0.000150 1.709400 1.723314 2.779847 6.212562 3.285898
 0.000150 1.701115 1.738079 2.777755 6.216949 3.399327
 0.000151 1.694752 1.753694 2.775793 6.224238 3.592027
 0.000151 1.690705 1.769427 2.773860 6.233992 3.858229
 0.000152 1.688315 1.783868 2.771915 6.244099 4.144086
 0.000152 1.687283 1.795340 2.770112 6.252735 4.396431
 0.000153 1.687592 1.802880 2.768545 6.259017 4.584705
 0.000153 1.688965 1.806114 2.767094 6.262173 4.680749
 0.000154 1.691250 1.804241 2.765852 6.261342 4.655379
 0.000154 1.693400 1.797451 2.764775 6.255626 4.482602
 0.000155 1.695314 1.786328 2.763789 6.245431 4.182536
 0.000155 1.696572 1.771913 2.762938 6.231423 3.787199
 0.000156 1.696904 1.755349 2.762333 6.214586 3.337991
 0.000156 1.696883 1.737912 2.761905 6.196700 2.891851
 0.000157 1.696955 1.721371 2.761661 6.179987 2.503887
 0.000157 1.697271 1.707149 2.761634 6.166054 2.201790
 0.000158 1.697693 1.695833 2.761812 6.155338 1.982663
 0.000158 1.698003 1.688310 2.762199 6.148512 1.849063
 0.000159 1.698830 1.684791 2.762823 6.146444 1.809516
 0.000159 1.700465 1.685769 2.763594 6.149828 1.874453
 0.000160 1.702877 1.691117 2.764521 6.158516 2.046439
 0.000160 1.706061 1.700082 2.765629 6.171772 2.323405
 0.000161 1.709452 1.712260 2.766896 6.188609 2.700528
 0.000161 1.713047 1.726960 2.768306 6.208314 3.177889
 0.000162 1.716470 1.743041 2.769748 6.229259 3.727862
 0.000162 1.719670 1.759094 2.771339 6.250103 4.318757
 0.000163 1.722363 1.773106 2.773125 6.268594 4.879300
 0.000163 1.723887 1.784089 2.775068 6.283044 5.341131
 0.000164 1.724568 1.790863 2.777103 6.292534 5.655781
 0.000164 1.724607 1.792694 2.779295 6.296596 5.793230
 0.000165 1.724560 1.789044 2.781520 6.295125 5.743272
 0.000165 1.724402 1.780313 2.783752 6.288468 5.519863
 0.000166 1.724084 1.767096 2.786170 6.277350 5.156641
 0.000166 1.723986 1.750488 2.788652 6.263127 4.709995
 0.000167 1.724496 1.732285 2.791161 6.247941 4.255449
 0.000167 1.726174 1.713644 2.793725 6.233543 3.845771
 0.000168 1.729004 1.695830 2.796348 6.221182 3.510584
 0.000168 1.732950 1.680118 2.798989 6.212058 3.272979
 0.000169 1.737936 1.667150 2.801645 6.206731 3.138115
 0.000169 1.743905 1.657693 2.804240 6.205838 3.115796
 0.000170 1.750351 1.652171 2.806901 6.209423 3.205917
 0.000170 1.757044 1.650700 2.809627 6.217371 3.410333
 0.000171 1.763642 1.653110 2.812409 6.229162 3.725220
 0.000171 1.770041 1.658710 2.815158 6.243909 4.138618
 0.000172 1.775367 1.667537 2.817925 6.260828 4.639709
 0.000172 1.778875 1.678639 2.820583 6.278097 5.180658
 0.000173 1.780432 1.690912 2.823237 6.294582 5.724871
 0.000173 1.779962 1.703808 2.825889 6.309659 6.246423
 0.000174 1.777176 1.716422 2.828422 6.322020 6.690952
 0.000174 1.771822 1.727307 2.830804 6.329932 6.983523
 0.000175 1.764148 1.735447 2.833010 6.332605 7.083785
 0.000175 1.754523 1.739851 2.835009 6.329384 6.963049
 0.000176 1.743745 1.740385 2.836829 6.320959 6.652215
 0.000176 1.732160 1.736957 2.838465 6.307582 6.173217
 0.000177 1.719908 1.729597 2.839869 6.289374 5.550031
 0.000177 1.708397 1.719135 2.841085 6.268617 4.880002
 0.000178 1.698614 1.706226 2.842099 6.246939 4.226262
 0.000178 1.691176 1.692020 2.842885 6.226082 3.641616
 0.000179 1.686500 1.677477 2.843426 6.207403 3.154973
 0.000179 1.685048 1.663568 2.843755 6.192372 2.788692
 0.000180 1.687211 1.650918 2.843909 6.182038 2.549989
 0.000180 1.692597 1.640234 2.843798 6.176629 2.429295
 0.000181 1.701126 1.631820 2.843426 6.176372 2.423629
 0.000181 1.711963 1.625771 2.842771 6.180506 2.515497
 0.000182 1.724719 1.622363 2.841950 6.189032 2.710365
 0.000182 1.738756 1.621696 2.840880 6.201331 3.004302
 0.000183 1.752816 1.623398 2.839593 6.215807 3.369624
 0.000183 1.766188 1.626847 2.838059 6.231094 3.778150
 0.000184 1.777965 1.631847 2.836267 6.246079 4.201303
 0.000184 1.786755 1.637723 2.834210 6.258688 4.574731
 0.000185 1.792073 1.643969 2.831981 6.268024 4.861485
 0.000185 1.793960 1.650195 2.829628 6.273783 5.042732
 0.000186 1.792297 1.655675 2.827176 6.275149 5.086193
 0.000186 1.787159 1.659935 2.824587 6.271682 4.976221
 0.000187 1.779431 1.662793 2.821818 6.264042 4.738131
 0.000187 1.769703 1.664031 2.818893 6.252627 4.393235
 0.000188 1.758913 1.663421 2.815873 6.238206 3.976177
 0.000188 1.747907 1.661181 2.812779 6.221867 3.528757
 0.000189 1.737457 1.657268 2.809564 6.204288 3.077218
 0.000189 1.728436 1.652196 2.806297 6.186929 2.661636
 0.000190 1.721388 1.646662 2.803044 6.171094 2.308826
 0.000190 1.716739 1.640386 2.799777 6.156903 2.013951
 0.000191 1.715047 1.634810 2.796501 6.146358 1.807863
 0.000191 1.716167 1.629952 2.793207 6.139326 1.676625
 0.000192 1.720128 1.625775 2.789957 6.135860 1.613770
 0.000192 1.727065 1.622819 2.786731 6.136616 1.627370
 0.000193 1.736210 1.621241 2.783518 6.140969 1.706861
 0.000193 1.746976 1.621151 2.780305 6.148433 1.847540
 0.000194 1.758810 1.622593 2.777227 6.158630 2.048759
 0.000194 1.770965 1.625103 2.774329 6.170398 2.293881
 0.000195 1.781928 1.628231 2.771594 6.181753 2.543550
 0.000195 1.790490 1.631783 2.768999 6.191271 2.762767
 0.000196 1.795719 1.635074 2.766548 6.197342 2.907303
 0.000196 1.796678 1.637864 2.764226 6.198769 2.941826
 0.000197 1.793261 1.640031 2.762009 6.195300 2.858280
 0.000197 1.785652 1.641489 2.759943 6.187084 2.665216
 0.000198 1.774108 1.642305 2.758126 6.174540 2.383468
 0.000198 1.759256 1.642777 2.756609 6.158643 2.049020
 0.000199 1.742226 1.643132 2.755306 6.140663 1.701197
 0.000199 1.724554 1.643368 2.754224 6.122146 1.376781
 0.000200 1.707487 1.643876 2.753404 6.104768 1.103514
 0.000200 1.691791 1.644839 2.752888 6.089517 0.888575
 0.000201 1.678225 1.646552 2.752683 6.077460 0.735121
 0.000201 1.667775 1.649238 2.752672 6.069685 0.643862
 0.000202 1.661085 1.653416 2.752829 6.067330 0.617421
 0.000202 1.658432 1.659249 2.753198 6.070879 0.657479
 0.000203 1.659423 1.665834 2.753764 6.079021 0.754165
 0.000203 1.663402 1.672562 2.754635 6.090599 0.903068
 0.000204 1.670675 1.679320 2.755755 6.105749 1.118147
 0.000204 1.680816 1.686023 2.757168 6.124006 1.407835
 0.000205 1.693092 1.692219 2.758755 6.144066 1.764544
 0.000205 1.706056 1.697204 2.760489 6.163750 2.153701
 0.000206 1.718543 1.700846 2.762416 6.181804 2.544703
 0.000206 1.729448 1.702873 2.764628 6.196949 2.897846
 0.000207 1.737641 1.703365 2.767076 6.208082 3.172064
 0.000207 1.742723 1.702217 2.769724 6.214664 3.339993
 0.000208 1.743383 1.699638 2.772566 6.215587 3.363896
 0.000208 1.739683 1.696109 2.775554 6.211346 3.254806
 0.000209 1.731886 1.691809 2.778674 6.202369 3.029783
 0.000209 1.720193 1.687412 2.781924 6.189529 2.721950
 0.000210 1.705964 1.683399 2.785282 6.174646 2.385780
 0.000210 1.690008 1.679870 2.788708 6.158586 2.047862
 0.000211 1.673342 1.676994 2.792232 6.142569 1.736533
 0.000211 1.657014 1.674980 2.795839 6.127832 1.472766
 0.000212 1.642239 1.674566 2.799515 6.116319 1.281801
 0.000212 1.630075 1.676115 2.803275 6.109465 1.174409
 0.000213 1.621284 1.679582 2.807099 6.107966 1.151536
 0.000213 1.616018 1.684765 2.810943 6.111726 1.209308
 0.000214 1.614723 1.691094 2.814807 6.120625 1.351662
 0.000214 1.617401 1.698234 2.818680 6.134315 1.586133
 0.000215 1.624106 1.705727 2.822505 6.152337 1.923349
 0.000215 1.634017 1.712636 2.826234 6.172887 2.347516
 0.000216 1.646568 1.718591 2.829912 6.195071 2.852800
 0.000216 1.660536 1.722407 2.833500 6.216444 3.386170
 0.000217 1.674816 1.723616 2.836929 6.235361 3.896353
 0.000217 1.688523 1.722266 2.840182 6.250970 4.344262
 0.000218 1.700801 1.717996 2.843276 6.262072 4.677677
 0.000218 1.710514 1.710777 2.846201 6.267492 4.844919
 0.000219 1.716628 1.701087 2.848951 6.266666 4.819251
 0.000219 1.718677 1.689931 2.851450 6.260058 4.616276
 0.000220 1.716392 1.678371 2.853733 6.248496 4.271635
 0.000220 1.710401 1.667031 2.855735 6.233167 3.835333
 0.000221 1.701595 1.656827 2.857575 6.215997 3.374541
 0.000221 1.690529 1.648436 2.859211 6.198177 2.927469
 0.000222 1.678701 1.642827 2.860661 6.182189 2.553394
 0.000222 1.666752 1.640074 2.861813 6.168639 2.256364
 0.000223 1.655967 1.640670 2.862754 6.159391 2.064180
 0.000223 1.647254 1.644586 2.863415 6.155255 1.981003
 0.000224 1.640930 1.651884 2.863915 6.156729 2.010447
 0.000224 1.637721 1.662408 2.864161 6.164290 2.164922
 0.000225 1.637714 1.675509 2.864161 6.177384 2.445958
 0.000225 1.640906 1.690234 2.863878 6.195018 2.851546
 0.000226 1.647153 1.705685 2.863348 6.216187 3.379482
 0.000226 1.656012 1.720704 2.862563 6.239279 4.006487
 0.000227 1.666745 1.733819 2.861580 6.262144 4.679882
 0.000227 1.678647 1.744019 2.860369 6.283035 5.340829
 0.000228 1.691053 1.750825 2.858880 6.300757 5.935745
 0.000228 1.702951 1.753740 2.857124 6.313815 6.394162
 0.000229 1.713608 1.752211 2.855163 6.320982 6.653041
 0.000229 1.722468 1.746591 2.853006 6.322064 6.692581
 0.000230 1.728581 1.737606 2.850671 6.316858 6.503469
 0.000230 1.731708 1.726669 2.848117 6.306494 6.135063
 0.000231 1.732233 1.714571 2.845354 6.292158 5.643172
 0.000231 1.730728 1.702188 2.842448 6.275363 5.093035
 0.000232 1.727481 1.690759 2.839400 6.257640 4.543087
 0.000232 1.723493 1.681070 2.836159 6.240722 4.047447
 0.000233 1.718968 1.673622 2.832776 6.225366 3.622331
 0.000233 1.714442 1.669323 2.829260 6.213024 3.297756
 0.000234 1.710809 1.668798 2.825629 6.205235 3.100761
 0.000234 1.708336 1.672067 2.822007 6.202409 3.030777
 0.000235 1.707144 1.678503 2.818339 6.203986 3.069735
 0.000235 1.707683 1.688504 2.814610 6.210797 3.240811
 0.000236 1.710488 1.701744 2.810749 6.222981 3.558418
 0.000236 1.714858 1.716978 2.806879 6.238714 3.990522
 0.000237 1.720406 1.733111 2.802986 6.256503 4.508874
 0.000237 1.726947 1.749482 2.799064 6.275492 5.097153
 0.000238 1.734129 1.764703 2.795120 6.293952 5.703604
 0.000238 1.741168 1.777586 2.791171 6.309925 6.255836
 0.000239 1.747763 1.786977 2.787235 6.321975 6.689321
 0.000239 1.753354 1.792146 2.783356 6.328856 6.943365
 0.000240 1.757915 1.792808 2.779594 6.330317 6.997930
 0.000240 1.761153 1.789223 2.775915 6.326291 6.848119
 0.000241 1.763154 1.781653 2.772296 6.317102 6.512268
 0.000241 1.763748 1.770639 2.768720 6.303106 6.016961
 0.000242 1.763390 1.757517 2.765219 6.286126 5.442333
 0.000242 1.762137 1.743343 2.761865 6.267344 4.840329
 0.000243 1.760349 1.728934 2.758580 6.247863 4.253177
 0.000243 1.758966 1.715696 2.755372 6.230035 3.749080
 0.000244 1.757968 1.704548 2.752311 6.214828 3.344235
 0.000244 1.757660 1.696063 2.749334 6.203057 3.046746
 0.000245 1.758085 1.690826 2.746430 6.195341 2.859266
 0.000245 1.758885 1.689181 2.743702 6.191768 2.774443
 0.000246 1.760581 1.691421 2.741123 6.193125 2.806515
 0.000246 1.762992 1.697516 2.738716 6.199224 2.952864
 0.000247 1.766563 1.706752 2.736430 6.209746 3.214100
 0.000247 1.771345 1.718588 2.734268 6.224200 3.591025
 0.000248 1.776820 1.732367 2.732250 6.241437 4.067801
 0.000248 1.782240 1.747195 2.730385 6.259819 4.609019
 0.000249 1.787454 1.761918 2.728591 6.277963 5.176348
 0.000249 1.791909 1.775374 2.726938 6.294221 5.712680
 0.000250 1.794838 1.786580 2.725340 6.306758 6.144315
 0.000250 1.795607 1.794988 2.723906 6.314502 6.418753
 0.000251 1.794334 1.800149 2.722638 6.317121 6.512951
 0.000251 1.791011 1.801667 2.721323 6.314001 6.400836
 0.000252 1.786065 1.799594 2.720029 6.305688 6.106853
 0.000252 1.779989 1.794382 2.718836 6.293207 5.678451
 0.000253 1.773414 1.786721 2.717762 6.277898 5.174248
 0.000253 1.766663 1.777571 2.716736 6.260969 4.644009
 0.000254 1.760265 1.767873 2.715742 6.243880 4.137789
 0.000254 1.754840 1.758756 2.714885 6.228481 3.706647
 0.000255 1.750560 1.750783 2.714153 6.215496 3.361546
 0.000255 1.747995 1.744298 2.713529 6.205822 3.115388
 0.000256 1.747553 1.739623 2.712983 6.200159 2.975639
 0.000256 1.749043 1.737093 2.712540 6.198676 2.939561
 0.000257 1.752587 1.737047 2.712185 6.201819 3.016269
 0.000257 1.757962 1.739536 2.711974 6.209473 3.207179
 0.000258 1.764694 1.743982 2.711828 6.220505 3.492664
 0.000258 1.772182 1.750414 2.711821 6.234417 3.870042
 0.000259 1.780016 1.758324 2.711803 6.250144 4.319943
 0.000259 1.787310 1.767144 2.711848 6.266302 4.807948
 0.000260 1.793531 1.775825 2.711976 6.281332 5.285308
 0.000260 1.797516 1.783404 2.712101 6.293021 5.672199
 0.000261 1.799147 1.789777 2.712262 6.301186 5.950530
 0.000261 1.798483 1.794506 2.712417 6.305406 6.096997
 0.000262 1.795245 1.796891 2.712714 6.304850 6.077585
 0.000262 1.789487 1.796611 2.713068 6.299167 5.881080
 0.000263 1.781427 1.793283 2.713468 6.288179 5.510272
 0.000263 1.771990 1.786776 2.713967 6.272732 5.009414
 0.000264 1.761906 1.777276 2.714558 6.253740 4.426309
 0.000264 1.752020 1.765344 2.715205 6.232569 3.818789
 0.000265 1.743015 1.751542 2.715907 6.210464 3.232335
 0.000265 1.735963 1.737055 2.716726 6.189743 2.726963
 0.000266 1.731333 1.722646 2.717677 6.171656 2.320907
 0.000266 1.729658 1.709004 2.718727 6.157388 2.023698
 0.000267 1.730813 1.696579 2.719797 6.147189 1.823714
 0.000267 1.734702 1.685900 2.720828 6.141430 1.715376
 0.000268 1.741142 1.677841 2.721895 6.140879 1.705183
 0.000268 1.749774 1.672395 2.723001 6.145171 1.785368
 0.000269 1.760149 1.669505 2.724070 6.153724 1.950659
 0.000269 1.771300 1.668982 2.725146 6.165428 2.188674
 0.000270 1.782130 1.670495 2.726273 6.178897 2.479554
 0.000270 1.791645 1.673512 2.727294 6.192451 2.790565
 0.000271 1.799250 1.677867 2.728388 6.205505 3.107489
 0.000271 1.804143 1.682717 2.729505 6.216366 3.384127
 0.000272 1.806287 1.687352 2.730587 6.224225 3.591685
 0.000272 1.805521 1.691384 2.731593 6.228498 3.707110
 0.000273 1.801630 1.694282 2.732524 6.228436 3.705426
 0.000273 1.795317 1.695842 2.733374 6.224534 3.599962
 0.000274 1.787075 1.695721 2.734184 6.216980 3.400132
 0.000274 1.777674 1.693889 2.734941 6.206503 3.132407
 0.000275 1.767816 1.690403 2.735675 6.193895 2.824786
 0.000275 1.758103 1.685366 2.736313 6.179783 2.499304
 0.000276 1.749474 1.679111 2.736879 6.165464 2.189422
 0.000276 1.742398 1.671944 2.737412 6.151754 1.911934
 0.000277 1.737589 1.664570 2.737856 6.140014 1.689262
 0.000277 1.735302 1.657478 2.738345 6.131125 1.529818
 0.000278 1.735861 1.651052 2.738740 6.125653 1.435593
 0.000278 1.739657 1.645871 2.739047 6.124575 1.417395
 0.000279 1.746021 1.642513 2.739278 6.127812 1.472412
 0.000279 1.754531 1.641054 2.739528 6.135113 1.600363
 0.000280 1.764670 1.641337 2.739788 6.145795 1.797188
 0.000280 1.775928 1.643930 2.740030 6.159888 2.074298
 0.000281 1.787826 1.648726 2.740311 6.176863 2.434458
 0.000281 1.799522 1.654822 2.740565 6.194909 2.848931
 0.000282 1.810028 1.661342 2.740811 6.212181 3.276131
 0.000282 1.818806 1.667997 2.741114 6.227916 3.691293
 0.000283 1.824580 1.674450 2.741462 6.240491 4.040883
 0.000283 1.827001 1.680288 2.741880 6.249170 4.291369
 0.000284 1.825502 1.685395 2.742316 6.253213 4.410633
 0.000284 1.820246 1.689467 2.742827 6.252541 4.390686
 0.000285 1.811595 1.691798 2.743411 6.246804 4.222345
 0.000285 1.800464 1.692757 2.744080 6.237301 3.950695
 0.000286 1.788689 1.692716 2.744841 6.226246 3.646057
 0.000286 1.776902 1.691893 2.745612 6.214407 3.333368
 0.000287 1.765623 1.690509 2.746518 6.202649 3.036698
 0.000287 1.755554 1.688381 2.747530 6.191465 2.767318
 0.000288 1.747162 1.685971 2.748538 6.181671 2.541713
 0.000288 1.741268 1.683696 2.749618 6.174583 2.384398
 0.000289 1.737986 1.681808 2.750833 6.170627 2.298807
 0.000289 1.737183 1.680770 2.752217 6.170170 2.289013
 0.000290 1.738910 1.680539 2.753741 6.173190 2.354087
 0.000290 1.742835 1.680886 2.755301 6.179022 2.482319
 0.000291 1.748596 1.681668 2.756970 6.187234 2.668685
 0.000291 1.755881 1.682688 2.758781 6.197350 2.907510
 0.000292 1.764160 1.683961 2.760788 6.208909 3.192911
 0.000292 1.772280 1.685339 2.762855 6.220474 3.491862
 0.000293 1.779466 1.686455 2.764966 6.230887 3.772463
 0.000293 1.784846 1.687295 2.767166 6.239307 4.007277
 0.000294 1.787476 1.688041 2.769460 6.244977 4.169396
 0.000294 1.787200 1.688597 2.771852 6.247649 4.246924
 0.000295 1.783389 1.689100 2.774430 6.246918 4.225662
 0.000295 1.775805 1.689498 2.777210 6.242513 4.098559
 0.000296 1.765014 1.689524 2.780093 6.234631 3.876006
 0.000296 1.751191 1.689468 2.783122 6.223781 3.579808
 0.000297 1.735047 1.689480 2.786372 6.210899 3.243403
 0.000297 1.717386 1.689691 2.789676 6.196754 2.893144
 0.000298 1.699927 1.690591 2.793079 6.183597 2.585324
 0.000298 1.683615 1.692471 2.796495 6.172581 2.340879
 0.000299 1.668891 1.695543 2.800099 6.164532 2.169971
 0.000299 1.656545 1.699636 2.803796 6.159977 2.076114
 0.000300 1.646490 1.704490 2.807560 6.158540 2.046938
 0.000300 1.639117 1.709837 2.811426 6.160380 2.084326
 0.000301 1.635028 1.715899 2.815410 6.166336 2.207722
 0.000301 1.634351 1.722607 2.819453 6.176412 2.424511
 0.000302 1.636748 1.729231 2.823585 6.189564 2.722779
 0.000302 1.641756 1.735571 2.827738 6.205064 3.096502
 0.000303 1.649059 1.741291 2.831907 6.222258 3.539158
 0.000303 1.657843 1.746151 2.836142 6.240136 4.030791
 0.000304 1.666696 1.749556 2.840392 6.256644 4.513132
 0.000304 1.675214 1.751291 2.844583 6.271088 4.957515
 0.000305 1.682412 1.751419 2.848695 6.282527 5.324230
 0.000305 1.687584 1.750255 2.852779 6.290619 5.591560
 0.000306 1.690355 1.747908 2.856806 6.295069 5.741375
 0.000306 1.690154 1.744460 2.860792 6.295406 5.752794
 0.000307 1.687211 1.740824 2.864747 6.292782 5.664155
 0.000307 1.681957 1.737358 2.868602 6.287917 5.501564
 0.000308 1.673948 1.734569 2.872299 6.280816 5.268538
 0.000308 1.664080 1.732379 2.875872 6.272331 4.996707
 0.000309 1.652725 1.731459 2.879331 6.263515 4.721915
 0.000309 1.640278 1.731855 2.882699 6.254832 4.458861
 0.000310 1.627510 1.733999 2.885953 6.247462 4.241466
 0.000310 1.615449 1.737847 2.889076 6.242371 4.094509
 0.000311 1.604729 1.742807 2.892020 6.239555 4.014321
 0.000311 1.595768 1.748947 2.894746 6.239461 4.011652
 0.000312 1.588911 1.755992 2.897220 6.242123 4.087402
 0.000312 1.584535 1.763529 2.899514 6.247579 4.244871
 0.000313 1.582673 1.770731 2.901616 6.255020 4.464450
 0.000313 1.583503 1.777257 2.903537 6.264297 4.745961
 0.000314 1.587310 1.782523 2.905237 6.275070 5.083685
 0.000314 1.593207 1.785902 2.906594 6.285703 5.428381
 0.000315 1.600994 1.786403 2.907668 6.295066 5.741267
 0.000315 1.609950 1.783799 2.908373 6.302122 5.982878
 0.000316 1.620054 1.778592 2.908780 6.307426 6.167730
 0.000316 1.630708 1.770766 2.908893 6.310367 6.271483
 0.000317 1.641053 1.760579 2.908721 6.310354 6.270999
 0.000317 1.650550 1.748654 2.908287 6.307490 6.169987
 0.000318 1.658451 1.735540 2.907575 6.301566 5.963645
 0.000318 1.664528 1.721648 2.906520 6.292696 5.661259
 0.000319 1.668458 1.707604 2.905194 6.281257 5.282876
 0.000319 1.670093 1.694454 2.903605 6.268152 4.865495
 0.000320 1.669667 1.682936 2.901735 6.254338 4.444096
 0.000320 1.667627 1.673352 2.899560 6.240539 4.042230
 0.000321 1.664205 1.666323 2.897112 6.227640 3.683797
 0.000321 1.659838 1.662308 2.894513 6.216659 3.391759
 0.000322 1.654883 1.661431 2.891786 6.208101 3.172529
 0.000322 1.649757 1.663652 2.888825 6.202235 3.026484
 0.000323 1.645039 1.668686 2.885673 6.199398 2.957100
 0.000323 1.641109 1.676125 2.882296 6.199529 2.960280
 0.000324 1.638387 1.685310 2.878698 6.202395 3.030435
 0.000324 1.637100 1.695571 2.874931 6.207601 3.159956
 0.000325 1.637458 1.706048 2.871033 6.214539 3.336765
 0.000325 1.639524 1.715352 2.867003 6.221879 3.529096
 0.000326 1.642828 1.722609 2.862782 6.228219 3.699541
 0.000326 1.647263 1.726512 2.858437 6.232212 3.808944
 0.000327 1.652777 1.727045 2.853963 6.233785 3.852470
 0.000327 1.659075 1.724013 2.849318 6.232406 3.814290
 0.000328 1.666078 1.717777 2.844568 6.228424 3.705113
 0.000328 1.673561 1.708776 2.839779 6.222117 3.535398
 0.000329 1.681085 1.698098 2.834892 6.214074 3.324783
 0.000329 1.688240 1.686269 2.830028 6.204537 3.083391
 0.000330 1.694776 1.674016 2.825145 6.193937 2.825772
 0.000330 1.700455 1.662510 2.820257 6.183222 2.576788
 0.000331 1.704954 1.652748 2.815380 6.173082 2.351731
 0.000331 1.708729 1.645836 2.810492 6.165057 2.180919
 0.000332 1.711840 1.642202 2.805678 6.159720 2.070885
 0.000332 1.714383 1.642154 2.800999 6.157536 2.026666
 0.000333 1.716219 1.645888 2.796457 6.158564 2.047424
 0.000333 1.718113 1.653164 2.792047 6.163324 2.144881
 0.000334 1.720220 1.663886 2.787683 6.171789 2.323788
 0.000334 1.722836 1.677261 2.783432 6.183529 2.583757
 0.000335 1.726122 1.692549 2.779286 6.197958 2.922171
 0.000335 1.729985 1.708912 2.775228 6.214125 3.326077
 0.000336 1.734397 1.725727 2.771176 6.231299 3.783793
 0.000336 1.739371 1.741919 2.767271 6.248562 4.273574
 0.000337 1.744677 1.756506 2.763501 6.264684 4.757921
 0.000337 1.750194 1.769277 2.759853 6.279324 5.220230
 0.000338 1.755376 1.779317 2.756376 6.291069 5.606617
 0.000338 1.760009 1.785973 2.753044 6.299027 5.876266
 0.000339 1.763638 1.789533 2.749749 6.302920 6.010506
 0.000339 1.766282 1.789840 2.746463 6.302585 5.998894
 0.000340 1.768002 1.787335 2.743255 6.298592 5.861368
 0.000340 1.768796 1.782797 2.740107 6.291700 5.627783
 0.000341 1.768457 1.776842 2.737018 6.282317 5.317388
 0.000341 1.766899 1.769701 2.734097 6.270697 4.945198
 0.000342 1.763664 1.761957 2.731360 6.256982 4.523279
 0.000342 1.759689 1.754572 2.728820 6.243081 4.114835
 0.000343 1.754705 1.747783 2.726395 6.228883 3.717613
 0.000343 1.748653 1.742389 2.724094 6.215136 3.352209
 0.000344 1.741748 1.738296 2.721886 6.201930 3.018986
 0.000344 1.734027 1.736079 2.719912 6.190018 2.733390
 0.000345 1.725727 1.736141 2.718325 6.180194 2.508512
 0.000345 1.716980 1.738263 2.716997 6.172239 2.333491
 0.000346 1.708224 1.742286 2.715871 6.166380 2.208641
 0.000346 1.699776 1.748559 2.714958 6.163292 2.144214
 0.000347 1.692217 1.756766 2.714210 6.163193 2.142157
 0.000347 1.685799 1.765730 2.713649 6.165178 2.183456
 0.000348 1.680790 1.775133 2.713251 6.169174 2.267750
 0.000348 1.677329 1.784353 2.712945 6.174626 2.385352
 0.000349 1.674903 1.792097 2.712772 6.179771 2.499053
 0.000349 1.673642 1.797389 2.712706 6.183736 2.588486
 0.000350 1.673319 1.799651 2.712815 6.185784 2.635293
 0.000350 1.674038 1.799014 2.713122 6.186174 2.644249
 0.000351 1.675747 1.795485 2.713675 6.184908 2.615200
 0.000351 1.678780 1.789255 2.714434 6.182469 2.559733
 0.000352 1.683079 1.780651 2.715383 6.179113 2.484356
 0.000352 1.688758 1.770662 2.716608 6.176028 2.416068
 0.000353 1.695036 1.760442 2.718044 6.173522 2.361287
 0.000353 1.701659 1.751034 2.719712 6.172404 2.337069
 0.000354 1.708109 1.743016 2.721526 6.172651 2.342413
 0.000354 1.713635 1.737123 2.723452 6.174210 2.376265
 0.000355 1.717520 1.734000 2.725532 6.177052 2.438628
 0.000355 1.719983 1.733483 2.727728 6.181194 2.530961
 0.000356 1.720911 1.735583 2.730050 6.186544 2.652753
 0.000356 1.720238 1.740465 2.732445 6.193149 2.807068
 0.000357 1.717733 1.747415 2.734836 6.199983 2.971347
 0.000357 1.714009 1.756487 2.737342 6.207838 3.165916
 0.000358 1.709240 1.767401 2.739851 6.216492 3.387424
 0.000358 1.703570 1.779518 2.742308 6.225395 3.623109
 0.000359 1.697379 1.791903 2.744728 6.234010 3.858730
 0.000359 1.691487 1.804080 2.747109 6.242675 4.103210
 0.000360 1.686437 1.815400 2.749443 6.251279 4.353377
 0.000360 1.682705 1.824611 2.751768 6.259084 4.586741
 0.000361 1.680272 1.831401 2.754130 6.265803 4.792488
 0.000361 1.679424 1.834901 2.756403 6.270728 4.946184
 0.000362 1.680347 1.835132 2.758673 6.274152 5.054446
 0.000362 1.683151 1.831610 2.760946 6.275707 5.104031
 0.000363 1.687608 1.824733 2.763081 6.275423 5.094938
 0.000363 1.693679 1.814937 2.765139 6.273755 5.041843
 0.000364 1.701667 1.802884 2.767051 6.271602 4.973690
 0.000364 1.710995 1.789298 2.768838 6.269131 4.896063
 0.000365 1.721230 1.774678 2.770568 6.266475 4.813323
 0.000365 1.732442 1.759584 2.772270 6.264297 4.745963
 0.000366 1.743617 1.744141 2.773854 6.261612 4.663623
 0.000366 1.754400 1.729238 2.775277 6.258914 4.581593
 0.000367 1.764721 1.715450 2.776618 6.256789 4.517465
 0.000367 1.774152 1.702975 2.777874 6.255002 4.463922
 0.000368 1.782381 1.692256 2.779090 6.253727 4.425915
 0.000368 1.788931 1.683629 2.780280 6.252840 4.399575
 0.000369 1.793689 1.677711 2.781409 6.252808 4.398617
 0.000369 1.796122 1.674661 2.782448 6.253231 4.411173
 0.000370 1.796180 1.674278 2.783441 6.253899 4.431038
 0.000370 1.794124 1.676774 2.784336 6.255234 4.470870
 0.000371 1.790033 1.681973 2.785063 6.257070 4.525918
 0.000371 1.783898 1.689241 2.785705 6.258845 4.579487
 0.000372 1.776094 1.697776 2.786242 6.260112 4.617917
 0.000372 1.767150 1.707188 2.786672 6.261010 4.645254
 0.000373 1.757518 1.716728 2.786929 6.261174 4.650244
 0.000373 1.747752 1.725532 2.786964 6.260248 4.622064
 0.000374 1.738567 1.732923 2.786854 6.258344 4.564349
 0.000374 1.730336 1.737666 2.786656 6.254658 4.453664
 0.000375 1.723332 1.739128 2.786339 6.248799 4.280494
 0.000375 1.718083 1.737369 2.785894 6.241345 4.065191
 0.000376 1.714624 1.732287 2.785349 6.232260 3.810263
 0.000376 1.713097 1.724444 2.784806 6.222347 3.541531
 0.000377 1.713474 1.714120 2.784225 6.211819 3.266876
 0.000377 1.715828 1.702471 2.783512 6.201811 3.016071
 0.000378 1.720499 1.690350 2.782720 6.193569 2.817027
 0.000378 1.727094 1.678714 2.781860 6.187668 2.678707
 0.000379 1.735019 1.668458 2.780919 6.184396 2.603519
 0.000379 1.743607 1.660195 2.779924 6.183726 2.588242
 0.000380 1.752482 1.654604 2.778768 6.185854 2.636882
 0.000380 1.760857 1.652090 2.777531 6.190478 2.744157
 0.000381 1.767860 1.652864 2.776299 6.197022 2.899599
 0.000381 1.772823 1.656261 2.775167 6.204251 3.076302
 0.000382 1.775250 1.661985 2.774077 6.211312 3.253928
 0.000382 1.774435 1.669637 2.772990 6.217062 3.402270
 0.000383 1.770367 1.678793 2.771923 6.221083 3.507977
 0.000383 1.763138 1.689140 2.770959 6.223237 3.565241
 0.000384 1.753441 1.700016 2.770113 6.223571 3.574170
 0.000384 1.741981 1.711078 2.769200 6.222259 3.539179
 0.000385 1.729785 1.721747 2.768344 6.219876 3.476059
 0.000385 1.718133 1.731091 2.767568 6.216792 3.395227
 0.000386 1.707835 1.738268 2.766934 6.213038 3.298101
 0.000386 1.699623 1.742989 2.766273 6.208884 3.192293
 0.000387 1.693765 1.745241 2.765681 6.204687 3.087130
 0.000387 1.690737 1.745261 2.765180 6.201178 3.000532
 0.000388 1.690813 1.743079 2.764716 6.198609 2.937927
 0.000388 1.693708 1.738738 2.764476 6.196922 2.897189
 0.000389 1.699609 1.732378 2.764306 6.196293 2.882074
 0.000389 1.708037 1.725049 2.764234 6.197320 2.906779
 0.000390 1.718970 1.717351 2.764287 6.200608 2.986600
 0.000390 1.731941 1.709358 2.764519 6.205819 3.115303
 0.000391 1.745666 1.701653 2.764862 6.212181 3.276126
 0.000391 1.759428 1.694634 2.765242 6.219304 3.460998
 0.000392 1.772740 1.688760 2.765756 6.227257 3.673405
 0.000392 1.784793 1.684136 2.766418 6.235347 3.895954
 0.000393 1.795258 1.680679 2.767180 6.243117 4.115876
 0.000393 1.802996 1.678634 2.767984 6.249614 4.304397
 0.000394 1.807657 1.677715 2.768819 6.254191 4.439720
 0.000394 1.808833 1.677768 2.769731 6.256332 4.503756
 0.000395 1.807183 1.679076 2.770731 6.256989 4.523505
 0.000395 1.802766 1.681598 2.771845 6.256209 4.500054
 0.000396 1.795931 1.684885 2.773060 6.253876 4.430345
 0.000396 1.787235 1.688985 2.774405 6.250625 4.334109
 0.000397 1.777472 1.693610 2.775734 6.246816 4.222683
 0.000397 1.767569 1.698428 2.777104 6.243102 4.115426
 0.000398 1.758129 1.703597 2.778523 6.240250 4.034019
 0.000398 1.749502 1.708200 2.780083 6.237785 3.964322
 0.000399 1.741820 1.712030 2.781780 6.235631 3.903882
 0.000399 1.735544 1.714992 2.783500 6.234036 3.859448
 0.000400 1.731378 1.717201 2.785255 6.233834 3.853850
 0.000400 1.729216 1.718551 2.786997 6.234764 3.879711
 0.000401 1.729374 1.718922 2.788782 6.237078 3.944418
 0.000401 1.731480 1.717998 2.790590 6.240069 4.028876
 0.000402 1.735772 1.715840 2.792464 6.244076 4.143435
 0.000402 1.741892 1.712859 2.794421 6.249172 4.291415
 0.000403 1.748757 1.709282 2.796303 6.254342 4.444218
 0.000403 1.756087 1.705160 2.798117 6.259364 4.595220
 0.000404 1.763247 1.701099 2.799798 6.264144 4.741271
 0.000404 1.769283 1.697096 2.801371 6.267751 4.852972
 0.000405 1.773746 1.693553 2.802818 6.270117 4.926971
 0.000405 1.776000 1.690474 2.804166 6.270640 4.943397
 0.000406 1.774917 1.687350 2.805387 6.267654 4.849963
 0.000406 1.770474 1.684425 2.806445 6.261344 4.655443
 0.000407 1.763308 1.682148 2.807281 6.252737 4.396496
 0.000407 1.753569 1.680778 2.807880 6.242226 4.090351
 0.000408 1.741756 1.680817 2.808223 6.230796 3.769956
 0.000408 1.728260 1.682046 2.808296 6.218602 3.442563
 0.000409 1.714013 1.684112 2.808174 6.206300 3.127316
 0.000409 1.700439 1.687071 2.807892 6.195401 2.860702
 0.000410 1.688228 1.690542 2.807373 6.186144 2.643546
 0.000410 1.677639 1.694765 2.806600 6.179004 2.481935
 0.000411 1.669423 1.699149 2.805549 6.174121 2.374336
 0.000411 1.663874 1.703395 2.804212 6.171481 2.317140
 0.000412 1.661419 1.706862 2.802663 6.170944 2.305603
 0.000412 1.662171 1.709046 2.800866 6.172084 2.330138
 0.000413 1.666200 1.709208 2.798838 6.174246 2.377059
 0.000413 1.673067 1.706915 2.796581 6.176563 2.427844
 0.000414 1.682116 1.702293 2.794153 6.178561 2.472078
 0.000414 1.692975 1.695426 2.791497 6.179897 2.501856
 0.000415 1.704911 1.686789 2.788634 6.180334 2.511637
 0.000415 1.717563 1.676868 2.785586 6.180016 2.504536
 0.000416 1.730028 1.666076 2.782298 6.178402 2.468543
 0.000416 1.740956 1.654436 2.778747 6.174139 2.374729
 0.000417 1.749437 1.643029 2.775025 6.167491 2.232057
 0.000417 1.755270 1.632399 2.771154 6.158823 2.052665
 0.000418 1.758666 1.623175 2.767132 6.148973 1.857933
 0.000418 1.759670 1.616016 2.763097 6.138783 1.666709
 0.000419 1.758682 1.610990 2.759114 6.128786 1.489174
 0.000419 1.756663 1.608451 2.755106 6.120221 1.345023
 0.000420 1.754074 1.608733 2.751010 6.113818 1.242064
 0.000420 1.751011 1.611662 2.746987 6.109660 1.177395
 0.000421 1.748330 1.617451 2.742912 6.108694 1.162610
 0.000421 1.746187 1.625903 2.738902 6.110992 1.197922
 0.000422 1.745114 1.635861 2.734942 6.115918 1.275377
 0.000422 1.745817 1.646809 2.731051 6.123677 1.402312
 0.000423 1.748416 1.658093 2.727271 6.133781 1.576627
 0.000423 1.752807 1.668624 2.723581 6.145011 1.782351
 0.000424 1.758528 1.678025 2.719999 6.156551 2.006892
 0.000424 1.765705 1.685304 2.716533 6.167543 2.233138
 0.000425 1.773901 1.689773 2.713184 6.176858 2.434350
 0.000425 1.782584 1.691033 2.709984 6.183601 2.585406
 0.000426 1.791201 1.688595 2.706958 6.186754 2.657600
 0.000426 1.799607 1.682950 2.704084 6.186642 2.655008
 0.000427 1.807183 1.674716 2.701296 6.183196 2.576199
 0.000427 1.813567 1.664800 2.698637 6.177003 2.437550
 0.000428 1.818345 1.653021 2.696228 6.167594 2.234233
 0.000428 1.820995 1.640850 2.694022 6.155867 1.993203
 0.000429 1.821625 1.629369 2.691997 6.142992 1.744425
 0.000429 1.820036 1.619466 2.690210 6.129713 1.505217
 0.000430 1.816151 1.611831 2.688727 6.116708 1.288038
 0.000430 1.810293 1.607364 2.687466 6.105122 1.108785
 0.000431 1.802498 1.606186 2.686405 6.095089 0.964415
 0.000431 1.793235 1.608584 2.685538 6.087356 0.860009
 0.000432 1.782963 1.615236 2.684871 6.083071 0.804722
 0.000432 1.772313 1.625782 2.684507 6.082601 0.798774
 0.000433 1.761562 1.639560 2.684443 6.085564 0.836666
 0.000433 1.750981 1.655516 2.684676 6.091172 0.910779
 0.000434 1.741064 1.673298 2.685178 6.099541 1.027232
 0.000434 1.732542 1.692133 2.685958 6.110633 1.192371
 0.000435 1.725246 1.710896 2.687010 6.123152 1.393527
 0.000435 1.719809 1.728348 2.688301 6.136457 1.624509
 0.000436 1.715980 1.743320 2.689820 6.149119 1.860763
 0.000436 1.713739 1.754871 2.691608 6.160218 2.081035
 0.000437 1.712892 1.762113 2.693658 6.168663 2.256877
 0.000437 1.713690 1.764491 2.695807 6.173987 2.371411
 0.000438 1.716371 1.762380 2.698059 6.176810 2.433286
 0.000438 1.719914 1.756314 2.700557 6.176785 2.432731
 0.000439 1.724549 1.747353 2.703250 6.175152 2.396844
 0.000439 1.730093 1.736625 2.706091 6.172809 2.345819
 0.000440 1.735868 1.725444 2.709080 6.170392 2.293761
 0.000440 1.741930 1.714804 2.712247 6.168982 2.263652
 0.000441 1.748003 1.705421 2.715582 6.169006 2.264176
 0.000441 1.753735 1.698352 2.718993 6.171080 2.308528
 0.000442 1.759039 1.694428 2.722472 6.175939 2.414111
 0.000442 1.763747 1.693781 2.726042 6.183571 2.584712
 0.000443 1.767267 1.696791 2.729778 6.193836 2.823371
 0.000443 1.769764 1.702810 2.733566 6.206141 3.123349
 0.000444 1.771213 1.712009 2.737385 6.220607 3.495379
 0.000444 1.771479 1.723987 2.741283 6.236749 3.935206
 0.000445 1.770932 1.738090 2.745192 6.254214 4.440397
 0.000445 1.769451 1.753615 2.749094 6.272160 4.991316
 0.000446 1.766661 1.769623 2.753012 6.289296 5.547405
 0.000446 1.762697 1.785423 2.757035 6.305156 6.088266
 0.000447 1.757868 1.799896 2.761083 6.318846 6.575364
 0.000447 1.752701 1.811963 2.765093 6.329757 6.976987
 0.000448 1.747210 1.821213 2.769023 6.337446 7.267152
 0.000448 1.741705 1.827293 2.772928 6.341925 7.438933
 0.000449 1.736544 1.829328 2.776719 6.342591 7.464626
 0.000449 1.731910 1.827097 2.780494 6.339501 7.345714
 0.000450 1.727816 1.821044 2.784245 6.333105 7.102601
 0.000450 1.724577 1.812094 2.787961 6.324632 6.786854
 0.000451 1.723002 1.801725 2.791584 6.316311 6.483734
 0.000451 1.723633 1.790597 2.795131 6.309361 6.235890
 0.000452 1.726421 1.778945 2.798558 6.303924 6.045353
 0.000452 1.730856 1.767525 2.801882 6.300263 5.918739
 0.000453 1.736712 1.757054 2.805094 6.298859 5.870535
 0.000453 1.743769 1.748545 2.808180 6.300494 5.926668
 0.000454 1.751466 1.742484 2.811142 6.305092 6.086042
 0.000454 1.759355 1.738940 2.813999 6.312294 6.339901
 0.000455 1.766571 1.737992 2.816766 6.321328 6.665684
 0.000455 1.772494 1.739182 2.819385 6.331061 7.025773
 0.000456 1.776601 1.742444 2.821781 6.340826 7.396601
 0.000456 1.778233 1.747738 2.823966 6.349937 7.751171
 0.000457 1.777066 1.754281 2.825972 6.357319 8.044553
 0.000457 1.772931 1.762044 2.827750 6.362725 8.262852
 0.000458 1.766145 1.770380 2.829315 6.365841 8.390003
 0.000458 1.756881 1.778942 2.830746 6.366569 8.419864
 0.000459 1.745479 1.787250 2.831984 6.364713 8.343881
 0.000459 1.732518 1.794585 2.832998 6.360101 8.156520
 0.000460 1.718559 1.800602 2.833766 6.352927 7.869331
 0.000460 1.703998 1.805372 2.834187 6.343558 7.502028
 0.000461 1.690058 1.808242 2.834298 6.332599 7.083554
 0.000461 1.677834 1.808907 2.834237 6.320979 6.652933
 0.000462 1.667698 1.807782 2.833959 6.309438 6.238609
 0.000462 1.660062 1.804736 2.833417 6.298214 5.848458
 0.000463 1.655422 1.800276 2.832688 6.288387 5.517175
 0.000463 1.653510 1.795276 2.831756 6.280542 5.259673
 0.000464 1.654632 1.789873 2.830708 6.275213 5.088243
 0.000464 1.658674 1.784337 2.829544 6.272556 5.003824
 0.000465 1.665615 1.778497 2.828190 6.272302 4.995816
 0.000465 1.674990 1.772711 2.826735 6.274436 5.063499
 0.000466 1.685921 1.767312 2.825019 6.278253 5.185671
 0.000466 1.697832 1.762691 2.823049 6.283572 5.358407
 0.000467 1.709995 1.758675 2.820921 6.289591 5.557259
 0.000467 1.721843 1.755147 2.818684 6.295674 5.761892
 0.000468 1.732352 1.752122 2.816225 6.300699 5.933746
 0.000468 1.741027 1.749565 2.813597 6.304189 6.054563
 0.000469 1.747258 1.747262 2.810839 6.305359 6.095366
 0.000469 1.750441 1.745351 2.807933 6.303724 6.038419
 0.000470 1.750210 1.743631 2.804820 6.298660 5.863717
 0.000470 1.746421 1.742131 2.801537 6.290089 5.573874
 0.000471 1.739628 1.740564 2.798090 6.278282 5.186635
 0.000471 1.730157 1.738961 2.794573 6.263691 4.727330
 0.000472 1.718706 1.737646 2.790938 6.247290 4.236477
 0.000472 1.705843 1.736580 2.787257 6.229680 3.739377
 0.000473 1.692501 1.735328 2.783587 6.211417 3.256604
 0.000473 1.679389 1.733609 2.779989 6.192986 2.803214
 0.000474 1.667610 1.731520 2.776448 6.175578 2.406183
 0.000474 1.657841 1.729098 2.772891 6.159830 2.073117
 0.000475 1.650487 1.726394 2.769484 6.146365 1.808011
 0.000475 1.645592 1.723614 2.766268 6.135474 1.606826
 0.000476 1.643233 1.720681 2.763188 6.127102 1.460249
 0.000476 1.643379 1.717472 2.760242 6.121093 1.359380
 0.000477 1.646444 1.713464 2.757472 6.117379 1.298830
 0.000477 1.652375 1.708875 2.754909 6.116159 1.279231
 0.000478 1.660641 1.704106 2.752521 6.117267 1.297018
 0.000478 1.670091 1.698967 2.750359 6.119417 1.331880
 0.000479 1.679901 1.693513 2.748476 6.121890 1.372551
 0.000479 1.689742 1.687505 2.746791 6.124038 1.408370
 0.000480 1.698754 1.681123 2.745376 6.125253 1.428837
 0.000480 1.705429 1.674378 2.744206 6.124013 1.407952
 0.000481 1.708630 1.667698 2.743170 6.119498 1.333200
 0.000481 1.708289 1.661124 2.742245 6.111658 1.208245
 0.000482 1.703976 1.654833 2.741557 6.100366 1.039089
 0.000482 1.696124 1.648624 2.741099 6.085848 0.840338
 0.000483 1.685999 1.643119 2.740793 6.069910 0.646424
 0.000483 1.674043 1.638673 2.740700 6.053416 0.472482
 0.000484 1.661600 1.635644 2.740893 6.038137 0.335631
 0.000484 1.650157 1.634087 2.741447 6.025692 0.241407
 0.000485 1.640355 1.634169 2.742324 6.016848 0.183869
 0.000485 1.633156 1.635688 2.743454 6.012298 0.157308
 0.000486 1.629335 1.638363 2.744866 6.012565 0.158809
 0.000486 1.629151 1.642058 2.746549 6.017757 0.189423
 0.000487 1.632787 1.646173 2.748520 6.027480 0.253989
 0.000487 1.639825 1.650242 2.750733 6.040800 0.357801
 0.000488 1.649585 1.653588 2.753276 6.056449 0.502421
 0.000488 1.661693 1.655567 2.756081 6.073341 0.686025
 0.000489 1.675338 1.655421 2.759068 6.089827 0.892715
 0.000489 1.689907 1.652806 2.762234 6.104948 1.106189
 0.000490 1.704568 1.648044 2.765622 6.118234 1.312640
 0.000490 1.718312 1.641033 2.769154 6.128499 1.484230
 0.000491 1.730812 1.632402 2.772828 6.136041 1.617014
 0.000491 1.741434 1.622820 2.776612 6.140867 1.704962
 0.000492 1.749627 1.613011 2.780492 6.143129 1.747003
 0.000492 1.754921 1.603446 2.784605 6.142971 1.744049
 0.000493 1.757317 1.595179 2.788829 6.141325 1.713440
 0.000493 1.757491 1.589245 2.793110 6.139846 1.686159
 0.000494 1.755561 1.585800 2.797439 6.138800 1.667014
 0.000494 1.751857 1.584914 2.801844 6.138615 1.663628
 0.000495 1.746940 1.586671 2.806279 6.139890 1.686975
 0.000495 1.741828 1.590879 2.810687 6.143393 1.751929
 0.000496 1.736973 1.597556 2.815073 6.149602 1.870081
 0.000496 1.732576 1.606443 2.819413 6.158432 2.044756
 0.000497 1.728706 1.617152 2.823772 6.169630 2.277469
 0.000497 1.725692 1.628894 2.828104 6.182690 2.564725
 0.000498 1.723779 1.640898 2.832431 6.197108 2.901665
 0.000498 1.722867 1.652646 2.836693 6.212207 3.276796
 0.000499 1.722863 1.663627 2.840924 6.227414 3.677672
 0.000499 1.723526 1.672789 2.845146 6.241460 4.068477
 0.000500 1.724752 1.679600 2.849350 6.253703 4.425189
