#! FIELDS time dAB dAC rc bias
 0.000000 3.273633 2.393914 5.667548 3.055470
 0.000000 3.270327 2.387739 5.658066 2.825566
 0.000001 3.266692 2.383196 5.649888 2.634495
 0.000001 3.262608 2.380975 5.643583 2.491765
 0.000002 3.257987 2.381408 5.639395 2.399155
 0.000002 3.252822 2.384753 5.637575 2.359450
 0.000003 3.247131 2.390602 5.637733 2.362875
 0.000003 3.241014 2.399627 5.640640 2.426507
 0.000004 3.234590 2.411238 5.645828 2.542130
 0.000004 3.227921 2.424769 5.652690 2.699217
 0.000005 3.221196 2.439242 5.660438 2.882241
 0.000005 3.214637 2.453795 5.668432 3.077370
 0.000006 3.208294 2.467081 5.675375 3.252016
 0.000006 3.202238 2.477392 5.679630 3.361440
 0.000007 3.196709 2.483277 5.679986 3.370685
 0.000007 3.191769 2.483822 5.675591 3.257539
 0.000008 3.187502 2.478675 5.666177 3.021684
 0.000008 3.184019 2.468764 5.652783 2.701377
 0.000009 3.180933 2.456036 5.636968 2.346288
 0.000009 3.178098 2.442115 5.620213 1.997364
 0.000010 3.175489 2.428147 5.603636 1.679783
 0.000010 3.172931 2.415347 5.588277 1.410069
 0.000011 3.170399 2.404758 5.575157 1.198339
 0.000011 3.167542 2.396873 5.564415 1.037816
 0.000012 3.164417 2.391743 5.556160 0.922291
 0.000012 3.160990 2.389334 5.550324 0.844735
 0.000013 3.157182 2.389683 5.546865 0.800371
 0.000013 3.153077 2.392540 5.545617 0.784652
 0.000014 3.148673 2.397228 5.545901 0.788213
 0.000014 3.143980 2.403067 5.547047 0.802672
 0.000015 3.139103 2.408636 5.547739 0.811461
 0.000015 3.134245 2.412268 5.546513 0.795915
 0.000016 3.129460 2.412719 5.542179 0.742184
 0.000016 3.124674 2.408822 5.533496 0.640155
 0.000017 3.120071 2.399699 5.519770 0.494271
 0.000017 3.115791 2.386154 5.501945 0.332930
 0.000018 3.111609 2.369264 5.480873 0.183180
 0.000018 3.107590 2.350525 5.458115 0.071329
 0.000019 3.103508 2.332036 5.435544 0.011550
 0.000019 3.099134 2.315591 5.414725 0.001579
 0.000020 3.094449 2.302615 5.397064 0.027101
 0.000020 3.089515 2.293886 5.383401 0.068243
 0.000021 3.084287 2.289638 5.373925 0.107742
 0.000021 3.078840 2.289709 5.368550 0.134137
 0.000022 3.073260 2.294177 5.367437 0.139964
 0.000022 3.067626 2.302910 5.370537 0.124043
 0.000023 3.061923 2.315167 5.377089 0.093552
 0.000023 3.056434 2.330043 5.386477 0.057351
 0.000024 3.051339 2.346136 5.397475 0.026151
 0.000024 3.046772 2.361707 5.408479 0.007040
 0.000025 3.042970 2.375654 5.418625 0.000148
 0.000025 3.040037 2.386962 5.426999 0.002214
 0.000026 3.038091 2.394663 5.432754 0.007699
 0.000026 3.037124 2.398892 5.436016 0.012280
 0.000027 3.036875 2.400321 5.437196 0.014197
 0.000027 3.037341 2.400317 5.437658 0.014988
 0.000028 3.038243 2.399905 5.438148 0.015847
 0.000028 3.039490 2.400034 5.439524 0.018392
 0.000029 3.040917 2.401211 5.442128 0.023726
 0.000029 3.042602 2.403976 5.446578 0.034409
 0.000030 3.044426 2.408316 5.452742 0.052479
 0.000030 3.046209 2.414364 5.460573 0.080915
 0.000031 3.047997 2.421673 5.469670 0.121648
 0.000031 3.049631 2.430049 5.479679 0.176030
 0.000032 3.051120 2.439065 5.490184 0.243877
 0.000032 3.052483 2.448119 5.500602 0.322058
 0.000033 3.053749 2.456974 5.510723 0.408408
 0.000033 3.055154 2.464829 5.519982 0.496383
 0.000034 3.056553 2.471104 5.527657 0.575800
 0.000034 3.058136 2.474916 5.533051 0.635140
 0.000035 3.059961 2.475447 5.535408 0.661982
 0.000035 3.062170 2.472090 5.534260 0.648834
 0.000036 3.064697 2.465187 5.529884 0.599940
 0.000036 3.067375 2.455311 5.522686 0.523690
 0.000037 3.070143 2.443684 5.513827 0.436942
 0.000037 3.073007 2.431418 5.504425 0.353477
 0.000038 3.075902 2.419409 5.495311 0.280994
 0.000038 3.078740 2.408632 5.487372 0.224631
 0.000039 3.081561 2.399806 5.481367 0.186188
 0.000039 3.084057 2.393126 5.477183 0.161530
 0.000040 3.086192 2.388539 5.474732 0.147896
 0.000040 3.087982 2.386431 5.474413 0.146171
 0.000041 3.089263 2.387075 5.476338 0.156760
 0.000041 3.090131 2.390104 5.480235 0.179341
 0.000042 3.090587 2.395213 5.485800 0.214221
 0.000042 3.090617 2.401510 5.492127 0.257634
 0.000043 3.090358 2.408309 5.498667 0.306716
 0.000043 3.090175 2.415210 5.505385 0.361590
 0.000044 3.089966 2.420759 5.510725 0.408431
 0.000044 3.089756 2.424166 5.513922 0.437835
 0.000045 3.089748 2.424816 5.514564 0.443865
 0.000045 3.089814 2.422832 5.512646 0.425971
 0.000046 3.089951 2.419171 5.509123 0.394074
 0.000046 3.090246 2.414910 5.505156 0.359649
 0.000047 3.090583 2.410976 5.501558 0.329783
 0.000047 3.090745 2.408425 5.499171 0.310677
 0.000048 3.090628 2.407403 5.498032 0.301762
 0.000048 3.090145 2.408290 5.498436 0.304908
 0.000049 3.089222 2.410833 5.500055 0.317684
 0.000049 3.087735 2.415293 5.503028 0.341824
 0.000050 3.085595 2.421645 5.507240 0.377537
 0.000050 3.082686 2.429717 5.512403 0.423735
 0.000051 3.079121 2.439174 5.518294 0.479706
 0.000051 3.074895 2.449562 5.524457 0.541969
 0.000052 3.070156 2.460325 5.530481 0.606503
 0.000052 3.064887 2.470251 5.535138 0.658870
 0.000053 3.059356 2.478258 5.537614 0.687609
 0.000053 3.053699 2.483274 5.536973 0.680106
 0.000054 3.048001 2.485141 5.533143 0.636169
 0.000054 3.042102 2.484314 5.526416 0.562552
 0.000055 3.036244 2.481042 5.517287 0.469886
 0.000055 3.030459 2.475682 5.506141 0.368050
 0.000056 3.024885 2.469170 5.494056 0.271665
 0.000056 3.019425 2.462356 5.481781 0.188720
 0.000057 3.013967 2.456244 5.470210 0.124327
 0.000057 3.008427 2.450739 5.459166 0.075355
 0.000058 3.002874 2.445906 5.448780 0.040427
 0.000058 2.997266 2.442612 5.439878 0.019077
 0.000059 2.991604 2.440383 5.431987 0.006777
 0.000059 2.985968 2.439847 5.425815 0.001496
 0.000060 2.980277 2.441462 5.421739 0.000097
 0.000060 2.974661 2.444695 5.419356 0.000049
 0.000061 2.969225 2.449106 5.418331 0.000203
 0.000061 2.964054 2.453884 5.417938 0.000290
 0.000062 2.959342 2.457966 5.417308 0.000461
 0.000062 2.955185 2.460440 5.415625 0.001114
 0.000063 2.951827 2.460428 5.412254 0.003273
 0.000063 2.949282 2.457716 5.406998 0.008907
 0.000064 2.947648 2.452571 5.400219 0.020252
 0.000064 2.946851 2.445414 5.392265 0.039425
 0.000065 2.946640 2.437262 5.383902 0.066406
 0.000065 2.947083 2.429421 5.376504 0.096100
 0.000066 2.948087 2.422896 5.370983 0.121832
 0.000066 2.949452 2.418635 5.368087 0.136543
 0.000067 2.950968 2.417583 5.368551 0.134131
 0.000067 2.952623 2.419725 5.372347 0.115189
 0.000068 2.954214 2.425060 5.379274 0.084339
 0.000068 2.955726 2.433608 5.389334 0.048083
 0.000069 2.957110 2.444877 5.401987 0.016851
 0.000069 2.958322 2.458369 5.416691 0.000668
 0.000070 2.959132 2.473757 5.432889 0.007868
 0.000070 2.959610 2.490150 5.449760 0.043263
 0.000071 2.960004 2.506634 5.466638 0.107154
 0.000071 2.960357 2.521484 5.481840 0.189085
 0.000072 2.960804 2.533871 5.494675 0.276250
 0.000072 2.961344 2.543508 5.504852 0.357074
 0.000073 2.961959 2.550305 5.512264 0.422453
 0.000073 2.962597 2.554833 5.517430 0.471277
 0.000074 2.963168 2.557601 5.520769 0.504255
 0.000074 2.963819 2.559452 5.523271 0.529687
 0.000075 2.964496 2.560747 5.525243 0.550185
 0.000075 2.965185 2.561945 5.527130 0.570151
 0.000076 2.965804 2.563541 5.529345 0.594053
 0.000076 2.966341 2.565689 5.532030 0.623684
 0.000077 2.966788 2.568556 5.535344 0.661246
 0.000077 2.966979 2.572363 5.539342 0.708011
 0.000078 2.967116 2.576800 5.543916 0.763496
 0.000078 2.967302 2.581538 5.548840 0.825546
 0.000079 2.967650 2.586486 5.554136 0.895003
 0.000079 2.968316 2.591115 5.559431 0.967253
 0.000080 2.969458 2.595277 5.564735 1.042420
 0.000080 2.971103 2.597918 5.569020 1.105220
 0.000081 2.973240 2.598271 5.571512 1.142573
 0.000081 2.976108 2.595813 5.571921 1.148767
 0.000082 2.979545 2.590724 5.570269 1.123859
 0.000082 2.983489 2.583471 5.566960 1.074802
 0.000083 2.987875 2.574282 5.562157 1.005539
 0.000083 2.992527 2.564086 5.556613 0.928454
 0.000084 2.997284 2.554257 5.551541 0.860620
 0.000084 3.001986 2.545435 5.547421 0.807419
 0.000085 3.006716 2.538453 5.545169 0.779050
 0.000085 3.011423 2.534167 5.545589 0.784307
 0.000086 3.016064 2.532684 5.548748 0.824372
 0.000086 3.020506 2.534064 5.554570 0.900821
 0.000087 3.024713 2.538198 5.562911 1.016256
 0.000087 3.028569 2.544806 5.573375 1.170913
 0.000088 3.032150 2.553374 5.585524 1.364205
 0.000088 3.035470 2.563006 5.598476 1.586534
 0.000089 3.038526 2.572300 5.610826 1.814159
 0.000089 3.041437 2.580956 5.622393 2.041166
 0.000090 3.044294 2.588086 5.632380 2.247943
 0.000090 3.047072 2.592873 5.639945 2.411219
 0.000091 3.049766 2.594769 5.644535 2.513072
 0.000091 3.052403 2.593575 5.645979 2.545530
 0.000092 3.054844 2.589976 5.644820 2.519464
 0.000092 3.056901 2.584832 5.641733 2.450634
 0.000093 3.058574 2.578411 5.636985 2.346647
 0.000093 3.059762 2.571406 5.631168 2.222322
 0.000094 3.060414 2.564392 5.624806 2.090208
 0.000094 3.060485 2.558257 5.618742 1.968070
 0.000095 3.060115 2.553806 5.613921 1.873595
 0.000095 3.059389 2.550933 5.610322 1.804572
 0.000096 3.058247 2.549709 5.607957 1.759908
 0.000096 3.056788 2.550233 5.607020 1.742389
 0.000097 3.055217 2.552076 5.607293 1.747476
 0.000097 3.053599 2.554480 5.608079 1.762207
 0.000098 3.052059 2.557300 5.609359 1.786315
 0.000098 3.050641 2.559483 5.610125 1.800822
 0.000099 3.049312 2.560159 5.609471 1.788433
 0.000099 3.048219 2.559062 5.607280 1.747246
 0.000100 3.047375 2.556302 5.603677 1.680534
 0.000100 3.046638 2.552197 5.598836 1.592951
 0.000101 3.045913 2.547314 5.593227 1.494409
 0.000101 3.044899 2.542565 5.587464 1.396437
 0.000102 3.043565 2.538902 5.582467 1.314185
 0.000102 3.041812 2.536848 5.578660 1.253177
 0.000103 3.039316 2.536901 5.576218 1.214820
 0.000103 3.036035 2.539469 5.575505 1.203727
 0.000104 3.031956 2.544523 5.576479 1.218897
 0.000104 3.027001 2.551336 5.578337 1.248077
 0.000105 3.021356 2.560220 5.581576 1.299775
 0.000105 3.015098 2.570791 5.585889 1.370246
 0.000106 3.008268 2.582362 5.590630 1.449851
 0.000106 3.000956 2.594035 5.594991 1.525073
 0.000107 2.993138 2.605245 5.598383 1.584874
 0.000107 2.984843 2.614991 5.599834 1.610818
 0.000108 2.976294 2.622732 5.599027 1.596357
 0.000108 2.967638 2.628210 5.595848 1.540062
 0.000109 2.958985 2.631227 5.590212 1.442744
 0.000109 2.950250 2.631774 5.582025 1.307020
 0.000110 2.941487 2.630076 5.571562 1.143335
 0.000110 2.932805 2.626836 5.559641 0.970171
 0.000111 2.924105 2.622861 5.546966 0.801644
 0.000111 2.915601 2.618249 5.533850 0.644175
 0.000112 2.907147 2.613720 5.520867 0.505240
 0.000112 2.898773 2.609431 5.508203 0.385956
 0.000113 2.890671 2.605240 5.495911 0.285512
 0.000113 2.882852 2.601231 5.484082 0.203124
 0.000114 2.875447 2.597445 5.472892 0.138060
 0.000114 2.868690 2.594294 5.462984 0.090906
 0.000115 2.862512 2.591718 5.454229 0.057408
 0.000115 2.856986 2.589458 5.446444 0.034058
 0.000116 2.852195 2.587624 5.439819 0.018962
 0.000116 2.848251 2.585535 5.433786 0.009033
 0.000117 2.845181 2.583018 5.428199 0.003084
 0.000117 2.843072 2.580057 5.423129 0.000388
 0.000118 2.841750 2.576447 5.418197 0.000231
 0.000118 2.841250 2.572459 5.413708 0.002202
 0.000119 2.841696 2.568573 5.410269 0.005076
 0.000119 2.842984 2.565392 5.408376 0.007163
 0.000120 2.844954 2.563411 5.408365 0.007176
 0.000120 2.847578 2.562744 5.410321 0.005023
 0.000121 2.850719 2.563672 5.414391 0.001772
 0.000121 2.854248 2.566223 5.420471 0.000001
 0.000122 2.858155 2.570134 5.428289 0.003155
 0.000122 2.862421 2.575394 5.437814 0.015259
 0.000123 2.866882 2.581528 5.448410 0.039382
 0.000123 2.871443 2.588292 5.459735 0.077581
 0.000124 2.876134 2.595292 5.471426 0.130463
 0.000124 2.880756 2.602042 5.482798 0.195020
 0.000125 2.885378 2.608028 5.493406 0.266896
 0.000125 2.890040 2.612667 5.502707 0.339180
 0.000126 2.894422 2.615753 5.510175 0.403472
 0.000126 2.898749 2.617299 5.516048 0.457951
 0.000127 2.902947 2.617486 5.520433 0.500880
 0.000127 2.906985 2.616161 5.523146 0.528399
 0.000128 2.910739 2.613292 5.524031 0.537540
 0.000128 2.914251 2.609368 5.523618 0.533271
 0.000129 2.917515 2.604986 5.522501 0.521796
 0.000129 2.920682 2.600957 5.521639 0.513024
 0.000130 2.923905 2.597416 5.521321 0.509805
 0.000130 2.927147 2.593979 5.521126 0.507838
 0.000131 2.930333 2.590806 5.521139 0.507974
 0.000131 2.933445 2.588410 5.521856 0.515221
 0.000132 2.936204 2.586596 5.522800 0.524854
 0.000132 2.938536 2.584868 5.523404 0.531059
 0.000133 2.940383 2.583002 5.523385 0.530861
 0.000133 2.941833 2.581035 5.522869 0.525557
 0.000134 2.942864 2.578720 5.521584 0.512464
 0.000134 2.943593 2.575613 5.519206 0.488679
 0.000135 2.944119 2.571531 5.515650 0.454157
 0.000135 2.944320 2.566840 5.511160 0.412366
 0.000136 2.944031 2.561474 5.505506 0.362619
 0.000136 2.943400 2.556034 5.499434 0.312758
 0.000137 2.942481 2.551043 5.493524 0.267759
 0.000137 2.941432 2.546756 5.488187 0.230129
 0.000138 2.940229 2.543185 5.483414 0.198887
 0.000138 2.939118 2.540953 5.480070 0.178356
 0.000139 2.938182 2.540133 5.478315 0.168024
 0.000139 2.937519 2.541080 5.478600 0.169682
 0.000140 2.936964 2.543834 5.480798 0.182728
 0.000140 2.936602 2.548301 5.484903 0.208386
 0.000141 2.936260 2.553907 5.490167 0.243754
 0.000141 2.936143 2.560428 5.496572 0.290526
 0.000142 2.936134 2.567163 5.503297 0.344055
 0.000142 2.936168 2.573944 5.510113 0.402913
 0.000143 2.936313 2.580632 5.516945 0.466581
 0.000143 2.936607 2.586711 5.523318 0.530170
 0.000144 2.937054 2.592023 5.529077 0.591132
 0.000144 2.937757 2.596258 5.534014 0.646038
 0.000145 2.938638 2.599394 5.538031 0.692506
 0.000145 2.939762 2.601316 5.541078 0.728826
 0.000146 2.940971 2.602231 5.543201 0.754685
 0.000146 2.942234 2.602174 5.544408 0.769586
 0.000147 2.943755 2.601022 5.544777 0.774173
 0.000147 2.945380 2.599471 5.544851 0.775090
 0.000148 2.947204 2.597405 5.544609 0.772076
 0.000148 2.949226 2.594688 5.543914 0.763469
 0.000149 2.951534 2.591408 5.542941 0.751497
 0.000149 2.954109 2.587167 5.541276 0.731216
 0.000150 2.957027 2.581493 5.538520 0.698267
 0.000150 2.960273 2.574371 5.534644 0.653211
 0.000151 2.964029 2.565978 5.530007 0.601292
 0.000151 2.968206 2.555847 5.524053 0.537769
 0.000152 2.972625 2.544025 5.516650 0.463737
 0.000152 2.977362 2.530696 5.508058 0.384680
 0.000153 2.982338 2.515885 5.498223 0.303253
 0.000153 2.987650 2.499609 5.487259 0.223875
 0.000154 2.993175 2.482614 5.475790 0.153706
 0.000154 2.998992 2.465628 5.464619 0.098011
 0.000155 3.004875 2.449231 5.454105 0.056989
 0.000155 3.010652 2.434358 5.445011 0.030420
 0.000156 3.016194 2.421140 5.437333 0.014430
 0.000156 3.021595 2.409560 5.431155 0.005843
 0.000157 3.026688 2.400047 5.426734 0.002041
 0.000157 3.031390 2.392855 5.424246 0.000761
 0.000158 3.035599 2.388014 5.423613 0.000534
 0.000158 3.039528 2.386070 5.425599 0.001380
 0.000159 3.043042 2.386633 5.429675 0.004352
 0.000159 3.046284 2.388852 5.435136 0.010939
 0.000160 3.049137 2.392019 5.441156 0.021655
 0.000160 3.051615 2.395909 5.447524 0.036934
 0.000161 3.053901 2.400197 5.454097 0.056961
 0.000161 3.055981 2.404513 5.460494 0.080599
 0.000162 3.057888 2.408425 5.466313 0.105656
 0.000162 3.059508 2.412754 5.472262 0.134768
 0.000163 3.060702 2.417625 5.478327 0.168095
 0.000163 3.061545 2.422777 5.484322 0.204652
 0.000164 3.061891 2.428795 5.490686 0.247392
 0.000164 3.061672 2.436162 5.497834 0.300228
 0.000165 3.060898 2.444231 5.505130 0.359422
 0.000165 3.059377 2.452454 5.511831 0.418486
 0.000166 3.057305 2.460779 5.518083 0.477641
 0.000166 3.054731 2.468768 5.523499 0.532041
 0.000167 3.051919 2.476677 5.528596 0.585913
 0.000167 3.048751 2.483781 5.532532 0.629294
 0.000168 3.045424 2.489706 5.535130 0.658780
 0.000168 3.042164 2.494162 5.536326 0.672586
 0.000169 3.039108 2.496620 5.535729 0.665674
 0.000169 3.036448 2.496880 5.533328 0.638261
 0.000170 3.034306 2.494537 5.528843 0.588588
 0.000170 3.032896 2.489512 5.522408 0.520847
 0.000171 3.032093 2.482310 5.514403 0.442343
 0.000171 3.032025 2.473103 5.505128 0.359408
 0.000172 3.032650 2.462721 5.495372 0.281450
 0.000172 3.033912 2.451746 5.485658 0.213292
 0.000173 3.035614 2.440923 5.476537 0.157877
 0.000173 3.037790 2.431202 5.468992 0.118328
 0.000174 3.040339 2.423153 5.463493 0.093087
 0.000174 3.043129 2.417566 5.460695 0.081407
 0.000175 3.046056 2.414506 5.460562 0.080872
 0.000175 3.049025 2.413813 5.462838 0.090284
 0.000176 3.052023 2.415083 5.467106 0.109329
 0.000176 3.055013 2.418405 5.473418 0.140838
 0.000177 3.058204 2.423053 5.481257 0.185515
 0.000177 3.061680 2.428179 5.489859 0.241611
 0.000178 3.065668 2.432798 5.498465 0.305142
 0.000178 3.070187 2.435810 5.505997 0.366818
 0.000179 3.075398 2.436691 5.512089 0.420849
 0.000179 3.081083 2.435408 5.516492 0.462211
 0.000180 3.087347 2.432371 5.519718 0.493751
 0.000180 3.094016 2.428193 5.522208 0.518810
 0.000181 3.100984 2.423676 5.524660 0.544078
 0.000181 3.108025 2.419588 5.527613 0.575326
 0.000182 3.115173 2.416524 5.531696 0.619959
 0.000182 3.122188 2.415198 5.537386 0.684927
 0.000183 3.128846 2.415738 5.544583 0.771760
 0.000183 3.135227 2.418166 5.553393 0.885085
 0.000184 3.141293 2.422754 5.564047 1.032510
 0.000184 3.147106 2.428926 5.576033 1.211935
 0.000185 3.152708 2.435873 5.588581 1.415168
 0.000185 3.158238 2.443315 5.601553 1.641813
 0.000186 3.163604 2.450509 5.614113 1.877308
 0.000186 3.169036 2.456516 5.625552 2.105499
 0.000187 3.174388 2.460415 5.634803 2.299619
 0.000187 3.179741 2.461689 5.641430 2.443936
 0.000188 3.185097 2.458884 5.643981 2.500656
 0.000188 3.190503 2.452049 5.642552 2.468800
 0.000189 3.195820 2.441678 5.637497 2.357761
 0.000189 3.201042 2.428573 5.629615 2.189693
 0.000190 3.205931 2.413814 5.619745 1.988031
 0.000190 3.210567 2.398622 5.609189 1.783115
 0.000191 3.214842 2.384485 5.599328 1.601743
 0.000191 3.218643 2.372099 5.590742 1.451761
 0.000192 3.221752 2.362556 5.584309 1.344206
 0.000192 3.224269 2.356783 5.581051 1.291332
 0.000193 3.226192 2.355358 5.581550 1.299349
 0.000193 3.227429 2.357750 5.585179 1.358520
 0.000194 3.228168 2.364307 5.592475 1.481440
 0.000194 3.228457 2.374257 5.602714 1.662930
 0.000195 3.228096 2.386915 5.615011 1.894751
 0.000195 3.227350 2.401434 5.628784 2.172336
 0.000196 3.226082 2.416555 5.642637 2.470695
 0.000196 3.224276 2.430405 5.654680 2.745654
 0.000197 3.222029 2.441972 5.664001 2.968415
 0.000197 3.219397 2.450009 5.669406 3.101566
 0.000198 3.216439 2.454421 5.670860 3.137898
 0.000198 3.213220 2.455627 5.668847 3.087674
 0.000199 3.209462 2.453993 5.663455 2.955119
 0.000199 3.205063 2.450232 5.655295 2.760091
 0.000200 3.200162 2.445574 5.645736 2.540056
 0.000200 3.194874 2.441529 5.636403 2.334055
 0.000201 3.189071 2.438684 5.627755 2.150958
 0.000201 3.182900 2.437747 5.620647 2.006045
 0.000202 3.176274 2.438890 5.615164 1.897728
 0.000202 3.169309 2.442339 5.611648 1.829851
 0.000203 3.162179 2.447625 5.609804 1.794737
 0.000203 3.154944 2.455055 5.609999 1.798436
 0.000204 3.147604 2.463843 5.611447 1.826004
 0.000204 3.140266 2.473574 5.613840 1.872020
 0.000205 3.133128 2.483404 5.616532 1.924474
 0.000205 3.126227 2.492348 5.618575 1.964753
 0.000206 3.119585 2.499304 5.618889 1.970994
 0.000206 3.113335 2.503159 5.616493 1.923714
 0.000207 3.107666 2.502575 5.610241 1.803035
 0.000207 3.102588 2.497193 5.599780 1.609856
 0.000208 3.098003 2.487114 5.585117 1.357491
 0.000208 3.093836 2.473113 5.566949 1.074637
 0.000209 3.089983 2.456416 5.546399 0.794478
 0.000209 3.086320 2.438739 5.525059 0.548250
 0.000210 3.082727 2.421338 5.504065 0.350451
 0.000210 3.079275 2.405592 5.484867 0.208155
 0.000211 3.076021 2.392489 5.468510 0.115993
 0.000211 3.072763 2.382397 5.455160 0.060604
 0.000212 3.069646 2.375679 5.445325 0.031201
 0.000212 3.066518 2.372401 5.438920 0.017251
 0.000213 3.063435 2.373125 5.436561 0.013148
 0.000213 3.060419 2.377172 5.437591 0.014871
 0.000214 3.057508 2.383913 5.441421 0.022211
 0.000214 3.054731 2.392335 5.447066 0.035702
 0.000215 3.052289 2.401098 5.453387 0.054590
 0.000215 3.050212 2.408380 5.458592 0.073142
 0.000216 3.048705 2.412836 5.461541 0.084855
 0.000216 3.047763 2.413765 5.461528 0.084801
 0.000217 3.047202 2.410956 5.458157 0.071490
 0.000217 3.047100 2.405398 5.452498 0.051690
 0.000218 3.047265 2.398738 5.446003 0.032916
 0.000218 3.047627 2.392240 5.439868 0.019057
 0.000219 3.048103 2.386732 5.434835 0.010498
 0.000219 3.048501 2.383205 5.431705 0.006453
 0.000220 3.048646 2.381961 5.430607 0.005265
 0.000220 3.048536 2.383062 5.431597 0.006331
 0.000221 3.048250 2.386556 5.434806 0.010456
 0.000221 3.047627 2.392081 5.439708 0.018746
 0.000222 3.046634 2.399505 5.446139 0.033266
 0.000222 3.045496 2.408424 5.453920 0.056364
 0.000223 3.044117 2.418359 5.462476 0.088753
 0.000223 3.042580 2.428645 5.471225 0.129440
 0.000224 3.040951 2.438288 5.479239 0.173428
 0.000224 3.039353 2.445570 5.484922 0.208513
 0.000225 3.038057 2.449399 5.487455 0.225191
 0.000225 3.037036 2.449234 5.486270 0.217304
 0.000226 3.036337 2.444824 5.481161 0.184931
 0.000226 3.035841 2.436374 5.472215 0.134525
 0.000227 3.035540 2.425407 5.460947 0.082428
 0.000227 3.035266 2.413046 5.448311 0.039106
 0.000228 3.034847 2.400391 5.435238 0.011090
 0.000228 3.034151 2.388609 5.422760 0.000292
 0.000229 3.033153 2.378718 5.411872 0.003590
 0.000229 3.031874 2.370922 5.402796 0.015398
 0.000230 3.030369 2.366258 5.396627 0.028128
 0.000230 3.028541 2.365283 5.393824 0.035167
 0.000231 3.026588 2.367988 5.394576 0.033201
 0.000231 3.024359 2.374250 5.398609 0.023623
 0.000232 3.022029 2.383418 5.405446 0.011098
 0.000232 3.019655 2.394993 5.414648 0.001623
 0.000233 3.017429 2.407928 5.425358 0.001257
 0.000233 3.015355 2.421161 5.436516 0.013075
 0.000234 3.013715 2.433032 5.446748 0.034855
 0.000234 3.012699 2.442683 5.455382 0.061380
 0.000235 3.012384 2.449237 5.461621 0.085188
 0.000235 3.012625 2.452934 5.465559 0.102214
 0.000236 3.013433 2.454642 5.468076 0.113911
 0.000236 3.014881 2.455435 5.470316 0.124855
 0.000237 3.016641 2.456154 5.472796 0.137554
 0.000237 3.018538 2.457530 5.476068 0.155256
 0.000238 3.020516 2.459924 5.480440 0.180573
 0.000238 3.022447 2.463713 5.486160 0.216581
 0.000239 3.024268 2.468789 5.493056 0.264347
 0.000239 3.026149 2.475867 5.502016 0.333510
 0.000240 3.027955 2.483953 5.511908 0.419190
 0.000240 3.029890 2.492597 5.522487 0.521650
 0.000241 3.032013 2.501976 5.533989 0.645746
 0.000241 3.034246 2.511607 5.545852 0.787607
 0.000242 3.036668 2.520567 5.557235 0.936951
 0.000242 3.039434 2.527504 5.566938 1.074483
 0.000243 3.042401 2.531587 5.573988 1.180314
 0.000243 3.045726 2.532277 5.578003 1.242808
 0.000244 3.049378 2.528291 5.577669 1.237548
 0.000244 3.053425 2.519526 5.572951 1.164428
 0.000245 3.057797 2.506557 5.564354 1.036931
 0.000245 3.062219 2.490820 5.553039 0.880393
 0.000246 3.066401 2.473686 5.540088 0.716916
 0.000246 3.070335 2.456086 5.526420 0.562602
 0.000247 3.073844 2.439086 5.512930 0.428602
 0.000247 3.076639 2.423463 5.500102 0.318063
 0.000248 3.078622 2.409623 5.488245 0.230520
 0.000248 3.079811 2.397966 5.477778 0.164926
 0.000249 3.080330 2.389206 5.469537 0.120993
 0.000249 3.080261 2.383772 5.464033 0.095433
 0.000250 3.079469 2.381948 5.461417 0.084346
 0.000250 3.078001 2.383203 5.461204 0.083473
 0.000251 3.075887 2.386880 5.462767 0.089983
 0.000251 3.073288 2.391843 5.465131 0.100289
 0.000252 3.070401 2.396958 5.467359 0.110516
 0.000252 3.067435 2.400132 5.467566 0.111494
 0.000253 3.064389 2.400398 5.464787 0.098755
 0.000253 3.061460 2.396962 5.458422 0.072494
 0.000254 3.058752 2.390456 5.449208 0.041653
 0.000254 3.056195 2.382175 5.438370 0.016246
 0.000255 3.053616 2.373908 5.427524 0.002577
 0.000255 3.050971 2.367446 5.418417 0.000186
 0.000256 3.048283 2.363707 5.411990 0.003491
 0.000256 3.045483 2.363377 5.408860 0.006595
 0.000257 3.042620 2.366703 5.409323 0.006074
 0.000257 3.039647 2.373673 5.413320 0.002468
 0.000258 3.036490 2.384164 5.420653 0.000005
 0.000258 3.033277 2.397969 5.431247 0.005942
 0.000259 3.030026 2.415039 5.445066 0.030556
 0.000259 3.026801 2.434523 5.461324 0.083964
 0.000260 3.023566 2.455825 5.479391 0.174323
 0.000260 3.020464 2.477929 5.498393 0.304576
 0.000261 3.017608 2.499236 5.516844 0.465603
 0.000261 3.015184 2.518164 5.533348 0.638486
 0.000262 3.013252 2.533773 5.547024 0.802384
 0.000262 3.011884 2.545571 5.557454 0.939952
 0.000263 3.010943 2.552986 5.563929 1.030815
 0.000263 3.010460 2.556494 5.566954 1.074717
 0.000264 3.010455 2.557208 5.567663 1.085128
 0.000264 3.010580 2.556199 5.566779 1.072149
 0.000265 3.010535 2.553909 5.564445 1.038237
 0.000265 3.010249 2.551104 5.561354 0.994174
 0.000266 3.009725 2.548163 5.557888 0.945912
 0.000266 3.008921 2.545451 5.554372 0.898170
 0.000267 3.007889 2.542915 5.550804 0.850982
 0.000267 3.006593 2.540531 5.547124 0.803651
 0.000268 3.005045 2.538723 5.543768 0.761665
 0.000268 3.003205 2.537687 5.540892 0.726579
 0.000269 3.001163 2.537286 5.538448 0.697423
 0.000269 2.999089 2.536775 5.535865 0.667242
 0.000270 2.997118 2.535484 5.532602 0.630086
 0.000270 2.995379 2.532635 5.528013 0.579627
 0.000271 2.994009 2.527133 5.521141 0.507998
 0.000271 2.993165 2.518097 5.511262 0.413296
 0.000272 2.992814 2.505448 5.498263 0.303558
 0.000272 2.992956 2.489829 5.482786 0.194943
 0.000273 2.993547 2.472188 5.465735 0.103014
 0.000273 2.994477 2.454290 5.448767 0.040390
 0.000274 2.995708 2.437712 5.433421 0.008549
 0.000274 2.997158 2.423876 5.421034 0.000024
 0.000275 2.998817 2.413865 5.412682 0.002936
 0.000275 3.000679 2.407861 5.408540 0.006968
 0.000276 3.002617 2.406465 5.409082 0.006343
 0.000276 3.004781 2.409416 5.414197 0.001890
 0.000277 3.006975 2.416689 5.423664 0.000551
 0.000277 3.009317 2.427639 5.436956 0.013796
 0.000278 3.011671 2.441458 5.453130 0.053743
 0.000278 3.014018 2.457427 5.471446 0.130565
 0.000279 3.016303 2.474029 5.490332 0.244908
 0.000279 3.018669 2.489518 5.508187 0.385811
 0.000280 3.021387 2.502283 5.523670 0.533801
 0.000280 3.024361 2.510439 5.534799 0.654993
 0.000281 3.027409 2.513271 5.540680 0.724026
 0.000281 3.030603 2.511512 5.542115 0.741397
 0.000282 3.033644 2.505934 5.539578 0.710831
 0.000282 3.036359 2.497974 5.534333 0.649660
 0.000283 3.038578 2.489433 5.528010 0.579590
 0.000283 3.040036 2.481730 5.521766 0.514313
 0.000284 3.040687 2.476381 5.517068 0.467768
 0.000284 3.040451 2.473853 5.514304 0.441414
 0.000285 3.039402 2.474345 5.513747 0.436197
 0.000285 3.037486 2.477969 5.515454 0.452288
 0.000286 3.034527 2.484463 5.518989 0.486537
 0.000286 3.030712 2.493640 5.524352 0.540874
 0.000287 3.026120 2.505564 5.531684 0.619822
 0.000287 3.020602 2.519723 5.540325 0.719757
 0.000288 3.014311 2.534701 5.549012 0.827765
 0.000288 3.007596 2.549511 5.557107 0.935191
 0.000289 3.000452 2.563086 5.563537 1.025204
 0.000289 2.993018 2.574329 5.567347 1.080479
 0.000290 2.985595 2.582255 5.567851 1.087897
 0.000290 2.978266 2.586290 5.564557 1.039852
 0.000291 2.970998 2.586677 5.557675 0.942984
 0.000291 2.963888 2.584543 5.548431 0.820304
 0.000292 2.956735 2.581262 5.537997 0.692102
 0.000292 2.949759 2.577758 5.527517 0.574292
 0.000293 2.943039 2.575037 5.518075 0.477564
 0.000293 2.936551 2.573932 5.510482 0.406238
 0.000294 2.930174 2.574756 5.504930 0.357735
 0.000294 2.924028 2.577758 5.501786 0.331635
 0.000295 2.918269 2.583523 5.501792 0.331686
 0.000295 2.912901 2.591934 5.504835 0.356926
 0.000296 2.908123 2.602259 5.510382 0.405336
 0.000296 2.903745 2.613934 5.517679 0.473694
 0.000297 2.899872 2.626318 5.526190 0.560157
 0.000297 2.896557 2.638336 5.534893 0.656065
 0.000298 2.893788 2.648209 5.541996 0.739953
 0.000298 2.891756 2.654633 5.546389 0.794351
 0.000299 2.890511 2.657172 5.547684 0.810757
 0.000299 2.890001 2.654995 5.544996 0.776895
 0.000300 2.890158 2.648985 5.539142 0.705642
 0.000300 2.890841 2.640266 5.531107 0.613412
 0.000301 2.891893 2.629603 5.521496 0.511575
 0.000301 2.893212 2.617876 5.511088 0.411712
 0.000302 2.894613 2.606637 5.501250 0.327282
 0.000302 2.896197 2.596605 5.492802 0.262505
 0.000303 2.897920 2.588214 5.486134 0.216411
 0.000303 2.899573 2.581840 5.481413 0.186465
 0.000304 2.901161 2.577602 5.478762 0.170631
 0.000304 2.902548 2.575729 5.478277 0.167807
 0.000305 2.903697 2.576554 5.480251 0.179436
 0.000305 2.904600 2.579555 5.484155 0.203588
 0.000306 2.905308 2.584037 5.489345 0.238051
 0.000306 2.905895 2.589152 5.495046 0.279016
 0.000307 2.906422 2.593968 5.500391 0.320367
 0.000307 2.907042 2.597141 5.504183 0.351441
 0.000308 2.907685 2.596786 5.504471 0.353863
 0.000308 2.908611 2.592699 5.501310 0.327770
 0.000309 2.909873 2.585137 5.495011 0.278749
 0.000309 2.911442 2.575051 5.486493 0.218778
 0.000310 2.913222 2.563226 5.476448 0.157377
 0.000310 2.915105 2.550998 5.466103 0.104692
 0.000311 2.917180 2.539833 5.457013 0.067227
 0.000311 2.919236 2.531063 5.450298 0.044860
 0.000312 2.921218 2.524968 5.446186 0.033388
 0.000312 2.923288 2.521729 5.445017 0.030437
 0.000313 2.925298 2.521872 5.447169 0.035978
 0.000313 2.927307 2.525234 5.452541 0.051829
 0.000314 2.929328 2.531306 5.460634 0.081159
 0.000314 2.931474 2.539622 5.471096 0.128782
 0.000315 2.933573 2.550069 5.483642 0.200328
 0.000315 2.935523 2.561487 5.497010 0.293878
 0.000316 2.937565 2.572345 5.509910 0.401099
 0.000316 2.939771 2.581487 5.521259 0.509180
 0.000317 2.942234 2.587655 5.529889 0.599996
 0.000317 2.944934 2.590514 5.535448 0.662439
 0.000318 2.947818 2.589341 5.537159 0.682280
 0.000318 2.950820 2.584611 5.535431 0.662239
 0.000319 2.953753 2.576939 5.530691 0.608817
 0.000319 2.956511 2.567183 5.523694 0.534049
 0.000320 2.959053 2.556384 5.515437 0.452127
 0.000320 2.961329 2.545604 5.506933 0.374879
 0.000321 2.963260 2.535867 5.499127 0.310330
 0.000321 2.964857 2.527447 5.492304 0.258904
 0.000322 2.965948 2.520710 5.486658 0.219872
 0.000322 2.966470 2.515992 5.482462 0.192930
 0.000323 2.966633 2.513433 5.480066 0.178330
 0.000323 2.966344 2.512731 5.479075 0.172462
 0.000324 2.965502 2.513621 5.479123 0.172745
 0.000324 2.964224 2.515869 5.480093 0.178490
 0.000325 2.962670 2.518925 5.481595 0.187576
 0.000325 2.960856 2.521745 5.482601 0.193793
 0.000326 2.958910 2.522865 5.481775 0.188685
 0.000326 2.957107 2.520843 5.477949 0.165915
 0.000327 2.955469 2.515715 5.471184 0.129232
 0.000327 2.954189 2.507495 5.461684 0.085448
 0.000328 2.953320 2.497095 5.450415 0.045212
 0.000328 2.952854 2.485707 5.438561 0.016591
 0.000329 2.952678 2.474501 5.427180 0.002336
 0.000329 2.952745 2.465248 5.417993 0.000277
 0.000330 2.953009 2.458960 5.411969 0.003508
 0.000330 2.953557 2.456212 5.409769 0.005592
 0.000331 2.954335 2.457069 5.411404 0.003997
 0.000331 2.955302 2.461601 5.416903 0.000592
 0.000332 2.956469 2.469240 5.425709 0.001438
 0.000332 2.957865 2.479462 5.437327 0.014420
 0.000333 2.959485 2.491675 5.451160 0.047478
 0.000333 2.961148 2.505416 5.466564 0.106812
 0.000334 2.962956 2.519593 5.482549 0.193468
 0.000334 2.964910 2.532996 5.497906 0.300784
 0.000335 2.967071 2.544224 5.511295 0.413596
 0.000335 2.969571 2.552990 5.522561 0.522405
 0.000336 2.972303 2.558536 5.530839 0.610446
 0.000336 2.975260 2.560599 5.535859 0.667175
 0.000337 2.978295 2.559672 5.537967 0.691745
 0.000337 2.981270 2.556866 5.538137 0.693744
 0.000338 2.984323 2.552582 5.536905 0.679309
 0.000338 2.987236 2.546838 5.534074 0.646721
 0.000339 2.989927 2.540439 5.530366 0.605235
 0.000339 2.992313 2.533667 5.525980 0.557941
 0.000340 2.994266 2.526713 5.520979 0.506362
 0.000340 2.995769 2.520047 5.515816 0.455734
 0.000341 2.996886 2.513355 5.510241 0.404070
 0.000341 2.997542 2.507116 5.504658 0.355435
 0.000342 2.997563 2.501351 5.498913 0.308650
 0.000342 2.997077 2.495702 5.492780 0.262341
 0.000343 2.996207 2.490492 5.486699 0.220146
 0.000343 2.994981 2.484838 5.479819 0.176859
 0.000344 2.993603 2.478236 5.471839 0.132580
 0.000344 2.992157 2.470400 5.462557 0.089093
 0.000345 2.990638 2.460467 5.451105 0.047310
 0.000345 2.989291 2.448563 5.437854 0.015328
 0.000346 2.988085 2.435225 5.423310 0.000440
 0.000346 2.987064 2.421627 5.408691 0.006791
 0.000347 2.986297 2.408664 5.394961 0.032216
 0.000347 2.985781 2.397374 5.383155 0.069153
 0.000348 2.985433 2.388534 5.373967 0.107543
 0.000348 2.985245 2.382750 5.367995 0.137027
 0.000349 2.985421 2.380293 5.365715 0.149223
 0.000349 2.985904 2.381360 5.367263 0.140883
 0.000350 2.986569 2.386345 5.372913 0.112487
 0.000350 2.987190 2.394979 5.382169 0.072872
 0.000351 2.987866 2.406892 5.394758 0.032735
 0.000351 2.988655 2.421111 5.409766 0.005595
 0.000352 2.989526 2.436500 5.426026 0.001614
 0.000352 2.990433 2.452098 5.442531 0.024612
 0.000353 2.991246 2.467033 5.458279 0.071949
 0.000353 2.991932 2.480299 5.472231 0.134608
 0.000354 2.992576 2.491496 5.484072 0.203057
 0.000354 2.993316 2.500478 5.493794 0.269741
 0.000355 2.994110 2.507125 5.501235 0.327159
 0.000355 2.994880 2.511859 5.506739 0.373198
 0.000356 2.995495 2.515273 5.510768 0.408818
 0.000356 2.995609 2.517725 5.513335 0.432354
 0.000357 2.995271 2.519879 5.515150 0.449404
 0.000357 2.994632 2.522158 5.516790 0.465084
 0.000358 2.993624 2.524479 5.518103 0.477834
 0.000358 2.992229 2.526649 5.518878 0.485443
 0.000359 2.990326 2.529026 5.519352 0.490118
 0.000359 2.988037 2.531832 5.519869 0.495250
 0.000360 2.985335 2.534571 5.519906 0.495620
 0.000360 2.982285 2.537316 5.519601 0.492590
 0.000361 2.978872 2.539904 5.518776 0.484434
 0.000361 2.975223 2.541707 5.516930 0.466437
 0.000362 2.971613 2.541867 5.513480 0.433710
 0.000362 2.967984 2.540031 5.508015 0.384304
 0.000363 2.964660 2.536149 5.500809 0.323726
 0.000363 2.961755 2.530260 5.492016 0.256835
 0.000364 2.959098 2.522607 5.481704 0.188249
 0.000364 2.956791 2.513550 5.470341 0.124979
 0.000365 2.954836 2.504306 5.459142 0.075260
 0.000365 2.953426 2.495400 5.448827 0.040561
 0.000366 2.952433 2.487622 5.440055 0.019424
 0.000366 2.951913 2.481447 5.433360 0.008470
 0.000367 2.951883 2.477559 5.429442 0.004138
 0.000367 2.952391 2.476169 5.428560 0.003374
 0.000368 2.953484 2.477398 5.430882 0.005551
 0.000368 2.954964 2.481151 5.436115 0.012435
 0.000369 2.956885 2.487105 5.443990 0.027954
 0.000369 2.959204 2.494670 5.453873 0.056207
 0.000370 2.962056 2.503393 5.465449 0.101720
 0.000370 2.965291 2.512595 5.477886 0.165549
 0.000371 2.969009 2.521295 5.490304 0.244714
 0.000371 2.973332 2.528604 5.501937 0.332861
 0.000372 2.978003 2.534087 5.512090 0.420863
 0.000372 2.982957 2.537404 5.520361 0.500161
 0.000373 2.988122 2.538524 5.526646 0.565000
 0.000373 2.993523 2.537531 5.531054 0.612827
 0.000374 2.999038 2.535392 5.534431 0.650779
 0.000374 3.004543 2.532365 5.536908 0.679348
 0.000375 3.009950 2.528902 5.538852 0.702200
 0.000375 3.015234 2.525331 5.540566 0.722653
 0.000376 3.020428 2.522141 5.542569 0.746936
 0.000376 3.025301 2.519044 5.544345 0.768797
 0.000377 3.030012 2.516517 5.546529 0.796121
 0.000377 3.034501 2.514186 5.548688 0.823593
 0.000378 3.038720 2.512115 5.550835 0.851389
 0.000378 3.042510 2.509817 5.552326 0.870953
 0.000379 3.045927 2.506976 5.552903 0.878586
 0.000379 3.049118 2.502898 5.552017 0.866874
 0.000380 3.052186 2.497298 5.549485 0.833856
 0.000380 3.055186 2.489740 5.544926 0.776026
 0.000381 3.058250 2.479723 5.537974 0.691827
 0.000381 3.061389 2.467385 5.528775 0.587852
 0.000382 3.064473 2.452278 5.516751 0.464705
 0.000382 3.067684 2.435468 5.503152 0.342848
 0.000383 3.071002 2.417775 5.488777 0.234148
 0.000383 3.074450 2.400257 5.474707 0.147763
 0.000384 3.077955 2.384247 5.462202 0.087600
 0.000384 3.081485 2.370275 5.451760 0.049346
 0.000385 3.084969 2.359153 5.444121 0.028266
 0.000385 3.088467 2.351406 5.439873 0.019068
 0.000386 3.091971 2.347353 5.439324 0.018010
 0.000386 3.095344 2.346528 5.441872 0.023170
 0.000387 3.098678 2.348623 5.447301 0.036331
 0.000387 3.101835 2.353474 5.455309 0.061126
 0.000388 3.104768 2.360517 5.465285 0.100980
 0.000388 3.107450 2.368782 5.476232 0.156168
 0.000389 3.110083 2.377341 5.487425 0.224985
 0.000389 3.112717 2.385255 5.497972 0.301301
 0.000390 3.115358 2.391363 5.506720 0.373037
 0.000390 3.117903 2.395816 5.513718 0.435932
 0.000391 3.120339 2.398231 5.518569 0.482404
 0.000391 3.122503 2.398596 5.521099 0.507572
 0.000392 3.124542 2.398109 5.522651 0.523332
 0.000392 3.126384 2.397581 5.523965 0.536857
 0.000393 3.127952 2.397650 5.525602 0.553950
 0.000393 3.129244 2.399140 5.528384 0.583620
 0.000394 3.130278 2.402254 5.532532 0.629293
 0.000394 3.130927 2.407496 5.538423 0.697122
 0.000395 3.131250 2.414533 5.545783 0.786735
 0.000395 3.131276 2.422500 5.553776 0.890188
 0.000396 3.131010 2.431438 5.562448 1.009667
 0.000396 3.130356 2.440834 5.571190 1.137718
 0.000397 3.129164 2.449512 5.578676 1.253438
 0.000397 3.127531 2.457286 5.584818 1.352569
 0.000398 3.125389 2.463769 5.589158 1.424896
 0.000398 3.122897 2.467979 5.590876 1.454050
 0.000399 3.120153 2.469496 5.589650 1.433205
 0.000399 3.117197 2.468279 5.585476 1.363422
 0.000400 3.114118 2.464048 5.578166 1.245371
 0.000400 3.111067 2.456942 5.568010 1.090247
 0.000401 3.107922 2.447267 5.555190 0.909159
 0.000401 3.104779 2.435699 5.540478 0.721595
 0.000402 3.101854 2.423121 5.524975 0.547377
 0.000402 3.099255 2.410461 5.509717 0.399366
 0.000403 3.096958 2.398001 5.494959 0.278365
 0.000403 3.095094 2.386300 5.481393 0.186347
 0.000404 3.093591 2.375824 5.469416 0.120397
 0.000404 3.092460 2.367288 5.459748 0.077631
 0.000405 3.091621 2.360860 5.452481 0.051636
 0.000405 3.090973 2.356308 5.447281 0.036278
 0.000406 3.090544 2.353137 5.443681 0.027229
 0.000406 3.090461 2.351039 5.441500 0.022377
 0.000407 3.090661 2.349565 5.440226 0.019764
 0.000407 3.091184 2.348131 5.439315 0.017993
 0.000408 3.092041 2.345888 5.437929 0.015460
 0.000408 3.093375 2.342744 5.436119 0.012442
 0.000409 3.095052 2.338826 5.433878 0.009158
 0.000409 3.097040 2.334338 5.431378 0.006087
 0.000410 3.099395 2.329570 5.428965 0.003716
 0.000410 3.102069 2.325114 5.427183 0.002338
 0.000411 3.104907 2.321911 5.426818 0.002095
 0.000411 3.107908 2.320027 5.427935 0.002881
 0.000412 3.111008 2.320256 5.431264 0.005962
 0.000412 3.114285 2.322629 5.436913 0.013726
 0.000413 3.117709 2.326826 5.444535 0.029259
 0.000413 3.121036 2.332550 5.453586 0.055249
 0.000414 3.124369 2.340043 5.464411 0.097093
 0.000414 3.127758 2.348295 5.476053 0.155171
 0.000415 3.131062 2.357147 5.488208 0.230274
 0.000415 3.134093 2.365507 5.499599 0.314064
 0.000416 3.136872 2.373029 5.509902 0.401022
 0.000416 3.139539 2.378878 5.518418 0.480914
 0.000417 3.141996 2.382647 5.524644 0.543913
 0.000417 3.144226 2.383880 5.528107 0.580629
 0.000418 3.146225 2.382522 5.528748 0.587558
 0.000418 3.148038 2.378878 5.526916 0.567870
 0.000419 3.149528 2.372872 5.522400 0.520766
 0.000419 3.150719 2.365381 5.516101 0.458460
 0.000420 3.151761 2.356638 5.508399 0.387675
 0.000420 3.152642 2.347324 5.499965 0.316970
 0.000421 3.153381 2.338367 5.491747 0.254915
 0.000421 3.154109 2.330354 5.484463 0.205555
 0.000422 3.154728 2.323481 5.478210 0.167416
 0.000422 3.155311 2.317901 5.473213 0.139752
 0.000423 3.155770 2.313868 5.469638 0.121490
 0.000423 3.156137 2.311144 5.467282 0.110153
 0.000424 3.156368 2.309998 5.466366 0.105899
 0.000424 3.156289 2.309647 5.465936 0.103926
 0.000425 3.155968 2.309490 5.465458 0.101761
 0.000425 3.155528 2.309088 5.464615 0.097994
 0.000426 3.154953 2.308277 5.463229 0.091955
 0.000426 3.154135 2.306777 5.460912 0.082286
 0.000427 3.153230 2.304589 5.457819 0.070217
 0.000427 3.152219 2.301906 5.454124 0.057053
 0.000428 3.150899 2.298581 5.449479 0.042441
 0.000428 3.149509 2.295261 5.444770 0.029830
 0.000429 3.147906 2.293208 5.441114 0.021569
 0.000429 3.146185 2.293411 5.439596 0.018531
 0.000430 3.144421 2.295876 5.440297 0.019904
 0.000430 3.142725 2.300559 5.443283 0.026309
 0.000431 3.141217 2.307740 5.448957 0.040933
 0.000431 3.139860 2.317512 5.457373 0.068553
 0.000432 3.138756 2.329611 5.468367 0.115305
 0.000432 3.137740 2.343206 5.480946 0.183627
 0.000433 3.136747 2.357468 5.494215 0.272839
 0.000433 3.135633 2.372039 5.507672 0.381303
 0.000434 3.134412 2.386238 5.520650 0.503056
 0.000434 3.133222 2.399274 5.532495 0.628887
 0.000435 3.132138 2.410800 5.542938 0.751457
 0.000435 3.131019 2.420584 5.551603 0.861435
 0.000436 3.129771 2.428327 5.558098 0.948796
 0.000436 3.128461 2.433764 5.562226 1.006507
 0.000437 3.127126 2.436756 5.563882 1.030139
 0.000437 3.125770 2.437864 5.563634 1.026583
 0.000438 3.124408 2.437100 5.561508 0.996352
 0.000438 3.123140 2.434598 5.557738 0.943847
 0.000439 3.122055 2.430729 5.552784 0.877001
 0.000439 3.121273 2.426242 5.547515 0.808614
 0.000440 3.120747 2.421161 5.541908 0.738879
 0.000440 3.120471 2.415525 5.535996 0.668761
 0.000441 3.120440 2.409519 5.529960 0.600771
 0.000441 3.120631 2.403260 5.523890 0.536083
 0.000442 3.121296 2.396267 5.517563 0.472573
 0.000442 3.122241 2.388668 5.510909 0.410089
 0.000443 3.123279 2.379940 5.503219 0.343405
 0.000443 3.124503 2.370169 5.494672 0.276229
 0.000444 3.125706 2.359758 5.485464 0.212026
 0.000444 3.126986 2.348324 5.475309 0.151053
 0.000445 3.128255 2.335901 5.464157 0.095973
 0.000445 3.129476 2.323239 5.452716 0.052394
 0.000446 3.130628 2.310627 5.441255 0.021861
 0.000446 3.131661 2.298765 5.430426 0.005082
 0.000447 3.132653 2.289081 5.421735 0.000097
 0.000447 3.133661 2.282115 5.415776 0.001044
 0.000448 3.134749 2.277896 5.412644 0.002965
 0.000448 3.135852 2.276872 5.412724 0.002904
 0.000449 3.137044 2.278879 5.415923 0.000978
 0.000449 3.138369 2.283999 5.422368 0.000205
 0.000450 3.139737 2.291936 5.431673 0.006416
 0.000450 3.141116 2.301664 5.442780 0.025167
 0.000451 3.142557 2.312839 5.455396 0.061428
 0.000451 3.144080 2.324838 5.468918 0.117967
 0.000452 3.145528 2.336947 5.482475 0.193006
 0.000452 3.146864 2.348150 5.495014 0.278774
 0.000453 3.148029 2.358382 5.506411 0.370369
 0.000453 3.149023 2.367809 5.516832 0.465487
 0.000454 3.149770 2.376413 5.526183 0.560089
 0.000454 3.150204 2.384591 5.534795 0.654939
 0.000455 3.150376 2.392439 5.542815 0.749948
 0.000455 3.150142 2.400162 5.550303 0.844462
 0.000456 3.149465 2.407869 5.557334 0.938307
 0.000456 3.148420 2.415601 5.564021 1.032139
 0.000457 3.147166 2.423390 5.570555 1.128161
 0.000457 3.145651 2.431065 5.576716 1.222592
 0.000458 3.144025 2.438325 5.582350 1.312290
 0.000458 3.142330 2.444684 5.587014 1.388931
 0.000459 3.140584 2.450110 5.590694 1.450936
 0.000459 3.138855 2.454278 5.593133 1.492784
 0.000460 3.137312 2.456774 5.594085 1.509290
 0.000460 3.135975 2.457545 5.593520 1.499483
 0.000461 3.134647 2.456281 5.590928 1.454930
 0.000461 3.133290 2.452621 5.585912 1.370617
 0.000462 3.131864 2.446195 5.578060 1.243696
 0.000462 3.130433 2.436972 5.567405 1.081334
 0.000463 3.128875 2.425717 5.554592 0.901114
 0.000463 3.127196 2.413182 5.540378 0.720398
 0.000464 3.125514 2.400193 5.525706 0.555054
 0.000464 3.123526 2.387576 5.511102 0.411842
 0.000465 3.121383 2.376366 5.497749 0.299571
 0.000465 3.119023 2.367203 5.486227 0.217021
 0.000466 3.116447 2.360925 5.477372 0.162606
 0.000466 3.113675 2.357947 5.471622 0.131467
 0.000467 3.110820 2.358219 5.469039 0.118558
 0.000467 3.107963 2.361672 5.469635 0.121475
 0.000468 3.105225 2.367896 5.473121 0.139267
 0.000468 3.102569 2.376334 5.478904 0.171457
 0.000469 3.099966 2.386434 5.486401 0.218168
 0.000469 3.097363 2.397379 5.494743 0.276752
 0.000470 3.094950 2.407456 5.502405 0.336694
 0.000470 3.092678 2.415788 5.508466 0.388268
 0.000471 3.090673 2.421905 5.512578 0.425345
 0.000471 3.088823 2.425663 5.514486 0.443131
 0.000472 3.087140 2.428022 5.515162 0.449519
 0.000472 3.085589 2.429152 5.514741 0.445529
 0.000473 3.084131 2.429954 5.514085 0.439362
 0.000473 3.082822 2.431495 5.514317 0.441538
 0.000474 3.081630 2.433874 5.515503 0.452757
 0.000474 3.080387 2.437390 5.517777 0.474649
 0.000475 3.079179 2.443194 5.522373 0.520485
 0.000475 3.077808 2.451659 5.529467 0.595377
 0.000476 3.076183 2.462451 5.538634 0.699621
 0.000476 3.074413 2.474987 5.549400 0.832760
 0.000477 3.072692 2.489069 5.561761 0.999931
 0.000477 3.070956 2.503420 5.574375 1.186270
 0.000478 3.069244 2.517289 5.586533 1.380923
 0.000478 3.067555 2.529597 5.597152 1.563037
 0.000479 3.066004 2.539099 5.605103 1.706780
 0.000479 3.064721 2.544934 5.609655 1.791924
 0.000480 3.063690 2.546637 5.610328 1.804672
 0.000480 3.062902 2.543911 5.606814 1.738532
 0.000481 3.062322 2.537018 5.599339 1.601950
 0.000481 3.061838 2.526658 5.588496 1.413736
 0.000482 3.061327 2.513947 5.575274 1.200145
 0.000482 3.060570 2.500006 5.560576 0.983234
 0.000483 3.059439 2.486382 5.545821 0.787216
 0.000483 3.057993 2.473824 5.531817 0.621297
 0.000484 3.056123 2.462401 5.518524 0.481957
 0.000484 3.053751 2.453060 5.506811 0.373821
 0.000485 3.050825 2.446535 5.497360 0.296568
 0.000485 3.047290 2.442622 5.489912 0.241980
 0.000486 3.043296 2.441709 5.485005 0.209045
 0.000486 3.038859 2.443264 5.482124 0.190832
 0.000487 3.034067 2.447212 5.481279 0.185647
 0.000487 3.029105 2.452610 5.481715 0.188315
 0.000488 3.024302 2.457554 5.481856 0.189181
 0.000488 3.019689 2.460591 5.480280 0.179611
 0.000489 3.015364 2.460370 5.475734 0.153396
 0.000489 3.011312 2.456515 5.467826 0.112723
 0.000490 3.007586 2.449738 5.457324 0.068373
 0.000490 3.004130 2.441219 5.445348 0.031259
 0.000491 3.000913 2.432450 5.433362 0.008473
 0.000491 2.997782 2.424976 5.422758 0.000291
 0.000492 2.994630 2.419753 5.414383 0.001777
 0.000492 2.991363 2.417873 5.409236 0.006171
 0.000493 2.987949 2.419565 5.407513 0.008232
 0.000493 2.984263 2.424744 5.409007 0.006427
 0.000494 2.980310 2.433853 5.414162 0.001911
 0.000494 2.976290 2.446842 5.423132 0.000388
 0.000495 2.972168 2.463314 5.435482 0.011457
 0.000495 2.968072 2.482037 5.450109 0.044297
 0.000496 2.964200 2.502084 5.466284 0.105522
 0.000496 2.960605 2.522014 5.482620 0.193909
 0.000497 2.957491 2.540999 5.498491 0.305339
 0.000497 2.954888 2.557522 5.512410 0.423797
 0.000498 2.952853 2.570333 5.523186 0.528811
 0.000498 2.951472 2.579296 5.530767 0.609655
 0.000499 2.950678 2.584121 5.534799 0.654986
 0.000499 2.950250 2.585618 5.535868 0.667279
 0.000500 2.950138 2.584467 5.534605 0.652764
