#! FIELDS time dAB dAC rc bias
 0.000000 2.302596 3.400945 5.703541 2.518810
 0.000000 2.297648 3.399368 5.697016 2.393581
 0.000001 2.291087 3.397578 5.688665 2.237953
 0.000001 2.282696 3.395426 5.678122 2.048956
 0.000002 2.272413 3.392977 5.665390 1.831826
 0.000002 2.260016 3.390341 5.650358 1.591124
 0.000003 2.245930 3.387447 5.633377 1.339603
 0.000003 2.230309 3.384390 5.614699 1.087916
 0.000004 2.213578 3.381304 5.594882 0.849491
 0.000004 2.196315 3.378231 5.574546 0.635441
 0.000005 2.178592 3.375232 5.553823 0.449231
 0.000005 2.161261 3.372226 5.533487 0.297802
 0.000006 2.144562 3.369141 5.513703 0.180254
 0.000006 2.129180 3.366148 5.495328 0.097368
 0.000007 2.115638 3.363295 5.478933 0.044791
 0.000007 2.104198 3.360362 5.464560 0.015283
 0.000008 2.095117 3.357417 5.452534 0.002498
 0.000008 2.088499 3.354562 5.443062 0.000064
 0.000009 2.084345 3.351861 5.436206 0.002501
 0.000009 2.082831 3.349308 5.432139 0.005612
 0.000010 2.084007 3.346894 5.430901 0.006806
 0.000010 2.086741 3.344524 5.431265 0.006442
 0.000011 2.090154 3.342411 5.432565 0.005228
 0.000011 2.093638 3.340497 5.434135 0.003930
 0.000012 2.096818 3.338764 5.435582 0.002898
 0.000012 2.099024 3.337263 5.436286 0.002452
 0.000013 2.100193 3.336112 5.436305 0.002441
 0.000013 2.099946 3.335353 5.435299 0.003087
 0.000014 2.097919 3.334904 5.432823 0.005002
 0.000014 2.094200 3.334732 5.428933 0.008940
 0.000015 2.089466 3.334867 5.424333 0.015060
 0.000015 2.084227 3.335400 5.419627 0.022962
 0.000016 2.079386 3.336383 5.415768 0.030682
 0.000016 2.075008 3.337772 5.412781 0.037426
 0.000017 2.071880 3.339412 5.411292 0.041036
 0.000017 2.070051 3.341391 5.411442 0.040665
 0.000018 2.069614 3.343651 5.413265 0.036287
 0.000018 2.071101 3.346393 5.417495 0.027091
 0.000019 2.074482 3.349535 5.424017 0.015537
 0.000019 2.079448 3.353044 5.432492 0.005293
 0.000020 2.086347 3.356956 5.443304 0.000043
 0.000020 2.095412 3.361203 5.456614 0.005620
 0.000021 2.106316 3.365854 5.472170 0.028977
 0.000021 2.118485 3.370710 5.489195 0.075339
 0.000022 2.131520 3.375859 5.507380 0.148872
 0.000022 2.145021 3.381332 5.526353 0.252030
 0.000023 2.157884 3.387112 5.544996 0.379693
 0.000023 2.170103 3.393158 5.563261 0.530040
 0.000024 2.181208 3.399409 5.580617 0.696097
 0.000024 2.190366 3.405665 5.596032 0.862521
 0.000025 2.197246 3.411968 5.609214 1.018979
 0.000025 2.201729 3.418334 5.620062 1.157508
 0.000026 2.203940 3.424599 5.628539 1.271895
 0.000026 2.203805 3.430896 5.634701 1.358436
 0.000027 2.202117 3.437321 5.639439 1.426905
 0.000027 2.199551 3.443748 5.643299 1.483937
 0.000028 2.196264 3.449993 5.646257 1.528400
 0.000028 2.192500 3.456070 5.648571 1.563635
 0.000029 2.188705 3.461941 5.650646 1.595574
 0.000029 2.185672 3.467530 5.653202 1.635373
 0.000030 2.183532 3.472938 5.656469 1.686943
 0.000030 2.182605 3.477957 5.660562 1.752670
 0.000031 2.183094 3.482694 5.665788 1.838435
 0.000031 2.184651 3.487201 5.671852 1.940510
 0.000032 2.187334 3.491472 5.678806 2.060959
 0.000032 2.191195 3.495503 5.686698 2.202054
 0.000033 2.196289 3.499349 5.695638 2.367540
 0.000033 2.202460 3.502757 5.705217 2.551495
 0.000034 2.209066 3.505971 5.715036 2.747213
 0.000034 2.215518 3.509040 5.724557 2.943888
 0.000035 2.221147 3.511931 5.733079 3.125674
 0.000035 2.225598 3.514649 5.740247 3.282814
 0.000036 2.228286 3.517190 5.745476 3.399876
 0.000036 2.229268 3.519416 5.748684 3.472702
 0.000037 2.228354 3.521427 5.749781 3.497788
 0.000037 2.225908 3.523125 5.749033 3.480670
 0.000038 2.221992 3.524624 5.746617 3.425683
 0.000038 2.217063 3.525885 5.742948 3.343033
 0.000039 2.211048 3.526840 5.737888 3.230674
 0.000039 2.204202 3.527616 5.731818 3.098434
 0.000040 2.196773 3.528262 5.725034 2.953915
 0.000040 2.189258 3.528717 5.717974 2.807175
 0.000041 2.181898 3.528932 5.710830 2.662491
 0.000041 2.174914 3.528926 5.703840 2.524624
 0.000042 2.169132 3.528581 5.697713 2.406798
 0.000042 2.164810 3.527924 5.692735 2.313140
 0.000043 2.162221 3.527035 5.689255 2.248786
 0.000043 2.161508 3.526040 5.687548 2.217536
 0.000044 2.162730 3.524899 5.687629 2.219012
 0.000044 2.166195 3.523556 5.689751 2.257896
 0.000045 2.171137 3.521927 5.693064 2.319282
 0.000045 2.177116 3.520115 5.697231 2.397657
 0.000046 2.183820 3.518133 5.701953 2.488045
 0.000046 2.191245 3.515846 5.707092 2.588303
 0.000047 2.198864 3.513434 5.712298 2.691905
 0.000047 2.205911 3.511005 5.716916 2.785497
 0.000048 2.212247 3.508523 5.720770 2.864845
 0.000048 2.217123 3.506004 5.723127 2.913907
 0.000049 2.220005 3.503551 5.723555 2.922866
 0.000049 2.220723 3.501099 5.721822 2.886676
 0.000050 2.219542 3.498636 5.718178 2.811365
 0.000050 2.216281 3.496218 5.712499 2.695953
 0.000051 2.211244 3.493811 5.705055 2.548333
 0.000051 2.205068 3.491475 5.696542 2.384615
 0.000052 2.198114 3.489130 5.687244 2.211992
 0.000052 2.190889 3.486768 5.677657 2.040808
 0.000053 2.183878 3.484501 5.668379 1.881703
 0.000053 2.177754 3.482234 5.659988 1.743372
 0.000054 2.172903 3.479892 5.652795 1.629002
 0.000054 2.169376 3.477430 5.646806 1.536721
 0.000055 2.167182 3.474965 5.642147 1.466804
 0.000055 2.166698 3.472480 5.639178 1.423091
 0.000056 2.167897 3.469978 5.637874 1.404114
 0.000056 2.170742 3.467539 5.638281 1.410021
 0.000057 2.175084 3.465061 5.640145 1.437253
 0.000057 2.180733 3.462454 5.643187 1.482269
 0.000058 2.187050 3.459819 5.646870 1.537693
 0.000058 2.193463 3.457052 5.650516 1.593562
 0.000059 2.199486 3.454182 5.653668 1.642679
 0.000059 2.204878 3.451156 5.656034 1.680020
 0.000060 2.208915 3.448048 5.656964 1.694813
 0.000060 2.210965 3.444867 5.655832 1.676811
 0.000061 2.210726 3.441568 5.652294 1.621178
 0.000061 2.207971 3.438040 5.646011 1.524678
 0.000062 2.203071 3.434435 5.637505 1.398760
 0.000062 2.196522 3.430847 5.627370 1.255801
 0.000063 2.189025 3.427101 5.616126 1.106223
 0.000063 2.181358 3.423189 5.604547 0.962096
 0.000064 2.173699 3.419269 5.592969 0.828033
 0.000064 2.166613 3.415325 5.581938 0.709661
 0.000065 2.160447 3.411264 5.571711 0.608068
 0.000065 2.155774 3.407288 5.563062 0.528273
 0.000066 2.153165 3.403407 5.556572 0.472078
 0.000066 2.152872 3.399444 5.552316 0.436947
 0.000067 2.154650 3.395492 5.550142 0.419520
 0.000067 2.158615 3.391529 5.550144 0.419535
 0.000068 2.164537 3.387674 5.552211 0.436091
 0.000068 2.172235 3.384044 5.556279 0.469618
 0.000069 2.181359 3.380646 5.562005 0.518903
 0.000069 2.191282 3.377452 5.568734 0.579963
 0.000070 2.201810 3.374516 5.576325 0.652935
 0.000070 2.212407 3.371796 5.584204 0.733231
 0.000071 2.222686 3.369301 5.591988 0.817136
 0.000071 2.232027 3.367027 5.599055 0.897250
 0.000072 2.239740 3.364964 5.604704 0.963987
 0.000072 2.245400 3.363052 5.608453 1.009590
 0.000073 2.248716 3.361438 5.610154 1.030632
 0.000073 2.250128 3.360151 5.610279 1.032185
 0.000074 2.249667 3.359090 5.608757 1.013333
 0.000074 2.247552 3.358469 5.606021 0.979883
 0.000075 2.244379 3.358131 5.602509 0.937772
 0.000075 2.241178 3.358028 5.599205 0.898997
 0.000076 2.238181 3.358119 5.596299 0.865568
 0.000076 2.236175 3.358554 5.594729 0.847766
 0.000077 2.235464 3.359306 5.594770 0.848225
 0.000077 2.235683 3.360252 5.595936 0.861430
 0.000078 2.237187 3.361369 5.598556 0.891468
 0.000078 2.240211 3.362569 5.602780 0.940990
 0.000079 2.244440 3.363829 5.608269 1.007330
 0.000079 2.249859 3.365091 5.614949 1.091116
 0.000080 2.256385 3.366242 5.622627 1.191552
 0.000080 2.263523 3.367269 5.630792 1.303207
 0.000081 2.270615 3.368290 5.638905 1.419110
 0.000081 2.277543 3.369225 5.646768 1.536155
 0.000082 2.284039 3.370064 5.654103 1.649514
 0.000082 2.289214 3.370801 5.660015 1.743818
 0.000083 2.292698 3.371368 5.664066 1.809947
 0.000083 2.294596 3.371922 5.666518 1.850572
 0.000084 2.295214 3.372322 5.667536 1.867571
 0.000084 2.294224 3.372618 5.666842 1.855978
 0.000085 2.291348 3.372823 5.664172 1.811691
 0.000085 2.286628 3.372830 5.659458 1.734822
 0.000086 2.279784 3.372791 5.652576 1.625577
 0.000086 2.271734 3.372665 5.644399 1.500396
 0.000087 2.262622 3.372497 5.635119 1.364403
 0.000087 2.253190 3.372400 5.625591 1.231500
 0.000088 2.243779 3.372210 5.615989 1.104463
 0.000088 2.235018 3.371953 5.606970 0.991427
 0.000089 2.227092 3.371551 5.598643 0.892483
 0.000089 2.220366 3.370995 5.591362 0.810217
 0.000090 2.214909 3.370343 5.585253 0.744273
 0.000090 2.211160 3.369603 5.580763 0.697593
 0.000091 2.208736 3.368801 5.577537 0.664982
 0.000091 2.207550 3.367883 5.575433 0.644131
 0.000092 2.207228 3.366754 5.573982 0.629948
 0.000092 2.207867 3.365534 5.573401 0.624317
 0.000093 2.209468 3.364272 5.573740 0.627597
 0.000093 2.211118 3.362932 5.574050 0.630607
 0.000094 2.212354 3.361538 5.573892 0.629076
 0.000094 2.213123 3.360056 5.573179 0.622163
 0.000095 2.212691 3.358542 5.571233 0.603512
 0.000095 2.211358 3.356903 5.568262 0.575571
 0.000096 2.208703 3.355126 5.563829 0.535116
 0.000096 2.204669 3.353114 5.557783 0.482326
 0.000097 2.199914 3.350848 5.550761 0.424449
 0.000097 2.194894 3.348344 5.543239 0.366545
 0.000098 2.189592 3.345530 5.535122 0.308829
 0.000098 2.184616 3.342421 5.527037 0.256251
 0.000099 2.179720 3.339098 5.518818 0.207831
 0.000099 2.175257 3.335714 5.510971 0.166328
 0.000100 2.171239 3.332273 5.503511 0.131154
 0.000100 2.168336 3.328659 5.496995 0.103844
 0.000101 2.166890 3.324836 5.491726 0.084089
 0.000101 2.166473 3.320937 5.487411 0.069461
 0.000102 2.167475 3.316996 5.484472 0.060299
 0.000102 2.169779 3.313047 5.482827 0.055452
 0.000103 2.173175 3.309163 5.482338 0.054052
 0.000103 2.178158 3.305196 5.483354 0.056982
 0.000104 2.184212 3.301179 5.485391 0.063096
 0.000104 2.190850 3.297077 5.487927 0.071137
 0.000105 2.198144 3.292991 5.491135 0.082004
 0.000105 2.205698 3.289014 5.494712 0.095026
 0.000106 2.213194 3.285249 5.498443 0.109636
 0.000106 2.220480 3.281560 5.502041 0.124711
 0.000107 2.226982 3.277968 5.504949 0.137609
 0.000107 2.232581 3.274546 5.507128 0.147683
 0.000108 2.237245 3.271282 5.508526 0.154340
 0.000108 2.240807 3.268331 5.509138 0.157297
 0.000109 2.242975 3.265813 5.508788 0.155599
 0.000109 2.244039 3.263514 5.507554 0.149695
 0.000110 2.244050 3.261547 5.505598 0.140570
 0.000110 2.242941 3.259801 5.502742 0.127763
 0.000111 2.241031 3.258279 5.499310 0.113182
 0.000111 2.238330 3.256993 5.495323 0.097348
 0.000112 2.234788 3.255945 5.490733 0.080599
 0.000112 2.231353 3.255054 5.486407 0.066260
 0.000113 2.228284 3.254396 5.482680 0.055030
 0.000113 2.225961 3.253948 5.479909 0.047356
 0.000114 2.224636 3.253767 5.478403 0.043428
 0.000114 2.223842 3.253744 5.477586 0.041368
 0.000115 2.224277 3.253820 5.478098 0.042652
 0.000115 2.225949 3.253913 5.479862 0.047232
 0.000116 2.228746 3.254093 5.482839 0.055488
 0.000116 2.232586 3.254382 5.486968 0.068040
 0.000117 2.236976 3.254819 5.491794 0.084332
 0.000117 2.242000 3.255266 5.497267 0.104919
 0.000118 2.247781 3.255680 5.503462 0.130933
 0.000118 2.254206 3.256184 5.510390 0.163438
 0.000119 2.261010 3.256698 5.517709 0.201684
 0.000119 2.267575 3.257216 5.524791 0.242517
 0.000120 2.273659 3.257719 5.531378 0.283873
 0.000120 2.278571 3.258122 5.536693 0.319616
 0.000121 2.282865 3.258418 5.541283 0.352188
 0.000121 2.286495 3.258589 5.545084 0.380354
 0.000122 2.288894 3.258603 5.547496 0.398794
 0.000122 2.289755 3.258447 5.548202 0.404275
 0.000123 2.289937 3.258254 5.548190 0.404181
 0.000123 2.289286 3.258024 5.547310 0.397358
 0.000124 2.288523 3.257658 5.546180 0.388682
 0.000124 2.287886 3.257112 5.544998 0.379704
 0.000125 2.288402 3.256411 5.544812 0.378308
 0.000125 2.290531 3.255388 5.545918 0.386684
 0.000126 2.294310 3.254030 5.548340 0.405347
 0.000126 2.299643 3.252489 5.552132 0.435455
 0.000127 2.306517 3.250776 5.557293 0.478163
 0.000127 2.315262 3.248936 5.564198 0.538436
 0.000128 2.325399 3.246972 5.572371 0.614387
 0.000128 2.336824 3.244857 5.581681 0.707011
 0.000129 2.349693 3.242676 5.592370 0.821368
 0.000129 2.363284 3.240342 5.603626 0.951058
 0.000130 2.376589 3.237768 5.614357 1.083555
 0.000130 2.389447 3.235089 5.624536 1.217213
 0.000131 2.401221 3.232340 5.633561 1.342215
 0.000131 2.411434 3.229443 5.640877 1.448029
 0.000132 2.420152 3.226466 5.646618 1.533875
 0.000132 2.427141 3.223459 5.650600 1.594873
 0.000133 2.431723 3.220538 5.652261 1.620670
 0.000133 2.433945 3.217586 5.651532 1.609309
 0.000134 2.434449 3.214611 5.649059 1.571129
 0.000134 2.433553 3.211687 5.645241 1.513052
 0.000135 2.431789 3.208841 5.640630 1.444384
 0.000135 2.429169 3.206109 5.635278 1.366683
 0.000136 2.426032 3.203381 5.629413 1.284002
 0.000136 2.422637 3.200682 5.623319 1.200822
 0.000137 2.419603 3.198041 5.617644 1.125868
 0.000137 2.417829 3.195485 5.613313 1.070290
 0.000138 2.417688 3.193018 5.610706 1.037509
 0.000138 2.418714 3.190604 5.609319 1.020272
 0.000139 2.421161 3.188307 5.609469 1.022127
 0.000139 2.425118 3.186297 5.611415 1.046377
 0.000140 2.430020 3.184559 5.614579 1.086386
 0.000140 2.435735 3.183228 5.618963 1.143076
 0.000141 2.442023 3.182110 5.624134 1.211782
 0.000141 2.448558 3.181210 5.629768 1.288933
 0.000142 2.455295 3.180562 5.635857 1.374986
 0.000142 2.461675 3.180253 5.641928 1.463556
 0.000143 2.467148 3.180290 5.647437 1.546326
 0.000143 2.471073 3.180628 5.651701 1.611937
 0.000144 2.472984 3.181185 5.654169 1.650549
 0.000144 2.472264 3.182033 5.654297 1.652556
 0.000145 2.469076 3.183252 5.652328 1.621710
 0.000145 2.463212 3.184822 5.648034 1.555426
 0.000146 2.454943 3.186628 5.641571 1.458277
 0.000146 2.444350 3.188640 5.632990 1.334125
 0.000147 2.432076 3.190753 5.622829 1.194252
 0.000147 2.418119 3.193076 5.611195 1.043618
 0.000148 2.403234 3.195617 5.598851 0.894889
 0.000148 2.388048 3.198179 5.586227 0.754603
 0.000149 2.372943 3.200741 5.573683 0.627051
 0.000149 2.358574 3.203406 5.561980 0.518680
 0.000150 2.345404 3.206116 5.551520 0.430520
 0.000150 2.333997 3.209036 5.543033 0.365021
 0.000151 2.325338 3.211844 5.537182 0.323013
 0.000151 2.319410 3.214566 5.533976 0.301082
 0.000152 2.315475 3.217130 5.532605 0.291935
 0.000152 2.313380 3.219606 5.532987 0.294467
 0.000153 2.313239 3.222058 5.535298 0.310026
 0.000153 2.314562 3.224330 5.538892 0.335022
 0.000154 2.317109 3.226511 5.543620 0.369378
 0.000154 2.320242 3.228645 5.548887 0.409627
 0.000155 2.322634 3.230661 5.553295 0.444903
 0.000155 2.323604 3.232447 5.556051 0.467707
 0.000156 2.322537 3.233981 5.556518 0.471621
 0.000156 2.319009 3.235373 5.554383 0.453834
 0.000157 2.313021 3.236585 5.549605 0.415273
 0.000157 2.304376 3.237782 5.542158 0.358576
 0.000158 2.293650 3.238836 5.532485 0.291146
 0.000158 2.281024 3.239795 5.520819 0.219151
 0.000159 2.267304 3.240740 5.508044 0.152029
 0.000159 2.253109 3.241740 5.494849 0.095547
 0.000160 2.239176 3.242720 5.481896 0.052800
 0.000160 2.225899 3.243625 5.469524 0.023722
 0.000161 2.214616 3.244449 5.459065 0.008096
 0.000161 2.206419 3.245153 5.451572 0.001944
 0.000162 2.201252 3.245722 5.446974 0.000254
 0.000162 2.199048 3.246292 5.445340 0.000035
 0.000163 2.200295 3.246896 5.447192 0.000298
 0.000163 2.204913 3.247468 5.452382 0.002405
 0.000164 2.212363 3.248048 5.460411 0.009647
 0.000164 2.221810 3.248670 5.470479 0.025559
 0.000165 2.233293 3.249396 5.482689 0.055056
 0.000165 2.246077 3.250190 5.496267 0.100988
 0.000166 2.258997 3.251070 5.510067 0.161841
 0.000166 2.270980 3.251986 5.522966 0.231638
 0.000167 2.281446 3.252981 5.534428 0.304124
 0.000167 2.289744 3.254001 5.543745 0.370311
 0.000168 2.295279 3.255161 5.550440 0.421886
 0.000168 2.297808 3.256383 5.554190 0.452250
 0.000169 2.297231 3.257643 5.554874 0.457895
 0.000169 2.293964 3.258987 5.552951 0.442103
 0.000170 2.288842 3.260480 5.549323 0.413046
 0.000170 2.282315 3.261997 5.544312 0.374546
 0.000171 2.275626 3.263537 5.539162 0.336941
 0.000171 2.269115 3.265126 5.534241 0.302863
 0.000172 2.263584 3.266834 5.530418 0.277644
 0.000172 2.259340 3.268549 5.527889 0.261564
 0.000173 2.257042 3.270238 5.527279 0.257759
 0.000173 2.257191 3.271898 5.529090 0.269138
 0.000174 2.259787 3.273550 5.533337 0.296804
 0.000174 2.264684 3.275156 5.539839 0.341773
 0.000175 2.271292 3.276706 5.547998 0.402683
 0.000175 2.279140 3.278234 5.557374 0.478854
 0.000176 2.288361 3.279760 5.568121 0.574260
 0.000176 2.298124 3.281204 5.579328 0.682985
 0.000177 2.308262 3.282630 5.590892 0.805055
 0.000177 2.318090 3.284076 5.602167 0.933714
 0.000178 2.326873 3.285462 5.612336 1.057938
 0.000178 2.333758 3.286830 5.620588 1.164445
 0.000179 2.338114 3.288108 5.626221 1.240088
 0.000179 2.339828 3.289318 5.629147 1.280305
 0.000180 2.338868 3.290430 5.629298 1.282401
 0.000180 2.335353 3.291548 5.626901 1.249376
 0.000181 2.329772 3.292616 5.622389 1.188365
 0.000181 2.322724 3.293684 5.616407 1.109851
 0.000182 2.314862 3.294681 5.609543 1.023050
 0.000182 2.306561 3.295584 5.602145 0.933454
 0.000183 2.298412 3.296459 5.594871 0.849367
 0.000183 2.291201 3.297328 5.588529 0.779289
 0.000184 2.285845 3.298054 5.583899 0.730039
 0.000184 2.282598 3.298583 5.581180 0.701866
 0.000185 2.281532 3.298904 5.580436 0.694253
 0.000185 2.282746 3.299026 5.581772 0.707949
 0.000186 2.285750 3.298902 5.584651 0.737933
 0.000186 2.290750 3.298502 5.589252 0.787130
 0.000187 2.297639 3.297797 5.595436 0.855753
 0.000187 2.305869 3.297057 5.602925 0.942714
 0.000188 2.315124 3.296183 5.611307 1.045013
 0.000188 2.324544 3.295089 5.619633 1.151856
 0.000189 2.333683 3.293701 5.627384 1.255996
 0.000189 2.341933 3.291923 5.633856 1.346405
 0.000190 2.348554 3.289833 5.638388 1.411571
 0.000190 2.353579 3.287470 5.641049 1.450557
 0.000191 2.356854 3.284972 5.641826 1.462044
 0.000191 2.357480 3.282245 5.639725 1.431102
 0.000192 2.355411 3.279325 5.634736 1.358942
 0.000192 2.351568 3.276253 5.627821 1.261996
 0.000193 2.345781 3.272973 5.618754 1.140330
 0.000193 2.338453 3.269467 5.607921 1.003050
 0.000194 2.330021 3.265970 5.595991 0.862061
 0.000194 2.321400 3.262321 5.583721 0.728174
 0.000195 2.313469 3.258552 5.572020 0.611023
 0.000195 2.306117 3.254644 5.560761 0.507984
 0.000196 2.299741 3.250569 5.550310 0.420852
 0.000196 2.295202 3.246296 5.541498 0.353753
 0.000197 2.292826 3.241891 5.534717 0.306083
 0.000197 2.292959 3.237395 5.530354 0.277234
 0.000198 2.295419 3.233012 5.528431 0.264969
 0.000198 2.300291 3.228687 5.528978 0.268432
 0.000199 2.307642 3.224362 5.532004 0.287973
 0.000199 2.316840 3.220110 5.536949 0.321393
 0.000200 2.327130 3.215905 5.543035 0.365035
 0.000200 2.338058 3.211873 5.549932 0.417852
 0.000201 2.348668 3.208020 5.556688 0.473056
 0.000201 2.357789 3.204371 5.562160 0.520275
 0.000202 2.364740 3.201030 5.565770 0.552653
 0.000202 2.369299 3.198068 5.567367 0.567284
 0.000203 2.371034 3.195560 5.566594 0.560178
 0.000203 2.370029 3.193494 5.563522 0.532378
 0.000204 2.366737 3.191805 5.558542 0.488801
 0.000204 2.361353 3.190509 5.551862 0.433276
 0.000205 2.353875 3.189695 5.543570 0.369007
 0.000205 2.345192 3.189307 5.534499 0.304604
 0.000206 2.336629 3.189340 5.525969 0.249674
 0.000206 2.328852 3.189941 5.518792 0.207686
 0.000207 2.322362 3.190915 5.513277 0.178043
 0.000207 2.317877 3.192419 5.510297 0.162977
 0.000208 2.315837 3.194361 5.510198 0.162489
 0.000208 2.316627 3.196807 5.513434 0.178857
 0.000209 2.320066 3.199698 5.519763 0.213143
 0.000209 2.326211 3.202888 5.529100 0.269202
 0.000210 2.334909 3.206500 5.541409 0.353104
 0.000210 2.345597 3.210485 5.556081 0.467958
 0.000211 2.358188 3.214713 5.572901 0.619483
 0.000211 2.372156 3.219141 5.591296 0.809499
 0.000212 2.386637 3.223936 5.610573 1.035847
 0.000212 2.401323 3.228942 5.630265 1.295850
 0.000213 2.415378 3.234111 5.649489 1.577723
 0.000213 2.428410 3.239318 5.667728 1.870791
 0.000214 2.439663 3.244676 5.684338 2.159388
 0.000214 2.448390 3.250131 5.698520 2.422168
 0.000215 2.454086 3.255552 5.709638 2.638725
 0.000215 2.456515 3.261030 5.717546 2.798383
 0.000216 2.456010 3.266550 5.722560 2.902060
 0.000216 2.452648 3.272059 5.724707 2.947041
 0.000217 2.447171 3.277534 5.724705 2.946987
 0.000217 2.440020 3.282896 5.722916 2.909497
 0.000218 2.431362 3.288097 5.719458 2.837712
 0.000218 2.421897 3.292996 5.714893 2.744310
 0.000219 2.412273 3.297716 5.709988 2.645696
 0.000219 2.403721 3.302138 5.705859 2.564068
 0.000220 2.395753 3.306314 5.702067 2.490242
 0.000220 2.388703 3.310192 5.698895 2.429323
 0.000221 2.382705 3.313725 5.696430 2.382488
 0.000221 2.377992 3.316870 5.694862 2.352942
 0.000222 2.374639 3.319672 5.694311 2.342601
 0.000222 2.372741 3.322223 5.694963 2.354844
 0.000223 2.372265 3.324352 5.696617 2.386017
 0.000223 2.372983 3.326166 5.699149 2.434164
 0.000224 2.374592 3.327650 5.702242 2.493629
 0.000224 2.376843 3.328714 5.705557 2.558152
 0.000225 2.379404 3.329463 5.708866 2.623385
 0.000225 2.381361 3.329956 5.711317 2.672228
 0.000226 2.381960 3.330220 5.712179 2.689524
 0.000226 2.380579 3.330269 5.710848 2.662852
 0.000227 2.377280 3.329962 5.707242 2.591271
 0.000227 2.371282 3.329390 5.700672 2.463357
 0.000228 2.362697 3.328563 5.691259 2.285741
 0.000228 2.352032 3.327557 5.679589 2.074750
 0.000229 2.339715 3.326350 5.666066 1.843044
 0.000229 2.325772 3.325081 5.650853 1.598785
 0.000230 2.310801 3.323692 5.634493 1.355463
 0.000230 2.296010 3.322162 5.618172 1.132733
 0.000231 2.282061 3.320628 5.602689 0.939902
 0.000231 2.269664 3.319158 5.588822 0.782465
 0.000232 2.259090 3.317664 5.576754 0.657184
 0.000232 2.251302 3.316068 5.567369 0.567309
 0.000233 2.246752 3.314343 5.561095 0.510902
 0.000233 2.245972 3.312693 5.558665 0.489857
 0.000234 2.248816 3.311078 5.559894 0.500451
 0.000234 2.254969 3.309416 5.564386 0.540121
 0.000235 2.264136 3.307787 5.571923 0.610096
 0.000235 2.275770 3.306133 5.581903 0.709297
 0.000236 2.289036 3.304597 5.593633 0.835452
 0.000236 2.303340 3.303094 5.606434 0.984901
 0.000237 2.317689 3.301599 5.619288 1.147332
 0.000237 2.331615 3.300190 5.631805 1.317408
 0.000238 2.344215 3.298778 5.642993 1.479378
 0.000238 2.354697 3.297326 5.652023 1.616958
 0.000239 2.362355 3.295812 5.658167 1.714049
 0.000239 2.366892 3.294291 5.661183 1.762762
 0.000240 2.368645 3.292793 5.661437 1.766895
 0.000240 2.368037 3.291462 5.659499 1.735473
 0.000241 2.365651 3.290240 5.655892 1.677765
 0.000241 2.362022 3.289135 5.651157 1.603500
 0.000242 2.357744 3.288078 5.645822 1.521826
 0.000242 2.353353 3.287106 5.640459 1.441876
 0.000243 2.349427 3.286162 5.635588 1.371130
 0.000243 2.346786 3.285240 5.632026 1.320522
 0.000244 2.345868 3.284330 5.630198 1.294917
 0.000244 2.346679 3.283393 5.630072 1.293159
 0.000245 2.349118 3.282400 5.631518 1.313382
 0.000245 2.353098 3.281364 5.634462 1.355023
 0.000246 2.358544 3.280263 5.638807 1.417679
 0.000246 2.365358 3.279075 5.644433 1.500910
 0.000247 2.372871 3.277869 5.650740 1.597029
 0.000247 2.380297 3.276653 5.656950 1.694603
 0.000248 2.387134 3.275308 5.662442 1.783291
 0.000248 2.392663 3.273955 5.666618 1.852242
 0.000249 2.396340 3.272587 5.668926 1.890919
 0.000249 2.397669 3.271231 5.668900 1.890471
 0.000250 2.396456 3.269842 5.666298 1.846913
 0.000250 2.392145 3.268440 5.660584 1.753031
 0.000251 2.383822 3.267019 5.650841 1.598595
 0.000251 2.371970 3.265455 5.637425 1.397605
 0.000252 2.357305 3.263936 5.621241 1.173089
 0.000252 2.340593 3.262361 5.602954 0.943057
 0.000253 2.322764 3.260715 5.583479 0.725652
 0.000253 2.304888 3.258955 5.563843 0.535248
 0.000254 2.287631 3.257012 5.544643 0.377032
 0.000254 2.272502 3.255035 5.527537 0.259362
 0.000255 2.260374 3.253093 5.513467 0.179025
 0.000255 2.251885 3.251006 5.502892 0.128419
 0.000256 2.247398 3.248813 5.496211 0.100770
 0.000256 2.246525 3.246533 5.493058 0.088886
 0.000257 2.249465 3.244273 5.493739 0.091388
 0.000257 2.255999 3.241991 5.497990 0.107805
 0.000258 2.265424 3.239720 5.505145 0.138499
 0.000258 2.277327 3.237458 5.514785 0.185922
 0.000259 2.290830 3.235166 5.525995 0.249837
 0.000259 2.305178 3.232825 5.538003 0.328752
 0.000260 2.319448 3.230551 5.549999 0.418389
 0.000260 2.332521 3.228259 5.560781 0.508157
 0.000261 2.343200 3.225933 5.569133 0.583696
 0.000261 2.350928 3.223701 5.574630 0.636263
 0.000262 2.355538 3.221507 5.577045 0.660080
 0.000262 2.356865 3.219373 5.576238 0.652072
 0.000263 2.355666 3.217383 5.573049 0.620912
 0.000263 2.352167 3.215469 5.567637 0.569778
 0.000264 2.347821 3.213760 5.561582 0.515174
 0.000264 2.343525 3.212245 5.555770 0.465353
 0.000265 2.339994 3.210952 5.550946 0.425924
 0.000265 2.337869 3.210012 5.547881 0.401775
 0.000266 2.338075 3.209406 5.547480 0.398671
 0.000266 2.340790 3.209079 5.549868 0.417353
 0.000267 2.346294 3.209126 5.555420 0.462431
 0.000267 2.354502 3.209490 5.563991 0.536577
 0.000268 2.365426 3.210152 5.575577 0.645553
 0.000268 2.378505 3.211179 5.589684 0.791831
 0.000269 2.394149 3.212565 5.606715 0.988312
 0.000269 2.411924 3.214274 5.626198 1.239775
 0.000270 2.431186 3.216199 5.647385 1.545524
 0.000270 2.451121 3.218286 5.669407 1.899020
 0.000271 2.470902 3.220642 5.691544 2.291008
 0.000271 2.489809 3.223167 5.712976 2.705542
 0.000272 2.506357 3.225845 5.732202 3.106725
 0.000272 2.519939 3.228657 5.748596 3.470694
 0.000273 2.529928 3.231644 5.761573 3.773096
 0.000273 2.535949 3.234723 5.770672 3.992676
 0.000274 2.537806 3.237878 5.775685 4.116297
 0.000274 2.535459 3.241107 5.776566 4.138225
 0.000275 2.529242 3.244303 5.773545 4.063301
 0.000275 2.519413 3.247423 5.766835 3.899340
 0.000276 2.506251 3.250450 5.756701 3.658089
 0.000276 2.490730 3.253512 5.744242 3.372068
 0.000277 2.473955 3.256556 5.730511 3.070320
 0.000277 2.456860 3.259504 5.716363 2.774216
 0.000278 2.439994 3.262326 5.702321 2.495153
 0.000278 2.423885 3.265066 5.688951 2.243192
 0.000279 2.409327 3.267754 5.677081 2.030750
 0.000279 2.396973 3.270275 5.667248 1.862752
 0.000280 2.386530 3.272756 5.659286 1.732047
 0.000280 2.378192 3.275183 5.653375 1.638080
 0.000281 2.372204 3.277562 5.649766 1.581989
 0.000281 2.368450 3.279891 5.648341 1.560119
 0.000282 2.367052 3.282228 5.649280 1.574518
 0.000282 2.367741 3.284543 5.652284 1.621018
 0.000283 2.369989 3.286812 5.656801 1.692225
 0.000283 2.373471 3.289088 5.662559 1.785198
 0.000284 2.377643 3.291440 5.669083 1.893558
 0.000284 2.381954 3.293896 5.675850 2.009320
 0.000285 2.384839 3.296459 5.681298 2.105018
 0.000285 2.385658 3.299002 5.684660 2.165179
 0.000286 2.383938 3.301514 5.685452 2.179477
 0.000286 2.379624 3.303967 5.683591 2.145956
 0.000287 2.372607 3.306363 5.678970 2.063844
 0.000287 2.362728 3.308705 5.671432 1.933356
 0.000288 2.350148 3.310949 5.661097 1.761359
 0.000288 2.335813 3.313067 5.648880 1.568378
 0.000289 2.320398 3.314958 5.635356 1.367800
 0.000289 2.304791 3.316743 5.621534 1.176983
 0.000290 2.289598 3.318378 5.607976 1.003727
 0.000290 2.275491 3.319810 5.595301 0.854229
 0.000291 2.263118 3.321103 5.584221 0.733416
 0.000291 2.252840 3.322224 5.575064 0.640510
 0.000292 2.245360 3.323109 5.568468 0.577494
 0.000292 2.240966 3.323823 5.564789 0.543759
 0.000293 2.239833 3.324316 5.564149 0.537992
 0.000293 2.241890 3.324654 5.566544 0.559719
 0.000294 2.246928 3.324781 5.571709 0.608050
 0.000294 2.254563 3.324839 5.579402 0.683737
 0.000295 2.264400 3.324764 5.589164 0.786170
 0.000295 2.275858 3.324462 5.600320 0.911984
 0.000296 2.288721 3.323986 5.612707 1.062620
 0.000296 2.301925 3.323379 5.625304 1.227609
 0.000297 2.314778 3.322745 5.637523 1.399024
 0.000297 2.326139 3.322102 5.648241 1.558586
 0.000298 2.335286 3.321402 5.656688 1.690427
 0.000298 2.342105 3.320613 5.662718 1.787807
 0.000299 2.346563 3.319828 5.666390 1.848449
 0.000299 2.348503 3.319159 5.667662 1.869682
 0.000300 2.347937 3.318476 5.666412 1.848813
 0.000300 2.345355 3.317788 5.663143 1.794774
 0.000301 2.341011 3.317152 5.658163 1.713993
 0.000301 2.335658 3.316555 5.652213 1.619914
 0.000302 2.329788 3.315991 5.645779 1.521166
 0.000302 2.324113 3.315466 5.639579 1.428956
 0.000303 2.319056 3.314959 5.634015 1.348665
 0.000303 2.314784 3.314598 5.629382 1.283568
 0.000304 2.311910 3.314461 5.626371 1.242124
 0.000304 2.310597 3.314593 5.625190 1.226062
 0.000305 2.310408 3.314898 5.625306 1.227637
 0.000305 2.311717 3.315497 5.627214 1.253669
 0.000306 2.314494 3.316267 5.630761 1.302775
 0.000306 2.318595 3.317168 5.635763 1.373632
 0.000307 2.323222 3.318305 5.641527 1.457628
 0.000307 2.328379 3.319586 5.647966 1.554381
 0.000308 2.333171 3.321049 5.654220 1.651354
 0.000308 2.336448 3.322585 5.659032 1.727956
 0.000309 2.337886 3.324261 5.662147 1.778466
 0.000309 2.337230 3.326001 5.663231 1.796212
 0.000310 2.333590 3.327731 5.661321 1.765005
 0.000310 2.326479 3.329483 5.655963 1.678891
 0.000311 2.316373 3.331247 5.647619 1.549095
 0.000311 2.302929 3.332923 5.635852 1.374921
 0.000312 2.286423 3.334493 5.620916 1.168781
 0.000312 2.267594 3.336031 5.603625 0.951054
 0.000313 2.248179 3.337444 5.585624 0.748195
 0.000313 2.229161 3.338806 5.567968 0.572841
 0.000314 2.211302 3.340196 5.551499 0.430351
 0.000314 2.195615 3.341462 5.537077 0.322282
 0.000315 2.182712 3.342699 5.525411 0.246273
 0.000315 2.173222 3.343853 5.517075 0.198211
 0.000316 2.167585 3.344951 5.512536 0.174237
 0.000316 2.165830 3.345956 5.511787 0.170425
 0.000317 2.168132 3.346928 5.515060 0.187375
 0.000317 2.174335 3.347850 5.522185 0.227054
 0.000318 2.183599 3.348659 5.532257 0.289641
 0.000318 2.194929 3.349227 5.544157 0.373384
 0.000319 2.207409 3.349540 5.556949 0.475252
 0.000319 2.219946 3.349854 5.569801 0.589959
 0.000320 2.231435 3.350134 5.581569 0.705862
 0.000320 2.240919 3.350428 5.591347 0.810054
 0.000321 2.247087 3.350693 5.597780 0.882522
 0.000321 2.249253 3.350883 5.600136 0.909835
 0.000322 2.246824 3.351082 5.597907 0.883980
 0.000322 2.239752 3.351419 5.591171 0.808119
 0.000323 2.228662 3.351779 5.580442 0.694305
 0.000323 2.214930 3.352173 5.567104 0.564860
 0.000324 2.199599 3.352545 5.552144 0.435550
 0.000324 2.183778 3.352970 5.536748 0.319995
 0.000325 2.169313 3.353394 5.522707 0.230112
 0.000325 2.157072 3.353905 5.510976 0.166353
 0.000326 2.147618 3.354537 5.502155 0.125205
 0.000326 2.141394 3.355184 5.496578 0.102204
 0.000327 2.139324 3.355890 5.495214 0.096934
 0.000327 2.141235 3.356615 5.497850 0.107246
 0.000328 2.146788 3.357358 5.504146 0.133983
 0.000328 2.156078 3.358013 5.514090 0.182272
 0.000329 2.168178 3.358588 5.526766 0.254578
 0.000329 2.181932 3.359092 5.541025 0.350311
 0.000330 2.196655 3.359610 5.556265 0.469499
 0.000330 2.211371 3.360123 5.571494 0.605993
 0.000331 2.224488 3.360603 5.585091 0.742566
 0.000331 2.234606 3.361193 5.595798 0.859865
 0.000332 2.240764 3.361991 5.602755 0.940685
 0.000332 2.242749 3.362835 5.605584 0.974591
 0.000333 2.240616 3.363680 5.604296 0.959081
 0.000333 2.234580 3.364536 5.599116 0.897958
 0.000334 2.224965 3.365541 5.590507 0.800819
 0.000334 2.212674 3.366656 5.579330 0.683012
 0.000335 2.199164 3.367931 5.567095 0.564778
 0.000335 2.185513 3.369304 5.554817 0.457424
 0.000336 2.172380 3.370784 5.543164 0.365995
 0.000336 2.161142 3.372387 5.533529 0.298082
 0.000337 2.153023 3.374102 5.527124 0.256796
 0.000337 2.148398 3.375901 5.524299 0.239559
 0.000338 2.147434 3.377894 5.525328 0.245770
 0.000338 2.150287 3.380071 5.530358 0.277255
 0.000339 2.156402 3.382475 5.538877 0.334917
 0.000339 2.166048 3.385101 5.551149 0.427546
 0.000340 2.178951 3.387953 5.566904 0.563023
 0.000340 2.194273 3.390968 5.585240 0.744143
 0.000341 2.211204 3.394126 5.605330 0.971529
 0.000341 2.228956 3.397381 5.626336 1.241657
 0.000342 2.246740 3.400693 5.647433 1.546262
 0.000342 2.264090 3.404131 5.668221 1.879051
 0.000343 2.280025 3.407582 5.687607 2.218612
 0.000343 2.293424 3.411126 5.704550 2.538473
 0.000344 2.303853 3.414676 5.718529 2.818569
 0.000344 2.311415 3.418229 5.729643 3.051730
 0.000345 2.316054 3.421780 5.737833 3.229476
 0.000345 2.318269 3.425111 5.743380 3.352702
 0.000346 2.318280 3.428163 5.746444 3.421765
 0.000346 2.316320 3.431002 5.747323 3.441713
 0.000347 2.312622 3.433680 5.746302 3.418564
 0.000347 2.308298 3.436303 5.744600 3.380128
 0.000348 2.304140 3.438873 5.743013 3.344483
 0.000348 2.300729 3.441276 5.742005 3.321933
 0.000349 2.298194 3.443547 5.741742 3.316070
 0.000349 2.296472 3.445545 5.742017 3.322202
 0.000350 2.296048 3.447248 5.743296 3.350820
 0.000350 2.296938 3.448666 5.745604 3.402760
 0.000351 2.299290 3.449936 5.749226 3.485082
 0.000351 2.302331 3.451090 5.753421 3.581668
 0.000352 2.305656 3.451995 5.757650 3.680365
 0.000352 2.309827 3.452626 5.762453 3.794072
 0.000353 2.314418 3.452925 5.767343 3.911621
 0.000353 2.319161 3.453012 5.772173 4.029494
 0.000354 2.323530 3.452890 5.776420 4.134574
 0.000354 2.327209 3.452548 5.779757 4.218107
 0.000355 2.329725 3.452050 5.781775 4.269020
 0.000355 2.329669 3.451517 5.781186 4.254128
 0.000356 2.326977 3.450839 5.777815 4.169409
 0.000356 2.321520 3.449988 5.771508 4.013169
 0.000357 2.312957 3.448941 5.761898 3.780841
 0.000357 2.301513 3.447797 5.749310 3.487018
 0.000358 2.287171 3.446601 5.733773 3.140720
 0.000358 2.270457 3.445459 5.715916 2.765105
 0.000359 2.251901 3.444353 5.696254 2.379158
 0.000359 2.232137 3.443372 5.675509 2.003402
 0.000360 2.212088 3.442585 5.654673 1.658493
 0.000360 2.192308 3.442015 5.634323 1.353051
 0.000361 2.174053 3.441528 5.615581 1.099218
 0.000361 2.157821 3.441055 5.598876 0.895176
 0.000362 2.144570 3.440687 5.585257 0.744321
 0.000362 2.134543 3.440394 5.574937 0.639264
 0.000363 2.127979 3.440217 5.568196 0.574959
 0.000363 2.124970 3.440078 5.565048 0.546095
 0.000364 2.125534 3.440121 5.565655 0.551605
 0.000364 2.129741 3.440321 5.570063 0.592426
 0.000365 2.137140 3.440730 5.577870 0.668310
 0.000365 2.146355 3.441229 5.587584 0.769113
 0.000366 2.156942 3.441933 5.598875 0.895166
 0.000366 2.167550 3.442849 5.610399 1.033676
 0.000367 2.177067 3.443862 5.620929 1.168954
 0.000367 2.184201 3.445066 5.629267 1.281982
 0.000368 2.187908 3.446508 5.634416 1.354370
 0.000368 2.187407 3.448278 5.635685 1.372524
 0.000369 2.182341 3.450261 5.632602 1.328642
 0.000369 2.172592 3.452430 5.625023 1.223794
 0.000370 2.158901 3.454660 5.613561 1.073431
 0.000370 2.142292 3.457070 5.599362 0.900820
 0.000371 2.123797 3.459741 5.583537 0.726258
 0.000371 2.104624 3.462628 5.567251 0.566219
 0.000372 2.086097 3.465605 5.551702 0.431987
 0.000372 2.069607 3.468737 5.538344 0.331149
 0.000373 2.055762 3.471964 5.527726 0.260543
 0.000373 2.045182 3.475431 5.520613 0.217975
 0.000374 2.038582 3.479004 5.517586 0.201010
 0.000374 2.036232 3.482710 5.518942 0.208523
 0.000375 2.037899 3.486486 5.524385 0.240078
 0.000375 2.043693 3.490284 5.533977 0.301087
 0.000376 2.052667 3.494015 5.546682 0.392519
 0.000376 2.064464 3.497683 5.562147 0.520154
 0.000377 2.078438 3.501333 5.579772 0.687485
 0.000377 2.093709 3.504995 5.598705 0.893195
 0.000378 2.108549 3.508694 5.617242 1.120652
 0.000378 2.121935 3.512378 5.634313 1.352904
 0.000379 2.132974 3.515920 5.648895 1.568603
 0.000379 2.140376 3.519398 5.659774 1.739913
 0.000380 2.143815 3.522868 5.666683 1.853332
 0.000380 2.142756 3.526272 5.669028 1.892630
 0.000381 2.136977 3.529565 5.666542 1.850981
 0.000381 2.126924 3.532770 5.659694 1.738625
 0.000382 2.113346 3.535759 5.649105 1.571826
 0.000382 2.097672 3.538298 5.635970 1.376611
 0.000383 2.080894 3.540526 5.621420 1.175473
 0.000383 2.064631 3.542493 5.607124 0.993305
 0.000384 2.050071 3.544276 5.594346 0.843455
 0.000384 2.038026 3.545868 5.583893 0.729979
 0.000385 2.029451 3.547199 5.576650 0.656148
 0.000385 2.025137 3.548282 5.573419 0.624488
 0.000386 2.024935 3.549042 5.573976 0.629894
 0.000386 2.028745 3.549489 5.578234 0.671962
 0.000387 2.036112 3.549783 5.585894 0.751068
 0.000387 2.047117 3.549825 5.596942 0.872911
 0.000388 2.061259 3.549596 5.610855 1.039365
 0.000388 2.078093 3.549120 5.627213 1.253647
 0.000389 2.096574 3.548513 5.645087 1.510741
 0.000389 2.115932 3.547780 5.663711 1.804107
 0.000390 2.134661 3.547021 5.681683 2.111856
 0.000390 2.151824 3.546135 5.697959 2.411479
 0.000391 2.166557 3.545034 5.711591 2.677716
 0.000391 2.178331 3.543873 5.722204 2.894645
 0.000392 2.186678 3.542630 5.729308 3.044552
 0.000392 2.191156 3.541251 5.732407 3.111156
 0.000393 2.192503 3.539852 5.732354 3.110011
 0.000393 2.191501 3.538419 5.729921 3.057669
 0.000394 2.188489 3.536943 5.725432 2.962291
 0.000394 2.184341 3.535370 5.719712 2.842943
 0.000395 2.179917 3.533687 5.713604 2.718210
 0.000395 2.176279 3.531845 5.708124 2.608688
 0.000396 2.174136 3.529748 5.703884 2.525484
 0.000396 2.173705 3.527451 5.701156 2.472673
 0.000397 2.175425 3.525134 5.700559 2.461179
 0.000397 2.179159 3.522797 5.701956 2.488108
 0.000398 2.184923 3.520313 5.705236 2.551859
 0.000398 2.192713 3.517846 5.710559 2.657074
 0.000399 2.201989 3.515262 5.717251 2.792360
 0.000399 2.212531 3.512598 5.725128 2.955896
 0.000400 2.223708 3.509814 5.733521 3.135270
 0.000400 2.235216 3.506995 5.742211 3.326539
 0.000401 2.246565 3.504121 5.750686 3.518551
 0.000401 2.257097 3.500975 5.758072 3.690267
 0.000402 2.265980 3.497687 5.763667 3.823086
 0.000402 2.272538 3.494311 5.766849 3.899668
 0.000403 2.275774 3.490854 5.766628 3.894335
 0.000403 2.275104 3.487340 5.762445 3.793880
 0.000404 2.270202 3.483810 5.754012 3.595370
 0.000404 2.261943 3.480336 5.742279 3.328072
 0.000405 2.250167 3.476899 5.727066 2.996838
 0.000405 2.235569 3.473348 5.708917 2.624396
 0.000406 2.219287 3.469762 5.689049 2.244992
 0.000406 2.201969 3.466146 5.668115 1.877272
 0.000407 2.184551 3.462390 5.646941 1.538776
 0.000407 2.167349 3.458515 5.625864 1.235213
 0.000408 2.151457 3.454492 5.605950 0.979021
 0.000408 2.137612 3.450408 5.588020 0.773798
 0.000409 2.126168 3.446282 5.572450 0.615148
 0.000409 2.117856 3.442066 5.559922 0.500686
 0.000410 2.112980 3.437873 5.550853 0.425181
 0.000410 2.111514 3.433590 5.545104 0.380507
 0.000411 2.112918 3.429459 5.542377 0.360182
 0.000411 2.117106 3.425402 5.542509 0.361152
 0.000412 2.123852 3.421309 5.545161 0.380940
 0.000412 2.132316 3.417277 5.549593 0.415176
 0.000413 2.141885 3.413378 5.555263 0.461127
 0.000413 2.151702 3.409583 5.561285 0.512569
 0.000414 2.160669 3.405943 5.566612 0.560342
 0.000414 2.166962 3.402382 5.569343 0.585666
 0.000415 2.170021 3.399028 5.569048 0.582901
 0.000415 2.169712 3.395996 5.565708 0.552083
 0.000416 2.165426 3.393181 5.558607 0.489354
 0.000416 2.157609 3.390662 5.548271 0.404812
 0.000417 2.147430 3.388507 5.535938 0.314406
 0.000417 2.135284 3.386724 5.522008 0.226022
 0.000418 2.122395 3.385234 5.507629 0.150055
 0.000418 2.109840 3.384102 5.493942 0.092143
 0.000419 2.098758 3.383097 5.481855 0.052685
 0.000419 2.089656 3.382234 5.471890 0.028395
 0.000420 2.083288 3.381564 5.464852 0.015728
 0.000420 2.080359 3.381056 5.461414 0.010891
 0.000421 2.080413 3.380854 5.461267 0.010704
 0.000421 2.083969 3.380856 5.464825 0.015687
 0.000422 2.091285 3.381073 5.472358 0.029370
 0.000422 2.102230 3.381489 5.483719 0.058057
 0.000423 2.116399 3.382058 5.498456 0.109690
 0.000423 2.132870 3.382765 5.515635 0.190439
 0.000424 2.151004 3.383443 5.534448 0.304259
 0.000424 2.169924 3.384256 5.554180 0.452162
 0.000425 2.188356 3.385193 5.573549 0.625748
 0.000425 2.205274 3.386295 5.591569 0.812510
 0.000426 2.219499 3.387588 5.607087 0.992852
 0.000426 2.230035 3.388963 5.618997 1.143521
 0.000427 2.236319 3.390466 5.626784 1.247778
 0.000427 2.238334 3.392069 5.630403 1.297772
 0.000428 2.236862 3.393752 5.630613 1.300712
 0.000428 2.231768 3.395415 5.627183 1.253236
 0.000429 2.223493 3.397090 5.620583 1.164385
 0.000429 2.213105 3.398916 5.612021 1.053978
 0.000430 2.201664 3.400761 5.602424 0.936763
 0.000430 2.190487 3.402604 5.593091 0.829397
 0.000431 2.180878 3.404456 5.585334 0.745130
 0.000431 2.173054 3.406278 5.579332 0.683023
 0.000432 2.168021 3.408162 5.576182 0.651521
 0.000432 2.165823 3.410010 5.575833 0.648071
 0.000433 2.166658 3.411818 5.578476 0.674395
 0.000433 2.170384 3.413627 5.584010 0.731205
 0.000434 2.176989 3.415377 5.592365 0.821323
 0.000434 2.186557 3.417020 5.603577 0.950484
 0.000435 2.198856 3.418586 5.617441 1.123234
 0.000435 2.212969 3.420063 5.633032 1.334712
 0.000436 2.228248 3.421496 5.649744 1.581652
 0.000436 2.243994 3.422988 5.666982 1.858313
 0.000437 2.259110 3.424518 5.683628 2.146624
 0.000437 2.272762 3.426060 5.698822 2.427913
 0.000438 2.283973 3.427586 5.711560 2.677092
 0.000438 2.291959 3.429090 5.721049 2.870628
 0.000439 2.296260 3.430538 5.726798 2.991152
 0.000439 2.296548 3.431964 5.728511 3.027563
 0.000440 2.292640 3.433311 5.725952 2.973258
 0.000440 2.284833 3.434644 5.719477 2.838095
 0.000441 2.273823 3.435962 5.709785 2.641642
 0.000441 2.260441 3.437182 5.697623 2.405096
 0.000442 2.245556 3.438282 5.683838 2.150392
 0.000442 2.230604 3.439180 5.669784 1.905388
 0.000443 2.216076 3.439833 5.655909 1.678040
 0.000443 2.202577 3.440307 5.642884 1.477760
 0.000444 2.191421 3.440612 5.632033 1.320621
 0.000444 2.183318 3.440727 5.624044 1.210573
 0.000445 2.178672 3.440479 5.619151 1.145535
 0.000445 2.177433 3.439883 5.617317 1.121614
 0.000446 2.179657 3.438926 5.618582 1.138093
 0.000446 2.185323 3.437608 5.622931 1.195616
 0.000447 2.193664 3.435927 5.629592 1.286481
 0.000447 2.204401 3.433904 5.638305 1.410370
 0.000448 2.217757 3.431518 5.649275 1.574433
 0.000448 2.233164 3.428873 5.662037 1.776671
 0.000449 2.249623 3.425802 5.675425 2.001945
 0.000449 2.265783 3.422399 5.688182 2.229122
 0.000450 2.280694 3.418774 5.699468 2.440266
 0.000450 2.293111 3.414944 5.708055 2.607329
 0.000451 2.302222 3.410784 5.713006 2.706144
 0.000451 2.307496 3.406339 5.713835 2.722877
 0.000452 2.308603 3.401725 5.710327 2.652449
 0.000452 2.305877 3.396885 5.702762 2.503700
 0.000453 2.299828 3.391797 5.691625 2.292514
 0.000453 2.290763 3.386574 5.677337 2.035215
 0.000454 2.279473 3.381242 5.660715 1.755156
 0.000454 2.267297 3.375794 5.643091 1.480834
 0.000455 2.255060 3.370142 5.625202 1.226226
 0.000455 2.243441 3.364279 5.607720 1.000591
 0.000456 2.233015 3.358194 5.591209 0.808542
 0.000456 2.224410 3.352019 5.576429 0.653961
 0.000457 2.218256 3.345743 5.563998 0.536640
 0.000457 2.214499 3.339469 5.553968 0.450420
 0.000458 2.213429 3.333204 5.546633 0.392142
 0.000458 2.214755 3.327009 5.541764 0.355692
 0.000459 2.218191 3.320961 5.539152 0.336870
 0.000459 2.223902 3.315023 5.538925 0.335258
 0.000460 2.231432 3.309205 5.540637 0.347507
 0.000460 2.239854 3.303497 5.543351 0.367378
 0.000461 2.248360 3.297827 5.546187 0.388736
 0.000461 2.256326 3.292326 5.548653 0.407789
 0.000462 2.262757 3.286919 5.549675 0.415826
 0.000462 2.266638 3.281684 5.548322 0.405206
 0.000463 2.267305 3.276737 5.544042 0.372526
 0.000463 2.264449 3.272168 5.536617 0.319087
 0.000464 2.257923 3.267879 5.525802 0.248656
 0.000464 2.248234 3.263902 5.512135 0.172193
 0.000465 2.236206 3.260148 5.496354 0.101326
 0.000465 2.222434 3.256793 5.479227 0.045556
 0.000466 2.208081 3.253740 5.461821 0.011417
 0.000466 2.194615 3.250960 5.445575 0.000054
 0.000467 2.182785 3.248562 5.431347 0.006362
 0.000467 2.173369 3.246430 5.419799 0.022644
 0.000468 2.167037 3.244513 5.411550 0.040399
 0.000468 2.164473 3.242881 5.407354 0.051387
 0.000469 2.165854 3.241563 5.407416 0.051215
 0.000469 2.171320 3.240564 5.411884 0.039581
 0.000470 2.180872 3.239791 5.420663 0.021080
 0.000470 2.194121 3.239381 5.433502 0.004431
 0.000471 2.210154 3.239207 5.449362 0.000934
 0.000471 2.228333 3.239220 5.467554 0.020151
 0.000472 2.248204 3.239513 5.487717 0.070453
 0.000472 2.268247 3.239977 5.508223 0.152886
 0.000473 2.287560 3.240721 5.528281 0.264026
 0.000473 2.304949 3.241560 5.546508 0.391191
 0.000474 2.319662 3.242465 5.562127 0.519980
 0.000474 2.331471 3.243492 5.574962 0.639515
 0.000475 2.340048 3.244567 5.584615 0.737545
 0.000475 2.345731 3.245717 5.591448 0.811172
 0.000476 2.348917 3.246921 5.595839 0.860328
 0.000476 2.350183 3.248203 5.598387 0.889514
 0.000477 2.350389 3.249545 5.599934 0.907482
 0.000477 2.350358 3.250800 5.601158 0.921816
 0.000478 2.350874 3.251942 5.602817 0.941420
 0.000478 2.352777 3.252994 5.605771 0.976853
 0.000479 2.356113 3.253942 5.610055 1.029398
 0.000479 2.361409 3.254713 5.616122 1.106173
 0.000480 2.368941 3.255260 5.624201 1.212686
 0.000480 2.378946 3.255484 5.634430 1.354575
 0.000481 2.391432 3.255350 5.646782 1.536363
 0.000481 2.405808 3.254936 5.660744 1.755623
 0.000482 2.421819 3.254229 5.676047 2.012745
 0.000482 2.439268 3.253179 5.692447 2.307789
 0.000483 2.457689 3.251797 5.709486 2.635703
 0.000483 2.476659 3.250176 5.726835 2.991946
 0.000484 2.495468 3.248370 5.743838 3.362992
 0.000484 2.513136 3.246379 5.759515 3.724316
 0.000485 2.529445 3.244096 5.773541 4.063200
 0.000485 2.543123 3.241621 5.784744 4.344481
 0.000486 2.552991 3.239011 5.792002 4.531726
 0.000486 2.558635 3.236230 5.794865 4.606682
 0.000487 2.560057 3.233313 5.793370 4.567475
 0.000487 2.557509 3.230323 5.787833 4.423683
 0.000488 2.551510 3.227188 5.778697 4.191493
 0.000488 2.542656 3.223943 5.766599 3.893616
 0.000489 2.531910 3.220588 5.752498 3.560303
 0.000489 2.519969 3.217010 5.736979 3.210698
 0.000490 2.507690 3.213348 5.721038 2.870399
 0.000490 2.495699 3.209542 5.705241 2.551965
 0.000491 2.484523 3.205725 5.690248 2.267056
 0.000491 2.474602 3.201879 5.676481 2.020290
 0.000492 2.466269 3.197826 5.664095 1.810422
 0.000492 2.459781 3.193590 5.653371 1.638020
 0.000493 2.455585 3.189117 5.644703 1.504957
 0.000493 2.453568 3.184590 5.638158 1.408237
 0.000494 2.453594 3.180117 5.633711 1.344339
 0.000494 2.455752 3.175609 5.631361 1.311171
 0.000495 2.459731 3.171088 5.630819 1.303592
 0.000495 2.465049 3.166593 5.631641 1.315112
 0.000496 2.471373 3.161942 5.633315 1.338717
 0.000496 2.477557 3.157246 5.634803 1.359892
 0.000497 2.482801 3.152633 5.635434 1.368921
 0.000497 2.486390 3.148173 5.634563 1.356464
 0.000498 2.487396 3.143796 5.631192 1.308809
 0.000498 2.485193 3.139560 5.624753 1.220147
 0.000499 2.478755 3.135593 5.614348 1.083441
 0.000499 2.468254 3.131863 5.600117 0.909618
 0.000500 2.454503 3.128399 5.582902 0.719643
