#! FIELDS time dAB dAC rc bias
 0.000000 1.997605 2.620416 4.618021 21.933274
 0.000000 1.994942 2.618553 4.613494 21.674425
 0.000001 1.988204 2.616663 4.604867 21.185279
 0.000001 1.977562 2.614833 4.592396 20.488090
 0.000002 1.963000 2.612951 4.575951 19.586580
 0.000002 1.945394 2.610884 4.556279 18.534804
 0.000003 1.925558 2.608740 4.534297 17.393899
 0.000003 1.904078 2.606600 4.510678 16.208337
 0.000004 1.881545 2.604395 4.485940 15.011511
 0.000004 1.859013 2.602165 4.461178 13.859523
 0.000005 1.837736 2.599910 4.437646 12.807336
 0.000005 1.818426 2.597646 4.416072 11.879169
 0.000006 1.801308 2.595405 4.396713 11.076056
 0.000006 1.786552 2.593205 4.379757 10.395718
 0.000007 1.774793 2.591095 4.365888 9.855228
 0.000007 1.766125 2.589054 4.355179 9.447814
 0.000008 1.760741 2.587267 4.348008 9.179772
 0.000008 1.759103 2.585810 4.344913 9.065295
 0.000009 1.761596 2.584528 4.346124 9.109989
 0.000009 1.767881 2.583497 4.351378 9.305255
 0.000010 1.777529 2.582630 4.360159 9.636211
 0.000010 1.789739 2.581998 4.371737 10.081418
 0.000011 1.804389 2.581631 4.386020 10.644491
 0.000011 1.820570 2.581471 4.402040 11.294257
 0.000012 1.837075 2.581430 4.418504 11.982084
 0.000012 1.853064 2.581640 4.434704 12.678715
 0.000013 1.867367 2.581968 4.449336 13.324817
 0.000013 1.879098 2.582513 4.461611 13.879274
 0.000014 1.887131 2.583126 4.470257 14.276548
 0.000014 1.891402 2.583798 4.475200 14.506204
 0.000015 1.892008 2.584612 4.476621 14.572568
 0.000015 1.889675 2.585549 4.475224 14.507344
 0.000016 1.884750 2.586581 4.471331 14.326299
 0.000016 1.877577 2.587675 4.465252 14.045890
 0.000017 1.869643 2.588917 4.458560 13.740402
 0.000017 1.861843 2.590135 4.451978 13.443194
 0.000018 1.854483 2.591254 4.445737 13.164395
 0.000018 1.848129 2.592504 4.440633 12.938581
 0.000019 1.843263 2.593754 4.437017 12.779789
 0.000019 1.839531 2.594955 4.434485 12.669157
 0.000020 1.837385 2.596074 4.433459 12.624455
 0.000020 1.836783 2.597151 4.433934 12.645135
 0.000021 1.837399 2.598082 4.435481 12.712608
 0.000021 1.839060 2.598877 4.437938 12.820113
 0.000022 1.841613 2.599552 4.441165 12.962044
 0.000022 1.845061 2.600162 4.445223 13.141586
 0.000023 1.849748 2.600692 4.450440 13.374243
 0.000023 1.855677 2.601167 4.456845 13.662637
 0.000024 1.862604 2.601605 4.464210 13.998078
 0.000024 1.869840 2.602026 4.471866 14.351121
 0.000025 1.876875 2.602473 4.479348 14.700374
 0.000025 1.883065 2.602895 4.485960 15.012467
 0.000026 1.887690 2.603294 4.490983 15.251804
 0.000026 1.890270 2.603770 4.494040 15.398355
 0.000027 1.889735 2.604370 4.494105 15.401492
 0.000027 1.885588 2.605054 4.490642 15.235479
 0.000028 1.877878 2.605826 4.483705 14.905643
 0.000028 1.866920 2.606714 4.473634 14.433265
 0.000029 1.852509 2.607663 4.460172 13.813667
 0.000029 1.835642 2.608815 4.444457 13.107583
 0.000030 1.817310 2.610271 4.427581 12.369987
 0.000030 1.798226 2.611840 4.410065 11.626974
 0.000031 1.779232 2.613762 4.392994 10.924978
 0.000031 1.761566 2.615915 4.377481 10.306025
 0.000032 1.745888 2.618434 4.364321 9.795102
 0.000032 1.732677 2.621275 4.353952 9.401681
 0.000033 1.722210 2.624427 4.346637 9.128987
 0.000033 1.715207 2.627804 4.343011 8.995283
 0.000034 1.712081 2.631506 4.343587 9.016442
 0.000034 1.712792 2.635474 4.348265 9.189323
 0.000035 1.716869 2.639744 4.356613 9.501865
 0.000035 1.724618 2.644308 4.368926 9.972391
 0.000036 1.735611 2.649145 4.384756 10.594051
 0.000036 1.749968 2.654260 4.404228 11.384493
 0.000037 1.766837 2.659492 4.426328 12.316073
 0.000037 1.785301 2.664791 4.450092 13.358668
 0.000038 1.804912 2.670177 4.475090 14.501082
 0.000038 1.825120 2.675517 4.500637 15.717024
 0.000039 1.845399 2.680924 4.526324 16.988987
 0.000039 1.864669 2.686313 4.550983 18.256612
 0.000040 1.882284 2.691573 4.573856 19.473227
 0.000040 1.897683 2.696719 4.594402 20.599441
 0.000041 1.910392 2.701625 4.612017 21.590285
 0.000041 1.919410 2.706277 4.625687 22.375220
 0.000042 1.924808 2.710621 4.635429 22.943164
 0.000042 1.926803 2.714731 4.641535 23.302728
 0.000043 1.925387 2.718463 4.643849 23.439785
 0.000043 1.920669 2.721829 4.642499 23.359763
 0.000044 1.913334 2.724848 4.638181 23.104911
 0.000044 1.903505 2.727390 4.630895 22.677946
 0.000045 1.891400 2.729760 4.621160 22.113735
 0.000045 1.877930 2.731799 4.609729 21.460251
 0.000046 1.863218 2.733483 4.596701 20.727461
 0.000046 1.847465 2.734872 4.582337 19.934260
 0.000047 1.831181 2.735993 4.567174 19.113749
 0.000047 1.814588 2.736907 4.551496 18.283464
 0.000048 1.798581 2.737659 4.536240 17.493262
 0.000048 1.783903 2.738157 4.522060 16.774422
 0.000049 1.770457 2.738386 4.508843 16.117993
 0.000049 1.759130 2.738317 4.497447 15.562535
 0.000050 1.749818 2.738002 4.487820 15.100889
 0.000050 1.742510 2.737611 4.480121 14.736683
 0.000051 1.738026 2.736986 4.475012 14.497435
 0.000051 1.735907 2.736219 4.472125 14.363156
 0.000052 1.735664 2.735388 4.471052 14.313353
 0.000052 1.737372 2.734311 4.471684 14.342655
 0.000053 1.740417 2.733228 4.473645 14.433788
 0.000053 1.744477 2.732223 4.476700 14.576256
 0.000054 1.749250 2.731439 4.480689 14.763413
 0.000054 1.753922 2.730790 4.484712 14.953336
 0.000055 1.757587 2.730153 4.487740 15.097070
 0.000055 1.759914 2.729637 4.489551 15.183367
 0.000056 1.760159 2.729299 4.489458 15.178957
 0.000056 1.757851 2.729042 4.486894 15.056824
 0.000057 1.753461 2.728957 4.482417 14.844839
 0.000057 1.747059 2.729087 4.476146 14.550373
 0.000058 1.739392 2.729505 4.468897 14.213710
 0.000058 1.731043 2.730090 4.461133 13.857462
 0.000059 1.722579 2.730833 4.453412 13.507662
 0.000059 1.714495 2.731837 4.446332 13.190864
 0.000060 1.707684 2.733061 4.440745 12.943510
 0.000060 1.702197 2.734520 4.436717 12.766632
 0.000061 1.698494 2.736015 4.434509 12.670218
 0.000061 1.696629 2.737526 4.434155 12.654761
 0.000062 1.696758 2.739137 4.435895 12.730710
 0.000062 1.698798 2.740818 4.439616 12.893822
 0.000063 1.703425 2.742401 4.445826 13.168373
 0.000063 1.710103 2.743883 4.453986 13.533544
 0.000064 1.718922 2.745147 4.464070 13.991664
 0.000064 1.729891 2.746176 4.476067 14.546678
 0.000065 1.742999 2.746948 4.489947 15.202281
 0.000065 1.757923 2.747506 4.505429 15.950593
 0.000066 1.774257 2.747770 4.522026 16.772753
 0.000066 1.791555 2.747839 4.539393 17.655169
 0.000067 1.809042 2.747761 4.556802 18.562420
 0.000067 1.826045 2.747347 4.573392 19.448129
 0.000068 1.842600 2.746535 4.589136 20.307769
 0.000068 1.858353 2.745389 4.603742 21.121945
 0.000069 1.872318 2.743913 4.616230 21.830712
 0.000069 1.883869 2.742027 4.625895 22.387278
 0.000070 1.892776 2.739731 4.632507 22.772038
 0.000070 1.898846 2.737018 4.635863 22.968638
 0.000071 1.902240 2.734026 4.636266 22.992305
 0.000071 1.902265 2.730737 4.633002 22.800976
 0.000072 1.899335 2.727041 4.626376 22.415154
 0.000072 1.893085 2.722920 4.616005 21.817805
 0.000073 1.884467 2.718542 4.603008 21.080646
 0.000073 1.873952 2.713801 4.587753 20.231502
 0.000074 1.861963 2.708822 4.570785 19.307595
 0.000074 1.848672 2.703598 4.552270 18.324024
 0.000075 1.834439 2.698124 4.532563 17.305413
 0.000075 1.819812 2.692409 4.512221 16.284541
 0.000076 1.804908 2.686586 4.491495 15.276270
 0.000076 1.790316 2.680657 4.470973 14.309730
 0.000077 1.776666 2.674649 4.451315 13.413431
 0.000077 1.764615 2.668630 4.433245 12.615151
 0.000078 1.754134 2.662549 4.416683 11.904984
 0.000078 1.745759 2.656554 4.402313 11.305482
 0.000079 1.739854 2.650618 4.390471 10.823102
 0.000079 1.736256 2.644858 4.381113 10.449333
 0.000080 1.734782 2.639386 4.374168 10.176170
 0.000080 1.735670 2.634219 4.369888 10.009647
 0.000081 1.739222 2.629439 4.368661 9.962134
 0.000081 1.744912 2.624922 4.369834 10.007538
 0.000082 1.752501 2.620728 4.373230 10.139538
 0.000082 1.761641 2.616746 4.378387 10.341657
 0.000083 1.772045 2.613064 4.385109 10.608107
 0.000083 1.783640 2.609703 4.393343 10.939097
 0.000084 1.795244 2.606798 4.402041 11.294298
 0.000084 1.805876 2.604280 4.410155 11.630733
 0.000085 1.815614 2.602096 4.417710 11.948421
 0.000085 1.824020 2.600404 4.424424 12.234341
 0.000086 1.830045 2.599039 4.429084 12.434795
 0.000086 1.834281 2.598016 4.432297 12.573974
 0.000087 1.837176 2.597219 4.434395 12.665229
 0.000087 1.838840 2.596680 4.435521 12.714352
 0.000088 1.839452 2.596404 4.435856 12.729000
 0.000088 1.839486 2.596488 4.435974 12.734142
 0.000089 1.839180 2.596849 4.436029 12.736548
 0.000089 1.838696 2.597509 4.436206 12.744276
 0.000090 1.838546 2.598465 4.437010 12.779484
 0.000090 1.838892 2.599669 4.438561 12.847475
 0.000091 1.839845 2.601112 4.440957 12.952880
 0.000091 1.841814 2.602662 4.444476 13.108455
 0.000092 1.844919 2.604306 4.449225 13.319867
 0.000092 1.848914 2.606007 4.454921 13.575704
 0.000093 1.853901 2.607868 4.461769 13.886459
 0.000093 1.859666 2.609840 4.469506 14.241841
 0.000094 1.866138 2.611779 4.477918 14.633266
 0.000094 1.873687 2.613595 4.487282 15.075295
 0.000095 1.881759 2.615288 4.497047 15.543223
 0.000095 1.890074 2.616891 4.506965 16.025797
 0.000096 1.898031 2.618495 4.516526 16.498005
 0.000096 1.905644 2.620052 4.525696 16.957330
 0.000097 1.912917 2.621566 4.534483 17.403376
 0.000097 1.919398 2.622955 4.542353 17.807823
 0.000098 1.924875 2.624237 4.549112 18.158842
 0.000098 1.929167 2.625405 4.554573 18.444956
 0.000099 1.931333 2.626448 4.557781 18.614081
 0.000099 1.931079 2.627290 4.558369 18.645177
 0.000100 1.928493 2.628002 4.556496 18.546258
 0.000100 1.923487 2.628637 4.552124 18.316401
 0.000101 1.916204 2.629223 4.545428 17.967068
 0.000101 1.906757 2.629861 4.536618 17.512634
 0.000102 1.895558 2.630453 4.526010 16.973185
 0.000102 1.883204 2.630980 4.514183 16.381663
 0.000103 1.870120 2.631534 4.501655 15.766495
 0.000103 1.857052 2.632007 4.489059 15.159920
 0.000104 1.844372 2.632320 4.476692 14.575922
 0.000104 1.832203 2.632475 4.464677 14.019527
 0.000105 1.820273 2.632524 4.452798 13.480035
 0.000105 1.809908 2.632452 4.442361 13.014809
 0.000106 1.801737 2.632284 4.434021 12.648934
 0.000106 1.795689 2.631977 4.427666 12.373645
 0.000107 1.791796 2.631528 4.423324 12.187294
 0.000107 1.790211 2.630974 4.421185 12.096008
 0.000108 1.790535 2.630435 4.420970 12.086847
 0.000108 1.792850 2.629963 4.422812 12.165417
 0.000109 1.797206 2.629359 4.426565 12.326236
 0.000109 1.803168 2.628654 4.431823 12.553357
 0.000110 1.810568 2.627903 4.438471 12.843503
 0.000110 1.819128 2.627061 4.446189 13.184516
 0.000111 1.828710 2.626213 4.454923 13.575778
 0.000111 1.838596 2.625283 4.463880 13.982969
 0.000112 1.848393 2.624298 4.472691 14.389427
 0.000112 1.857566 2.623310 4.480875 14.772157
 0.000113 1.865565 2.622258 4.487823 15.101000
 0.000113 1.872112 2.621126 4.493238 15.359846
 0.000114 1.876671 2.619967 4.496638 15.523494
 0.000114 1.878568 2.618795 4.497363 15.558451
 0.000115 1.878251 2.617605 4.495856 15.485762
 0.000115 1.875732 2.616285 4.492017 15.301289
 0.000116 1.871363 2.614906 4.486269 15.027137
 0.000116 1.865625 2.613639 4.479264 14.696403
 0.000117 1.859262 2.612376 4.471638 14.340534
 0.000117 1.852690 2.611140 4.463831 13.980724
 0.000118 1.846039 2.609941 4.455980 13.623530
 0.000118 1.840142 2.608692 4.448835 13.302421
 0.000119 1.835135 2.607519 4.442654 13.027757
 0.000119 1.830881 2.606456 4.437337 12.793789
 0.000120 1.827981 2.605633 4.433613 12.631183
 0.000120 1.826509 2.604945 4.431454 12.537368
 0.000121 1.826363 2.604328 4.430691 12.504304
 0.000121 1.827563 2.603837 4.431399 12.534997
 0.000122 1.829929 2.603490 4.433419 12.622709
 0.000122 1.833265 2.603251 4.436516 12.757847
 0.000123 1.837760 2.603094 4.440854 12.948305
 0.000123 1.843339 2.602974 4.446313 13.190017
 0.000124 1.849788 2.603026 4.452814 13.480774
 0.000124 1.856745 2.603179 4.459924 13.802374
 0.000125 1.863951 2.603370 4.467320 14.140993
 0.000125 1.871015 2.603496 4.474511 14.474110
 0.000126 1.877656 2.603661 4.481317 14.792972
 0.000126 1.882928 2.603912 4.486840 15.054289
 0.000127 1.887095 2.604072 4.491167 15.260595
 0.000127 1.889764 2.603968 4.493732 15.383557
 0.000128 1.890841 2.603712 4.494552 15.422996
 0.000128 1.889797 2.603315 4.493112 15.353803
 0.000129 1.886341 2.602717 4.489058 15.159855
 0.000129 1.880640 2.601856 4.482496 14.848563
 0.000130 1.872925 2.600677 4.473602 14.431783
 0.000130 1.863177 2.599226 4.462403 13.915433
 0.000131 1.851712 2.597674 4.449386 13.327070
 0.000131 1.839314 2.595997 4.435311 12.705211
 0.000132 1.827174 2.594114 4.421288 12.100385
 0.000132 1.815574 2.591958 4.407532 11.521433
 0.000133 1.804985 2.589519 4.394503 10.986169
 0.000133 1.795589 2.586912 4.382501 10.504332
 0.000134 1.788163 2.584100 4.372263 10.101876
 0.000134 1.782767 2.581202 4.363969 9.781617
 0.000135 1.779578 2.578073 4.357650 9.541061
 0.000135 1.778515 2.574675 4.353190 9.373063
 0.000136 1.779850 2.571102 4.350952 9.289359
 0.000136 1.783641 2.567401 4.351042 9.292694
 0.000137 1.789185 2.563590 4.352775 9.357520
 0.000137 1.796215 2.559800 4.356015 9.479308
 0.000138 1.804629 2.555843 4.360473 9.648134
 0.000138 1.814336 2.551917 4.366253 9.869296
 0.000139 1.824354 2.547955 4.372309 10.103664
 0.000139 1.834526 2.544059 4.378585 10.349481
 0.000140 1.844784 2.540225 4.385008 10.604105
 0.000140 1.854041 2.536442 4.390483 10.823558
 0.000141 1.861814 2.532804 4.394618 10.990822
 0.000141 1.868124 2.529207 4.397331 11.101241
 0.000142 1.872420 2.525707 4.398126 11.133732
 0.000142 1.874821 2.522425 4.397246 11.097787
 0.000143 1.876009 2.519365 4.395374 11.021537
 0.000143 1.875867 2.516466 4.392333 10.898232
 0.000144 1.874594 2.513774 4.388368 10.738530
 0.000144 1.872904 2.511293 4.384197 10.571755
 0.000145 1.871136 2.508940 4.380076 10.408296
 0.000145 1.869322 2.506713 4.376035 10.249235
 0.000146 1.867977 2.504551 4.372528 10.112182
 0.000146 1.867108 2.502580 4.369688 10.001894
 0.000147 1.867078 2.500685 4.367762 9.927443
 0.000147 1.867944 2.498968 4.366912 9.894639
 0.000148 1.869751 2.497492 4.367243 9.907418
 0.000148 1.872276 2.496121 4.368397 9.951958
 0.000149 1.875876 2.494923 4.370800 10.044993
 0.000149 1.880541 2.493866 4.374407 10.185499
 0.000150 1.885824 2.493030 4.378855 10.360103
 0.000150 1.891116 2.492473 4.383589 10.547582
 0.000151 1.896242 2.492241 4.388483 10.743141
 0.000151 1.901449 2.492278 4.393726 10.954655
 0.000152 1.906001 2.492525 4.398526 11.150087
 0.000152 1.909569 2.493032 4.402602 11.317382
 0.000153 1.911623 2.493830 4.405453 11.435167
 0.000153 1.911623 2.495018 4.406641 11.484422
 0.000154 1.909348 2.496652 4.406000 11.457835
 0.000154 1.904959 2.498652 4.403611 11.359009
 0.000155 1.897817 2.500924 4.398741 11.158889
 0.000155 1.887894 2.503535 4.391429 10.861737
 0.000156 1.875201 2.506389 4.381589 10.468190
 0.000156 1.860158 2.509665 4.369823 10.007113
 0.000157 1.843675 2.513291 4.356966 9.515195
 0.000157 1.826427 2.517255 4.343682 9.019945
 0.000158 1.808736 2.521563 4.330299 8.534403
 0.000158 1.791860 2.526282 4.318142 8.104975
 0.000159 1.776756 2.531324 4.308080 7.757932
 0.000159 1.763591 2.536685 4.300276 7.493986
 0.000160 1.753076 2.542284 4.295359 7.330065
 0.000160 1.745509 2.548054 4.293563 7.270628
 0.000161 1.741088 2.553965 4.295053 7.319911
 0.000161 1.740646 2.560107 4.300753 7.510015
 0.000162 1.743864 2.566434 4.310297 7.833759
 0.000162 1.750333 2.572979 4.323313 8.286257
 0.000163 1.759984 2.579647 4.339631 8.871559
 0.000163 1.772375 2.586341 4.358715 9.581396
 0.000164 1.786583 2.593097 4.379679 10.392633
 0.000164 1.801879 2.599937 4.401816 11.285048
 0.000165 1.817458 2.606866 4.424324 12.230082
 0.000165 1.831817 2.613755 4.445572 13.157094
 0.000166 1.843938 2.620485 4.464424 14.007889
 0.000166 1.852732 2.627024 4.479755 14.719489
 0.000167 1.857899 2.633379 4.491278 15.265902
 0.000167 1.859243 2.639489 4.498732 15.624666
 0.000168 1.856937 2.645491 4.502429 15.804148
 0.000168 1.851241 2.651276 4.502517 15.808453
 0.000169 1.842555 2.656856 4.499412 15.657597
 0.000169 1.831774 2.662249 4.494022 15.397505
 0.000170 1.819811 2.667430 4.487241 15.073336
 0.000170 1.807651 2.672429 4.480080 14.734761
 0.000171 1.795883 2.677267 4.473150 14.410738
 0.000171 1.785454 2.682127 4.467581 14.152999
 0.000172 1.776612 2.686889 4.463500 13.965598
 0.000172 1.769814 2.691481 4.461295 13.864847
 0.000173 1.765208 2.696072 4.461280 13.864175
 0.000173 1.763082 2.700485 4.463567 13.968663
 0.000174 1.763472 2.704674 4.468147 14.179070
 0.000174 1.766344 2.708697 4.475040 14.498768
 0.000175 1.771220 2.712639 4.483860 14.912976
 0.000175 1.778079 2.716435 4.494514 15.421147
 0.000176 1.786640 2.720032 4.506672 16.011411
 0.000176 1.796307 2.723346 4.519653 16.653921
 0.000177 1.806831 2.726521 4.533352 17.345657
 0.000177 1.817456 2.729508 4.546963 18.046885
 0.000178 1.827459 2.732278 4.559738 18.717648
 0.000178 1.836132 2.734775 4.570907 19.314137
 0.000179 1.842926 2.737053 4.579979 19.805539
 0.000179 1.847375 2.739154 4.586528 20.164121
 0.000180 1.849037 2.741033 4.590070 20.359371
 0.000180 1.847047 2.742732 4.589779 20.343283
 0.000181 1.841293 2.744244 4.585537 20.109616
 0.000181 1.831581 2.745633 4.577215 19.655144
 0.000182 1.818028 2.746941 4.564969 18.995856
 0.000182 1.801634 2.748148 4.549781 18.193792
 0.000183 1.783207 2.749272 4.532478 17.301114
 0.000183 1.763767 2.750323 4.514090 16.377012
 0.000184 1.744130 2.751372 4.495503 15.468741
 0.000184 1.724822 2.752495 4.477317 14.605133
 0.000185 1.706624 2.753564 4.460188 13.814405
 0.000185 1.690246 2.754696 4.444942 13.129093
 0.000186 1.676113 2.755845 4.431958 12.559247
 0.000186 1.664992 2.756942 4.421933 12.127892
 0.000187 1.657625 2.758200 4.415824 11.868739
 0.000187 1.654038 2.759514 4.413552 11.773039
 0.000188 1.654427 2.760801 4.415229 11.843626
 0.000188 1.658411 2.762137 4.420548 12.068890
 0.000189 1.666062 2.763624 4.429686 12.460815
 0.000189 1.676667 2.765177 4.441844 12.991970
 0.000190 1.690201 2.766700 4.456901 13.665185
 0.000190 1.706640 2.768252 4.474893 14.491896
 0.000191 1.725197 2.769744 4.494941 15.441708
 0.000191 1.744725 2.771097 4.515822 16.463002
 0.000192 1.764213 2.772263 4.536476 17.505345
 0.000192 1.782907 2.773254 4.556161 18.528584
 0.000193 1.800200 2.774103 4.574303 19.497391
 0.000193 1.815065 2.774845 4.589910 20.350551
 0.000194 1.826196 2.775385 4.601581 21.000459
 0.000194 1.832909 2.775730 4.608639 21.398437
 0.000195 1.835381 2.775801 4.611183 21.542806
 0.000195 1.834026 2.775534 4.609559 21.450637
 0.000196 1.829344 2.775039 4.604382 21.157976
 0.000196 1.821879 2.774304 4.596183 20.698578
 0.000197 1.812284 2.773239 4.585523 20.108888
 0.000197 1.801585 2.771732 4.573318 19.444125
 0.000198 1.790738 2.769831 4.560569 18.761702
 0.000198 1.780202 2.767612 4.547814 18.091146
 0.000199 1.770679 2.765030 4.535709 17.466094
 0.000199 1.762362 2.762036 4.524398 16.891917
 0.000200 1.755827 2.758607 4.514435 16.394125
 0.000200 1.751587 2.754785 4.506372 15.996741
 0.000201 1.749336 2.750651 4.499987 15.685518
 0.000201 1.748671 2.746175 4.494846 15.437106
 0.000202 1.749814 2.741308 4.491122 15.258445
 0.000202 1.753187 2.736176 4.489363 15.174408
 0.000203 1.758716 2.730874 4.489590 15.185243
 0.000203 1.766443 2.725312 4.491754 15.288709
 0.000204 1.776182 2.719577 4.495758 15.481044
 0.000204 1.787013 2.713613 4.500626 15.716506
 0.000205 1.798557 2.707413 4.505970 15.977043
 0.000205 1.810285 2.701079 4.511364 16.242193
 0.000206 1.821554 2.694780 4.516334 16.488423
 0.000206 1.831874 2.688564 4.520438 16.693171
 0.000207 1.840224 2.682446 4.522670 16.805042
 0.000207 1.846555 2.676330 4.522884 16.815807
 0.000208 1.850121 2.670291 4.520411 16.691848
 0.000208 1.850570 2.664412 4.514982 16.421267
 0.000209 1.847779 2.658754 4.506532 16.004592
 0.000209 1.841619 2.653355 4.494974 15.443298
 0.000210 1.832520 2.648078 4.480597 14.759083
 0.000210 1.821115 2.643197 4.464312 14.002768
 0.000211 1.808228 2.638688 4.446916 13.216861
 0.000211 1.794988 2.634400 4.429387 12.447905
 0.000212 1.782342 2.630376 4.412718 11.738023
 0.000212 1.770952 2.626607 4.397559 11.110561
 0.000213 1.760760 2.623191 4.383951 10.561979
 0.000213 1.752918 2.620183 4.373101 10.134520
 0.000214 1.747644 2.617657 4.365301 9.832701
 0.000214 1.745124 2.615551 4.360675 9.655822
 0.000215 1.745526 2.613933 4.359459 9.609602
 0.000215 1.748715 2.612661 4.361376 9.682529
 0.000216 1.754728 2.611827 4.366555 9.880908
 0.000216 1.763680 2.611398 4.375079 10.211786
 0.000217 1.775207 2.611319 4.386526 10.664702
 0.000217 1.789484 2.611497 4.400980 11.250673
 0.000218 1.805697 2.611809 4.417506 11.939802
 0.000218 1.823149 2.612290 4.435439 12.710784
 0.000219 1.840777 2.612977 4.453754 13.523095
 0.000219 1.858307 2.613814 4.472121 14.362937
 0.000220 1.874739 2.614754 4.489493 15.180593
 0.000220 1.888764 2.615893 4.504657 15.912820
 0.000221 1.900419 2.617161 4.517580 16.550452
 0.000221 1.909067 2.618694 4.527761 17.061622
 0.000222 1.913877 2.620293 4.534170 17.387397
 0.000222 1.915204 2.621872 4.537076 17.536117
 0.000223 1.912906 2.623496 4.536403 17.501605
 0.000223 1.907492 2.625194 4.532686 17.311669
 0.000224 1.899173 2.626827 4.526000 16.972662
 0.000224 1.888616 2.628538 4.517154 16.529237
 0.000225 1.876444 2.630272 4.506716 16.013605
 0.000225 1.863033 2.631873 4.494905 15.439980
 0.000226 1.849087 2.633421 4.482508 14.849123
 0.000226 1.835590 2.634937 4.470527 14.289065
 0.000227 1.822944 2.636393 4.459337 13.775678
 0.000227 1.811774 2.637818 4.449592 13.336270
 0.000228 1.802183 2.639182 4.441365 12.970848
 0.000228 1.794311 2.640400 4.434711 12.679000
 0.000229 1.788316 2.641432 4.429749 12.463526
 0.000229 1.784719 2.642322 4.427040 12.346687
 0.000230 1.783235 2.643152 4.426387 12.318578
 0.000230 1.784018 2.643853 4.427871 12.382454
 0.000231 1.786403 2.644491 4.430894 12.513077
 0.000231 1.790213 2.645008 4.435222 12.701288
 0.000232 1.794882 2.645343 4.440225 12.920615
 0.000232 1.799628 2.645425 4.445054 13.134068
 0.000233 1.803864 2.645320 4.449184 13.318022
 0.000233 1.807060 2.645009 4.452070 13.447327
 0.000234 1.808647 2.644464 4.453111 13.494140
 0.000234 1.808463 2.643653 4.452116 13.449420
 0.000235 1.805778 2.642667 4.448445 13.285023
 0.000235 1.800659 2.641597 4.442256 13.010185
 0.000236 1.793542 2.640388 4.433930 12.644967
 0.000236 1.784833 2.638918 4.423751 12.205539
 0.000237 1.775005 2.637275 4.412280 11.719656
 0.000237 1.764217 2.635467 4.399684 11.197500
 0.000238 1.753070 2.633578 4.386648 10.669610
 0.000238 1.742715 2.631623 4.374338 10.182814
 0.000239 1.733782 2.629643 4.363425 9.760770
 0.000239 1.726692 2.627657 4.354349 9.416586
 0.000240 1.721762 2.625652 4.347414 9.157755
 0.000240 1.719579 2.623711 4.343290 9.005535
 0.000241 1.720135 2.621704 4.341839 8.952285
 0.000241 1.723095 2.619739 4.342834 8.988787
 0.000242 1.728713 2.617831 4.346544 9.125532
 0.000242 1.736831 2.615967 4.352798 9.358391
 0.000243 1.747519 2.614127 4.361646 9.692824
 0.000243 1.760429 2.612233 4.372662 10.117422
 0.000244 1.775556 2.610294 4.385850 10.637698
 0.000244 1.792081 2.608372 4.400453 11.229005
 0.000245 1.809691 2.606404 4.416095 11.880174
 0.000245 1.827643 2.604506 4.432150 12.567554
 0.000246 1.845458 2.602746 4.448205 13.274299
 0.000246 1.862506 2.601188 4.463694 13.974459
 0.000247 1.878278 2.599695 4.477973 14.635870
 0.000247 1.892126 2.598420 4.490546 15.230876
 0.000248 1.904034 2.597266 4.501300 15.749245
 0.000248 1.913635 2.596226 4.509861 16.168116
 0.000249 1.920644 2.595283 4.515927 16.468228
 0.000249 1.924756 2.594298 4.519054 16.623986
 0.000250 1.926162 2.593293 4.519455 16.644012
 0.000250 1.924967 2.592354 4.517321 16.537556
 0.000251 1.921206 2.591459 4.512666 16.306507
 0.000251 1.915471 2.590544 4.506015 15.979247
 0.000252 1.908195 2.589640 4.497835 15.581297
 0.000252 1.899593 2.588694 4.488287 15.123110
 0.000253 1.890300 2.587704 4.478004 14.637331
 0.000253 1.880417 2.586621 4.467038 14.127990
 0.000254 1.870416 2.585535 4.455951 13.622209
 0.000254 1.860596 2.584361 4.444956 13.129748
 0.000255 1.851256 2.583083 4.434339 12.662809
 0.000255 1.842921 2.581539 4.424460 12.235918
 0.000256 1.835264 2.579860 4.415123 11.839178
 0.000256 1.828535 2.578093 4.406628 11.483886
 0.000257 1.822913 2.576209 4.399122 11.174476
 0.000257 1.818386 2.574186 4.392573 10.907931
 0.000258 1.815167 2.572170 4.387337 10.697166
 0.000258 1.813252 2.570121 4.383373 10.538992
 0.000259 1.812315 2.568008 4.380323 10.418050
 0.000259 1.812172 2.565824 4.377996 10.326271
 0.000260 1.812783 2.563563 4.376346 10.261459
 0.000260 1.813937 2.561297 4.375234 10.217861
 0.000261 1.815550 2.559073 4.374623 10.193947
 0.000261 1.817229 2.556974 4.374202 10.177515
 0.000262 1.818402 2.554947 4.373349 10.144198
 0.000262 1.819110 2.552952 4.372062 10.094048
 0.000263 1.819498 2.551037 4.370535 10.034728
 0.000263 1.818965 2.549088 4.368054 9.938688
 0.000264 1.817207 2.547270 4.364477 9.801085
 0.000264 1.814716 2.545669 4.360385 9.644804
 0.000265 1.811663 2.544195 4.355858 9.473383
 0.000265 1.808123 2.542875 4.350997 9.291037
 0.000266 1.804352 2.541586 4.345938 9.103109
 0.000266 1.800800 2.540354 4.341154 8.927210
 0.000267 1.798324 2.539193 4.337517 8.794602
 0.000267 1.797162 2.538090 4.335252 8.712529
 0.000268 1.797237 2.537185 4.334422 8.682550
 0.000268 1.798806 2.536382 4.335188 8.710216
 0.000269 1.801690 2.535586 4.337276 8.785858
 0.000269 1.806193 2.534845 4.341038 8.922944
 0.000270 1.812265 2.534116 4.346381 9.119500
 0.000270 1.819877 2.533436 4.353313 9.377685
 0.000271 1.828758 2.532724 4.361482 9.686574
 0.000271 1.838861 2.532073 4.370935 10.050233
 0.000272 1.849932 2.531502 4.381434 10.462044
 0.000272 1.861521 2.530928 4.392449 10.902938
 0.000273 1.873254 2.530451 4.403705 11.362886
 0.000273 1.884956 2.529986 4.414942 11.831530
 0.000274 1.896451 2.529522 4.425973 12.300828
 0.000274 1.907570 2.528916 4.436486 12.756529
 0.000275 1.917990 2.528255 4.446245 13.186989
 0.000275 1.927226 2.527595 4.454821 13.571194
 0.000276 1.934900 2.526855 4.461754 13.885795
 0.000276 1.941273 2.526060 4.467333 14.141576
 0.000277 1.946569 2.525192 4.471762 14.346274
 0.000277 1.950520 2.524328 4.474848 14.489806
 0.000278 1.953235 2.523501 4.476736 14.577972
 0.000278 1.954671 2.522604 4.477275 14.603190
 0.000279 1.955240 2.521636 4.476876 14.584521
 0.000279 1.955026 2.520636 4.475662 14.527796
 0.000280 1.953968 2.519628 4.473597 14.431535
 0.000280 1.952369 2.518569 4.470938 14.308070
 0.000281 1.950242 2.517554 4.467796 14.162896
 0.000281 1.947252 2.516615 4.463867 13.982390
 0.000282 1.943780 2.515830 4.459610 13.788104
 0.000282 1.939931 2.515148 4.455079 13.582826
 0.000283 1.936009 2.514625 4.450634 13.382938
 0.000283 1.931956 2.514271 4.446227 13.186197
 0.000284 1.928037 2.514094 4.442131 13.004673
 0.000284 1.924200 2.514145 4.438345 12.837974
 0.000285 1.920421 2.514312 4.434733 12.679986
 0.000285 1.916510 2.514717 4.431227 12.527510
 0.000286 1.912392 2.515431 4.427824 12.380432
 0.000286 1.908092 2.516312 4.424404 12.233515
 0.000287 1.903446 2.517469 4.420916 12.084538
 0.000287 1.897979 2.518928 4.416907 11.914474
 0.000288 1.891981 2.520648 4.412629 11.734275
 0.000288 1.886162 2.522537 4.408699 11.569990
 0.000289 1.880613 2.524672 4.405285 11.428193
 0.000289 1.875607 2.527065 4.402672 11.320286
 0.000290 1.870852 2.529657 4.400509 11.231320
 0.000290 1.866424 2.532389 4.398812 11.161788
 0.000291 1.862771 2.535291 4.398063 11.131129
 0.000291 1.859930 2.538196 4.398126 11.133734
 0.000292 1.857833 2.541202 4.399035 11.170893
 0.000292 1.856296 2.544217 4.400513 11.231475
 0.000293 1.855933 2.547147 4.403080 11.337079
 0.000293 1.857032 2.550020 4.407053 11.501506
 0.000294 1.859064 2.552830 4.411895 11.703511
 0.000294 1.862257 2.555535 4.417792 11.951903
 0.000295 1.866599 2.558147 4.424745 12.248135
 0.000295 1.871701 2.560781 4.432483 12.582013
 0.000296 1.877150 2.563397 4.440547 12.934799
 0.000296 1.882862 2.565844 4.448706 13.296663
 0.000297 1.888664 2.568098 4.456761 13.658868
 0.000297 1.894758 2.570122 4.464880 14.028807
 0.000298 1.900878 2.571914 4.472793 14.394135
 0.000298 1.907295 2.573472 4.480767 14.767071
 0.000299 1.913857 2.574896 4.488753 15.145314
 0.000299 1.920313 2.576191 4.496504 15.517020
 0.000300 1.926563 2.577261 4.503824 15.872177
 0.000300 1.932149 2.578064 4.510213 16.185426
 0.000301 1.937032 2.578611 4.515644 16.454133
 0.000301 1.940817 2.578866 4.519683 16.655427
 0.000302 1.943582 2.578776 4.522358 16.789403
 0.000302 1.945611 2.578445 4.524057 16.874749
 0.000303 1.946938 2.577776 4.524714 16.907820
 0.000303 1.947647 2.576723 4.524370 16.890506
 0.000304 1.947354 2.575459 4.522813 16.812221
 0.000304 1.946118 2.574047 4.520165 16.679526
 0.000305 1.943868 2.572453 4.516321 16.487809
 0.000305 1.940634 2.570732 4.511365 16.242274
 0.000306 1.936180 2.568879 4.505059 15.932465
 0.000306 1.930803 2.566957 4.497761 15.577689
 0.000307 1.924624 2.565053 4.489677 15.189395
 0.000307 1.918116 2.563078 4.481193 14.787136
 0.000308 1.912223 2.561067 4.473290 14.417261
 0.000308 1.906555 2.559016 4.465571 14.060549
 0.000309 1.901204 2.556987 4.458191 13.723661
 0.000309 1.896288 2.555095 4.451382 13.416479
 0.000310 1.892201 2.553288 4.445490 13.153429
 0.000310 1.888536 2.551575 4.440111 12.915592
 0.000311 1.885473 2.549995 4.435469 12.712085
 0.000311 1.882949 2.548523 4.431471 12.538125
 0.000312 1.881130 2.547073 4.428204 12.396808
 0.000312 1.879880 2.545685 4.425565 12.283280
 0.000313 1.879406 2.544419 4.423824 12.208679
 0.000313 1.879730 2.543307 4.423037 12.175032
 0.000314 1.880688 2.542438 4.423127 12.178847
 0.000314 1.882051 2.541750 4.423801 12.207693
 0.000315 1.883723 2.541365 4.425088 12.262805
 0.000315 1.885155 2.541310 4.426465 12.321956
 0.000316 1.886526 2.541388 4.427914 12.384326
 0.000316 1.887623 2.541676 4.429300 12.444119
 0.000317 1.888379 2.542252 4.430631 12.501686
 0.000317 1.888862 2.543094 4.431956 12.559136
 0.000318 1.888957 2.544123 4.433080 12.607988
 0.000318 1.888704 2.545453 4.434158 12.654884
 0.000319 1.888093 2.547007 4.435100 12.695964
 0.000319 1.887445 2.548676 4.436121 12.740566
 0.000320 1.887114 2.550470 4.437584 12.804597
 0.000320 1.887123 2.552341 4.439464 12.887136
 0.000321 1.887266 2.554312 4.441578 12.980234
 0.000321 1.887325 2.556332 4.443657 13.072149
 0.000322 1.887561 2.558409 4.445970 13.174775
 0.000322 1.888138 2.560584 4.448722 13.297416
 0.000323 1.889343 2.562871 4.452214 13.453816
 0.000323 1.890974 2.565142 4.456116 13.629687
 0.000324 1.893107 2.567269 4.460376 13.822983
 0.000324 1.896174 2.569248 4.465423 14.053724
 0.000325 1.899705 2.571073 4.470778 14.300684
 0.000325 1.903402 2.572825 4.476227 14.554167
 0.000326 1.907318 2.574234 4.481553 14.804070
 0.000326 1.910859 2.575376 4.486235 15.025545
 0.000327 1.913984 2.576302 4.490286 15.218475
 0.000327 1.916241 2.576982 4.493222 15.359077
 0.000328 1.917892 2.577459 4.495351 15.461422
 0.000328 1.918931 2.577647 4.496578 15.520584
 0.000329 1.918938 2.577515 4.496452 15.514520
 0.000329 1.917528 2.577060 4.494588 15.424699
 0.000330 1.914110 2.576334 4.490444 15.226025
 0.000330 1.908800 2.575405 4.484204 14.929285
 0.000331 1.902039 2.574258 4.476297 14.557420
 0.000331 1.894084 2.572883 4.466967 14.124714
 0.000332 1.884551 2.571291 4.455841 13.617258
 0.000332 1.873615 2.569451 4.443066 13.045989
 0.000333 1.861432 2.567327 4.428759 12.420791
 0.000333 1.848236 2.565009 4.413245 11.760152
 0.000334 1.834855 2.562568 4.397423 11.105018
 0.000334 1.821924 2.560073 4.381997 10.484345
 0.000335 1.809485 2.557545 4.367030 9.899222
 0.000335 1.797708 2.554906 4.352613 9.351464
 0.000336 1.786976 2.552119 4.339095 8.852017
 0.000336 1.777606 2.549303 4.326909 8.413541
 0.000337 1.770025 2.546444 4.316468 8.046724
 0.000337 1.763924 2.543622 4.307547 7.739751
 0.000338 1.759890 2.541007 4.300896 7.514809
 0.000338 1.757693 2.538618 4.296311 7.361654
 0.000339 1.757337 2.536472 4.293809 7.278731
 0.000339 1.758725 2.534619 4.293343 7.263360
 0.000340 1.761408 2.532987 4.294395 7.298113
 0.000340 1.765344 2.531509 4.296853 7.379671
 0.000341 1.770635 2.530217 4.300851 7.513305
 0.000341 1.776394 2.529117 4.305511 7.670533
 0.000342 1.781905 2.528265 4.310169 7.829365
 0.000342 1.787198 2.527674 4.314872 7.991346
 0.000343 1.792733 2.527357 4.320091 8.173067
 0.000343 1.798617 2.527261 4.325879 8.376972
 0.000344 1.804775 2.527497 4.332272 8.605140
 0.000344 1.811681 2.528116 4.339797 8.877612
 0.000345 1.819252 2.529219 4.348471 9.196948
 0.000345 1.827680 2.530816 4.358495 9.573064
 0.000346 1.837097 2.532797 4.369893 10.009850
 0.000346 1.847255 2.535024 4.382279 10.495522
 0.000347 1.858511 2.537550 4.396060 11.049466
 0.000347 1.870634 2.540265 4.410899 11.661817
 0.000348 1.883512 2.543133 4.426645 12.329677
 0.000348 1.896933 2.546213 4.443146 13.049537
 0.000349 1.910495 2.549559 4.460054 13.808300
 0.000349 1.924202 2.553174 4.477376 14.607892
 0.000350 1.937828 2.556988 4.494816 15.435681
 0.000350 1.951531 2.560974 4.512505 16.298557
 0.000351 1.964690 2.565101 4.529792 17.164512
 0.000351 1.976813 2.569374 4.546187 18.006524
 0.000352 1.987810 2.573891 4.561701 18.821808
 0.000352 1.997243 2.578426 4.575668 19.571285
 0.000353 2.004705 2.583080 4.587785 20.233271
 0.000353 2.009555 2.587862 4.597417 20.767405
 0.000354 2.011115 2.592704 4.603819 21.126263
 0.000354 2.009201 2.597561 4.606762 21.292236
 0.000355 2.003290 2.602388 4.605678 21.231019
 0.000355 1.993377 2.607118 4.600495 20.939533
 0.000356 1.979695 2.611894 4.591589 20.443375
 0.000356 1.962240 2.616702 4.578942 19.749060
 0.000357 1.941374 2.621499 4.562873 18.884130
 0.000357 1.917707 2.626189 4.543896 17.887634
 0.000358 1.892094 2.630761 4.522856 16.814373
 0.000358 1.865292 2.635161 4.500453 15.708103
 0.000359 1.838645 2.639361 4.478006 14.637424
 0.000359 1.812554 2.643351 4.455906 13.620154
 0.000360 1.787906 2.647111 4.435017 12.692378
 0.000360 1.765466 2.650617 4.416083 11.879664
 0.000361 1.746097 2.653983 4.400080 11.213703
 0.000361 1.729982 2.657238 4.387220 10.692505
 0.000362 1.717470 2.660372 4.377843 10.320252
 0.000362 1.709223 2.663270 4.372492 10.110808
 0.000363 1.705179 2.665959 4.371138 10.058128
 0.000363 1.705292 2.668499 4.373791 10.161449
 0.000364 1.709925 2.670726 4.380651 10.431050
 0.000364 1.718724 2.672652 4.391376 10.859601
 0.000365 1.730869 2.674415 4.405284 11.428176
 0.000365 1.745681 2.675870 4.421551 12.111610
 0.000366 1.762234 2.677051 4.439285 12.879252
 0.000366 1.779155 2.678076 4.457231 13.680151
 0.000367 1.795416 2.678962 4.474377 14.467871
 0.000367 1.809836 2.679716 4.489552 15.183409
 0.000368 1.821454 2.680289 4.501743 15.770786
 0.000368 1.829347 2.680762 4.510109 16.180301
 0.000369 1.832826 2.681185 4.514011 16.373126
 0.000369 1.831545 2.681538 4.513083 16.327153
 0.000370 1.825624 2.681768 4.507392 16.046762
 0.000370 1.816095 2.681867 4.497962 15.587429
 0.000371 1.803580 2.681818 4.485398 14.985818
 0.000371 1.789354 2.681789 4.471143 14.317593
 0.000372 1.774973 2.681753 4.456725 13.657238
 0.000372 1.761830 2.681627 4.443457 13.063280
 0.000373 1.750587 2.681544 4.432131 12.566752
 0.000373 1.742166 2.681578 4.423744 12.205238
 0.000374 1.737856 2.681667 4.419523 12.025329
 0.000374 1.737433 2.681800 4.419234 12.013031
 0.000375 1.740582 2.681987 4.422569 12.155024
 0.000375 1.747277 2.682071 4.429348 12.446196
 0.000376 1.758023 2.682008 4.440031 12.912061
 0.000376 1.772988 2.681818 4.454806 13.570488
 0.000377 1.791572 2.681630 4.473202 14.413188
 0.000377 1.812961 2.681461 4.494422 15.416708
 0.000378 1.836679 2.681174 4.517854 16.564100
 0.000378 1.861737 2.680829 4.542567 17.818865
 0.000379 1.887474 2.680264 4.567738 19.143957
 0.000379 1.912409 2.679427 4.591836 20.457066
 0.000380 1.935909 2.678401 4.614310 21.720947
 0.000380 1.957669 2.677120 4.634789 22.905629
 0.000381 1.976884 2.675446 4.652330 23.945340
 0.000381 1.993000 2.673492 4.666492 24.801630
 0.000382 2.005481 2.671240 4.676721 25.429426
 0.000382 2.013949 2.668660 4.682609 25.794410
 0.000383 2.018161 2.665854 4.684016 25.881969
 0.000383 2.017824 2.662757 4.680581 25.668403
 0.000384 2.013756 2.659402 4.673158 25.209868
 0.000384 2.006313 2.655644 4.661957 24.525778
 0.000385 1.995768 2.651558 4.647326 23.646403
 0.000385 1.983024 2.647225 4.630249 22.640275
 0.000386 1.968514 2.642832 4.611346 21.552079
 0.000386 1.952993 2.638240 4.591233 20.423678
 0.000387 1.936894 2.633490 4.570384 19.285985
 0.000387 1.920585 2.628534 4.549119 18.159223
 0.000388 1.904852 2.623332 4.528184 17.083045
 0.000388 1.890155 2.618052 4.508207 16.086732
 0.000389 1.876515 2.612602 4.489118 15.162696
 0.000389 1.864280 2.606979 4.471259 14.322974
 0.000390 1.853420 2.601224 4.454644 13.563176
 0.000390 1.843926 2.595371 4.439297 12.879817
 0.000391 1.836109 2.589537 4.425646 12.286764
 0.000391 1.830072 2.583711 4.413783 11.782740
 0.000392 1.825297 2.577999 4.403296 11.346018
 0.000392 1.821394 2.572292 4.393686 10.953024
 0.000393 1.818056 2.566499 4.384554 10.585999
 0.000393 1.815013 2.560726 4.375739 10.237630
 0.000394 1.811599 2.554968 4.366567 9.881363
 0.000394 1.807358 2.549166 4.356524 9.498501
 0.000395 1.802054 2.543448 4.345503 9.087042
 0.000395 1.795584 2.537775 4.333359 8.644220
 0.000396 1.788139 2.532163 4.320302 8.180453
 0.000396 1.780299 2.526599 4.306898 7.717651
 0.000397 1.772321 2.521111 4.293433 7.266321
 0.000397 1.764779 2.515728 4.280507 6.845832
 0.000398 1.758848 2.510396 4.269243 6.489659
 0.000398 1.754779 2.505082 4.259861 6.200243
 0.000399 1.752752 2.499779 4.252531 5.978714
 0.000399 1.753461 2.494546 4.248007 5.844005
 0.000400 1.757084 2.489308 4.246391 5.796258
 0.000400 1.763570 2.484122 4.247692 5.834676
 0.000401 1.773087 2.479004 4.252090 5.965521
 0.000401 1.785510 2.474031 4.259541 6.190491
 0.000402 1.800315 2.469174 4.269488 6.497307
 0.000402 1.817137 2.464398 4.281536 6.878846
 0.000403 1.835581 2.459828 4.295408 7.331686
 0.000403 1.855607 2.455450 4.311057 7.859816
 0.000404 1.876649 2.451140 4.327789 8.444828
 0.000404 1.898021 2.447035 4.345056 9.070567
 0.000405 1.918852 2.442948 4.361800 9.698694
 0.000405 1.938772 2.438894 4.377666 10.313282
 0.000406 1.957176 2.434940 4.392116 10.889473
 0.000406 1.973153 2.431077 4.404230 11.384569
 0.000407 1.987188 2.427304 4.414492 11.812594
 0.000407 1.998730 2.423691 4.422422 12.148732
 0.000408 2.007925 2.420265 4.428190 12.396203
 0.000408 2.014377 2.416955 4.431332 12.532078
 0.000409 2.018194 2.413716 4.431910 12.557142
 0.000409 2.019707 2.410504 4.430211 12.483507
 0.000410 2.018935 2.407422 4.426357 12.317315
 0.000410 2.015982 2.404446 4.420429 12.063797
 0.000411 2.010991 2.401564 4.412555 11.731201
 0.000411 2.004118 2.398836 4.402954 11.331897
 0.000412 1.996005 2.396321 4.392326 10.897948
 0.000412 1.987298 2.393901 4.381200 10.452745
 0.000413 1.978288 2.391589 4.369877 10.009219
 0.000413 1.969012 2.389376 4.358388 9.568988
 0.000414 1.960001 2.387059 4.347060 9.144639
 0.000414 1.951696 2.384668 4.336365 8.752807
 0.000415 1.943866 2.382253 4.326119 8.385506
 0.000415 1.936535 2.379978 4.316513 8.048264
 0.000416 1.929648 2.377896 4.307545 7.739682
 0.000416 1.923376 2.376064 4.299440 7.466000
 0.000417 1.917685 2.374471 4.292156 7.224214
 0.000417 1.912912 2.372968 4.285881 7.019132
 0.000418 1.908724 2.371500 4.280225 6.836803
 0.000418 1.904998 2.370277 4.275275 6.679202
 0.000419 1.901592 2.369319 4.270911 6.541807
 0.000419 1.898140 2.368667 4.266808 6.413890
 0.000420 1.894800 2.368105 4.262905 6.293423
 0.000420 1.891638 2.367694 4.259332 6.184101
 0.000421 1.888543 2.367456 4.255999 6.083021
 0.000421 1.885191 2.367501 4.252692 5.983530
 0.000422 1.881489 2.367776 4.249265 5.881303
 0.000422 1.877513 2.368377 4.245890 5.781498
 0.000423 1.872823 2.369284 4.242107 5.670627
 0.000423 1.867791 2.370378 4.238169 5.556348
 0.000424 1.862968 2.371702 4.234670 5.455786
 0.000424 1.858893 2.373311 4.232204 5.385477
 0.000425 1.855851 2.374910 4.230760 5.344517
 0.000425 1.854273 2.376669 4.230942 5.349674
 0.000426 1.854103 2.378553 4.232656 5.398321
 0.000426 1.855568 2.380480 4.236048 5.495289
 0.000427 1.858902 2.382473 4.241375 5.649285
 0.000427 1.864329 2.384479 4.248808 5.867745
 0.000428 1.871731 2.386486 4.258217 6.150195
 0.000428 1.880988 2.388486 4.269474 6.496850
 0.000429 1.891804 2.390492 4.282295 6.903271
 0.000429 1.904011 2.392428 4.296439 7.365894
 0.000430 1.917571 2.394388 4.311959 7.890822
 0.000430 1.932218 2.396368 4.328586 8.473209
 0.000431 1.947364 2.398357 4.345720 9.095080
 0.000431 1.962576 2.400232 4.362807 9.737157
 0.000432 1.977499 2.401871 4.379370 10.380419
 0.000432 1.992083 2.403325 4.395408 11.022928
 0.000433 2.005741 2.404556 4.410297 11.636665
 0.000433 2.017751 2.405472 4.423222 12.182933
 0.000434 2.028093 2.406174 4.434267 12.659657
 0.000434 2.036474 2.406652 4.443127 13.048668
 0.000435 2.042798 2.406951 4.449750 13.343330
 0.000435 2.046931 2.407014 4.453945 13.531667
 0.000436 2.048662 2.406751 4.455413 13.597889
 0.000436 2.048376 2.406266 4.454642 13.563097
 0.000437 2.045840 2.405657 4.451497 13.421601
 0.000437 2.040768 2.404828 4.445596 13.158150
 0.000438 2.033262 2.403929 4.437191 12.787402
 0.000438 2.023448 2.403020 4.426468 12.322079
 0.000439 2.011414 2.402116 4.413531 11.772151
 0.000439 1.997736 2.401282 4.399018 11.170216
 0.000440 1.982805 2.400533 4.383338 10.537608
 0.000440 1.966688 2.399971 4.366659 9.884927
 0.000441 1.949678 2.399577 4.349254 9.226087
 0.000441 1.932500 2.399433 4.331933 8.592971
 0.000442 1.915259 2.399566 4.314826 7.989755
 0.000442 1.897876 2.400083 4.297960 7.416533
 0.000443 1.880807 2.400982 4.281789 6.886974
 0.000443 1.864696 2.402336 4.267032 6.420840
 0.000444 1.850114 2.404203 4.254317 6.032308
 0.000444 1.837127 2.406489 4.243616 5.714705
 0.000445 1.826033 2.409240 4.235273 5.473060
 0.000445 1.816842 2.412380 4.229222 5.301058
 0.000446 1.809616 2.416028 4.225644 5.200630
 0.000446 1.804466 2.420246 4.224711 5.174624
 0.000447 1.801577 2.424987 4.226565 5.226389
 0.000447 1.800946 2.430117 4.231063 5.353095
 0.000448 1.802044 2.435615 4.237659 5.541620
 0.000448 1.804389 2.441528 4.245917 5.782274
 0.000449 1.808086 2.447837 4.255923 6.080719
 0.000449 1.812699 2.454573 4.267272 6.428301
 0.000450 1.818001 2.461629 4.279631 6.817800
 0.000450 1.823843 2.469090 4.292933 7.249812
 0.000451 1.830563 2.476815 4.307378 7.734014
 0.000451 1.837820 2.484788 4.322608 8.261428
 0.000452 1.845528 2.492943 4.338471 8.829282
 0.000452 1.854111 2.501110 4.355221 9.449370
 0.000453 1.863453 2.509276 4.372729 10.120027
 0.000453 1.873420 2.517375 4.390795 10.836151
 0.000454 1.883694 2.525395 4.409089 11.586266
 0.000454 1.895032 2.533156 4.428188 12.396134
 0.000455 1.907752 2.540618 4.448370 13.281677
 0.000455 1.921715 2.547727 4.469442 14.238888
 0.000456 1.936597 2.554600 4.491197 15.262016
 0.000456 1.952277 2.561188 4.513465 16.346074
 0.000457 1.968366 2.567339 4.535705 17.465869
 0.000457 1.984562 2.573156 4.557718 18.610783
 0.000458 2.000934 2.578555 4.579489 19.778853
 0.000458 2.016715 2.583468 4.600183 20.922053
 0.000459 2.031853 2.587932 4.619785 22.034570
 0.000459 2.046348 2.591938 4.638285 23.111024
 0.000460 2.059859 2.595484 4.655342 24.126232
 0.000460 2.072010 2.598604 4.670614 25.053679
 0.000461 2.082168 2.601287 4.683455 25.847056
 0.000461 2.089902 2.603520 4.693422 26.471392
 0.000462 2.094790 2.605395 4.700185 26.899248
 0.000462 2.096582 2.606813 4.703395 27.103537
 0.000463 2.094658 2.607777 4.702435 27.042357
 0.000463 2.088399 2.608374 4.696773 26.682962
 0.000464 2.077701 2.608632 4.686333 26.026590
 0.000464 2.062646 2.608552 4.671198 25.089476
 0.000465 2.043806 2.608250 4.652056 23.928920
 0.000465 2.021358 2.607678 4.629036 22.569667
 0.000466 1.995761 2.606892 4.602653 21.060681
 0.000466 1.967404 2.605953 4.573358 19.446285
 0.000467 1.937489 2.604854 4.542342 17.807246
 0.000467 1.907348 2.603728 4.511076 16.228000
 0.000468 1.878593 2.602641 4.481234 14.789061
 0.000468 1.852078 2.601545 4.453623 13.517192
 0.000469 1.829085 2.600478 4.429563 12.455483
 0.000469 1.810049 2.599444 4.409492 11.603069
 0.000470 1.796126 2.598437 4.394563 10.988603
 0.000470 1.787668 2.597545 4.385213 10.612251
 0.000471 1.784865 2.596866 4.381730 10.473773
 0.000471 1.787853 2.596338 4.384191 10.571526
 0.000472 1.796153 2.596046 4.392199 10.892821
 0.000472 1.809170 2.596147 4.405317 11.429519
 0.000473 1.826057 2.596606 4.422663 12.159031
 0.000473 1.845302 2.597344 4.442646 13.027402
 0.000474 1.865943 2.598436 4.464379 14.005858
 0.000474 1.886438 2.599900 4.486338 15.030432
 0.000475 1.904932 2.601661 4.506593 16.007571
 0.000475 1.919719 2.603728 4.523447 16.844083
 0.000476 1.930001 2.606101 4.536102 17.486176
 0.000476 1.935349 2.608735 4.544084 17.897370
 0.000477 1.935881 2.611786 4.547667 18.083509
 0.000477 1.931642 2.615143 4.546785 18.037609
 0.000478 1.923989 2.618727 4.542716 17.826561
 0.000478 1.914161 2.622520 4.536681 17.515862
 0.000479 1.903032 2.626403 4.529435 17.146406
 0.000479 1.892145 2.630451 4.522596 16.801353
 0.000480 1.882181 2.634738 4.516919 16.517528
 0.000480 1.874033 2.639108 4.513142 16.330059
 0.000481 1.867925 2.643529 4.511454 16.246639
 0.000481 1.864022 2.647895 4.511917 16.269523
 0.000482 1.862828 2.652216 4.515044 16.424357
 0.000482 1.864129 2.656440 4.520568 16.699694
 0.000483 1.867959 2.660507 4.528466 17.097328
 0.000483 1.874210 2.664373 4.538583 17.613500
 0.000484 1.882509 2.668003 4.550513 18.232026
 0.000484 1.892401 2.671320 4.563721 18.929305
 0.000485 1.903571 2.674410 4.577981 19.696809
 0.000485 1.915130 2.677197 4.592328 20.484311
 0.000486 1.926722 2.679697 4.606419 21.272888
 0.000486 1.937718 2.681898 4.619616 22.024899
 0.000487 1.946809 2.683879 4.630687 22.665842
 0.000487 1.953022 2.685523 4.638545 23.126344
 0.000488 1.955757 2.686850 4.642607 23.366177
 0.000488 1.954038 2.687918 4.641957 23.327684
 0.000489 1.947425 2.688687 4.636111 22.983193
 0.000489 1.935966 2.689110 4.625076 22.339828
 0.000490 1.919991 2.689263 4.609255 21.433362
 0.000490 1.900376 2.689181 4.589557 20.331020
 0.000491 1.878049 2.688858 4.566907 19.099427
 0.000491 1.854646 2.688404 4.543049 17.843807
 0.000492 1.831161 2.687766 4.518927 16.617629
 0.000492 1.808230 2.686872 4.495101 15.449413
 0.000493 1.786625 2.685910 4.472535 14.382189
 0.000493 1.767194 2.684722 4.451915 13.440390
 0.000494 1.750268 2.683383 4.433651 12.632807
 0.000494 1.736255 2.681990 4.418245 11.971095
 0.000495 1.725415 2.680628 4.406042 11.459586
 0.000495 1.717826 2.679235 4.397061 11.090236
 0.000496 1.713366 2.677909 4.391275 10.855495
 0.000496 1.711596 2.676663 4.388259 10.734150
 0.000497 1.712577 2.675530 4.388107 10.728038
 0.000497 1.716777 2.674532 4.391309 10.856883
 0.000498 1.723583 2.673643 4.397227 11.097012
 0.000498 1.733467 2.672717 4.406184 11.465439
 0.000499 1.746232 2.671798 4.418030 11.961986
 0.000499 1.761497 2.670981 4.432478 12.581814
 0.000500 1.778643 2.670328 4.448971 13.308512
