#! FIELDS time dAB dAC rc bias
 0.000000 1.428685 2.391467 3.820152 8.425375
 0.000000 1.425850 2.389639 3.815489 8.235065
 0.000001 1.423111 2.387079 3.810190 8.021401
 0.000001 1.420539 2.383865 3.804403 7.791309
 0.000002 1.418234 2.380297 3.798531 7.561209
 0.000002 1.416202 2.376626 3.792828 7.341089
 0.000003 1.414484 2.373277 3.787761 7.148199
 0.000003 1.413161 2.370291 3.783451 6.986183
 0.000004 1.412152 2.367353 3.779505 6.839453
 0.000004 1.411612 2.364807 3.776419 6.725781
 0.000005 1.411592 2.362167 3.773759 6.628577
 0.000005 1.411909 2.359685 3.771594 6.549993
 0.000006 1.412658 2.357117 3.769775 6.484331
 0.000006 1.413946 2.354507 3.768453 6.436782
 0.000007 1.415852 2.351699 3.767551 6.404484
 0.000007 1.418347 2.348103 3.766450 6.365134
 0.000008 1.421344 2.344067 3.765411 6.328118
 0.000008 1.424812 2.339409 3.764222 6.285870
 0.000009 1.428853 2.333848 3.762700 6.232035
 0.000009 1.433498 2.327498 3.760995 6.171996
 0.000010 1.438670 2.320087 3.758757 6.093595
 0.000010 1.444275 2.311952 3.756227 6.005595
 0.000011 1.450151 2.302821 3.752972 5.893312
 0.000011 1.456363 2.293243 3.749605 5.778311
 0.000012 1.462581 2.283095 3.745676 5.645496
 0.000012 1.468694 2.272453 3.741147 5.494349
 0.000013 1.474692 2.262242 3.736934 5.355576
 0.000013 1.480538 2.252373 3.732911 5.224723
 0.000014 1.486140 2.242790 3.728930 5.096833
 0.000014 1.491460 2.233761 3.725221 4.979105
 0.000015 1.496478 2.225010 3.721488 4.861972
 0.000015 1.501195 2.216425 3.717620 4.742110
 0.000016 1.505496 2.208086 3.713582 4.618578
 0.000016 1.509293 2.199837 3.709130 4.484259
 0.000017 1.512705 2.191748 3.704453 4.345274
 0.000017 1.515744 2.183513 3.699257 4.193465
 0.000018 1.518253 2.175402 3.693655 4.032797
 0.000018 1.520266 2.167779 3.688045 3.875032
 0.000019 1.521628 2.160655 3.682283 3.716291
 0.000019 1.522464 2.154256 3.676720 3.566193
 0.000020 1.522857 2.148705 3.671563 3.429777
 0.000020 1.522727 2.143759 3.666486 3.298094
 0.000021 1.522091 2.139476 3.661567 3.172988
 0.000021 1.520865 2.136084 3.656949 3.057704
 0.000022 1.519230 2.133669 3.652899 2.958384
 0.000022 1.517135 2.132548 3.649683 2.880676
 0.000023 1.514613 2.132617 3.647230 2.822086
 0.000023 1.511657 2.133882 3.645539 2.782051
 0.000024 1.508392 2.136358 3.644749 2.763463
 0.000024 1.504954 2.140243 3.645197 2.773990
 0.000025 1.501413 2.145492 3.646905 2.814383
 0.000025 1.497957 2.151829 3.649786 2.883149
 0.000026 1.494583 2.159021 3.653604 2.975541
 0.000026 1.491419 2.167459 3.658878 3.105590
 0.000027 1.488424 2.176918 3.665343 3.268804
 0.000027 1.485607 2.186953 3.672560 3.455937
 0.000028 1.483118 2.197184 3.680302 3.662479
 0.000028 1.481022 2.207676 3.688698 3.893244
 0.000029 1.479326 2.218415 3.697741 4.149668
 0.000029 1.478017 2.229238 3.707256 4.428302
 0.000030 1.477189 2.239942 3.717131 4.727082
 0.000030 1.476684 2.249871 3.726555 5.021272
 0.000031 1.476543 2.259024 3.735567 5.310940
 0.000031 1.476800 2.267169 3.743969 5.588288
 0.000032 1.477242 2.273889 3.751131 5.830286
 0.000032 1.477952 2.279498 3.757450 6.048045
 0.000033 1.478997 2.283715 3.762712 6.232468
 0.000033 1.480165 2.286593 3.766757 6.376102
 0.000034 1.481404 2.287824 3.769228 6.464618
 0.000034 1.482786 2.287648 3.770434 6.508077
 0.000035 1.484289 2.286355 3.770644 6.515660
 0.000035 1.485792 2.284178 3.769970 6.491324
 0.000036 1.487329 2.281071 3.768400 6.434887
 0.000036 1.488908 2.277318 3.766226 6.357122
 0.000037 1.490456 2.273101 3.763556 6.262297
 0.000037 1.491980 2.268518 3.760498 6.154542
 0.000038 1.493422 2.263363 3.756786 6.024977
 0.000038 1.494756 2.257936 3.752692 5.883727
 0.000039 1.495922 2.252431 3.748353 5.735810
 0.000039 1.496877 2.246348 3.743225 5.563452
 0.000040 1.497633 2.240013 3.737646 5.378911
 0.000040 1.498031 2.233234 3.731265 5.171636
 0.000041 1.498172 2.226242 3.724414 4.953658
 0.000041 1.498123 2.219386 3.717509 4.738697
 0.000042 1.497868 2.212623 3.710490 4.525082
 0.000042 1.497315 2.205953 3.703267 4.310406
 0.000043 1.496459 2.199246 3.695705 4.091233
 0.000043 1.495303 2.192708 3.688011 3.874100
 0.000044 1.493741 2.186543 3.680283 3.661981
 0.000044 1.491840 2.181132 3.672972 3.466779
 0.000045 1.489753 2.177152 3.666905 3.308882
 0.000045 1.487381 2.174801 3.662182 3.188501
 0.000046 1.484841 2.174156 3.658997 3.108567
 0.000046 1.482129 2.174783 3.656912 3.056792
 0.000047 1.479291 2.176974 3.656265 3.040822
 0.000047 1.476444 2.181014 3.657458 3.070305
 0.000048 1.473682 2.186564 3.660245 3.139769
 0.000048 1.470914 2.193631 3.664544 3.248428
 0.000049 1.468003 2.202322 3.670325 3.397437
 0.000049 1.465043 2.212571 3.677614 3.590092
 0.000050 1.462111 2.224084 3.686195 3.823702
 0.000050 1.459186 2.236972 3.696159 4.104209
 0.000051 1.456198 2.251070 3.707268 4.428672
 0.000051 1.453213 2.266147 3.719360 4.795857
 0.000052 1.450343 2.281576 3.731919 5.192701
 0.000052 1.447519 2.296782 3.744301 5.599401
 0.000053 1.444754 2.311451 3.756206 6.004862
 0.000053 1.441929 2.325508 3.767438 6.400413
 0.000054 1.439042 2.338223 3.777264 6.756819
 0.000054 1.436158 2.349321 3.785479 7.062168
 0.000055 1.433387 2.358808 3.792195 7.316836
 0.000055 1.430597 2.366872 3.797468 7.519957
 0.000056 1.427950 2.373101 3.801052 7.659561
 0.000056 1.425507 2.377604 3.803111 7.740393
 0.000057 1.423282 2.380458 3.803740 7.765135
 0.000057 1.421132 2.381880 3.803012 7.736482
 0.000058 1.418995 2.381809 3.800804 7.649883
 0.000058 1.417103 2.380336 3.797439 7.518830
 0.000059 1.415627 2.377475 3.793103 7.351594
 0.000059 1.414506 2.373495 3.788000 7.157252
 0.000060 1.413673 2.368315 3.781988 6.931600
 0.000060 1.413019 2.362253 3.775272 6.683775
 0.000061 1.412684 2.355023 3.767707 6.410041
 0.000061 1.412607 2.347040 3.759646 6.124696
 0.000062 1.412926 2.338170 3.751096 5.829091
 0.000062 1.413589 2.328404 3.741993 5.522423
 0.000063 1.414549 2.318062 3.732611 5.215010
 0.000063 1.415763 2.307161 3.722924 4.906878
 0.000064 1.417186 2.296008 3.713194 4.606785
 0.000064 1.418712 2.284934 3.703647 4.321546
 0.000065 1.420384 2.274282 3.694666 4.061549
 0.000065 1.422375 2.264388 3.686763 3.839445
 0.000066 1.424514 2.255697 3.680211 3.660029
 0.000066 1.426896 2.248020 3.674917 3.518186
 0.000067 1.429613 2.241757 3.671370 3.424729
 0.000067 1.432663 2.237343 3.670006 3.389121
 0.000068 1.436030 2.234756 3.670786 3.409464
 0.000068 1.439693 2.233742 3.673435 3.478991
 0.000069 1.443608 2.234084 3.677691 3.592168
 0.000069 1.447834 2.236069 3.683903 3.760588
 0.000070 1.452204 2.239980 3.692184 3.991114
 0.000070 1.456762 2.245173 3.701935 4.271382
 0.000071 1.461429 2.251276 3.712705 4.591945
 0.000071 1.466111 2.258338 3.724449 4.954758
 0.000072 1.470800 2.266418 3.737217 5.364846
 0.000072 1.475513 2.274981 3.750494 5.808544
 0.000073 1.480127 2.283704 3.763831 6.272030
 0.000073 1.484476 2.291690 3.776166 6.716510
 0.000074 1.488714 2.298468 3.787182 7.126323
 0.000074 1.492686 2.304379 3.797065 7.504308
 0.000075 1.496348 2.309210 3.805558 7.836968
 0.000075 1.499703 2.312780 3.812482 8.113491
 0.000076 1.502607 2.314870 3.817477 8.315952
 0.000076 1.505067 2.315404 3.820472 8.438515
 0.000077 1.507063 2.314858 3.821921 8.498141
 0.000077 1.508700 2.313147 3.821847 8.495113
 0.000078 1.509903 2.310479 3.820382 8.434816
 0.000078 1.510527 2.306794 3.817321 8.309582
 0.000079 1.510657 2.302136 3.812793 8.125997
 0.000079 1.510441 2.296710 3.807150 7.900116
 0.000080 1.509824 2.290826 3.800650 7.643836
 0.000080 1.508724 2.284057 3.792781 7.339272
 0.000081 1.507183 2.276409 3.783592 6.991433
 0.000081 1.505134 2.267702 3.772836 6.595008
 0.000082 1.502679 2.258345 3.761023 6.172974
 0.000082 1.499902 2.248836 3.748738 5.748843
 0.000083 1.496746 2.239491 3.736238 5.332808
 0.000083 1.493116 2.229976 3.723092 4.912140
 0.000084 1.489264 2.220056 3.709320 4.489936
 0.000084 1.485137 2.210081 3.695218 4.077305
 0.000085 1.480783 2.200437 3.681221 3.687389
 0.000085 1.476299 2.191045 3.667345 3.320194
 0.000086 1.471859 2.181934 3.653793 2.980176
 0.000086 1.467635 2.173600 3.641235 2.681456
 0.000087 1.463641 2.165800 3.629441 2.415285
 0.000087 1.459833 2.159122 3.618955 2.190314
 0.000088 1.456347 2.153502 3.609848 2.003867
 0.000088 1.453190 2.149234 3.602424 1.857984
 0.000089 1.450653 2.146975 3.597628 1.766695
 0.000089 1.448698 2.146413 3.595111 1.719695
 0.000090 1.447281 2.147655 3.594936 1.716450
 0.000090 1.446609 2.150262 3.596871 1.752491
 0.000091 1.446591 2.153825 3.600416 1.819485
 0.000091 1.447146 2.158712 3.605858 1.924783
 0.000092 1.448363 2.164744 3.613108 2.069645
 0.000092 1.450188 2.172084 3.622272 2.260294
 0.000093 1.452555 2.180467 3.633021 2.494623
 0.000093 1.455459 2.189620 3.645079 2.771226
 0.000094 1.458917 2.199147 3.658064 3.085344
 0.000094 1.462789 2.208660 3.671449 3.426809
 0.000095 1.466910 2.217043 3.683953 3.761952
 0.000095 1.471338 2.224420 3.695758 4.092747
 0.000096 1.475884 2.230645 3.706529 4.406718
 0.000096 1.480574 2.235126 3.715700 4.683175
 0.000097 1.485383 2.238389 3.723772 4.933480
 0.000097 1.490192 2.240519 3.730711 5.153843
 0.000098 1.494961 2.241326 3.736287 5.334406
 0.000098 1.499639 2.240974 3.740613 5.476649
 0.000099 1.504233 2.239845 3.744078 5.591946
 0.000099 1.508630 2.238071 3.746701 5.680006
 0.000100 1.512711 2.235689 3.748400 5.737393
 0.000100 1.516474 2.232932 3.749406 5.771538
 0.000101 1.519890 2.229550 3.749440 5.772691
 0.000101 1.522991 2.225931 3.748923 5.755128
 0.000102 1.525708 2.222400 3.748107 5.727496
 0.000102 1.527989 2.219007 3.746996 5.689953
 0.000103 1.529742 2.215641 3.745383 5.635661
 0.000103 1.531154 2.213093 3.744247 5.597585
 0.000104 1.532252 2.211196 3.743448 5.570885
 0.000104 1.532981 2.209744 3.742725 5.546787
 0.000105 1.533342 2.208485 3.741827 5.516900
 0.000105 1.533326 2.207517 3.740844 5.484287
 0.000106 1.532891 2.206616 3.739506 5.440082
 0.000106 1.532091 2.206390 3.738482 5.406344
 0.000107 1.531001 2.206928 3.737930 5.388207
 0.000107 1.529707 2.208196 3.737903 5.387338
 0.000108 1.528231 2.210245 3.738476 5.406156
 0.000108 1.526679 2.213120 3.739799 5.449746
 0.000109 1.525062 2.216963 3.742025 5.523492
 0.000109 1.523505 2.221915 3.745421 5.636919
 0.000110 1.522002 2.228165 3.750167 5.797413
 0.000110 1.520428 2.235693 3.756121 6.001923
 0.000111 1.518941 2.244128 3.763068 6.245038
 0.000111 1.517411 2.253561 3.770972 6.527484
 0.000112 1.515832 2.263948 3.779780 6.849627
 0.000112 1.514121 2.275045 3.789166 7.201426
 0.000113 1.512202 2.286951 3.799153 7.585421
 0.000113 1.510038 2.299840 3.809878 8.008913
 0.000114 1.507530 2.313118 3.820648 8.445760
 0.000114 1.504718 2.326342 3.831060 8.879095
 0.000115 1.501666 2.339060 3.840726 9.291106
 0.000115 1.498319 2.350915 3.849233 9.661436
 0.000116 1.494779 2.361282 3.856061 9.963894
 0.000116 1.491077 2.369870 3.860947 10.183215
 0.000117 1.487186 2.376555 3.863741 10.309699
 0.000117 1.483229 2.381211 3.864440 10.341459
 0.000118 1.479188 2.383484 3.862672 10.261221
 0.000118 1.475153 2.383205 3.858357 10.066679
 0.000119 1.471092 2.380932 3.852024 9.784510
 0.000119 1.466992 2.376912 3.843904 9.428612
 0.000120 1.463167 2.371327 3.834495 9.024426
 0.000120 1.459641 2.364318 3.823959 8.582367
 0.000121 1.456137 2.356200 3.812337 8.107643
 0.000121 1.452853 2.347515 3.800369 7.632855
 0.000122 1.449719 2.338414 3.788133 7.162260
 0.000122 1.446651 2.329382 3.776033 6.711636
 0.000123 1.443587 2.320570 3.764156 6.283554
 0.000123 1.440656 2.311520 3.752176 5.866014
 0.000124 1.437765 2.302712 3.740477 5.472147
 0.000124 1.434911 2.294247 3.729158 5.104116
 0.000125 1.432334 2.286149 3.718483 4.768724
 0.000125 1.430077 2.278654 3.708731 4.472316
 0.000126 1.428290 2.271758 3.700048 4.216396
 0.000126 1.426876 2.265076 3.691952 3.984575
 0.000127 1.425931 2.258777 3.684708 3.782698
 0.000127 1.425591 2.252874 3.678464 3.612920
 0.000128 1.425824 2.247269 3.673093 3.469969
 0.000128 1.426603 2.241892 3.668496 3.349919
 0.000129 1.427805 2.236936 3.664741 3.253434
 0.000129 1.429456 2.232436 3.661892 3.181162
 0.000130 1.431587 2.228224 3.659811 3.128885
 0.000130 1.434191 2.224361 3.658552 3.097482
 0.000131 1.437105 2.220919 3.658024 3.084354
 0.000131 1.440344 2.218026 3.658371 3.092967
 0.000132 1.444028 2.216250 3.660278 3.140584
 0.000132 1.448182 2.215262 3.663444 3.220426
 0.000133 1.452575 2.214860 3.667435 3.322518
 0.000133 1.457016 2.214700 3.671716 3.433804
 0.000134 1.461524 2.215023 3.676547 3.561572
 0.000134 1.466003 2.216049 3.682052 3.709998
 0.000135 1.470339 2.217638 3.687977 3.873160
 0.000135 1.474607 2.219689 3.694296 4.051013
 0.000136 1.478580 2.221836 3.700416 4.227098
 0.000136 1.482276 2.223926 3.706202 4.396996
 0.000137 1.485702 2.225908 3.711611 4.558854
 0.000137 1.488980 2.227314 3.716295 4.701385
 0.000138 1.492092 2.228292 3.720384 4.827620
 0.000138 1.494899 2.228830 3.723730 4.932145
 0.000139 1.497460 2.228469 3.725929 5.001444
 0.000139 1.499685 2.226928 3.726613 5.023109
 0.000140 1.501764 2.224393 3.726157 5.008677
 0.000140 1.503493 2.220915 3.724408 4.953472
 0.000141 1.504877 2.216690 3.721567 4.864453
 0.000141 1.506068 2.211539 3.717607 4.741705
 0.000142 1.507040 2.205616 3.712656 4.590461
 0.000142 1.507689 2.198983 3.706672 4.410943
 0.000143 1.507987 2.191882 3.699869 4.211207
 0.000143 1.507928 2.184642 3.692570 4.002042
 0.000144 1.507454 2.177558 3.685012 3.791082
 0.000144 1.506634 2.170716 3.677350 3.583020
 0.000145 1.505542 2.164217 3.669759 3.382703
 0.000145 1.504048 2.158358 3.662406 3.194156
 0.000146 1.502348 2.153199 3.655547 3.023129
 0.000146 1.500388 2.149298 3.649686 2.880742
 0.000147 1.498233 2.146110 3.644343 2.753920
 0.000147 1.495987 2.144076 3.640062 2.654377
 0.000148 1.493755 2.143410 3.637166 2.588055
 0.000148 1.491614 2.144198 3.635812 2.557343
 0.000149 1.489485 2.146459 3.635945 2.560346
 0.000149 1.487322 2.150360 3.637682 2.599822
 0.000150 1.485209 2.155869 3.641078 2.677831
 0.000150 1.483125 2.162557 3.645682 2.785438
 0.000151 1.481120 2.169813 3.650933 2.910746
 0.000151 1.479166 2.177643 3.656809 3.054254
 0.000152 1.477427 2.185684 3.663111 3.211994
 0.000152 1.475940 2.193722 3.669662 3.380170
 0.000153 1.474685 2.201818 3.676503 3.560401
 0.000153 1.473637 2.210017 3.683654 3.753758
 0.000154 1.472793 2.217945 3.690739 3.950402
 0.000154 1.472248 2.225524 3.697772 4.150570
 0.000155 1.471926 2.232676 3.704602 4.349687
 0.000155 1.471905 2.238613 3.710518 4.525919
 0.000156 1.472070 2.243860 3.715930 4.690207
 0.000156 1.472515 2.248495 3.721010 4.847092
 0.000157 1.473252 2.252227 3.725480 4.987254
 0.000157 1.474266 2.255158 3.729425 5.112625
 0.000158 1.475659 2.257108 3.732767 5.220070
 0.000158 1.477275 2.258071 3.735346 5.303718
 0.000159 1.479238 2.257791 3.737029 5.358695
 0.000159 1.481467 2.256336 3.737803 5.384044
 0.000160 1.483920 2.253497 3.737416 5.371366
 0.000160 1.486505 2.249550 3.736055 5.326836
 0.000161 1.489214 2.244705 3.733919 5.257343
 0.000161 1.491977 2.238491 3.730468 5.146042
 0.000162 1.494889 2.231159 3.726048 5.005218
 0.000162 1.497884 2.222714 3.720597 4.834254
 0.000163 1.500918 2.213229 3.714147 4.635760
 0.000163 1.503799 2.202409 3.706208 4.397174
 0.000164 1.506544 2.190511 3.697055 4.129927
 0.000164 1.509371 2.177338 3.686708 3.837927
 0.000165 1.512144 2.162909 3.675052 3.521786
 0.000165 1.514908 2.147868 3.662776 3.203517
 0.000166 1.517782 2.132708 3.650490 2.900073
 0.000166 1.520672 2.117621 3.638293 2.613752
 0.000167 1.523490 2.102924 3.626414 2.349226
 0.000167 1.526347 2.089183 3.615531 2.119235
 0.000168 1.529090 2.076884 3.605975 1.927065
 0.000168 1.531785 2.065877 3.597662 1.767330
 0.000169 1.534455 2.056223 3.590678 1.638464
 0.000169 1.537109 2.048341 3.585450 1.545189
 0.000170 1.539727 2.042911 3.582638 1.496145
 0.000170 1.542241 2.039741 3.581982 1.484828
 0.000171 1.544605 2.038637 3.583242 1.506621
 0.000171 1.546841 2.039885 3.586726 1.567710
 0.000172 1.548912 2.043397 3.592309 1.668119
 0.000172 1.550804 2.049452 3.600255 1.816422
 0.000173 1.552525 2.058136 3.610661 2.020167
 0.000173 1.554008 2.068865 3.622873 2.273084
 0.000174 1.555307 2.081657 3.636964 2.583465
 0.000174 1.556226 2.096529 3.652755 2.954871
 0.000175 1.556661 2.113154 3.669815 3.384157
 0.000175 1.556646 2.131449 3.688096 3.876454
 0.000176 1.556194 2.151121 3.707315 4.430055
 0.000176 1.555202 2.171355 3.726557 5.021343
 0.000177 1.553795 2.192265 3.746059 5.658383
 0.000177 1.552090 2.213400 3.765490 6.330905
 0.000178 1.550082 2.234542 3.784624 7.030078
 0.000178 1.547731 2.255069 3.802800 7.728148
 0.000179 1.545096 2.274481 3.819578 8.401821
 0.000179 1.542298 2.292546 3.834844 9.039269
 0.000180 1.539398 2.308644 3.848042 9.609153
 0.000180 1.536425 2.322912 3.859337 10.110668
 0.000181 1.533358 2.335095 3.868453 10.524786
 0.000181 1.530225 2.344609 3.874834 10.819564
 0.000182 1.526924 2.351389 3.878313 10.982024
 0.000182 1.523439 2.355138 3.878578 10.994411
 0.000183 1.519723 2.355398 3.875121 10.832913
 0.000183 1.515924 2.352244 3.868168 10.511699
 0.000184 1.512185 2.345600 3.857785 10.041038
 0.000184 1.508516 2.335354 3.843871 9.427154
 0.000185 1.504915 2.321967 3.826882 8.703931
 0.000185 1.501498 2.306079 3.807576 7.917067
 0.000186 1.498344 2.287740 3.786085 7.084957
 0.000186 1.495459 2.267789 3.763249 6.251420
 0.000187 1.493024 2.246154 3.739177 5.429241
 0.000187 1.491240 2.223434 3.714674 4.651832
 0.000188 1.490063 2.200330 3.690393 3.940684
 0.000188 1.489430 2.177427 3.666857 3.307649
 0.000189 1.489504 2.154782 3.644286 2.752570
 0.000189 1.490367 2.132932 3.623298 2.282170
 0.000190 1.491987 2.112275 3.604262 1.893586
 0.000190 1.494311 2.092960 3.587271 1.577365
 0.000191 1.497499 2.075632 3.573131 1.336221
 0.000191 1.501267 2.060772 3.562039 1.161046
 0.000192 1.505473 2.048542 3.554014 1.041980
 0.000192 1.510023 2.038922 3.548945 0.970080
 0.000193 1.514809 2.031830 3.546639 0.938224
 0.000193 1.519698 2.027824 3.547522 0.950363
 0.000194 1.524789 2.027030 3.551819 1.010522
 0.000194 1.530019 2.029383 3.559401 1.121198
 0.000195 1.535326 2.034808 3.570134 1.287665
 0.000195 1.540493 2.042748 3.583242 1.506612
 0.000196 1.545452 2.052937 3.598389 1.781028
 0.000196 1.550245 2.064919 3.615164 2.111700
 0.000197 1.554735 2.078587 3.633322 2.501342
 0.000197 1.558832 2.093848 3.652680 2.953051
 0.000198 1.562423 2.110437 3.672861 3.463858
 0.000198 1.565459 2.127394 3.692852 4.010030
 0.000199 1.567942 2.144716 3.712658 4.590535
 0.000199 1.569754 2.161608 3.731363 5.174784
 0.000200 1.570732 2.177820 3.748552 5.742537
 0.000200 1.570881 2.192978 3.763859 6.273020
 0.000201 1.570205 2.206743 3.776948 6.745202
 0.000201 1.568651 2.218652 3.787303 7.130884
 0.000202 1.566246 2.228837 3.795083 7.427746
 0.000202 1.563050 2.236930 3.799980 7.617660
 0.000203 1.559002 2.243102 3.802104 7.700807
 0.000203 1.553979 2.247311 3.801291 7.668918
 0.000204 1.548025 2.249274 3.797299 7.513382
 0.000204 1.541361 2.249221 3.790581 7.255242
 0.000205 1.533947 2.247234 3.781182 6.901603
 0.000205 1.526108 2.243240 3.769348 6.468951
 0.000206 1.517915 2.237266 3.755181 5.969400
 0.000206 1.509379 2.229985 3.739364 5.435396
 0.000207 1.500543 2.221746 3.722288 4.886974
 0.000207 1.491580 2.212808 3.704388 4.343368
 0.000208 1.482623 2.203394 3.686017 3.818800
 0.000208 1.473821 2.194158 3.667978 3.336536
 0.000209 1.465527 2.185099 3.650626 2.903336
 0.000209 1.457700 2.177027 3.634727 2.532871
 0.000210 1.450486 2.169711 3.620197 2.216385
 0.000210 1.443976 2.163048 3.607024 1.947719
 0.000211 1.438129 2.157720 3.595850 1.733416
 0.000211 1.433044 2.154595 3.587640 1.583924
 0.000212 1.428673 2.153464 3.582137 1.487497
 0.000212 1.425128 2.154397 3.579525 1.442790
 0.000213 1.422413 2.157393 3.579806 1.447558
 0.000213 1.420479 2.162242 3.582721 1.497589
 0.000214 1.419204 2.169262 3.588466 1.598668
 0.000214 1.418627 2.178305 3.596931 1.753620
 0.000215 1.418728 2.189011 3.607738 1.961850
 0.000215 1.419529 2.201380 3.620909 2.231414
 0.000216 1.420871 2.214949 3.635820 2.557537
 0.000216 1.422842 2.229393 3.652235 2.942254
 0.000217 1.425350 2.244479 3.669829 3.384533
 0.000217 1.428384 2.260152 3.688536 3.888719
 0.000218 1.431660 2.275904 3.707564 4.437481
 0.000218 1.435136 2.291515 3.726650 5.024297
 0.000219 1.438653 2.306372 3.745024 5.623626
 0.000219 1.442390 2.320448 3.762838 6.236903
 0.000220 1.446116 2.333104 3.779220 6.828924
 0.000220 1.449764 2.344181 3.793945 7.383952
 0.000221 1.453423 2.353919 3.807343 7.907775
 0.000221 1.456783 2.361665 3.818448 8.355584
 0.000222 1.459739 2.366974 3.826713 8.696844
 0.000222 1.462397 2.369930 3.832327 8.932590
 0.000223 1.464678 2.370410 3.835088 9.049670
 0.000223 1.466607 2.368291 3.834897 9.041545
 0.000224 1.468133 2.363565 3.831697 8.905983
 0.000224 1.469291 2.356457 3.825749 8.656690
 0.000225 1.470152 2.347107 3.817258 8.307014
 0.000225 1.470707 2.336019 3.806726 7.883282
 0.000226 1.470934 2.323717 3.794650 7.411065
 0.000226 1.471077 2.310457 3.781535 6.914727
 0.000227 1.471224 2.296270 3.767494 6.402422
 0.000227 1.471295 2.281590 3.752884 5.890314
 0.000228 1.471405 2.266999 3.738404 5.403777
 0.000228 1.471663 2.252519 3.724181 4.946334
 0.000229 1.472325 2.238929 3.711254 4.548079
 0.000229 1.473355 2.226338 3.699693 4.206097
 0.000230 1.474790 2.215023 3.689813 3.924414
 0.000230 1.476608 2.204919 3.681527 3.695713
 0.000231 1.478747 2.196583 3.675329 3.529141
 0.000231 1.481152 2.190090 3.671241 3.421364
 0.000232 1.484071 2.185157 3.669228 3.368898
 0.000232 1.487317 2.181731 3.669048 3.364234
 0.000233 1.490869 2.179888 3.670757 3.408703
 0.000233 1.494639 2.179569 3.674207 3.499391
 0.000234 1.498514 2.181172 3.679686 3.645821
 0.000234 1.502596 2.184687 3.687282 3.853843
 0.000235 1.506873 2.190246 3.697119 4.131776
 0.000235 1.511377 2.197106 3.708483 4.464893
 0.000236 1.515956 2.204955 3.720911 4.844009
 0.000236 1.520536 2.213626 3.734162 5.265245
 0.000237 1.525143 2.223492 3.748635 5.745373
 0.000237 1.529691 2.233955 3.763646 6.265470
 0.000238 1.534295 2.244705 3.779000 6.820779
 0.000238 1.538809 2.255471 3.794280 7.396811
 0.000239 1.543159 2.266146 3.809305 7.985998
 0.000239 1.547191 2.276305 3.823497 8.563236
 0.000240 1.550865 2.285871 3.836736 9.119915
 0.000240 1.554034 2.294647 3.848682 9.637213
 0.000241 1.556835 2.302324 3.859159 10.102677
 0.000241 1.559040 2.308408 3.867448 10.478701
 0.000242 1.560600 2.312577 3.873176 10.742595
 0.000242 1.561389 2.314876 3.876264 10.886210
 0.000243 1.561382 2.314861 3.876242 10.885169
 0.000243 1.560718 2.312620 3.873338 10.750090
 0.000244 1.559140 2.308189 3.867328 10.473232
 0.000244 1.556768 2.301738 3.858506 10.073360
 0.000245 1.553577 2.293302 3.846879 9.558255
 0.000245 1.549678 2.282874 3.832552 8.942081
 0.000246 1.545061 2.270746 3.815806 8.247944
 0.000246 1.539961 2.257043 3.797004 7.501971
 0.000247 1.534584 2.241696 3.776280 6.720671
 0.000247 1.528914 2.225312 3.754225 5.936432
 0.000248 1.522971 2.208249 3.731221 5.170215
 0.000248 1.517064 2.190694 3.707758 4.443270
 0.000249 1.511279 2.173162 3.684441 3.775363
 0.000249 1.505585 2.156020 3.661605 3.173927
 0.000250 1.500115 2.139887 3.640002 2.652976
 0.000250 1.495005 2.125100 3.620106 2.214467
 0.000251 1.490237 2.111671 3.601908 1.848058
 0.000251 1.486005 2.100269 3.586274 1.559711
 0.000252 1.482526 2.091269 3.573795 1.347093
 0.000252 1.479904 2.085042 3.564947 1.205770
 0.000253 1.478078 2.081477 3.559554 1.123490
 0.000253 1.477141 2.080018 3.557160 1.087877
 0.000254 1.477138 2.081248 3.558386 1.106036
 0.000254 1.477839 2.085367 3.563206 1.178895
 0.000255 1.479339 2.091712 3.571051 1.302428
 0.000255 1.481553 2.100144 3.581696 1.479907
 0.000256 1.484617 2.110544 3.595161 1.720628
 0.000256 1.488368 2.122300 3.610668 2.020305
 0.000257 1.492700 2.135128 3.627828 2.379962
 0.000257 1.497552 2.149064 3.646616 2.807527
 0.000258 1.502935 2.163420 3.666355 3.294744
 0.000258 1.508767 2.177785 3.686553 3.833608
 0.000259 1.514799 2.191415 3.706214 4.397371
 0.000259 1.521022 2.204386 3.725408 4.984993
 0.000260 1.527274 2.216337 3.743611 5.576339
 0.000260 1.533360 2.226159 3.759519 6.120231
 0.000261 1.539113 2.233538 3.772652 6.588317
 0.000261 1.544495 2.238236 3.782731 6.959292
 0.000262 1.549521 2.240233 3.789754 7.223775
 0.000262 1.554158 2.239641 3.793798 7.378302
 0.000263 1.558378 2.236089 3.794467 7.403992
 0.000263 1.562109 2.229723 3.791832 7.302975
 0.000264 1.565265 2.221018 3.786283 7.092430
 0.000264 1.567813 2.210034 3.777847 6.778273
 0.000265 1.569723 2.196887 3.766610 6.370828
 0.000265 1.570914 2.182130 3.753044 5.895784
 0.000266 1.571572 2.166042 3.737615 5.377876
 0.000266 1.571742 2.149188 3.720930 4.844603
 0.000267 1.571439 2.131902 3.703341 4.312560
 0.000267 1.570656 2.115014 3.685670 3.809197
 0.000268 1.569320 2.098850 3.668170 3.341494
 0.000268 1.567459 2.083764 3.651223 2.917743
 0.000269 1.565223 2.070065 3.635288 2.545502
 0.000269 1.562500 2.058273 3.620773 2.228538
 0.000270 1.559313 2.048481 3.607795 1.962962
 0.000270 1.555772 2.041047 3.596819 1.751514
 0.000271 1.552041 2.036050 3.588091 1.591976
 0.000271 1.548021 2.033800 3.581821 1.482058
 0.000272 1.543780 2.034605 3.578385 1.423488
 0.000272 1.539121 2.039024 3.578145 1.419448
 0.000273 1.534175 2.047486 3.581661 1.479299
 0.000273 1.528970 2.059356 3.588326 1.596172
 0.000274 1.523410 2.074324 3.597734 1.768684
 0.000274 1.517600 2.092116 3.609717 2.001233
 0.000275 1.511499 2.112212 3.623711 2.291002
 0.000275 1.505184 2.134385 3.639569 2.643014
 0.000276 1.498618 2.158227 3.656845 3.055149
 0.000276 1.491913 2.183090 3.675003 3.520481
 0.000277 1.485061 2.208898 3.693959 4.041430
 0.000277 1.478115 2.234902 3.713017 4.601422
 0.000278 1.471023 2.260616 3.731639 5.183670
 0.000278 1.463874 2.285478 3.749352 5.769703
 0.000279 1.456817 2.309037 3.765854 6.343893
 0.000279 1.449871 2.331075 3.780946 6.892844
 0.000280 1.443016 2.351348 3.794364 7.400053
 0.000280 1.436274 2.369918 3.806191 7.862045
 0.000281 1.429716 2.387072 3.816788 8.287870
 0.000281 1.423482 2.402677 3.826159 8.673772
 0.000282 1.417567 2.416383 3.833950 9.001292
 0.000282 1.411971 2.428381 3.840352 9.274992
 0.000283 1.406657 2.438451 3.845108 9.480953
 0.000283 1.401723 2.446825 3.848548 9.631341
 0.000284 1.397290 2.453384 3.850675 9.724907
 0.000284 1.393447 2.457982 3.851429 9.758218
 0.000285 1.390073 2.460387 3.850460 9.715443
 0.000285 1.387301 2.460508 3.847809 9.598947
 0.000286 1.385274 2.457922 3.843196 9.397889
 0.000286 1.384083 2.452783 3.836866 9.125474
 0.000287 1.383650 2.444991 3.828641 8.777447
 0.000287 1.384163 2.433978 3.818142 8.343067
 0.000288 1.385728 2.419785 3.805513 7.835158
 0.000288 1.388272 2.403084 3.791356 7.284776
 0.000289 1.391559 2.384566 3.776125 6.715008
 0.000289 1.395653 2.364694 3.760347 6.149250
 0.000290 1.400595 2.343950 3.744545 5.607575
 0.000290 1.406173 2.322790 3.728963 5.097863
 0.000291 1.412340 2.301788 3.714128 4.635193
 0.000291 1.418902 2.281716 3.700618 4.232959
 0.000292 1.425807 2.262629 3.688436 3.885938
 0.000292 1.432892 2.244795 3.677687 3.592046
 0.000293 1.440146 2.228803 3.668949 3.361663
 0.000293 1.447515 2.214890 3.662404 3.194106
 0.000294 1.454864 2.203271 3.658134 3.087096
 0.000294 1.462267 2.193731 3.655997 3.034224
 0.000295 1.469504 2.186332 3.655836 3.030253
 0.000295 1.476544 2.181396 3.657940 3.082264
 0.000296 1.483374 2.178723 3.662097 3.186342
 0.000296 1.489915 2.178619 3.668535 3.350934
 0.000297 1.496194 2.181059 3.677252 3.580410
 0.000297 1.502055 2.185504 3.687559 3.861524
 0.000298 1.507458 2.191579 3.699037 4.187088
 0.000298 1.512473 2.199021 3.711494 4.555340
 0.000299 1.517128 2.207797 3.724926 4.969779
 0.000299 1.521159 2.217216 3.738375 5.402843
 0.000300 1.524589 2.227339 3.751928 5.857537
 0.000300 1.527454 2.237966 3.765419 6.328403
 0.000301 1.529712 2.248807 3.778520 6.803046
 0.000301 1.531495 2.259411 3.790906 7.267624
 0.000302 1.532705 2.269477 3.802183 7.703892
 0.000302 1.533191 2.279393 3.812584 8.117577
 0.000303 1.533035 2.289184 3.822220 8.510479
 0.000303 1.532371 2.297943 3.830314 8.847691
 0.000304 1.531186 2.305366 3.836552 9.112033
 0.000304 1.529364 2.311376 3.840740 9.291722
 0.000305 1.526949 2.315402 3.842351 9.361272
 0.000305 1.523927 2.317505 3.841432 9.321558
 0.000306 1.520578 2.317376 3.837954 9.171979
 0.000306 1.516967 2.315362 3.832328 8.932631
 0.000307 1.512999 2.311213 3.824211 8.592846
 0.000307 1.508891 2.304988 3.813879 8.169854
 0.000308 1.504939 2.296113 3.801053 7.659608
 0.000308 1.501024 2.285101 3.786126 7.086497
 0.000309 1.497096 2.272090 3.769186 6.463120
 0.000309 1.493388 2.257094 3.750482 5.808140
 0.000310 1.489845 2.240408 3.730253 5.139142
 0.000310 1.486473 2.222435 3.708908 4.477615
 0.000311 1.483412 2.203716 3.687128 3.849554
 0.000311 1.480761 2.184240 3.665002 3.260091
 0.000312 1.478599 2.164489 3.643089 2.724563
 0.000312 1.477039 2.145198 3.622237 2.259549
 0.000313 1.476181 2.126479 3.602660 1.862536
 0.000313 1.475983 2.109426 3.585409 1.544468
 0.000314 1.476307 2.094548 3.570855 1.299268
 0.000314 1.477091 2.082025 3.559116 1.116931
 0.000315 1.478463 2.072086 3.550549 0.992556
 0.000315 1.480180 2.064873 3.545053 0.916631
 0.000316 1.482278 2.060713 3.542991 0.888917
 0.000316 1.484848 2.059693 3.544541 0.909714
 0.000317 1.487709 2.062253 3.549963 0.984307
 0.000317 1.490789 2.067973 3.558763 1.111650
 0.000318 1.493900 2.076389 3.570289 1.290158
 0.000318 1.497022 2.087140 3.584162 1.522639
 0.000319 1.500145 2.099557 3.599702 1.805889
 0.000319 1.503194 2.113504 3.616698 2.143343
 0.000320 1.506127 2.128449 3.634576 2.529467
 0.000320 1.508801 2.143717 3.652518 2.949121
 0.000321 1.511243 2.159008 3.670251 3.395500
 0.000321 1.513551 2.173837 3.687387 3.856757
 0.000322 1.515591 2.187924 3.703515 4.317679
 0.000322 1.517368 2.200932 3.718300 4.763088
 0.000323 1.518849 2.213065 3.731914 5.192529
 0.000323 1.519956 2.223887 3.743843 5.584089
 0.000324 1.520807 2.233206 3.754013 5.929100
 0.000324 1.521263 2.241032 3.762295 6.217737
 0.000325 1.521266 2.247344 3.768610 6.442433
 0.000325 1.520911 2.252239 3.773150 6.606420
 0.000326 1.520188 2.256038 3.776226 6.718692
 0.000326 1.519160 2.258867 3.778027 6.784898
 0.000327 1.517748 2.260642 3.778390 6.798261
 0.000327 1.515849 2.260979 3.776827 6.740773
 0.000328 1.513684 2.260389 3.774072 6.639993
 0.000328 1.511393 2.258812 3.770205 6.499809
 0.000329 1.508995 2.256369 3.765363 6.326416
 0.000329 1.506505 2.253234 3.759739 6.127918
 0.000330 1.503858 2.249489 3.753347 5.906192
 0.000330 1.501248 2.245492 3.746740 5.681320
 0.000331 1.498778 2.241678 3.740455 5.471430
 0.000331 1.496282 2.237984 3.734266 5.268612
 0.000332 1.493747 2.234433 3.728180 5.072888
 0.000332 1.491154 2.231518 3.722672 4.898979
 0.000333 1.488649 2.228802 3.717450 4.736893
 0.000333 1.486399 2.226620 3.713019 4.601477
 0.000334 1.484311 2.225174 3.709486 4.494913
 0.000334 1.482386 2.225048 3.707434 4.433618
 0.000335 1.480718 2.226426 3.707143 4.424963
 0.000335 1.479352 2.228998 3.708350 4.460937
 0.000336 1.478316 2.233041 3.711357 4.551209
 0.000336 1.477452 2.238495 3.715947 4.690749
 0.000337 1.476809 2.245166 3.721975 4.877187
 0.000337 1.476344 2.253668 3.730012 5.131431
 0.000338 1.476048 2.263641 3.739690 5.446140
 0.000338 1.475986 2.274483 3.750469 5.807711
 0.000339 1.475981 2.285973 3.761954 6.205723
 0.000339 1.475913 2.298400 3.774314 6.648788
 0.000340 1.475826 2.311372 3.787198 7.126925
 0.000340 1.475818 2.324951 3.800768 7.648479
 0.000341 1.475756 2.338652 3.814408 8.191249
 0.000341 1.475591 2.352476 3.828067 8.753426
 0.000342 1.475155 2.365109 3.840264 9.271211
 0.000342 1.474583 2.376384 3.850967 9.737813
 0.000343 1.473781 2.386293 3.860074 10.143871
 0.000343 1.472765 2.394178 3.866942 10.455582
 0.000344 1.471503 2.399679 3.871182 10.650348
 0.000344 1.469979 2.402869 3.872848 10.727391
 0.000345 1.468324 2.403768 3.872093 10.692423
 0.000345 1.466636 2.402643 3.869279 10.562714
 0.000346 1.464849 2.399700 3.864549 10.346429
 0.000346 1.462870 2.394619 3.857489 10.027742
 0.000347 1.460675 2.387593 3.848268 9.619065
 0.000347 1.458244 2.379241 3.837486 9.151955
 0.000348 1.455587 2.369914 3.825501 8.646402
 0.000348 1.452715 2.359485 3.812200 8.102100
 0.000349 1.449624 2.348315 3.797939 7.538200
 0.000349 1.446399 2.336688 3.783087 6.972572
 0.000350 1.443068 2.324789 3.767858 6.415449
 0.000350 1.439677 2.312819 3.752497 5.877017
 0.000351 1.436452 2.301159 3.737611 5.377748
 0.000351 1.433410 2.289846 3.723256 4.917276
 0.000352 1.430590 2.278974 3.709564 4.497274
 0.000352 1.428123 2.268172 3.696295 4.108111
 0.000353 1.426063 2.258225 3.684288 3.771164
 0.000353 1.424533 2.249305 3.673838 3.489637
 0.000354 1.423643 2.240841 3.664484 3.246892
 0.000354 1.423265 2.232993 3.656257 3.040629
 0.000355 1.423446 2.226085 3.649531 2.877023
 0.000355 1.424374 2.220392 3.644766 2.763864
 0.000356 1.425916 2.215901 3.641817 2.694956
 0.000356 1.428088 2.212803 3.640890 2.673483
 0.000357 1.430840 2.211033 3.641873 2.696251
 0.000357 1.434057 2.210570 3.644627 2.760584
 0.000358 1.437660 2.211287 3.648947 2.863031
 0.000358 1.441614 2.213342 3.654956 3.008621
 0.000359 1.445744 2.216459 3.662203 3.189011
 0.000359 1.450139 2.220139 3.670278 3.396214
 0.000360 1.454704 2.224364 3.679068 3.629167
 0.000360 1.459345 2.228614 3.687959 3.872638
 0.000361 1.463957 2.232747 3.696705 4.119868
 0.000361 1.468351 2.236706 3.705057 4.363102
 0.000362 1.472497 2.240668 3.713165 4.605912
 0.000362 1.476465 2.244287 3.720751 4.839035
 0.000363 1.480247 2.246997 3.727245 5.043150
 0.000363 1.483947 2.248705 3.732653 5.216372
 0.000364 1.487493 2.249338 3.736831 5.352195
 0.000364 1.490824 2.248457 3.739281 5.432663
 0.000365 1.494011 2.245809 3.739820 5.450433
 0.000365 1.497176 2.241672 3.738848 5.418388
 0.000366 1.500188 2.235994 3.736182 5.330978
 0.000366 1.503070 2.229296 3.732366 5.207109
 0.000367 1.505826 2.221536 3.727362 5.046878
 0.000367 1.508436 2.212711 3.721147 4.851350
 0.000368 1.510933 2.203247 3.714180 4.636754
 0.000368 1.513306 2.193292 3.706598 4.408755
 0.000369 1.515470 2.182803 3.698273 4.165014
 0.000369 1.517529 2.172257 3.689786 3.923674
 0.000370 1.519391 2.161905 3.681296 3.689441
 0.000370 1.521085 2.151836 3.672921 3.465449
 0.000371 1.522532 2.142316 3.664849 3.256183
 0.000371 1.523695 2.133898 3.657593 3.073660
 0.000372 1.524838 2.126823 3.651662 2.928362
 0.000372 1.525934 2.121461 3.647395 2.826003
 0.000373 1.526964 2.117602 3.644566 2.759147
 0.000373 1.527945 2.115515 3.643460 2.733229
 0.000374 1.528843 2.115366 3.644210 2.750791
 0.000374 1.529699 2.117188 3.646887 2.813942
 0.000375 1.530427 2.120320 3.650747 2.906254
 0.000375 1.531126 2.124182 3.655308 3.017277
 0.000376 1.531575 2.129255 3.660830 3.154430
 0.000376 1.531835 2.135290 3.667125 3.314548
 0.000377 1.532028 2.141632 3.673660 3.484922
 0.000377 1.532087 2.148389 3.680476 3.667188
 0.000378 1.532058 2.155860 3.687917 3.871489
 0.000378 1.531728 2.163793 3.695522 4.085983
 0.000379 1.531122 2.172331 3.703453 4.315859
 0.000379 1.530192 2.181750 3.711943 4.568884
 0.000380 1.528964 2.192083 3.721047 4.848245
 0.000380 1.527426 2.203160 3.730585 5.149811
 0.000381 1.525556 2.214693 3.740249 5.464603
 0.000381 1.523307 2.226531 3.749838 5.786231
 0.000382 1.520577 2.238891 3.759467 6.118433
 0.000382 1.517488 2.251745 3.769232 6.464781
 0.000383 1.514045 2.264873 3.778919 6.817775
 0.000383 1.510154 2.278507 3.788661 7.182266
 0.000384 1.506023 2.292312 3.798335 7.553603
 0.000384 1.501674 2.305473 3.807147 7.899972
 0.000385 1.497208 2.317585 3.814793 8.206821
 0.000385 1.492553 2.328658 3.821211 8.468913
 0.000386 1.487700 2.338333 3.826033 8.668514
 0.000386 1.482900 2.345764 3.828664 8.778429
 0.000387 1.478158 2.350557 3.828716 8.780581
 0.000387 1.473411 2.352829 3.826240 8.677147
 0.000388 1.468727 2.352640 3.821366 8.475301
 0.000388 1.464066 2.349990 3.814056 8.177012
 0.000389 1.459662 2.345483 3.805145 7.820591
 0.000389 1.455353 2.339535 3.794888 7.420224
 0.000390 1.451184 2.332621 3.783805 6.999399
 0.000390 1.447196 2.325317 3.772512 6.583258
 0.000391 1.443422 2.317891 3.761313 6.183160
 0.000391 1.439947 2.310665 3.750612 5.812581
 0.000392 1.436723 2.304322 3.741045 5.490954
 0.000392 1.433661 2.299258 3.732920 5.225006
 0.000393 1.430905 2.295966 3.726871 5.031298
 0.000393 1.428558 2.294143 3.722700 4.899869
 0.000394 1.426593 2.293962 3.720555 4.832947
 0.000394 1.425117 2.295516 3.720633 4.835346
 0.000395 1.424090 2.298697 3.722787 4.902573
 0.000395 1.423466 2.302914 3.726380 5.015723
 0.000396 1.423383 2.308420 3.731803 5.188967
 0.000396 1.423823 2.314749 3.738572 5.409326
 0.000397 1.424847 2.321735 3.746583 5.676003
 0.000397 1.426406 2.328845 3.755251 5.971813
 0.000398 1.428427 2.336299 3.764726 6.303766
 0.000398 1.430943 2.343837 3.774779 6.665786
 0.000399 1.433875 2.350952 3.784827 7.037703
 0.000399 1.437188 2.357480 3.794668 7.411745
 0.000400 1.440551 2.363436 3.803986 7.774849
 0.000400 1.444052 2.368921 3.812974 8.133285
 0.000401 1.447668 2.373933 3.821601 8.484985
 0.000401 1.451273 2.378856 3.830128 8.839881
 0.000402 1.454860 2.383683 3.838542 9.197214
 0.000402 1.458291 2.388655 3.846946 9.561162
 0.000403 1.461572 2.393846 3.855417 9.935197
 0.000403 1.464696 2.399202 3.863898 10.316836
 0.000404 1.467404 2.404734 3.872138 10.694495
 0.000404 1.469777 2.410514 3.880291 11.074901
 0.000405 1.471813 2.416970 3.888783 11.478169
 0.000405 1.473626 2.423727 3.897354 11.892486
 0.000406 1.475195 2.430302 3.905497 12.292950
 0.000406 1.476515 2.436245 3.912760 12.655717
 0.000407 1.477628 2.441321 3.918950 12.969052
 0.000407 1.478752 2.444832 3.923584 13.206162
 0.000408 1.479909 2.446671 3.926580 13.360577
 0.000408 1.480980 2.446806 3.927785 13.422944
 0.000409 1.481834 2.444241 3.926076 13.334502
 0.000409 1.482608 2.438948 3.921556 13.102109
 0.000410 1.483278 2.431138 3.914416 12.739191
 0.000410 1.483913 2.420985 3.904898 12.263256
 0.000411 1.484409 2.408232 3.892640 11.663729
 0.000411 1.484871 2.393215 3.878086 10.971377
 0.000412 1.485193 2.376353 3.861546 10.210286
 0.000412 1.485265 2.358372 3.843637 9.417000
 0.000413 1.485147 2.339640 3.824787 8.616730
 0.000413 1.484982 2.320560 3.805541 7.836296
 0.000414 1.484860 2.301386 3.786246 7.091021
 0.000414 1.484805 2.282345 3.767150 6.390122
 0.000415 1.484774 2.263726 3.748500 5.740799
 0.000415 1.484769 2.246247 3.731016 5.163624
 0.000416 1.484865 2.230346 3.715211 4.668220
 0.000416 1.485098 2.216164 3.701262 4.251729
 0.000417 1.485370 2.203883 3.689253 3.908750
 0.000417 1.485868 2.193614 3.679482 3.640320
 0.000418 1.486623 2.185318 3.671942 3.439708
 0.000418 1.487647 2.179316 3.666963 3.310359
 0.000419 1.488926 2.175656 3.664582 3.249393
 0.000419 1.490351 2.173507 3.663858 3.230958
 0.000420 1.491978 2.172823 3.664801 3.254971
 0.000420 1.493607 2.173737 3.667344 3.320164
 0.000421 1.495245 2.176012 3.671256 3.421761
 0.000421 1.496840 2.179430 3.676270 3.554171
 0.000422 1.498372 2.183300 3.681672 3.699658
 0.000422 1.499629 2.187409 3.687038 3.847071
 0.000423 1.500706 2.191877 3.692583 4.002417
 0.000423 1.501469 2.196623 3.698091 4.159762
 0.000424 1.501934 2.201863 3.703797 4.325975
 0.000424 1.502191 2.207144 3.709335 4.490394
 0.000425 1.502163 2.212501 3.714664 4.651510
 0.000425 1.501772 2.217698 3.719470 4.799259
 0.000426 1.501162 2.222586 3.723748 4.932705
 0.000426 1.500437 2.226997 3.727434 5.049171
 0.000427 1.499634 2.230742 3.730376 5.143102
 0.000427 1.498664 2.233655 3.732318 5.205580
 0.000428 1.497697 2.235463 3.733160 5.232769
 0.000428 1.496735 2.236342 3.733077 5.230096
 0.000429 1.495866 2.235779 3.731645 5.183882
 0.000429 1.495111 2.233764 3.728875 5.095079
 0.000430 1.494203 2.230569 3.724772 4.964925
 0.000430 1.493257 2.226107 3.719365 4.795996
 0.000431 1.492442 2.220269 3.712711 4.592142
 0.000431 1.491677 2.213156 3.704833 4.356497
 0.000432 1.490986 2.205307 3.696294 4.108083
 0.000432 1.490395 2.196617 3.687012 3.846342
 0.000433 1.489960 2.186846 3.676806 3.568477
 0.000433 1.489673 2.176338 3.666011 3.285924
 0.000434 1.489462 2.165414 3.654876 3.006656
 0.000434 1.489358 2.154772 3.644130 2.748916
 0.000435 1.489379 2.144120 3.633500 2.505315
 0.000435 1.489642 2.134018 3.623660 2.289904
 0.000436 1.490166 2.124534 3.614699 2.102154
 0.000436 1.491008 2.116492 3.607501 1.957142
 0.000437 1.492305 2.110359 3.602664 1.862621
 0.000437 1.493814 2.105896 3.599710 1.806041
 0.000438 1.495586 2.103706 3.599292 1.798105
 0.000438 1.497657 2.103995 3.601652 1.843137
 0.000439 1.499969 2.106667 3.606636 1.940066
 0.000439 1.502506 2.111600 3.614106 2.090004
 0.000440 1.505249 2.118743 3.623992 2.297010
 0.000440 1.508225 2.127761 3.635986 2.561279
 0.000441 1.511274 2.139064 3.650338 2.896402
 0.000441 1.514227 2.152642 3.666870 3.307969
 0.000442 1.517068 2.168223 3.685291 3.798745
 0.000442 1.519614 2.185274 3.704888 4.358130
 0.000443 1.521824 2.203376 3.725200 4.978415
 0.000443 1.523691 2.221813 3.745503 5.639692
 0.000444 1.525220 2.239995 3.765215 6.321147
 0.000444 1.526301 2.257245 3.783546 6.989735
 0.000445 1.526907 2.273495 3.800402 7.634138
 0.000445 1.527047 2.288149 3.815196 8.223163
 0.000446 1.526772 2.300995 3.827768 8.740910
 0.000446 1.525970 2.312017 3.837987 9.173390
 0.000447 1.524832 2.321058 3.845889 9.515011
 0.000447 1.523270 2.328351 3.851621 9.766700
 0.000448 1.521396 2.334272 3.855668 9.946378
 0.000448 1.519281 2.338294 3.857575 10.031612
 0.000449 1.516893 2.340965 3.857857 10.044256
 0.000449 1.514269 2.342489 3.856758 9.995061
 0.000450 1.511293 2.343164 3.854456 9.892393
 0.000450 1.507973 2.343297 3.851270 9.751175
 0.000451 1.504492 2.343081 3.847573 9.588601
 0.000451 1.500864 2.342027 3.842891 9.384656
 0.000452 1.497128 2.340067 3.837195 9.139528
 0.000452 1.493427 2.337517 3.830944 8.874207
 0.000453 1.489844 2.334046 3.823890 8.579519
 0.000453 1.486387 2.329786 3.816172 8.262810
 0.000454 1.482993 2.324045 3.807038 7.895654
 0.000454 1.479689 2.317030 3.796719 7.490919
 0.000455 1.476509 2.308959 3.785468 7.061747
 0.000455 1.473442 2.299724 3.773166 6.606994
 0.000456 1.470683 2.289464 3.760147 6.142242
 0.000456 1.468292 2.278600 3.746892 5.686421
 0.000457 1.466283 2.267399 3.733682 5.249671
 0.000457 1.464776 2.256086 3.720862 4.842479
 0.000458 1.463726 2.244340 3.708066 4.452443
 0.000458 1.463375 2.232592 3.695968 4.098744
 0.000459 1.463564 2.221083 3.684647 3.781017
 0.000459 1.464456 2.210393 3.674849 3.516383
 0.000460 1.465820 2.200910 3.666729 3.304351
 0.000460 1.467709 2.192545 3.660254 3.139988
 0.000461 1.470081 2.185469 3.655550 3.023217
 0.000461 1.472841 2.179735 3.652577 2.950541
 0.000462 1.475931 2.175138 3.651069 2.914029
 0.000462 1.479311 2.172179 3.651490 2.924194
 0.000463 1.482887 2.171265 3.654152 2.988930
 0.000463 1.486522 2.172362 3.658884 3.105751
 0.000464 1.490062 2.174946 3.665008 3.260250
 0.000464 1.493522 2.179000 3.672522 3.454955
 0.000465 1.496798 2.183876 3.680674 3.672549
 0.000465 1.499791 2.189183 3.688973 3.900931
 0.000466 1.502509 2.194955 3.697464 4.141692
 0.000466 1.504970 2.200999 3.705969 4.390099
 0.000467 1.507184 2.207133 3.714317 4.640953
 0.000467 1.509167 2.212981 3.722148 4.882586
 0.000468 1.510918 2.218444 3.729362 5.110626
 0.000468 1.512407 2.222827 3.735234 5.300075
 0.000469 1.513703 2.225920 3.739623 5.443931
 0.000469 1.514873 2.228205 3.743078 5.558553
 0.000470 1.516022 2.229589 3.745611 5.643323
 0.000470 1.517133 2.229767 3.746900 5.686701
 0.000471 1.518200 2.228776 3.746975 5.689247
 0.000471 1.519368 2.227036 3.746405 5.670011
 0.000472 1.520508 2.224246 3.744754 5.614557
 0.000472 1.521710 2.220810 3.742520 5.539958
 0.000473 1.523073 2.216674 3.739747 5.448017
 0.000473 1.524580 2.211745 3.736325 5.335660
 0.000474 1.526366 2.205905 3.732271 5.204062
 0.000474 1.528359 2.198605 3.726964 5.034241
 0.000475 1.530710 2.189947 3.720657 4.836111
 0.000475 1.533297 2.180287 3.713583 4.618620
 0.000476 1.536043 2.169617 3.705660 4.380929
 0.000476 1.539057 2.158075 3.697132 4.132145
 0.000477 1.542438 2.146302 3.688740 3.894421
 0.000477 1.546041 2.133945 3.679987 3.653959
 0.000478 1.549855 2.121390 3.671245 3.421452
 0.000478 1.553826 2.109057 3.662882 3.206204
 0.000479 1.557848 2.097183 3.655031 3.010470
 0.000479 1.561916 2.085685 3.647600 2.830897
 0.000480 1.565989 2.074767 3.640756 2.670371
 0.000480 1.570119 2.064513 3.634633 2.530741
 0.000481 1.574258 2.055359 3.629617 2.419166
 0.000481 1.578157 2.047208 3.625365 2.326544
 0.000482 1.581881 2.039838 3.621719 2.248559
 0.000482 1.585282 2.033736 3.619018 2.191638
 0.000483 1.588341 2.029068 3.617408 2.158069
 0.000483 1.591066 2.025668 3.616735 2.144098
 0.000484 1.593477 2.024020 3.617496 2.159895
 0.000484 1.595650 2.023909 3.619560 2.202995
 0.000485 1.597545 2.024794 3.622339 2.261721
 0.000485 1.599126 2.026764 3.625891 2.337888
 0.000486 1.600509 2.029677 3.630186 2.431699
 0.000486 1.601443 2.033288 3.634731 2.532956
 0.000487 1.602062 2.037627 3.639689 2.645776
 0.000487 1.602437 2.043043 3.645480 2.780678
 0.000488 1.602455 2.049492 3.651947 2.935278
 0.000488 1.602009 2.056922 3.658931 3.106925
 0.000489 1.601093 2.065356 3.666449 3.297153
 0.000489 1.599669 2.074748 3.674416 3.504925
 0.000490 1.597800 2.084829 3.682629 3.725724
 0.000490 1.595472 2.095468 3.690941 3.956072
 0.000491 1.592557 2.106236 3.698793 4.180031
 0.000491 1.589104 2.116641 3.705745 4.383453
 0.000492 1.585026 2.126378 3.711403 4.552596
 0.000492 1.580341 2.135281 3.715622 4.680786
 0.000493 1.575074 2.143927 3.719001 4.784740
 0.000493 1.569268 2.152226 3.721494 4.862179
 0.000494 1.562967 2.159992 3.722959 4.907977
 0.000494 1.556332 2.167232 3.723565 4.926955
 0.000495 1.549398 2.174097 3.723495 4.924787
 0.000495 1.542086 2.181151 3.723237 4.916687
 0.000496 1.534426 2.188286 3.722711 4.900211
 0.000496 1.526575 2.195897 3.722472 4.892726
 0.000497 1.518470 2.203595 3.722065 4.879989
 0.000497 1.510360 2.211474 3.721835 4.872803
 0.000498 1.502367 2.219831 3.722198 4.884140
 0.000498 1.494470 2.228347 3.722817 4.903513
 0.000499 1.486552 2.237000 3.723552 4.926553
 0.000499 1.478801 2.246206 3.725008 4.972356
 0.000500 1.471357 2.256204 3.727561 5.053204
