#! FIELDS time dAB dAC rc bias
 0.000000 3.022858 3.003000 6.025858 3.142161
 0.000000 3.021458 2.990004 6.011463 2.791652
 0.000001 3.019867 2.972493 5.992360 2.358531
 0.000001 3.018139 2.951276 5.969415 1.886510
 0.000002 3.016620 2.927142 5.943762 1.421131
 0.000002 3.015383 2.900782 5.916165 0.993947
 0.000003 3.014580 2.872664 5.887244 0.628006
 0.000003 3.014267 2.843717 5.857984 0.342890
 0.000004 3.014573 2.815022 5.829595 0.148090
 0.000004 3.015684 2.787180 5.802864 0.038341
 0.000005 3.017521 2.760830 5.778351 0.000505
 0.000005 3.020187 2.736385 5.756572 0.017298
 0.000006 3.023531 2.713889 5.737420 0.071263
 0.000006 3.027453 2.693623 5.721075 0.146325
 0.000007 3.031726 2.675944 5.707670 0.227831
 0.000007 3.036149 2.661497 5.697646 0.300518
 0.000008 3.040557 2.650181 5.690739 0.356452
 0.000008 3.045047 2.642278 5.687325 0.385861
 0.000009 3.049689 2.638203 5.687892 0.380890
 0.000009 3.054529 2.637714 5.692243 0.343865
 0.000010 3.059533 2.640448 5.699981 0.282690
 0.000010 3.064809 2.645980 5.710789 0.207259
 0.000011 3.070433 2.654128 5.724561 0.128076
 0.000011 3.076270 2.664854 5.741124 0.057963
 0.000012 3.082660 2.677576 5.760235 0.011156
 0.000012 3.089710 2.691326 5.781036 0.001719
 0.000013 3.097263 2.705493 5.802756 0.038043
 0.000013 3.105295 2.719251 5.824546 0.121887
 0.000014 3.113685 2.731773 5.845458 0.247002
 0.000014 3.122303 2.743004 5.865307 0.406211
 0.000015 3.130882 2.752547 5.883428 0.585969
 0.000015 3.139223 2.759483 5.898706 0.763033
 0.000016 3.147285 2.763693 5.910979 0.922166
 0.000016 3.154897 2.764756 5.919653 1.043727
 0.000017 3.161830 2.762317 5.924147 1.109676
 0.000017 3.168029 2.756205 5.924234 1.110968
 0.000018 3.173351 2.746851 5.920203 1.051689
 0.000018 3.177970 2.733615 5.911585 0.930421
 0.000019 3.182089 2.716853 5.898942 0.765947
 0.000019 3.185746 2.697146 5.882892 0.580175
 0.000020 3.189189 2.675552 5.864741 0.401127
 0.000020 3.192538 2.652616 5.845154 0.244869
 0.000021 3.195936 2.629418 5.825355 0.125912
 0.000021 3.199568 2.606051 5.805619 0.046351
 0.000022 3.203589 2.583386 5.786975 0.006965
 0.000022 3.207890 2.561665 5.769555 0.001578
 0.000023 3.212541 2.541054 5.753594 0.023281
 0.000023 3.217439 2.521922 5.739361 0.064122
 0.000024 3.222805 2.504442 5.727246 0.114846
 0.000024 3.228493 2.488503 5.716996 0.169227
 0.000025 3.234231 2.475123 5.709354 0.216602
 0.000025 3.239544 2.465124 5.704668 0.248544
 0.000026 3.244441 2.459104 5.703545 0.256526
 0.000026 3.248764 2.457513 5.706277 0.237327
 0.000027 3.252470 2.460602 5.713072 0.192824
 0.000027 3.255612 2.468231 5.723843 0.131734
 0.000028 3.258206 2.480785 5.738991 0.065455
 0.000028 3.260185 2.498194 5.758379 0.014101
 0.000029 3.261725 2.519858 5.781582 0.002054
 0.000029 3.262944 2.545004 5.807948 0.053711
 0.000030 3.263882 2.572536 5.836418 0.187551
 0.000030 3.264425 2.601613 5.866037 0.412822
 0.000031 3.264667 2.630938 5.895605 0.725205
 0.000031 3.264565 2.659908 5.924473 1.114534
 0.000032 3.264040 2.687648 5.951688 1.557887
 0.000032 3.263196 2.713307 5.976503 2.026704
 0.000033 3.262030 2.736184 5.998214 2.487374
 0.000033 3.260594 2.756216 6.016810 2.919432
 0.000034 3.258678 2.772259 6.030938 3.270797
 0.000034 3.256039 2.784396 6.040435 3.518204
 0.000035 3.252668 2.792320 6.044988 3.640019
 0.000035 3.248589 2.795998 6.044586 3.629195
 0.000036 3.243813 2.795508 6.039321 3.488715
 0.000036 3.238394 2.790737 6.029131 3.224756
 0.000037 3.232503 2.782031 6.014534 2.864693
 0.000037 3.226377 2.770030 5.996408 2.447249
 0.000038 3.220273 2.754909 5.975183 2.000207
 0.000038 3.214381 2.737235 5.951616 1.556615
 0.000039 3.208912 2.717665 5.926577 1.146161
 0.000039 3.204013 2.696783 5.900796 0.789070
 0.000040 3.199978 2.675244 5.875221 0.500489
 0.000040 3.196895 2.653747 5.850642 0.284784
 0.000041 3.194696 2.632713 5.827410 0.136437
 0.000041 3.193496 2.612440 5.805937 0.047322
 0.000042 3.193227 2.593260 5.786488 0.006402
 0.000042 3.193843 2.576048 5.769891 0.001395
 0.000043 3.195304 2.561461 5.756765 0.016941
 0.000043 3.197346 2.550053 5.747400 0.038566
 0.000044 3.199675 2.542327 5.742002 0.055014
 0.000044 3.202080 2.538649 5.740729 0.059318
 0.000045 3.204205 2.539141 5.743346 0.050646
 0.000045 3.205938 2.544145 5.750082 0.031475
 0.000046 3.207095 2.553300 5.760395 0.010919
 0.000046 3.207712 2.566304 5.774016 0.000067
 0.000047 3.207898 2.582839 5.790737 0.012112
 0.000047 3.207677 2.602086 5.809763 0.059826
 0.000048 3.207111 2.623239 5.830351 0.152231
 0.000048 3.206337 2.645384 5.851721 0.292986
 0.000049 3.205290 2.667788 5.873077 0.479267
 0.000049 3.203739 2.689867 5.893606 0.701326
 0.000050 3.201916 2.710963 5.912879 0.948159
 0.000050 3.199729 2.730998 5.930727 1.209861
 0.000051 3.197176 2.749393 5.946569 1.468843
 0.000051 3.194197 2.765370 5.959567 1.700067
 0.000052 3.190643 2.778223 5.968866 1.875861
 0.000052 3.186409 2.788231 5.974639 1.989351
 0.000053 3.181285 2.795060 5.976345 2.023514
 0.000053 3.175427 2.798822 5.974248 1.981563
 0.000054 3.168985 2.799693 5.968678 1.872225
 0.000054 3.162011 2.797983 5.959994 1.707944
 0.000055 3.154742 2.793384 5.948126 1.495641
 0.000055 3.147453 2.786188 5.933641 1.255616
 0.000056 3.140378 2.776535 5.916913 1.004520
 0.000056 3.133807 2.764835 5.898642 0.762240
 0.000057 3.128056 2.751776 5.879833 0.547687
 0.000057 3.123412 2.737768 5.861180 0.369866
 0.000058 3.119762 2.723147 5.842909 0.229414
 0.000058 3.117260 2.708694 5.825954 0.128940
 0.000059 3.115801 2.694702 5.810503 0.062412
 0.000059 3.115294 2.681943 5.797238 0.024344
 0.000060 3.115702 2.670807 5.786508 0.006425
 0.000060 3.116851 2.662142 5.778993 0.000730
 0.000061 3.118830 2.656260 5.775090 0.000000
 0.000061 3.121519 2.653459 5.774978 0.000002
 0.000062 3.124781 2.653675 5.778456 0.000539
 0.000062 3.128193 2.656886 5.785079 0.004907
 0.000063 3.131552 2.663107 5.794659 0.018986
 0.000063 3.134634 2.671970 5.806604 0.049397
 0.000064 3.137430 2.683232 5.820662 0.103466
 0.000064 3.139864 2.696106 5.835970 0.184817
 0.000065 3.141969 2.709546 5.851515 0.291410
 0.000065 3.143856 2.723024 5.866880 0.420514
 0.000066 3.145485 2.736247 5.881732 0.567751
 0.000066 3.146920 2.748404 5.895324 0.721825
 0.000067 3.148078 2.759109 5.907186 0.871384
 0.000067 3.149043 2.768088 5.917131 1.007606
 0.000068 3.149846 2.775562 5.925408 1.128538
 0.000068 3.150549 2.781180 5.931729 1.225497
 0.000069 3.151103 2.784354 5.935457 1.284564
 0.000069 3.151495 2.785208 5.936703 1.304613
 0.000070 3.151770 2.783940 5.935710 1.288623
 0.000070 3.151917 2.780740 5.932657 1.240075
 0.000071 3.151951 2.776225 5.928176 1.170506
 0.000071 3.151904 2.770612 5.922516 1.085504
 0.000072 3.151653 2.763942 5.915595 0.985923
 0.000072 3.151291 2.756959 5.908250 0.885479
 0.000073 3.150912 2.750038 5.900950 0.790997
 0.000073 3.150554 2.743495 5.894049 0.706582
 0.000074 3.150308 2.737121 5.887428 0.630068
 0.000074 3.150524 2.731354 5.881878 0.569303
 0.000075 3.151226 2.726546 5.877773 0.526339
 0.000075 3.152634 2.722827 5.875461 0.502892
 0.000076 3.154798 2.720665 5.875464 0.502916
 0.000076 3.157764 2.719894 5.877658 0.525160
 0.000077 3.161461 2.720466 5.881927 0.569826
 0.000077 3.165876 2.722232 5.888108 0.637721
 0.000078 3.171005 2.725058 5.896064 0.730734
 0.000078 3.176822 2.729314 5.906136 0.857575
 0.000079 3.183237 2.734721 5.917958 1.019386
 0.000079 3.190043 2.740435 5.930478 1.205990
 0.000080 3.197013 2.746420 5.943433 1.415581
 0.000080 3.203873 2.752291 5.956164 1.637898
 0.000081 3.210452 2.757896 5.968348 1.865847
 0.000081 3.216436 2.762656 5.979092 2.079161
 0.000082 3.221556 2.766270 5.987825 2.261062
 0.000082 3.225640 2.768605 5.994245 2.399633
 0.000083 3.228609 2.769894 5.998503 2.493835
 0.000083 3.230621 2.769778 6.000399 2.536354
 0.000084 3.231697 2.767400 5.999097 2.507116
 0.000084 3.232048 2.761916 5.993964 2.393481
 0.000085 3.231867 2.753480 5.985346 2.208657
 0.000085 3.231326 2.742319 5.973645 1.969570
 0.000086 3.230329 2.728578 5.958907 1.687919
 0.000086 3.228803 2.712458 5.941261 1.379274
 0.000087 3.226806 2.694327 5.921133 1.065220
 0.000087 3.224353 2.674982 5.899335 0.770818
 0.000088 3.221406 2.655007 5.876413 0.512480
 0.000088 3.217974 2.634822 5.852797 0.301276
 0.000089 3.214060 2.615171 5.829230 0.146113
 0.000089 3.209497 2.596867 5.806364 0.048647
 0.000090 3.204361 2.580389 5.784750 0.004587
 0.000090 3.198464 2.566275 5.764739 0.005442
 0.000091 3.191901 2.554402 5.746303 0.041672
 0.000091 3.184933 2.545283 5.730216 0.101055
 0.000092 3.177655 2.538957 5.716613 0.171462
 0.000092 3.170453 2.535091 5.705544 0.242406
 0.000093 3.163424 2.534061 5.697485 0.301770
 0.000093 3.156899 2.535332 5.692232 0.343957
 0.000094 3.151180 2.538397 5.689578 0.366323
 0.000094 3.146307 2.543390 5.689697 0.365303
 0.000095 3.142449 2.550488 5.692937 0.338134
 0.000095 3.139573 2.559762 5.699335 0.287564
 0.000096 3.137560 2.571207 5.708767 0.220487
 0.000096 3.136333 2.584468 5.720801 0.147813
 0.000097 3.135667 2.599851 5.735519 0.078621
 0.000097 3.135407 2.617163 5.752570 0.025543
 0.000098 3.135404 2.635798 5.771202 0.000788
 0.000098 3.135577 2.655078 5.790654 0.011985
 0.000099 3.135742 2.674054 5.809796 0.059939
 0.000099 3.135591 2.691952 5.827542 0.137131
 0.000100 3.135037 2.708440 5.843477 0.233275
 0.000100 3.134135 2.722893 5.857027 0.335012
 0.000101 3.132822 2.735022 5.867844 0.429400
 0.000101 3.131054 2.744983 5.876037 0.508682
 0.000102 3.128858 2.752109 5.880967 0.559621
 0.000102 3.126443 2.756012 5.882455 0.575479
 0.000103 3.123933 2.756206 5.880139 0.550901
 0.000103 3.121550 2.752833 5.874383 0.492133
 0.000104 3.119426 2.746515 5.865941 0.411945
 0.000104 3.117583 2.737252 5.854835 0.317308
 0.000105 3.116022 2.725495 5.841516 0.220076
 0.000105 3.114938 2.712136 5.827074 0.134688
 0.000106 3.114390 2.697298 5.811688 0.066669
 0.000106 3.114327 2.681567 5.795893 0.021468
 0.000107 3.114855 2.665503 5.780358 0.001345
 0.000107 3.115960 2.649360 5.765320 0.004853
 0.000108 3.117716 2.634317 5.752033 0.026772
 0.000108 3.120049 2.620844 5.740893 0.058753
 0.000109 3.122758 2.609096 5.731854 0.093825
 0.000109 3.125840 2.600123 5.725963 0.121080
 0.000110 3.129267 2.594340 5.723607 0.132949
 0.000110 3.133307 2.591757 5.725064 0.125541
 0.000111 3.138041 2.592061 5.730102 0.101569
 0.000111 3.143638 2.594850 5.738489 0.067285
 0.000112 3.150138 2.600178 5.750316 0.030892
 0.000112 3.157559 2.607280 5.764839 0.005339
 0.000113 3.165958 2.615688 5.781647 0.002096
 0.000113 3.175428 2.625512 5.800940 0.033199
 0.000114 3.185834 2.636647 5.822481 0.111906
 0.000114 3.197184 2.649161 5.846345 0.253277
 0.000115 3.209223 2.663068 5.872291 0.471604
 0.000115 3.221670 2.678352 5.900022 0.779372
 0.000116 3.234191 2.694853 5.929044 1.183828
 0.000116 3.246582 2.711868 5.958449 1.679520
 0.000117 3.258544 2.729193 5.987738 2.259199
 0.000117 3.269814 2.746178 6.015991 2.899684
 0.000118 3.280118 2.762031 6.042149 3.563825
 0.000118 3.289155 2.775901 6.065055 4.201608
 0.000119 3.296663 2.787194 6.083857 4.764306
 0.000119 3.302470 2.795699 6.098170 5.216356
 0.000120 3.306662 2.801089 6.107750 5.530409
 0.000120 3.309322 2.803162 6.112483 5.688935
 0.000121 3.310631 2.801779 6.112409 5.686439
 0.000121 3.310922 2.796610 6.107532 5.523148
 0.000122 3.310463 2.787655 6.098118 5.214693
 0.000122 3.309381 2.774599 6.083980 4.768115
 0.000123 3.307914 2.757756 6.065671 4.219461
 0.000123 3.306173 2.737508 6.043681 3.604848
 0.000124 3.304086 2.714827 6.018913 2.970478
 0.000124 3.301802 2.690526 5.992327 2.357814
 0.000125 3.299166 2.665521 5.964687 1.795796
 0.000125 3.296268 2.641017 5.937285 1.314022
 0.000126 3.292873 2.617834 5.910707 0.918487
 0.000126 3.288930 2.596894 5.885824 0.612185
 0.000127 3.284497 2.578986 5.863483 0.389937
 0.000127 3.279584 2.564897 5.844481 0.240186
 0.000128 3.274246 2.555245 5.829492 0.147529
 0.000128 3.268474 2.550413 5.818887 0.095550
 0.000129 3.262422 2.550080 5.812503 0.069677
 0.000129 3.256365 2.553098 5.809463 0.058791
 0.000130 3.250495 2.558891 5.809386 0.058527
 0.000130 3.245108 2.566740 5.811848 0.067254
 0.000131 3.240427 2.575566 5.815993 0.083316
 0.000131 3.236710 2.584746 5.821456 0.107109
 0.000132 3.233910 2.593254 5.827164 0.135155
 0.000132 3.231958 2.601647 5.833605 0.170721
 0.000133 3.230785 2.610626 5.841411 0.219379
 0.000133 3.230049 2.620858 5.850907 0.286785
 0.000134 3.229771 2.632670 5.862440 0.380786
 0.000134 3.229686 2.645528 5.875214 0.500419
 0.000135 3.229442 2.659112 5.888554 0.642775
 0.000135 3.228776 2.673067 5.901843 0.802268
 0.000136 3.227510 2.686742 5.914252 0.967153
 0.000136 3.225450 2.699376 5.924826 1.119815
 0.000137 3.222526 2.710883 5.933409 1.251942
 0.000137 3.218845 2.720445 5.939290 1.346726
 0.000138 3.214243 2.727264 5.941507 1.383354
 0.000138 3.208782 2.730947 5.939729 1.353944
 0.000139 3.202602 2.731008 5.933610 1.255118
 0.000139 3.195965 2.726986 5.922951 1.091928
 0.000140 3.189238 2.719190 5.908428 0.887852
 0.000140 3.182475 2.707375 5.889850 0.657552
 0.000141 3.175840 2.691916 5.867756 0.428585
 0.000141 3.169429 2.673783 5.843211 0.231463
 0.000142 3.163254 2.653750 5.817004 0.087495
 0.000142 3.157326 2.632954 5.790280 0.011411
 0.000143 3.151711 2.612358 5.764069 0.006164
 0.000143 3.146412 2.593176 5.739588 0.063313
 0.000144 3.141456 2.576090 5.717547 0.166036
 0.000144 3.136696 2.561440 5.698136 0.296732
 0.000145 3.132171 2.549857 5.682028 0.433792
 0.000145 3.127961 2.541513 5.669474 0.558605
 0.000146 3.124030 2.536782 5.660812 0.653912
 0.000146 3.120613 2.535694 5.656308 0.706442
 0.000147 3.117608 2.538054 5.655662 0.714136
 0.000147 3.114879 2.543540 5.658419 0.681564
 0.000148 3.112599 2.551725 5.664324 0.614372
 0.000148 3.110882 2.562160 5.673043 0.521525
 0.000149 3.110040 2.573949 5.683989 0.415718
 0.000149 3.110037 2.585902 5.695939 0.313898
 0.000150 3.110928 2.597342 5.708270 0.223797
 0.000150 3.112752 2.608079 5.720832 0.147645
 0.000151 3.115573 2.617813 5.733386 0.087305
 0.000151 3.119204 2.626730 5.745935 0.042742
 0.000152 3.123373 2.635338 5.758711 0.013549
 0.000152 3.127920 2.643540 5.771460 0.000689
 0.000153 3.132861 2.651469 5.784330 0.004193
 0.000153 3.137933 2.659382 5.797315 0.024515
 0.000154 3.142995 2.666997 5.809991 0.060617
 0.000154 3.147766 2.673828 5.821594 0.107750
 0.000155 3.151986 2.679828 5.831814 0.160413
 0.000155 3.155643 2.684869 5.840512 0.213462
 0.000156 3.158680 2.688825 5.847505 0.261600
 0.000156 3.161087 2.692057 5.853143 0.303974
 0.000157 3.162934 2.694457 5.857391 0.337994
 0.000157 3.164253 2.695658 5.859911 0.359031
 0.000158 3.165100 2.695494 5.860594 0.364839
 0.000158 3.165661 2.694018 5.859679 0.357069
 0.000159 3.166218 2.690998 5.857216 0.336556
 0.000159 3.166967 2.686407 5.853374 0.305777
 0.000160 3.167927 2.680466 5.848393 0.268063
 0.000160 3.169227 2.673117 5.842344 0.225603
 0.000161 3.171039 2.665049 5.836088 0.185534
 0.000161 3.173204 2.656445 5.829649 0.148382
 0.000162 3.175726 2.648087 5.823813 0.118295
 0.000162 3.178548 2.640212 5.818759 0.094991
 0.000163 3.181619 2.633229 5.814848 0.078706
 0.000163 3.184813 2.627555 5.812368 0.069176
 0.000164 3.188066 2.623251 5.811317 0.065321
 0.000164 3.191341 2.620210 5.811551 0.066170
 0.000165 3.194708 2.618429 5.813137 0.072066
 0.000165 3.198224 2.617879 5.816103 0.083767
 0.000166 3.202067 2.618256 5.820323 0.101928
 0.000166 3.206172 2.619442 5.825613 0.127214
 0.000167 3.210813 2.621327 5.832139 0.162262
 0.000167 3.216140 2.623273 5.839413 0.206341
 0.000168 3.222272 2.624513 5.846785 0.256419
 0.000168 3.229310 2.624426 5.853736 0.308608
 0.000169 3.237350 2.622420 5.859770 0.357837
 0.000169 3.246415 2.618254 5.864670 0.400488
 0.000170 3.256396 2.612270 5.868665 0.437047
 0.000170 3.267007 2.605116 5.872124 0.469977
 0.000171 3.277917 2.597388 5.875305 0.501328
 0.000171 3.288816 2.590187 5.879003 0.539043
 0.000172 3.299535 2.583737 5.883271 0.584269
 0.000172 3.309826 2.578159 5.887985 0.636333
 0.000173 3.319426 2.573671 5.893097 0.695308
 0.000173 3.328328 2.569913 5.898241 0.757295
 0.000174 3.336396 2.566745 5.903141 0.818802
 0.000174 3.343588 2.564060 5.907648 0.877491
 0.000175 3.349880 2.561921 5.911801 0.933373
 0.000175 3.355381 2.559876 5.915257 0.981191
 0.000176 3.360351 2.557285 5.917637 1.014804
 0.000176 3.364908 2.552775 5.917683 1.015467
 0.000177 3.369232 2.545336 5.914568 0.971550
 0.000177 3.373521 2.534233 5.907754 0.878897
 0.000178 3.377808 2.518645 5.896454 0.735456
 0.000178 3.382300 2.499190 5.881489 0.565165
 0.000179 3.386977 2.476874 5.863851 0.393197
 0.000179 3.391689 2.453603 5.845292 0.245839
 0.000180 3.396446 2.430285 5.826731 0.132914
 0.000180 3.401122 2.408455 5.809577 0.059182
 0.000181 3.405809 2.389051 5.794859 0.019379
 0.000181 3.410476 2.373389 5.783865 0.003778
 0.000182 3.415011 2.361638 5.776649 0.000109
 0.000182 3.419500 2.354174 5.773674 0.000112
 0.000183 3.423887 2.351215 5.775102 0.000000
 0.000183 3.428106 2.352747 5.780853 0.001613
 0.000184 3.432229 2.358397 5.790626 0.011940
 0.000184 3.436165 2.367103 5.803268 0.039467
 0.000185 3.439870 2.377490 5.817361 0.088993
 0.000185 3.443605 2.387825 5.831431 0.158250
 0.000186 3.447510 2.396316 5.843827 0.235670
 0.000186 3.451624 2.400899 5.852524 0.299160
 0.000187 3.456017 2.400059 5.856075 0.327265
 0.000187 3.460520 2.394137 5.854658 0.315894
 0.000188 3.464847 2.384144 5.848991 0.272460
 0.000188 3.468794 2.371779 5.840572 0.213858
 0.000189 3.472170 2.359146 5.831315 0.157602
 0.000189 3.474949 2.347791 5.822739 0.113130
 0.000190 3.476906 2.339463 5.816369 0.084857
 0.000190 3.477926 2.335662 5.813588 0.073790
 0.000191 3.477837 2.336740 5.814577 0.077636
 0.000191 3.476588 2.342783 5.819371 0.097677
 0.000192 3.474266 2.353589 5.827855 0.138774
 0.000192 3.470927 2.369427 5.840354 0.212430
 0.000193 3.466543 2.389340 5.855883 0.325710
 0.000193 3.461180 2.412492 5.873672 0.485112
 0.000194 3.454898 2.437944 5.892842 0.692303
 0.000194 3.447895 2.464489 5.912384 0.941351
 0.000195 3.440468 2.490031 5.930499 1.206318
 0.000195 3.432689 2.512796 5.945485 1.450316
 0.000196 3.424754 2.531427 5.956181 1.638201
 0.000196 3.416823 2.545227 5.962050 1.746159
 0.000197 3.409086 2.554142 5.963228 1.768245
 0.000197 3.401509 2.559065 5.960574 1.718695
 0.000198 3.394189 2.561411 5.955600 1.627705
 0.000198 3.387109 2.562244 5.949353 1.516948
 0.000199 3.380217 2.561654 5.941871 1.389423
 0.000199 3.373420 2.561088 5.934508 1.269389
 0.000200 3.366787 2.560741 5.927528 1.160608
 0.000200 3.360291 2.560559 5.920849 1.061085
 0.000201 3.353958 2.560962 5.914920 0.976470
 0.000201 3.347990 2.562037 5.910026 0.909277
 0.000202 3.342319 2.563564 5.905883 0.854260
 0.000202 3.336927 2.565322 5.902249 0.807421
 0.000203 3.331950 2.567113 5.899063 0.767439
 0.000203 3.327482 2.568458 5.895939 0.729231
 0.000204 3.323723 2.568385 5.892108 0.683699
 0.000204 3.320599 2.565711 5.886309 0.617572
 0.000205 3.318327 2.559656 5.877983 0.528503
 0.000205 3.316922 2.549733 5.866655 0.418452
 0.000206 3.316231 2.536193 5.852424 0.298390
 0.000206 3.316236 2.519103 5.835339 0.180999
 0.000207 3.316859 2.499602 5.816461 0.085237
 0.000207 3.317811 2.479290 5.797101 0.024044
 0.000208 3.318955 2.459834 5.778788 0.000654
 0.000208 3.320037 2.442352 5.762389 0.008170
 0.000209 3.321034 2.427703 5.748737 0.034940
 0.000209 3.321783 2.416740 5.738523 0.067158
 0.000210 3.322040 2.409887 5.731927 0.093506
 0.000210 3.321824 2.407072 5.728896 0.107077
 0.000211 3.321185 2.408439 5.729623 0.103735
 0.000211 3.320127 2.413588 5.733715 0.085935
 0.000212 3.318604 2.421977 5.740580 0.059831
 0.000212 3.316895 2.432867 5.749762 0.032285
 0.000213 3.315201 2.444830 5.760031 0.011463
 0.000213 3.313669 2.456126 5.769795 0.001446
 0.000214 3.312445 2.465610 5.778055 0.000415
 0.000214 3.311733 2.472528 5.784261 0.004130
 0.000215 3.311604 2.476629 5.788233 0.008529
 0.000215 3.311976 2.478489 5.790465 0.011693
 0.000216 3.312782 2.479723 5.792504 0.015020
 0.000216 3.313886 2.481530 5.795416 0.020490
 0.000217 3.315127 2.484906 5.800033 0.030903
 0.000217 3.316353 2.490597 5.806950 0.050491
 0.000218 3.317633 2.498487 5.816119 0.083833
 0.000218 3.318747 2.508493 5.827240 0.135554
 0.000219 3.319952 2.520852 5.840805 0.215380
 0.000219 3.321154 2.535232 5.856386 0.329784
 0.000220 3.322316 2.551021 5.873337 0.481814
 0.000220 3.323490 2.567438 5.890928 0.669965
 0.000221 3.324722 2.583495 5.908216 0.885034
 0.000221 3.326125 2.598311 5.924436 1.113977
 0.000222 3.327774 2.610519 5.938293 1.330416
 0.000222 3.329989 2.619528 5.949517 1.519798
 0.000223 3.332669 2.624324 5.956993 1.652934
 0.000223 3.335699 2.624090 5.959789 1.704160
 0.000224 3.338921 2.618624 5.957545 1.662983
 0.000224 3.342332 2.608783 5.951115 1.547798
 0.000225 3.345627 2.595600 5.941226 1.378694
 0.000225 3.348862 2.579981 5.928843 1.180735
 0.000226 3.351870 2.563027 5.914897 0.976143
 0.000226 3.354380 2.545780 5.900160 0.781095
 0.000227 3.356332 2.529088 5.885420 0.607728
 0.000227 3.357803 2.513008 5.870812 0.457343
 0.000228 3.358652 2.498037 5.856688 0.332244
 0.000228 3.358772 2.485326 5.844098 0.237540
 0.000229 3.358298 2.475058 5.833355 0.169262
 0.000229 3.357242 2.467309 5.824551 0.121912
 0.000230 3.355744 2.461748 5.817492 0.089548
 0.000230 3.354034 2.458057 5.812091 0.068149
 0.000231 3.352232 2.455244 5.807476 0.052175
 0.000231 3.350621 2.451840 5.802461 0.037234
 0.000232 3.349430 2.446700 5.796130 0.021961
 0.000232 3.348681 2.439172 5.787853 0.008040
 0.000233 3.348601 2.428969 5.777571 0.000288
 0.000233 3.349049 2.416603 5.765652 0.004532
 0.000234 3.350026 2.403236 5.753262 0.024003
 0.000234 3.351600 2.390423 5.742023 0.054944
 0.000235 3.353566 2.379368 5.732934 0.089205
 0.000235 3.355963 2.371867 5.727830 0.112066
 0.000236 3.358741 2.369186 5.727927 0.111606
 0.000236 3.361776 2.371308 5.733085 0.088570
 0.000237 3.365095 2.378363 5.743458 0.050290
 0.000237 3.368622 2.390399 5.759021 0.013044
 0.000238 3.372227 2.406443 5.778669 0.000611
 0.000238 3.375788 2.425925 5.801712 0.035219
 0.000239 3.379272 2.447783 5.827055 0.134588
 0.000239 3.382717 2.470337 5.853054 0.303275
 0.000240 3.386145 2.492405 5.878550 0.534342
 0.000240 3.389643 2.512675 5.902319 0.808308
 0.000241 3.393158 2.529516 5.922674 1.087838
 0.000241 3.396737 2.541884 5.938621 1.335775
 0.000242 3.400335 2.549275 5.949610 1.521428
 0.000242 3.403921 2.551929 5.955851 1.632234
 0.000243 3.407254 2.550132 5.957386 1.660091
 0.000243 3.410150 2.545168 5.955318 1.622626
 0.000244 3.412626 2.537688 5.950315 1.533742
 0.000244 3.414466 2.529082 5.943548 1.417512
 0.000245 3.415546 2.520346 5.935892 1.291540
 0.000245 3.415712 2.511970 5.927682 1.162958
 0.000246 3.414881 2.504548 5.919429 1.040504
 0.000246 3.412967 2.498605 5.911573 0.930250
 0.000247 3.410065 2.494286 5.904350 0.834349
 0.000247 3.406280 2.492382 5.898662 0.762479
 0.000248 3.401620 2.492626 5.894246 0.708924
 0.000248 3.396051 2.494524 5.890574 0.665881
 0.000249 3.389874 2.497741 5.887615 0.632165
 0.000249 3.383261 2.501392 5.884653 0.599302
 0.000250 3.376220 2.504836 5.881057 0.560575
 0.000250 3.369069 2.506926 5.875996 0.508269
 0.000251 3.361985 2.507066 5.869051 0.440656
 0.000251 3.355065 2.505582 5.860647 0.365293
 0.000252 3.348350 2.502943 5.851293 0.289718
 0.000252 3.341784 2.499889 5.841674 0.221122
 0.000253 3.335346 2.497466 5.832813 0.166120
 0.000253 3.328933 2.496670 5.825604 0.127165
 0.000254 3.322541 2.498241 5.820782 0.104011
 0.000254 3.316098 2.502475 5.818573 0.094179
 0.000255 3.309496 2.509468 5.818964 0.095883
 0.000255 3.302986 2.518823 5.821809 0.108751
 0.000256 3.296334 2.530364 5.826698 0.132744
 0.000256 3.289792 2.542883 5.832674 0.165324
 0.000257 3.283385 2.556672 5.840057 0.210502
 0.000257 3.277132 2.570761 5.847893 0.264418
 0.000258 3.270941 2.584342 5.855283 0.320885
 0.000258 3.264987 2.596751 5.861738 0.374683
 0.000259 3.259384 2.607544 5.866928 0.420952
 0.000259 3.254091 2.615875 5.869966 0.449294
 0.000260 3.249129 2.621585 5.870715 0.456415
 0.000260 3.244472 2.624412 5.868883 0.439088
 0.000261 3.240059 2.624837 5.864896 0.402518
 0.000261 3.235607 2.623470 5.859077 0.351999
 0.000262 3.231267 2.620798 5.852065 0.295623
 0.000262 3.226949 2.617117 5.844066 0.237319
 0.000263 3.222516 2.612668 5.835184 0.180070
 0.000263 3.217929 2.607715 5.825645 0.127374
 0.000264 3.213206 2.602900 5.816106 0.083779
 0.000264 3.208182 2.598498 5.806680 0.049637
 0.000265 3.202965 2.594599 5.797564 0.025069
 0.000265 3.197492 2.590715 5.788207 0.008495
 0.000266 3.191918 2.587173 5.779091 0.000768
 0.000266 3.186329 2.584035 5.770364 0.001156
 0.000267 3.180750 2.581333 5.762082 0.008568
 0.000267 3.175270 2.578514 5.753784 0.022873
 0.000268 3.170045 2.575101 5.745146 0.045079
 0.000268 3.165444 2.571166 5.736610 0.074354
 0.000269 3.161304 2.566775 5.728079 0.110888
 0.000269 3.157685 2.561918 5.719603 0.154398
 0.000270 3.154711 2.557143 5.711854 0.200464
 0.000270 3.152396 2.553018 5.705414 0.243312
 0.000271 3.150633 2.549847 5.700480 0.278946
 0.000271 3.149726 2.548478 5.698204 0.296205
 0.000272 3.149647 2.549095 5.698743 0.292076
 0.000272 3.150323 2.551639 5.701963 0.267985
 0.000273 3.151766 2.556104 5.707870 0.226481
 0.000273 3.153987 2.562165 5.716152 0.174172
 0.000274 3.156967 2.569518 5.726486 0.118521
 0.000274 3.160616 2.578114 5.738731 0.066400
 0.000275 3.164725 2.587276 5.752001 0.026847
 0.000275 3.169135 2.596612 5.765747 0.004442
 0.000276 3.173660 2.605922 5.779582 0.000972
 0.000276 3.178214 2.614507 5.792720 0.015396
 0.000277 3.182787 2.621880 5.804668 0.043498
 0.000277 3.187423 2.627717 5.815139 0.079868
 0.000278 3.191952 2.631855 5.823807 0.118268
 0.000278 3.196167 2.633910 5.830077 0.150728
 0.000279 3.200167 2.634080 5.834246 0.174487
 0.000279 3.203868 2.632601 5.836468 0.187859
 0.000280 3.207249 2.629863 5.837112 0.191824
 0.000280 3.210275 2.626581 5.836856 0.190244
 0.000281 3.212875 2.622282 5.835157 0.179905
 0.000281 3.215107 2.617777 5.832884 0.166533
 0.000282 3.217029 2.612984 5.830013 0.150373
 0.000282 3.218364 2.608180 5.826544 0.131953
 0.000283 3.218978 2.603712 5.822690 0.112896
 0.000283 3.218888 2.599536 5.818424 0.093534
 0.000284 3.218170 2.595912 5.814083 0.075701
 0.000284 3.216780 2.592876 5.809656 0.059456
 0.000285 3.214784 2.590086 5.804870 0.044098
 0.000285 3.212201 2.587377 5.799578 0.029781
 0.000286 3.209203 2.584631 5.793834 0.017413
 0.000286 3.205709 2.581544 5.787253 0.007297
 0.000287 3.201873 2.578053 5.779926 0.001130
 0.000287 3.197721 2.574787 5.772508 0.000355
 0.000288 3.193425 2.571728 5.765153 0.005019
 0.000288 3.189147 2.569091 5.758238 0.014338
 0.000289 3.184966 2.567391 5.752357 0.026027
 0.000289 3.181080 2.566915 5.747994 0.036933
 0.000290 3.177606 2.568456 5.746062 0.042370
 0.000290 3.174605 2.572186 5.746791 0.040277
 0.000291 3.172232 2.578635 5.750867 0.029538
 0.000291 3.170516 2.587594 5.758110 0.014556
 0.000292 3.169403 2.598502 5.767905 0.002641
 0.000292 3.168721 2.611410 5.780131 0.001230
 0.000293 3.168597 2.626087 5.794683 0.019033
 0.000293 3.168911 2.642027 5.810938 0.063958
 0.000294 3.169550 2.658812 5.828363 0.141460
 0.000294 3.170472 2.676057 5.846529 0.254592
 0.000295 3.171711 2.692823 5.864534 0.399272
 0.000295 3.173067 2.708636 5.881702 0.567433
 0.000296 3.174454 2.723628 5.898083 0.755346
 0.000296 3.175939 2.737838 5.913777 0.960557
 0.000297 3.177350 2.750895 5.928246 1.171570
 0.000297 3.178616 2.762665 5.941281 1.379604
 0.000298 3.179735 2.773218 5.952953 1.580289
 0.000298 3.180665 2.782836 5.963501 1.773385
 0.000299 3.181421 2.791159 5.972579 1.948477
 0.000299 3.182098 2.797404 5.979502 2.087521
 0.000300 3.182580 2.801638 5.984218 2.185001
 0.000300 3.182901 2.803834 5.986735 2.237941
 0.000301 3.182956 2.804047 5.987003 2.243613
 0.000301 3.182785 2.801883 5.984667 2.194405
 0.000302 3.182291 2.796819 5.979110 2.079520
 0.000302 3.181461 2.789089 5.970550 1.908623
 0.000303 3.180255 2.778329 5.958584 1.681998
 0.000303 3.178759 2.764557 5.943316 1.413616
 0.000304 3.176990 2.748012 5.925001 1.122438
 0.000304 3.175005 2.728971 5.903976 0.829524
 0.000305 3.172844 2.707914 5.880759 0.557424
 0.000305 3.170755 2.684724 5.855479 0.322458
 0.000306 3.168630 2.659629 5.828259 0.140908
 0.000306 3.166578 2.633986 5.800564 0.032237
 0.000307 3.164659 2.608119 5.772778 0.000287
 0.000307 3.162870 2.583017 5.745887 0.042883
 0.000308 3.161405 2.559518 5.720923 0.147149
 0.000308 3.160389 2.538710 5.699099 0.289356
 0.000309 3.159860 2.520918 5.680778 0.445516
 0.000309 3.159800 2.506613 5.666413 0.591435
 0.000310 3.160292 2.495835 5.656127 0.708594
 0.000310 3.161420 2.488644 5.650065 0.782597
 0.000311 3.163157 2.484568 5.647725 0.812143
 0.000311 3.165422 2.482603 5.648025 0.808320
 0.000312 3.168128 2.482162 5.650291 0.779771
 0.000312 3.171261 2.482435 5.653696 0.737824
 0.000313 3.174896 2.482858 5.657755 0.689347
 0.000313 3.178870 2.483127 5.661997 0.640434
 0.000314 3.182928 2.482717 5.665646 0.599805
 0.000314 3.187032 2.482405 5.669437 0.559002
 0.000315 3.190984 2.482901 5.673885 0.512958
 0.000315 3.194816 2.484512 5.679328 0.459310
 0.000316 3.198420 2.488296 5.686716 0.391229
 0.000316 3.201590 2.494689 5.696278 0.311213
 0.000317 3.204460 2.504214 5.708675 0.221097
 0.000317 3.206862 2.516916 5.723779 0.132066
 0.000318 3.208885 2.532458 5.741342 0.057224
 0.000318 3.210513 2.550601 5.761114 0.009883
 0.000319 3.211541 2.570937 5.782478 0.002669
 0.000319 3.212160 2.592617 5.804777 0.043821
 0.000320 3.212368 2.614616 5.826984 0.134224
 0.000320 3.212357 2.636283 5.848640 0.269873
 0.000321 3.212146 2.656490 5.868636 0.436774
 0.000321 3.211771 2.674642 5.886413 0.618727
 0.000322 3.211125 2.689864 5.900989 0.791490
 0.000322 3.210293 2.702419 5.912712 0.945852
 0.000323 3.209312 2.711928 5.921240 1.066787
 0.000323 3.208210 2.718272 5.926481 1.144722
 0.000324 3.206963 2.722508 5.929471 1.190402
 0.000324 3.205741 2.724861 5.930601 1.207909
 0.000325 3.204550 2.725500 5.930050 1.199357
 0.000325 3.203459 2.724769 5.928228 1.171301
 0.000326 3.202583 2.722859 5.925442 1.129049
 0.000326 3.201916 2.720464 5.922380 1.083500
 0.000327 3.201410 2.718136 5.919545 1.042179
 0.000327 3.201175 2.715650 5.916825 1.003272
 0.000328 3.201294 2.712593 5.913887 0.962085
 0.000328 3.201737 2.709068 5.910805 0.919809
 0.000329 3.202546 2.705252 5.907798 0.879477
 0.000329 3.203984 2.700819 5.904803 0.840208
 0.000330 3.206025 2.694863 5.900888 0.790215
 0.000330 3.208455 2.686748 5.895203 0.720364
 0.000331 3.211277 2.676260 5.887537 0.631288
 0.000331 3.214402 2.663713 5.878115 0.529861
 0.000332 3.217839 2.649055 5.866894 0.420641
 0.000332 3.221605 2.632675 5.854280 0.312899
 0.000333 3.225682 2.615392 5.841075 0.217154
 0.000333 3.229878 2.598341 5.828219 0.140698
 0.000334 3.234158 2.582285 5.816443 0.085163
 0.000334 3.238396 2.568075 5.806470 0.048978
 0.000335 3.242584 2.556152 5.798736 0.027762
 0.000335 3.246660 2.547216 5.793876 0.017491
 0.000336 3.250530 2.541616 5.792146 0.014405
 0.000336 3.254151 2.538866 5.793017 0.015921
 0.000337 3.257440 2.538916 5.796357 0.022438
 0.000337 3.260530 2.541650 5.802180 0.036471
 0.000338 3.263409 2.545773 5.809182 0.057832
 0.000338 3.265903 2.550410 5.816313 0.084628
 0.000339 3.268123 2.553967 5.822090 0.110063
 0.000339 3.270102 2.555792 5.825895 0.128637
 0.000340 3.271947 2.555345 5.827292 0.135822
 0.000340 3.273702 2.552222 5.825924 0.128785
 0.000341 3.275149 2.546848 5.821997 0.109627
 0.000341 3.276380 2.539673 5.816053 0.083559
 0.000342 3.277499 2.531559 5.809058 0.057413
 0.000342 3.278382 2.523246 5.801627 0.034993
 0.000343 3.278930 2.515828 5.794758 0.019180
 0.000343 3.279146 2.510453 5.789599 0.010406
 0.000344 3.278911 2.507849 5.786760 0.006714
 0.000344 3.278216 2.508299 5.786514 0.006432
 0.000345 3.277014 2.511502 5.788516 0.008902
 0.000345 3.275485 2.517778 5.793263 0.016363
 0.000346 3.273442 2.526689 5.800131 0.031145
 0.000346 3.271035 2.537468 5.808503 0.055547
 0.000347 3.268202 2.549619 5.817821 0.090944
 0.000347 3.264948 2.562638 5.827586 0.137359
 0.000348 3.261401 2.575674 5.837075 0.191598
 0.000348 3.257629 2.587479 5.845108 0.244551
 0.000349 3.253705 2.596894 5.850599 0.284462
 0.000349 3.249656 2.603732 5.853388 0.305884
 0.000350 3.245407 2.607673 5.853079 0.303476
 0.000350 3.241020 2.609163 5.850183 0.281333
 0.000351 3.236350 2.608319 5.844669 0.241487
 0.000351 3.231316 2.606252 5.837568 0.194661
 0.000352 3.225745 2.603908 5.829653 0.148404
 0.000352 3.219669 2.601495 5.821164 0.105762
 0.000353 3.213057 2.599771 5.812828 0.070899
 0.000353 3.205880 2.599132 5.805012 0.044520
 0.000354 3.198143 2.599643 5.797787 0.025570
 0.000354 3.189939 2.600991 5.790930 0.012414
 0.000355 3.181366 2.603308 5.784673 0.004513
 0.000355 3.172578 2.606780 5.779358 0.000876
 0.000356 3.163580 2.611192 5.774772 0.000008
 0.000356 3.154453 2.616239 5.770692 0.001004
 0.000357 3.145262 2.621029 5.766291 0.003944
 0.000357 3.136236 2.624769 5.761005 0.010035
 0.000358 3.127470 2.627028 5.754498 0.021372
 0.000358 3.119192 2.627099 5.746292 0.041705
 0.000359 3.111438 2.624867 5.736305 0.075534
 0.000359 3.104214 2.621244 5.725458 0.123575
 0.000360 3.097447 2.616695 5.714142 0.186237
 0.000360 3.091193 2.612038 5.703231 0.258779
 0.000361 3.085442 2.607888 5.693330 0.334912
 0.000361 3.080291 2.604194 5.684485 0.411206
 0.000362 3.075837 2.602412 5.678249 0.469710
 0.000362 3.072259 2.602673 5.674933 0.502402
 0.000363 3.069572 2.604931 5.674503 0.506719
 0.000363 3.067747 2.609338 5.677085 0.481060
 0.000364 3.066876 2.616196 5.683072 0.424129
 0.000364 3.066899 2.625302 5.692202 0.344206
 0.000365 3.067880 2.636028 5.703909 0.253927
 0.000365 3.069656 2.648454 5.718110 0.162806
 0.000366 3.072232 2.661823 5.734054 0.084535
 0.000366 3.075550 2.675966 5.751516 0.027982
 0.000367 3.079612 2.690258 5.769870 0.001406
 0.000367 3.084171 2.703807 5.787978 0.008199
 0.000368 3.089244 2.716331 5.805575 0.046216
 0.000368 3.094647 2.727671 5.822318 0.111137
 0.000369 3.100292 2.738055 5.838347 0.199552
 0.000369 3.106299 2.747510 5.853809 0.309182
 0.000370 3.112409 2.756552 5.868961 0.439812
 0.000370 3.118652 2.765012 5.883663 0.588515
 0.000371 3.124840 2.772127 5.896967 0.741693
 0.000371 3.131005 2.778158 5.909164 0.897681
 0.000372 3.137232 2.783141 5.920373 1.054163
 0.000372 3.143446 2.786955 5.930401 1.204797
 0.000373 3.149487 2.788735 5.938222 1.329262
 0.000373 3.155371 2.788470 5.943841 1.422452
 0.000374 3.161078 2.786308 5.947386 1.482874
 0.000374 3.166551 2.782725 5.949276 1.515611
 0.000375 3.171762 2.777383 5.949145 1.513331
 0.000375 3.176734 2.769610 5.946343 1.464976
 0.000376 3.181517 2.759529 5.941046 1.375709
 0.000376 3.186078 2.746795 5.932873 1.243473
 0.000377 3.190426 2.731514 5.921940 1.077038
 0.000377 3.194456 2.713562 5.908017 0.882388
 0.000378 3.198259 2.693081 5.891339 0.674739
 0.000378 3.201842 2.670946 5.872789 0.476446
 0.000379 3.205193 2.648297 5.853491 0.306688
 0.000379 3.208469 2.626025 5.834494 0.175953
 0.000380 3.211579 2.604585 5.816164 0.084016
 0.000380 3.214726 2.584290 5.799016 0.028425
 0.000381 3.217931 2.565894 5.783825 0.003743
 0.000381 3.221222 2.549885 5.771106 0.000827
 0.000382 3.224492 2.536842 5.761334 0.009575
 0.000382 3.227938 2.526995 5.754933 0.020481
 0.000383 3.231468 2.520861 5.752328 0.026093
 0.000383 3.234950 2.517747 5.752697 0.025257
 0.000384 3.238290 2.517118 5.755408 0.019532
 0.000384 3.241508 2.518787 5.760295 0.011066
 0.000385 3.244623 2.521817 5.766440 0.003813
 0.000385 3.247636 2.524585 5.772220 0.000436
 0.000386 3.250410 2.525790 5.776201 0.000053
 0.000386 3.253170 2.525155 5.778325 0.000497
 0.000387 3.255729 2.522698 5.778427 0.000529
 0.000387 3.258022 2.519442 5.777464 0.000263
 0.000388 3.260038 2.516202 5.776240 0.000057
 0.000388 3.261835 2.513686 5.775521 0.000006
 0.000389 3.263485 2.512694 5.776179 0.000051
 0.000389 3.264952 2.513884 5.778836 0.000671
 0.000390 3.266401 2.517552 5.783953 0.003855
 0.000390 3.267798 2.523641 5.791438 0.013229
 0.000391 3.269228 2.531572 5.800801 0.032841
 0.000391 3.270724 2.541315 5.812040 0.067960
 0.000392 3.272198 2.552635 5.824833 0.123308
 0.000392 3.273806 2.565306 5.839112 0.204414
 0.000393 3.275450 2.578645 5.854095 0.311442
 0.000393 3.277164 2.591847 5.869011 0.440284
 0.000394 3.278908 2.604354 5.883261 0.584159
 0.000394 3.280644 2.615137 5.895781 0.727317
 0.000395 3.282282 2.623512 5.905794 0.853105
 0.000395 3.283860 2.629111 5.912971 0.949418
 0.000396 3.285295 2.631565 5.916860 1.003769
 0.000396 3.286814 2.630575 5.917389 1.011277
 0.000397 3.288419 2.626532 5.914951 0.976906
 0.000397 3.290198 2.620084 5.910282 0.912727
 0.000398 3.291908 2.612061 5.903969 0.829427
 0.000398 3.293569 2.602753 5.896322 0.733858
 0.000399 3.295206 2.592070 5.887275 0.628354
 0.000399 3.296888 2.580630 5.877518 0.523729
 0.000400 3.298567 2.568935 5.867502 0.426237
 0.000400 3.300121 2.556877 5.856998 0.334770
 0.000401 3.301612 2.544919 5.846531 0.254600
 0.000401 3.303040 2.533527 5.836567 0.188462
 0.000402 3.304590 2.522561 5.827151 0.135088
 0.000402 3.306123 2.511760 5.817883 0.091209
 0.000403 3.307519 2.501430 5.808949 0.057042
 0.000403 3.308995 2.490701 5.799696 0.030071
 0.000404 3.310566 2.478738 5.789304 0.009985
 0.000404 3.312479 2.465472 5.777951 0.000386
 0.000405 3.314556 2.450854 5.765410 0.004765
 0.000405 3.316738 2.435476 5.752214 0.026354
 0.000406 3.319069 2.419475 5.738544 0.067082
 0.000406 3.321389 2.403690 5.725079 0.125466
 0.000407 3.323701 2.389248 5.712950 0.193584
 0.000407 3.325778 2.377366 5.703144 0.259403
 0.000408 3.327530 2.368949 5.696479 0.309632
 0.000408 3.329053 2.365146 5.694199 0.327832
 0.000409 3.330423 2.366343 5.696766 0.307377
 0.000409 3.331588 2.372587 5.704175 0.252034
 0.000410 3.332550 2.383830 5.716379 0.172832
 0.000410 3.333251 2.399343 5.732594 0.090647
 0.000411 3.333759 2.418778 5.752537 0.025618
 0.000411 3.333963 2.441125 5.775088 0.000000
 0.000412 3.333925 2.465082 5.799006 0.028403
 0.000412 3.333666 2.489196 5.822862 0.113714
 0.000413 3.333317 2.512188 5.845505 0.247334
 0.000413 3.333058 2.533236 5.866295 0.415163
 0.000414 3.332842 2.551448 5.884289 0.595323
 0.000414 3.332396 2.566380 5.898776 0.763891
 0.000415 3.331632 2.578016 5.909648 0.904184
 0.000415 3.330633 2.586735 5.917368 1.010985
 0.000416 3.329383 2.592935 5.922317 1.082583
 0.000416 3.327818 2.596419 5.924237 1.111014
 0.000417 3.325877 2.596876 5.922752 1.088993
 0.000417 3.323511 2.594974 5.918485 1.026930
 0.000418 3.320914 2.590363 5.911277 0.926229
 0.000418 3.318034 2.583292 5.901326 0.795733
 0.000419 3.314962 2.574214 5.889176 0.649844
 0.000419 3.311716 2.563422 5.875139 0.499662
 0.000420 3.308388 2.551167 5.859555 0.356023
 0.000420 3.304896 2.537578 5.842473 0.226471
 0.000421 3.301389 2.522683 5.824072 0.119560
 0.000421 3.298045 2.505474 5.803519 0.040177
 0.000422 3.294930 2.486204 5.781134 0.001777
 0.000422 3.292057 2.465015 5.757072 0.016382
 0.000423 3.289552 2.441636 5.731187 0.096734
 0.000423 3.287397 2.416918 5.704316 0.251032
 0.000424 3.285654 2.391933 5.677588 0.476140
 0.000424 3.284318 2.367820 5.652138 0.756871
 0.000425 3.283421 2.345959 5.629380 1.062767
 0.000425 3.282847 2.327691 5.610539 1.355214
 0.000426 3.282640 2.314196 5.596835 1.590208
 0.000426 3.282835 2.306069 5.588903 1.734811
 0.000427 3.283544 2.303758 5.587302 1.764757
 0.000427 3.284714 2.307378 5.592093 1.675911
 0.000428 3.286450 2.316995 5.603444 1.474529
 0.000428 3.288795 2.332106 5.620901 1.189990
 0.000429 3.291757 2.351854 5.643611 0.865420
 0.000429 3.295157 2.374675 5.669832 0.554826
 0.000430 3.298956 2.398874 5.697830 0.299091
 0.000430 3.303185 2.423314 5.726499 0.118454
 0.000431 3.307896 2.446791 5.754687 0.020983
 0.000431 3.312804 2.468794 5.781598 0.002064
 0.000432 3.317829 2.489140 5.806969 0.050551
 0.000432 3.322928 2.508419 5.831348 0.157782
 0.000433 3.328072 2.526633 5.854705 0.316272
 0.000433 3.333186 2.545011 5.878197 0.530702
 0.000434 3.338013 2.563969 5.901983 0.804041
 0.000434 3.342503 2.583500 5.926004 1.137502
 0.000435 3.346608 2.603575 5.950182 1.531425
 0.000435 3.350434 2.623984 5.974418 1.984938
 0.000436 3.353788 2.644186 5.997974 2.482037
 0.000436 3.356727 2.663522 6.020249 3.003132
 0.000437 3.359051 2.681326 6.040376 3.516653
 0.000437 3.360788 2.697071 6.057859 3.995584
 0.000438 3.361901 2.710222 6.072122 4.408960
 0.000438 3.362429 2.720616 6.083044 4.739255
 0.000439 3.362410 2.727725 6.090135 4.960059
 0.000439 3.361625 2.731006 6.092631 5.038988
 0.000440 3.359926 2.730395 6.090321 4.965926
 0.000440 3.357694 2.725373 6.083067 4.739967
 0.000441 3.354933 2.715613 6.070545 4.362256
 0.000441 3.351452 2.701605 6.053056 3.860976
 0.000442 3.347370 2.683698 6.031068 3.274119
 0.000442 3.342731 2.662471 6.005202 2.645681
 0.000443 3.337466 2.638819 5.976285 2.022323
 0.000443 3.331649 2.614063 5.945712 1.454189
 0.000444 3.325461 2.589203 5.914664 0.972896
 0.000444 3.318998 2.565465 5.884463 0.597225
 0.000445 3.312272 2.543962 5.856233 0.328544
 0.000445 3.305356 2.525085 5.830441 0.152729
 0.000446 3.298308 2.509058 5.807365 0.051820
 0.000446 3.291174 2.496369 5.787544 0.007652
 0.000447 3.283895 2.487222 5.771116 0.000823
 0.000447 3.276605 2.481489 5.758094 0.014584
 0.000448 3.269319 2.478846 5.748164 0.036471
 0.000448 3.262111 2.478150 5.740261 0.060940
 0.000449 3.254950 2.478801 5.733751 0.085786
 0.000449 3.247947 2.479439 5.727386 0.114177
 0.000450 3.241197 2.479184 5.720381 0.150103
 0.000450 3.234664 2.477706 5.712370 0.197208
 0.000451 3.228474 2.475073 5.703547 0.256507
 0.000451 3.222614 2.472090 5.694704 0.323757
 0.000452 3.217134 2.469996 5.687130 0.387575
 0.000452 3.211908 2.470355 5.682263 0.431605
 0.000453 3.206986 2.474179 5.681165 0.441867
 0.000453 3.202563 2.481826 5.684389 0.412085
 0.000454 3.198507 2.493287 5.691795 0.347593
 0.000454 3.194830 2.508281 5.703110 0.259646
 0.000455 3.191470 2.526537 5.718007 0.163397
 0.000455 3.188433 2.547561 5.735994 0.076748
 0.000456 3.185629 2.570610 5.756238 0.017925
 0.000456 3.182991 2.595254 5.778244 0.000472
 0.000457 3.180569 2.620226 5.800794 0.032824
 0.000457 3.178182 2.644974 5.823156 0.115123
 0.000458 3.176067 2.668786 5.844853 0.242770
 0.000458 3.174251 2.690963 5.865214 0.405376
 0.000459 3.172650 2.710612 5.883262 0.584171
 0.000459 3.171188 2.727488 5.898676 0.762658
 0.000460 3.169941 2.741193 5.911134 0.924272
 0.000460 3.168900 2.751093 5.919993 1.048646
 0.000461 3.168005 2.757445 5.925450 1.129172
 0.000461 3.167282 2.760832 5.928115 1.169569
 0.000462 3.166735 2.761692 5.928427 1.174349
 0.000462 3.166431 2.759735 5.926166 1.139950
 0.000463 3.166563 2.755221 5.921784 1.074745
 0.000463 3.167030 2.748278 5.915308 0.981904
 0.000464 3.167757 2.739092 5.906849 0.866931
 0.000464 3.168838 2.727594 5.896432 0.735199
 0.000465 3.170193 2.714451 5.884644 0.599205
 0.000465 3.171806 2.699718 5.871524 0.464183
 0.000466 3.173547 2.683749 5.857296 0.337216
 0.000466 3.175300 2.666738 5.842038 0.223553
 0.000467 3.177202 2.648383 5.825585 0.127072
 0.000467 3.179149 2.628998 5.808147 0.054367
 0.000468 3.181115 2.608136 5.789252 0.009911
 0.000468 3.183146 2.585672 5.768818 0.002019
 0.000469 3.185188 2.561427 5.746615 0.040777
 0.000469 3.187277 2.535945 5.723222 0.134944
 0.000470 3.189418 2.510437 5.699854 0.283640
 0.000470 3.191676 2.485646 5.677323 0.478729
 0.000471 3.193805 2.463013 5.656818 0.700393
 0.000471 3.195740 2.443550 5.639290 0.923197
 0.000472 3.197597 2.427865 5.625462 1.120654
 0.000472 3.199317 2.416419 5.615736 1.271004
 0.000473 3.200852 2.409848 5.610700 1.352558
 0.000473 3.202295 2.408445 5.610740 1.351901
 0.000474 3.203598 2.412314 5.615912 1.268200
 0.000474 3.204766 2.420966 5.625733 1.116612
 0.000475 3.205719 2.433969 5.639688 0.917796
 0.000475 3.206403 2.450790 5.657193 0.695959
 0.000476 3.206796 2.470625 5.677421 0.477768
 0.000476 3.206910 2.492035 5.698945 0.290530
 0.000477 3.206823 2.513549 5.720371 0.150157
 0.000477 3.206405 2.533858 5.740263 0.060934
 0.000478 3.205655 2.552401 5.758056 0.014648
 0.000478 3.204562 2.569198 5.773761 0.000100
 0.000479 3.203040 2.584904 5.787944 0.008155
 0.000479 3.201149 2.599547 5.800695 0.032571
 0.000480 3.198977 2.613524 5.812502 0.069674
 0.000480 3.196506 2.627232 5.823738 0.117931
 0.000481 3.193657 2.640470 5.834126 0.173779
 0.000481 3.190487 2.653220 5.843707 0.234849
 0.000482 3.187056 2.665576 5.852632 0.300000
 0.000482 3.183094 2.677007 5.860102 0.360650
 0.000483 3.178760 2.687573 5.866333 0.415509
 0.000483 3.173949 2.696997 5.870946 0.458627
 0.000484 3.168828 2.704948 5.873775 0.486125
 0.000484 3.163494 2.710546 5.874040 0.488743
 0.000485 3.157774 2.713928 5.871702 0.465901
 0.000485 3.151689 2.715156 5.866845 0.420192
 0.000486 3.145406 2.713997 5.859402 0.354733
 0.000486 3.138973 2.709921 5.848894 0.271746
 0.000487 3.132330 2.702728 5.835058 0.179314
 0.000487 3.125603 2.692616 5.818218 0.092648
 0.000488 3.118841 2.680336 5.799177 0.028811
 0.000488 3.112228 2.666382 5.778610 0.000591
 0.000489 3.105734 2.651182 5.756916 0.016666
 0.000489 3.099223 2.635902 5.735125 0.080190
 0.000490 3.092887 2.621579 5.714467 0.184259
 0.000490 3.086858 2.608737 5.695595 0.316628
 0.000491 3.081116 2.597628 5.678744 0.464920
 0.000491 3.075591 2.588249 5.663841 0.619738
 0.000492 3.070384 2.580933 5.651317 0.767012
 0.000492 3.065454 2.576305 5.641759 0.889959
 0.000493 3.060921 2.574487 5.635408 0.976705
 0.000493 3.056823 2.575189 5.632012 1.024744
 0.000494 3.053159 2.577789 5.630948 1.040034
 0.000494 3.049828 2.581357 5.631185 1.036613
 0.000495 3.047035 2.585488 5.632524 1.017436
 0.000495 3.044938 2.589536 5.634473 0.989813
 0.000496 3.043447 2.593211 5.636659 0.959302
 0.000496 3.042648 2.596391 5.639038 0.926622
 0.000497 3.042608 2.598813 5.641421 0.894472
 0.000497 3.043234 2.601305 5.644538 0.853261
 0.000498 3.044430 2.604347 5.648777 0.798790
 0.000498 3.046179 2.608379 5.654558 0.727394
 0.000499 3.048574 2.614405 5.662979 0.629367
 0.000499 3.051543 2.622348 5.673891 0.512900
 0.000500 3.055037 2.632078 5.687115 0.387705
