#! FIELDS time dAB dAC rc bias
 0.000000 2.835783 3.885113 6.720896 2.613314
 0.000000 2.834717 3.889352 6.724069 2.676509
 0.000001 2.833115 3.893245 6.726360 2.722620
 0.000001 2.831679 3.896793 6.728472 2.765471
 0.000002 2.831098 3.899910 6.731008 2.817348
 0.000002 2.831051 3.902539 6.733590 2.870678
 0.000003 2.831862 3.904841 6.736704 2.935662
 0.000003 2.834238 3.906709 6.740947 3.025384
 0.000004 2.837980 3.908116 6.746095 3.136048
 0.000004 2.842646 3.908950 6.751597 3.256502
 0.000005 2.847742 3.909165 6.756907 3.374929
 0.000005 2.853560 3.908941 6.762501 3.501953
 0.000006 2.859894 3.908207 6.768101 3.631495
 0.000006 2.866337 3.906921 6.773258 3.752852
 0.000007 2.872476 3.905101 6.777577 3.856023
 0.000007 2.877465 3.902719 6.780184 3.918966
 0.000008 2.880640 3.899838 6.780478 3.926096
 0.000008 2.881153 3.896444 6.777596 3.856478
 0.000009 2.878707 3.892444 6.771150 3.703003
 0.000009 2.873367 3.887878 6.761245 3.473244
 0.000010 2.864765 3.882843 6.747609 3.168958
 0.000010 2.852728 3.877489 6.730217 2.801125
 0.000011 2.837281 3.871732 6.709013 2.383343
 0.000011 2.819058 3.865598 6.684656 1.945051
 0.000012 2.798318 3.859037 6.657355 1.506677
 0.000012 2.776379 3.852077 6.628457 1.103554
 0.000013 2.754018 3.844723 6.598741 0.754343
 0.000013 2.732422 3.837071 6.569493 0.475307
 0.000014 2.712302 3.828999 6.541301 0.267065
 0.000014 2.694728 3.820527 6.515255 0.127655
 0.000015 2.680097 3.811943 6.492040 0.046278
 0.000015 2.668674 3.803301 6.471975 0.008510
 0.000016 2.661049 3.794679 6.455729 0.000052
 0.000016 2.657144 3.786075 6.443220 0.007029
 0.000017 2.656596 3.777480 6.434076 0.019552
 0.000017 2.659459 3.769026 6.428485 0.030301
 0.000018 2.665110 3.760688 6.425799 0.036298
 0.000018 2.672725 3.752711 6.425436 0.037150
 0.000019 2.681376 3.745036 6.426411 0.034882
 0.000019 2.689864 3.737697 6.427561 0.032301
 0.000020 2.697288 3.730695 6.427983 0.031380
 0.000020 2.701823 3.724124 6.425947 0.035952
 0.000021 2.703211 3.718074 6.421285 0.047594
 0.000021 2.701168 3.712673 6.413841 0.069562
 0.000022 2.695180 3.707970 6.403150 0.108383
 0.000022 2.685195 3.703866 6.389060 0.172635
 0.000023 2.672357 3.700372 6.372729 0.265744
 0.000023 2.657551 3.697414 6.354965 0.389729
 0.000024 2.642400 3.694998 6.337398 0.535620
 0.000024 2.628254 3.693016 6.321270 0.689938
 0.000025 2.616004 3.691361 6.307364 0.838650
 0.000025 2.605877 3.690215 6.296093 0.969834
 0.000026 2.598993 3.689463 6.288457 1.064125
 0.000026 2.595880 3.689022 6.284902 1.109507
 0.000027 2.596875 3.688887 6.285762 1.098440
 0.000027 2.601906 3.688831 6.290736 1.035516
 0.000028 2.610801 3.688881 6.299681 0.927035
 0.000028 2.622834 3.689026 6.311860 0.788983
 0.000029 2.637820 3.689277 6.327098 0.631926
 0.000029 2.655317 3.689627 6.344944 0.470115
 0.000030 2.673973 3.689917 6.363890 0.324476
 0.000030 2.692742 3.690172 6.382914 0.205332
 0.000031 2.710597 3.690397 6.400994 0.117249
 0.000031 2.727312 3.690778 6.418090 0.056513
 0.000032 2.741687 3.691195 6.432882 0.021651
 0.000032 2.752958 3.691583 6.444541 0.005738
 0.000033 2.761114 3.691844 6.452957 0.000586
 0.000033 2.766412 3.692099 6.458512 0.000096
 0.000034 2.769685 3.692410 6.462095 0.001008
 0.000034 2.771485 3.692592 6.464077 0.001926
 0.000035 2.772353 3.692818 6.465170 0.002559
 0.000035 2.772799 3.693051 6.465851 0.002997
 0.000036 2.774244 3.693215 6.467459 0.004173
 0.000036 2.776773 3.693329 6.470102 0.006525
 0.000037 2.781038 3.693420 6.474458 0.011547
 0.000037 2.787484 3.693284 6.480769 0.021346
 0.000038 2.796554 3.692896 6.489450 0.039706
 0.000038 2.808055 3.692299 6.500355 0.070778
 0.000039 2.821916 3.691507 6.513423 0.119763
 0.000039 2.838091 3.690473 6.528564 0.192535
 0.000040 2.856273 3.689098 6.545370 0.293444
 0.000040 2.875554 3.687459 6.563013 0.422167
 0.000041 2.895650 3.685509 6.581159 0.578914
 0.000041 2.915924 3.683285 6.599209 0.759335
 0.000042 2.936000 3.680918 6.616918 0.960095
 0.000042 2.955222 3.678297 6.633519 1.169650
 0.000043 2.972478 3.675493 6.647971 1.368909
 0.000043 2.987271 3.672340 6.659611 1.540788
 0.000044 2.999113 3.668827 6.667940 1.670005
 0.000044 3.007493 3.665101 6.672593 1.744466
 0.000045 3.012873 3.661167 6.674040 1.767953
 0.000045 3.015197 3.657058 6.672254 1.738988
 0.000046 3.014620 3.652713 6.667333 1.660412
 0.000046 3.011721 3.648084 6.659805 1.543737
 0.000047 3.006821 3.643356 6.650177 1.400707
 0.000047 3.000276 3.638484 6.638760 1.240105
 0.000048 2.992906 3.633586 6.626492 1.078424
 0.000048 2.985263 3.628762 6.614025 0.925691
 0.000049 2.977527 3.623909 6.601436 0.783285
 0.000049 2.970003 3.619040 6.589043 0.654715
 0.000050 2.962965 3.614243 6.577208 0.542685
 0.000050 2.956552 3.609540 6.566093 0.447029
 0.000051 2.950547 3.604974 6.555521 0.364654
 0.000051 2.945167 3.600403 6.545570 0.294767
 0.000052 2.940336 3.595963 6.536298 0.236342
 0.000052 2.936522 3.591739 6.528261 0.190909
 0.000053 2.933452 3.587892 6.521343 0.155686
 0.000053 2.930526 3.584315 6.514841 0.125848
 0.000054 2.927408 3.581027 6.508435 0.099553
 0.000054 2.923689 3.578067 6.501756 0.075418
 0.000055 2.918821 3.575445 6.494265 0.052327
 0.000055 2.912424 3.573209 6.485633 0.030938
 0.000056 2.903948 3.571365 6.475313 0.012700
 0.000056 2.893426 3.569927 6.463353 0.001557
 0.000057 2.880806 3.568835 6.449641 0.001981
 0.000057 2.866287 3.568147 6.434434 0.018944
 0.000058 2.850258 3.567812 6.418070 0.056571
 0.000058 2.833104 3.567911 6.401015 0.117159
 0.000059 2.815468 3.568364 6.383832 0.200269
 0.000059 2.797920 3.568985 6.366905 0.303788
 0.000060 2.781202 3.569782 6.350985 0.420758
 0.000060 2.766031 3.570838 6.336869 0.540376
 0.000061 2.753426 3.572065 6.325490 0.647670
 0.000061 2.743187 3.573447 6.316634 0.737900
 0.000062 2.735534 3.575022 6.310556 0.803238
 0.000062 2.730764 3.576772 6.307536 0.836731
 0.000063 2.728934 3.578688 6.307622 0.835758
 0.000063 2.729959 3.580798 6.310757 0.801029
 0.000064 2.733354 3.582857 6.316211 0.742357
 0.000064 2.739038 3.584851 6.323889 0.663550
 0.000065 2.746149 3.586842 6.332991 0.575849
 0.000065 2.753497 3.588786 6.342283 0.492727
 0.000066 2.760786 3.590671 6.351457 0.417014
 0.000066 2.767049 3.592368 6.359417 0.356436
 0.000067 2.771457 3.593841 6.365297 0.314734
 0.000067 2.773485 3.594984 6.368469 0.293323
 0.000068 2.772549 3.595866 6.368415 0.293678
 0.000068 2.768765 3.596484 6.365248 0.315073
 0.000069 2.762760 3.596844 6.359604 0.355069
 0.000069 2.755415 3.596896 6.352311 0.410287
 0.000070 2.747472 3.596520 6.343992 0.478142
 0.000070 2.739739 3.595781 6.335520 0.552583
 0.000071 2.732492 3.594531 6.327024 0.632645
 0.000071 2.726246 3.592879 6.319125 0.711934
 0.000072 2.721716 3.590823 6.312538 0.781625
 0.000072 2.719610 3.588397 6.308007 0.831462
 0.000073 2.719994 3.585590 6.305584 0.858738
 0.000073 2.722778 3.582372 6.305149 0.863677
 0.000074 2.727996 3.578896 6.306892 0.843955
 0.000074 2.735692 3.575165 6.310858 0.799926
 0.000075 2.746098 3.571205 6.317303 0.730888
 0.000075 2.758795 3.567042 6.325838 0.644253
 0.000076 2.773322 3.562639 6.335961 0.548581
 0.000076 2.789089 3.558210 6.347299 0.450546
 0.000077 2.805216 3.553830 6.359045 0.359158
 0.000077 2.820855 3.549565 6.370421 0.280518
 0.000078 2.835631 3.545273 6.380904 0.216634
 0.000078 2.848623 3.541033 6.389656 0.169619
 0.000079 2.859671 3.536847 6.396518 0.136773
 0.000079 2.868774 3.532767 6.401541 0.114966
 0.000080 2.875714 3.528881 6.404595 0.102634
 0.000080 2.880934 3.525021 6.405955 0.097367
 0.000081 2.884818 3.521374 6.406193 0.096460
 0.000081 2.888036 3.517831 6.405867 0.097704
 0.000082 2.891455 3.514440 6.405895 0.097597
 0.000082 2.895430 3.511287 6.406717 0.094476
 0.000083 2.900006 3.508408 6.408414 0.088195
 0.000083 2.906168 3.505724 6.411892 0.075999
 0.000084 2.914451 3.503230 6.417681 0.057710
 0.000084 2.924333 3.500966 6.425299 0.037473
 0.000085 2.935564 3.498989 6.434552 0.018745
 0.000085 2.948241 3.497344 6.445585 0.004810
 0.000086 2.962019 3.495941 6.457960 0.000041
 0.000086 2.976792 3.494862 6.471654 0.008152
 0.000087 2.992536 3.493958 6.486493 0.032819
 0.000087 3.009093 3.493202 6.502295 0.077241
 0.000088 3.025869 3.492682 6.518551 0.142482
 0.000088 3.042603 3.492425 6.535028 0.228839
 0.000089 3.058396 3.492429 6.550825 0.330750
 0.000089 3.072912 3.492641 6.565553 0.442622
 0.000090 3.085742 3.492896 6.578639 0.555666
 0.000090 3.096566 3.493214 6.589780 0.662039
 0.000091 3.105337 3.493555 6.598893 0.755962
 0.000091 3.112236 3.493886 6.606122 0.834909
 0.000092 3.116713 3.494196 6.610909 0.889331
 0.000092 3.119069 3.494517 6.613585 0.920513
 0.000093 3.119586 3.494812 6.614399 0.930096
 0.000093 3.118655 3.494933 6.613588 0.920544
 0.000094 3.116186 3.494791 6.610976 0.890113
 0.000094 3.112650 3.494377 6.607027 0.845066
 0.000095 3.108074 3.493576 6.601650 0.785610
 0.000095 3.103238 3.492553 6.595791 0.723298
 0.000096 3.098103 3.491264 6.589367 0.657924
 0.000096 3.092533 3.489640 6.582173 0.588402
 0.000097 3.086847 3.487707 6.574553 0.518995
 0.000097 3.081385 3.485481 6.566866 0.453385
 0.000098 3.076085 3.482906 6.558990 0.390763
 0.000098 3.071371 3.479935 6.551306 0.334145
 0.000099 3.066787 3.476585 6.543372 0.280336
 0.000099 3.062472 3.472945 6.535418 0.231128
 0.000100 3.058409 3.468879 6.527287 0.185734
 0.000100 3.054029 3.464592 6.518622 0.142811
 0.000101 3.048872 3.460094 6.508966 0.101617
 0.000101 3.042753 3.455380 6.498133 0.063723
 0.000102 3.035054 3.450459 6.485513 0.030679
 0.000102 3.025763 3.445267 6.471031 0.007477
 0.000103 3.014552 3.439983 6.454535 0.000212
 0.000103 3.001190 3.434655 6.435845 0.016640
 0.000104 2.986551 3.429302 6.415852 0.063216
 0.000104 2.970928 3.423843 6.394770 0.144801
 0.000105 2.954808 3.418328 6.373136 0.263179
 0.000105 2.938739 3.412786 6.351526 0.416473
 0.000106 2.923312 3.407103 6.330415 0.600040
 0.000106 2.909119 3.401486 6.310605 0.802694
 0.000107 2.896712 3.395996 6.292708 1.011091
 0.000107 2.886422 3.390669 6.277092 1.212554
 0.000108 2.878649 3.385443 6.264092 1.394212
 0.000108 2.873772 3.380414 6.254186 1.541143
 0.000109 2.871916 3.375613 6.247528 1.644034
 0.000109 2.873365 3.370997 6.244361 1.694140
 0.000110 2.877689 3.366688 6.244377 1.693895
 0.000110 2.884593 3.362784 6.247377 1.646411
 0.000111 2.893427 3.359346 6.252774 1.562692
 0.000111 2.903716 3.356364 6.260080 1.452828
 0.000112 2.914543 3.353881 6.268425 1.332255
 0.000112 2.925201 3.351905 6.277106 1.212364
 0.000113 2.935327 3.350441 6.285767 1.098371
 0.000113 2.944198 3.349617 6.293815 0.997505
 0.000114 2.951423 3.349432 6.300855 0.913247
 0.000114 2.957090 3.349892 6.306982 0.842948
 0.000115 2.961317 3.351019 6.312336 0.783810
 0.000115 2.964350 3.352791 6.317141 0.732576
 0.000116 2.966990 3.355113 6.322103 0.681484
 0.000116 2.969255 3.358101 6.327357 0.629405
 0.000117 2.971801 3.361829 6.333630 0.569927
 0.000117 2.975214 3.366142 6.341357 0.500725
 0.000118 2.980323 3.370985 6.351308 0.418197
 0.000118 2.987588 3.376396 6.363984 0.323823
 0.000119 2.996871 3.382275 6.379145 0.226778
 0.000119 3.008381 3.388664 6.397045 0.134394
 0.000120 3.021646 3.395449 6.417095 0.059447
 0.000120 3.036649 3.402488 6.439137 0.011846
 0.000121 3.052864 3.409890 6.462754 0.001281
 0.000121 3.070196 3.417540 6.487736 0.035633
 0.000122 3.088435 3.425350 6.513785 0.121302
 0.000122 3.107434 3.433291 6.540725 0.263432
 0.000123 3.126190 3.441300 6.567490 0.458548
 0.000123 3.144277 3.449347 6.593623 0.700890
 0.000124 3.161127 3.457420 6.618548 0.979750
 0.000124 3.175643 3.465449 6.641091 1.272099
 0.000125 3.187602 3.473430 6.661033 1.562471
 0.000125 3.196874 3.481335 6.678209 1.836495
 0.000126 3.203145 3.489041 6.692186 2.075798
 0.000126 3.205874 3.496322 6.702196 2.256198
 0.000127 3.205483 3.503253 6.708736 2.378111
 0.000127 3.202599 3.509820 6.712419 2.448179
 0.000128 3.197460 3.515994 6.713454 2.468056
 0.000128 3.190233 3.521637 6.711870 2.437658
 0.000129 3.181220 3.526745 6.707964 2.363554
 0.000129 3.171279 3.531300 6.702579 2.263235
 0.000130 3.160442 3.535168 6.695610 2.136652
 0.000130 3.149123 3.538465 6.687589 1.995471
 0.000131 3.137269 3.541241 6.678510 1.841488
 0.000131 3.125229 3.543429 6.668658 1.681388
 0.000132 3.113456 3.544906 6.658362 1.521852
 0.000132 3.101804 3.545705 6.647509 1.362292
 0.000133 3.090341 3.545772 6.636113 1.204258
 0.000133 3.078934 3.545322 6.624257 1.050179
 0.000134 3.067637 3.544411 6.612048 0.902540
 0.000134 3.056193 3.543012 6.599205 0.759286
 0.000135 3.044350 3.541125 6.585475 0.619829
 0.000135 3.032179 3.538782 6.570961 0.487786
 0.000136 3.018973 3.536073 6.555046 0.361145
 0.000136 3.004374 3.533114 6.537488 0.243479
 0.000137 2.987851 3.529926 6.517777 0.138930
 0.000137 2.969317 3.526615 6.495931 0.057099
 0.000138 2.948380 3.523187 6.471567 0.008056
 0.000138 2.925408 3.519745 6.445152 0.005184
 0.000139 2.900931 3.516248 6.417179 0.059196
 0.000139 2.875517 3.512655 6.388172 0.177185
 0.000140 2.849231 3.509035 6.358266 0.364902
 0.000140 2.823166 3.505285 6.328451 0.618816
 0.000141 2.798040 3.501672 6.299713 0.926664
 0.000141 2.774953 3.498233 6.273186 1.265804
 0.000142 2.754505 3.494947 6.249452 1.613963
 0.000142 2.737193 3.491768 6.228961 1.948541
 0.000143 2.723545 3.488752 6.212297 2.243845
 0.000143 2.713746 3.485870 6.199616 2.482505
 0.000144 2.707461 3.483157 6.190618 2.659193
 0.000144 2.704629 3.480703 6.185332 2.765802
 0.000145 2.704859 3.478390 6.183249 2.808393
 0.000145 2.707372 3.476315 6.183686 2.799425
 0.000146 2.711824 3.474597 6.186421 2.743669
 0.000146 2.717280 3.473124 6.190404 2.663464
 0.000147 2.722581 3.471939 6.194520 2.581817
 0.000147 2.727387 3.470893 6.198280 2.508360
 0.000148 2.730435 3.469970 6.200404 2.467322
 0.000148 2.730864 3.469298 6.200162 2.471982
 0.000149 2.728206 3.468949 6.197155 2.530238
 0.000149 2.723103 3.468875 6.191978 2.632103
 0.000150 2.715571 3.469054 6.184625 2.780215
 0.000150 2.705841 3.469709 6.175550 2.968630
 0.000151 2.694716 3.470883 6.165599 3.182338
 0.000151 2.683434 3.472487 6.155921 3.397306
 0.000152 2.672800 3.474337 6.147137 3.598479
 0.000152 2.663693 3.476398 6.140091 3.764043
 0.000153 2.656875 3.478776 6.135651 3.870273
 0.000153 2.653149 3.481454 6.134603 3.895586
 0.000154 2.653024 3.484525 6.137550 3.824673
 0.000154 2.656603 3.487938 6.144541 3.659047
 0.000155 2.663720 3.491684 6.155404 3.408977
 0.000155 2.674124 3.495758 6.169882 3.089451
 0.000156 2.687318 3.500036 6.187354 2.724768
 0.000156 2.702796 3.504425 6.207221 2.337936
 0.000157 2.719784 3.509083 6.228866 1.950155
 0.000157 2.736795 3.513874 6.250669 1.595082
 0.000158 2.752910 3.518874 6.271784 1.285194
 0.000158 2.767399 3.523955 6.291353 1.027842
 0.000159 2.780025 3.529035 6.309059 0.819746
 0.000159 2.790016 3.534084 6.324100 0.661447
 0.000160 2.796851 3.539266 6.336117 0.547167
 0.000160 2.800607 3.544493 6.345100 0.468806
 0.000161 2.802019 3.549558 6.351576 0.416073
 0.000161 2.801941 3.554396 6.356337 0.379313
 0.000162 2.800914 3.559080 6.359995 0.352224
 0.000162 2.799607 3.563438 6.363045 0.330404
 0.000163 2.798955 3.567485 6.366440 0.306935
 0.000163 2.800040 3.571212 6.371252 0.275150
 0.000164 2.803295 3.574685 6.377981 0.233621
 0.000164 2.809269 3.577881 6.387151 0.182490
 0.000165 2.818409 3.580789 6.399198 0.124902
 0.000165 2.830617 3.583368 6.413985 0.069096
 0.000166 2.845839 3.585646 6.431485 0.024241
 0.000166 2.863878 3.587664 6.451542 0.001081
 0.000167 2.884387 3.589317 6.473705 0.010577
 0.000167 2.906932 3.590663 6.497595 0.062072
 0.000168 2.930752 3.591802 6.522554 0.161592
 0.000168 2.954322 3.592817 6.547139 0.305295
 0.000169 2.977056 3.593731 6.570786 0.486290
 0.000169 2.998456 3.594389 6.592845 0.692937
 0.000170 3.017746 3.594975 6.612721 0.910383
 0.000170 3.034143 3.595512 6.629655 1.119023
 0.000171 3.047137 3.596123 6.643260 1.302236
 0.000171 3.056577 3.596784 6.653361 1.447239
 0.000172 3.062848 3.597350 6.660198 1.549717
 0.000172 3.065956 3.597955 6.663911 1.606847
 0.000173 3.066379 3.598703 6.665082 1.625084
 0.000173 3.064437 3.599622 6.664060 1.609155
 0.000174 3.060413 3.600716 6.661130 1.563955
 0.000174 3.054720 3.601984 6.656704 1.496910
 0.000175 3.048682 3.603378 6.652060 1.428123
 0.000175 3.042957 3.604874 6.647831 1.366906
 0.000176 3.037722 3.606494 6.644216 1.315630
 0.000176 3.033291 3.608211 6.641502 1.277784
 0.000177 3.030059 3.610071 6.640131 1.258863
 0.000177 3.028378 3.612081 6.640459 1.263380
 0.000178 3.027789 3.614247 6.642036 1.285188
 0.000178 3.028579 3.616458 6.645037 1.327187
 0.000179 3.030806 3.618758 6.649564 1.391824
 0.000179 3.033961 3.621127 6.655089 1.472802
 0.000180 3.037351 3.623505 6.660857 1.559777
 0.000180 3.040750 3.625937 6.666688 1.650243
 0.000181 3.043433 3.628388 6.671821 1.732001
 0.000181 3.044463 3.630877 6.675340 1.789187
 0.000182 3.043569 3.633435 6.677004 1.816544
 0.000182 3.040472 3.636021 6.676493 1.808122
 0.000183 3.034898 3.638615 6.673513 1.759380
 0.000183 3.026762 3.641216 6.667978 1.670605
 0.000184 3.016148 3.643741 6.659889 1.545014
 0.000184 3.003525 3.646326 6.649850 1.395970
 0.000185 2.989631 3.648851 6.638482 1.236305
 0.000185 2.974813 3.651378 6.626191 1.074596
 0.000186 2.959265 3.653841 6.613106 0.914891
 0.000186 2.944192 3.656315 6.600507 0.773253
 0.000187 2.930130 3.658811 6.588941 0.653705
 0.000187 2.917588 3.661274 6.578862 0.557709
 0.000188 2.907321 3.663606 6.570927 0.487495
 0.000188 2.900004 3.665857 6.565862 0.445139
 0.000189 2.895763 3.668040 6.563803 0.428480
 0.000189 2.894374 3.670182 6.564557 0.434539
 0.000190 2.896167 3.672225 6.568391 0.466049
 0.000190 2.900695 3.674212 6.574908 0.522125
 0.000191 2.907643 3.676092 6.583736 0.603174
 0.000191 2.916656 3.677907 6.594563 0.710559
 0.000192 2.927348 3.679695 6.607043 0.845243
 0.000192 2.938617 3.681432 6.620048 0.998023
 0.000193 2.950129 3.683169 6.633298 1.166719
 0.000193 2.961602 3.684752 6.646354 1.345834
 0.000194 2.972078 3.686227 6.658305 1.520992
 0.000194 2.980747 3.687489 6.668236 1.674691
 0.000195 2.987024 3.688684 6.675708 1.795210
 0.000195 2.991201 3.689804 6.681005 1.883186
 0.000196 2.992932 3.690788 6.683720 1.929092
 0.000196 2.991948 3.691631 6.683580 1.926713
 0.000197 2.989243 3.692237 6.681480 1.891179
 0.000197 2.984930 3.692574 6.677505 1.824822
 0.000198 2.980229 3.692688 6.672917 1.749713
 0.000198 2.975887 3.692548 6.668435 1.677851
 0.000199 2.972346 3.692168 6.664514 1.616223
 0.000199 2.970106 3.691561 6.661668 1.572206
 0.000200 2.969350 3.690766 6.660116 1.548465
 0.000200 2.970573 3.689806 6.660379 1.552481
 0.000201 2.973735 3.688588 6.662323 1.582281
 0.000201 2.978501 3.687082 6.665583 1.632908
 0.000202 2.985023 3.685183 6.670206 1.706067
 0.000202 2.993257 3.683127 6.676385 1.806335
 0.000203 3.002205 3.680840 6.683046 1.917646
 0.000203 3.011631 3.678358 6.689989 2.037206
 0.000204 3.021246 3.675782 6.697028 2.162115
 0.000204 3.030498 3.673055 6.703553 2.281224
 0.000205 3.038784 3.670035 6.708818 2.379660
 0.000205 3.045332 3.666911 6.712244 2.444816
 0.000206 3.049717 3.663799 6.713516 2.469244
 0.000206 3.051305 3.660834 6.712139 2.442813
 0.000207 3.049768 3.657904 6.707672 2.358045
 0.000207 3.044825 3.655203 6.700028 2.216476
 0.000208 3.036535 3.652689 6.689224 2.023863
 0.000208 3.025390 3.650402 6.675793 1.796605
 0.000209 3.012020 3.648437 6.660457 1.553671
 0.000209 2.996831 3.646619 6.643450 1.304884
 0.000210 2.980360 3.644984 6.625344 1.063871
 0.000210 2.963334 3.643576 6.606910 0.843749
 0.000211 2.946547 3.642330 6.588877 0.653073
 0.000211 2.930479 3.641282 6.571761 0.494654
 0.000212 2.915579 3.640361 6.555940 0.367760
 0.000212 2.902357 3.639660 6.542017 0.271616
 0.000213 2.891351 3.639095 6.530446 0.202780
 0.000213 2.882665 3.638700 6.521365 0.155790
 0.000214 2.876063 3.638454 6.514517 0.124447
 0.000214 2.871241 3.638347 6.509588 0.104061
 0.000215 2.867914 3.638357 6.506271 0.091368
 0.000215 2.865700 3.638369 6.504069 0.083397
 0.000216 2.864451 3.638491 6.502942 0.079458
 0.000216 2.863485 3.638606 6.502091 0.076549
 0.000217 2.862284 3.638638 6.500922 0.072640
 0.000217 2.859510 3.638763 6.498272 0.064156
 0.000218 2.855104 3.639051 6.494155 0.052019
 0.000218 2.848608 3.639450 6.488059 0.036383
 0.000219 2.839499 3.639906 6.479405 0.018975
 0.000219 2.827737 3.640322 6.468059 0.004661
 0.000220 2.813711 3.640650 6.454361 0.000244
 0.000220 2.797960 3.640971 6.438930 0.012123
 0.000221 2.780791 3.641098 6.421889 0.045994
 0.000221 2.763036 3.641167 6.404203 0.104178
 0.000222 2.745951 3.641135 6.387085 0.182833
 0.000222 2.730234 3.640926 6.371160 0.275744
 0.000223 2.716970 3.640487 6.357456 0.370916
 0.000223 2.706085 3.639825 6.345910 0.462041
 0.000224 2.697929 3.638972 6.336901 0.540080
 0.000224 2.692593 3.637964 6.330557 0.598692
 0.000225 2.689828 3.636852 6.326680 0.636000
 0.000225 2.689651 3.635677 6.325328 0.649271
 0.000226 2.691884 3.634448 6.326332 0.639399
 0.000226 2.695645 3.633218 6.328863 0.614857
 0.000227 2.701001 3.631903 6.332904 0.576656
 0.000227 2.706376 3.630517 6.336894 0.540150
 0.000228 2.711216 3.629179 6.340395 0.509091
 0.000228 2.714929 3.627886 6.342815 0.488164
 0.000229 2.716701 3.626637 6.343338 0.483697
 0.000229 2.715289 3.625262 6.340551 0.507727
 0.000230 2.710659 3.623812 6.334472 0.562170
 0.000230 2.703545 3.622268 6.325813 0.644499
 0.000231 2.694572 3.620621 6.315193 0.753138
 0.000231 2.684324 3.618869 6.303193 0.886085
 0.000232 2.673772 3.617009 6.290781 1.034955
 0.000232 2.663393 3.614998 6.278391 1.195100
 0.000233 2.653908 3.612857 6.266765 1.355820
 0.000233 2.645699 3.610568 6.256268 1.509656
 0.000234 2.639454 3.608040 6.247493 1.644579
 0.000234 2.635686 3.605238 6.240924 1.749384
 0.000235 2.634625 3.602305 6.236930 1.814673
 0.000235 2.636611 3.599343 6.235953 1.830825
 0.000236 2.641663 3.596244 6.237906 1.798603
 0.000236 2.649789 3.592964 6.242754 1.719867
 0.000237 2.660100 3.589644 6.249744 1.609418
 0.000237 2.671341 3.586390 6.257731 1.487708
 0.000238 2.683004 3.583317 6.266321 1.362161
 0.000238 2.694586 3.580365 6.274952 1.241582
 0.000239 2.705459 3.577709 6.283168 1.131995
 0.000239 2.714786 3.575254 6.290041 1.044205
 0.000240 2.722371 3.573070 6.295442 0.977707
 0.000240 2.727796 3.571240 6.299036 0.934660
 0.000241 2.731521 3.569699 6.301220 0.908982
 0.000241 2.733208 3.568449 6.301657 0.903884
 0.000242 2.733192 3.567569 6.300761 0.914352
 0.000242 2.732305 3.566956 6.299261 0.931999
 0.000243 2.731011 3.566624 6.297636 0.951317
 0.000243 2.729955 3.566708 6.296664 0.962962
 0.000244 2.729875 3.567251 6.297126 0.957417
 0.000244 2.731595 3.568207 6.299802 0.925611
 0.000245 2.735741 3.569406 6.305147 0.863707
 0.000245 2.742245 3.570914 6.313160 0.774909
 0.000246 2.751636 3.572838 6.324474 0.657730
 0.000246 2.764396 3.575133 6.339529 0.516685
 0.000247 2.780469 3.577823 6.358291 0.364714
 0.000247 2.799349 3.580791 6.380140 0.221012
 0.000248 2.820330 3.583917 6.404246 0.104006
 0.000248 2.842665 3.587372 6.430037 0.027081
 0.000249 2.865826 3.591045 6.456871 0.000000
 0.000249 2.889075 3.594837 6.483911 0.027339
 0.000250 2.911971 3.598753 6.510723 0.108594
 0.000250 2.933597 3.602780 6.536377 0.236808
 0.000251 2.953584 3.606883 6.560467 0.402150
 0.000251 2.971544 3.610984 6.582528 0.591745
 0.000252 2.987485 3.614981 6.602466 0.794492
 0.000252 3.001408 3.618882 6.620290 1.000985
 0.000253 3.013021 3.622474 6.635495 1.195969
 0.000253 3.022735 3.625932 6.648667 1.378899
 0.000254 3.031022 3.629141 6.660163 1.549194
 0.000254 3.037969 3.632029 6.669999 1.702747
 0.000255 3.043861 3.634574 6.678435 1.840244
 0.000255 3.049082 3.636598 6.685679 1.962574
 0.000256 3.053864 3.638181 6.692046 2.073326
 0.000256 3.058242 3.639295 6.697537 2.171303
 0.000257 3.062577 3.639943 6.702519 2.262141
 0.000257 3.066404 3.640075 6.706479 2.335663
 0.000258 3.070119 3.639720 6.709839 2.398983
 0.000258 3.073614 3.638891 6.712505 2.449828
 0.000259 3.076564 3.637599 6.714164 2.481721
 0.000259 3.079375 3.635756 6.715131 2.500420
 0.000260 3.081475 3.633421 6.714895 2.495862
 0.000260 3.082366 3.630662 6.713028 2.459858
 0.000261 3.082191 3.627343 6.709534 2.393211
 0.000261 3.080725 3.623664 6.704389 2.296705
 0.000262 3.077532 3.619601 6.697133 2.164004
 0.000262 3.072109 3.615263 6.687372 1.991723
 0.000263 3.064189 3.610594 6.674783 1.780062
 0.000263 3.053281 3.605684 6.658965 1.530980
 0.000264 3.039552 3.600572 6.640124 1.258776
 0.000264 3.023054 3.595311 6.618365 0.977534
 0.000265 3.004274 3.590021 6.594295 0.707790
 0.000265 2.983778 3.584758 6.568536 0.467258
 0.000266 2.962004 3.579530 6.541533 0.268539
 0.000266 2.939433 3.574449 6.513883 0.121719
 0.000267 2.917060 3.569443 6.486503 0.032840
 0.000267 2.895313 3.564520 6.459833 0.000320
 0.000268 2.874928 3.559756 6.434685 0.018524
 0.000268 2.856294 3.555222 6.411517 0.077273
 0.000269 2.839770 3.550989 6.390759 0.164101
 0.000269 2.825552 3.547034 6.372585 0.266653
 0.000270 2.814204 3.543428 6.357633 0.369602
 0.000270 2.805258 3.540273 6.345531 0.465198
 0.000271 2.798489 3.537656 6.336145 0.546915
 0.000271 2.794285 3.535628 6.329913 0.604815
 0.000272 2.792218 3.534147 6.326364 0.639085
 0.000272 2.791958 3.533175 6.325133 0.651198
 0.000273 2.792806 3.532837 6.325643 0.646163
 0.000273 2.793810 3.533078 6.326887 0.633976
 0.000274 2.793686 3.533927 6.327614 0.626911
 0.000274 2.792201 3.535499 6.327700 0.626075
 0.000275 2.789410 3.537977 6.327387 0.629115
 0.000275 2.784446 3.541251 6.325697 0.645637
 0.000276 2.776842 3.545212 6.322053 0.681991
 0.000276 2.766605 3.549796 6.316401 0.740360
 0.000277 2.754409 3.555056 6.309465 0.815256
 0.000277 2.740809 3.561005 6.301814 0.902057
 0.000278 2.726670 3.567615 6.294286 0.991753
 0.000278 2.712749 3.574816 6.287565 1.075416
 0.000279 2.699624 3.582639 6.282263 1.143808
 0.000279 2.688371 3.591042 6.279413 1.181455
 0.000280 2.679598 3.600117 6.279715 1.177436
 0.000280 2.673947 3.609744 6.283691 1.125190
 0.000281 2.671330 3.619676 6.291006 1.032164
 0.000281 2.671194 3.630067 6.301261 0.908501
 0.000282 2.673817 3.640623 6.314440 0.761165
 0.000282 2.678868 3.651317 6.330185 0.602224
 0.000283 2.686395 3.662261 6.348656 0.439463
 0.000283 2.695219 3.673391 6.368610 0.292385
 0.000284 2.704382 3.684558 6.388940 0.173248
 0.000284 2.712959 3.695769 6.408728 0.087057
 0.000285 2.720448 3.706981 6.427429 0.032593
 0.000285 2.726254 3.718134 6.444388 0.005880
 0.000286 2.729829 3.729303 6.459133 0.000185
 0.000286 2.730687 3.740409 6.471096 0.007546
 0.000287 2.729148 3.751389 6.480537 0.020933
 0.000287 2.725471 3.762071 6.487542 0.035186
 0.000288 2.719693 3.772543 6.492236 0.046796
 0.000288 2.711962 3.782619 6.494581 0.053216
 0.000289 2.703119 3.792235 6.495354 0.055423
 0.000289 2.694367 3.801356 6.495723 0.056492
 0.000290 2.686180 3.809938 6.496118 0.057646
 0.000290 2.679464 3.817912 6.497375 0.061403
 0.000291 2.674672 3.825293 6.499965 0.069513
 0.000291 2.672352 3.831964 6.504316 0.084275
 0.000292 2.672532 3.838097 6.510629 0.108214
 0.000292 2.675250 3.843588 6.518838 0.143813
 0.000293 2.680468 3.848599 6.529068 0.195251
 0.000293 2.687893 3.853080 6.540972 0.264990
 0.000294 2.697710 3.856929 6.554639 0.358158
 0.000294 2.709356 3.860149 6.569505 0.475410
 0.000295 2.722318 3.862751 6.585069 0.615926
 0.000295 2.735770 3.864861 6.600632 0.774592
 0.000296 2.749004 3.866583 6.615587 0.944181
 0.000296 2.760770 3.868106 6.628876 1.108955
 0.000297 2.770451 3.869303 6.639754 1.253687
 0.000297 2.777854 3.870212 6.648066 1.370273
 0.000298 2.782644 3.870735 6.653379 1.447498
 0.000298 2.784691 3.870953 6.655644 1.481066
 0.000299 2.783674 3.870964 6.654639 1.466121
 0.000299 2.780146 3.870683 6.650829 1.410161
 0.000300 2.775189 3.870210 6.645399 1.332304
 0.000300 2.769696 3.869424 6.639120 1.245013
 0.000301 2.764070 3.868255 6.632326 1.153898
 0.000301 2.758677 3.866802 6.625479 1.065576
 0.000302 2.753731 3.865161 6.618892 0.983931
 0.000302 2.750028 3.863332 6.613360 0.917872
 0.000303 2.747872 3.861229 6.609101 0.868579
 0.000303 2.747655 3.858920 6.606576 0.839988
 0.000304 2.749668 3.856425 6.606093 0.834578
 0.000304 2.754329 3.853827 6.608155 0.857814
 0.000305 2.761335 3.851064 6.612398 0.906621
 0.000305 2.770321 3.848192 6.618513 0.979327
 0.000306 2.780414 3.845323 6.625737 1.068845
 0.000306 2.791130 3.842344 6.633474 1.169051
 0.000307 2.802157 3.839172 6.641329 1.275386
 0.000307 2.812893 3.836013 6.648907 1.382349
 0.000308 2.822378 3.832751 6.655128 1.473388
 0.000308 2.830355 3.829398 6.659753 1.542945
 0.000309 2.836492 3.826017 6.662509 1.585159
 0.000309 2.840147 3.822625 6.662772 1.589211
 0.000310 2.841425 3.819232 6.660658 1.556734
 0.000310 2.840280 3.815915 6.656195 1.489287
 0.000311 2.836701 3.812674 6.649375 1.389103
 0.000311 2.831088 3.809462 6.640549 1.264625
 0.000312 2.823941 3.806193 6.630134 1.125239
 0.000312 2.815788 3.802887 6.618675 0.981297
 0.000313 2.807515 3.799516 6.607031 0.845110
 0.000313 2.799949 3.796036 6.595985 0.725321
 0.000314 2.793259 3.792471 6.585730 0.622291
 0.000314 2.787978 3.788888 6.576866 0.539601
 0.000315 2.784491 3.785205 6.569696 0.477020
 0.000315 2.783048 3.781462 6.564510 0.434164
 0.000316 2.783332 3.777748 6.561080 0.406928
 0.000316 2.785231 3.773926 6.559157 0.392036
 0.000317 2.788892 3.769944 6.558836 0.389579
 0.000317 2.794042 3.765866 6.559908 0.397820
 0.000318 2.800259 3.761819 6.562078 0.414761
 0.000318 2.807150 3.757770 6.564920 0.437480
 0.000319 2.814446 3.753645 6.568091 0.463543
 0.000319 2.821348 3.749471 6.570820 0.486575
 0.000320 2.827405 3.745278 6.572683 0.502624
 0.000320 2.832243 3.741009 6.573252 0.507577
 0.000321 2.835065 3.736585 6.571650 0.493696
 0.000321 2.834919 3.732128 6.567047 0.454878
 0.000322 2.831838 3.727664 6.559503 0.394695
 0.000322 2.825948 3.723251 6.549199 0.319396
 0.000323 2.817601 3.718843 6.536444 0.237208
 0.000323 2.807420 3.714460 6.521880 0.158291
 0.000324 2.796165 3.710056 6.506221 0.091182
 0.000324 2.784781 3.705672 6.490453 0.042192
 0.000325 2.773969 3.701313 6.475282 0.012657
 0.000325 2.764228 3.696847 6.461075 0.000651
 0.000326 2.756022 3.692284 6.448306 0.002776
 0.000326 2.749897 3.687740 6.437638 0.013929
 0.000327 2.745744 3.683381 6.429126 0.028950
 0.000327 2.743887 3.679253 6.423140 0.042766
 0.000328 2.744014 3.675297 6.419311 0.053014
 0.000328 2.746224 3.671575 6.417799 0.057364
 0.000329 2.750099 3.668074 6.418173 0.056272
 0.000329 2.754872 3.664861 6.419732 0.051833
 0.000330 2.760311 3.661935 6.422245 0.045062
 0.000330 2.766047 3.659413 6.425460 0.037092
 0.000331 2.771192 3.657293 6.428486 0.030299
 0.000331 2.775079 3.655847 6.430927 0.025318
 0.000332 2.776611 3.654839 6.431450 0.024309
 0.000332 2.775805 3.654272 6.430078 0.027000
 0.000333 2.772254 3.654271 6.426525 0.034622
 0.000333 2.765994 3.654867 6.420861 0.048734
 0.000334 2.757070 3.656061 6.413130 0.071876
 0.000334 2.745715 3.657771 6.403487 0.107029
 0.000335 2.732678 3.660074 6.392752 0.154359
 0.000335 2.719137 3.662871 6.382008 0.210391
 0.000336 2.705996 3.666272 6.372267 0.268666
 0.000336 2.693867 3.670179 6.364047 0.323387
 0.000337 2.683866 3.674463 6.358329 0.364433
 0.000337 2.675887 3.679146 6.355033 0.389215
 0.000338 2.670296 3.684234 6.354530 0.393065
 0.000338 2.667719 3.689693 6.357412 0.371243
 0.000339 2.667748 3.695423 6.363171 0.329516
 0.000339 2.669930 3.701573 6.371503 0.273541
 0.000340 2.674273 3.708024 6.382297 0.208770
 0.000340 2.680276 3.714759 6.395035 0.143570
 0.000341 2.686883 3.721838 6.408721 0.087083
 0.000341 2.694074 3.729175 6.423249 0.042491
 0.000342 2.700899 3.736764 6.437662 0.013893
 0.000342 2.706160 3.744607 6.450767 0.001415
 0.000343 2.709204 3.752774 6.461978 0.000963
 0.000343 2.709834 3.761209 6.471043 0.007490
 0.000344 2.707523 3.769807 6.477329 0.015635
 0.000344 2.702282 3.778621 6.480903 0.021587
 0.000345 2.694165 3.787607 6.481771 0.023177
 0.000345 2.684021 3.796723 6.480744 0.021301
 0.000346 2.672182 3.805881 6.478063 0.016778
 0.000346 2.659652 3.814995 6.474647 0.011797
 0.000347 2.647393 3.823948 6.471342 0.007810
 0.000347 2.636614 3.832871 6.469485 0.005930
 0.000348 2.627620 3.841630 6.469250 0.005710
 0.000348 2.620390 3.850101 6.470491 0.006916
 0.000349 2.615384 3.858268 6.473652 0.010511
 0.000349 2.612716 3.866156 6.478872 0.018087
 0.000350 2.612547 3.873740 6.486287 0.032361
 0.000350 2.614992 3.881034 6.496026 0.057377
 0.000351 2.619822 3.887841 6.507664 0.096596
 0.000351 2.626225 3.894213 6.520437 0.151337
 0.000352 2.633388 3.900166 6.533554 0.220285
 0.000352 2.640769 3.905725 6.546494 0.300948
 0.000353 2.647795 3.910974 6.558769 0.389072
 0.000353 2.653898 3.915904 6.569802 0.477917
 0.000354 2.658458 3.920388 6.578846 0.557562
 0.000354 2.661153 3.924431 6.585584 0.620881
 0.000355 2.661750 3.928006 6.589757 0.661806
 0.000355 2.659416 3.931109 6.590525 0.669480
 0.000356 2.654517 3.933716 6.588233 0.646710
 0.000356 2.647486 3.935646 6.583132 0.597443
 0.000357 2.639038 3.937166 6.576204 0.533662
 0.000357 2.629825 3.938310 6.568135 0.463906
 0.000358 2.620311 3.938885 6.559196 0.392340
 0.000358 2.610587 3.938937 6.549524 0.321649
 0.000359 2.601511 3.938419 6.539929 0.258454
 0.000359 2.594077 3.937328 6.531404 0.208101
 0.000360 2.588311 3.935749 6.524059 0.169086
 0.000360 2.584417 3.933813 6.518230 0.141006
 0.000361 2.582865 3.931460 6.514324 0.123614
 0.000361 2.583296 3.928642 6.511939 0.113555
 0.000362 2.585436 3.925352 6.510788 0.108854
 0.000362 2.589153 3.921748 6.510901 0.109314
 0.000363 2.594286 3.917757 6.512044 0.113988
 0.000363 2.600888 3.913360 6.514248 0.123285
 0.000364 2.608455 3.908544 6.516999 0.135400
 0.000364 2.616539 3.903396 6.519935 0.148952
 0.000365 2.624234 3.898075 6.522309 0.160385
 0.000365 2.631138 3.892518 6.523656 0.167063
 0.000366 2.636474 3.886810 6.523283 0.165202
 0.000366 2.640112 3.881053 6.521164 0.154821
 0.000367 2.641517 3.875152 6.516669 0.133915
 0.000367 2.640738 3.869038 6.509776 0.104805
 0.000368 2.637907 3.862839 6.500746 0.072059
 0.000368 2.633162 3.856510 6.489672 0.040250
 0.000369 2.627255 3.850029 6.477284 0.015566
 0.000369 2.620682 3.843541 6.464223 0.002006
 0.000370 2.613918 3.837029 6.450948 0.001333
 0.000370 2.607652 3.830572 6.438224 0.013094
 0.000371 2.602801 3.824261 6.427061 0.033412
 0.000371 2.599770 3.817921 6.417692 0.057679
 0.000372 2.599151 3.811570 6.410721 0.080005
 0.000372 2.600792 3.805265 6.406057 0.096977
 0.000373 2.604675 3.799168 6.403842 0.105607
 0.000373 2.611004 3.793280 6.404284 0.103859
 0.000374 2.619529 3.787584 6.407113 0.092990
 0.000374 2.630137 3.782081 6.412218 0.074903
 0.000375 2.642201 3.776745 6.418946 0.054048
 0.000375 2.654605 3.771626 6.426231 0.035295
 0.000376 2.666882 3.766682 6.433564 0.020439
 0.000376 2.678547 3.761966 6.440513 0.010083
 0.000377 2.689122 3.757515 6.446637 0.003958
 0.000377 2.697951 3.753356 6.451307 0.001178
 0.000378 2.704347 3.749518 6.453865 0.000348
 0.000378 2.708156 3.746091 6.454247 0.000266
 0.000379 2.709459 3.743053 6.452513 0.000725
 0.000379 2.709074 3.740364 6.449437 0.002094
 0.000380 2.707367 3.737871 6.445238 0.005109
 0.000380 2.704715 3.735648 6.440363 0.010268
 0.000381 2.701824 3.733603 6.435427 0.017307
 0.000381 2.699269 3.731940 6.431210 0.024770
 0.000382 2.698204 3.730498 6.428702 0.029840
 0.000382 2.699245 3.729206 6.428451 0.030373
 0.000383 2.702638 3.728120 6.430758 0.025648
 0.000383 2.708247 3.727287 6.435534 0.017135
 0.000384 2.715931 3.726624 6.442555 0.007728
 0.000384 2.726322 3.726178 6.452500 0.000730
 0.000385 2.739459 3.725955 6.465414 0.002712
 0.000385 2.754142 3.725935 6.480077 0.020126
 0.000386 2.769857 3.725995 6.495852 0.056867
 0.000386 2.786299 3.726157 6.512456 0.115699
 0.000387 2.803056 3.726311 6.529367 0.196874
 0.000387 2.819419 3.726530 6.545949 0.297294
 0.000388 2.834751 3.726802 6.561552 0.410624
 0.000388 2.848545 3.727206 6.575750 0.529610
 0.000389 2.860122 3.727703 6.587825 0.642700
 0.000389 2.869154 3.728384 6.597538 0.741604
 0.000390 2.875868 3.729173 6.605041 0.822850
 0.000390 2.880397 3.729990 6.610387 0.883317
 0.000391 2.882985 3.730800 6.613785 0.922863
 0.000391 2.883729 3.731646 6.615375 0.941667
 0.000392 2.882986 3.732457 6.615442 0.942465
 0.000392 2.881510 3.733107 6.614617 0.932672
 0.000393 2.879850 3.733637 6.613487 0.919358
 0.000393 2.877997 3.733995 6.611992 0.901887
 0.000394 2.876738 3.734208 6.610946 0.889766
 0.000394 2.876412 3.734305 6.610717 0.887123
 0.000395 2.876775 3.734349 6.611124 0.891817
 0.000395 2.877631 3.734283 6.611914 0.900983
 0.000396 2.879288 3.734233 6.613521 0.919757
 0.000396 2.881943 3.734254 6.616198 0.951466
 0.000397 2.885201 3.734232 6.619433 0.990513
 0.000397 2.888799 3.734107 6.622906 1.033301
 0.000398 2.892360 3.733986 6.626346 1.076572
 0.000398 2.895406 3.733906 6.629313 1.114595
 0.000399 2.897570 3.733887 6.631458 1.142503
 0.000399 2.898617 3.733891 6.632508 1.156296
 0.000400 2.897829 3.733962 6.631791 1.146875
 0.000400 2.895028 3.734095 6.629123 1.112148
 0.000401 2.889910 3.734374 6.624284 1.050525
 0.000401 2.882531 3.734803 6.617333 0.965082
 0.000402 2.873086 3.735424 6.608510 0.861843
 0.000402 2.861763 3.736357 6.598120 0.747756
 0.000403 2.848963 3.737549 6.586512 0.629873
 0.000403 2.835020 3.739079 6.574099 0.514995
 0.000404 2.820184 3.740883 6.561067 0.406821
 0.000404 2.804996 3.742828 6.547824 0.309948
 0.000405 2.789832 3.745035 6.534868 0.227900
 0.000405 2.775346 3.747392 6.522738 0.162497
 0.000406 2.761939 3.749951 6.511891 0.113357
 0.000406 2.750272 3.752666 6.502938 0.079446
 0.000407 2.740410 3.755591 6.496001 0.057303
 0.000407 2.732409 3.758766 6.491175 0.044027
 0.000408 2.726696 3.761991 6.488687 0.037866
 0.000408 2.723173 3.765345 6.488518 0.037464
 0.000409 2.721489 3.768834 6.490323 0.041865
 0.000409 2.720942 3.772455 6.493397 0.049922
 0.000410 2.720962 3.776203 6.497165 0.060767
 0.000410 2.720799 3.780159 6.500958 0.072758
 0.000411 2.720221 3.784263 6.504484 0.084873
 0.000411 2.718276 3.788620 6.506896 0.093697
 0.000412 2.714714 3.793050 6.507764 0.096977
 0.000412 2.709400 3.797660 6.507060 0.094312
 0.000413 2.701972 3.802335 6.504308 0.084244
 0.000413 2.692337 3.807154 6.499491 0.067991
 0.000414 2.681080 3.812004 6.493083 0.049069
 0.000414 2.668547 3.816928 6.485475 0.030598
 0.000415 2.655177 3.821811 6.476988 0.015117
 0.000415 2.641985 3.826599 6.468584 0.005110
 0.000416 2.629603 3.831213 6.460815 0.000572
 0.000416 2.618655 3.835692 6.454347 0.000246
 0.000417 2.609481 3.840011 6.449492 0.002064
 0.000417 2.602341 3.844166 6.446507 0.004059
 0.000418 2.597298 3.848004 6.445302 0.005053
 0.000418 2.594779 3.851588 6.446367 0.004169
 0.000419 2.595035 3.854966 6.450002 0.001790
 0.000419 2.598091 3.858219 6.456311 0.000013
 0.000420 2.603208 3.861256 6.464464 0.002140
 0.000420 2.610140 3.863991 6.474132 0.011121
 0.000421 2.618697 3.866378 6.485075 0.029748
 0.000421 2.627976 3.868491 6.496467 0.058677
 0.000422 2.636795 3.870350 6.507145 0.094633
 0.000422 2.644527 3.872048 6.516575 0.133495
 0.000423 2.650808 3.873423 6.524231 0.169951
 0.000423 2.655027 3.874569 6.529597 0.198124
 0.000424 2.657192 3.875366 6.532558 0.214596
 0.000424 2.656969 3.875865 6.532834 0.216168
 0.000425 2.654777 3.876008 6.530785 0.204657
 0.000425 2.651367 3.875892 6.527259 0.185585
 0.000426 2.646938 3.875590 6.522528 0.161462
 0.000426 2.642369 3.875060 6.517429 0.137346
 0.000427 2.638372 3.874293 6.512665 0.116573
 0.000427 2.635111 3.873235 6.508346 0.099213
 0.000428 2.632875 3.871840 6.504714 0.085696
 0.000428 2.631696 3.870198 6.501893 0.075880
 0.000429 2.632115 3.868417 6.500532 0.071357
 0.000429 2.634410 3.866375 6.500785 0.072188
 0.000430 2.638616 3.863900 6.502515 0.077993
 0.000430 2.644534 3.861083 6.505617 0.088963
 0.000431 2.652007 3.857958 6.509964 0.105552
 0.000431 2.660927 3.854548 6.515475 0.128617
 0.000432 2.671036 3.850943 6.521979 0.158772
 0.000432 2.681384 3.847116 6.528500 0.192191
 0.000433 2.691245 3.843142 6.534387 0.225100
 0.000433 2.700457 3.838994 6.539452 0.255490
 0.000434 2.708318 3.834649 6.542967 0.277714
 0.000434 2.713568 3.830206 6.543774 0.282949
 0.000435 2.716654 3.825660 6.542314 0.273520
 0.000435 2.717957 3.821301 6.539257 0.254289
 0.000436 2.717719 3.817106 6.534824 0.227648
 0.000436 2.715472 3.812975 6.528447 0.191907
 0.000437 2.711802 3.808915 6.520718 0.152678
 0.000437 2.707295 3.804957 6.512252 0.114852
 0.000438 2.701937 3.800975 6.502912 0.079357
 0.000438 2.696808 3.797033 6.493841 0.051146
 0.000439 2.692614 3.793284 6.485898 0.031511
 0.000439 2.689124 3.789644 6.478768 0.017916
 0.000440 2.687237 3.785991 6.473229 0.009986
 0.000440 2.687030 3.782420 6.469450 0.005897
 0.000441 2.688128 3.778837 6.466965 0.003791
 0.000441 2.690795 3.775292 6.466087 0.003158
 0.000442 2.695038 3.771917 6.466955 0.003784
 0.000442 2.700913 3.768649 6.469562 0.006002
 0.000443 2.708491 3.765571 6.474062 0.011031
 0.000443 2.717178 3.762607 6.479785 0.019622
 0.000444 2.726429 3.759744 6.486173 0.032112
 0.000444 2.735888 3.756957 6.492845 0.048423
 0.000445 2.745011 3.754398 6.499409 0.067730
 0.000445 2.753211 3.752112 6.505322 0.087889
 0.000446 2.759999 3.750042 6.510041 0.105856
 0.000446 2.765226 3.748121 6.513346 0.119438
 0.000447 2.768746 3.746397 6.515143 0.127165
 0.000447 2.770854 3.744835 6.515689 0.129561
 0.000448 2.771873 3.743559 6.515432 0.128431
 0.000448 2.771505 3.742582 6.514087 0.122594
 0.000449 2.770005 3.741890 6.511894 0.113372
 0.000449 2.768014 3.741316 6.509330 0.103042
 0.000450 2.766434 3.740797 6.507232 0.094959
 0.000450 2.765846 3.740248 6.506094 0.090712
 0.000451 2.766470 3.739662 6.506132 0.090853
 0.000451 2.768236 3.739034 6.507270 0.095102
 0.000452 2.771403 3.738453 6.509856 0.105122
 0.000452 2.776054 3.737986 6.514040 0.122391
 0.000453 2.781977 3.737592 6.519569 0.147230
 0.000453 2.789035 3.737192 6.526228 0.180184
 0.000454 2.797224 3.736747 6.533971 0.222690
 0.000454 2.805832 3.736226 6.542058 0.271878
 0.000455 2.815247 3.735711 6.550959 0.331692
 0.000455 2.825403 3.735102 6.560506 0.402452
 0.000456 2.835295 3.734490 6.569785 0.477776
 0.000456 2.844183 3.733911 6.578094 0.550702
 0.000457 2.851417 3.733318 6.584735 0.612716
 0.000457 2.857153 3.732721 6.589875 0.662983
 0.000458 2.860595 3.732090 6.592686 0.691313
 0.000458 2.861619 3.731358 6.592977 0.694280
 0.000459 2.860289 3.730553 6.590842 0.672659
 0.000459 2.856759 3.729782 6.586541 0.630152
 0.000460 2.851276 3.728911 6.580187 0.569896
 0.000460 2.844153 3.727942 6.572096 0.497539
 0.000461 2.835879 3.727073 6.562951 0.421675
 0.000461 2.827151 3.726248 6.553399 0.349126
 0.000462 2.818338 3.725439 6.543777 0.282970
 0.000462 2.810216 3.724734 6.534950 0.228383
 0.000463 2.803084 3.724116 6.527200 0.185275
 0.000463 2.797590 3.723547 6.521137 0.154689
 0.000464 2.793451 3.722961 6.516412 0.132767
 0.000464 2.790451 3.722518 6.512969 0.117846
 0.000465 2.788806 3.722290 6.511096 0.110102
 0.000465 2.788559 3.722278 6.510837 0.109053
 0.000466 2.789429 3.722519 6.511947 0.113590
 0.000466 2.790842 3.723073 6.513914 0.121855
 0.000467 2.792794 3.724043 6.516838 0.134673
 0.000467 2.794968 3.725296 6.520264 0.150513
 0.000468 2.796570 3.726884 6.523454 0.166053
 0.000468 2.797153 3.728935 6.526089 0.179461
 0.000469 2.795873 3.731420 6.527293 0.185762
 0.000469 2.792635 3.734446 6.527081 0.184645
 0.000470 2.787448 3.737943 6.525391 0.175860
 0.000470 2.780353 3.741895 6.522248 0.160088
 0.000471 2.771786 3.746395 6.518182 0.140783
 0.000471 2.761714 3.751441 6.513155 0.118629
 0.000472 2.751204 3.756941 6.508144 0.098435
 0.000472 2.740403 3.762838 6.503241 0.080494
 0.000473 2.729953 3.769114 6.499067 0.066643
 0.000473 2.719882 3.775732 6.495614 0.056174
 0.000474 2.710614 3.782605 6.493219 0.049437
 0.000474 2.702427 3.789758 6.492185 0.046662
 0.000475 2.695642 3.797186 6.492828 0.048379
 0.000475 2.690222 3.804814 6.495036 0.054508
 0.000476 2.686299 3.812607 6.498906 0.066138
 0.000476 2.684078 3.820530 6.504608 0.085316
 0.000477 2.683516 3.828647 6.512163 0.114484
 0.000477 2.684216 3.836812 6.521028 0.154165
 0.000478 2.685699 3.845168 6.530867 0.205108
 0.000478 2.687356 3.853620 6.540976 0.265014
 0.000479 2.688878 3.862129 6.551007 0.332032
 0.000479 2.690152 3.870540 6.560692 0.403895
 0.000480 2.690666 3.878850 6.569515 0.475495
 0.000480 2.689954 3.886933 6.576887 0.539793
 0.000481 2.687562 3.894787 6.582348 0.590052
 0.000481 2.682827 3.902301 6.585128 0.616489
 0.000482 2.676567 3.909476 6.586043 0.625323
 0.000482 2.668603 3.916245 6.584847 0.613794
 0.000483 2.658821 3.922571 6.581392 0.581087
 0.000483 2.647667 3.928329 6.575996 0.531799
 0.000484 2.635703 3.933478 6.569181 0.472675
 0.000484 2.623575 3.937937 6.561512 0.410306
 0.000485 2.611703 3.941867 6.553570 0.350368
 0.000485 2.600613 3.945257 6.545870 0.296768
 0.000486 2.590281 3.948013 6.538295 0.248377
 0.000486 2.580956 3.950035 6.530992 0.205803
 0.000487 2.572672 3.951438 6.524109 0.169338
 0.000487 2.565871 3.952182 6.518053 0.140191
 0.000488 2.560835 3.952411 6.513246 0.119014
 0.000488 2.557384 3.952112 6.509496 0.103697
 0.000489 2.555250 3.951307 6.506556 0.092427
 0.000489 2.554315 3.950009 6.504324 0.084302
 0.000490 2.554107 3.948347 6.502453 0.077781
 0.000490 2.554546 3.946234 6.500781 0.072172
 0.000491 2.556087 3.943795 6.499882 0.069245
 0.000491 2.558471 3.941056 6.499527 0.068106
 0.000492 2.560659 3.937923 6.498582 0.065119
 0.000492 2.562223 3.934428 6.496652 0.059226
 0.000493 2.562902 3.930684 6.493586 0.050442
 0.000493 2.562641 3.926618 6.489259 0.039242
 0.000494 2.560833 3.922208 6.483041 0.025605
 0.000494 2.557800 3.917734 6.475535 0.013007
 0.000495 2.553271 3.913170 6.466441 0.003406
 0.000495 2.547776 3.908456 6.456232 0.000017
 0.000496 2.541767 3.903573 6.445340 0.005020
 0.000496 2.535561 3.898613 6.434174 0.019385
 0.000497 2.529596 3.893535 6.423131 0.042790
 0.000497 2.524077 3.888336 6.412414 0.074249
 0.000498 2.519801 3.883024 6.402825 0.109697
 0.000498 2.517132 3.877520 6.394652 0.145354
 0.000499 2.515744 3.871914 6.387658 0.179848
 0.000499 2.516392 3.866259 6.382651 0.206793
 0.000500 2.518698 3.860702 6.379400 0.225294
