#! FIELDS time dAB dAC rc bias
 0.000000 3.085850 3.989323 7.075173 1.273993
 0.000000 3.086591 3.992254 7.078845 1.325257
 0.000001 3.086501 3.995207 7.081708 1.365933
 0.000001 3.085297 3.998147 7.083444 1.390897
 0.000002 3.083048 4.001007 7.084055 1.399729
 0.000002 3.079993 4.003715 7.083707 1.394700
 0.000003 3.076289 4.006359 7.082648 1.379417
 0.000003 3.071770 4.008848 7.080618 1.350373
 0.000004 3.066420 4.011112 7.077532 1.306813
 0.000004 3.060599 4.013220 7.073819 1.255339
 0.000005 3.054609 4.014991 7.069600 1.198118
 0.000005 3.048445 4.016462 7.064906 1.136020
 0.000006 3.041889 4.017717 7.059606 1.067883
 0.000006 3.034806 4.018648 7.053453 0.991430
 0.000007 3.027100 4.019161 7.046262 0.905670
 0.000007 3.018893 4.019178 7.038071 0.812719
 0.000008 3.010546 4.018684 7.029231 0.718040
 0.000008 3.002413 4.017789 7.020202 0.627397
 0.000009 2.994643 4.016445 7.011088 0.542101
 0.000009 2.987312 4.014778 7.002090 0.463995
 0.000010 2.980321 4.012864 6.993185 0.392680
 0.000010 2.973772 4.010621 6.984393 0.328101
 0.000011 2.967567 4.007992 6.975558 0.269049
 0.000011 2.961693 4.004905 6.966597 0.215134
 0.000012 2.955800 4.001343 6.957143 0.164780
 0.000012 2.949966 3.997418 6.947384 0.119830
 0.000013 2.944081 3.993222 6.937303 0.080904
 0.000013 2.937806 3.988813 6.926618 0.047963
 0.000014 2.931460 3.984205 6.915666 0.023084
 0.000014 2.925176 3.979473 6.904649 0.007135
 0.000015 2.919080 3.974687 6.893766 0.000318
 0.000015 2.913243 3.969861 6.883104 0.002253
 0.000016 2.907507 3.964966 6.872473 0.012672
 0.000016 2.902246 3.960203 6.862449 0.030260
 0.000017 2.897360 3.955606 6.852966 0.053834
 0.000017 2.892767 3.951213 6.843980 0.082399
 0.000018 2.889047 3.946997 6.836044 0.112659
 0.000018 2.886186 3.942901 6.829088 0.143071
 0.000019 2.884593 3.938999 6.823592 0.169662
 0.000019 2.884349 3.935092 6.819441 0.191250
 0.000020 2.885081 3.931314 6.816396 0.207907
 0.000020 2.886740 3.927807 6.814548 0.218357
 0.000021 2.889369 3.924423 6.813792 0.222704
 0.000021 2.892974 3.921236 6.814209 0.220296
 0.000022 2.897515 3.918220 6.815734 0.211618
 0.000022 2.902592 3.915317 6.817909 0.199543
 0.000023 2.908475 3.912472 6.820946 0.183272
 0.000023 2.915100 3.909683 6.824783 0.163709
 0.000024 2.922309 3.907005 6.829314 0.142026
 0.000024 2.929468 3.904342 6.833810 0.122029
 0.000025 2.936548 3.901810 6.838358 0.103350
 0.000025 2.943404 3.899332 6.842736 0.086831
 0.000026 2.949978 3.896729 6.846707 0.073089
 0.000026 2.956399 3.894115 6.850515 0.061025
 0.000027 2.962465 3.891440 6.853905 0.051199
 0.000027 2.968070 3.888742 6.856812 0.043460
 0.000028 2.973595 3.885963 6.859557 0.036734
 0.000028 2.978431 3.883099 6.861530 0.032248
 0.000029 2.983210 3.880313 6.863523 0.028015
 0.000029 2.987474 3.877735 6.865209 0.024665
 0.000030 2.991383 3.875310 6.866693 0.021893
 0.000030 2.994898 3.873010 6.867908 0.019746
 0.000031 2.998430 3.870969 6.869399 0.017264
 0.000031 3.001937 3.869198 6.871135 0.014584
 0.000032 3.005259 3.867746 6.873004 0.011950
 0.000032 3.008603 3.866664 6.875267 0.009112
 0.000033 3.011722 3.866051 6.877772 0.006419
 0.000033 3.014911 3.865928 6.880839 0.003762
 0.000034 3.018065 3.866309 6.884374 0.001575
 0.000034 3.020995 3.866973 6.887968 0.000313
 0.000035 3.023304 3.868032 6.891337 0.000009
 0.000035 3.025094 3.869542 6.894636 0.000536
 0.000036 3.026599 3.871409 6.898008 0.001919
 0.000036 3.027452 3.873673 6.901125 0.003955
 0.000037 3.028079 3.876248 6.904327 0.006806
 0.000037 3.028897 3.879191 6.908089 0.011137
 0.000038 3.029652 3.882436 6.912088 0.016906
 0.000038 3.030412 3.885921 6.916333 0.024342
 0.000039 3.031446 3.889403 6.920849 0.033737
 0.000039 3.032784 3.892865 6.925649 0.045397
 0.000040 3.034280 3.896316 6.930596 0.059224
 0.000040 3.036186 3.899718 6.935904 0.076101
 0.000041 3.038426 3.902882 6.941308 0.095456
 0.000041 3.041135 3.905865 6.947001 0.118212
 0.000042 3.043851 3.908614 6.952465 0.142341
 0.000042 3.046549 3.911119 6.957668 0.167397
 0.000043 3.049363 3.913353 6.962716 0.193648
 0.000043 3.052169 3.915359 6.967528 0.220451
 0.000044 3.054810 3.917136 6.971946 0.246592
 0.000044 3.056923 3.918697 6.975620 0.269443
 0.000045 3.058477 3.919830 6.978306 0.286790
 0.000045 3.059550 3.920603 6.980153 0.299032
 0.000046 3.060302 3.921104 6.981406 0.307479
 0.000046 3.060709 3.921312 6.982021 0.311670
 0.000047 3.060641 3.921255 6.981897 0.310820
 0.000047 3.060442 3.920965 6.981407 0.307485
 0.000048 3.060420 3.920589 6.981009 0.304791
 0.000048 3.060192 3.920010 6.980202 0.299359
 0.000049 3.059402 3.919195 6.978597 0.288698
 0.000049 3.058323 3.918343 6.976665 0.276128
 0.000050 3.056753 3.917556 6.974309 0.261168
 0.000050 3.054653 3.916758 6.971412 0.243350
 0.000051 3.052462 3.915912 6.968374 0.225347
 0.000051 3.049878 3.915105 6.964983 0.206060
 0.000052 3.047281 3.914452 6.961733 0.188388
 0.000052 3.044455 3.913952 6.958407 0.171122
 0.000053 3.041804 3.913607 6.955411 0.156279
 0.000053 3.039173 3.913420 6.952593 0.142934
 0.000054 3.036595 3.913425 6.950021 0.131270
 0.000054 3.034266 3.913664 6.947930 0.122157
 0.000055 3.032427 3.914043 6.946470 0.115988
 0.000055 3.030405 3.914445 6.944850 0.109329
 0.000056 3.028525 3.915037 6.943562 0.104176
 0.000056 3.027069 3.915757 6.942826 0.101286
 0.000057 3.025600 3.916565 6.942165 0.098726
 0.000057 3.023833 3.917555 6.941388 0.095759
 0.000058 3.022012 3.918711 6.940723 0.093256
 0.000058 3.020223 3.919839 6.940062 0.090800
 0.000059 3.018970 3.920859 6.939829 0.089940
 0.000059 3.017489 3.921848 6.939337 0.088144
 0.000060 3.016052 3.922817 6.938869 0.086449
 0.000060 3.014523 3.923784 6.938307 0.084438
 0.000061 3.012866 3.924604 6.937470 0.081487
 0.000061 3.011140 3.925315 6.936455 0.077975
 0.000062 3.009555 3.925811 6.935365 0.074293
 0.000062 3.008102 3.926158 6.934259 0.070647
 0.000063 3.006212 3.926345 6.932557 0.065214
 0.000063 3.004161 3.926353 6.930514 0.058982
 0.000064 3.002257 3.926088 6.928345 0.052705
 0.000064 3.000578 3.925520 6.926098 0.046576
 0.000065 2.999146 3.924931 6.924077 0.041388
 0.000065 2.997284 3.924354 6.921638 0.035534
 0.000066 2.995251 3.923752 6.919003 0.029711
 0.000066 2.992972 3.923163 6.916135 0.023964
 0.000067 2.990643 3.922781 6.913424 0.019100
 0.000067 2.988185 3.922601 6.910786 0.014896
 0.000068 2.985895 3.922425 6.908321 0.011439
 0.000068 2.983512 3.922245 6.905757 0.008327
 0.000069 2.980955 3.922166 6.903120 0.005641
 0.000069 2.978541 3.922215 6.900757 0.003677
 0.000070 2.976252 3.922393 6.898644 0.002275
 0.000070 2.973963 3.922708 6.896671 0.001268
 0.000071 2.971495 3.923189 6.894684 0.000550
 0.000071 2.968728 3.923918 6.892645 0.000120
 0.000072 2.965630 3.924800 6.890430 0.000007
 0.000072 2.962156 3.925758 6.887914 0.000324
 0.000073 2.958217 3.926734 6.884951 0.001307
 0.000073 2.954073 3.927718 6.881791 0.003081
 0.000074 2.949865 3.928726 6.878591 0.005641
 0.000074 2.945361 3.929658 6.875019 0.009405
 0.000075 2.940592 3.930609 6.871201 0.014486
 0.000075 2.935341 3.931531 6.866872 0.021569
 0.000076 2.929510 3.932302 6.861812 0.031632
 0.000076 2.923807 3.932864 6.856671 0.043821
 0.000077 2.918313 3.933172 6.851485 0.058125
 0.000077 2.913173 3.933294 6.846467 0.073887
 0.000078 2.908383 3.933234 6.841618 0.090913
 0.000078 2.904362 3.932932 6.837293 0.107582
 0.000079 2.900962 3.932324 6.833287 0.124280
 0.000079 2.897822 3.931404 6.829226 0.142429
 0.000080 2.895428 3.930184 6.825612 0.159625
 0.000080 2.893486 3.928700 6.822186 0.176828
 0.000081 2.891858 3.926974 6.818832 0.194526
 0.000081 2.890721 3.925039 6.815760 0.211472
 0.000082 2.889847 3.922933 6.812780 0.228588
 0.000082 2.889546 3.920542 6.810088 0.244626
 0.000083 2.889707 3.918058 6.807765 0.258897
 0.000083 2.890079 3.915583 6.805662 0.272169
 0.000084 2.890589 3.913121 6.803710 0.284784
 0.000084 2.891212 3.910705 6.801917 0.296624
 0.000085 2.891921 3.908273 6.800194 0.308228
 0.000085 2.892840 3.905904 6.798743 0.318173
 0.000086 2.894107 3.903715 6.797821 0.324573
 0.000086 2.895414 3.901859 6.797273 0.328410
 0.000087 2.896803 3.900456 6.797259 0.328506
 0.000087 2.898473 3.899471 6.797944 0.323720
 0.000088 2.900690 3.898899 6.799589 0.312356
 0.000088 2.903388 3.898683 6.802071 0.295601
 0.000089 2.906956 3.898820 6.805776 0.271442
 0.000089 2.911520 3.899379 6.810898 0.239742
 0.000090 2.916922 3.900247 6.817169 0.203612
 0.000090 2.923180 3.901520 6.824700 0.164119
 0.000091 2.930550 3.902995 6.833546 0.123164
 0.000091 2.938911 3.904801 6.843712 0.083343
 0.000092 2.947944 3.906839 6.854783 0.048794
 0.000092 2.957358 3.909059 6.866417 0.022395
 0.000093 2.966934 3.911427 6.878362 0.005853
 0.000093 2.976232 3.914000 6.890232 0.000015
 0.000094 2.985649 3.916694 6.902343 0.004949
 0.000094 2.995494 3.919436 6.914930 0.021735
 0.000095 3.005284 3.922215 6.927498 0.050352
 0.000095 3.014631 3.924949 6.939579 0.089027
 0.000096 3.023658 3.927636 6.951294 0.136981
 0.000096 3.032216 3.930195 6.962411 0.192010
 0.000097 3.040455 3.932320 6.972775 0.251660
 0.000097 3.048055 3.934212 6.982267 0.313355
 0.000098 3.054936 3.936006 6.990942 0.375651
 0.000098 3.061181 3.937616 6.998797 0.436927
 0.000099 3.066895 3.938997 7.005892 0.496255
 0.000099 3.072242 3.940034 7.012276 0.552866
 0.000100 3.077096 3.940928 7.018024 0.606444
 0.000100 3.081323 3.941745 7.023068 0.655507
 0.000101 3.085322 3.942394 7.027717 0.702414
 0.000101 3.089031 3.942980 7.032011 0.747190
 0.000102 3.092717 3.943593 7.036310 0.793395
 0.000102 3.096487 3.944135 7.040622 0.841125
 0.000103 3.099973 3.944700 7.044673 0.887243
 0.000103 3.103193 3.945313 7.048506 0.932020
 0.000104 3.106073 3.945884 7.051957 0.973266
 0.000104 3.108402 3.946465 7.054866 1.008739
 0.000105 3.109668 3.947134 7.056801 1.032681
 0.000105 3.110172 3.947878 7.058051 1.048288
 0.000106 3.109925 3.948666 7.058591 1.055074
 0.000106 3.108707 3.949660 7.058368 1.052267
 0.000107 3.106464 3.950822 7.057287 1.038733
 0.000107 3.103260 3.952148 7.055407 1.015404
 0.000108 3.099209 3.953561 7.052770 0.983114
 0.000108 3.093929 3.955121 7.049050 0.938465
 0.000109 3.087525 3.956759 7.044285 0.882775
 0.000109 3.080488 3.958367 7.038855 0.821402
 0.000110 3.072925 3.960032 7.032957 0.757236
 0.000110 3.064841 3.961692 7.026533 0.690318
 0.000111 3.056180 3.963455 7.019635 0.621908
 0.000111 3.047515 3.965129 7.012644 0.556219
 0.000112 3.038466 3.966672 7.005138 0.489773
 0.000112 3.029308 3.968042 6.997350 0.425291
 0.000113 3.020083 3.969111 6.989195 0.362649
 0.000113 3.010719 3.969839 6.980559 0.301751
 0.000114 3.001548 3.970218 6.971766 0.245494
 0.000114 2.992929 3.970145 6.963074 0.195582
 0.000115 2.984793 3.969719 6.954512 0.151958
 0.000115 2.977300 3.968913 6.946212 0.114916
 0.000116 2.971046 3.967685 6.938731 0.085954
 0.000116 2.966068 3.966122 6.932190 0.064070
 0.000117 2.961734 3.964130 6.925864 0.045961
 0.000117 2.957763 3.961864 6.919627 0.031043
 0.000118 2.953721 3.959338 6.913059 0.018488
 0.000118 2.949376 3.956638 6.906015 0.008618
 0.000119 2.944881 3.953794 6.898675 0.002293
 0.000119 2.939933 3.950738 6.890671 0.000001
 0.000120 2.934518 3.947707 6.882225 0.002793
 0.000120 2.928933 3.944771 6.873704 0.011031
 0.000121 2.923637 3.941903 6.865541 0.024031
 0.000121 2.918880 3.939262 6.858142 0.040130
 0.000122 2.914435 3.937046 6.851481 0.058139
 0.000122 2.910431 3.935248 6.845679 0.076534
 0.000123 2.907065 3.933825 6.840889 0.093622
 0.000123 2.904276 3.932819 6.837095 0.108379
 0.000124 2.902110 3.932301 6.834411 0.119475
 0.000124 2.899916 3.932300 6.832216 0.128946
 0.000125 2.897881 3.932755 6.830636 0.135990
 0.000125 2.896509 3.933667 6.830176 0.138075
 0.000126 2.895466 3.934988 6.830455 0.136809
 0.000126 2.894713 3.936897 6.831611 0.131622
 0.000127 2.894398 3.939231 6.833629 0.122805
 0.000127 2.894078 3.942003 6.836081 0.112506
 0.000128 2.893648 3.945111 6.838759 0.101775
 0.000128 2.892961 3.948598 6.841559 0.091131
 0.000129 2.892507 3.952358 6.844865 0.079317
 0.000129 2.891752 3.956342 6.848094 0.068571
 0.000130 2.890664 3.960400 6.851064 0.059374
 0.000130 2.888978 3.964605 6.853582 0.052097
 0.000131 2.886618 3.968993 6.855611 0.046581
 0.000131 2.883160 3.973508 6.856668 0.043828
 0.000132 2.878733 3.977946 6.856679 0.043800
 0.000132 2.873586 3.982259 6.855845 0.045965
 0.000133 2.867544 3.986466 6.854009 0.050911
 0.000133 2.860634 3.990449 6.851082 0.059320
 0.000134 2.853516 3.994413 6.847929 0.069101
 0.000134 2.846550 3.998215 6.844765 0.079660
 0.000135 2.839862 4.001963 6.841826 0.090146
 0.000135 2.833625 4.005534 6.839159 0.100220
 0.000136 2.828330 4.008979 6.837309 0.107520
 0.000136 2.824306 4.012256 6.836563 0.110538
 0.000137 2.821646 4.015445 6.837091 0.108397
 0.000137 2.819989 4.018430 6.838418 0.103112
 0.000138 2.819380 4.021421 6.840801 0.093953
 0.000138 2.819781 4.024347 6.844128 0.081878
 0.000139 2.820866 4.027276 6.848142 0.068415
 0.000139 2.822933 4.030264 6.853198 0.053178
 0.000140 2.825839 4.033333 6.859172 0.037644
 0.000140 2.829426 4.036521 6.865947 0.023266
 0.000141 2.833001 4.039859 6.872860 0.012143
 0.000141 2.836498 4.043377 6.879875 0.004521
 0.000142 2.839741 4.046956 6.886697 0.000648
 0.000142 2.843075 4.050763 6.893838 0.000334
 0.000143 2.846307 4.054750 6.901057 0.003903
 0.000143 2.848955 4.058892 6.907847 0.010826
 0.000144 2.851215 4.063062 6.914277 0.020573
 0.000144 2.853427 4.067259 6.920686 0.033371
 0.000145 2.855145 4.071463 6.926608 0.047936
 0.000145 2.856623 4.075637 6.932260 0.064289
 0.000146 2.858235 4.079781 6.938017 0.083407
 0.000146 2.860013 4.083968 6.943982 0.105841
 0.000147 2.862240 4.088154 6.950393 0.132930
 0.000147 2.865104 4.092191 6.957295 0.165534
 0.000148 2.869438 4.095951 6.965389 0.208324
 0.000148 2.874786 4.099435 6.974221 0.260618
 0.000149 2.880983 4.102567 6.983550 0.322214
 0.000149 2.887770 4.105288 6.993058 0.391706
 0.000150 2.895231 4.107561 7.002792 0.469868
 0.000150 2.903033 4.109381 7.012414 0.554116
 0.000151 2.910671 4.110711 7.021382 0.638893
 0.000151 2.918052 4.111539 7.029591 0.721785
 0.000152 2.925361 4.111841 7.037202 0.803151
 0.000152 2.932140 4.111765 7.043904 0.878401
 0.000153 2.938389 4.111280 7.049669 0.945814
 0.000153 2.944133 4.110362 7.054495 1.004177
 0.000154 2.949364 4.109061 7.058425 1.052989
 0.000154 2.954407 4.107521 7.061929 1.097480
 0.000155 2.959032 4.105824 7.064856 1.135362
 0.000155 2.962671 4.103957 7.066628 1.158602
 0.000156 2.965717 4.101849 7.067566 1.171004
 0.000156 2.968814 4.099609 7.068423 1.182385
 0.000157 2.971759 4.097304 7.069062 1.190919
 0.000157 2.974355 4.094956 7.069311 1.194248
 0.000158 2.976970 4.092625 7.069595 1.198044
 0.000158 2.979273 4.090506 7.069779 1.200513
 0.000159 2.980524 4.088563 7.069087 1.191247
 0.000159 2.981330 4.086810 7.068139 1.178610
 0.000160 2.981669 4.085267 7.066936 1.162661
 0.000160 2.981806 4.083851 7.065657 1.145838
 0.000161 2.981847 4.082574 7.064422 1.129701
 0.000161 2.980961 4.081480 7.062441 1.104065
 0.000162 2.979305 4.080557 7.059862 1.071120
 0.000162 2.976665 4.079804 7.056469 1.028550
 0.000163 2.973163 4.079214 7.052377 0.978349
 0.000163 2.968387 4.078842 7.047230 0.916986
 0.000164 2.962564 4.078537 7.041101 0.846521
 0.000164 2.955639 4.078323 7.033962 0.767981
 0.000165 2.947636 4.078243 7.025879 0.683677
 0.000165 2.938690 4.078157 7.016847 0.595270
 0.000166 2.928952 4.078076 7.007028 0.506103
 0.000166 2.918270 4.077971 6.996241 0.416483
 0.000167 2.907050 4.077665 6.984715 0.330360
 0.000167 2.896086 4.077156 6.973242 0.254532
 0.000168 2.885366 4.076507 6.961873 0.189133
 0.000168 2.874420 4.075753 6.950173 0.131948
 0.000169 2.864023 4.074751 6.938775 0.086111
 0.000169 2.854465 4.073499 6.927964 0.051641
 0.000170 2.846314 4.071988 6.918301 0.028249
 0.000170 2.839871 4.070138 6.910009 0.013758
 0.000171 2.834888 4.067974 6.902863 0.005407
 0.000171 2.831183 4.065552 6.896736 0.001297
 0.000172 2.828534 4.062860 6.891394 0.000011
 0.000172 2.826861 4.059930 6.886792 0.000619
 0.000173 2.826197 4.056705 6.882902 0.002372
 0.000173 2.825852 4.053388 6.879240 0.005059
 0.000174 2.825901 4.050018 6.875919 0.008366
 0.000174 2.826519 4.046771 6.873289 0.011571
 0.000175 2.826843 4.043717 6.870560 0.015446
 0.000175 2.826580 4.040868 6.867448 0.020545
 0.000176 2.825746 4.038330 6.864076 0.026893
 0.000176 2.824520 4.036134 6.860654 0.034205
 0.000177 2.823287 4.034463 6.857750 0.041098
 0.000177 2.821735 4.033296 6.855031 0.048125
 0.000178 2.819890 4.032506 6.852396 0.055467
 0.000178 2.818033 4.032042 6.850075 0.062365
 0.000179 2.815935 4.032016 6.847952 0.069027
 0.000179 2.813882 4.032310 6.846192 0.074806
 0.000180 2.811993 4.032928 6.844921 0.079124
 0.000180 2.810321 4.033894 6.844215 0.081575
 0.000181 2.809649 4.035041 6.844689 0.079923
 0.000181 2.810483 4.036443 6.846926 0.072365
 0.000182 2.812611 4.038091 6.850703 0.060459
 0.000182 2.815619 4.039972 6.855591 0.046635
 0.000183 2.819345 4.041989 6.861334 0.032681
 0.000183 2.823788 4.044003 6.867791 0.019949
 0.000184 2.828602 4.046110 6.874712 0.009772
 0.000184 2.834047 4.048258 6.882305 0.002741
 0.000185 2.840307 4.050318 6.890624 0.000002
 0.000185 2.847155 4.052187 6.899342 0.002701
 0.000186 2.854137 4.053830 6.907967 0.010980
 0.000186 2.860866 4.055230 6.916096 0.023892
 0.000187 2.866966 4.056390 6.923356 0.039611
 0.000187 2.872424 4.057324 6.929748 0.056725
 0.000188 2.877170 4.057829 6.934999 0.073076
 0.000188 2.881895 4.058048 6.939943 0.090361
 0.000189 2.886604 4.057969 6.944573 0.108209
 0.000189 2.891175 4.057669 6.948844 0.126100
 0.000190 2.895348 4.057189 6.952538 0.142677
 0.000190 2.898813 4.056582 6.955395 0.156200
 0.000191 2.901887 4.055804 6.957691 0.167511
 0.000191 2.904317 4.054992 6.959308 0.175719
 0.000192 2.906478 4.054006 6.960484 0.181806
 0.000192 2.908702 4.052993 6.961695 0.188188
 0.000193 2.910905 4.051936 6.962841 0.194323
 0.000193 2.912685 4.050952 6.963636 0.198642
 0.000194 2.914690 4.050211 6.964901 0.205603
 0.000194 2.916659 4.049679 6.966338 0.213660
 0.000195 2.918916 4.049369 6.968285 0.224825
 0.000195 2.921361 4.049286 6.970647 0.238751
 0.000196 2.923939 4.049384 6.973322 0.255032
 0.000196 2.926285 4.049763 6.976048 0.272167
 0.000197 2.928342 4.050541 6.978883 0.290583
 0.000197 2.929702 4.051666 6.981368 0.307219
 0.000198 2.930262 4.053032 6.983294 0.320437
 0.000198 2.930279 4.054556 6.984835 0.331207
 0.000199 2.929653 4.056282 6.985936 0.339012
 0.000199 2.928516 4.058184 6.986700 0.344481
 0.000200 2.926301 4.060209 6.986510 0.343119
 0.000200 2.923325 4.062344 6.985669 0.337111
 0.000201 2.919903 4.064443 6.984347 0.327776
 0.000201 2.915544 4.066515 6.982058 0.311926
 0.000202 2.910640 4.068334 6.978974 0.291183
 0.000202 2.905363 4.069865 6.975228 0.266956
 0.000203 2.900319 4.071059 6.971378 0.243148
 0.000203 2.895458 4.071929 6.967386 0.219638
 0.000204 2.891221 4.072447 6.963667 0.198811
 0.000204 2.887325 4.072599 6.959924 0.178894
 0.000205 2.884303 4.072494 6.956796 0.163059
 0.000205 2.881942 4.071964 6.953906 0.149079
 0.000206 2.880436 4.070925 6.951361 0.137287
 0.000206 2.879542 4.069386 6.948928 0.126466
 0.000207 2.879272 4.067351 6.946623 0.116627
 0.000207 2.879255 4.064907 6.944163 0.106563
 0.000208 2.879874 4.062076 6.941950 0.097902
 0.000208 2.881129 4.059024 6.940153 0.091137
 0.000209 2.882595 4.055719 6.938314 0.084463
 0.000209 2.884299 4.052174 6.936473 0.078039
 0.000210 2.886102 4.048518 6.934620 0.071826
 0.000210 2.887939 4.044741 6.932680 0.065599
 0.000211 2.889344 4.040894 6.930237 0.058161
 0.000211 2.890209 4.037046 6.927255 0.049685
 0.000212 2.890469 4.033204 6.923673 0.040388
 0.000212 2.889772 4.029340 6.919112 0.029942
 0.000213 2.888400 4.025704 6.914104 0.020269
 0.000213 2.886897 4.022407 6.909304 0.012764
 0.000214 2.884897 4.019365 6.904262 0.006740
 0.000214 2.882780 4.016543 6.899322 0.002688
 0.000215 2.880789 4.014036 6.894826 0.000591
 0.000215 2.878273 4.011831 6.890105 0.000021
 0.000216 2.875790 4.009945 6.885736 0.000983
 0.000216 2.873976 4.008404 6.882380 0.002694
 0.000217 2.872816 4.007254 6.880070 0.004362
 0.000217 2.872158 4.006417 6.878575 0.005655
 0.000218 2.872190 4.005922 6.878112 0.006089
 0.000218 2.872991 4.005652 6.878643 0.005593
 0.000219 2.874577 4.005550 6.880127 0.004316
 0.000219 2.877252 4.005648 6.882901 0.002373
 0.000220 2.881274 4.005880 6.887154 0.000514
 0.000220 2.886231 4.006234 6.892465 0.000097
 0.000221 2.891643 4.006679 6.898322 0.002091
 0.000221 2.897788 4.007200 6.904988 0.007490
 0.000222 2.904321 4.007632 6.911953 0.016692
 0.000222 2.910808 4.007813 6.918620 0.028909
 0.000223 2.917270 4.007826 6.925096 0.043967
 0.000223 2.923160 4.007739 6.930899 0.060132
 0.000224 2.927925 4.007402 6.935326 0.074163
 0.000224 2.931885 4.006858 6.938743 0.085998
 0.000225 2.934846 4.006130 6.940975 0.094201
 0.000225 2.936835 4.005237 6.942072 0.098368
 0.000226 2.938033 4.004093 6.942126 0.098578
 0.000226 2.938325 4.002768 6.941093 0.094644
 0.000227 2.938362 4.001326 6.939688 0.089424
 0.000227 2.937998 3.999769 6.937767 0.082526
 0.000228 2.937798 3.998203 6.936001 0.076429
 0.000228 2.938383 3.996621 6.935004 0.073091
 0.000229 2.939570 3.995050 6.934620 0.071825
 0.000229 2.941433 3.993596 6.935029 0.073175
 0.000230 2.943849 3.992287 6.936137 0.076890
 0.000230 2.946756 3.991230 6.937986 0.083298
 0.000231 2.950071 3.990461 6.940531 0.092539
 0.000231 2.953841 3.990020 6.943862 0.105364
 0.000232 2.957803 3.989988 6.947791 0.121565
 0.000232 2.961798 3.990357 6.952155 0.140915
 0.000233 2.965854 3.990997 6.956851 0.163330
 0.000233 2.969758 3.992070 6.961828 0.188894
 0.000234 2.973421 3.993371 6.966792 0.216238
 0.000234 2.976645 3.994908 6.971553 0.244204
 0.000235 2.978882 3.996708 6.975590 0.269250
 0.000235 2.979735 3.998751 6.978486 0.287971
 0.000236 2.979472 4.001072 6.980544 0.301656
 0.000236 2.977998 4.003689 6.981687 0.309389
 0.000237 2.975285 4.006483 6.981768 0.309940
 0.000237 2.971727 4.009417 6.981143 0.305697
 0.000238 2.967553 4.012541 6.980094 0.298637
 0.000238 2.962963 4.015767 6.978730 0.289573
 0.000239 2.958085 4.018972 6.977057 0.278650
 0.000239 2.953295 4.021918 6.975212 0.266855
 0.000240 2.948745 4.024693 6.973438 0.255745
 0.000240 2.944499 4.027112 6.971612 0.244560
 0.000241 2.941045 4.029227 6.970272 0.236514
 0.000241 2.938379 4.030914 6.969293 0.230721
 0.000242 2.936772 4.032055 6.968827 0.227987
 0.000242 2.935971 4.032716 6.968686 0.227163
 0.000243 2.935648 4.032918 6.968566 0.226459
 0.000243 2.935734 4.032564 6.968299 0.224905
 0.000244 2.936304 4.031747 6.968051 0.223468
 0.000244 2.937429 4.030543 6.967971 0.223008
 0.000245 2.938797 4.028998 6.967795 0.221991
 0.000245 2.939996 4.027287 6.967283 0.219048
 0.000246 2.940610 4.025433 6.966043 0.211998
 0.000246 2.940479 4.023448 6.963927 0.200232
 0.000247 2.939339 4.021396 6.960736 0.183123
 0.000247 2.937242 4.019210 6.956452 0.161361
 0.000248 2.933854 4.017077 6.950931 0.135343
 0.000248 2.929404 4.015113 6.944517 0.107984
 0.000249 2.924117 4.013148 6.937265 0.080771
 0.000249 2.918411 4.011254 6.929664 0.056481
 0.000250 2.912238 4.009593 6.921831 0.035982
 0.000250 2.905909 4.008221 6.914130 0.020314
 0.000251 2.899675 4.007140 6.906815 0.009552
 0.000251 2.893613 4.006213 6.899826 0.003018
 0.000252 2.887742 4.005553 6.893295 0.000223
 0.000252 2.882768 4.005109 6.887877 0.000333
 0.000253 2.879134 4.004799 6.883933 0.001797
 0.000253 2.876543 4.004746 6.881289 0.003432
 0.000254 2.875098 4.004883 6.879981 0.004434
 0.000254 2.874676 4.005149 6.879825 0.004562
 0.000255 2.874961 4.005578 6.880539 0.003991
 0.000255 2.876226 4.006015 6.882241 0.002783
 0.000256 2.878338 4.006496 6.884835 0.001359
 0.000256 2.881240 4.006848 6.888088 0.000287
 0.000257 2.884179 4.007044 6.891223 0.000005
 0.000257 2.886625 4.007251 6.893876 0.000342
 0.000258 2.888634 4.007371 6.896005 0.000994
 0.000258 2.889588 4.007298 6.896886 0.001364
 0.000259 2.889208 4.006944 6.896152 0.001052
 0.000259 2.887842 4.006353 6.894195 0.000418
 0.000260 2.885731 4.005390 6.891121 0.000003
 0.000260 2.882915 4.004151 6.887065 0.000539
 0.000261 2.879342 4.002785 6.882127 0.002857
 0.000261 2.875068 4.001079 6.876147 0.008113
 0.000262 2.870814 3.999120 6.869933 0.016415
 0.000262 2.867338 3.997000 6.864339 0.026367
 0.000263 2.864816 3.994650 6.859466 0.036948
 0.000263 2.863121 3.992217 6.855338 0.047304
 0.000264 2.862136 3.989698 6.851834 0.057100
 0.000264 2.862213 3.987214 6.849426 0.064363
 0.000265 2.863237 3.984763 6.848000 0.068872
 0.000265 2.865251 3.982481 6.847732 0.069736
 0.000266 2.868540 3.980409 6.848949 0.065855
 0.000266 2.872755 3.978696 6.851452 0.058224
 0.000267 2.877723 3.977329 6.855052 0.048070
 0.000267 2.883186 3.976246 6.859432 0.037029
 0.000268 2.888933 3.975479 6.864411 0.026223
 0.000268 2.894799 3.975098 6.869897 0.016472
 0.000269 2.900596 3.975114 6.875710 0.008602
 0.000269 2.905611 3.975459 6.881071 0.003590
 0.000270 2.909532 3.976185 6.885717 0.000990
 0.000270 2.912168 3.977345 6.889512 0.000068
 0.000271 2.913506 3.978849 6.892354 0.000084
 0.000271 2.913430 3.980595 6.894025 0.000377
 0.000272 2.912379 3.982529 6.894908 0.000616
 0.000272 2.910691 3.984618 6.895309 0.000744
 0.000273 2.908470 3.986973 6.895443 0.000789
 0.000273 2.906097 3.989477 6.895574 0.000835
 0.000274 2.904146 3.992036 6.896183 0.001064
 0.000274 2.902548 3.994629 6.897177 0.001499
 0.000275 2.901525 3.997101 6.898626 0.002264
 0.000275 2.901590 3.999506 6.901096 0.003933
 0.000276 2.902586 4.001727 6.904313 0.006792
 0.000276 2.904669 4.003870 6.908540 0.011728
 0.000277 2.908277 4.005627 6.913904 0.019923
 0.000277 2.912831 4.007053 6.919884 0.031599
 0.000278 2.917852 4.008254 6.926106 0.046598
 0.000278 2.923232 4.009124 6.932356 0.064587
 0.000279 2.928912 4.009703 6.938616 0.085541
 0.000279 2.934638 4.010034 6.944673 0.108612
 0.000280 2.940311 4.010126 6.950437 0.133124
 0.000280 2.945742 4.009902 6.955644 0.157411
 0.000281 2.950365 4.009312 6.959677 0.177619
 0.000281 2.953917 4.008407 6.962324 0.191544
 0.000282 2.956254 4.007277 6.963531 0.198068
 0.000282 2.957043 4.006171 6.963215 0.196345
 0.000283 2.956142 4.005028 6.961170 0.185404
 0.000283 2.953758 4.003795 6.957553 0.166824
 0.000284 2.949821 4.002610 6.952431 0.142183
 0.000284 2.945577 4.001590 6.947167 0.118913
 0.000285 2.940884 4.000745 6.941629 0.096675
 0.000285 2.935994 4.000140 6.936135 0.076884
 0.000286 2.931147 3.999802 6.930949 0.060283
 0.000286 2.927016 3.999833 6.926849 0.048582
 0.000287 2.923826 4.000239 6.924065 0.041359
 0.000287 2.921571 4.001090 6.922661 0.037936
 0.000288 2.919925 4.002472 6.922397 0.037309
 0.000288 2.919490 4.004371 6.923861 0.040852
 0.000289 2.920336 4.006690 6.927026 0.049063
 0.000289 2.922083 4.009389 6.931472 0.061865
 0.000290 2.924416 4.012480 6.936896 0.079491
 0.000290 2.927069 4.015919 6.942988 0.101920
 0.000291 2.929612 4.019673 6.949285 0.128028
 0.000291 2.932321 4.023668 6.955989 0.159089
 0.000292 2.934854 4.027702 6.962556 0.192788
 0.000292 2.936447 4.031802 6.968249 0.224616
 0.000293 2.936909 4.036007 6.972916 0.252524
 0.000293 2.935744 4.040191 6.975935 0.271446
 0.000294 2.932997 4.044196 6.977193 0.279533
 0.000294 2.928911 4.047950 6.976861 0.277386
 0.000295 2.923273 4.051351 6.974624 0.263146
 0.000295 2.916826 4.054328 6.971154 0.241798
 0.000296 2.909722 4.056928 6.966650 0.215431
 0.000296 2.902197 4.059146 6.961343 0.186321
 0.000297 2.894223 4.060900 6.955124 0.154891
 0.000297 2.886152 4.062216 6.948367 0.124037
 0.000298 2.878136 4.063211 6.941347 0.095604
 0.000298 2.871006 4.063951 6.934957 0.072936
 0.000299 2.865252 4.064401 6.929653 0.056448
 0.000299 2.860699 4.064569 6.925268 0.044408
 0.000300 2.857899 4.064529 6.922428 0.037383
 0.000300 2.856332 4.064413 6.920745 0.033502
 0.000301 2.855912 4.064204 6.920116 0.032108
 0.000301 2.856542 4.064041 6.920583 0.033141
 0.000302 2.858105 4.063988 6.922093 0.036592
 0.000302 2.860536 4.064107 6.924643 0.042810
 0.000303 2.863721 4.064467 6.928187 0.052264
 0.000303 2.866791 4.065107 6.931898 0.063170
 0.000304 2.868782 4.065992 6.934774 0.072333
 0.000304 2.869517 4.067127 6.936644 0.078622
 0.000305 2.868326 4.068579 6.936905 0.079522
 0.000305 2.865348 4.070275 6.935622 0.075154
 0.000306 2.860680 4.072219 6.932899 0.066288
 0.000306 2.854284 4.074456 6.928741 0.053824
 0.000307 2.846253 4.076947 6.923200 0.039232
 0.000307 2.837312 4.079562 6.916874 0.025388
 0.000308 2.827590 4.082384 6.909975 0.013708
 0.000308 2.817664 4.085247 6.902911 0.005451
 0.000309 2.807941 4.088136 6.896077 0.001022
 0.000309 2.799272 4.091061 6.890333 0.000010
 0.000310 2.792178 4.094055 6.886233 0.000801
 0.000310 2.786767 4.096930 6.883697 0.001921
 0.000311 2.782880 4.099564 6.882444 0.002653
 0.000311 2.780791 4.102097 6.882888 0.002380
 0.000312 2.780593 4.104570 6.885162 0.001215
 0.000312 2.782082 4.106822 6.888905 0.000143
 0.000313 2.785119 4.108771 6.893891 0.000346
 0.000313 2.789468 4.110397 6.899865 0.003044
 0.000314 2.794835 4.111830 6.906664 0.009372
 0.000314 2.800827 4.113077 6.913904 0.019922
 0.000315 2.806581 4.114004 6.920584 0.033144
 0.000315 2.811934 4.114646 6.926581 0.047862
 0.000316 2.816715 4.114823 6.931538 0.062067
 0.000316 2.819727 4.114626 6.934353 0.070953
 0.000317 2.820715 4.114214 6.934928 0.072841
 0.000317 2.819373 4.113451 6.932824 0.066052
 0.000318 2.815535 4.112445 6.927980 0.051686
 0.000318 2.809883 4.111394 6.921277 0.034705
 0.000319 2.802432 4.110301 6.912733 0.017949
 0.000319 2.793447 4.109162 6.902609 0.005181
 0.000320 2.783709 4.107945 6.891654 0.000024
 0.000320 2.774439 4.106796 6.881235 0.003470
 0.000321 2.766278 4.105805 6.872082 0.013216
 0.000321 2.759672 4.105090 6.864762 0.025532
 0.000322 2.754871 4.104680 6.859551 0.036747
 0.000322 2.752247 4.104531 6.856779 0.043545
 0.000323 2.751708 4.104658 6.856367 0.044604
 0.000323 2.752937 4.105048 6.857985 0.040517
 0.000324 2.756238 4.105754 6.861992 0.031240
 0.000324 2.761193 4.106877 6.868071 0.019468
 0.000325 2.767192 4.108310 6.875503 0.008839
 0.000325 2.774565 4.109984 6.884549 0.001491
 0.000326 2.782767 4.112022 6.894789 0.000580
 0.000326 2.791347 4.114314 6.905661 0.008221
 0.000327 2.799626 4.116806 6.916432 0.024532
 0.000327 2.806892 4.119520 6.926412 0.047412
 0.000328 2.812535 4.122370 6.934906 0.072766
 0.000328 2.816117 4.125376 6.941493 0.096156
 0.000329 2.817513 4.128428 6.945940 0.113789
 0.000329 2.816279 4.131408 6.947687 0.121121
 0.000330 2.812763 4.134263 6.947027 0.118322
 0.000330 2.807360 4.137057 6.944417 0.107581
 0.000331 2.801272 4.139700 6.940972 0.094189
 0.000331 2.794832 4.142118 6.936950 0.079678
 0.000332 2.788306 4.144198 6.932503 0.065047
 0.000332 2.781830 4.145924 6.927754 0.051058
 0.000333 2.776065 4.147270 6.923334 0.039559
 0.000333 2.771130 4.148305 6.919436 0.030632
 0.000334 2.767446 4.149031 6.916477 0.024618
 0.000334 2.765116 4.149475 6.914591 0.021127
 0.000335 2.764134 4.149619 6.913753 0.019661
 0.000335 2.764716 4.149524 6.914239 0.020506
 0.000336 2.767004 4.149224 6.916228 0.024141
 0.000336 2.770302 4.148747 6.919050 0.029810
 0.000337 2.774909 4.148224 6.923133 0.039069
 0.000337 2.780348 4.147719 6.928068 0.051930
 0.000338 2.786154 4.147333 6.933487 0.068156
 0.000338 2.791819 4.147061 6.938880 0.086488
 0.000339 2.796808 4.146886 6.943694 0.104700
 0.000339 2.800742 4.146750 6.947492 0.120289
 0.000340 2.803043 4.146734 6.949777 0.130192
 0.000340 2.803548 4.146876 6.950424 0.133066
 0.000341 2.802650 4.147204 6.949855 0.130535
 0.000341 2.800020 4.147759 6.947779 0.121512
 0.000342 2.795622 4.148547 6.944169 0.106591
 0.000342 2.789807 4.149536 6.939343 0.088165
 0.000343 2.783321 4.150684 6.934004 0.069820
 0.000343 2.776466 4.151964 6.928430 0.052945
 0.000344 2.769715 4.153407 6.923122 0.039043
 0.000344 2.763725 4.155001 6.918726 0.029130
 0.000345 2.758737 4.156603 6.915340 0.022482
 0.000345 2.755046 4.158222 6.913268 0.018837
 0.000346 2.752675 4.159814 6.912490 0.017552
 0.000346 2.751630 4.161317 6.912947 0.018302
 0.000347 2.751997 4.162740 6.914737 0.021388
 0.000347 2.753511 4.163948 6.917459 0.026540
 0.000348 2.756366 4.165043 6.921409 0.035008
 0.000348 2.760186 4.165984 6.926170 0.046767
 0.000349 2.764456 4.166753 6.931209 0.061066
 0.000349 2.769240 4.167284 6.936523 0.078210
 0.000350 2.774371 4.167475 6.941846 0.097501
 0.000350 2.779295 4.167399 6.946694 0.116922
 0.000351 2.783481 4.167097 6.950578 0.133758
 0.000351 2.787240 4.166388 6.953627 0.147763
 0.000352 2.789766 4.165545 6.955311 0.155796
 0.000352 2.790935 4.164653 6.955588 0.157136
 0.000353 2.790387 4.163738 6.954125 0.150115
 0.000353 2.788321 4.162835 6.951155 0.136354
 0.000354 2.784764 4.161891 6.946655 0.116762
 0.000354 2.780109 4.160897 6.941005 0.094314
 0.000355 2.774703 4.159896 6.934599 0.071757
 0.000355 2.768833 4.159024 6.927857 0.051342
 0.000356 2.763351 4.158357 6.921708 0.035696
 0.000356 2.758257 4.157945 6.916201 0.024091
 0.000357 2.753803 4.157855 6.911658 0.016229
 0.000357 2.750154 4.158006 6.908160 0.011229
 0.000358 2.747959 4.158308 6.906267 0.008907
 0.000358 2.747197 4.158881 6.906078 0.008690
 0.000359 2.747913 4.159749 6.907663 0.010593
 0.000359 2.749907 4.160919 6.910826 0.014956
 0.000360 2.753330 4.162307 6.915637 0.023031
 0.000360 2.758067 4.164052 6.922120 0.036655
 0.000361 2.763629 4.166162 6.929791 0.056849
 0.000361 2.769715 4.168605 6.938320 0.084486
 0.000362 2.776020 4.171261 6.947281 0.119395
 0.000362 2.782112 4.174078 6.956190 0.160072
 0.000363 2.787143 4.177112 6.964255 0.202032
 0.000363 2.790393 4.180145 6.970538 0.238101
 0.000364 2.791850 4.183231 6.975082 0.266030
 0.000364 2.791548 4.186247 6.977795 0.283446
 0.000365 2.789324 4.189041 6.978365 0.287173
 0.000365 2.785307 4.191633 6.976940 0.277900
 0.000366 2.779652 4.194096 6.973748 0.257671
 0.000366 2.772743 4.196320 6.969063 0.229367
 0.000367 2.765114 4.198367 6.963482 0.197798
 0.000367 2.757843 4.200020 6.957863 0.168379
 0.000368 2.750878 4.201235 6.952113 0.140719
 0.000368 2.744852 4.202058 6.946910 0.117830
 0.000369 2.740048 4.202490 6.942538 0.100166
 0.000369 2.736666 4.202658 6.939324 0.088098
 0.000370 2.735030 4.202508 6.937537 0.081721
 0.000370 2.735224 4.202080 6.937303 0.080904
 0.000371 2.737338 4.201429 6.938767 0.086082
 0.000371 2.740794 4.200654 6.941448 0.095988
 0.000372 2.745290 4.199751 6.945041 0.110103
 0.000372 2.750299 4.198690 6.948989 0.126735
 0.000373 2.755957 4.197670 6.953627 0.147761
 0.000373 2.761525 4.196765 6.958290 0.170530
 0.000374 2.766200 4.195781 6.961982 0.189711
 0.000374 2.769939 4.194867 6.964806 0.205077
 0.000375 2.772222 4.194079 6.966302 0.213456
 0.000375 2.772433 4.193421 6.965855 0.210934
 0.000376 2.770522 4.192954 6.963476 0.197766
 0.000376 2.766502 4.192597 6.959099 0.174645
 0.000377 2.760674 4.192386 6.953060 0.145105
 0.000377 2.753777 4.192424 6.946201 0.114868
 0.000378 2.746152 4.192756 6.938907 0.086588
 0.000378 2.738588 4.193396 6.931984 0.063434
 0.000379 2.731119 4.194151 6.925270 0.044415
 0.000379 2.724426 4.195049 6.919476 0.030717
 0.000380 2.718798 4.196116 6.914915 0.021707
 0.000380 2.714959 4.197239 6.912198 0.017082
 0.000381 2.712563 4.198317 6.910880 0.015037
 0.000381 2.711212 4.199273 6.910484 0.014449
 0.000382 2.710455 4.200176 6.910631 0.014666
 0.000382 2.710735 4.200891 6.911626 0.016179
 0.000383 2.712198 4.201461 6.913659 0.019501
 0.000383 2.714420 4.201954 6.916375 0.024422
 0.000384 2.717208 4.202273 6.919481 0.030728
 0.000384 2.720130 4.202431 6.922561 0.037697
 0.000385 2.722960 4.202326 6.925286 0.044456
 0.000385 2.725243 4.201920 6.927163 0.049435
 0.000386 2.726351 4.201154 6.927505 0.050371
 0.000386 2.726064 4.199966 6.926030 0.046398
 0.000387 2.724466 4.198598 6.923064 0.038903
 0.000387 2.721860 4.196822 6.918682 0.029038
 0.000388 2.718370 4.194678 6.913048 0.018470
 0.000388 2.714243 4.192280 6.906524 0.009206
 0.000389 2.709644 4.189579 6.899223 0.002626
 0.000389 2.704206 4.186723 6.890930 0.000000
 0.000390 2.698895 4.183811 6.882706 0.002490
 0.000390 2.693924 4.180866 6.874789 0.009679
 0.000391 2.689498 4.177938 6.867436 0.020566
 0.000391 2.685743 4.174984 6.860728 0.034038
 0.000392 2.682898 4.172003 6.854900 0.048478
 0.000392 2.680953 4.169084 6.850037 0.062481
 0.000393 2.680253 4.166222 6.846475 0.073859
 0.000393 2.680553 4.163536 6.844089 0.082014
 0.000394 2.681542 4.160895 6.842438 0.087910
 0.000394 2.682791 4.158371 6.841162 0.092602
 0.000395 2.684122 4.155906 6.840028 0.096878
 0.000395 2.685328 4.153643 6.838971 0.100950
 0.000396 2.686356 4.151504 6.837859 0.105320
 0.000396 2.687220 4.149501 6.836721 0.109893
 0.000397 2.687436 4.147618 6.835054 0.116766
 0.000397 2.687001 4.145931 6.832932 0.125814
 0.000398 2.685831 4.144401 6.830232 0.137820
 0.000398 2.683690 4.142960 6.826650 0.154586
 0.000399 2.680494 4.141635 6.822129 0.177121
 0.000399 2.676796 4.140364 6.817161 0.203658
 0.000400 2.673189 4.139090 6.812279 0.231531
 0.000400 2.669723 4.137815 6.807538 0.260317
 0.000401 2.666578 4.136449 6.803027 0.289268
 0.000401 2.664222 4.135025 6.799247 0.314701
 0.000402 2.662450 4.133473 6.795923 0.337952
 0.000402 2.661166 4.131842 6.793008 0.359025
 0.000403 2.660486 4.130186 6.790672 0.376373
 0.000403 2.660702 4.128268 6.788969 0.389276
 0.000404 2.661850 4.126151 6.788001 0.396713
 0.000404 2.663774 4.123830 6.787603 0.399785
 0.000405 2.666391 4.121230 6.787622 0.399642
 0.000405 2.669794 4.118529 6.788322 0.394237
 0.000406 2.673786 4.115746 6.789532 0.384989
 0.000406 2.677794 4.112908 6.790701 0.376156
 0.000407 2.681112 4.109973 6.791085 0.373282
 0.000407 2.684029 4.107034 6.791064 0.373438
 0.000408 2.686483 4.104269 6.790752 0.375775
 0.000408 2.688570 4.101752 6.790321 0.379016
 0.000409 2.690007 4.099311 6.789318 0.386618
 0.000409 2.691108 4.097004 6.788112 0.395855
 0.000410 2.691665 4.094966 6.786631 0.407349
 0.000410 2.691815 4.093263 6.785079 0.419574
 0.000411 2.692062 4.091734 6.783795 0.429817
 0.000411 2.692536 4.090486 6.783023 0.436045
 0.000412 2.693551 4.089623 6.783174 0.434819
 0.000412 2.694648 4.089098 6.783746 0.430213
 0.000413 2.696047 4.088922 6.784969 0.420443
 0.000413 2.697535 4.089151 6.786686 0.406920
 0.000414 2.699640 4.089696 6.789336 0.386480
 0.000414 2.702117 4.090545 6.792662 0.361571
 0.000415 2.704748 4.091677 6.796426 0.334384
 0.000415 2.707772 4.093212 6.800985 0.302877
 0.000416 2.711419 4.094998 6.806417 0.267369
 0.000416 2.715964 4.096956 6.812920 0.227769
 0.000417 2.721020 4.099185 6.820205 0.187180
 0.000417 2.726366 4.101638 6.828004 0.148134
 0.000418 2.731617 4.104301 6.835918 0.113177
 0.000418 2.736515 4.107195 6.843710 0.083350
 0.000419 2.741413 4.110168 6.851581 0.057842
 0.000419 2.745983 4.113091 6.859074 0.037877
 0.000420 2.749738 4.115998 6.865736 0.023661
 0.000420 2.752891 4.118814 6.871705 0.013752
 0.000421 2.755521 4.121451 6.876972 0.007228
 0.000421 2.757574 4.123945 6.881518 0.003269
 0.000422 2.758975 4.126292 6.885268 0.001171
 0.000422 2.759575 4.128505 6.888080 0.000289
 0.000423 2.759971 4.130422 6.890393 0.000008
 0.000423 2.760329 4.132268 6.892597 0.000114
 0.000424 2.760774 4.133999 6.894773 0.000576
 0.000424 2.761096 4.135528 6.896624 0.001248
 0.000425 2.761425 4.137030 6.898456 0.002166
 0.000425 2.761497 4.138415 6.899912 0.003076
 0.000426 2.761799 4.139688 6.901488 0.004239
 0.000426 2.762197 4.141014 6.903211 0.005725
 0.000427 2.762792 4.142271 6.905064 0.007570
 0.000427 2.763555 4.143532 6.907088 0.009881
 0.000428 2.764487 4.144859 6.909346 0.012822
 0.000428 2.765349 4.146227 6.911576 0.016101
 0.000429 2.765900 4.147610 6.913510 0.019247
 0.000429 2.766248 4.149045 6.915292 0.022394
 0.000430 2.766197 4.150407 6.916604 0.024863
 0.000430 2.765614 4.151800 6.917415 0.026453
 0.000431 2.764679 4.153349 6.918028 0.027688
 0.000431 2.763655 4.155031 6.918686 0.029045
 0.000432 2.762523 4.156836 6.919359 0.030468
 0.000432 2.760904 4.158729 6.919633 0.031055
 0.000433 2.758850 4.160735 6.919585 0.030953
 0.000433 2.756443 4.162781 6.919224 0.030180
 0.000434 2.753444 4.164883 6.918327 0.028301
 0.000434 2.750078 4.166882 6.916960 0.025554
 0.000435 2.745993 4.168825 6.914818 0.021534
 0.000435 2.741663 4.170749 6.912411 0.017425
 0.000436 2.737290 4.172548 6.909838 0.013513
 0.000436 2.732830 4.174217 6.907046 0.009831
 0.000437 2.728281 4.175804 6.904085 0.006563
 0.000437 2.723649 4.177212 6.900861 0.003754
 0.000438 2.719764 4.178368 6.898133 0.001986
 0.000438 2.716188 4.179343 6.895531 0.000820
 0.000439 2.712913 4.180122 6.893035 0.000178
 0.000439 2.710212 4.180624 6.890837 0.000000
 0.000440 2.707268 4.181030 6.888298 0.000245
 0.000440 2.704236 4.181316 6.885552 0.001055
 0.000441 2.700987 4.181442 6.882429 0.002662
 0.000441 2.697400 4.181410 6.878810 0.005441
 0.000442 2.693680 4.181211 6.874890 0.009558
 0.000442 2.689952 4.180841 6.870793 0.015093
 0.000443 2.686174 4.180353 6.866527 0.022195
 0.000443 2.682327 4.179894 6.862221 0.030747
 0.000444 2.678015 4.179497 6.857512 0.041690
 0.000444 2.673455 4.179102 6.852557 0.055002
 0.000445 2.668891 4.178886 6.847777 0.069590
 0.000445 2.664507 4.178927 6.843434 0.084329
 0.000446 2.660446 4.179292 6.839737 0.097988
 0.000446 2.656801 4.179909 6.836709 0.109941
 0.000447 2.653385 4.180786 6.834171 0.120490
 0.000447 2.650353 4.181777 6.832130 0.129324
 0.000448 2.647389 4.182864 6.830253 0.137723
 0.000448 2.644662 4.184125 6.828787 0.144468
 0.000449 2.642665 4.185437 6.828102 0.147672
 0.000449 2.641270 4.186795 6.828066 0.147845
 0.000450 2.640461 4.188341 6.828803 0.144395
 0.000450 2.640020 4.190035 6.830054 0.138628
 0.000451 2.639693 4.191842 6.831535 0.131956
 0.000451 2.639182 4.193932 6.833114 0.125025
 0.000452 2.638352 4.196141 6.834493 0.119124
 0.000452 2.637033 4.198418 6.835451 0.115112
 0.000453 2.635421 4.200617 6.836038 0.112684
 0.000453 2.633360 4.202709 6.836069 0.112558
 0.000454 2.631085 4.204737 6.835822 0.113572
 0.000454 2.628816 4.206874 6.835690 0.114118
 0.000455 2.626380 4.208782 6.835163 0.116312
 0.000455 2.624009 4.210438 6.834446 0.119324
 0.000456 2.621751 4.211823 6.833574 0.123043
 0.000456 2.619951 4.212920 6.832871 0.126081
 0.000457 2.618499 4.213810 6.832309 0.128538
 0.000457 2.617563 4.214352 6.831915 0.130275
 0.000458 2.617202 4.214679 6.831881 0.130425
 0.000458 2.617654 4.214706 6.832360 0.128312
 0.000459 2.618631 4.214490 6.833121 0.124996
 0.000459 2.619736 4.214101 6.833837 0.121913
 0.000460 2.621245 4.213546 6.834791 0.117868
 0.000460 2.623497 4.212769 6.836266 0.111751
 0.000461 2.625935 4.211877 6.837812 0.105509
 0.000461 2.628347 4.210964 6.839312 0.099627
 0.000462 2.630567 4.209949 6.840517 0.095023
 0.000462 2.632081 4.208865 6.840945 0.093412
 0.000463 2.632993 4.207784 6.840777 0.094042
 0.000463 2.632960 4.206786 6.839746 0.097956
 0.000464 2.632259 4.205962 6.838221 0.103886
 0.000464 2.631274 4.205293 6.836568 0.110517
 0.000465 2.630133 4.204710 6.834843 0.117653
 0.000465 2.628769 4.204276 6.833045 0.125326
 0.000466 2.627190 4.204083 6.831273 0.133128
 0.000466 2.625382 4.204266 6.829648 0.140485
 0.000467 2.623472 4.204698 6.828171 0.147351
 0.000467 2.621743 4.205364 6.827107 0.152392
 0.000468 2.620470 4.206284 6.826754 0.154086
 0.000468 2.619798 4.207447 6.827246 0.151732
 0.000469 2.619594 4.208780 6.828374 0.146395
 0.000469 2.620583 4.210235 6.830818 0.135167
 0.000470 2.622379 4.211733 6.834111 0.120745
 0.000470 2.624933 4.213299 6.838232 0.103847
 0.000471 2.628104 4.214891 6.842995 0.085896
 0.000471 2.631433 4.216584 6.848017 0.068818
 0.000472 2.634908 4.218449 6.853358 0.052728
 0.000472 2.638653 4.220354 6.859007 0.038036
 0.000473 2.642593 4.222307 6.864899 0.025264
 0.000473 2.646689 4.224241 6.870931 0.014887
 0.000474 2.650165 4.226197 6.876362 0.007877
 0.000474 2.652664 4.228278 6.880942 0.003685
 0.000475 2.653899 4.230446 6.884345 0.001589
 0.000475 2.654327 4.232760 6.887087 0.000532
 0.000476 2.654299 4.235049 6.889348 0.000085
 0.000476 2.653253 4.237243 6.890497 0.000005
 0.000477 2.651945 4.239408 6.891353 0.000009
 0.000477 2.650713 4.241596 6.892308 0.000079
 0.000478 2.649543 4.243881 6.893424 0.000247
 0.000478 2.648591 4.246299 6.894891 0.000611
 0.000479 2.647856 4.248807 6.896663 0.001265
 0.000479 2.647866 4.251400 6.899266 0.002653
 0.000480 2.648518 4.254265 6.902783 0.005335
 0.000480 2.649504 4.257247 6.906751 0.009476
 0.000481 2.651321 4.260456 6.911777 0.016415
 0.000481 2.653857 4.263792 6.917650 0.026923
 0.000482 2.657278 4.267427 6.924705 0.042969
 0.000482 2.661320 4.271165 6.932484 0.064987
 0.000483 2.665880 4.275052 6.940932 0.094040
 0.000483 2.670892 4.279031 6.949923 0.130837
 0.000484 2.676022 4.283060 6.959082 0.174560
 0.000484 2.681029 4.287113 6.968142 0.223996
 0.000485 2.685281 4.291109 6.976391 0.274362
 0.000485 2.689329 4.295021 6.984350 0.327800
 0.000486 2.693100 4.298893 6.991994 0.383588
 0.000486 2.696330 4.302625 6.998955 0.438206
 0.000487 2.698776 4.306238 7.005013 0.488704
 0.000487 2.700743 4.309735 7.010478 0.536611
 0.000488 2.702063 4.312976 7.015038 0.578304
 0.000488 2.702689 4.315924 7.018613 0.612075
 0.000489 2.703029 4.318698 7.021727 0.642276
 0.000489 2.703475 4.321141 7.024616 0.670950
 0.000490 2.703704 4.323287 7.026991 0.694987
 0.000490 2.704271 4.325115 7.029386 0.719653
 0.000491 2.704891 4.326664 7.031554 0.742360
 0.000491 2.706150 4.327732 7.033883 0.767133
 0.000492 2.707954 4.328551 7.036506 0.795526
 0.000492 2.710120 4.329053 7.039173 0.824930
 0.000493 2.712791 4.329288 7.042079 0.857575
 0.000493 2.715977 4.329252 7.045230 0.893683
 0.000494 2.719605 4.328841 7.048446 0.931313
 0.000494 2.723166 4.327997 7.051163 0.963697
 0.000495 2.726936 4.326806 7.053743 0.994964
 0.000495 2.730689 4.325310 7.055999 1.022718
 0.000496 2.734618 4.323571 7.058189 1.050024
 0.000496 2.738295 4.321616 7.059911 1.071742
 0.000497 2.741197 4.319448 7.060645 1.081070
 0.000497 2.743056 4.317134 7.060189 1.075277
 0.000498 2.743718 4.314644 7.058362 1.052199
 0.000498 2.743563 4.312020 7.055583 1.017574
 0.000499 2.742258 4.309147 7.051405 0.966610
 0.000499 2.739955 4.306236 7.046191 0.904845
 0.000500 2.736864 4.303291 7.040154 0.835885
