#! FIELDS time dAB dAC rc bias
 0.000000 1.461604 1.246880 2.708484 0.602714
 0.000000 1.456234 1.247535 2.703769 0.655590
 0.000001 1.450723 1.258487 2.709209 0.594777
 0.000001 1.445233 1.278472 2.723705 0.447181
 0.000002 1.439978 1.304975 2.744953 0.268811
 0.000002 1.434928 1.335541 2.770469 0.114277
 0.000003 1.429991 1.367718 2.797709 0.021150
 0.000003 1.425396 1.399047 2.824443 0.001902
 0.000004 1.421114 1.427199 2.848313 0.045112
 0.000004 1.417027 1.450875 2.867902 0.123139
 0.000005 1.413182 1.468865 2.882047 0.203338
 0.000005 1.409700 1.479928 2.889628 0.254557
 0.000006 1.406542 1.484082 2.890624 0.261715
 0.000006 1.403810 1.481199 2.885010 0.222669
 0.000007 1.401325 1.471451 2.872776 0.148512
 0.000007 1.399153 1.454973 2.854126 0.064263
 0.000008 1.397302 1.432637 2.829939 0.006801
 0.000008 1.395809 1.405267 2.801076 0.014792
 0.000009 1.394758 1.374556 2.769314 0.119864
 0.000009 1.394023 1.342700 2.736723 0.332540
 0.000010 1.393568 1.311850 2.705419 0.636839
 0.000010 1.393451 1.284496 2.677947 0.984606
 0.000011 1.393692 1.263438 2.657130 1.298405
 0.000011 1.394297 1.251130 2.645427 1.493835
 0.000012 1.395231 1.249032 2.644263 1.514031
 0.000012 1.396421 1.257585 2.654006 1.349223
 0.000013 1.397736 1.275210 2.672945 1.056049
 0.000013 1.399094 1.300101 2.699194 0.709019
 0.000014 1.400484 1.329953 2.730437 0.385781
 0.000014 1.401596 1.361696 2.763292 0.151161
 0.000015 1.402403 1.392830 2.795233 0.026548
 0.000015 1.402727 1.421229 2.823956 0.001613
 0.000016 1.402512 1.445244 2.847757 0.043457
 0.000016 1.401696 1.463738 2.865434 0.111193
 0.000017 1.400208 1.475802 2.876009 0.166658
 0.000017 1.398243 1.480798 2.879042 0.184624
 0.000018 1.395826 1.478570 2.874395 0.157471
 0.000018 1.392946 1.469654 2.862600 0.098233
 0.000019 1.389821 1.454595 2.844417 0.034167
 0.000019 1.386747 1.434091 2.820838 0.000328
 0.000020 1.383771 1.409247 2.793018 0.031898
 0.000020 1.381032 1.380894 2.761926 0.158767
 0.000021 1.378614 1.350854 2.729469 0.394335
 0.000021 1.376789 1.321814 2.698603 0.716082
 0.000022 1.375695 1.296454 2.672149 1.067652
 0.000022 1.375383 1.276857 2.652241 1.378386
 0.000023 1.376111 1.265246 2.641358 1.565004
 0.000023 1.377932 1.262505 2.640437 1.581331
 0.000024 1.380712 1.268737 2.649449 1.425129
 0.000024 1.384328 1.282942 2.667270 1.140140
 0.000025 1.388625 1.303748 2.692374 0.792570
 0.000025 1.393697 1.328999 2.722696 0.456773
 0.000026 1.399300 1.356425 2.755725 0.195634
 0.000026 1.405346 1.383725 2.789071 0.042646
 0.000027 1.411587 1.408695 2.820281 0.000201
 0.000027 1.417915 1.429664 2.847580 0.042936
 0.000028 1.424227 1.445503 2.869730 0.132377
 0.000028 1.430290 1.455589 2.885879 0.228509
 0.000029 1.435961 1.459549 2.895510 0.298257
 0.000029 1.441122 1.456722 2.897844 0.316554
 0.000030 1.445614 1.447069 2.892683 0.276819
 0.000030 1.449591 1.431327 2.880918 0.196203
 0.000031 1.452995 1.410096 2.863091 0.100420
 0.000031 1.455706 1.384491 2.840196 0.024026
 0.000032 1.457819 1.356210 2.814029 0.000902
 0.000032 1.459485 1.327219 2.786705 0.049837
 0.000033 1.460714 1.299779 2.760492 0.166947
 0.000033 1.461484 1.276371 2.737855 0.323375
 0.000034 1.461971 1.259418 2.721389 0.469356
 0.000034 1.462137 1.250727 2.712865 0.555577
 0.000035 1.462042 1.251742 2.713784 0.545928
 0.000035 1.461489 1.262562 2.724051 0.443919
 0.000036 1.460773 1.281892 2.742666 0.285846
 0.000036 1.459962 1.307218 2.767180 0.130539
 0.000037 1.458944 1.336090 2.795034 0.027009
 0.000037 1.457789 1.365909 2.823698 0.001470
 0.000038 1.456330 1.394079 2.850409 0.051628
 0.000038 1.454563 1.418880 2.873444 0.152175
 0.000039 1.452648 1.438936 2.891584 0.268705
 0.000039 1.450577 1.453467 2.904044 0.367812
 0.000040 1.448365 1.461677 2.910042 0.421048
 0.000040 1.446073 1.463344 2.909417 0.415331
 0.000041 1.443681 1.458442 2.902123 0.351516
 0.000041 1.441181 1.447257 2.888437 0.246131
 0.000042 1.438539 1.430344 2.868882 0.128050
 0.000042 1.435856 1.408465 2.844321 0.033917
 0.000043 1.433109 1.382775 2.815885 0.000286
 0.000043 1.430149 1.354870 2.785019 0.055301
 0.000044 1.427067 1.326730 2.753797 0.207878
 0.000044 1.423807 1.300831 2.724638 0.438404
 0.000045 1.420374 1.279231 2.699605 0.704138
 0.000045 1.416737 1.264148 2.680884 0.943823
 0.000046 1.413038 1.257330 2.670368 1.093833
 0.000046 1.409173 1.259641 2.668814 1.116942
 0.000047 1.405242 1.271155 2.676397 1.006483
 0.000047 1.401358 1.290611 2.691970 0.797664
 0.000048 1.397510 1.316063 2.713574 0.548128
 0.000048 1.393777 1.344700 2.738477 0.318393
 0.000049 1.390252 1.374271 2.764523 0.144467
 0.000049 1.386917 1.402785 2.789702 0.040822
 0.000050 1.383761 1.428693 2.812453 0.001695
 0.000050 1.380759 1.450548 2.831307 0.008491
 0.000051 1.377981 1.467062 2.845043 0.035825
 0.000051 1.375403 1.477724 2.853127 0.060730
 0.000052 1.372992 1.481795 2.854787 0.066655
 0.000052 1.370827 1.479246 2.850072 0.050551
 0.000053 1.369023 1.469979 2.839002 0.021479
 0.000053 1.367676 1.454459 2.822135 0.000745
 0.000054 1.366908 1.433661 2.800569 0.015676
 0.000054 1.366804 1.408425 2.775229 0.092650
 0.000055 1.367301 1.380068 2.747368 0.251394
 0.000055 1.368507 1.350467 2.718974 0.493041
 0.000056 1.370531 1.321835 2.692366 0.792663
 0.000056 1.373439 1.296745 2.670184 1.096557
 0.000057 1.377293 1.277692 2.654985 1.333199
 0.000057 1.382097 1.266522 2.648619 1.439171
 0.000058 1.387773 1.264383 2.652156 1.379786
 0.000058 1.394351 1.271819 2.666170 1.156811
 0.000059 1.401604 1.287755 2.689359 0.830975
 0.000059 1.409298 1.310178 2.719475 0.488076
 0.000060 1.417473 1.336619 2.754091 0.205982
 0.000060 1.425923 1.365275 2.791198 0.036661
 0.000061 1.434539 1.393326 2.827866 0.004598
 0.000061 1.443144 1.418793 2.861936 0.095312
 0.000062 1.451465 1.440741 2.892207 0.273289
 0.000062 1.459244 1.457621 2.916865 0.485992
 0.000063 1.466243 1.467873 2.934116 0.670947
 0.000063 1.472486 1.471017 2.943503 0.784087
 0.000064 1.477870 1.467230 2.945101 0.804229
 0.000064 1.482439 1.456575 2.939013 0.728877
 0.000065 1.486098 1.439178 2.925276 0.572453
 0.000065 1.488704 1.416391 2.905094 0.376873
 0.000066 1.490294 1.389050 2.879344 0.186466
 0.000066 1.490868 1.358977 2.849845 0.049831
 0.000067 1.490609 1.328055 2.818664 0.000008
 0.000067 1.489371 1.299425 2.788796 0.043453
 0.000068 1.487205 1.275635 2.762840 0.153658
 0.000068 1.484184 1.259347 2.743531 0.279337
 0.000069 1.480436 1.252543 2.732979 0.363775
 0.000069 1.476001 1.255564 2.731565 0.375940
 0.000070 1.470926 1.268042 2.738968 0.314488
 0.000070 1.465176 1.288633 2.753810 0.207795
 0.000071 1.458980 1.315175 2.774155 0.097332
 0.000071 1.452425 1.344608 2.797033 0.022563
 0.000072 1.445428 1.374920 2.820348 0.000215
 0.000072 1.438005 1.403575 2.841580 0.027154
 0.000073 1.430216 1.428969 2.859186 0.083680
 0.000073 1.422310 1.449697 2.872008 0.144355
 0.000074 1.414306 1.464816 2.879122 0.185115
 0.000074 1.406203 1.473872 2.880076 0.190961
 0.000075 1.398244 1.476565 2.874809 0.159802
 0.000075 1.390527 1.472809 2.863335 0.101518
 0.000076 1.383393 1.462541 2.845935 0.038251
 0.000076 1.377018 1.446584 2.823602 0.001418
 0.000077 1.371473 1.425511 2.796983 0.022669
 0.000077 1.366977 1.400512 2.767489 0.128965
 0.000078 1.363496 1.373499 2.736995 0.330328
 0.000078 1.361085 1.346019 2.707104 0.617963
 0.000079 1.359982 1.320211 2.680192 0.953352
 0.000079 1.360328 1.298384 2.658712 1.273034
 0.000080 1.361924 1.282608 2.644533 1.509336
 0.000080 1.364820 1.274180 2.638999 1.607002
 0.000081 1.368920 1.274094 2.643013 1.535848
 0.000081 1.374167 1.282348 2.656516 1.308318
 0.000082 1.380361 1.297801 2.678162 0.981598
 0.000082 1.387290 1.318639 2.705930 0.631083
 0.000083 1.394592 1.343206 2.737798 0.323837
 0.000083 1.402085 1.369253 2.771338 0.110159
 0.000084 1.409424 1.394852 2.804277 0.009799
 0.000084 1.416537 1.417846 2.834383 0.012972
 0.000085 1.423365 1.436672 2.860037 0.087201
 0.000085 1.429811 1.450216 2.880026 0.190656
 0.000086 1.435695 1.457808 2.893502 0.282952
 0.000086 1.440845 1.459252 2.900097 0.334736
 0.000087 1.445159 1.454147 2.899306 0.328295
 0.000087 1.448529 1.442713 2.891242 0.266201
 0.000088 1.451003 1.425590 2.876593 0.170042
 0.000088 1.452656 1.403720 2.856376 0.072581
 0.000089 1.453649 1.378361 2.832010 0.009431
 0.000089 1.453866 1.350707 2.804573 0.009388
 0.000090 1.453425 1.322883 2.776308 0.088065
 0.000090 1.452394 1.297097 2.749491 0.236568
 0.000091 1.450749 1.275862 2.726610 0.420128
 0.000091 1.448586 1.261379 2.709965 0.586558
 0.000092 1.445979 1.255024 2.701003 0.687645
 0.000092 1.443127 1.257710 2.700837 0.689594
 0.000093 1.440237 1.269308 2.709545 0.591119
 0.000093 1.437176 1.288150 2.725326 0.431984
 0.000094 1.434214 1.312365 2.746579 0.257021
 0.000094 1.431368 1.340107 2.771474 0.109519
 0.000095 1.428778 1.369027 2.797805 0.020953
 0.000095 1.426474 1.397200 2.823673 0.001457
 0.000096 1.424553 1.422802 2.847355 0.042280
 0.000096 1.422888 1.444006 2.866894 0.118186
 0.000097 1.421452 1.459960 2.881411 0.199305
 0.000097 1.420281 1.469690 2.889970 0.257006
 0.000098 1.419413 1.472816 2.892229 0.273452
 0.000098 1.418788 1.469433 2.888221 0.244618
 0.000099 1.418366 1.459460 2.877826 0.177312
 0.000099 1.418138 1.442989 2.861127 0.091813
 0.000100 1.418090 1.421212 2.839302 0.022105
 0.000100 1.418161 1.395482 2.813643 0.001073
 0.000101 1.418366 1.367073 2.785439 0.053913
 0.000101 1.418507 1.338282 2.756790 0.189028
 0.000102 1.418661 1.311065 2.729727 0.392045
 0.000102 1.418949 1.287584 2.706533 0.624320
 0.000103 1.419370 1.270422 2.689792 0.825411
 0.000103 1.419811 1.261685 2.681496 0.935442
 0.000104 1.420107 1.261777 2.681884 0.930133
 0.000104 1.420232 1.270421 2.690653 0.814381
 0.000105 1.420295 1.286886 2.707181 0.617102
 0.000105 1.420055 1.309198 2.729253 0.396257
 0.000106 1.419283 1.335080 2.754362 0.204247
 0.000106 1.417968 1.362614 2.780582 0.071040
 0.000107 1.416110 1.389583 2.805693 0.007916
 0.000107 1.413799 1.414104 2.827903 0.004634
 0.000108 1.410867 1.434849 2.845715 0.037646
 0.000108 1.407238 1.451098 2.858336 0.080239
 0.000109 1.402963 1.461637 2.864600 0.107296
 0.000109 1.398109 1.466195 2.864304 0.105929
 0.000110 1.392738 1.464591 2.857329 0.076258
 0.000110 1.386821 1.457193 2.844015 0.033124
 0.000111 1.380495 1.444476 2.824971 0.002241
 0.000111 1.373985 1.427081 2.801066 0.014808
 0.000112 1.367336 1.405449 2.772785 0.103473
 0.000112 1.360655 1.380778 2.741434 0.295237
 0.000113 1.354219 1.355388 2.709607 0.590445
 0.000113 1.348422 1.331122 2.679544 0.962329
 0.000114 1.343432 1.309900 2.653332 1.360324
 0.000114 1.339395 1.293717 2.633112 1.714288
 0.000115 1.336428 1.283926 2.620354 1.958647
 0.000115 1.334591 1.281856 2.616447 2.036741
 0.000116 1.333815 1.287558 2.621373 1.938533
 0.000116 1.334227 1.300488 2.634714 1.684740
 0.000117 1.336029 1.319286 2.655315 1.327806
 0.000117 1.339045 1.342041 2.681086 0.941053
 0.000118 1.343344 1.367074 2.710418 0.581661
 0.000118 1.348788 1.392127 2.740915 0.299236
 0.000119 1.354905 1.415304 2.770209 0.115520
 0.000119 1.361315 1.435468 2.796784 0.023096
 0.000120 1.368067 1.451354 2.819421 0.000066
 0.000120 1.374958 1.461717 2.836675 0.016926
 0.000121 1.381924 1.466041 2.847965 0.044071
 0.000121 1.388574 1.464285 2.852859 0.059800
 0.000122 1.394880 1.456422 2.851302 0.054536
 0.000122 1.400722 1.442874 2.843597 0.032057
 0.000123 1.406150 1.424098 2.830248 0.007166
 0.000123 1.411114 1.400672 2.811786 0.002106
 0.000124 1.415544 1.374283 2.789827 0.040466
 0.000124 1.419453 1.346908 2.766361 0.134759
 0.000125 1.422840 1.320372 2.743212 0.281728
 0.000125 1.425631 1.297141 2.722772 0.456049
 0.000126 1.428059 1.279466 2.707525 0.613287
 0.000126 1.430068 1.268720 2.698788 0.713870
 0.000127 1.431618 1.266377 2.697995 0.723374
 0.000127 1.432811 1.272979 2.705791 0.632647
 0.000128 1.433926 1.287276 2.721202 0.471167
 0.000128 1.434979 1.307959 2.742937 0.283794
 0.000129 1.435958 1.333074 2.769032 0.121247
 0.000129 1.436765 1.360325 2.797090 0.022442
 0.000130 1.437410 1.387342 2.824752 0.002097
 0.000130 1.437956 1.412727 2.850683 0.052510
 0.000131 1.438544 1.434597 2.873141 0.150511
 0.000131 1.438973 1.451723 2.890696 0.262231
 0.000132 1.439368 1.463229 2.902597 0.355506
 0.000132 1.439749 1.468556 2.908304 0.405257
 0.000133 1.440196 1.467327 2.907523 0.398256
 0.000133 1.440691 1.459898 2.900589 0.338776
 0.000134 1.441330 1.446449 2.887779 0.241537
 0.000134 1.442112 1.428055 2.870167 0.134637
 0.000135 1.442919 1.405111 2.848030 0.044264
 0.000135 1.443815 1.379123 2.822939 0.001087
 0.000136 1.444814 1.351822 2.796636 0.023414
 0.000136 1.445848 1.325214 2.771062 0.111457
 0.000137 1.447003 1.301502 2.748505 0.243402
 0.000137 1.448110 1.282142 2.730252 0.387411
 0.000138 1.449222 1.269484 2.718706 0.495706
 0.000138 1.450323 1.265239 2.715563 0.527498
 0.000139 1.451188 1.269634 2.720822 0.474862
 0.000139 1.451779 1.281704 2.733483 0.359496
 0.000140 1.452098 1.300410 2.752508 0.216272
 0.000140 1.452054 1.324176 2.776230 0.088393
 0.000141 1.451596 1.350690 2.802286 0.012784
 0.000141 1.450588 1.377561 2.828148 0.004873
 0.000142 1.448949 1.402666 2.851615 0.055576
 0.000142 1.446629 1.424641 2.871270 0.140420
 0.000143 1.443717 1.442748 2.886464 0.232482
 0.000143 1.440118 1.455679 2.895797 0.300478
 0.000144 1.435786 1.462815 2.898601 0.322608
 0.000144 1.430616 1.464023 2.894640 0.291571
 0.000145 1.424854 1.458971 2.883826 0.214838
 0.000145 1.418558 1.448504 2.867062 0.119004
 0.000146 1.411816 1.432972 2.844787 0.035143
 0.000146 1.404777 1.412838 2.817614 0.000022
 0.000147 1.397592 1.389524 2.787116 0.048547
 0.000147 1.390351 1.364811 2.755162 0.199166
 0.000148 1.383067 1.340640 2.723707 0.447163
 0.000148 1.376025 1.318964 2.694988 0.759992
 0.000149 1.369211 1.301612 2.670822 1.087126
 0.000149 1.362849 1.290518 2.653366 1.359759
 0.000150 1.357163 1.286649 2.643811 1.521893
 0.000150 1.352267 1.290727 2.642994 1.536188
 0.000151 1.348099 1.302140 2.650240 1.411804
 0.000151 1.344916 1.319922 2.664838 1.177160
 0.000152 1.342717 1.342549 2.685265 0.884588
 0.000152 1.341496 1.367840 2.709336 0.593391
 0.000153 1.341198 1.393527 2.734725 0.349036
 0.000153 1.341839 1.418125 2.759964 0.170013
 0.000154 1.343390 1.440161 2.783551 0.060292
 0.000154 1.345766 1.458319 2.804085 0.010069
 0.000155 1.348916 1.471759 2.820675 0.000288
 0.000155 1.352705 1.479564 2.832269 0.009790
 0.000156 1.356944 1.481564 2.838508 0.020467
 0.000156 1.361472 1.477564 2.839035 0.021548
 0.000157 1.366313 1.467681 2.833994 0.012353
 0.000157 1.371182 1.451970 2.823152 0.001189
 0.000158 1.376050 1.431416 2.807466 0.005843
 0.000158 1.380723 1.407030 2.787753 0.046582
 0.000159 1.385240 1.379891 2.765131 0.141217
 0.000159 1.389657 1.351745 2.741402 0.295482
 0.000160 1.393899 1.325061 2.718959 0.493188
 0.000160 1.398091 1.301733 2.699824 0.701540
 0.000161 1.402159 1.283725 2.685884 0.876378
 0.000161 1.405941 1.272377 2.678318 0.979410
 0.000162 1.409562 1.268727 2.678288 0.979826
 0.000162 1.413069 1.273607 2.686676 0.865928
 0.000163 1.416468 1.286169 2.702637 0.668616
 0.000163 1.419699 1.304997 2.724695 0.437864
 0.000164 1.422892 1.328707 2.751598 0.222294
 0.000164 1.426077 1.354561 2.780638 0.070830
 0.000165 1.429117 1.380848 2.809966 0.003453
 0.000165 1.432122 1.405866 2.837988 0.019428
 0.000166 1.434804 1.427859 2.862662 0.098508
 0.000166 1.437031 1.445807 2.882838 0.208413
 0.000167 1.438853 1.458289 2.897141 0.310989
 0.000167 1.440300 1.464425 2.904725 0.373670
 0.000168 1.441282 1.464231 2.905512 0.380511
 0.000168 1.441910 1.457363 2.899273 0.328029
 0.000169 1.442066 1.444080 2.886146 0.230321
 0.000169 1.442000 1.425389 2.867389 0.120603
 0.000170 1.441630 1.402363 2.843993 0.033068
 0.000170 1.440744 1.376292 2.817036 0.000077
 0.000171 1.439639 1.348828 2.788467 0.044430
 0.000171 1.438217 1.321833 2.760050 0.169512
 0.000172 1.436640 1.297762 2.734402 0.351738
 0.000172 1.434980 1.279314 2.714293 0.540619
 0.000173 1.433377 1.267776 2.701153 0.685883
 0.000173 1.431791 1.264650 2.696442 0.742179
 0.000174 1.430032 1.270108 2.700140 0.697806
 0.000174 1.428365 1.283376 2.711741 0.567484
 0.000175 1.426582 1.303062 2.729644 0.392778
 0.000175 1.424649 1.327300 2.751949 0.219966
 0.000176 1.422437 1.353941 2.776378 0.087771
 0.000176 1.419866 1.380546 2.800412 0.015955
 0.000177 1.416934 1.405331 2.822265 0.000796
 0.000177 1.413503 1.426938 2.840441 0.024565
 0.000178 1.409629 1.443956 2.853586 0.062339
 0.000178 1.405349 1.455666 2.861015 0.091332
 0.000179 1.400689 1.461428 2.862117 0.096102
 0.000179 1.395659 1.461164 2.856823 0.074293
 0.000180 1.390302 1.454979 2.845282 0.036466
 0.000180 1.384812 1.443117 2.827929 0.004659
 0.000181 1.379269 1.426887 2.806157 0.007344
 0.000181 1.373879 1.406810 2.780689 0.070638
 0.000182 1.368869 1.383552 2.752421 0.216842
 0.000182 1.364373 1.358954 2.723328 0.450758
 0.000183 1.360510 1.334668 2.695178 0.757656
 0.000183 1.357450 1.312936 2.670386 1.093570
 0.000184 1.355379 1.295690 2.651069 1.397914
 0.000184 1.354398 1.284575 2.638972 1.607492
 0.000185 1.354431 1.280692 2.635122 1.677261
 0.000185 1.355438 1.284414 2.639852 1.591752
 0.000186 1.357451 1.295136 2.652587 1.372643
 0.000186 1.360298 1.311983 2.672282 1.065717
 0.000187 1.363918 1.333046 2.696965 0.735822
 0.000187 1.368142 1.356737 2.724878 0.436155
 0.000188 1.372797 1.380867 2.753665 0.208730
 0.000188 1.377799 1.403717 2.781516 0.067565
 0.000189 1.383152 1.423272 2.806424 0.007023
 0.000189 1.388761 1.438884 2.827645 0.004389
 0.000190 1.394233 1.450282 2.844516 0.034427
 0.000190 1.399609 1.456266 2.855875 0.070686
 0.000191 1.404684 1.456398 2.861082 0.091616
 0.000191 1.409450 1.450561 2.860011 0.087091
 0.000192 1.413825 1.438729 2.852554 0.058751
 0.000192 1.417747 1.422300 2.840047 0.023699
 0.000193 1.421131 1.401820 2.822951 0.001093
 0.000193 1.423753 1.378135 2.801888 0.013428
 0.000194 1.425638 1.352970 2.778608 0.078678
 0.000194 1.426880 1.328285 2.755164 0.199152
 0.000195 1.427436 1.306125 2.733560 0.358836
 0.000195 1.427239 1.288284 2.715524 0.527900
 0.000196 1.426324 1.276830 2.703154 0.662657
 0.000196 1.424867 1.273126 2.697994 0.723389
 0.000197 1.423009 1.276921 2.699929 0.700296
 0.000197 1.420709 1.288085 2.708793 0.599321
 0.000198 1.418105 1.305954 2.724059 0.443837
 0.000198 1.415222 1.328678 2.743900 0.276588
 0.000199 1.412101 1.354101 2.766201 0.135588
 0.000199 1.408739 1.380126 2.788866 0.043248
 0.000200 1.405090 1.404697 2.809787 0.003603
 0.000200 1.401099 1.426016 2.827115 0.003907
 0.000201 1.396817 1.443224 2.840041 0.023687
 0.000201 1.392433 1.455189 2.847621 0.043058
 0.000202 1.388025 1.461516 2.849542 0.048878
 0.000202 1.383579 1.461744 2.845323 0.036578
 0.000203 1.379197 1.455863 2.835060 0.014085
 0.000203 1.374953 1.444305 2.819258 0.000048
 0.000204 1.370972 1.428090 2.799062 0.018459
 0.000204 1.367304 1.407902 2.775206 0.092751
 0.000205 1.364257 1.385056 2.749314 0.237788
 0.000205 1.362066 1.360880 2.722946 0.454390
 0.000206 1.360898 1.337198 2.698096 0.722160
 0.000206 1.360912 1.315941 2.676853 1.000021
 0.000207 1.362358 1.298317 2.660675 1.241907
 0.000207 1.365296 1.285881 2.651177 1.396100
 0.000208 1.369511 1.280309 2.649819 1.418882
 0.000208 1.375085 1.281942 2.657027 1.300052
 0.000209 1.381749 1.290770 2.672520 1.062244
 0.000209 1.389308 1.305802 2.695111 0.758485
 0.000210 1.397526 1.325886 2.723413 0.449951
 0.000210 1.406148 1.348581 2.754729 0.201908
 0.000211 1.414887 1.371815 2.786702 0.049846
 0.000211 1.423393 1.393666 2.817060 0.000074
 0.000212 1.431585 1.412911 2.844497 0.034377
 0.000212 1.439090 1.428317 2.867406 0.120691
 0.000213 1.445741 1.438769 2.884510 0.219351
 0.000213 1.451507 1.443649 2.895155 0.295523
 0.000214 1.456166 1.442722 2.898888 0.324914
 0.000214 1.459609 1.435799 2.895408 0.297467
 0.000215 1.461845 1.423603 2.885448 0.225606
 0.000215 1.462768 1.406841 2.869610 0.131758
 0.000216 1.462605 1.385962 2.848567 0.045877
 0.000216 1.461378 1.362448 2.823826 0.001540
 0.000217 1.459180 1.337609 2.796789 0.023084
 0.000217 1.456173 1.314029 2.770202 0.115553
 0.000218 1.452357 1.293343 2.745700 0.263360
 0.000218 1.448061 1.277369 2.725430 0.431016
 0.000219 1.443273 1.268128 2.711401 0.571111
 0.000219 1.438091 1.266661 2.704753 0.644375
 0.000220 1.432644 1.272941 2.705585 0.634966
 0.000220 1.426990 1.286032 2.713022 0.553923
 0.000221 1.421363 1.304941 2.726304 0.422941
 0.000221 1.415707 1.328111 2.743818 0.277199
 0.000222 1.410112 1.353451 2.763563 0.149674
 0.000222 1.404643 1.378988 2.783631 0.060013
 0.000223 1.399302 1.402714 2.802016 0.013219
 0.000223 1.394115 1.423434 2.817549 0.000026
 0.000224 1.389158 1.440002 2.829160 0.005923
 0.000224 1.384706 1.451403 2.836109 0.015901
 0.000225 1.380782 1.457133 2.837915 0.019286
 0.000225 1.377508 1.457436 2.834944 0.013892
 0.000226 1.374980 1.452225 2.827205 0.003987
 0.000226 1.373265 1.441665 2.814931 0.000560
 0.000227 1.372333 1.425997 2.798330 0.019891
 0.000227 1.372406 1.405962 2.778368 0.079631
 0.000228 1.373366 1.382970 2.756335 0.191832
 0.000228 1.375383 1.358486 2.733869 0.356226
 0.000229 1.378317 1.333994 2.712311 0.561428
 0.000229 1.382105 1.311176 2.693281 0.781181
 0.000230 1.386808 1.292586 2.679394 0.964402
 0.000230 1.392193 1.279935 2.672128 1.067965
 0.000231 1.398199 1.274875 2.673074 1.054176
 0.000231 1.404643 1.277988 2.682631 0.919981
 0.000232 1.411302 1.288068 2.699370 0.706925
 0.000232 1.418066 1.303988 2.722055 0.462925
 0.000233 1.424891 1.324054 2.748944 0.240344
 0.000233 1.431721 1.346436 2.778158 0.080473
 0.000234 1.438357 1.370014 2.808371 0.004905
 0.000234 1.444623 1.392615 2.837238 0.017978
 0.000235 1.450440 1.412552 2.862992 0.099978
 0.000235 1.455804 1.428739 2.884543 0.219569
 0.000236 1.460490 1.439816 2.900307 0.336452
 0.000236 1.464379 1.445076 2.909455 0.415682
 0.000237 1.467656 1.444415 2.912071 0.439874
 0.000237 1.470267 1.437862 2.908129 0.403679
 0.000238 1.472174 1.425876 2.898051 0.318202
 0.000238 1.473532 1.409315 2.882847 0.208470
 0.000239 1.474277 1.389150 2.863428 0.101934
 0.000239 1.474315 1.366034 2.840349 0.024360
 0.000240 1.473746 1.341650 2.815395 0.000415
 0.000240 1.472424 1.317851 2.790275 0.039201
 0.000241 1.470261 1.296527 2.766788 0.132549
 0.000241 1.467434 1.279820 2.747253 0.252210
 0.000242 1.463992 1.269800 2.733792 0.356874
 0.000242 1.459963 1.267593 2.727556 0.411506
 0.000243 1.455309 1.273407 2.728716 0.401050
 0.000243 1.450121 1.287189 2.737309 0.327779
 0.000244 1.444320 1.306940 2.751259 0.224561
 0.000244 1.438014 1.330637 2.768651 0.123133
 0.000245 1.431166 1.356524 2.787690 0.046776
 0.000245 1.423847 1.382782 2.806629 0.006783
 0.000246 1.416194 1.407302 2.823496 0.001363
 0.000246 1.408254 1.428463 2.836717 0.017004
 0.000247 1.400059 1.444940 2.844999 0.035706
 0.000247 1.391645 1.456173 2.847818 0.043636
 0.000248 1.383045 1.461920 2.844966 0.035618
 0.000248 1.374424 1.462011 2.836435 0.016487
 0.000249 1.365935 1.456630 2.822565 0.000920
 0.000249 1.357707 1.446004 2.803711 0.010606
 0.000250 1.349822 1.430911 2.780732 0.070475
 0.000250 1.342390 1.412211 2.754601 0.202722
 0.000251 1.335621 1.390988 2.726609 0.420144
 0.000251 1.329664 1.368795 2.698459 0.717807
 0.000252 1.324742 1.347084 2.671827 1.072369
 0.000252 1.320809 1.327332 2.648141 1.447288
 0.000253 1.318176 1.311396 2.629572 1.780455
 0.000253 1.316796 1.300760 2.617555 2.014434
 0.000254 1.316684 1.296690 2.613374 2.099238
 0.000254 1.318027 1.299655 2.617682 2.011900
 0.000255 1.320811 1.309181 2.629992 1.772547
 0.000255 1.324970 1.324016 2.648985 1.432962
 0.000256 1.330372 1.343047 2.673419 1.049173
 0.000256 1.336823 1.364718 2.701541 0.681349
 0.000257 1.344355 1.387252 2.731606 0.375580
 0.000257 1.352789 1.408692 2.761481 0.161281
 0.000258 1.361580 1.427668 2.789248 0.042132
 0.000258 1.370666 1.443224 2.813890 0.000962
 0.000259 1.379771 1.454183 2.833954 0.012290
 0.000259 1.388726 1.460000 2.848726 0.046360
 0.000260 1.397396 1.460614 2.858010 0.078939
 0.000260 1.405560 1.455666 2.861226 0.092237
 0.000261 1.413066 1.444890 2.857957 0.078728
 0.000261 1.419856 1.429283 2.849139 0.047628
 0.000262 1.425992 1.409822 2.835814 0.015380
 0.000262 1.431463 1.387343 2.818805 0.000014
 0.000263 1.436406 1.362761 2.799167 0.018257
 0.000263 1.440661 1.337506 2.778167 0.080438
 0.000264 1.444077 1.313770 2.757847 0.182581
 0.000264 1.446789 1.293628 2.740416 0.303105
 0.000265 1.448807 1.278950 2.727757 0.409684
 0.000265 1.450301 1.271308 2.721610 0.467216
 0.000266 1.451169 1.271559 2.722728 0.456471
 0.000266 1.451285 1.279913 2.731198 0.379128
 0.000267 1.450671 1.295218 2.745890 0.261987
 0.000267 1.449151 1.315801 2.764952 0.142172
 0.000268 1.446754 1.340041 2.786795 0.049552
 0.000268 1.443455 1.365429 2.808884 0.004410
 0.000269 1.439242 1.389593 2.828835 0.005575
 0.000269 1.434074 1.411553 2.845626 0.037403
 0.000270 1.427934 1.429691 2.857625 0.077418
 0.000270 1.421091 1.442971 2.864062 0.104820
 0.000271 1.413898 1.450742 2.864639 0.107478
 0.000271 1.406579 1.452788 2.859367 0.084422
 0.000272 1.399169 1.448776 2.847945 0.044013
 0.000272 1.391872 1.438743 2.830616 0.007614
 0.000273 1.384741 1.423412 2.808153 0.005124
 0.000273 1.378041 1.403540 2.781582 0.067324
 0.000274 1.371952 1.380575 2.752527 0.216145
 0.000274 1.366794 1.355775 2.722569 0.457989
 0.000275 1.362766 1.330823 2.693589 0.777339
 0.000275 1.359817 1.308288 2.668106 1.127553
 0.000276 1.358050 1.290169 2.648219 1.445966
 0.000276 1.357447 1.278481 2.635929 1.662528
 0.000277 1.358027 1.273942 2.631969 1.735507
 0.000277 1.359762 1.277390 2.637152 1.640290
 0.000278 1.362712 1.288355 2.651067 1.397945
 0.000278 1.366618 1.305605 2.672223 1.066572
 0.000279 1.371310 1.327376 2.698686 0.715082
 0.000279 1.376768 1.351584 2.728352 0.404319
 0.000280 1.382768 1.376194 2.758963 0.175903
 0.000280 1.389228 1.399350 2.788578 0.044098
 0.000281 1.395773 1.419687 2.815459 0.000397
 0.000281 1.402315 1.436232 2.838547 0.020545
 0.000282 1.408730 1.447454 2.856184 0.071852
 0.000282 1.414836 1.453025 2.867861 0.122934
 0.000283 1.420515 1.452223 2.872738 0.148304
 0.000283 1.425790 1.445196 2.870986 0.138916
 0.000284 1.430556 1.432259 2.862816 0.099190
 0.000284 1.434678 1.414285 2.848962 0.047082
 0.000285 1.438121 1.391853 2.829974 0.006842
 0.000285 1.440932 1.366665 2.807597 0.005702
 0.000286 1.442982 1.340669 2.783651 0.059945
 0.000286 1.444282 1.315470 2.759752 0.171254
 0.000287 1.444880 1.293282 2.738161 0.320916
 0.000287 1.444921 1.276308 2.721229 0.470903
 0.000288 1.444403 1.266274 2.710677 0.578878
 0.000288 1.443439 1.264635 2.708074 0.607226
 0.000289 1.442033 1.272026 2.714059 0.543060
 0.000289 1.440343 1.287131 2.727474 0.412247
 0.000290 1.438402 1.308400 2.746802 0.255426
 0.000290 1.436338 1.333855 2.770194 0.115595
 0.000291 1.434149 1.361470 2.795618 0.025668
 0.000291 1.431878 1.388889 2.820767 0.000310
 0.000292 1.429361 1.414063 2.843425 0.031623
 0.000292 1.426621 1.435493 2.862115 0.096092
 0.000293 1.423682 1.452320 2.876002 0.166618
 0.000293 1.420586 1.463508 2.884095 0.216606
 0.000294 1.417396 1.468312 2.885708 0.227356
 0.000294 1.414178 1.466955 2.881133 0.197553
 0.000295 1.410762 1.459299 2.870061 0.134086
 0.000295 1.407247 1.445427 2.852674 0.059162
 0.000296 1.403721 1.426524 2.830245 0.007163
 0.000296 1.400190 1.403593 2.803783 0.010503
 0.000297 1.396791 1.377774 2.774565 0.095532
 0.000297 1.393742 1.350756 2.744497 0.272166
 0.000298 1.391152 1.324932 2.716084 0.522162
 0.000298 1.389030 1.302242 2.691272 0.806496
 0.000299 1.387641 1.284822 2.672462 1.063079
 0.000299 1.386884 1.275004 2.661888 1.222863
 0.000300 1.386780 1.273401 2.660180 1.249712
 0.000300 1.387427 1.280094 2.667521 1.136355
 0.000301 1.388601 1.294303 2.682904 0.916278
 0.000301 1.390200 1.314703 2.704903 0.642667
 0.000302 1.392173 1.338976 2.731149 0.379554
 0.000302 1.394252 1.365510 2.759763 0.171189
 0.000303 1.396443 1.392157 2.788600 0.044033
 0.000303 1.398545 1.417576 2.816121 0.000232
 0.000304 1.400272 1.439902 2.840174 0.023976
 0.000304 1.401618 1.457777 2.859395 0.084540
 0.000305 1.402546 1.470532 2.873077 0.150159
 0.000305 1.402951 1.477012 2.879962 0.190261
 0.000306 1.402809 1.476634 2.879443 0.187071
 0.000306 1.401939 1.469875 2.871814 0.143316
 0.000307 1.400563 1.457235 2.857798 0.078099
 0.000307 1.398692 1.439315 2.838006 0.019465
 0.000308 1.396402 1.417042 2.813445 0.001167
 0.000308 1.393823 1.392011 2.785835 0.052621
 0.000309 1.391108 1.365308 2.756416 0.191331
 0.000309 1.388364 1.338900 2.727264 0.414159
 0.000310 1.385758 1.314978 2.700736 0.690782
 0.000310 1.383295 1.295723 2.679018 0.969644
 0.000311 1.381073 1.282860 2.663933 1.191088
 0.000311 1.379320 1.278081 2.657401 1.294040
 0.000312 1.378098 1.281846 2.659944 1.253447
 0.000312 1.377313 1.293902 2.671215 1.081343
 0.000313 1.376987 1.312743 2.689730 0.826202
 0.000313 1.377155 1.335881 2.713036 0.553767
 0.000314 1.377791 1.361583 2.739373 0.311280
 0.000314 1.378556 1.387536 2.766092 0.136159
 0.000315 1.379379 1.411816 2.791195 0.036670
 0.000315 1.380231 1.432947 2.813178 0.001300
 0.000316 1.381094 1.449436 2.830530 0.007509
 0.000316 1.382016 1.460263 2.842279 0.028808
 0.000317 1.383075 1.465313 2.848387 0.045335
 0.000317 1.384258 1.464299 2.848557 0.045847
 0.000318 1.385685 1.456912 2.842598 0.029578
 0.000318 1.387397 1.443617 2.831013 0.008112
 0.000319 1.389492 1.425011 2.814503 0.000712
 0.000319 1.391808 1.402263 2.794071 0.029293
 0.000320 1.394221 1.376633 2.770854 0.112444
 0.000320 1.396844 1.349982 2.746826 0.255252
 0.000321 1.399687 1.323917 2.723603 0.448145
 0.000321 1.402780 1.300931 2.703711 0.656255
 0.000322 1.405817 1.283286 2.689103 0.834281
 0.000322 1.408736 1.272475 2.681211 0.939341
 0.000323 1.411611 1.269522 2.681133 0.940414
 0.000323 1.414291 1.275138 2.689429 0.830072
 0.000324 1.416761 1.288554 2.705315 0.638011
 0.000324 1.418796 1.308676 2.727471 0.412273
 0.000325 1.420429 1.333644 2.754073 0.206101
 0.000325 1.421824 1.360920 2.782744 0.063125
 0.000326 1.422857 1.388039 2.810896 0.002723
 0.000326 1.423338 1.413241 2.836579 0.016751
 0.000327 1.423294 1.434843 2.858137 0.079447
 0.000327 1.422739 1.451872 2.874611 0.158682
 0.000328 1.421881 1.463634 2.885515 0.226057
 0.000328 1.420845 1.468862 2.889707 0.255121
 0.000329 1.419481 1.467650 2.887131 0.237054
 0.000329 1.418004 1.460116 2.878120 0.179064
 0.000330 1.416470 1.446616 2.863086 0.100398
 0.000330 1.414891 1.427733 2.842624 0.029642
 0.000331 1.413188 1.404519 2.817707 0.000016
 0.000331 1.411469 1.378578 2.790046 0.039846
 0.000332 1.409840 1.351203 2.761043 0.163782
 0.000332 1.408464 1.324516 2.732980 0.363768
 0.000333 1.407273 1.300791 2.708064 0.607334
 0.000333 1.406216 1.282168 2.688383 0.843601
 0.000334 1.405531 1.270493 2.676024 1.011780
 0.000334 1.405098 1.266811 2.671909 1.071163
 0.000335 1.405092 1.271272 2.676364 1.006954
 0.000335 1.405596 1.283360 2.688956 0.836186
 0.000336 1.406602 1.301938 2.708540 0.602097
 0.000336 1.407956 1.325486 2.733442 0.359842
 0.000337 1.409684 1.351642 2.761327 0.162161
 0.000337 1.411670 1.378245 2.789916 0.040215
 0.000338 1.413792 1.403356 2.817148 0.000064
 0.000338 1.415986 1.425380 2.841366 0.026658
 0.000339 1.418154 1.443323 2.861476 0.093314
 0.000339 1.420066 1.455758 2.875824 0.165592
 0.000340 1.421629 1.462608 2.884237 0.217544
 0.000340 1.422612 1.463129 2.885741 0.227578
 0.000341 1.422963 1.457411 2.880374 0.192807
 0.000341 1.422620 1.446033 2.868654 0.126897
 0.000342 1.421365 1.429253 2.850618 0.052299
 0.000342 1.419254 1.408076 2.827330 0.004099
 0.000343 1.416244 1.383598 2.799843 0.016989
 0.000343 1.412404 1.357726 2.770130 0.115901
 0.000344 1.407977 1.332534 2.740511 0.302368
 0.000344 1.403051 1.309783 2.712834 0.555898
 0.000345 1.397769 1.291420 2.689189 0.833169
 0.000345 1.392273 1.279431 2.671705 1.074158
 0.000346 1.386844 1.275001 2.661844 1.223540
 0.000346 1.381342 1.279215 2.660558 1.243754
 0.000347 1.376031 1.291411 2.667442 1.137545
 0.000347 1.371011 1.310185 2.681197 0.939536
 0.000348 1.366283 1.333475 2.699757 0.702335
 0.000348 1.361984 1.359083 2.721067 0.472480
 0.000349 1.358085 1.384938 2.743023 0.283150
 0.000349 1.354554 1.408988 2.763542 0.149788
 0.000350 1.351458 1.429854 2.781312 0.068315
 0.000350 1.348876 1.446133 2.795009 0.027067
 0.000351 1.346921 1.457079 2.804000 0.010190
 0.000351 1.345551 1.462161 2.807711 0.005581
 0.000352 1.344867 1.461178 2.806046 0.007479
 0.000352 1.344980 1.454153 2.799133 0.018323
 0.000353 1.346111 1.441123 2.787234 0.048181
 0.000353 1.348232 1.423060 2.771293 0.110370
 0.000354 1.351252 1.400801 2.752053 0.219276
 0.000354 1.355305 1.375100 2.730404 0.386070
 0.000355 1.360330 1.347903 2.708234 0.605466
 0.000355 1.366295 1.321128 2.687424 0.856115
 0.000356 1.373121 1.297107 2.670228 1.095908
 0.000356 1.380687 1.278462 2.659150 1.266058
 0.000357 1.388938 1.267001 2.655940 1.317648
 0.000357 1.397627 1.264314 2.661941 1.222033
 0.000358 1.406566 1.270612 2.677177 0.995439
 0.000358 1.415641 1.285327 2.700968 0.688058
 0.000359 1.424447 1.306694 2.731141 0.379623
 0.000359 1.432857 1.332426 2.765283 0.140413
 0.000360 1.440634 1.360339 2.800973 0.014970
 0.000360 1.447734 1.388154 2.835888 0.015510
 0.000361 1.453888 1.413916 2.867803 0.122648
 0.000361 1.458925 1.435908 2.894833 0.293047
 0.000362 1.462878 1.453118 2.915996 0.477464
 0.000362 1.465739 1.464511 2.930250 0.626909
 0.000363 1.467400 1.469439 2.936840 0.702867
 0.000363 1.467963 1.468127 2.936090 0.694014
 0.000364 1.467430 1.460200 2.927629 0.597909
 0.000364 1.466013 1.446250 2.912263 0.441680
 0.000365 1.463720 1.426515 2.890235 0.258907
 0.000365 1.460510 1.402066 2.862577 0.098128
 0.000366 1.456436 1.374161 2.830597 0.007590
 0.000366 1.451640 1.344980 2.796620 0.023448
 0.000367 1.446284 1.316737 2.763022 0.152651
 0.000367 1.440513 1.291466 2.731979 0.372358
 0.000368 1.434310 1.271364 2.705675 0.633953
 0.000368 1.427851 1.258831 2.686682 0.865853
 0.000369 1.421019 1.255390 2.676409 1.006310
 0.000369 1.413981 1.261759 2.675740 1.015823
 0.000370 1.406830 1.277299 2.684129 0.899769
 0.000370 1.399531 1.299788 2.699319 0.707538
 0.000371 1.392166 1.326817 2.718982 0.492960
 0.000371 1.384905 1.356544 2.741449 0.295116
 0.000372 1.377790 1.386355 2.764145 0.146509
 0.000372 1.370942 1.414349 2.785292 0.054398
 0.000373 1.364460 1.439034 2.803494 0.010925
 0.000373 1.358260 1.459518 2.817778 0.000012
 0.000374 1.352545 1.474612 2.827157 0.003943
 0.000374 1.347309 1.483550 2.830859 0.007916
 0.000375 1.342678 1.485839 2.828518 0.005245
 0.000375 1.338854 1.481598 2.820453 0.000237
 0.000376 1.335871 1.471258 2.807130 0.006212
 0.000376 1.333710 1.455119 2.788830 0.043353
 0.000377 1.332362 1.434061 2.766423 0.134434
 0.000377 1.331859 1.409258 2.741117 0.297675
 0.000378 1.332093 1.382470 2.714563 0.537817
 0.000378 1.333129 1.354926 2.688056 0.847867
 0.000379 1.334853 1.328827 2.663681 1.194983
 0.000379 1.337236 1.306573 2.643809 1.521938
 0.000380 1.340474 1.290378 2.630852 1.756385
 0.000380 1.344559 1.281719 2.626279 1.843148
 0.000381 1.349271 1.281576 2.630847 1.756472
 0.000381 1.354703 1.289543 2.644246 1.514312
 0.000382 1.360787 1.304290 2.665077 1.173491
 0.000382 1.367412 1.324536 2.691948 0.797933
 0.000383 1.374539 1.348357 2.722897 0.454859
 0.000383 1.382137 1.373258 2.755395 0.197700
 0.000384 1.389844 1.397511 2.787355 0.047806
 0.000384 1.397509 1.419062 2.816571 0.000145
 0.000385 1.405069 1.436577 2.841645 0.027307
 0.000385 1.412243 1.449003 2.861246 0.092322
 0.000386 1.418931 1.455197 2.874128 0.155974
 0.000386 1.424957 1.454655 2.879612 0.188106
 0.000387 1.430220 1.447620 2.877840 0.177394
 0.000387 1.434693 1.434495 2.869189 0.129606
 0.000388 1.438311 1.415799 2.854111 0.064206
 0.000388 1.441061 1.392685 2.833746 0.011966
 0.000389 1.442979 1.366500 2.809479 0.003869
 0.000389 1.444128 1.338887 2.783015 0.062167
 0.000390 1.444634 1.311670 2.756304 0.192023
 0.000390 1.444485 1.287577 2.732062 0.371640
 0.000391 1.443838 1.269060 2.712898 0.555223
 0.000391 1.442703 1.257939 2.700642 0.691881
 0.000392 1.441184 1.255476 2.696660 0.739526
 0.000392 1.439308 1.261805 2.701112 0.686366
 0.000393 1.437077 1.276482 2.713559 0.548280
 0.000393 1.434519 1.298237 2.732757 0.365677
 0.000394 1.431492 1.325478 2.756970 0.187920
 0.000394 1.428212 1.355525 2.783738 0.059645
 0.000395 1.424646 1.386114 2.810760 0.002824
 0.000395 1.420660 1.415134 2.835793 0.015343
 0.000396 1.416216 1.440569 2.856785 0.074147
 0.000396 1.411417 1.461397 2.872814 0.148722
 0.000397 1.406347 1.476219 2.882566 0.206659
 0.000397 1.400983 1.484632 2.885615 0.226730
 0.000398 1.395336 1.486408 2.881744 0.201408
 0.000398 1.389592 1.481462 2.871053 0.139272
 0.000399 1.383993 1.470186 2.854179 0.064452
 0.000399 1.378715 1.453418 2.832133 0.009600
 0.000400 1.374023 1.431636 2.805658 0.007960
 0.000400 1.369930 1.405767 2.775697 0.090649
 0.000401 1.366491 1.377763 2.744253 0.273966
 0.000401 1.363908 1.349064 2.712972 0.554443
 0.000402 1.362292 1.321762 2.684054 0.900777
 0.000402 1.361761 1.298279 2.660040 1.251928
 0.000403 1.362346 1.280304 2.642649 1.542235
 0.000403 1.363997 1.269689 2.633686 1.703668
 0.000404 1.366746 1.267931 2.634677 1.685436
 0.000404 1.370398 1.274868 2.645266 1.496618
 0.000405 1.374924 1.289367 2.664291 1.185567
 0.000405 1.380151 1.310007 2.690159 0.820703
 0.000406 1.386037 1.334976 2.721013 0.473000
 0.000406 1.392472 1.361910 2.754382 0.204123
 0.000407 1.399121 1.388682 2.787804 0.046428
 0.000407 1.405856 1.412991 2.818846 0.000016
 0.000408 1.412636 1.433445 2.846081 0.038656
 0.000408 1.419324 1.448651 2.867975 0.123501
 0.000409 1.425768 1.458109 2.883877 0.215177
 0.000409 1.431851 1.461437 2.893288 0.281339
 0.000410 1.437437 1.458659 2.896096 0.302802
 0.000410 1.442435 1.449388 2.891823 0.270459
 0.000411 1.446774 1.434027 2.880801 0.195468
 0.000411 1.450440 1.413612 2.864051 0.104770
 0.000412 1.453464 1.389328 2.842792 0.030051
 0.000412 1.455666 1.362251 2.817917 0.000006
 0.000413 1.456890 1.334562 2.791452 0.035975
 0.000413 1.457045 1.308043 2.765088 0.141446
 0.000414 1.456130 1.285346 2.741475 0.294917
 0.000414 1.454167 1.268823 2.722990 0.453969
 0.000415 1.451205 1.260029 2.711234 0.572900
 0.000415 1.447172 1.260497 2.707668 0.611702
 0.000416 1.442256 1.270282 2.712538 0.559022
 0.000416 1.436491 1.287812 2.724303 0.441543
 0.000417 1.429926 1.311371 2.741297 0.296289
 0.000417 1.422703 1.338597 2.761300 0.162311
 0.000418 1.415016 1.367168 2.782185 0.065129
 0.000418 1.407013 1.395146 2.802159 0.012987
 0.000419 1.398742 1.420571 2.819313 0.000054
 0.000419 1.390362 1.442000 2.832362 0.009921
 0.000420 1.382041 1.458525 2.840566 0.024842
 0.000420 1.373933 1.469324 2.843257 0.031203
 0.000421 1.366149 1.473953 2.840101 0.023818
 0.000421 1.358669 1.472389 2.831058 0.008169
 0.000422 1.351765 1.464710 2.816475 0.000162
 0.000422 1.345698 1.451308 2.797006 0.022620
 0.000423 1.340561 1.432806 2.773366 0.100843
 0.000423 1.336399 1.410536 2.746935 0.254475
 0.000424 1.333243 1.385517 2.718759 0.495178
 0.000424 1.331061 1.359366 2.690428 0.817260
 0.000425 1.330148 1.334079 2.664226 1.186562
 0.000425 1.330479 1.311273 2.641751 1.558048
 0.000426 1.332064 1.293748 2.625813 1.852104
 0.000426 1.335046 1.283260 2.618306 1.999406
 0.000427 1.339495 1.280461 2.619956 1.966548
 0.000427 1.345114 1.285394 2.630508 1.762842
 0.000428 1.351822 1.297704 2.649526 1.423827
 0.000428 1.359437 1.315788 2.675224 1.023185
 0.000429 1.367804 1.338117 2.705921 0.631184
 0.000429 1.376559 1.362676 2.739235 0.312369
 0.000430 1.385444 1.387359 2.772803 0.103389
 0.000430 1.394107 1.410387 2.804494 0.009497
 0.000431 1.402396 1.430278 2.832674 0.010365
 0.000431 1.410039 1.445723 2.855763 0.070263
 0.000432 1.416762 1.456253 2.873016 0.149822
 0.000432 1.422302 1.461087 2.883389 0.211984
 0.000433 1.426485 1.460014 2.886498 0.232716
 0.000433 1.429266 1.452880 2.882146 0.203970
 0.000434 1.430528 1.439838 2.870366 0.135670
 0.000434 1.430269 1.421831 2.852100 0.057203
 0.000435 1.428718 1.399305 2.828023 0.004750
 0.000435 1.425933 1.373691 2.799625 0.017394
 0.000436 1.422163 1.346371 2.768534 0.123713
 0.000436 1.417508 1.319863 2.737371 0.327283
 0.000437 1.412039 1.296450 2.708489 0.602658
 0.000437 1.406159 1.278243 2.684402 0.896111
 0.000438 1.399911 1.267232 2.667143 1.142052
 0.000438 1.393368 1.264844 2.658212 1.281025
 0.000439 1.386719 1.271438 2.658157 1.281904
 0.000439 1.379940 1.285829 2.665769 1.162922
 0.000440 1.373322 1.306975 2.680297 0.951909
 0.000440 1.366821 1.332690 2.699511 0.705250
 0.000441 1.360601 1.361251 2.721852 0.464877
 0.000441 1.354830 1.390312 2.745142 0.267425
 0.000442 1.349530 1.417510 2.767040 0.131257
 0.000442 1.344902 1.441386 2.786288 0.051162
 0.000443 1.341234 1.460800 2.802034 0.013189
 0.000443 1.338464 1.474852 2.813316 0.001230
 0.000444 1.336740 1.482851 2.819591 0.000086
 0.000444 1.336153 1.484575 2.820728 0.000301
 0.000445 1.336803 1.479860 2.816662 0.000130
 0.000445 1.338804 1.468795 2.807600 0.005699
 0.000446 1.342170 1.451990 2.794160 0.029079
 0.000446 1.346919 1.430280 2.777199 0.084363
 0.000447 1.352983 1.404945 2.757928 0.182093
 0.000447 1.360285 1.376889 2.737174 0.328880
 0.000448 1.368733 1.348017 2.716750 0.515370
 0.000448 1.378271 1.320218 2.698489 0.717443
 0.000449 1.388679 1.295709 2.684387 0.896307
 0.000449 1.399845 1.276423 2.676268 1.008308
 0.000450 1.411496 1.263899 2.675395 1.020751
 0.000450 1.423443 1.259892 2.683335 0.910446
 0.000451 1.435680 1.264743 2.700423 0.694468
 0.000451 1.448075 1.277727 2.725802 0.427571
 0.000452 1.460302 1.297361 2.757663 0.183694
 0.000452 1.472278 1.321456 2.793734 0.030115
 0.000453 1.483806 1.347575 2.831381 0.008587
 0.000453 1.494809 1.373463 2.868272 0.124980
 0.000454 1.505063 1.397036 2.902098 0.351310
 0.000454 1.514675 1.416989 2.931664 0.642844
 0.000455 1.523417 1.431809 2.955226 0.937763
 0.000455 1.531137 1.440737 2.971874 1.179623
 0.000456 1.537738 1.442914 2.980652 1.318307
 0.000456 1.543046 1.438318 2.981363 1.329878
 0.000457 1.546999 1.427045 2.974044 1.213186
 0.000457 1.549518 1.409619 2.959137 0.992091
 0.000458 1.550653 1.387241 2.937894 0.715426
 0.000458 1.550400 1.361056 2.911457 0.434132
 0.000459 1.548820 1.332911 2.881732 0.201331
 0.000459 1.545934 1.305098 2.851032 0.053649
 0.000460 1.541829 1.280230 2.822059 0.000715
 0.000460 1.536476 1.260694 2.797170 0.022273
 0.000461 1.529857 1.248858 2.778715 0.078254
 0.000461 1.521965 1.245813 2.767778 0.127504
 0.000462 1.512903 1.252320 2.765223 0.140733
 0.000462 1.502864 1.267632 2.770495 0.114149
 0.000463 1.491820 1.289626 2.781446 0.067823
 0.000463 1.479978 1.316632 2.796609 0.023472
 0.000464 1.467390 1.345899 2.813288 0.001244
 0.000464 1.454084 1.375355 2.829439 0.006231
 0.000465 1.440212 1.402777 2.842989 0.030538
 0.000465 1.425866 1.426146 2.852013 0.056909
 0.000466 1.411120 1.444450 2.855570 0.069541
 0.000466 1.396218 1.457127 2.853345 0.061491
 0.000467 1.381443 1.463446 2.844888 0.035412
 0.000467 1.366913 1.463401 2.830314 0.007246
 0.000468 1.352849 1.457305 2.810153 0.003299
 0.000468 1.339513 1.445401 2.784914 0.055652
 0.000469 1.327095 1.428908 2.756004 0.193892
 0.000469 1.315919 1.408437 2.724357 0.441039
 0.000470 1.306303 1.385143 2.691446 0.804287
 0.000470 1.298442 1.360713 2.659155 1.265972
 0.000471 1.292574 1.336769 2.629343 1.784779
 0.000471 1.289110 1.315428 2.604538 2.284195
 0.000472 1.287965 1.298551 2.586516 2.685626
 0.000472 1.289296 1.287750 2.577047 2.909579
 0.000473 1.293120 1.283555 2.576675 2.918550
 0.000473 1.299444 1.286303 2.585747 2.703476
 0.000474 1.308057 1.295999 2.604056 2.294514
 0.000474 1.318549 1.311320 2.629868 1.774868
 0.000475 1.330629 1.330677 2.661306 1.231981
 0.000475 1.343989 1.352339 2.696328 0.743565
 0.000476 1.358162 1.374763 2.732924 0.364243
 0.000476 1.372975 1.395738 2.768713 0.122824
 0.000477 1.388121 1.413743 2.801864 0.013467
 0.000477 1.403250 1.427652 2.830902 0.007971
 0.000478 1.418075 1.436461 2.854537 0.065742
 0.000478 1.432319 1.439701 2.872021 0.144424
 0.000479 1.445679 1.436959 2.882637 0.207120
 0.000479 1.458018 1.428171 2.886189 0.230612
 0.000480 1.469093 1.413533 2.882626 0.207046
 0.000480 1.478808 1.394248 2.873056 0.150046
 0.000481 1.487100 1.371302 2.858401 0.080503
 0.000481 1.494086 1.345811 2.839897 0.023373
 0.000482 1.499728 1.319677 2.819405 0.000064
 0.000482 1.504052 1.295386 2.799439 0.017742
 0.000483 1.507091 1.274954 2.782045 0.065633
 0.000483 1.508842 1.260178 2.769020 0.121309
 0.000484 1.509340 1.253150 2.762490 0.155601
 0.000484 1.508791 1.254854 2.763645 0.149225
 0.000485 1.507262 1.265085 2.772347 0.105473
 0.000485 1.504872 1.282566 2.787438 0.047550
 0.000486 1.501561 1.305236 2.806797 0.006589
 0.000486 1.497364 1.330742 2.828106 0.004831
 0.000487 1.492296 1.357078 2.849374 0.048354
 0.000487 1.486353 1.382284 2.868637 0.126813
 0.000488 1.479652 1.404430 2.884082 0.216522
 0.000488 1.472167 1.422100 2.894267 0.288730
 0.000489 1.463978 1.434332 2.898310 0.320273
 0.000489 1.455303 1.440611 2.895914 0.301385
 0.000490 1.446185 1.440928 2.887113 0.236928
 0.000490 1.436840 1.435535 2.872375 0.146336
 0.000491 1.427471 1.424601 2.852073 0.057111
 0.000491 1.418307 1.409170 2.827477 0.004233
 0.000492 1.409425 1.390185 2.799610 0.017420
 0.000492 1.401051 1.368926 2.769977 0.116640
 0.000493 1.393403 1.346598 2.740001 0.306349
 0.000493 1.386644 1.324702 2.711346 0.571696
 0.000494 1.380816 1.305176 2.685993 0.874941
 0.000494 1.375958 1.290248 2.666205 1.156270
 0.000495 1.372279 1.281320 2.653598 1.355935
 0.000495 1.369655 1.279511 2.649167 1.429895
 0.000496 1.368197 1.285057 2.653254 1.361604
 0.000496 1.367938 1.297184 2.665122 1.172802
 0.000497 1.368816 1.315217 2.684033 0.901062
 0.000497 1.370701 1.337012 2.707713 0.611212
 0.000498 1.373410 1.360531 2.733941 0.355618
 0.000498 1.376978 1.383891 2.760869 0.164776
 0.000499 1.381237 1.405443 2.786680 0.049914
 0.000499 1.385977 1.423709 2.809686 0.003689
 0.000500 1.391111 1.437877 2.828988 0.005737
