#! FIELDS time dAB dAC rc bias
 0.000000 2.454503 3.128399 5.582902 3.007118
 0.000000 2.437696 3.124986 5.562682 2.592998
 0.000001 2.418064 3.121634 5.539698 2.159524
 0.000001 2.397040 3.118320 5.515361 1.743720
 0.000002 2.375818 3.114992 5.490810 1.369269
 0.000002 2.355192 3.111671 5.466863 1.047582
 0.000003 2.336283 3.108322 5.444604 0.787133
 0.000003 2.320317 3.104985 5.425302 0.591366
 0.000004 2.307524 3.101821 5.409345 0.450630
 0.000004 2.298182 3.098809 5.396991 0.354779
 0.000005 2.292884 3.095912 5.388796 0.297518
 0.000005 2.291839 3.093087 5.384926 0.272227
 0.000006 2.295115 3.090262 5.385377 0.275117
 0.000006 2.302154 3.087432 5.389586 0.302819
 0.000007 2.312223 3.084767 5.396991 0.354779
 0.000007 2.324434 3.082193 5.406627 0.428555
 0.000008 2.337961 3.079670 5.417631 0.521327
 0.000008 2.351826 3.077231 5.429057 0.627265
 0.000009 2.364507 3.074794 5.439301 0.730563
 0.000009 2.374600 3.072407 5.447006 0.813452
 0.000010 2.381486 3.070052 5.451538 0.864276
 0.000010 2.383725 3.067781 5.451506 0.863913
 0.000011 2.381271 3.065570 5.446841 0.811627
 0.000011 2.374138 3.063337 5.437474 0.711568
 0.000012 2.362877 3.061143 5.424020 0.579356
 0.000012 2.348392 3.059000 5.407392 0.434717
 0.000013 2.331463 3.056862 5.388326 0.294384
 0.000013 2.313943 3.054760 5.368703 0.178429
 0.000014 2.296887 3.052795 5.349682 0.093590
 0.000014 2.281107 3.050763 5.331870 0.038751
 0.000015 2.267700 3.048672 5.316372 0.010393
 0.000015 2.257447 3.046467 5.303914 0.000658
 0.000016 2.250805 3.044327 5.295132 0.000791
 0.000016 2.248249 3.042322 5.290571 0.003142
 0.000017 2.250038 3.040321 5.290360 0.003288
 0.000017 2.256403 3.038255 5.294657 0.000963
 0.000018 2.266762 3.036113 5.302875 0.000372
 0.000018 2.280686 3.034108 5.314794 0.008517
 0.000019 2.297049 3.032171 5.329220 0.032626
 0.000019 2.315286 3.030315 5.345602 0.078928
 0.000020 2.334001 3.028609 5.362609 0.148296
 0.000020 2.351324 3.027083 5.378407 0.232161
 0.000021 2.366129 3.025723 5.391852 0.318285
 0.000021 2.377434 3.024532 5.401966 0.392003
 0.000022 2.384132 3.023418 5.407549 0.435986
 0.000022 2.386011 3.022565 5.408576 0.444330
 0.000023 2.383228 3.022011 5.405239 0.417503
 0.000023 2.376374 3.021657 5.398030 0.362405
 0.000024 2.366979 3.021501 5.388480 0.295412
 0.000024 2.356128 3.021715 5.377844 0.228850
 0.000025 2.345254 3.022176 5.367430 0.171905
 0.000025 2.335876 3.022822 5.358698 0.130420
 0.000026 2.328658 3.023715 5.352372 0.103944
 0.000026 2.324556 3.024753 5.349309 0.092200
 0.000027 2.324189 3.025859 5.350048 0.094967
 0.000027 2.327596 3.027119 5.354715 0.113398
 0.000028 2.335210 3.028540 5.363751 0.153728
 0.000028 2.346482 3.030042 5.376525 0.221188
 0.000029 2.361208 3.031574 5.392782 0.324741
 0.000029 2.379334 3.033237 5.412572 0.477549
 0.000030 2.400012 3.035058 5.435070 0.686945
 0.000030 2.422130 3.036832 5.458962 0.950881
 0.000031 2.444949 3.038641 5.483590 1.267750
 0.000031 2.467542 3.040532 5.508073 1.627854
 0.000032 2.489316 3.042443 5.531759 2.019008
 0.000032 2.509316 3.044184 5.553500 2.415081
 0.000033 2.526189 3.045866 5.572055 2.781153
 0.000033 2.539272 3.047397 5.586670 3.087662
 0.000034 2.548327 3.048946 5.597273 3.320068
 0.000034 2.553185 3.050318 5.603503 3.460563
 0.000035 2.554330 3.051524 5.605854 3.514325
 0.000035 2.552328 3.052613 5.604942 3.493414
 0.000036 2.547524 3.053589 5.601113 3.406321
 0.000036 2.540407 3.054272 5.594679 3.262436
 0.000037 2.532047 3.054615 5.586662 3.087509
 0.000037 2.523528 3.054575 5.578103 2.906053
 0.000038 2.514966 3.054199 5.569165 2.722429
 0.000038 2.507054 3.053676 5.560730 2.554649
 0.000039 2.499672 3.052854 5.552527 2.396597
 0.000039 2.493328 3.051593 5.544921 2.254553
 0.000040 2.488693 3.050026 5.538719 2.141941
 0.000040 2.485884 3.048109 5.533994 2.058087
 0.000041 2.484157 3.045887 5.530044 1.989273
 0.000041 2.483200 3.043485 5.526685 1.931671
 0.000042 2.483125 3.040856 5.523982 1.885927
 0.000042 2.483647 3.037975 5.521622 1.846451
 0.000043 2.484379 3.034898 5.519277 1.807634
 0.000043 2.484670 3.031587 5.516257 1.758241
 0.000044 2.484158 3.028045 5.512202 1.693010
 0.000044 2.482148 3.024258 5.506406 1.601896
 0.000045 2.477723 3.020394 5.498117 1.475990
 0.000045 2.470287 3.016526 5.486813 1.312583
 0.000046 2.459103 3.012703 5.471805 1.110448
 0.000046 2.444887 3.008938 5.453825 0.890515
 0.000047 2.427980 3.005323 5.433303 0.669120
 0.000047 2.408722 3.001796 5.410518 0.460324
 0.000048 2.387656 2.998434 5.386090 0.279716
 0.000048 2.366080 2.995032 5.361112 0.141319
 0.000049 2.345179 2.991557 5.336736 0.051370
 0.000049 2.325091 2.988093 5.313184 0.006794
 0.000050 2.306886 2.984715 5.291601 0.002475
 0.000050 2.291721 2.981465 5.273185 0.026411
 0.000051 2.279762 2.978364 5.258126 0.064891
 0.000051 2.271655 2.975448 5.247103 0.103837
 0.000052 2.267684 2.972761 5.240445 0.131774
 0.000052 2.267514 2.970249 5.237763 0.143970
 0.000053 2.270506 2.968015 5.238521 0.140468
 0.000053 2.276359 2.966071 5.242430 0.123098
 0.000054 2.284832 2.964435 5.249267 0.095472
 0.000054 2.295400 2.963125 5.258525 0.063651
 0.000055 2.307212 2.962187 5.269399 0.034487
 0.000055 2.318524 2.961571 5.280095 0.014449
 0.000056 2.328070 2.961277 5.289347 0.004038
 0.000056 2.334704 2.961393 5.296097 0.000493
 0.000057 2.338036 2.961861 5.299897 0.000001
 0.000057 2.337759 2.962587 5.300347 0.000015
 0.000058 2.334331 2.963763 5.298094 0.000100
 0.000058 2.328713 2.965339 5.294052 0.001206
 0.000059 2.321930 2.967232 5.289162 0.004184
 0.000059 2.314331 2.969565 5.283896 0.009395
 0.000060 2.307504 2.972173 5.279677 0.015071
 0.000060 2.302517 2.975003 5.277520 0.018488
 0.000061 2.299761 2.978128 5.277890 0.017878
 0.000061 2.300104 2.981596 5.281700 0.012182
 0.000062 2.304040 2.985293 5.289333 0.004049
 0.000062 2.311436 2.989171 5.300606 0.000029
 0.000063 2.321879 2.993298 5.315177 0.008954
 0.000063 2.335250 2.997608 5.332858 0.041168
 0.000064 2.351572 3.002143 5.353714 0.109310
 0.000064 2.370140 3.006822 5.376963 0.223716
 0.000065 2.390335 3.011594 5.401929 0.391722
 0.000065 2.411741 3.016584 5.428325 0.620182
 0.000066 2.433337 3.021667 5.455005 0.904201
 0.000066 2.453834 3.026757 5.480591 1.226732
 0.000067 2.472949 3.031635 5.504584 1.573790
 0.000067 2.490029 3.036554 5.526583 1.929932
 0.000068 2.504439 3.041503 5.545942 2.273371
 0.000068 2.515560 3.046329 5.561889 2.577391
 0.000069 2.523181 3.050998 5.574179 2.824696
 0.000069 2.527539 3.055528 5.583067 3.010618
 0.000070 2.528530 3.059899 5.588429 3.125652
 0.000070 2.526346 3.064108 5.590455 3.169661
 0.000071 2.522045 3.068109 5.590154 3.163106
 0.000071 2.515779 3.071953 5.587732 3.110580
 0.000072 2.508984 3.075593 5.584578 3.042806
 0.000072 2.501544 3.078980 5.580524 2.956830
 0.000073 2.493485 3.082243 5.575727 2.856668
 0.000073 2.485548 3.085383 5.570931 2.758240
 0.000074 2.477989 3.088355 5.566345 2.665744
 0.000074 2.471042 3.091063 5.562104 2.581628
 0.000075 2.464743 3.093616 5.558359 2.508453
 0.000075 2.459229 3.096030 5.555259 2.448678
 0.000076 2.454421 3.098156 5.552577 2.397544
 0.000076 2.450408 3.100151 5.550559 2.359428
 0.000077 2.446953 3.102020 5.548973 2.329683
 0.000077 2.444584 3.103655 5.548239 2.315982
 0.000078 2.442491 3.105174 5.547665 2.305294
 0.000078 2.440192 3.106530 5.546722 2.287797
 0.000079 2.436614 3.107919 5.544533 2.247432
 0.000079 2.431151 3.109312 5.540463 2.173324
 0.000080 2.423047 3.110662 5.533709 2.053084
 0.000080 2.411823 3.112062 5.523884 1.884291
 0.000081 2.397337 3.113585 5.510921 1.672659
 0.000081 2.379590 3.115223 5.494812 1.427225
 0.000082 2.358918 3.117058 5.475975 1.164920
 0.000082 2.335971 3.118993 5.454964 0.903734
 0.000083 2.311266 3.121149 5.432416 0.660266
 0.000083 2.285902 3.123451 5.409353 0.450696
 0.000084 2.261131 3.125957 5.387088 0.286216
 0.000084 2.237938 3.128711 5.366649 0.167960
 0.000085 2.216873 3.131627 5.348500 0.089216
 0.000085 2.198551 3.134722 5.333273 0.042208
 0.000086 2.183602 3.137994 5.321596 0.017939
 0.000086 2.171862 3.141435 5.313296 0.006907
 0.000087 2.163459 3.145198 5.308657 0.002992
 0.000087 2.158671 3.149271 5.307942 0.002532
 0.000088 2.157172 3.153655 5.310827 0.004622
 0.000088 2.159099 3.158291 5.317390 0.011703
 0.000089 2.163650 3.163108 5.326759 0.027407
 0.000089 2.170391 3.168042 5.338433 0.056189
 0.000090 2.178222 3.173112 5.351334 0.099884
 0.000090 2.186075 3.178461 5.364536 0.157520
 0.000091 2.193080 3.183992 5.377072 0.224352
 0.000091 2.198424 3.189661 5.388085 0.292787
 0.000092 2.201027 3.195547 5.396574 0.351745
 0.000092 2.200887 3.201774 5.402661 0.397347
 0.000093 2.197596 3.208154 5.405750 0.421553
 0.000093 2.191236 3.214616 5.405852 0.422365
 0.000094 2.182082 3.221135 5.403217 0.401656
 0.000094 2.171199 3.227736 5.398935 0.369108
 0.000095 2.159267 3.234278 5.393545 0.330091
 0.000095 2.148091 3.240876 5.388967 0.298663
 0.000096 2.137962 3.247431 5.385393 0.275218
 0.000096 2.129536 3.254008 5.383544 0.263469
 0.000097 2.123403 3.260521 5.383924 0.265862
 0.000097 2.120262 3.266797 5.387060 0.286032
 0.000098 2.120231 3.272866 5.393097 0.326944
 0.000098 2.123572 3.278770 5.402342 0.394890
 0.000099 2.130430 3.284494 5.414925 0.497668
 0.000099 2.140194 3.289903 5.430096 0.637384
 0.000100 2.152674 3.295056 5.447729 0.821458
 0.000100 2.167381 3.299884 5.467265 1.052617
 0.000101 2.183503 3.304519 5.488022 1.329609
 0.000101 2.199846 3.309015 5.508862 1.640192
 0.000102 2.215361 3.313225 5.528587 1.964176
 0.000102 2.229208 3.317110 5.546318 2.280318
 0.000103 2.240717 3.320772 5.561488 2.569514
 0.000103 2.249418 3.324157 5.573575 2.812286
 0.000104 2.254246 3.327232 5.581478 2.976949
 0.000104 2.255424 3.330013 5.585437 3.061185
 0.000105 2.253149 3.332518 5.585668 3.066143
 0.000105 2.247739 3.334732 5.582470 2.997955
 0.000106 2.239789 3.336668 5.576458 2.871805
 0.000106 2.230179 3.338317 5.568496 2.708930
 0.000107 2.219423 3.339780 5.559203 2.524846
 0.000107 2.208360 3.341102 5.549462 2.338843
 0.000108 2.198133 3.342239 5.540372 2.171684
 0.000108 2.189351 3.343131 5.532482 2.031617
 0.000109 2.182535 3.343849 5.526385 1.926563
 0.000109 2.177853 3.344499 5.522353 1.858627
 0.000110 2.175601 3.345054 5.520656 1.830402
 0.000110 2.176206 3.345433 5.521639 1.846728
 0.000111 2.179698 3.345714 5.525412 1.910058
 0.000111 2.185736 3.345868 5.531604 2.016307
 0.000112 2.194175 3.345887 5.540062 2.166088
 0.000112 2.204498 3.345805 5.550303 2.354607
 0.000113 2.215965 3.345692 5.561657 2.572832
 0.000113 2.228415 3.345484 5.573898 2.818931
 0.000114 2.241432 3.345190 5.586621 3.086622
 0.000114 2.254274 3.344906 5.599179 3.362755
 0.000115 2.266122 3.344661 5.610783 3.628406
 0.000115 2.276040 3.344456 5.620495 3.858527
 0.000116 2.283362 3.344356 5.627718 4.034250
 0.000116 2.287786 3.344248 5.632034 4.141109
 0.000117 2.289330 3.344119 5.633449 4.176451
 0.000117 2.287715 3.343988 5.631703 4.132868
 0.000118 2.283044 3.343978 5.627022 4.017148
 0.000118 2.275916 3.343961 5.619877 3.843660
 0.000119 2.266681 3.343916 5.610597 3.624065
 0.000119 2.256128 3.343867 5.599996 3.381109
 0.000120 2.245060 3.343876 5.588936 3.136631
 0.000120 2.234444 3.343932 5.578376 2.911759
 0.000121 2.224127 3.344071 5.568198 2.702923
 0.000121 2.214763 3.344248 5.559012 2.521131
 0.000122 2.207184 3.344452 5.551636 2.379733
 0.000122 2.201736 3.344709 5.546445 2.282669
 0.000123 2.198860 3.345109 5.543970 2.237097
 0.000123 2.198522 3.345686 5.544207 2.241449
 0.000124 2.200840 3.346384 5.547225 2.297118
 0.000124 2.205572 3.347057 5.552629 2.398530
 0.000125 2.212866 3.347913 5.560779 2.555614
 0.000125 2.222306 3.348925 5.571231 2.764357
 0.000126 2.233213 3.349993 5.583206 3.013579
 0.000126 2.244799 3.351070 5.595869 3.288824
 0.000127 2.256059 3.352216 5.608275 3.570126
 0.000127 2.266418 3.353483 5.619902 3.844262
 0.000128 2.275134 3.354878 5.630011 4.090858
 0.000128 2.281512 3.356379 5.637891 4.288372
 0.000129 2.285021 3.357849 5.642870 4.415594
 0.000129 2.285118 3.359283 5.644401 4.455085
 0.000130 2.281470 3.360549 5.642019 4.393723
 0.000130 2.274669 3.361803 5.636472 4.252473
 0.000131 2.264944 3.363088 5.628032 4.041971
 0.000131 2.253228 3.364344 5.617572 3.788521
 0.000132 2.239858 3.365508 5.605366 3.503136
 0.000132 2.225366 3.366764 5.592130 3.206294
 0.000133 2.210881 3.368097 5.578978 2.924357
 0.000133 2.196606 3.369388 5.565994 2.658734
 0.000134 2.183852 3.370635 5.554487 2.433897
 0.000134 2.173171 3.371771 5.544943 2.254955
 0.000135 2.164519 3.372814 5.537333 2.117176
 0.000135 2.158477 3.373695 5.532172 2.026203
 0.000136 2.155398 3.374497 5.529895 1.986696
 0.000136 2.155147 3.375222 5.530369 1.994894
 0.000137 2.157551 3.375873 5.533424 2.048088
 0.000137 2.162113 3.376334 5.538446 2.137058
 0.000138 2.168402 3.376632 5.545034 2.256629
 0.000138 2.175904 3.376761 5.552665 2.399207
 0.000139 2.183692 3.376852 5.560544 2.551009
 0.000139 2.191290 3.376921 5.568211 2.703197
 0.000140 2.197892 3.376820 5.574712 2.835685
 0.000140 2.202088 3.376746 5.578834 2.921332
 0.000141 2.203102 3.376692 5.579794 2.941470
 0.000141 2.200414 3.376696 5.577110 2.885352
 0.000142 2.194069 3.376800 5.570869 2.756973
 0.000142 2.184113 3.376971 5.561083 2.561571
 0.000143 2.171097 3.377267 5.548365 2.318327
 0.000143 2.155933 3.377554 5.533488 2.049203
 0.000144 2.139570 3.377837 5.517407 1.776965
 0.000144 2.122652 3.378137 5.500789 1.516019
 0.000145 2.106280 3.378371 5.484651 1.282426
 0.000145 2.091242 3.378754 5.469996 1.087223
 0.000146 2.078095 3.379121 5.457216 0.930137
 0.000146 2.067128 3.379520 5.446648 0.809500
 0.000147 2.058944 3.380072 5.439016 0.727586
 0.000147 2.054149 3.380856 5.435005 0.686289
 0.000148 2.052563 3.381828 5.434391 0.680068
 0.000148 2.054111 3.382896 5.437007 0.706743
 0.000149 2.058522 3.383967 5.442489 0.764319
 0.000149 2.065723 3.385162 5.450885 0.856855
 0.000150 2.075280 3.386578 5.461858 0.985774
 0.000150 2.086360 3.388150 5.474509 1.145617
 0.000151 2.098225 3.389833 5.488058 1.330113
 0.000151 2.110301 3.391715 5.502016 1.534573
 0.000152 2.121443 3.393691 5.515135 1.740064
 0.000152 2.131028 3.395673 5.526701 1.931945
 0.000153 2.138189 3.397707 5.535896 2.091639
 0.000153 2.142089 3.399848 5.541938 2.200025
 0.000154 2.142630 3.402036 5.544666 2.249875
 0.000154 2.140275 3.404239 5.544514 2.247085
 0.000155 2.135278 3.406357 5.541634 2.194521
 0.000155 2.128735 3.408411 5.537146 2.113841
 0.000156 2.121587 3.410385 5.531972 2.022719
 0.000156 2.114811 3.412250 5.527061 1.938076
 0.000157 2.108863 3.413877 5.522740 1.865103
 0.000157 2.103970 3.415451 5.519422 1.810015
 0.000158 2.100615 3.416856 5.517471 1.778011
 0.000158 2.099458 3.418000 5.517458 1.777796
 0.000159 2.100384 3.418891 5.519275 1.807598
 0.000159 2.103375 3.419506 5.522881 1.867460
 0.000160 2.108716 3.419911 5.528627 1.964864
 0.000160 2.116445 3.420081 5.536527 2.102827
 0.000161 2.125860 3.419907 5.545767 2.270141
 0.000161 2.136278 3.419498 5.555776 2.458590
 0.000162 2.147310 3.418598 5.565908 2.657024
 0.000162 2.158495 3.417315 5.575809 2.858367
 0.000163 2.169489 3.415713 5.585202 3.056165
 0.000163 2.179379 3.413818 5.593197 3.229730
 0.000164 2.187735 3.411535 5.599270 3.364780
 0.000164 2.193551 3.408999 5.602550 3.438872
 0.000165 2.196737 3.406194 5.602931 3.447534
 0.000165 2.196771 3.403144 5.599915 3.379296
 0.000166 2.193676 3.399836 5.593512 3.236665
 0.000166 2.187266 3.396273 5.583538 3.020644
 0.000167 2.178142 3.392460 5.570601 2.751543
 0.000167 2.166899 3.388378 5.555277 2.449018
 0.000168 2.154653 3.384052 5.538706 2.141707
 0.000168 2.141790 3.379552 5.521342 1.841793
 0.000169 2.129160 3.374873 5.504033 1.565327
 0.000169 2.117800 3.369999 5.487799 1.326457
 0.000170 2.107858 3.364977 5.472835 1.123772
 0.000170 2.099751 3.359779 5.459529 0.957664
 0.000171 2.094242 3.354431 5.448672 0.831956
 0.000171 2.091532 3.348991 5.440523 0.743415
 0.000172 2.091404 3.343545 5.434949 0.685713
 0.000172 2.093675 3.338136 5.431810 0.654253
 0.000173 2.097712 3.332664 5.430377 0.640130
 0.000173 2.103968 3.327139 5.431107 0.647305
 0.000174 2.111601 3.321710 5.433312 0.669211
 0.000174 2.120548 3.316391 5.436939 0.706050
 0.000175 2.130056 3.311242 5.441298 0.751623
 0.000175 2.139214 3.306283 5.445497 0.796859
 0.000176 2.147558 3.301455 5.449012 0.835762
 0.000176 2.154309 3.296872 5.451180 0.860213
 0.000177 2.159453 3.292501 5.451954 0.869028
 0.000177 2.162283 3.288266 5.450549 0.853057
 0.000178 2.162617 3.284254 5.446871 0.811960
 0.000178 2.160858 3.280479 5.441337 0.752035
 0.000179 2.157181 3.276936 5.434117 0.677300
 0.000179 2.152532 3.273585 5.426117 0.599068
 0.000180 2.147420 3.270412 5.417832 0.523107
 0.000180 2.142421 3.267364 5.409785 0.454254
 0.000181 2.138129 3.264444 5.402573 0.396669
 0.000181 2.135119 3.261613 5.396732 0.352893
 0.000182 2.133995 3.258808 5.392803 0.324889
 0.000182 2.134761 3.256077 5.390838 0.311315
 0.000183 2.137708 3.253430 5.391138 0.313368
 0.000183 2.142891 3.250950 5.393841 0.332171
 0.000184 2.150547 3.248616 5.399163 0.370807
 0.000184 2.160332 3.246455 5.406787 0.429841
 0.000185 2.172115 3.244467 5.416582 0.512093
 0.000185 2.185712 3.242672 5.428384 0.620751
 0.000186 2.200495 3.240996 5.441490 0.753660
 0.000186 2.215997 3.239501 5.455499 0.909963
 0.000187 2.231652 3.238184 5.469836 1.085182
 0.000187 2.246406 3.237052 5.483458 1.265928
 0.000188 2.259911 3.236004 5.495916 1.443418
 0.000188 2.271975 3.235011 5.506986 1.610909
 0.000189 2.282117 3.234161 5.516278 1.758579
 0.000189 2.289721 3.233301 5.523022 1.869823
 0.000190 2.294727 3.232379 5.527106 1.938842
 0.000190 2.296973 3.231500 5.528473 1.962230
 0.000191 2.296754 3.230630 5.527384 1.943584
 0.000191 2.294365 3.229742 5.524108 1.888048
 0.000192 2.290122 3.228912 5.519034 1.803624
 0.000192 2.284762 3.228143 5.512905 1.704221
 0.000193 2.278703 3.227220 5.505923 1.594423
 0.000193 2.272399 3.226263 5.498662 1.484105
 0.000194 2.266586 3.225430 5.492017 1.386616
 0.000194 2.261374 3.224590 5.485963 1.300688
 0.000195 2.257183 3.223702 5.480884 1.230713
 0.000195 2.253792 3.222943 5.476734 1.174975
 0.000196 2.251495 3.222313 5.473809 1.136452
 0.000196 2.250371 3.221678 5.472050 1.113602
 0.000197 2.250286 3.221120 5.471406 1.105299
 0.000197 2.251195 3.220436 5.471631 1.108202
 0.000198 2.252821 3.219662 5.472483 1.119215
 0.000198 2.254706 3.218924 5.473629 1.134111
 0.000199 2.256476 3.218272 5.474748 1.148747
 0.000199 2.257924 3.217685 5.475609 1.160082
 0.000200 2.258512 3.217238 5.475750 1.161942
 0.000200 2.257739 3.216784 5.474524 1.145807
 0.000201 2.254941 3.216513 5.471454 1.105915
 0.000201 2.250118 3.216268 5.466386 1.041604
 0.000202 2.243451 3.215996 5.459447 0.956682
 0.000202 2.234688 3.215929 5.450618 0.853832
 0.000203 2.224447 3.215922 5.440369 0.741791
 0.000203 2.213034 3.215936 5.428970 0.626415
 0.000204 2.201346 3.216021 5.417367 0.518991
 0.000204 2.190174 3.216295 5.406469 0.427294
 0.000205 2.180095 3.216746 5.396840 0.353683
 0.000205 2.171467 3.217417 5.388884 0.298107
 0.000206 2.164974 3.218137 5.383111 0.260752
 0.000206 2.160851 3.218948 5.379799 0.240447
 0.000207 2.159142 3.219768 5.378910 0.235137
 0.000207 2.160032 3.220662 5.380694 0.245852
 0.000208 2.163857 3.221712 5.385570 0.276356
 0.000208 2.170010 3.222779 5.392789 0.324789
 0.000209 2.177930 3.223769 5.401699 0.389959
 0.000209 2.187369 3.224760 5.412129 0.473806
 0.000210 2.197841 3.225865 5.423706 0.576433
 0.000210 2.208616 3.227222 5.435837 0.694755
 0.000211 2.219208 3.228778 5.447986 0.824313
 0.000211 2.229098 3.230361 5.459459 0.956824
 0.000212 2.237298 3.232117 5.469415 1.079811
 0.000212 2.243029 3.233974 5.477003 1.178548
 0.000213 2.245807 3.235786 5.481593 1.240359
 0.000213 2.245472 3.237622 5.483094 1.260919
 0.000214 2.242314 3.239584 5.481898 1.244526
 0.000214 2.236719 3.241703 5.478422 1.197491
 0.000215 2.229312 3.243870 5.473182 1.128289
 0.000215 2.220849 3.245978 5.466827 1.047125
 0.000216 2.212599 3.248003 5.460602 0.970562
 0.000216 2.205275 3.250036 5.455311 0.907771
 0.000217 2.199807 3.252122 5.451928 0.868728
 0.000217 2.196543 3.254165 5.450707 0.854846
 0.000218 2.196432 3.256236 5.452668 0.877191
 0.000218 2.199050 3.258205 5.457255 0.930595
 0.000219 2.204203 3.260123 5.464325 1.016008
 0.000219 2.212132 3.262039 5.474171 1.141191
 0.000220 2.223148 3.263823 5.486972 1.314815
 0.000220 2.236223 3.265444 5.501667 1.529287
 0.000221 2.251056 3.266931 5.517987 1.786444
 0.000221 2.267419 3.268096 5.535515 2.084905
 0.000222 2.284477 3.268970 5.553447 2.414070
 0.000222 2.301130 3.269635 5.570764 2.754854
 0.000223 2.316728 3.270018 5.586745 3.089288
 0.000223 2.330177 3.270097 5.600274 3.387386
 0.000224 2.340908 3.269767 5.610675 3.625889
 0.000224 2.348531 3.269076 5.617608 3.789369
 0.000225 2.352683 3.268114 5.620797 3.865794
 0.000225 2.353521 3.266957 5.620478 3.858105
 0.000226 2.350992 3.265628 5.616620 3.765867
 0.000226 2.345298 3.263912 5.609210 3.591811
 0.000227 2.337322 3.261807 5.599129 3.361633
 0.000227 2.327544 3.259415 5.586959 3.093892
 0.000228 2.316610 3.256727 5.573337 2.807399
 0.000228 2.305405 3.253789 5.559194 2.524672
 0.000229 2.294616 3.250656 5.545272 2.261007
 0.000229 2.284723 3.247350 5.532073 2.024468
 0.000230 2.276080 3.243901 5.519981 1.819248
 0.000230 2.269074 3.240286 5.509361 1.648031
 0.000231 2.264083 3.236455 5.500538 1.512230
 0.000231 2.261296 3.232405 5.493701 1.411016
 0.000232 2.260625 3.228158 5.488783 1.340370
 0.000232 2.262318 3.223711 5.486028 1.301596
 0.000233 2.266227 3.219094 5.485322 1.291746
 0.000233 2.272031 3.214403 5.486434 1.307270
 0.000234 2.278926 3.209659 5.488584 1.337558
 0.000234 2.286145 3.204817 5.490961 1.371436
 0.000235 2.293288 3.199993 5.493281 1.404910
 0.000235 2.300062 3.195098 5.495160 1.432317
 0.000236 2.305388 3.190125 5.495513 1.437494
 0.000236 2.308638 3.185116 5.493753 1.411773
 0.000237 2.309262 3.180179 5.489441 1.349724
 0.000237 2.307063 3.175236 5.482300 1.250020
 0.000238 2.302444 3.170186 5.472630 1.121122
 0.000238 2.295855 3.165079 5.460933 0.974564
 0.000239 2.287500 3.160041 5.447540 0.819361
 0.000239 2.278185 3.155009 5.433193 0.668027
 0.000240 2.268703 3.149934 5.418638 0.530267
 0.000240 2.259391 3.144933 5.404324 0.410293
 0.000241 2.250666 3.139990 5.390656 0.310072
 0.000241 2.243114 3.135099 5.378213 0.231017
 0.000242 2.237132 3.130229 5.367361 0.171552
 0.000242 2.233023 3.125462 5.358485 0.129483
 0.000243 2.231340 3.120836 5.352176 0.103171
 0.000243 2.232081 3.116292 5.348373 0.088750
 0.000244 2.234995 3.111836 5.346831 0.083214
 0.000244 2.240248 3.107449 5.347697 0.086303
 0.000245 2.247442 3.103301 5.350743 0.097609
 0.000245 2.256234 3.099541 5.355775 0.117813
 0.000246 2.266640 3.096122 5.362762 0.149016
 0.000246 2.278299 3.092931 5.371230 0.191741
 0.000247 2.290258 3.089994 5.380252 0.243176
 0.000247 2.301852 3.087393 5.389245 0.300525
 0.000248 2.312622 3.085064 5.397685 0.359864
 0.000248 2.322026 3.082862 5.404887 0.414722
 0.000249 2.329721 3.080822 5.410543 0.460530
 0.000249 2.335295 3.078934 5.414229 0.491677
 0.000250 2.339167 3.077181 5.416347 0.510038
 0.000250 2.341958 3.075690 5.417648 0.521473
 0.000251 2.344187 3.074381 5.418568 0.529648
 0.000251 2.346201 3.073252 5.419453 0.537558
 0.000252 2.348987 3.072359 5.421347 0.554702
 0.000252 2.353019 3.071651 5.424669 0.585425
 0.000253 2.358220 3.071220 5.429440 0.630980
 0.000253 2.365029 3.071037 5.436066 0.697091
 0.000254 2.373365 3.071028 5.444394 0.784850
 0.000254 2.383041 3.071148 5.454188 0.894721
 0.000255 2.394261 3.071334 5.465595 1.031745
 0.000255 2.406748 3.071632 5.478381 1.196932
 0.000256 2.419946 3.072037 5.491983 1.386130
 0.000256 2.434325 3.072547 5.506871 1.609121
 0.000257 2.449093 3.073048 5.522141 1.855098
 0.000257 2.463930 3.073545 5.537475 2.119707
 0.000258 2.478677 3.074022 5.552699 2.399860
 0.000258 2.492299 3.074537 5.566837 2.675590
 0.000259 2.504812 3.075136 5.579948 2.944703
 0.000259 2.515391 3.075821 5.591212 3.186202
 0.000260 2.523668 3.076609 5.600277 3.387461
 0.000260 2.529288 3.077425 5.606712 3.534068
 0.000261 2.532498 3.078286 5.610784 3.628434
 0.000261 2.532872 3.078980 5.611852 3.653393
 0.000262 2.530525 3.079578 5.610102 3.612543
 0.000262 2.526261 3.080119 5.606380 3.526409
 0.000263 2.520402 3.080530 5.600932 3.402238
 0.000263 2.513266 3.080817 5.594083 3.249277
 0.000264 2.505190 3.081029 5.586219 3.077969
 0.000264 2.496791 3.081146 5.577937 2.902599
 0.000265 2.488483 3.081418 5.569900 2.737314
 0.000265 2.480431 3.081643 5.562074 2.581035
 0.000266 2.473195 3.081811 5.555006 2.443830
 0.000266 2.466757 3.082039 5.548797 2.326390
 0.000267 2.461292 3.082200 5.543492 2.228360
 0.000267 2.457195 3.082298 5.539493 2.155843
 0.000268 2.454186 3.082276 5.536462 2.101682
 0.000268 2.452493 3.082342 5.534835 2.072884
 0.000269 2.451669 3.082405 5.534073 2.059483
 0.000269 2.451464 3.082408 5.533872 2.055945
 0.000270 2.451095 3.082321 5.533417 2.047955
 0.000270 2.450560 3.082242 5.532801 2.037185
 0.000271 2.449550 3.082170 5.531720 2.018328
 0.000271 2.447556 3.082199 5.529755 1.984274
 0.000272 2.444488 3.082309 5.526797 1.933583
 0.000272 2.439927 3.082361 5.522287 1.857541
 0.000273 2.433564 3.082323 5.515887 1.752235
 0.000273 2.424965 3.082213 5.507178 1.613896
 0.000274 2.413828 3.082121 5.495948 1.443896
 0.000274 2.400189 3.082094 5.482282 1.249781
 0.000275 2.384754 3.082029 5.466783 1.046570
 0.000275 2.368225 3.082029 5.450255 0.849728
 0.000276 2.351335 3.082007 5.433342 0.669513
 0.000276 2.334074 3.081956 5.416030 0.507264
 0.000277 2.317197 3.081924 5.399121 0.370488
 0.000277 2.301702 3.081891 5.383592 0.263771
 0.000278 2.288562 3.081743 5.370305 0.186812
 0.000278 2.278261 3.081512 5.359773 0.135219
 0.000279 2.270880 3.081303 5.352183 0.103198
 0.000279 2.266718 3.081037 5.347755 0.086511
 0.000280 2.265609 3.080748 5.346358 0.081550
 0.000280 2.267782 3.080359 5.348140 0.087905
 0.000281 2.272829 3.079991 5.352819 0.105716
 0.000281 2.280257 3.079571 5.359828 0.135470
 0.000282 2.289517 3.079183 5.368700 0.178413
 0.000282 2.299886 3.078808 5.378694 0.233860
 0.000283 2.310237 3.078520 5.388758 0.297262
 0.000283 2.319804 3.078218 5.398022 0.362343
 0.000284 2.327864 3.077999 5.405864 0.422459
 0.000284 2.333695 3.077891 5.411586 0.469237
 0.000285 2.337154 3.077883 5.415036 0.498634
 0.000285 2.337843 3.078007 5.415850 0.505695
 0.000286 2.335536 3.078276 5.413812 0.488103
 0.000286 2.329844 3.078801 5.408645 0.444891
 0.000287 2.321300 3.079453 5.400753 0.382754
 0.000287 2.310851 3.080174 5.391025 0.312593
 0.000288 2.299509 3.080896 5.380405 0.244104
 0.000288 2.288262 3.081641 5.369903 0.184690
 0.000289 2.277569 3.082303 5.359872 0.135668
 0.000289 2.268448 3.082878 5.351326 0.099853
 0.000290 2.261107 3.083495 5.344602 0.075527
 0.000290 2.255890 3.084188 5.340078 0.061066
 0.000291 2.253057 3.084791 5.337847 0.054502
 0.000291 2.253380 3.085383 5.338763 0.057152
 0.000292 2.256337 3.085936 5.342273 0.067889
 0.000292 2.261860 3.086422 5.348282 0.088420
 0.000293 2.269519 3.086781 5.356300 0.120032
 0.000293 2.278836 3.087054 5.365890 0.164170
 0.000294 2.289442 3.087283 5.376725 0.222341
 0.000294 2.300390 3.087376 5.387765 0.290671
 0.000295 2.311161 3.087375 5.398536 0.366143
 0.000295 2.321080 3.087347 5.408428 0.443116
 0.000296 2.329219 3.087235 5.416454 0.510966
 0.000296 2.334893 3.087091 5.421984 0.560534
 0.000297 2.337558 3.086813 5.424371 0.582633
 0.000297 2.337680 3.086475 5.424155 0.580616
 0.000298 2.336276 3.086056 5.422332 0.563724
 0.000298 2.333547 3.085564 5.419111 0.534500
 0.000299 2.329662 3.085038 5.414700 0.495731
 0.000299 2.325738 3.084381 5.410119 0.457011
 0.000300 2.322635 3.083677 5.406312 0.426038
 0.000300 2.321200 3.082853 5.404053 0.408170
 0.000301 2.321760 3.081984 5.403744 0.405757
 0.000301 2.324551 3.081040 5.405591 0.420295
 0.000302 2.329697 3.079948 5.409644 0.453092
 0.000302 2.337751 3.078837 5.416588 0.512144
 0.000303 2.348497 3.077702 5.426199 0.599846
 0.000303 2.361442 3.076521 5.437963 0.716620
 0.000304 2.376047 3.075432 5.451479 0.863613
 0.000304 2.392440 3.074322 5.466762 1.046308
 0.000305 2.410283 3.073117 5.483400 1.265137
 0.000305 2.428529 3.071912 5.500441 1.510769
 0.000306 2.446839 3.070688 5.517527 1.778923
 0.000306 2.463766 3.069434 5.533199 2.044150
 0.000307 2.478947 3.068157 5.547105 2.294893
 0.000307 2.492056 3.066804 5.558860 2.518180
 0.000308 2.502203 3.065411 5.567614 2.691184
 0.000308 2.508924 3.063999 5.572923 2.798910
 0.000309 2.512104 3.062659 5.574762 2.836727
 0.000309 2.511441 3.061377 5.572818 2.796756
 0.000310 2.507197 3.060100 5.567297 2.684824
 0.000310 2.500402 3.058852 5.559254 2.525842
 0.000311 2.491842 3.057562 5.549404 2.337759
 0.000311 2.482381 3.056150 5.538531 2.138578
 0.000312 2.471969 3.054737 5.526706 1.932024
 0.000312 2.461319 3.053419 5.514738 1.733660
 0.000313 2.451256 3.052218 5.503474 1.556773
 0.000313 2.442054 3.051080 5.493134 1.402776
 0.000314 2.434464 3.049986 5.484450 1.279643
 0.000314 2.428392 3.049090 5.477483 1.184932
 0.000315 2.424345 3.048331 5.472676 1.121717
 0.000315 2.422461 3.047540 5.470001 1.087278
 0.000316 2.422408 3.046932 5.469340 1.078853
 0.000316 2.423751 3.046568 5.470319 1.091354
 0.000317 2.426279 3.046279 5.472558 1.120189
 0.000317 2.430144 3.046112 5.476257 1.168638
 0.000318 2.434406 3.046005 5.480411 1.224296
 0.000318 2.438244 3.046010 5.484254 1.276924
 0.000319 2.440829 3.046166 5.486996 1.315146
 0.000319 2.441288 3.046454 5.487742 1.325653
 0.000320 2.438667 3.046909 5.485576 1.295284
 0.000320 2.432664 3.047646 5.480310 1.222916
 0.000321 2.422810 3.048588 5.471398 1.105197
 0.000321 2.409275 3.049785 5.459060 0.952045
 0.000322 2.392560 3.051176 5.443736 0.777729
 0.000322 2.373841 3.052768 5.426608 0.603736
 0.000323 2.354186 3.054626 5.408812 0.446254
 0.000323 2.334810 3.056754 5.391564 0.316295
 0.000324 2.316220 3.059119 5.375339 0.214409
 0.000324 2.299410 3.061624 5.361034 0.140957
 0.000325 2.285245 3.064298 5.349543 0.093072
 0.000325 2.274038 3.067075 5.341113 0.064238
 0.000326 2.266129 3.069943 5.336072 0.049543
 0.000326 2.261892 3.072876 5.334768 0.046054
 0.000327 2.261715 3.075958 5.337673 0.054004
 0.000327 2.265166 3.079209 5.344376 0.074766
 0.000328 2.271934 3.082580 5.354515 0.112576
 0.000328 2.281550 3.086062 5.367612 0.172830
 0.000329 2.293256 3.089619 5.382875 0.259277
 0.000329 2.306310 3.093221 5.399531 0.373552
 0.000330 2.319600 3.096919 5.416520 0.511543
 0.000330 2.331866 3.100715 5.432580 0.661902
 0.000331 2.341980 3.104468 5.446449 0.807303
 0.000331 2.348748 3.108135 5.456883 0.926205
 0.000332 2.351309 3.111825 5.463134 1.001350
 0.000332 2.348995 3.115466 5.464461 1.017686
 0.000333 2.342011 3.119158 5.461169 0.977414
 0.000333 2.330815 3.122925 5.453740 0.889533
 0.000334 2.316171 3.126569 5.442740 0.767011
 0.000334 2.298940 3.130255 5.429195 0.628599
 0.000335 2.280700 3.133908 5.414608 0.494932
 0.000335 2.262175 3.137694 5.399870 0.376092
 0.000336 2.244533 3.141619 5.386153 0.280123
 0.000336 2.229216 3.145653 5.374869 0.211754
 0.000337 2.216914 3.149760 5.366674 0.168087
 0.000337 2.207674 3.153876 5.361549 0.143339
 0.000338 2.201830 3.157927 5.359757 0.135148
 0.000338 2.199651 3.161857 5.361508 0.143145
 0.000339 2.201591 3.165683 5.367274 0.171112
 0.000339 2.207398 3.169442 5.376841 0.223011
 0.000340 2.216540 3.173127 5.389668 0.303369
 0.000340 2.228710 3.176699 5.405409 0.418849
 0.000341 2.243655 3.180215 5.423870 0.577959
 0.000341 2.259986 3.183722 5.443707 0.777418
 0.000342 2.276925 3.187120 5.464045 1.012551
 0.000342 2.293156 3.190409 5.483565 1.267401
 0.000343 2.307702 3.193568 5.501271 1.523287
 0.000343 2.319682 3.196747 5.516430 1.761048
 0.000344 2.327968 3.199688 5.527657 1.948248
 0.000344 2.331975 3.202459 5.534434 2.065823
 0.000345 2.331543 3.205152 5.536695 2.105824
 0.000345 2.326864 3.207711 5.534576 2.068320
 0.000346 2.318497 3.210024 5.528521 1.963050
 0.000346 2.307209 3.212143 5.519352 1.808872
 0.000347 2.293962 3.214096 5.508058 1.627617
 0.000347 2.280136 3.215929 5.496066 1.445623
 0.000348 2.266769 3.217598 5.484367 1.278481
 0.000348 2.254311 3.219090 5.473401 1.131134
 0.000349 2.243491 3.220353 5.463845 1.010082
 0.000349 2.234901 3.221348 5.456249 0.918753
 0.000350 2.228516 3.222110 5.450627 0.853932
 0.000350 2.225078 3.222707 5.447785 0.822073
 0.000351 2.224834 3.222946 5.447780 0.822021
 0.000351 2.227835 3.222983 5.450818 0.856101
 0.000352 2.233711 3.223012 5.456723 0.924324
 0.000352 2.241898 3.222896 5.464793 1.021793
 0.000353 2.252392 3.222610 5.475002 1.152084
 0.000353 2.264710 3.222052 5.486763 1.311876
 0.000354 2.278178 3.221124 5.499302 1.493672
 0.000354 2.291947 3.219889 5.511836 1.687177
 0.000355 2.305060 3.218369 5.523429 1.876642
 0.000355 2.316816 3.216571 5.533386 2.047428
 0.000356 2.326421 3.214517 5.540938 2.181905
 0.000356 2.333009 3.212152 5.545161 2.258972
 0.000357 2.336163 3.209390 5.545553 2.266186
 0.000357 2.335656 3.206282 5.541938 2.200027
 0.000358 2.332028 3.202987 5.535015 2.076075
 0.000358 2.325915 3.199371 5.525287 1.907940
 0.000359 2.317806 3.195533 5.513338 1.711160
 0.000359 2.308868 3.191471 5.500339 1.509243
 0.000360 2.299865 3.187145 5.487011 1.315359
 0.000360 2.291291 3.182478 5.473770 1.135944
 0.000361 2.283951 3.177597 5.461548 0.982015
 0.000361 2.278347 3.172642 5.450989 0.858036
 0.000362 2.274870 3.167484 5.442355 0.762880
 0.000362 2.273388 3.162253 5.435641 0.692751
 0.000363 2.273890 3.156958 5.430848 0.644753
 0.000363 2.276807 3.151601 5.428408 0.620984
 0.000364 2.281779 3.146175 5.427954 0.616606
 0.000364 2.288545 3.140741 5.429285 0.629478
 0.000365 2.296702 3.135371 5.432073 0.656860
 0.000365 2.305949 3.130103 5.436051 0.696943
 0.000366 2.315429 3.124958 5.440387 0.741976
 0.000366 2.324812 3.119986 5.444798 0.789242
 0.000367 2.333192 3.115260 5.448453 0.829505
 0.000367 2.339433 3.110882 5.450315 0.850407
 0.000368 2.342598 3.106916 5.449514 0.841387
 0.000368 2.342104 3.103397 5.445502 0.796914
 0.000369 2.337524 3.100292 5.437815 0.715096
 0.000369 2.329074 3.097513 5.426587 0.603534
 0.000370 2.317283 3.095047 5.412330 0.475501
 0.000370 2.302648 3.093002 5.395650 0.345064
 0.000371 2.286126 3.091456 5.377583 0.227322
 0.000371 2.268147 3.090512 5.358659 0.130248
 0.000372 2.249856 3.089962 5.339818 0.060282
 0.000372 2.232755 3.089925 5.322680 0.019761
 0.000373 2.217770 3.090409 5.308179 0.002681
 0.000373 2.205714 3.091324 5.297038 0.000271
 0.000374 2.197021 3.092583 5.289604 0.003841
 0.000374 2.192683 3.094283 5.286967 0.006103
 0.000375 2.192942 3.096283 5.289225 0.004133
 0.000375 2.197444 3.098499 5.295943 0.000536
 0.000376 2.205846 3.100832 5.306678 0.001813
 0.000376 2.217598 3.103433 5.321031 0.017025
 0.000377 2.232467 3.106155 5.338622 0.056738
 0.000377 2.249467 3.108988 5.358454 0.129347
 0.000378 2.267610 3.112057 5.379667 0.239657
 0.000378 2.286017 3.115406 5.401422 0.387843
 0.000379 2.303054 3.118974 5.422028 0.560931
 0.000379 2.317516 3.122763 5.440279 0.740841
 0.000380 2.328426 3.126669 5.455095 0.905253
 0.000380 2.335532 3.130777 5.466310 1.040655
 0.000381 2.339067 3.135024 5.474091 1.140139
 0.000381 2.339242 3.139407 5.478650 1.200536
 0.000382 2.336566 3.143829 5.480395 1.224073
 0.000382 2.331639 3.148330 5.479969 1.218307
 0.000383 2.325388 3.152845 5.478234 1.194961
 0.000383 2.318826 3.157339 5.476165 1.167422
 0.000384 2.313009 3.161738 5.474746 1.148727
 0.000384 2.309053 3.166152 5.475205 1.154758
 0.000385 2.306964 3.170468 5.477432 1.184249
 0.000385 2.307098 3.174719 5.481817 1.243421
 0.000386 2.309717 3.178954 5.488671 1.338785
 0.000386 2.314967 3.183118 5.498085 1.475514
 0.000387 2.323002 3.187320 5.510323 1.663190
 0.000387 2.333655 3.191584 5.525238 1.907127
 0.000388 2.346653 3.195727 5.542380 2.208066
 0.000388 2.361434 3.199772 5.561206 2.563976
 0.000389 2.377723 3.203630 5.581352 2.974290
 0.000389 2.394514 3.207288 5.601802 3.421923
 0.000390 2.410672 3.210806 5.621478 3.882209
 0.000390 2.425846 3.214179 5.640024 4.342659
 0.000391 2.439349 3.217350 5.656699 4.778661
 0.000391 2.449945 3.220283 5.670228 5.147738
 0.000392 2.457443 3.223009 5.680452 5.435777
 0.000392 2.461054 3.225406 5.686459 5.608655
 0.000393 2.460414 3.227441 5.687855 5.649208
 0.000393 2.455651 3.229043 5.684695 5.557590
 0.000394 2.447033 3.230288 5.677321 5.346718
 0.000394 2.435070 3.231196 5.666266 5.038244
 0.000395 2.420110 3.231868 5.651978 4.653108
 0.000395 2.403203 3.232304 5.635507 4.228130
 0.000396 2.384889 3.232438 5.617327 3.782687
 0.000396 2.365684 3.232230 5.597914 3.334396
 0.000397 2.346449 3.231647 5.578097 2.905919
 0.000397 2.328003 3.230799 5.558802 2.517044
 0.000398 2.310848 3.229772 5.540620 2.176152
 0.000398 2.295556 3.228583 5.524139 1.888584
 0.000399 2.282363 3.227301 5.509664 1.652806
 0.000399 2.271896 3.225795 5.497691 1.469657
 0.000400 2.264068 3.224080 5.488148 1.331381
 0.000400 2.258517 3.222263 5.480780 1.229302
 0.000401 2.255410 3.220539 5.475949 1.164571
 0.000401 2.254282 3.218774 5.473057 1.126654
 0.000402 2.254324 3.217066 5.471390 1.105095
 0.000402 2.255142 3.215429 5.470571 1.094580
 0.000403 2.256505 3.213951 5.470456 1.093107
 0.000403 2.257851 3.212684 5.470535 1.094111
 0.000404 2.257974 3.211647 5.469621 1.082432
 0.000404 2.255540 3.210859 5.466400 1.041779
 0.000405 2.250525 3.210329 5.460854 0.973604
 0.000405 2.242422 3.209911 5.452334 0.873361
 0.000406 2.231731 3.209676 5.441407 0.752779
 0.000406 2.218920 3.209728 5.428649 0.623307
 0.000407 2.204258 3.210115 5.414373 0.492913
 0.000407 2.188145 3.210710 5.398855 0.368511
 0.000408 2.171796 3.211431 5.383227 0.261479
 0.000408 2.156478 3.212186 5.368664 0.178224
 0.000409 2.143004 3.212953 5.355957 0.118580
 0.000409 2.132039 3.213798 5.345837 0.079739
 0.000410 2.124185 3.214711 5.338897 0.057543
 0.000410 2.119973 3.215721 5.335693 0.048517
 0.000411 2.119767 3.216713 5.336481 0.050664
 0.000411 2.123342 3.217624 5.340967 0.063785
 0.000412 2.131002 3.218513 5.349515 0.092968
 0.000412 2.142340 3.219253 5.361593 0.143542
 0.000413 2.156651 3.219858 5.376509 0.221098
 0.000413 2.173301 3.220507 5.393808 0.331943
 0.000414 2.191362 3.221147 5.412509 0.477017
 0.000414 2.210128 3.221594 5.431722 0.653374
 0.000415 2.228983 3.221820 5.450803 0.855935
 0.000415 2.246718 3.221934 5.468652 1.070124
 0.000416 2.262039 3.221961 5.484000 1.273412
 0.000416 2.274420 3.221943 5.496363 1.450002
 0.000417 2.283027 3.221916 5.504943 1.579304
 0.000417 2.287656 3.221836 5.509492 1.650098
 0.000418 2.288422 3.221631 5.510053 1.658928
 0.000418 2.285689 3.221255 5.506944 1.610254
 0.000419 2.279748 3.220851 5.500599 1.513147
 0.000419 2.271259 3.220485 5.491744 1.382688
 0.000420 2.261068 3.220177 5.481245 1.235619
 0.000420 2.250543 3.219817 5.470361 1.091880
 0.000421 2.240479 3.219528 5.460007 0.963396
 0.000421 2.231144 3.219254 5.450398 0.851352
 0.000422 2.223085 3.218994 5.442079 0.759935
 0.000422 2.216937 3.218686 5.435623 0.692568
 0.000423 2.213018 3.218322 5.431340 0.649604
 0.000423 2.211259 3.218060 5.429319 0.629807
 0.000424 2.211934 3.218016 5.429950 0.635953
 0.000424 2.214798 3.218073 5.432871 0.664806
 0.000425 2.219489 3.218256 5.437746 0.714372
 0.000425 2.225327 3.218650 5.443977 0.780329
 0.000426 2.231498 3.219186 5.450684 0.854582
 0.000426 2.237414 3.219816 5.457229 0.930296
 0.000427 2.242367 3.220675 5.463042 1.000222
 0.000427 2.245595 3.221725 5.467321 1.053321
 0.000428 2.246773 3.222888 5.469661 1.082939
 0.000428 2.245651 3.224177 5.469828 1.085073
 0.000429 2.241660 3.225504 5.467164 1.051351
 0.000429 2.234998 3.226904 5.461902 0.986312
 0.000430 2.225728 3.228351 5.454079 0.893449
 0.000430 2.214808 3.229881 5.444689 0.788050
 0.000431 2.202926 3.231539 5.434465 0.680815
 0.000431 2.191227 3.233199 5.424426 0.583145
 0.000432 2.180577 3.234913 5.415490 0.502567
 0.000432 2.171693 3.236650 5.408343 0.442429
 0.000433 2.165035 3.238373 5.403408 0.403142
 0.000433 2.161304 3.240184 5.401488 0.388348
 0.000434 2.161006 3.242016 5.403022 0.400142
 0.000434 2.164762 3.243872 5.408633 0.444797
 0.000435 2.172488 3.245747 5.418235 0.526680
 0.000435 2.184090 3.247650 5.431740 0.653560
 0.000436 2.199023 3.249655 5.448678 0.832020
 0.000436 2.216493 3.251740 5.468233 1.064825
 0.000437 2.236430 3.253961 5.490391 1.363269
 0.000437 2.258108 3.256313 5.514421 1.728552
 0.000438 2.280265 3.258577 5.538842 2.144156
 0.000438 2.302076 3.260948 5.563024 2.599762
 0.000439 2.322669 3.263429 5.586098 3.075371
 0.000439 2.341594 3.265950 5.607544 3.553243
 0.000440 2.357969 3.268607 5.626576 4.006211
 0.000440 2.371166 3.271413 5.642579 4.408096
 0.000441 2.381038 3.274339 5.655377 4.743331
 0.000441 2.387380 3.277349 5.664729 4.996078
 0.000442 2.390589 3.280404 5.670993 5.169019
 0.000442 2.391024 3.283435 5.674459 5.265978
 0.000443 2.389278 3.286508 5.675786 5.303338
 0.000443 2.385990 3.289580 5.675571 5.297271
 0.000444 2.381309 3.292636 5.673945 5.251537
 0.000444 2.376080 3.295676 5.671756 5.190286
 0.000445 2.370748 3.298650 5.669397 5.124682
 0.000445 2.365920 3.301509 5.667429 5.070246
 0.000446 2.361690 3.304290 5.665980 5.030365
 0.000446 2.358147 3.306900 5.665046 5.004763
 0.000447 2.355192 3.309239 5.664432 4.987938
 0.000447 2.352907 3.311215 5.664122 4.979470
 0.000448 2.350952 3.312930 5.663882 4.972917
 0.000448 2.349468 3.314261 5.663730 4.968754
 0.000449 2.348061 3.315207 5.663268 4.956167
 0.000449 2.346295 3.315700 5.661995 4.921506
 0.000450 2.343938 3.315884 5.659821 4.862625
 0.000450 2.340694 3.315861 5.656555 4.774804
 0.000451 2.336245 3.315564 5.651809 4.648635
 0.000451 2.329245 3.315059 5.644304 4.452566
 0.000452 2.319742 3.314248 5.633990 4.190016
 0.000452 2.307845 3.313246 5.621090 3.872861
 0.000453 2.293053 3.312086 5.605139 3.497937
 0.000453 2.275557 3.310817 5.586374 3.081313
 0.000454 2.255310 3.309563 5.564874 2.636413
 0.000454 2.233112 3.308380 5.541493 2.191950
 0.000455 2.209931 3.307363 5.517294 1.775125
 0.000455 2.186698 3.306447 5.493144 1.402929
 0.000456 2.164039 3.305609 5.469649 1.082787
 0.000456 2.142607 3.304958 5.447565 0.819636
 0.000457 2.123273 3.304335 5.427608 0.613284
 0.000457 2.106447 3.303967 5.410414 0.459458
 0.000458 2.092412 3.303947 5.396360 0.350190
 0.000458 2.081441 3.304361 5.385802 0.277853
 0.000459 2.073925 3.305110 5.379035 0.235884
 0.000459 2.070445 3.306295 5.376740 0.222430
 0.000460 2.070611 3.307926 5.378537 0.232931
 0.000460 2.074211 3.309868 5.384080 0.266846
 0.000461 2.080770 3.312091 5.392861 0.325294
 0.000461 2.089119 3.314595 5.403713 0.405517
 0.000462 2.098519 3.317383 5.415902 0.506150
 0.000462 2.107882 3.320296 5.428178 0.618763
 0.000463 2.115598 3.323521 5.439119 0.728658
 0.000463 2.120891 3.327031 5.447922 0.823593
 0.000464 2.122927 3.330781 5.453708 0.889165
 0.000464 2.121087 3.334744 5.455831 0.913848
 0.000465 2.115215 3.338810 5.454025 0.892834
 0.000465 2.105010 3.342902 5.447912 0.823483
 0.000466 2.091201 3.347062 5.438263 0.719737
 0.000466 2.075213 3.351135 5.426348 0.601262
 0.000467 2.058102 3.355079 5.413180 0.482710
 0.000467 2.040994 3.359025 5.400019 0.377212
 0.000468 2.025097 3.362932 5.388028 0.292410
 0.000468 2.011399 3.366578 5.377977 0.229634
 0.000469 2.000453 3.369968 5.370421 0.187425
 0.000469 1.993193 3.373283 5.366476 0.167093
 0.000470 1.989626 3.376561 5.366187 0.165649
 0.000470 1.989811 3.379661 5.369472 0.182430
 0.000471 1.993745 3.382717 5.376462 0.220825
 0.000471 2.001531 3.385673 5.387203 0.286973
 0.000472 2.012523 3.388497 5.401020 0.384782
 0.000472 2.025839 3.391200 5.417039 0.516105
 0.000473 2.040980 3.393741 5.434721 0.683410
 0.000473 2.057137 3.396251 5.453388 0.885473
 0.000474 2.073102 3.398707 5.471809 1.110498
 0.000474 2.087664 3.401093 5.488756 1.339996
 0.000475 2.100131 3.403586 5.503717 1.560484
 0.000475 2.109323 3.406108 5.515432 1.744864
 0.000476 2.114577 3.408563 5.523140 1.871796
 0.000476 2.115795 3.410917 5.526713 1.932140
 0.000477 2.112962 3.413255 5.526217 1.923707
 0.000477 2.107052 3.415672 5.522724 1.864841
 0.000478 2.099321 3.417940 5.517261 1.774593
 0.000478 2.091135 3.420084 5.511219 1.677373
 0.000479 2.083379 3.422000 5.505379 1.586030
 0.000479 2.076904 3.423821 5.500725 1.515046
 0.000480 2.072209 3.425568 5.497777 1.470938
 0.000480 2.069569 3.427122 5.496691 1.454849
 0.000481 2.069670 3.428404 5.498074 1.475352
 0.000481 2.072814 3.429542 5.502356 1.539736
 0.000482 2.078750 3.430476 5.509226 1.645915
 0.000482 2.087977 3.431068 5.519044 1.803798
 0.000483 2.100435 3.431403 5.531839 2.020394
 0.000483 2.115736 3.431439 5.547176 2.296208
 0.000484 2.133168 3.431207 5.564375 2.626506
 0.000484 2.152069 3.430639 5.582707 3.002983
 0.000485 2.171778 3.429749 5.601527 3.415696
 0.000485 2.191630 3.428598 5.620228 3.852106
 0.000486 2.210381 3.427082 5.637464 4.277547
 0.000486 2.227125 3.425309 5.652434 4.665157
 0.000487 2.241343 3.423299 5.664643 4.993708
 0.000487 2.252577 3.420984 5.673562 5.240789
 0.000488 2.260348 3.418314 5.678662 5.384782
 0.000488 2.264179 3.415347 5.679525 5.409337
 0.000489 2.264153 3.412138 5.676291 5.317600
 0.000489 2.261188 3.408665 5.669853 5.137322
 0.000490 2.255582 3.404853 5.660435 4.879203
 0.000490 2.248303 3.400730 5.649034 4.575641
 0.000491 2.239650 3.396255 5.635905 4.238158
 0.000491 2.230963 3.391495 5.622458 3.905891
 0.000492 2.222736 3.386449 5.609185 3.591227
 0.000492 2.215038 3.381155 5.596193 3.296013
 0.000493 2.208713 3.375618 5.584331 3.037541
 0.000493 2.204054 3.369892 5.573947 2.819927
 0.000494 2.201432 3.364057 5.565489 2.648664
 0.000494 2.200661 3.358079 5.558740 2.515847
 0.000495 2.201935 3.352024 5.553959 2.423836
 0.000495 2.205306 3.345936 5.551242 2.372296
 0.000496 2.210582 3.339824 5.550406 2.356552
 0.000496 2.217219 3.333599 5.550818 2.364299
 0.000497 2.224921 3.327339 5.552260 2.391540
 0.000497 2.232703 3.321005 5.553707 2.419029
 0.000498 2.239654 3.314715 5.554368 2.431640
 0.000498 2.245411 3.308449 5.553860 2.421937
 0.000499 2.248854 3.302314 5.551168 2.370895
 0.000499 2.249544 3.296187 5.545731 2.269478
 0.000500 2.247145 3.290126 5.537272 2.116078
