#! FIELDS time dAB dAC dAD rc bias
 0.000000 1.759453 1.607925 2.561438 5.928817 16.158007
 0.000000 1.762799 1.589664 2.559971 5.912434 15.240136
 0.000001 1.765334 1.570316 2.558536 5.894187 14.249349
 0.000001 1.767223 1.551036 2.557116 5.875375 13.262814
 0.000002 1.769295 1.532703 2.555730 5.857728 12.369486
 0.000002 1.771197 1.516230 2.554321 5.841748 11.587438
 0.000003 1.773360 1.502333 2.553013 5.828706 10.968128
 0.000003 1.775115 1.491353 2.551701 5.818168 10.480123
 0.000004 1.776455 1.483965 2.550477 5.810898 10.149916
 0.000004 1.777846 1.480467 2.549308 5.807622 10.002827
 0.000005 1.778893 1.480176 2.548219 5.807288 9.987904
 0.000005 1.779419 1.483173 2.547146 5.809738 10.097726
 0.000006 1.779388 1.489304 2.546063 5.814755 10.324453
 0.000006 1.778398 1.498336 2.545002 5.821736 10.644100
 0.000007 1.776288 1.509074 2.543916 5.829278 10.994911
 0.000007 1.772881 1.520394 2.542884 5.836159 11.319955
 0.000008 1.768037 1.531059 2.541961 5.841057 11.554193
 0.000008 1.761513 1.539674 2.541130 5.842318 11.614889
 0.000009 1.753622 1.545204 2.540345 5.839172 11.463750
 0.000009 1.744794 1.547023 2.539599 5.831415 11.095379
 0.000010 1.735327 1.544686 2.538873 5.818887 10.513030
 0.000010 1.725193 1.537800 2.538165 5.801159 9.715859
 0.000011 1.715266 1.526682 2.537490 5.779438 8.781965
 0.000011 1.705703 1.512275 2.536827 5.754806 7.779971
 0.000012 1.697441 1.495429 2.536146 5.729016 6.795916
 0.000012 1.691150 1.477604 2.535478 5.704231 5.912891
 0.000013 1.687240 1.459677 2.534757 5.681674 5.162611
 0.000013 1.686105 1.443232 2.534099 5.663436 4.593217
 0.000014 1.687855 1.429349 2.533498 5.650701 4.215345
 0.000014 1.692005 1.418693 2.532990 5.643688 4.014160
 0.000015 1.698440 1.412178 2.532577 5.643196 4.000227
 0.000015 1.706619 1.409955 2.532215 5.648789 4.160012
 0.000016 1.716091 1.411760 2.531908 5.659759 4.482438
 0.000016 1.725665 1.416742 2.531736 5.674143 4.923466
 0.000017 1.734088 1.423779 2.531717 5.689585 5.419951
 0.000017 1.740424 1.432464 2.531768 5.704656 5.927520
 0.000018 1.743776 1.441994 2.532005 5.717776 6.387842
 0.000018 1.743775 1.451497 2.532262 5.727534 6.741392
 0.000019 1.739842 1.459954 2.532623 5.732419 6.921946
 0.000019 1.731960 1.466221 2.533081 5.731262 6.878993
 0.000020 1.721242 1.469500 2.533624 5.724366 6.625578
 0.000020 1.708604 1.469882 2.534160 5.712645 6.205774
 0.000021 1.694936 1.467728 2.534709 5.697373 5.679404
 0.000021 1.681129 1.463069 2.535389 5.679587 5.095769
 0.000022 1.668130 1.456543 2.536089 5.660762 4.512525
 0.000022 1.656775 1.449273 2.536807 5.642855 3.990598
 0.000023 1.647843 1.442037 2.537573 5.627453 3.567337
 0.000023 1.641868 1.436025 2.538379 5.616272 3.274935
 0.000024 1.638837 1.431771 2.539056 5.609664 3.107994
 0.000024 1.638813 1.429737 2.539800 5.608349 3.075310
 0.000025 1.641700 1.430477 2.540601 5.612779 3.186142
 0.000025 1.646919 1.434099 2.541386 5.622404 3.433746
 0.000026 1.654069 1.440263 2.542116 5.636448 3.811644
 0.000026 1.662134 1.448949 2.542835 5.653918 4.309250
 0.000027 1.670641 1.459483 2.543568 5.673692 4.909319
 0.000027 1.678451 1.471052 2.544378 5.693881 5.562332
 0.000028 1.683893 1.483071 2.545288 5.712253 6.191958
 0.000028 1.686362 1.494868 2.546313 5.727543 6.741728
 0.000029 1.685494 1.506215 2.547401 5.739109 7.173127
 0.000029 1.680732 1.516794 2.548447 5.745973 7.435461
 0.000030 1.671774 1.526136 2.549456 5.747366 7.489253
 0.000030 1.659200 1.534400 2.550427 5.744027 7.360615
 0.000031 1.643503 1.541513 2.551388 5.736405 7.071047
 0.000031 1.625609 1.547544 2.552439 5.725592 6.670268
 0.000032 1.606522 1.552801 2.553510 5.712833 6.212393
 0.000032 1.586733 1.557264 2.554690 5.698687 5.723769
 0.000033 1.567474 1.561361 2.555972 5.684807 5.263787
 0.000033 1.549633 1.565678 2.557309 5.672620 4.875791
 0.000034 1.533885 1.570672 2.558724 5.663281 4.588514
 0.000034 1.520846 1.575987 2.560204 5.657037 4.401298
 0.000035 1.511151 1.582229 2.561771 5.655151 4.345548
 0.000035 1.505507 1.589206 2.563454 5.658166 4.434875
 0.000036 1.503691 1.596963 2.565239 5.665893 4.667988
 0.000036 1.505491 1.605305 2.567116 5.677913 5.042466
 0.000037 1.510351 1.613778 2.569063 5.693192 5.539351
 0.000037 1.517756 1.622545 2.571080 5.711380 6.161294
 0.000038 1.527094 1.631604 2.573176 5.731874 6.901703
 0.000038 1.537377 1.640646 2.575348 5.753371 7.723487
 0.000039 1.547225 1.649222 2.577549 5.773996 8.555375
 0.000039 1.555374 1.656923 2.579706 5.792003 9.316429
 0.000040 1.561059 1.663670 2.581839 5.806568 9.955773
 0.000040 1.563466 1.669587 2.583956 5.817009 10.427116
 0.000041 1.561708 1.674195 2.586173 5.822076 10.659796
 0.000041 1.555794 1.677413 2.588407 5.821614 10.638456
 0.000042 1.546228 1.679821 2.590625 5.816674 10.411838
 0.000042 1.533780 1.682014 2.592822 5.808616 10.047375
 0.000043 1.519372 1.683971 2.595020 5.798363 9.592984
 0.000043 1.504292 1.686153 2.597153 5.787598 9.127282
 0.000044 1.489266 1.689353 2.599234 5.777852 8.715623
 0.000044 1.475052 1.693767 2.601310 5.770128 8.396129
 0.000045 1.462367 1.699374 2.603375 5.765116 8.192002
 0.000045 1.452006 1.706228 2.605410 5.763643 8.132479
 0.000046 1.444774 1.714362 2.607406 5.766543 8.249828
 0.000046 1.441021 1.724025 2.609435 5.774481 8.575433
 0.000047 1.440852 1.734715 2.611463 5.787030 9.103029
 0.000047 1.443851 1.746246 2.613461 5.803557 9.821841
 0.000048 1.449986 1.757647 2.615480 5.823113 10.707711
 0.000048 1.459000 1.768288 2.617444 5.844732 11.731553
 0.000049 1.470287 1.777235 2.619362 5.866884 12.829084
 0.000049 1.483024 1.784246 2.621275 5.888544 13.949727
 0.000050 1.496483 1.789576 2.623167 5.909226 15.063524
 0.000050 1.509694 1.793156 2.624953 5.927803 16.100443
 0.000051 1.522002 1.794295 2.626620 5.942918 16.969592
 0.000051 1.532441 1.792808 2.628095 5.953343 17.582339
 0.000052 1.540423 1.789269 2.629433 5.959124 17.926840
 0.000052 1.545909 1.784085 2.630676 5.960670 18.019533
 0.000053 1.548764 1.777982 2.631792 5.958538 17.891770
 0.000053 1.548974 1.771279 2.632772 5.953025 17.563468
 0.000054 1.546482 1.764350 2.633529 5.944361 17.053755
 0.000054 1.541627 1.758152 2.634062 5.933840 16.444832
 0.000055 1.535282 1.753372 2.634481 5.923135 15.836647
 0.000055 1.527890 1.750197 2.634803 5.912890 15.265298
 0.000056 1.520000 1.748819 2.634934 5.903753 14.764638
 0.000056 1.512270 1.749190 2.635002 5.896462 14.371073
 0.000057 1.505468 1.752082 2.635004 5.892553 14.162302
 0.000057 1.500100 1.756897 2.634977 5.891975 14.131510
 0.000058 1.495887 1.763626 2.634895 5.894408 14.261180
 0.000058 1.492940 1.772003 2.634743 5.899687 14.544492
 0.000059 1.491804 1.781745 2.634459 5.908008 14.996722
 0.000059 1.492212 1.791713 2.634112 5.918037 15.551039
 0.000060 1.493753 1.800825 2.633682 5.928260 16.126381
 0.000060 1.496713 1.808274 2.633173 5.938160 16.693534
 0.000061 1.501782 1.813920 2.632573 5.948275 17.283086
 0.000061 1.508217 1.817327 2.631888 5.957432 17.825659
 0.000062 1.515274 1.817950 2.631132 5.964355 18.241424
 0.000062 1.522461 1.815446 2.630273 5.968179 18.473117
 0.000063 1.529272 1.809954 2.629279 5.968504 18.492896
 0.000063 1.536099 1.801141 2.628275 5.965516 18.311585
 0.000064 1.542373 1.789175 2.627239 5.958787 17.906659
 0.000064 1.547957 1.774847 2.626139 5.948944 17.322429
 0.000065 1.552361 1.758806 2.624931 5.936098 16.574572
 0.000065 1.555632 1.741574 2.623680 5.920886 15.710345
 0.000066 1.557737 1.724224 2.622381 5.904343 14.796703
 0.000066 1.558736 1.707124 2.621038 5.886898 13.862900
 0.000067 1.558523 1.691266 2.619741 5.869530 12.963467
 0.000067 1.557205 1.677184 2.618407 5.852796 12.125391
 0.000068 1.555129 1.665209 2.616885 5.837223 11.370627
 0.000068 1.552341 1.656069 2.615327 5.823737 10.736596
 0.000069 1.550035 1.649723 2.613687 5.813444 10.264946
 0.000069 1.548070 1.646389 2.612027 5.806486 9.952088
 0.000070 1.546631 1.645871 2.610345 5.802848 9.790433
 0.000070 1.545929 1.647469 2.608648 5.802046 9.754981
 0.000071 1.546120 1.651119 2.606878 5.804117 9.846691
 0.000071 1.547379 1.656294 2.605060 5.808733 10.052599
 0.000072 1.549527 1.662343 2.603231 5.815100 10.340134
 0.000072 1.552728 1.668199 2.601307 5.822234 10.667102
 0.000073 1.556528 1.672811 2.599345 5.828684 10.967075
 0.000073 1.561002 1.675083 2.597381 5.833465 11.192145
 0.000074 1.565845 1.674406 2.595442 5.835692 11.297764
 0.000074 1.571083 1.670232 2.593476 5.834791 11.254974
 0.000075 1.577000 1.662188 2.591436 5.830624 11.058146
 0.000075 1.583659 1.650493 2.589268 5.823421 10.721961
 0.000076 1.590786 1.635186 2.587074 5.813046 10.246909
 0.000076 1.598068 1.617113 2.584835 5.800017 9.665562
 0.000077 1.605730 1.596987 2.582607 5.785324 9.030381
 0.000077 1.613829 1.575675 2.580447 5.769951 8.388856
 0.000078 1.621456 1.554190 2.578299 5.753945 7.746069
 0.000078 1.628963 1.533941 2.576205 5.739109 7.173119
 0.000079 1.636434 1.515482 2.574108 5.726024 6.686080
 0.000079 1.643460 1.499387 2.572074 5.714922 6.286231
 0.000080 1.649913 1.485904 2.570142 5.705959 5.972461
 0.000080 1.655476 1.475536 2.568305 5.699316 5.745081
 0.000081 1.660174 1.468614 2.566564 5.695352 5.611477
 0.000081 1.663712 1.465283 2.564839 5.693833 5.560724
 0.000082 1.666441 1.465356 2.563117 5.694914 5.596837
 0.000082 1.668072 1.468192 2.561389 5.697653 5.688851
 0.000083 1.668174 1.472946 2.559654 5.700774 5.794616
 0.000083 1.667454 1.479261 2.557931 5.704647 5.927185
 0.000084 1.666061 1.486659 2.556340 5.709061 6.080134
 0.000084 1.664400 1.494236 2.554867 5.713504 6.236064
 0.000085 1.662595 1.500589 2.553442 5.716626 6.346801
 0.000085 1.660607 1.505280 2.552055 5.717942 6.393780
 0.000086 1.658521 1.507456 2.550860 5.716837 6.354337
 0.000086 1.656806 1.506112 2.549745 5.712663 6.206405
 0.000087 1.655882 1.501288 2.548678 5.705848 5.968608
 0.000087 1.656066 1.492971 2.547641 5.696677 5.655977
 0.000088 1.657008 1.481637 2.546754 5.685399 5.283025
 0.000088 1.658689 1.468088 2.545956 5.672734 4.879336
 0.000089 1.661713 1.453174 2.545282 5.660169 4.494721
 0.000089 1.666025 1.438174 2.544702 5.648901 4.163221
 0.000090 1.671013 1.423851 2.544204 5.639068 3.884334
 0.000090 1.677028 1.410987 2.543902 5.631918 3.687593
 0.000091 1.683634 1.400488 2.543800 5.627923 3.579906
 0.000091 1.690435 1.393341 2.543822 5.627597 3.571195
 0.000092 1.696672 1.389678 2.543892 5.630241 3.642207
 0.000092 1.702259 1.389666 2.544117 5.636042 3.800453
 0.000093 1.706986 1.393810 2.544511 5.645307 4.060176
 0.000093 1.710858 1.401874 2.545206 5.657938 4.428080
 0.000094 1.713189 1.413227 2.546078 5.672494 4.871871
 0.000094 1.713916 1.427692 2.547143 5.688751 5.392529
 0.000095 1.712687 1.444371 2.548354 5.705412 5.953564
 0.000095 1.709615 1.462314 2.549697 5.721627 6.526241
 0.000096 1.704398 1.480407 2.551196 5.736001 7.055888
 0.000096 1.697827 1.497596 2.552843 5.748267 7.524175
 0.000097 1.690478 1.513118 2.554577 5.758173 7.913379
 0.000097 1.682673 1.526113 2.556371 5.765156 8.193608
 0.000098 1.674939 1.535611 2.558315 5.768865 8.344419
 0.000098 1.667000 1.541401 2.560299 5.768701 8.337740
 0.000099 1.659806 1.543409 2.562321 5.765536 8.208988
 0.000099 1.654276 1.542204 2.564435 5.760916 8.022859
 0.000100 1.650599 1.538455 2.566539 5.755593 7.811052
 0.000100 1.649271 1.533019 2.568659 5.750949 7.628564
 0.000101 1.650464 1.526817 2.570754 5.748035 7.515191
 0.000101 1.654016 1.520651 2.572841 5.747507 7.494747
 0.000102 1.659752 1.515391 2.574984 5.750127 7.596518
 0.000102 1.667800 1.511479 2.577237 5.756516 7.847590
 0.000103 1.677630 1.509029 2.579497 5.766156 8.234132
 0.000103 1.688567 1.508455 2.581783 5.778805 8.755431
 0.000104 1.700159 1.509645 2.584135 5.793939 9.400191
 0.000104 1.711831 1.513084 2.586521 5.811436 10.174143
 0.000105 1.723068 1.518554 2.588895 5.830517 11.053074
 0.000105 1.732735 1.525504 2.591305 5.849544 11.965805
 0.000106 1.740118 1.533396 2.593763 5.867278 12.849040
 0.000106 1.744284 1.541766 2.596253 5.882303 13.622025
 0.000107 1.745355 1.550414 2.598741 5.894510 14.266599
 0.000107 1.742740 1.558631 2.601204 5.902575 14.700684
 0.000108 1.736501 1.566311 2.603677 5.906489 14.913665
 0.000108 1.727374 1.572748 2.606064 5.906185 14.897072
 0.000109 1.715671 1.577781 2.608279 5.901731 14.654960
 0.000109 1.701743 1.581266 2.610397 5.893406 14.207690
 0.000110 1.686367 1.583894 2.612481 5.882743 13.644986
 0.000110 1.670721 1.585869 2.614428 5.871018 13.039359
 0.000111 1.655822 1.586891 2.616299 5.859011 12.433418
 0.000111 1.642243 1.587574 2.617994 5.847812 11.881215
 0.000112 1.630406 1.588428 2.619599 5.838433 11.428430
 0.000112 1.621121 1.589764 2.621204 5.832089 11.127116
 0.000113 1.614583 1.591995 2.622689 5.829268 10.994438
 0.000113 1.610709 1.594736 2.624086 5.829530 11.006760
 0.000114 1.609470 1.598317 2.625338 5.833125 11.176069
 0.000114 1.610543 1.602579 2.626562 5.839684 11.488323
 0.000115 1.613824 1.608196 2.627723 5.849744 11.975561
 0.000115 1.618942 1.614986 2.628757 5.862685 12.617305
 0.000116 1.624950 1.621994 2.629679 5.876622 13.327131
 0.000116 1.631285 1.629104 2.630510 5.890899 14.074408
 0.000117 1.637334 1.636263 2.631264 5.904860 14.824845
 0.000117 1.642343 1.643045 2.631951 5.917339 15.512151
 0.000118 1.645955 1.649464 2.632487 5.927906 16.106295
 0.000118 1.647751 1.655472 2.632914 5.936137 16.576835
 0.000119 1.647075 1.660964 2.633310 5.941350 16.878324
 0.000119 1.643778 1.665950 2.633702 5.943430 16.999419
 0.000120 1.637732 1.670237 2.633984 5.941952 16.913347
 0.000120 1.629666 1.673761 2.634201 5.937628 16.662790
 0.000121 1.619814 1.676743 2.634356 5.930913 16.277426
 0.000121 1.608525 1.679232 2.634414 5.922172 15.782463
 0.000122 1.596175 1.681799 2.634423 5.912397 15.238086
 0.000122 1.583035 1.684597 2.634432 5.902064 14.672995
 0.000123 1.569881 1.687189 2.634429 5.891499 14.106261
 0.000123 1.557480 1.689907 2.634372 5.881759 13.593619
 0.000124 1.546474 1.692834 2.634344 5.873651 13.174184
 0.000124 1.537089 1.695756 2.634296 5.867141 12.842123
 0.000125 1.529021 1.699046 2.634285 5.862351 12.600522
 0.000125 1.522632 1.702514 2.634298 5.859444 12.455024
 0.000126 1.517940 1.706141 2.634303 5.858384 12.402155
 0.000126 1.515317 1.710229 2.634297 5.859844 12.474968
 0.000127 1.514890 1.714247 2.634320 5.863457 12.656085
 0.000127 1.515978 1.718115 2.634419 5.868512 12.911690
 0.000128 1.518084 1.721761 2.634595 5.874439 13.214659
 0.000128 1.521279 1.725014 2.634782 5.881075 13.557972
 0.000129 1.525101 1.728272 2.635031 5.888404 13.942345
 0.000129 1.529217 1.731385 2.635250 5.895853 14.338427
 0.000130 1.533390 1.733710 2.635511 5.902611 14.702632
 0.000130 1.536603 1.735116 2.635814 5.907533 14.970751
 0.000131 1.538620 1.735195 2.636134 5.909950 15.103266
 0.000131 1.539172 1.733826 2.636428 5.909427 15.074539
 0.000132 1.537827 1.730850 2.636814 5.905492 14.859271
 0.000132 1.533913 1.726702 2.637210 5.897825 14.444223
 0.000133 1.527855 1.721178 2.637684 5.886716 13.853348
 0.000133 1.519819 1.714625 2.638144 5.872588 13.119638
 0.000134 1.509970 1.707409 2.638661 5.856040 12.285708
 0.000134 1.498645 1.699454 2.639191 5.837289 11.373794
 0.000135 1.486627 1.691216 2.639752 5.817595 10.453905
 0.000135 1.474284 1.683149 2.640428 5.797862 9.571052
 0.000136 1.462333 1.675592 2.641186 5.779111 8.768270
 0.000136 1.451140 1.668921 2.642044 5.762105 8.070576
 0.000137 1.441685 1.663418 2.642981 5.748085 7.517106
 0.000137 1.434704 1.659407 2.643860 5.737971 7.130087
 0.000138 1.430596 1.657044 2.644723 5.732362 6.919848
 0.000138 1.428939 1.655871 2.645570 5.730381 6.846321
 0.000139 1.429763 1.655699 2.646386 5.731847 6.900710
 0.000139 1.433128 1.656155 2.647138 5.736421 7.071651
 0.000140 1.438405 1.657121 2.647904 5.743430 7.337722
 0.000140 1.445394 1.658065 2.648542 5.752001 7.669710
 0.000141 1.453422 1.658556 2.649116 5.761095 8.030036
 0.000141 1.461391 1.657718 2.649528 5.768637 8.335121
 0.000142 1.468525 1.655099 2.649763 5.773386 8.530153
 0.000142 1.474400 1.650625 2.649859 5.774885 8.592165
 0.000143 1.478559 1.644631 2.649775 5.772965 8.512778
 0.000143 1.480691 1.637378 2.649524 5.767593 8.292553
 0.000144 1.481211 1.629326 2.649090 5.759628 7.971350
 0.000144 1.480369 1.620441 2.648519 5.749328 7.565400
 0.000145 1.478318 1.611076 2.647823 5.737218 7.101656
 0.000145 1.475802 1.601998 2.647039 5.724839 6.642805
 0.000146 1.472955 1.594015 2.646225 5.713194 6.225136
 0.000146 1.470372 1.587454 2.645383 5.703209 5.877806
 0.000147 1.468364 1.582479 2.644533 5.695376 5.612297
 0.000147 1.467503 1.579297 2.643639 5.690439 5.448119
 0.000148 1.468550 1.578043 2.642610 5.689203 5.407369
 0.000148 1.471620 1.578993 2.641397 5.692010 5.500076
 0.000149 1.476706 1.582222 2.640075 5.699003 5.734480
 0.000149 1.483099 1.586970 2.638575 5.708645 6.065643
 0.000150 1.490403 1.592664 2.636868 5.719935 6.465270
 0.000150 1.498786 1.599009 2.635040 5.732834 6.937406
 0.000151 1.507399 1.606009 2.633036 5.746444 7.453614
 0.000151 1.515153 1.613098 2.630943 5.759195 7.954067
 0.000152 1.522072 1.619963 2.628725 5.770760 8.422050
 0.000152 1.527951 1.626187 2.626394 5.780532 8.827880
 0.000153 1.532489 1.631393 2.623848 5.787730 9.132922
 0.000153 1.535671 1.635659 2.621116 5.792446 9.335578
 0.000154 1.537413 1.638570 2.618267 5.794250 9.413705
 0.000154 1.537268 1.640077 2.615325 5.792669 9.345227
 0.000155 1.535960 1.640023 2.612271 5.788254 9.155333
 0.000155 1.533693 1.638962 2.609166 5.781822 8.882130
 0.000156 1.530252 1.636802 2.606109 5.773163 8.520944
 0.000156 1.526421 1.633572 2.603076 5.763068 8.109310
 0.000157 1.523002 1.629774 2.600141 5.752917 7.705644
 0.000157 1.520392 1.625925 2.597296 5.743613 7.344715
 0.000158 1.518488 1.621949 2.594583 5.735021 7.019100
 0.000158 1.517497 1.618246 2.591908 5.727650 6.745655
 0.000159 1.517779 1.614812 2.589365 5.721956 6.538139
 0.000159 1.520003 1.611505 2.587003 5.718511 6.414153
 0.000160 1.524105 1.608076 2.584775 5.716956 6.358587
 0.000160 1.529975 1.604242 2.582597 5.716814 6.353518
 0.000161 1.537535 1.600224 2.580590 5.718349 6.408350
 0.000161 1.546558 1.595700 2.578804 5.721063 6.505865
 0.000162 1.556720 1.590189 2.577207 5.724117 6.616496
 0.000162 1.567431 1.583657 2.575755 5.726843 6.716029
 0.000163 1.578755 1.575863 2.574443 5.729061 6.797571
 0.000163 1.590511 1.566939 2.573305 5.730755 6.860173
 0.000164 1.602291 1.557292 2.572454 5.732037 6.907739
 0.000164 1.613640 1.546796 2.571814 5.732250 6.915689
 0.000165 1.623806 1.535526 2.571330 5.730663 6.856766
 0.000165 1.633173 1.524098 2.570997 5.728268 6.768385
 0.000166 1.641572 1.513116 2.570784 5.725473 6.665916
 0.000166 1.649247 1.503246 2.570745 5.723237 6.584553
 0.000167 1.655702 1.494844 2.570854 5.721400 6.518054
 0.000167 1.661343 1.488331 2.571071 5.720745 6.494423
 0.000168 1.666376 1.483950 2.571442 5.721768 6.531324
 0.000168 1.670693 1.482063 2.571937 5.724693 6.637488
 0.000169 1.674384 1.482238 2.572486 5.729109 6.799342
 0.000169 1.677712 1.484510 2.573074 5.735296 7.029429
 0.000170 1.681123 1.488589 2.573752 5.743465 7.339037
 0.000170 1.685023 1.494694 2.574510 5.754227 7.757165
 0.000171 1.689184 1.502449 2.575254 5.766887 8.263811
 0.000171 1.693303 1.511179 2.576091 5.780574 8.829613
 0.000172 1.697612 1.520535 2.577012 5.795159 9.453157
 0.000172 1.701684 1.529882 2.577978 5.809544 10.088978
 0.000173 1.705729 1.538856 2.578980 5.823565 10.728635
 0.000173 1.710015 1.547252 2.580018 5.837285 11.373576
 0.000174 1.714741 1.554822 2.581014 5.850577 12.016392
 0.000174 1.719728 1.561360 2.581940 5.863028 12.634511
 0.000175 1.725177 1.566217 2.582811 5.874205 13.202610
 0.000175 1.730623 1.569859 2.583653 5.884135 13.717829
 0.000176 1.736159 1.572082 2.584463 5.892704 14.170322
 0.000176 1.741616 1.572843 2.585236 5.899695 14.544910
 0.000177 1.746723 1.572216 2.585921 5.904859 14.824806
 0.000177 1.751486 1.570950 2.586461 5.908896 15.045445
 0.000178 1.755976 1.569445 2.586996 5.912417 15.239202
 0.000178 1.759932 1.568052 2.587428 5.915413 15.405014
 0.000179 1.763027 1.567004 2.587753 5.917784 15.536895
 0.000179 1.765822 1.566293 2.587988 5.920102 15.666408
 0.000180 1.768200 1.565949 2.588170 5.922319 15.790760
 0.000180 1.769861 1.566443 2.588259 5.924562 15.917047
 0.000181 1.770904 1.568080 2.588211 5.927194 16.065923
 0.000181 1.771422 1.570587 2.588130 5.930140 16.233301
 0.000182 1.771438 1.574419 2.588019 5.933876 16.446888
 0.000182 1.770730 1.579360 2.587872 5.937962 16.682099
 0.000183 1.768937 1.584966 2.587781 5.941683 16.897727
 0.000183 1.766236 1.591242 2.587644 5.945122 17.098210
 0.000184 1.762957 1.598039 2.587479 5.948475 17.294838
 0.000184 1.759462 1.604565 2.587271 5.951298 17.461277
 0.000185 1.755558 1.610228 2.586972 5.952759 17.547713
 0.000185 1.750997 1.614831 2.586672 5.952500 17.532394
 0.000186 1.746322 1.617875 2.586381 5.950578 17.418770
 0.000186 1.741457 1.618989 2.586042 5.946488 17.178205
 0.000187 1.736702 1.617812 2.585667 5.940181 16.810496
 0.000187 1.732199 1.613655 2.585211 5.931065 16.286100
 0.000188 1.728490 1.607325 2.584709 5.920523 15.690005
 0.000188 1.725941 1.599298 2.584149 5.909388 15.072417
 0.000189 1.724445 1.589821 2.583540 5.897807 14.443293
 0.000189 1.724041 1.579288 2.582950 5.886280 13.830364
 0.000190 1.724653 1.568264 2.582337 5.875254 13.256573
 0.000190 1.726408 1.557483 2.581682 5.865573 12.762776
 0.000191 1.729166 1.547357 2.580974 5.857498 12.358053
 0.000191 1.732603 1.538387 2.580260 5.851251 12.049434
 0.000192 1.735839 1.531233 2.579558 5.846631 11.823725
 0.000192 1.738390 1.526010 2.578791 5.843191 11.657017
 0.000193 1.740121 1.523255 2.578026 5.841402 11.570799
 0.000193 1.741040 1.522834 2.577196 5.841070 11.554839
 0.000194 1.740740 1.524642 2.576283 5.841665 11.583435
 0.000194 1.738693 1.528531 2.575229 5.842453 11.621427
 0.000195 1.734386 1.534123 2.574060 5.842569 11.627009
 0.000195 1.727601 1.541261 2.572686 5.841548 11.577805
 0.000196 1.718495 1.550041 2.571244 5.839780 11.492920
 0.000196 1.707304 1.559668 2.569719 5.836691 11.345294
 0.000197 1.694248 1.569936 2.568072 5.832256 11.134992
 0.000197 1.680032 1.580493 2.566320 5.826846 10.881146
 0.000198 1.664757 1.590891 2.564438 5.820086 10.568078
 0.000198 1.648687 1.600882 2.562572 5.812140 10.205963
 0.000199 1.632926 1.610395 2.560658 5.803979 9.840562
 0.000199 1.618119 1.619630 2.558626 5.796375 9.506109
 0.000200 1.605093 1.628442 2.556578 5.790112 9.234993
 0.000200 1.594286 1.636508 2.554502 5.785296 9.029182
 0.000201 1.585519 1.643352 2.552346 5.781217 8.856673
 0.000201 1.578811 1.648712 2.550030 5.777553 8.703130
 0.000202 1.574337 1.652346 2.547669 5.774353 8.570118
 0.000202 1.572097 1.654201 2.545252 5.771550 8.454469
 0.000203 1.571544 1.654999 2.542836 5.769380 8.365468
 0.000203 1.572427 1.654851 2.540489 5.767767 8.299636
 0.000204 1.574114 1.653855 2.538154 5.766124 8.232824
 0.000204 1.576482 1.652374 2.535832 5.764689 8.174695
 0.000205 1.578888 1.650747 2.533530 5.763166 8.113246
 0.000205 1.580240 1.649490 2.531293 5.761023 8.027132
 0.000206 1.580174 1.648810 2.529167 5.758150 7.912450
 0.000206 1.578405 1.648820 2.527149 5.754374 7.762960
 0.000207 1.574750 1.649442 2.525145 5.749337 7.565764
 0.000207 1.568999 1.650512 2.523266 5.742777 7.312728
 0.000208 1.560891 1.652093 2.521483 5.734467 6.998358
 0.000208 1.550743 1.654605 2.519914 5.725262 6.658220
 0.000209 1.539664 1.658555 2.518575 5.716794 6.352803
 0.000209 1.528112 1.663597 2.517423 5.709131 6.082605
 0.000210 1.516534 1.669131 2.516417 5.702082 5.839224
 0.000210 1.505693 1.674624 2.515590 5.695906 5.630078
 0.000211 1.496038 1.680312 2.515066 5.691416 5.480395
 0.000211 1.488206 1.685994 2.514760 5.688959 5.399369
 0.000212 1.482192 1.691081 2.514542 5.687815 5.361851
 0.000212 1.477681 1.694861 2.514511 5.687053 5.336920
 0.000213 1.474792 1.696691 2.514710 5.686193 5.308847
 0.000213 1.473619 1.696228 2.515186 5.685032 5.271102
 0.000214 1.474006 1.693623 2.515899 5.683529 5.222385
 0.000214 1.475642 1.688801 2.516827 5.681270 5.149652
 0.000215 1.478336 1.682568 2.518012 5.678917 5.074404
 0.000215 1.481896 1.675024 2.519378 5.676299 4.991339
 0.000216 1.486289 1.666634 2.521004 5.673927 4.916703
 0.000216 1.490755 1.657866 2.522862 5.671483 4.840351
 0.000217 1.495437 1.649149 2.524923 5.669510 4.779144
 0.000217 1.499990 1.641314 2.527138 5.668443 4.746221
 0.000218 1.504205 1.634897 2.529512 5.668614 4.751503
 0.000218 1.507791 1.630169 2.532001 5.669961 4.793105
 0.000219 1.510695 1.627439 2.534649 5.672782 4.880857
 0.000219 1.512706 1.626602 2.537517 5.676824 5.007966
 0.000220 1.513402 1.627526 2.540461 5.681388 5.153435
 0.000220 1.512763 1.630288 2.543496 5.686547 5.320387
 0.000221 1.510778 1.634768 2.546619 5.692165 5.505243
 0.000221 1.508032 1.640737 2.549821 5.698589 5.720469
 0.000222 1.504211 1.647391 2.553054 5.704656 5.927497
 0.000222 1.499659 1.654651 2.556339 5.710649 6.135654
 0.000223 1.494509 1.662236 2.559644 5.716390 6.338400
 0.000223 1.489090 1.669464 2.563016 5.721571 6.524210
 0.000224 1.483930 1.675739 2.566463 5.726132 6.690031
 0.000224 1.479571 1.680996 2.569986 5.730553 6.852707
 0.000225 1.476147 1.685028 2.573537 5.734712 7.007536
 0.000225 1.473889 1.687211 2.577125 5.738225 7.139684
 0.000226 1.473155 1.687067 2.580698 5.740919 7.241853
 0.000226 1.474361 1.685075 2.584257 5.743693 7.347777
 0.000227 1.477233 1.681841 2.587759 5.746832 7.468609
 0.000227 1.481461 1.677300 2.591227 5.749988 7.591101
 0.000228 1.487137 1.671564 2.594632 5.753333 7.721966
 0.000228 1.494225 1.665207 2.598045 5.757477 7.885687
 0.000229 1.502053 1.658351 2.601469 5.761874 8.061292
 0.000229 1.510216 1.651093 2.604884 5.766193 8.235645
 0.000230 1.518257 1.643814 2.608217 5.770289 8.402714
 0.000230 1.525768 1.637008 2.611425 5.774201 8.563837
 0.000231 1.532473 1.630366 2.614641 5.777479 8.700065
 0.000231 1.538709 1.624396 2.617781 5.780885 8.842706
 0.000232 1.544252 1.619401 2.620812 5.784466 8.993945
 0.000232 1.548415 1.615912 2.623783 5.788111 9.149174
 0.000233 1.551396 1.613631 2.626657 5.791684 9.302656
 0.000233 1.553249 1.612396 2.629411 5.795056 9.448705
 0.000234 1.554317 1.612420 2.632119 5.798856 9.614615
 0.000234 1.554304 1.613610 2.634707 5.802622 9.780434
 0.000235 1.553808 1.615422 2.637159 5.806389 9.947775
 0.000235 1.552713 1.618139 2.639449 5.810302 10.123057
 0.000236 1.551453 1.621438 2.641633 5.814524 10.313917
 0.000236 1.550126 1.624735 2.643758 5.818618 10.500729
 0.000237 1.549353 1.627452 2.645681 5.822486 10.678713
 0.000237 1.548982 1.629209 2.647463 5.825655 10.825670
 0.000238 1.548967 1.629587 2.649159 5.827713 10.921633
 0.000238 1.549599 1.628301 2.650628 5.828528 10.959797
 0.000239 1.551090 1.625207 2.651918 5.828215 10.945109
 0.000239 1.553783 1.620385 2.653044 5.827213 10.898279
 0.000240 1.557929 1.613937 2.654057 5.825923 10.838151
 0.000240 1.563471 1.606119 2.654910 5.824500 10.772000
 0.000241 1.570039 1.597124 2.655600 5.822763 10.691509
 0.000241 1.577701 1.587665 2.656121 5.821487 10.632609
 0.000242 1.586809 1.577486 2.656504 5.820800 10.600932
 0.000242 1.596811 1.567374 2.656752 5.820936 10.607225
 0.000243 1.607634 1.557633 2.656874 5.822141 10.662805
 0.000243 1.618871 1.548680 2.656799 5.824351 10.765069
 0.000244 1.630407 1.540619 2.656600 5.827627 10.917612
 0.000244 1.641501 1.534015 2.656321 5.831837 11.115259
 0.000245 1.652145 1.529009 2.655911 5.837065 11.363098
 0.000245 1.662202 1.525759 2.655222 5.843182 11.656589
 0.000246 1.671120 1.523918 2.654383 5.849422 11.959812
 0.000246 1.678505 1.523582 2.653369 5.855456 12.256775
 0.000247 1.684782 1.524523 2.652243 5.861548 12.560213
 0.000247 1.690011 1.526023 2.650970 5.867005 12.835210
 0.000248 1.693712 1.527503 2.649487 5.870702 13.023199
 0.000248 1.695495 1.529319 2.647865 5.872679 13.124290
 0.000249 1.695913 1.531107 2.646084 5.873104 13.146124
 0.000249 1.695019 1.532250 2.644184 5.871452 13.061550
 0.000250 1.692986 1.532508 2.642112 5.867606 12.865693
 0.000250 1.689917 1.532237 2.639896 5.862051 12.585453
 0.000251 1.686496 1.531506 2.637586 5.855587 12.263263
 0.000251 1.683331 1.530112 2.635246 5.848689 11.924016
 0.000252 1.680663 1.527751 2.632794 5.841208 11.561471
 0.000252 1.678623 1.524355 2.630242 5.833219 11.180509
 0.000253 1.677678 1.520448 2.627634 5.825760 10.830582
 0.000253 1.678159 1.515939 2.625053 5.819150 10.525121
 0.000254 1.680026 1.511602 2.622423 5.814050 10.292436
 0.000254 1.683295 1.507605 2.619815 5.810716 10.141694
 0.000255 1.687737 1.503798 2.617246 5.808781 10.054743
 0.000255 1.693563 1.500786 2.614685 5.809033 10.066073
 0.000256 1.700729 1.498345 2.612135 5.811209 10.163922
 0.000256 1.708456 1.496077 2.609558 5.814092 10.294311
 0.000257 1.716447 1.494221 2.606986 5.817655 10.456627
 0.000257 1.724188 1.492722 2.604444 5.821355 10.626499
 0.000258 1.731455 1.491782 2.601994 5.825232 10.805986
 0.000258 1.737873 1.491247 2.599641 5.828760 10.970660
 0.000259 1.742773 1.491417 2.597353 5.831543 11.101388
 0.000259 1.746042 1.492069 2.595207 5.833318 11.185202
 0.000260 1.747055 1.493200 2.593142 5.833398 11.188949
 0.000260 1.745767 1.495191 2.591208 5.832166 11.130754
 0.000261 1.742565 1.497440 2.589412 5.829418 11.001464
 0.000261 1.737365 1.499919 2.587801 5.825084 10.799146
 0.000262 1.730313 1.502585 2.586237 5.819134 10.524379
 0.000262 1.721746 1.505225 2.584753 5.811724 10.187165
 0.000263 1.711969 1.507876 2.583515 5.803361 9.813145
 0.000263 1.701472 1.510030 2.582338 5.793840 9.395882
 0.000264 1.691024 1.511527 2.581193 5.783744 8.963342
 0.000264 1.681396 1.513094 2.580163 5.774653 8.582575
 0.000265 1.673411 1.514738 2.579245 5.767395 8.284485
 0.000265 1.667226 1.516656 2.578468 5.762350 8.080389
 0.000266 1.663487 1.518816 2.577806 5.760109 7.990562
 0.000266 1.662231 1.520886 2.577182 5.760299 7.998158
 0.000267 1.663347 1.523051 2.576605 5.763003 8.106666
 0.000267 1.666722 1.525127 2.576212 5.768061 8.311626
 0.000268 1.672440 1.526811 2.575819 5.775070 8.599857
 0.000268 1.680049 1.528269 2.575490 5.783808 8.966059
 0.000269 1.689206 1.529610 2.575177 5.793994 9.402564
 0.000269 1.699525 1.530535 2.574858 5.804918 9.882262
 0.000270 1.710117 1.530505 2.574578 5.815200 10.344684
 0.000270 1.720067 1.530261 2.574364 5.824691 10.780890
 0.000271 1.728618 1.529699 2.574174 5.832490 11.146069
 0.000271 1.734847 1.528609 2.573919 5.837374 11.377859
 0.000272 1.738567 1.526976 2.573702 5.839245 11.467255
 0.000272 1.739711 1.524919 2.573470 5.838099 11.412470
 0.000273 1.737756 1.522626 2.573158 5.833540 11.195678
 0.000273 1.732451 1.520209 2.572770 5.825430 10.815214
 0.000274 1.724343 1.517901 2.572386 5.814631 10.318791
 0.000274 1.713977 1.515912 2.571899 5.801788 9.743604
 0.000275 1.702257 1.514754 2.571323 5.788333 9.158712
 0.000275 1.690171 1.514853 2.570682 5.775705 8.626224
 0.000276 1.678302 1.516696 2.569898 5.764897 8.183108
 0.000276 1.666942 1.520599 2.569058 5.756599 7.850856
 0.000277 1.656582 1.526917 2.568152 5.751652 7.656058
 0.000277 1.647886 1.535637 2.567215 5.750738 7.620358
 0.000278 1.641145 1.545978 2.566312 5.753435 7.725981
 0.000278 1.636362 1.557131 2.565490 5.758983 7.945625
 0.000279 1.633853 1.568553 2.564628 5.767035 8.269840
 0.000279 1.633178 1.579553 2.563754 5.776485 8.658646
 0.000280 1.633665 1.589729 2.562874 5.786268 9.070521
 0.000280 1.635003 1.598560 2.561988 5.795551 9.470206
 0.000281 1.637114 1.605069 2.561093 5.803275 9.809374
 0.000281 1.639353 1.609211 2.560210 5.808774 10.054427
 0.000282 1.641055 1.611055 2.559270 5.811380 10.171625
 0.000282 1.641244 1.610044 2.558298 5.809586 10.090893
 0.000283 1.640158 1.606760 2.557248 5.804166 9.848847
 0.000283 1.637684 1.601809 2.556204 5.795698 9.476626
 0.000284 1.633920 1.595804 2.555215 5.784939 9.014002
 0.000284 1.628437 1.588797 2.554218 5.771452 8.450474
 0.000285 1.621484 1.581347 2.553247 5.756077 7.830207
 0.000285 1.613236 1.574464 2.552268 5.739968 7.205702
 0.000286 1.604036 1.568598 2.551368 5.724002 6.612329
 0.000286 1.593821 1.564415 2.550599 5.708835 6.072276
 0.000287 1.583775 1.562347 2.549967 5.696089 5.636202
 0.000287 1.574659 1.562889 2.549398 5.686946 5.333422
 0.000288 1.566737 1.566297 2.548915 5.681949 5.171447
 0.000288 1.560325 1.572459 2.548564 5.681347 5.152116
 0.000289 1.555770 1.581326 2.548328 5.685424 5.283813
 0.000289 1.552828 1.592419 2.548219 5.693466 5.548477
 0.000290 1.551507 1.605498 2.548227 5.705232 5.947362
 0.000290 1.551631 1.619357 2.548393 5.719381 6.445347
 0.000291 1.552677 1.632901 2.548609 5.734188 6.987919
 0.000291 1.554187 1.645562 2.548821 5.748570 7.535950
 0.000292 1.556417 1.656496 2.549150 5.762063 8.068892
 0.000292 1.558825 1.665101 2.549627 5.773553 8.537049
 0.000293 1.560871 1.670572 2.550222 5.781665 8.875549
 0.000293 1.562654 1.672932 2.550839 5.786425 9.077227
 0.000294 1.563884 1.671737 2.551515 5.787136 9.107543
 0.000294 1.564386 1.667352 2.552280 5.784018 8.974958
 0.000295 1.563778 1.660709 2.553144 5.777631 8.706397
 0.000295 1.562121 1.652071 2.554125 5.768317 8.322067
 0.000296 1.559811 1.642403 2.555253 5.757467 7.885320
 0.000296 1.557043 1.632475 2.556503 5.746021 7.437294
 0.000297 1.554707 1.623329 2.557881 5.735917 7.052706
 0.000297 1.552736 1.616170 2.559337 5.728242 6.767415
 0.000298 1.550813 1.611246 2.560933 5.722991 6.575630
 0.000298 1.549244 1.608805 2.562613 5.720662 6.491409
 0.000299 1.548417 1.609550 2.564306 5.722273 6.549599
 0.000299 1.548375 1.613594 2.566080 5.728049 6.760309
 0.000300 1.548656 1.620462 2.567888 5.737006 7.093675
 0.000300 1.548651 1.629854 2.569807 5.748313 7.525951
 0.000301 1.548751 1.641228 2.571839 5.761818 8.059019
 0.000301 1.548581 1.653836 2.573982 5.776399 8.655063
 0.000302 1.547671 1.667352 2.576284 5.791308 9.286442
 0.000302 1.545966 1.680661 2.578678 5.805305 9.899470
 0.000303 1.543521 1.692553 2.581073 5.817147 10.433433
 0.000303 1.540597 1.702305 2.583450 5.826352 10.858136
 0.000304 1.537351 1.708933 2.585802 5.832086 11.126965
 0.000304 1.533622 1.712060 2.588129 5.833811 11.208501
 0.000305 1.529577 1.711682 2.590536 5.831795 11.113240
 0.000305 1.525558 1.708038 2.592972 5.826568 10.868201
 0.000306 1.522012 1.701285 2.595457 5.818753 10.506920
 0.000306 1.519510 1.692165 2.598013 5.809688 10.095481
 0.000307 1.518038 1.681286 2.600635 5.799959 9.663039
 0.000307 1.517236 1.669260 2.603329 5.789826 9.222688
 0.000308 1.517034 1.657108 2.606068 5.780211 8.814373
 0.000308 1.517838 1.645800 2.608912 5.772550 8.495653
 0.000309 1.519540 1.635584 2.611803 5.766927 8.265462
 0.000309 1.522437 1.626739 2.614755 5.763931 8.144104
 0.000310 1.526534 1.620022 2.617802 5.764358 8.161344
 0.000310 1.531395 1.615354 2.620936 5.767684 8.296271
 0.000311 1.536694 1.612876 2.624054 5.773624 8.539991
 0.000311 1.542408 1.612899 2.627195 5.782503 8.910875
 0.000312 1.548088 1.615376 2.630364 5.793829 9.395417
 0.000312 1.553102 1.619278 2.633616 5.805997 9.930273
 0.000313 1.556950 1.624208 2.636901 5.818059 10.475116
 0.000313 1.559555 1.629916 2.640207 5.829678 11.013698
 0.000314 1.560890 1.635672 2.643385 5.839947 11.500901
 0.000314 1.561051 1.641044 2.646368 5.848463 11.912966
 0.000315 1.560290 1.645196 2.649158 5.854644 12.216559
 0.000315 1.558534 1.647472 2.651925 5.857931 12.379617
 0.000316 1.555787 1.647497 2.654599 5.857884 12.377263
 0.000316 1.552690 1.645128 2.657294 5.855113 12.239768
 0.000317 1.549513 1.640377 2.659980 5.849870 11.981737
 0.000317 1.546598 1.633195 2.662600 5.842393 11.618520
 0.000318 1.544310 1.624065 2.665180 5.833555 11.196382
 0.000318 1.542899 1.613630 2.667626 5.824155 10.756006
 0.000319 1.542926 1.602354 2.670048 5.815327 10.350460
 0.000319 1.544521 1.590765 2.672429 5.807715 10.007002
 0.000320 1.547963 1.578759 2.674728 5.801449 9.728651
 0.000320 1.553932 1.567419 2.677006 5.798358 9.592762
 0.000321 1.561891 1.557169 2.679193 5.798253 9.588181
 0.000321 1.571324 1.548311 2.681319 5.800955 9.706850
 0.000322 1.582143 1.541305 2.683357 5.806805 9.966327
 0.000322 1.594232 1.536548 2.685224 5.816005 10.381292
 0.000323 1.607133 1.534318 2.686946 5.828397 10.953619
 0.000323 1.619650 1.534214 2.688539 5.842403 11.619006
 0.000324 1.631196 1.535630 2.690108 5.856933 12.329983
 0.000324 1.641050 1.538132 2.691616 5.870797 13.028093
 0.000325 1.648781 1.541305 2.692957 5.883043 13.660671
 0.000325 1.653940 1.544617 2.694202 5.892759 14.173217
 0.000326 1.656409 1.547314 2.695308 5.899031 14.509141
 0.000326 1.655984 1.549327 2.696281 5.901592 14.647403
 0.000327 1.652772 1.550052 2.697151 5.899974 14.560002
 0.000327 1.647273 1.549050 2.697970 5.894293 14.255057
 0.000328 1.639521 1.545879 2.698698 5.884099 13.715902
 0.000328 1.630046 1.540938 2.699360 5.870344 13.004966
 0.000329 1.619759 1.534375 2.699924 5.854058 12.187658
 0.000329 1.608780 1.526331 2.700385 5.835496 11.288429
 0.000330 1.597924 1.517103 2.700683 5.815710 10.367871
 0.000330 1.588054 1.507219 2.700885 5.796158 9.496644
 0.000331 1.579672 1.497824 2.700980 5.778477 8.741709
 0.000331 1.573586 1.489338 2.701009 5.763933 8.144180
 0.000332 1.569916 1.482400 2.700996 5.753312 7.721168
 0.000332 1.569065 1.477296 2.700916 5.747276 7.485802
 0.000333 1.570916 1.474165 2.700721 5.745802 7.428856
 0.000333 1.575855 1.472899 2.700454 5.749207 7.560707
 0.000334 1.583346 1.473413 2.700043 5.756801 7.858891
 0.000334 1.592699 1.474990 2.699517 5.767207 8.276833
 0.000335 1.603188 1.477022 2.698966 5.779177 8.771026
 0.000335 1.614084 1.479073 2.698367 5.791525 9.295823
 0.000336 1.624603 1.480767 2.697691 5.803061 9.799881
 0.000336 1.634170 1.481357 2.696862 5.812390 10.217240
 0.000337 1.641674 1.480537 2.695848 5.818059 10.475126
 0.000337 1.646924 1.477811 2.694724 5.819459 10.539306
 0.000338 1.649286 1.473413 2.693473 5.816172 10.388917
 0.000338 1.648868 1.467867 2.692009 5.808744 10.053079
 0.000339 1.645731 1.461349 2.690413 5.797493 9.554940
 0.000339 1.639883 1.454363 2.688627 5.782874 8.926525
 0.000340 1.632284 1.447423 2.686721 5.766428 8.245197
 0.000340 1.623736 1.441452 2.684709 5.749897 7.587538
 0.000341 1.614513 1.437141 2.682512 5.734166 6.987101
 0.000341 1.605895 1.435075 2.680330 5.721300 6.514428
 0.000342 1.598728 1.435439 2.678052 5.712219 6.190782
 0.000342 1.593570 1.438296 2.675795 5.707661 6.031414
 0.000343 1.590596 1.443485 2.673547 5.707628 6.030269
 0.000343 1.590359 1.451186 2.671315 5.712860 6.213336
 0.000344 1.592541 1.461093 2.669024 5.722658 6.563534
 0.000344 1.596864 1.472183 2.666768 5.735815 7.048893
 0.000345 1.603328 1.483567 2.664483 5.751378 7.645330
 0.000345 1.611789 1.494311 2.662223 5.768324 8.322332
 0.000346 1.621769 1.503984 2.659975 5.785729 9.047565
 0.000346 1.632276 1.511484 2.657696 5.801457 9.728991
 0.000347 1.642972 1.516033 2.655358 5.814363 10.306640
 0.000347 1.653166 1.516863 2.653001 5.823030 10.703898
 0.000348 1.661891 1.514432 2.650760 5.827083 10.892212
 0.000348 1.668917 1.509059 2.648610 5.826586 10.869061
 0.000349 1.673715 1.501830 2.646469 5.822015 10.656956
 0.000349 1.676210 1.493762 2.644264 5.814235 10.300826
 0.000350 1.675552 1.485684 2.642193 5.803429 9.816169
 0.000350 1.672405 1.478656 2.640177 5.791237 9.283423
 0.000351 1.667254 1.473531 2.638102 5.778887 8.758892
 0.000351 1.660356 1.471025 2.636019 5.767400 8.284705
 0.000352 1.652462 1.471249 2.633949 5.757660 7.892979
 0.000352 1.643690 1.474732 2.631897 5.750319 7.604008
 0.000353 1.634333 1.481578 2.629847 5.745758 7.427150
 0.000353 1.624797 1.491501 2.627842 5.744139 7.364895
 0.000354 1.615824 1.503892 2.625991 5.745707 7.425206
 0.000354 1.607531 1.518711 2.624240 5.750483 7.610373
 0.000355 1.600150 1.534825 2.622543 5.757519 7.887352
 0.000355 1.593523 1.551963 2.620966 5.766453 8.246174
 0.000356 1.587772 1.569981 2.619435 5.777188 8.687906
 0.000356 1.583236 1.587663 2.617952 5.788851 9.180862
 0.000357 1.579308 1.604013 2.616560 5.799881 9.659597
 0.000357 1.576345 1.617975 2.615168 5.809488 10.086498
 0.000358 1.574419 1.629315 2.613874 5.817608 10.454481
 0.000358 1.573454 1.637513 2.612632 5.823599 10.730235
 0.000359 1.572810 1.641878 2.611315 5.826002 10.841847
 0.000359 1.572478 1.642968 2.609974 5.825421 10.814796
 0.000360 1.572477 1.641156 2.608647 5.822280 10.669191
 0.000360 1.572435 1.637421 2.607349 5.817205 10.436077
 0.000361 1.572177 1.632297 2.606031 5.810505 10.132200
 0.000361 1.572125 1.626342 2.604772 5.803239 9.807760
 0.000362 1.572155 1.620574 2.603596 5.796325 9.503945
 0.000362 1.572608 1.616003 2.602353 5.790965 9.271677
 0.000363 1.573588 1.613528 2.601116 5.788232 9.154374
 0.000363 1.575084 1.613644 2.599853 5.788581 9.169307
 0.000364 1.576798 1.616342 2.598592 5.791732 9.304737
 0.000364 1.578476 1.621716 2.597258 5.797449 9.553017
 0.000365 1.579828 1.629425 2.595898 5.805151 9.892640
 0.000365 1.580722 1.639145 2.594466 5.814334 10.305298
 0.000366 1.581099 1.650839 2.593015 5.824954 10.793065
 0.000366 1.580627 1.664154 2.591543 5.836323 11.327746
 0.000367 1.579896 1.678616 2.589990 5.848503 11.914927
 0.000367 1.578995 1.693058 2.588423 5.860476 12.506555
 0.000368 1.577612 1.706688 2.586838 5.871138 13.045479
 0.000368 1.575356 1.718881 2.585224 5.879461 13.474085
 0.000369 1.572689 1.728735 2.583550 5.884974 13.761787
 0.000369 1.569944 1.735947 2.581748 5.887639 13.901981
 0.000370 1.567101 1.739800 2.579825 5.886726 13.853859
 0.000370 1.564001 1.740543 2.577736 5.882280 13.620796
 0.000371 1.561367 1.738227 2.575539 5.875134 13.250376
 0.000371 1.559276 1.733156 2.573174 5.865605 12.764415
 0.000372 1.558067 1.725744 2.570664 5.854475 12.208214
 0.000372 1.557845 1.716453 2.568118 5.842417 11.619668
 0.000373 1.558690 1.706408 2.565565 5.830664 11.060005
 0.000373 1.560999 1.696526 2.563032 5.820558 10.589819
 0.000374 1.565221 1.687238 2.560494 5.812953 10.242687
 0.000374 1.571088 1.679238 2.557930 5.808256 10.031226
 0.000375 1.578071 1.672793 2.555356 5.806219 9.940205
 0.000375 1.585631 1.668049 2.552851 5.806531 9.954102
 0.000376 1.593309 1.665107 2.550321 5.808737 10.052769
 0.000376 1.600708 1.664051 2.547833 5.812591 10.226332
 0.000377 1.607326 1.664885 2.545409 5.817620 10.455041
 0.000377 1.612496 1.667982 2.542995 5.823472 10.724348
 0.000378 1.615964 1.673069 2.540565 5.829599 11.009956
 0.000378 1.617244 1.679745 2.538176 5.835164 11.272656
 0.000379 1.616236 1.687369 2.535781 5.839386 11.474014
 0.000379 1.613263 1.695935 2.533375 5.842573 11.627190
 0.000380 1.608059 1.704920 2.530979 5.843958 11.694099
 0.000380 1.600134 1.714116 2.528609 5.842859 11.640978
 0.000381 1.589841 1.722614 2.526345 5.838800 11.445975
 0.000381 1.577604 1.730198 2.524129 5.831931 11.119687
 0.000382 1.564472 1.736413 2.521946 5.822831 10.694667
 0.000382 1.550902 1.741205 2.519839 5.811946 10.197172
 0.000383 1.537750 1.744171 2.517799 5.799720 9.652541
 0.000383 1.525800 1.745490 2.515838 5.787129 9.107221
 0.000384 1.515773 1.745331 2.513899 5.775004 8.597099
 0.000384 1.507952 1.743539 2.512090 5.763581 8.129980
 0.000385 1.502784 1.740374 2.510459 5.753616 7.733124
 0.000385 1.500194 1.736067 2.508941 5.745201 7.405731
 0.000386 1.500925 1.730896 2.507563 5.739383 7.183511
 0.000386 1.504686 1.725519 2.506295 5.736500 7.074630
 0.000387 1.511754 1.720336 2.505227 5.737317 7.105388
 0.000387 1.521589 1.715417 2.504247 5.741253 7.254565
 0.000388 1.533682 1.710981 2.503386 5.748049 7.515743
 0.000388 1.547214 1.706930 2.502697 5.756840 7.860435
 0.000389 1.561497 1.703535 2.502115 5.767148 8.274431
 0.000389 1.575712 1.700908 2.501711 5.778331 8.735634
 0.000390 1.588956 1.698585 2.501425 5.788966 9.185813
 0.000390 1.600124 1.696401 2.501317 5.797842 9.570192
 0.000391 1.608189 1.694157 2.501345 5.803691 9.827792
 0.000391 1.612664 1.692052 2.501529 5.806246 9.941376
 0.000392 1.613370 1.689857 2.501757 5.804985 9.885255
 0.000392 1.610255 1.687869 2.502110 5.800234 9.675126
 0.000393 1.603964 1.685957 2.502573 5.792494 9.337627
 0.000393 1.594983 1.684176 2.503091 5.782251 8.900228
 0.000394 1.584430 1.682736 2.503745 5.770912 8.428263
 0.000394 1.573419 1.681907 2.504524 5.759850 7.980211
 0.000395 1.562731 1.680733 2.505382 5.748847 7.546684
 0.000395 1.553328 1.679243 2.506319 5.738890 7.164805
 0.000396 1.545968 1.677615 2.507327 5.730910 6.865917
 0.000396 1.541144 1.675591 2.508300 5.725035 6.649947
 0.000397 1.539138 1.673263 2.509362 5.721762 6.531136
 0.000397 1.539756 1.670151 2.510508 5.720415 6.482513
 0.000398 1.543015 1.666342 2.511665 5.721023 6.504424
 0.000398 1.549054 1.661969 2.512904 5.723926 6.609571
 0.000399 1.557432 1.656911 2.514205 5.728547 6.778648
 0.000399 1.567356 1.651362 2.515558 5.734276 6.991221
 0.000400 1.577896 1.645351 2.516946 5.740194 7.214255
 0.000400 1.588782 1.639082 2.518493 5.746357 7.450271
 0.000401 1.599276 1.632629 2.520048 5.751954 7.667888
 0.000401 1.608347 1.625934 2.521605 5.755886 7.822629
 0.000402 1.614805 1.619789 2.523247 5.757841 7.900171
 0.000402 1.617902 1.614319 2.524870 5.757091 7.870366
 0.000403 1.617442 1.609409 2.526566 5.753417 7.725291
 0.000403 1.613569 1.604902 2.528349 5.746820 7.468163
 0.000404 1.606166 1.601415 2.530261 5.737842 7.125212
 0.000404 1.595650 1.599312 2.532374 5.727337 6.734148
 0.000405 1.582560 1.598761 2.534637 5.715958 6.323030
 0.000405 1.567914 1.599490 2.537065 5.704469 5.921059
 0.000406 1.552279 1.601698 2.539666 5.693643 5.554391
 0.000406 1.536807 1.605492 2.542342 5.684640 5.258383
 0.000407 1.522528 1.610432 2.545099 5.678059 5.047122
 0.000407 1.510351 1.616546 2.547962 5.674859 4.945958
 0.000408 1.500380 1.623307 2.550949 5.674635 4.938929
 0.000408 1.492722 1.630198 2.554004 5.676924 5.011109
 0.000409 1.488124 1.637013 2.557103 5.682240 5.180833
 0.000409 1.486540 1.643514 2.560188 5.690242 5.441598
 0.000410 1.487811 1.648868 2.563401 5.700080 5.770989
 0.000410 1.491740 1.652528 2.566663 5.710931 6.145525
 0.000411 1.498460 1.654275 2.569923 5.722658 6.563541
 0.000411 1.507312 1.653681 2.573222 5.734215 6.988937
 0.000412 1.517579 1.650316 2.576506 5.744400 7.374932
 0.000412 1.528978 1.644538 2.579757 5.753272 7.719603
 0.000413 1.541081 1.636288 2.582956 5.760325 7.999215
 0.000413 1.553309 1.625749 2.585989 5.765047 8.189173
 0.000414 1.563948 1.613686 2.588959 5.766593 8.251860
 0.000414 1.572904 1.600819 2.591963 5.765685 8.215031
 0.000415 1.579376 1.587901 2.594919 5.762196 8.074227
 0.000415 1.583325 1.575829 2.597780 5.756934 7.864160
 0.000416 1.584935 1.565243 2.600548 5.750727 7.619897
 0.000416 1.583798 1.556150 2.603305 5.743253 7.330931
 0.000417 1.580676 1.548703 2.605954 5.735333 7.030800
 0.000417 1.576232 1.543654 2.608606 5.728493 6.776645
 0.000418 1.571053 1.541238 2.611187 5.723478 6.593278
 0.000418 1.565891 1.541611 2.613586 5.721087 6.506756
 0.000419 1.561588 1.544829 2.615865 5.722283 6.549962
 0.000419 1.558704 1.550592 2.618056 5.727351 6.734681
 0.000420 1.557351 1.558248 2.620175 5.735775 7.047374
 0.000420 1.557795 1.567420 2.622223 5.747438 7.492073
 0.000421 1.560286 1.577499 2.624193 5.761978 8.065460
 0.000421 1.565063 1.587389 2.626116 5.778568 8.745535
 0.000422 1.571691 1.595854 2.627982 5.795528 9.469201
 0.000422 1.579778 1.601653 2.629767 5.811198 10.163421
 0.000423 1.588882 1.604650 2.631516 5.825048 10.797459
 0.000423 1.598424 1.604425 2.633122 5.835971 11.311005
 0.000424 1.608243 1.600983 2.634590 5.843816 11.687223
 0.000424 1.617688 1.594523 2.636026 5.848237 11.901918
 0.000425 1.626630 1.585303 2.637424 5.849357 11.956665
 0.000425 1.634835 1.574255 2.638695 5.847784 11.879871
 0.000426 1.642055 1.561934 2.639835 5.843824 11.687594
 0.000426 1.648627 1.549076 2.640919 5.838622 11.437431
 0.000427 1.654151 1.536730 2.641917 5.832798 11.160597
 0.000427 1.658342 1.525450 2.642813 5.826605 10.869935
 0.000428 1.661204 1.515797 2.643625 5.820626 10.592928
 0.000428 1.662986 1.508544 2.644377 5.815906 10.376807
 0.000429 1.663495 1.504339 2.645032 5.812865 10.238733
 0.000429 1.663379 1.503039 2.645650 5.812069 10.202728
 0.000430 1.662362 1.504365 2.646174 5.812901 10.240350
 0.000430 1.660345 1.508663 2.646640 5.815649 10.365089
 0.000431 1.657552 1.515600 2.647051 5.820203 10.573465
 0.000431 1.654055 1.524764 2.647332 5.826152 10.848802
 0.000432 1.650211 1.535713 2.647686 5.833611 11.199023
 0.000432 1.646128 1.547993 2.648114 5.842235 11.610917
 0.000433 1.641413 1.561052 2.648559 5.851025 12.038358
 0.000433 1.636301 1.574205 2.648918 5.859424 12.453992
 0.000434 1.630716 1.586574 2.649241 5.866531 12.811222
 0.000434 1.624916 1.597394 2.649572 5.871882 13.083495
 0.000435 1.619149 1.606249 2.649935 5.875333 13.260662
 0.000435 1.613368 1.612487 2.650200 5.876055 13.297836
 0.000436 1.608035 1.615710 2.650373 5.874117 13.198088
 0.000436 1.603086 1.615857 2.650493 5.869436 12.958695
 0.000437 1.598410 1.612892 2.650650 5.861952 12.580498
 0.000437 1.594046 1.607081 2.650774 5.851901 12.081390
 0.000438 1.590680 1.599061 2.650917 5.840658 11.535058
 0.000438 1.588248 1.589162 2.651016 5.828426 10.954998
 0.000439 1.586272 1.578014 2.651087 5.815373 10.352543
 0.000439 1.584923 1.566615 2.651210 5.802749 9.786062
 0.000440 1.584300 1.555419 2.651216 5.790935 9.270411
 0.000440 1.584128 1.545393 2.651154 5.780675 8.833877
 0.000441 1.584615 1.537075 2.651066 5.772756 8.504138
 0.000441 1.585604 1.530687 2.650994 5.767285 8.280035
 0.000442 1.586502 1.526627 2.650947 5.764076 8.149945
 0.000442 1.586949 1.525096 2.650936 5.762981 8.105785
 0.000443 1.586873 1.526410 2.650880 5.764163 8.153442
 0.000443 1.586205 1.530583 2.650869 5.767657 8.295177
 0.000444 1.584830 1.537220 2.650865 5.772915 8.510727
 0.000444 1.582505 1.546036 2.650856 5.779397 8.780246
 0.000445 1.578889 1.556444 2.650792 5.786125 9.064454
 0.000445 1.574282 1.568256 2.650704 5.793242 9.370012
 0.000446 1.568575 1.580790 2.650680 5.800045 9.666827
 0.000446 1.561641 1.593030 2.650671 5.805342 9.901112
 0.000447 1.553766 1.604294 2.650504 5.808563 10.044983
 0.000447 1.545710 1.614050 2.650300 5.810061 10.112213
 0.000448 1.537783 1.621618 2.650057 5.809457 10.085101
 0.000448 1.530165 1.626683 2.649819 5.806667 9.960180
 0.000449 1.523364 1.628605 2.649574 5.801542 9.732751
 0.000449 1.517993 1.627548 2.649294 5.794835 9.439071
 0.000450 1.514358 1.623748 2.648982 5.787088 9.105499
 0.000450 1.512270 1.617760 2.648620 5.778650 8.748960
 0.000451 1.512276 1.610697 2.648308 5.771281 8.443430
 0.000451 1.514713 1.602837 2.648001 5.765551 8.209597
 0.000452 1.519104 1.594328 2.647707 5.761139 8.031781
 0.000452 1.525242 1.586204 2.647504 5.758951 7.944336
 0.000453 1.532809 1.579326 2.647297 5.759432 7.963530
 0.000453 1.541275 1.573992 2.646957 5.762224 8.075344
 0.000454 1.550108 1.571007 2.646607 5.767723 8.297833
 0.000454 1.558831 1.570713 2.646224 5.775767 8.628781
 0.000455 1.567070 1.573111 2.645752 5.785932 9.056227
 0.000455 1.573816 1.578486 2.645189 5.797491 9.554832
 0.000456 1.578551 1.587025 2.644534 5.810109 10.114390
 0.000456 1.581162 1.598286 2.643815 5.823263 10.714681
 0.000457 1.581470 1.611681 2.643032 5.836183 11.321095
 0.000457 1.579252 1.626662 2.642029 5.847942 11.887559
 0.000458 1.574486 1.642274 2.640918 5.857679 12.367042
 0.000458 1.567073 1.658105 2.639720 5.864898 12.728709
 0.000459 1.558155 1.673758 2.638327 5.870241 12.999701
 0.000459 1.548039 1.688254 2.636752 5.873045 13.143060
 0.000460 1.537594 1.700477 2.634997 5.873069 13.144284
 0.000460 1.527210 1.710111 2.632960 5.870280 13.001706
 0.000461 1.517608 1.717008 2.630751 5.865367 12.752366
 0.000461 1.509068 1.720590 2.628345 5.858004 12.383223
 0.000462 1.502200 1.721334 2.625796 5.849330 11.955302
 0.000462 1.497595 1.719129 2.623151 5.839875 11.497462
 0.000463 1.495628 1.714461 2.620431 5.830521 11.053259
 0.000463 1.496323 1.707648 2.617637 5.821609 10.638226
 0.000464 1.499486 1.699275 2.614780 5.813541 10.269346
 0.000464 1.504991 1.689757 2.611740 5.806487 9.952146
 0.000465 1.512950 1.679659 2.608577 5.801186 9.717050
 0.000465 1.522943 1.669206 2.605358 5.797507 9.555559
 0.000466 1.534337 1.659036 2.602152 5.795525 9.469092
 0.000466 1.546240 1.649306 2.598953 5.794499 9.424499
 0.000467 1.558155 1.640813 2.595705 5.794673 9.432062
 0.000467 1.569316 1.633656 2.592415 5.795388 9.463109
 0.000468 1.578350 1.628287 2.589059 5.795696 9.476542
 0.000468 1.584359 1.624693 2.585728 5.794780 9.436686
 0.000469 1.586778 1.623125 2.582349 5.792252 9.327174
 0.000469 1.585364 1.623345 2.579003 5.787713 9.132167
 0.000470 1.580242 1.625212 2.575659 5.781113 8.852313
 0.000470 1.572468 1.628507 2.572398 5.773373 8.529634
 0.000471 1.562280 1.633376 2.569225 5.764881 8.182481
 0.000471 1.550232 1.639553 2.566117 5.755902 7.823289
 0.000472 1.537488 1.646687 2.563114 5.747289 7.486290
 0.000472 1.524556 1.653821 2.560200 5.738577 7.152997
 0.000473 1.512546 1.660339 2.557370 5.730255 6.841690
 0.000473 1.502883 1.666483 2.554686 5.724052 6.614142
 0.000474 1.495933 1.672002 2.552204 5.720138 6.472571
 0.000474 1.492012 1.676525 2.549932 5.718469 6.412660
 0.000475 1.491371 1.679860 2.547894 5.719125 6.436175
 0.000475 1.493906 1.681497 2.545938 5.721341 6.515918
 0.000476 1.499566 1.681689 2.544079 5.725334 6.660861
 0.000476 1.508230 1.680828 2.542309 5.731368 6.882894
 0.000477 1.518530 1.678693 2.540726 5.737949 7.129245
 0.000477 1.530393 1.675505 2.539252 5.745150 7.403769
 0.000478 1.543598 1.671274 2.537915 5.752788 7.700565
 0.000478 1.557074 1.666695 2.536715 5.760484 8.005551
 0.000479 1.570079 1.661959 2.535601 5.767639 8.294441
 0.000479 1.581450 1.657296 2.534618 5.773363 8.529215
 0.000480 1.590346 1.653459 2.533845 5.777650 8.707163
 0.000480 1.596234 1.650774 2.533158 5.780166 8.812482
 0.000481 1.599092 1.649555 2.532528 5.781176 8.854939
 0.000481 1.598930 1.649535 2.531969 5.780435 8.823780
 0.000482 1.595853 1.651096 2.531474 5.778423 8.739464
 0.000482 1.590532 1.654121 2.531110 5.775763 8.628617
 0.000483 1.583532 1.658213 2.530812 5.772557 8.495937
 0.000483 1.575604 1.663310 2.530557 5.769471 8.369215
 0.000484 1.568071 1.669639 2.530429 5.768139 8.314802
 0.000484 1.561598 1.676821 2.530359 5.768778 8.340868
 0.000485 1.557114 1.684299 2.530391 5.771804 8.464952
 0.000485 1.554913 1.691911 2.530480 5.777304 8.692729
 0.000486 1.554826 1.699104 2.530648 5.784577 8.998655
 0.000486 1.556635 1.705169 2.530895 5.792699 9.346519
 0.000487 1.560444 1.709498 2.531222 5.801164 9.716075
 0.000487 1.566518 1.711805 2.531722 5.810045 10.111497
 0.000488 1.574246 1.711818 2.532421 5.818485 10.494643
 0.000488 1.583355 1.708822 2.533235 5.825411 10.814340
 0.000489 1.593699 1.702739 2.534112 5.830551 11.054671
 0.000489 1.604745 1.693593 2.535044 5.833382 11.188212
 0.000490 1.616208 1.682037 2.536110 5.834354 11.234258
 0.000490 1.627681 1.668101 2.537179 5.832960 11.168270
 0.000491 1.638716 1.652192 2.538357 5.829266 10.994345
 0.000491 1.648456 1.635397 2.539701 5.823553 10.728105
 0.000492 1.656574 1.618310 2.541148 5.816032 10.382537
 0.000492 1.663127 1.601853 2.542703 5.807683 10.005558
 0.000493 1.667710 1.586584 2.544310 5.798604 9.603567
 0.000493 1.670107 1.573289 2.545923 5.789320 9.200984
 0.000494 1.670400 1.562278 2.547546 5.780224 8.814942
 0.000494 1.669157 1.554409 2.549201 5.772767 8.504609
 0.000495 1.666232 1.550577 2.550947 5.767756 8.299188
 0.000495 1.661855 1.550188 2.552747 5.764790 8.178794
 0.000496 1.656439 1.553097 2.554545 5.764081 8.150156
 0.000496 1.650367 1.559532 2.556444 5.766343 8.241719
 0.000497 1.644266 1.569022 2.558420 5.771708 8.460979
 0.000497 1.638165 1.581657 2.560415 5.780238 8.815505
 0.000498 1.632766 1.596369 2.562428 5.791563 9.297461
 0.000498 1.628355 1.612109 2.564408 5.804872 9.880235
 0.000499 1.624936 1.627118 2.566319 5.818373 10.489494
 0.000499 1.622407 1.640734 2.568275 5.831416 11.095404
 0.000500 1.620708 1.651607 2.570225 5.842540 11.625587
