#! FIELDS time dAB dAC dAD rc bias
 0.000000 1.446394 1.511733 2.679931 5.638057 16.568283
 0.000000 1.468750 1.503030 2.680950 5.652730 17.423688
 0.000001 1.489573 1.489964 2.681703 5.661240 17.929662
 0.000001 1.507537 1.473572 2.682148 5.663257 18.050624
 0.000002 1.521214 1.454666 2.682355 5.658235 17.750131
 0.000002 1.530199 1.434156 2.682253 5.646608 17.064161
 0.000003 1.534521 1.413745 2.681894 5.630159 16.116755
 0.000003 1.533931 1.394948 2.681309 5.610188 15.002807
 0.000004 1.528893 1.379252 2.680435 5.588579 13.842511
 0.000004 1.520231 1.367898 2.679360 5.567489 12.755048
 0.000005 1.508981 1.361167 2.678116 5.548264 11.802507
 0.000005 1.496265 1.359715 2.676661 5.532641 11.055676
 0.000006 1.482758 1.363637 2.674979 5.521374 10.532218
 0.000006 1.469678 1.372940 2.673215 5.515832 10.279405
 0.000007 1.457606 1.386970 2.671258 5.515834 10.279516
 0.000007 1.446580 1.404646 2.669131 5.520357 10.485615
 0.000008 1.437136 1.425190 2.666957 5.529282 10.898315
 0.000008 1.429727 1.447348 2.664716 5.541790 11.490087
 0.000009 1.424078 1.470226 2.662396 5.556699 12.215905
 0.000009 1.420789 1.492463 2.659966 5.573218 13.046049
 0.000010 1.419384 1.512455 2.657403 5.589243 13.877449
 0.000010 1.419857 1.528803 2.654800 5.603460 14.636567
 0.000011 1.421348 1.540444 2.652097 5.613889 15.206258
 0.000011 1.423970 1.546960 2.649243 5.620172 15.554723
 0.000012 1.427818 1.548204 2.646320 5.622341 15.675936
 0.000012 1.433248 1.544714 2.643355 5.621317 15.618662
 0.000013 1.439728 1.537203 2.640284 5.617215 15.390224
 0.000013 1.447047 1.526832 2.637145 5.611024 15.048662
 0.000014 1.455345 1.514667 2.633959 5.603971 14.664219
 0.000014 1.464327 1.501679 2.630656 5.596662 14.271066
 0.000015 1.473642 1.488671 2.627344 5.589657 13.899267
 0.000015 1.482187 1.476361 2.623974 5.582522 13.525618
 0.000016 1.489405 1.464911 2.620619 5.574935 13.133875
 0.000016 1.494735 1.455230 2.617220 5.567185 12.739694
 0.000017 1.497715 1.448167 2.613824 5.559705 12.364934
 0.000017 1.497634 1.443994 2.610512 5.552140 11.991591
 0.000018 1.494414 1.442596 2.607228 5.544238 11.607725
 0.000018 1.488335 1.443985 2.604015 5.536334 11.230014
 0.000019 1.479610 1.448381 2.600939 5.528930 10.881867
 0.000019 1.468826 1.455661 2.598065 5.522552 10.586366
 0.000020 1.457625 1.465968 2.595324 5.518917 10.419765
 0.000020 1.446940 1.478842 2.592632 5.518414 10.396818
 0.000021 1.437490 1.493713 2.589998 5.521201 10.524307
 0.000021 1.429599 1.509700 2.587452 5.526751 10.780470
 0.000022 1.423833 1.526206 2.585001 5.535040 11.168767
 0.000022 1.420541 1.541604 2.582571 5.544716 11.630777
 0.000023 1.419959 1.554597 2.580207 5.554764 12.120420
 0.000023 1.421946 1.563907 2.577921 5.563773 12.568074
 0.000024 1.426593 1.568584 2.575756 5.570932 12.929535
 0.000024 1.433924 1.568421 2.573645 5.575990 13.188034
 0.000025 1.443683 1.563841 2.571585 5.579109 13.348705
 0.000025 1.454860 1.554677 2.569458 5.578995 13.342796
 0.000026 1.466496 1.541874 2.567299 5.575669 13.171569
 0.000026 1.477736 1.526755 2.565218 5.569710 12.867460
 0.000027 1.488210 1.510777 2.563218 5.562205 12.489551
 0.000027 1.497430 1.495293 2.561274 5.553997 12.082716
 0.000028 1.504871 1.481532 2.559332 5.545735 11.679960
 0.000028 1.509967 1.470577 2.557380 5.537924 11.305514
 0.000029 1.512719 1.463051 2.555453 5.531223 10.989109
 0.000029 1.513481 1.459669 2.553445 5.526594 10.773174
 0.000030 1.512881 1.461385 2.551391 5.525657 10.729691
 0.000030 1.511451 1.467857 2.549213 5.528521 10.862779
 0.000031 1.509775 1.479117 2.547085 5.535977 11.213092
 0.000031 1.507399 1.494865 2.544958 5.547221 11.751908
 0.000032 1.504788 1.514787 2.542679 5.562254 12.492027
 0.000032 1.502298 1.538077 2.540389 5.580765 13.434379
 0.000033 1.499828 1.563742 2.538087 5.601656 14.539121
 0.000033 1.498005 1.591019 2.535759 5.624783 15.812969
 0.000034 1.496986 1.618512 2.533326 5.648824 17.193839
 0.000034 1.496519 1.644979 2.530793 5.672291 18.597500
 0.000035 1.496144 1.669219 2.528147 5.693509 19.914056
 0.000035 1.495986 1.690067 2.525413 5.711466 21.063419
 0.000036 1.496077 1.707208 2.522614 5.725900 22.010677
 0.000036 1.496001 1.719851 2.519713 5.735564 22.656571
 0.000037 1.495777 1.727661 2.516525 5.739962 22.953610
 0.000037 1.495442 1.730246 2.513051 5.738740 22.870835
 0.000038 1.495321 1.728036 2.509389 5.732745 22.467222
 0.000038 1.495647 1.721479 2.505602 5.722728 21.800719
 0.000039 1.496688 1.710861 2.501639 5.709188 20.915863
 0.000039 1.498830 1.697189 2.497579 5.693599 19.919716
 0.000040 1.502214 1.681505 2.493536 5.677256 18.901537
 0.000040 1.507106 1.665052 2.489487 5.661645 17.953886
 0.000041 1.513798 1.648576 2.485365 5.647739 17.130256
 0.000041 1.522563 1.632703 2.481159 5.636425 16.474445
 0.000042 1.532936 1.618231 2.476917 5.628084 15.999132
 0.000042 1.544828 1.605744 2.472676 5.623248 15.726770
 0.000043 1.557723 1.595258 2.468372 5.621352 15.620607
 0.000043 1.570944 1.587114 2.463959 5.622017 15.657801
 0.000044 1.583561 1.581338 2.459467 5.624366 15.789489
 0.000044 1.594692 1.578248 2.454894 5.627833 15.984948
 0.000045 1.603587 1.577723 2.450282 5.631592 16.198180
 0.000045 1.610303 1.580120 2.445600 5.636024 16.451429
 0.000046 1.614844 1.585254 2.440880 5.640978 16.736813
 0.000046 1.616989 1.593249 2.436143 5.646381 17.050909
 0.000047 1.616477 1.603621 2.431373 5.651471 17.349411
 0.000047 1.613382 1.616134 2.426603 5.656119 17.624282
 0.000048 1.607646 1.629742 2.421828 5.659216 17.808652
 0.000048 1.599395 1.643123 2.416986 5.659504 17.825813
 0.000049 1.589568 1.655835 2.412110 5.657514 17.707200
 0.000049 1.578736 1.666410 2.407289 5.652434 17.406181
 0.000050 1.567262 1.674484 2.402451 5.644198 16.923641
 0.000050 1.555689 1.679455 2.397589 5.632733 16.263224
 0.000051 1.544456 1.680437 2.392704 5.617597 15.411400
 0.000051 1.534830 1.677500 2.387847 5.600178 14.459494
 0.000052 1.527167 1.671037 2.382963 5.581167 13.455261
 0.000052 1.522140 1.661496 2.378050 5.561686 12.463652
 0.000053 1.520197 1.649407 2.373232 5.542836 11.540296
 0.000053 1.521512 1.636215 2.368546 5.526273 10.758252
 0.000054 1.526029 1.622636 2.363983 5.512647 10.135514
 0.000054 1.533471 1.609420 2.359545 5.502436 9.680959
 0.000055 1.543002 1.597383 2.355208 5.495594 9.382234
 0.000055 1.554186 1.587210 2.351089 5.492485 9.248079
 0.000056 1.566430 1.579527 2.347152 5.493109 9.274924
 0.000056 1.579042 1.575218 2.343366 5.497626 9.470486
 0.000057 1.591351 1.574516 2.339717 5.505584 9.820001
 0.000057 1.601749 1.577674 2.336309 5.515732 10.274891
 0.000058 1.609451 1.584640 2.333226 5.527317 10.806740
 0.000058 1.613549 1.594408 2.330364 5.538321 11.324379
 0.000059 1.613459 1.606416 2.327802 5.547677 11.774038
 0.000059 1.609136 1.620178 2.325474 5.554788 12.121636
 0.000060 1.600761 1.635090 2.323337 5.559188 12.339210
 0.000060 1.588658 1.650271 2.321433 5.560362 12.397617
 0.000061 1.573496 1.665193 2.319824 5.558513 12.305706
 0.000061 1.556305 1.679158 2.318544 5.554007 12.083189
 0.000062 1.538097 1.691055 2.317502 5.546655 11.724463
 0.000062 1.519763 1.700222 2.316835 5.536820 11.253068
 0.000063 1.502562 1.706048 2.316426 5.525037 10.700992
 0.000063 1.487055 1.708016 2.316332 5.511403 10.079564
 0.000064 1.474084 1.705732 2.316523 5.496339 9.414552
 0.000064 1.464321 1.699540 2.316994 5.480855 8.754655
 0.000065 1.458373 1.690060 2.317835 5.466268 8.154902
 0.000065 1.456598 1.677687 2.319011 5.453296 7.639448
 0.000066 1.459404 1.662976 2.320558 5.442939 7.239961
 0.000066 1.467103 1.646789 2.322513 5.436405 6.993480
 0.000067 1.479288 1.629921 2.324932 5.434142 6.909096
 0.000067 1.495240 1.612920 2.327705 5.435866 6.973313
 0.000068 1.514268 1.596469 2.330781 5.441518 7.185989
 0.000068 1.535199 1.581518 2.334114 5.450831 7.543397
 0.000069 1.556564 1.568122 2.337752 5.462438 8.000976
 0.000069 1.576840 1.556556 2.341633 5.475028 8.512515
 0.000070 1.594233 1.547036 2.345772 5.487041 9.015412
 0.000070 1.607168 1.539673 2.350200 5.497041 9.445057
 0.000071 1.613986 1.534544 2.354770 5.503300 9.719039
 0.000071 1.613882 1.531842 2.359579 5.505302 9.807504
 0.000072 1.607036 1.531038 2.364662 5.502736 9.694176
 0.000072 1.594368 1.532275 2.369992 5.496635 9.427407
 0.000073 1.577083 1.535612 2.375513 5.488207 9.065001
 0.000073 1.556845 1.540519 2.381240 5.478605 8.660738
 0.000074 1.535147 1.546534 2.387178 5.468859 8.259881
 0.000074 1.513900 1.553468 2.393314 5.460682 7.930877
 0.000075 1.495135 1.560876 2.399628 5.455638 7.731278
 0.000075 1.479692 1.567947 2.406070 5.453709 7.655582
 0.000076 1.468744 1.574190 2.412608 5.455542 7.727489
 0.000076 1.462846 1.579245 2.419315 5.461407 7.959767
 0.000077 1.462118 1.582771 2.426205 5.471093 8.350948
 0.000077 1.466568 1.583890 2.433169 5.483627 8.871010
 0.000078 1.475663 1.582066 2.440212 5.497941 9.484217
 0.000078 1.489489 1.577453 2.447301 5.514243 10.207480
 0.000079 1.507400 1.570730 2.454378 5.532507 11.049374
 0.000079 1.528097 1.562142 2.461420 5.551660 11.968069
 0.000080 1.550503 1.551967 2.468423 5.570892 12.927527
 0.000080 1.573393 1.541096 2.475433 5.589922 13.913225
 0.000081 1.595100 1.530185 2.482441 5.607726 14.868289
 0.000081 1.614216 1.519858 2.489393 5.623467 15.739042
 0.000082 1.629622 1.509956 2.496245 5.635823 16.439926
 0.000082 1.640514 1.500774 2.502952 5.644240 16.926080
 0.000083 1.646125 1.492997 2.509524 5.648646 17.183412
 0.000083 1.646103 1.486875 2.516031 5.649009 17.204688
 0.000084 1.640728 1.482954 2.522488 5.646170 17.038570
 0.000084 1.630864 1.481017 2.528887 5.640767 16.724635
 0.000085 1.617409 1.481318 2.535163 5.633891 16.329287
 0.000085 1.601877 1.483810 2.541311 5.626999 15.937801
 0.000086 1.584954 1.488478 2.547408 5.620840 15.591997
 0.000086 1.567965 1.495077 2.553314 5.616356 15.342598
 0.000087 1.551951 1.503463 2.559076 5.614490 15.239391
 0.000087 1.537275 1.513248 2.564713 5.615236 15.280621
 0.000088 1.524882 1.524021 2.570191 5.619094 15.494623
 0.000088 1.515216 1.535504 2.575460 5.626179 15.891588
 0.000089 1.508105 1.547304 2.580592 5.636002 16.450148
 0.000089 1.503196 1.559047 2.585504 5.647747 17.130754
 0.000090 1.501014 1.570361 2.590198 5.661573 17.949618
 0.000090 1.501731 1.579943 2.594794 5.676468 18.853158
 0.000091 1.504967 1.586984 2.599228 5.691179 19.767281
 0.000091 1.510714 1.591156 2.603508 5.705379 20.670206
 0.000092 1.518947 1.591949 2.607657 5.718552 21.525868
 0.000092 1.529026 1.588724 2.611638 5.729388 22.242716
 0.000093 1.539986 1.581369 2.615405 5.736760 22.737134
 0.000093 1.551541 1.569480 2.619010 5.740031 22.958277
 0.000094 1.563102 1.553975 2.622443 5.739519 22.923586
 0.000094 1.574363 1.535136 2.625649 5.735148 22.628595
 0.000095 1.585127 1.513570 2.628626 5.727323 22.105182
 0.000095 1.594585 1.490403 2.631402 5.716390 21.384270
 0.000096 1.602505 1.466763 2.633959 5.703228 20.532110
 0.000096 1.608868 1.443393 2.636373 5.688633 19.607540
 0.000097 1.613476 1.421419 2.638536 5.673431 18.667122
 0.000097 1.616036 1.401997 2.640534 5.658567 17.769950
 0.000098 1.616470 1.385195 2.642348 5.644013 16.912883
 0.000098 1.614869 1.370542 2.643921 5.629333 16.069851
 0.000099 1.611164 1.358425 2.645282 5.614871 15.260471
 0.000099 1.605519 1.349014 2.646519 5.601053 14.506603
 0.000100 1.598644 1.342488 2.647622 5.588755 13.851750
 0.000100 1.590779 1.338991 2.648566 5.578335 13.308756
 0.000101 1.582104 1.339263 2.649327 5.570694 12.917414
 0.000101 1.573663 1.343196 2.649872 5.566731 12.716805
 0.000102 1.565663 1.350817 2.650348 5.566828 12.721682
 0.000102 1.558213 1.362501 2.650680 5.571393 12.953012
 0.000103 1.551343 1.377847 2.650966 5.580156 13.402870
 0.000103 1.545613 1.396235 2.651102 5.592950 14.073436
 0.000104 1.541301 1.417044 2.651124 5.609470 14.963503
 0.000104 1.538536 1.439528 2.650997 5.629061 16.054445
 0.000105 1.537068 1.462555 2.650717 5.650340 17.282848
 0.000105 1.536248 1.483778 2.650243 5.670269 18.474409
 0.000106 1.535635 1.501266 2.649607 5.686508 19.474658
 0.000106 1.535110 1.513663 2.648844 5.697617 20.174166
 0.000107 1.534684 1.519390 2.647837 5.701911 20.447850
 0.000107 1.533989 1.517683 2.646639 5.698312 20.218321
 0.000108 1.532949 1.508746 2.645300 5.686995 19.505104
 0.000108 1.531766 1.493541 2.643984 5.669292 18.415031
 0.000109 1.530660 1.473439 2.642718 5.646817 17.076371
 0.000109 1.529408 1.450112 2.641392 5.620912 15.595990
 0.000110 1.528714 1.425775 2.640087 5.594577 14.159871
 0.000110 1.528816 1.402148 2.638744 5.569708 12.867375
 0.000111 1.529877 1.380677 2.637443 5.547997 11.789544
 0.000111 1.531907 1.362532 2.636203 5.530641 10.961848
 0.000112 1.534691 1.348497 2.635072 5.518260 10.389799
 0.000112 1.538167 1.339161 2.634040 5.511369 10.078017
 0.000113 1.541875 1.333842 2.633073 5.508790 9.962604
 0.000113 1.545842 1.332559 2.632202 5.510603 10.043659
 0.000114 1.549607 1.335337 2.631402 5.516347 10.302773
 0.000114 1.552500 1.342331 2.630703 5.525534 10.724014
 0.000115 1.554452 1.352758 2.630209 5.537418 11.281466
 0.000115 1.555072 1.366017 2.629883 5.550973 11.934485
 0.000116 1.553928 1.381797 2.629685 5.565409 12.650215
 0.000116 1.550704 1.399637 2.629617 5.579959 13.392659
 0.000117 1.544913 1.419438 2.629574 5.593925 14.125198
 0.000117 1.537237 1.440877 2.629543 5.607657 14.864481
 0.000118 1.527969 1.462934 2.629647 5.620549 15.575772
 0.000118 1.517124 1.484460 2.629780 5.631364 16.185245
 0.000119 1.505075 1.504280 2.629974 5.639329 16.641558
 0.000119 1.492097 1.520973 2.630316 5.643386 16.876437
 0.000120 1.478783 1.533609 2.630646 5.643038 16.856242
 0.000120 1.465604 1.541111 2.631046 5.637761 16.551249
 0.000121 1.453027 1.543437 2.631553 5.628017 15.995378
 0.000121 1.441397 1.540599 2.632034 5.614029 15.213989
 0.000122 1.431398 1.532088 2.632445 5.595931 14.232030
 0.000122 1.423667 1.519164 2.632768 5.575600 13.167983
 0.000123 1.418983 1.503077 2.633050 5.555110 12.137458
 0.000123 1.417215 1.484743 2.633333 5.535292 11.180670
 0.000124 1.418062 1.465706 2.633622 5.517391 10.350196
 0.000124 1.421929 1.447140 2.633809 5.502878 9.700445
 0.000125 1.428541 1.430180 2.633877 5.492598 9.252916
 0.000125 1.437667 1.415722 2.633840 5.487229 9.023389
 0.000126 1.448721 1.404792 2.633702 5.487215 9.022802
 0.000126 1.461031 1.398327 2.633457 5.492814 9.262235
 0.000127 1.473879 1.396239 2.633080 5.503198 9.714542
 0.000127 1.486722 1.398873 2.632572 5.518167 10.385533
 0.000128 1.497756 1.406108 2.631865 5.535729 11.201365
 0.000128 1.505944 1.417686 2.630927 5.554557 12.110242
 0.000129 1.510627 1.432906 2.629801 5.573333 13.051936
 0.000129 1.511573 1.451055 2.628470 5.591098 13.975356
 0.000130 1.508454 1.471164 2.626985 5.606602 14.807066
 0.000130 1.501645 1.491955 2.625291 5.618891 15.483328
 0.000131 1.491604 1.511847 2.623352 5.626803 15.926749
 0.000131 1.479477 1.529454 2.621206 5.630137 16.115471
 0.000132 1.466065 1.543149 2.618899 5.628112 16.000741
 0.000132 1.452556 1.551881 2.616267 5.620705 15.584465
 0.000133 1.440097 1.555270 2.613348 5.608715 14.922266
 0.000133 1.429512 1.553562 2.610201 5.593274 14.090622
 0.000134 1.421499 1.547745 2.606814 5.576058 13.191502
 0.000134 1.416462 1.538537 2.603210 5.558208 12.290587
 0.000135 1.414843 1.527311 2.599454 5.541608 11.481353
 0.000135 1.416879 1.515835 2.595498 5.528211 10.848372
 0.000136 1.422864 1.505035 2.591376 5.519276 10.436155
 0.000136 1.432875 1.495958 2.587230 5.516062 10.289844
 0.000137 1.446784 1.489578 2.583008 5.519370 10.440469
 0.000137 1.463483 1.486595 2.578690 5.528768 10.874330
 0.000138 1.482471 1.486930 2.574301 5.543701 11.581883
 0.000138 1.503356 1.491052 2.569747 5.564155 12.587224
 0.000139 1.524691 1.498330 2.565091 5.588112 13.817946
 0.000139 1.544895 1.507986 2.560419 5.613299 15.173733
 0.000140 1.562618 1.519678 2.555674 5.637970 16.563250
 0.000140 1.576611 1.532648 2.550861 5.660120 17.862612
 0.000141 1.585445 1.546147 2.545954 5.677547 18.919440
 0.000141 1.588007 1.559357 2.540946 5.688310 19.587292
 0.000142 1.583770 1.571354 2.535884 5.691007 19.756488
 0.000142 1.573005 1.581594 2.530811 5.685410 19.406191
 0.000143 1.556485 1.590335 2.525720 5.672541 18.612739
 0.000143 1.535669 1.597096 2.520615 5.653381 17.462108
 0.000144 1.512127 1.602197 2.515586 5.629911 16.102656
 0.000144 1.487631 1.605976 2.510612 5.604219 14.677623
 0.000145 1.463745 1.608606 2.505724 5.578076 13.295377
 0.000145 1.442249 1.610654 2.501035 5.553937 12.079772
 0.000146 1.424171 1.612616 2.496464 5.533251 11.084393
 0.000146 1.410569 1.614833 2.492013 5.517415 10.351300
 0.000147 1.401863 1.617757 2.487702 5.507322 9.897173
 0.000147 1.398553 1.621396 2.483625 5.503575 9.731165
 0.000148 1.400951 1.626172 2.479694 5.506817 9.874724
 0.000148 1.408900 1.631682 2.476009 5.516591 10.313849
 0.000149 1.421939 1.637763 2.472395 5.532097 11.030130
 0.000149 1.439717 1.643791 2.468840 5.552348 12.001798
 0.000150 1.461550 1.649502 2.465438 5.576489 13.213684
 0.000150 1.486803 1.654585 2.462197 5.603585 14.643338
 0.000151 1.513825 1.658249 2.459146 5.631220 16.177041
 0.000151 1.540912 1.660394 2.456267 5.657573 17.710709
 0.000152 1.567152 1.660534 2.453475 5.681160 19.142364
 0.000152 1.590843 1.658327 2.450796 5.699966 20.323631
 0.000153 1.609485 1.653928 2.448206 5.711618 21.073327
 0.000153 1.621952 1.647598 2.445731 5.715281 21.311756
 0.000154 1.627881 1.639446 2.443353 5.710679 21.012396
 0.000154 1.627062 1.630139 2.441062 5.698263 20.215185
 0.000155 1.620490 1.620118 2.438818 5.679426 19.035198
 0.000155 1.609484 1.610201 2.436682 5.656368 17.639051
 0.000156 1.595344 1.601326 2.434680 5.631351 16.184467
 0.000156 1.579652 1.593656 2.432736 5.606044 14.776706
 0.000157 1.563779 1.587924 2.430824 5.582527 13.525873
 0.000157 1.549396 1.584872 2.429105 5.563373 12.548027
 0.000158 1.537478 1.584640 2.427531 5.549649 11.869920
 0.000158 1.528272 1.586935 2.426073 5.541280 11.465628
 0.000159 1.522456 1.591614 2.424730 5.538801 11.347237
 0.000159 1.520472 1.598506 2.423541 5.542519 11.525042
 0.000160 1.522421 1.606558 2.422557 5.551536 11.962037
 0.000160 1.527975 1.615604 2.421773 5.565352 12.647360
 0.000161 1.537523 1.624553 2.421151 5.583226 13.562287
 0.000161 1.550456 1.632217 2.420751 5.603424 14.634623
 0.000162 1.566755 1.638075 2.420534 5.625363 15.845609
 0.000162 1.585741 1.641339 2.420467 5.647546 17.118996
 0.000163 1.606823 1.641078 2.420584 5.668485 18.366139
 0.000163 1.629264 1.637014 2.420742 5.687020 19.506628
 0.000164 1.651829 1.628840 2.420981 5.701650 20.431116
 0.000164 1.673231 1.616639 2.421234 5.711103 21.039907
 0.000165 1.692820 1.600586 2.421465 5.714870 21.284978
 0.000165 1.709602 1.581881 2.421714 5.713197 21.175957
 0.000166 1.722226 1.561538 2.422122 5.705885 20.702787
 0.000166 1.730520 1.540454 2.422603 5.693578 19.918398
 0.000167 1.733993 1.519421 2.423180 5.676595 18.860900
 0.000167 1.732123 1.499424 2.423937 5.655485 17.586663
 0.000168 1.725329 1.481206 2.424806 5.631342 16.183959
 0.000168 1.714393 1.465713 2.425769 5.605875 14.767497
 0.000169 1.700246 1.453919 2.426864 5.581028 13.448050
 0.000169 1.683769 1.445823 2.428051 5.557644 12.262630
 0.000170 1.666466 1.441775 2.429323 5.537564 11.288375
 0.000170 1.649441 1.441846 2.430694 5.521981 10.560110
 0.000171 1.633634 1.446217 2.432174 5.512026 10.107540
 0.000171 1.620102 1.454536 2.433778 5.508416 9.945891
 0.000172 1.609697 1.465991 2.435479 5.511167 10.068988
 0.000172 1.602602 1.480417 2.437364 5.520382 10.486762
 0.000173 1.598747 1.496981 2.439269 5.534997 11.166751
 0.000173 1.598451 1.514902 2.441144 5.554498 12.107342
 0.000174 1.601573 1.533064 2.442986 5.577623 13.272040
 0.000174 1.607632 1.550306 2.444765 5.602703 14.595620
 0.000175 1.616177 1.564859 2.446533 5.627568 15.969987
 0.000175 1.626111 1.575272 2.448248 5.649630 17.241129
 0.000176 1.637146 1.580852 2.449918 5.667915 18.331616
 0.000176 1.649136 1.580573 2.451553 5.681262 19.148659
 0.000177 1.661306 1.573738 2.453053 5.688097 19.573993
 0.000177 1.672352 1.560653 2.454384 5.687389 19.529712
 0.000178 1.682060 1.541938 2.455658 5.679657 19.049434
 0.000178 1.689925 1.518508 2.456848 5.665281 18.172452
 0.000179 1.695757 1.491702 2.457881 5.645340 16.990172
 0.000179 1.699256 1.463008 2.458807 5.621071 15.604894
 0.000180 1.700169 1.433995 2.459703 5.593867 14.122114
 0.000180 1.699023 1.406680 2.460491 5.566195 12.689755
 0.000181 1.696396 1.382130 2.461188 5.539714 11.390768
 0.000181 1.692721 1.360436 2.461883 5.515039 10.243494
 0.000182 1.688522 1.342302 2.462508 5.493333 9.284556
 0.000182 1.683948 1.328125 2.463073 5.475146 8.517393
 0.000183 1.679525 1.318223 2.463530 5.461278 7.954620
 0.000183 1.675644 1.312489 2.463920 5.452053 7.590920
 0.000184 1.672390 1.311139 2.464286 5.447815 7.426699
 0.000184 1.669597 1.314265 2.464679 5.448541 7.454726
 0.000185 1.667489 1.321561 2.465137 5.454188 7.674359
 0.000185 1.665944 1.332847 2.465636 5.464427 8.080733
 0.000186 1.664610 1.348310 2.466156 5.479076 8.680355
 0.000186 1.663455 1.367416 2.466555 5.497426 9.461783
 0.000187 1.661935 1.389811 2.466932 5.518677 10.408821
 0.000187 1.659642 1.414723 2.467330 5.541695 11.485534
 0.000188 1.656244 1.441024 2.467761 5.565029 12.631117
 0.000188 1.651779 1.467321 2.468088 5.587187 13.769356
 0.000189 1.645619 1.491485 2.468301 5.605405 14.741983
 0.000189 1.637425 1.511340 2.468462 5.617227 15.390899
 0.000190 1.627179 1.525463 2.468583 5.621225 15.613487
 0.000190 1.614789 1.532334 2.468739 5.615862 15.315266
 0.000191 1.601225 1.531397 2.468927 5.601549 14.533350
 0.000191 1.587007 1.523167 2.469072 5.579246 13.355755
 0.000192 1.572896 1.508592 2.469209 5.550698 11.921056
 0.000192 1.559618 1.488885 2.469360 5.517863 10.371697
 0.000193 1.548195 1.466499 2.469507 5.484201 8.895225
 0.000193 1.539014 1.444050 2.469694 5.452759 7.618462
 0.000194 1.532927 1.423247 2.469874 5.426048 6.611478
 0.000194 1.530198 1.405243 2.470121 5.405562 5.887529
 0.000195 1.531205 1.390934 2.470497 5.392636 5.452335
 0.000195 1.535229 1.380895 2.470966 5.387090 5.270742
 0.000196 1.542671 1.375769 2.471444 5.389884 5.361834
 0.000196 1.552812 1.375644 2.471984 5.400440 5.713082
 0.000197 1.564139 1.380424 2.472664 5.417227 6.294638
 0.000197 1.575382 1.390094 2.473483 5.438960 7.089336
 0.000198 1.585087 1.404359 2.474409 5.463855 8.057753
 0.000198 1.592194 1.423419 2.475433 5.491046 9.186261
 0.000199 1.596048 1.446277 2.476508 5.518833 10.415930
 0.000199 1.595836 1.472027 2.477574 5.545436 11.665520
 0.000200 1.591746 1.499612 2.478673 5.570031 12.883749
 0.000200 1.583387 1.527569 2.479837 5.590793 13.959243
 0.000201 1.570577 1.554728 2.481105 5.606410 14.796581
 0.000201 1.554433 1.579603 2.482486 5.616523 15.351842
 0.000202 1.536189 1.601148 2.483855 5.621192 15.611633
 0.000202 1.517332 1.618101 2.485245 5.620678 15.582948
 0.000203 1.498550 1.629387 2.486705 5.614642 15.247785
 0.000203 1.480588 1.634580 2.488245 5.603414 14.634059
 0.000204 1.464346 1.633771 2.489880 5.587997 13.811900
 0.000204 1.450449 1.627578 2.491574 5.569601 12.861940
 0.000205 1.439255 1.616951 2.493383 5.549589 11.866962
 0.000205 1.431402 1.603143 2.495256 5.529801 10.922539
 0.000206 1.426828 1.587634 2.497161 5.511624 10.089478
 0.000206 1.425840 1.571126 2.499133 5.496099 9.404144
 0.000207 1.429219 1.555238 2.501196 5.485653 8.956585
 0.000207 1.436861 1.541068 2.503327 5.481256 8.771455
 0.000208 1.448508 1.529104 2.505523 5.483136 8.850350
 0.000208 1.464092 1.520118 2.507782 5.491992 9.226850
 0.000209 1.482596 1.514373 2.510077 5.507046 9.884879
 0.000209 1.503162 1.511490 2.512447 5.527098 10.796591
 0.000210 1.524927 1.511274 2.514832 5.551033 11.937449
 0.000210 1.546287 1.513920 2.517352 5.577559 13.268754
 0.000211 1.565195 1.518735 2.519878 5.603808 14.655383
 0.000211 1.579701 1.525267 2.522357 5.627325 15.956251
 0.000212 1.588057 1.532993 2.524813 5.645864 17.020703
 0.000212 1.589113 1.541362 2.527250 5.657726 17.719802
 0.000213 1.582495 1.550202 2.529547 5.662245 17.989866
 0.000213 1.568508 1.558940 2.531792 5.659240 17.810100
 0.000214 1.548221 1.567170 2.534013 5.649403 17.227833
 0.000214 1.524093 1.574773 2.536242 5.635108 16.398935
 0.000215 1.497387 1.581095 2.538454 5.616935 15.374691
 0.000215 1.469716 1.585825 2.540629 5.596171 14.244837
 0.000216 1.442513 1.588929 2.542818 5.574260 13.099319
 0.000216 1.417557 1.590039 2.545058 5.552655 12.016814
 0.000217 1.396163 1.589491 2.547268 5.532922 11.068904
 0.000217 1.379292 1.587805 2.549593 5.516691 10.318368
 0.000218 1.367390 1.585355 2.551937 5.504683 9.780081
 0.000218 1.360812 1.582339 2.554271 5.497422 9.461589
 0.000219 1.359445 1.579119 2.556590 5.495154 9.363204
 0.000219 1.362892 1.575889 2.558911 5.497692 9.473343
 0.000220 1.371118 1.573227 2.561316 5.505661 9.823419
 0.000220 1.383841 1.571128 2.563680 5.518649 10.407550
 0.000221 1.400753 1.569466 2.566068 5.536287 11.227780
 0.000221 1.421449 1.568262 2.568429 5.558139 12.287179
 0.000222 1.444726 1.567131 2.570689 5.582547 13.526931
 0.000222 1.469140 1.566173 2.572867 5.608179 14.893004
 0.000223 1.493225 1.565030 2.574899 5.633154 16.287221
 0.000223 1.514932 1.563853 2.576695 5.655480 17.586402
 0.000224 1.532102 1.562617 2.578269 5.672988 18.640027
 0.000224 1.543546 1.561495 2.579625 5.684666 19.359890
 0.000225 1.548149 1.560432 2.580690 5.689270 19.647430
 0.000225 1.545661 1.559612 2.581495 5.686768 19.490890
 0.000226 1.536660 1.559148 2.582091 5.677899 18.941115
 0.000226 1.521993 1.559172 2.582392 5.663557 18.068680
 0.000227 1.503081 1.559936 2.582389 5.645407 16.994030
 0.000227 1.481446 1.561503 2.582179 5.625128 15.832382
 0.000228 1.458808 1.563864 2.581734 5.604406 14.687752
 0.000228 1.437096 1.567466 2.581048 5.585610 13.686728
 0.000229 1.417557 1.571847 2.580109 5.569514 12.857513
 0.000229 1.400895 1.577266 2.578933 5.557094 12.235441
 0.000230 1.387896 1.583353 2.577570 5.548819 11.829480
 0.000230 1.378927 1.589529 2.575972 5.544428 11.616892
 0.000231 1.374673 1.595713 2.574153 5.544539 11.622235
 0.000231 1.374927 1.601320 2.572137 5.548384 11.808334
 0.000232 1.380052 1.605887 2.569855 5.555793 12.171155
 0.000232 1.390072 1.609131 2.567353 5.566556 12.707949
 0.000233 1.404844 1.610822 2.564633 5.580299 13.410261
 0.000233 1.423981 1.609798 2.561630 5.595409 14.204175
 0.000234 1.447275 1.605937 2.558485 5.611698 15.085654
 0.000234 1.473796 1.598880 2.555139 5.627815 15.983921
 0.000235 1.501988 1.588711 2.551503 5.642201 16.807680
 0.000235 1.529852 1.576198 2.547683 5.653733 17.482932
 0.000236 1.555946 1.562248 2.543697 5.661891 17.968646
 0.000236 1.578824 1.547498 2.539464 5.665785 18.202865
 0.000237 1.597109 1.532440 2.535048 5.664597 18.131250
 0.000237 1.609426 1.517702 2.530510 5.657638 17.714582
 0.000238 1.614982 1.503778 2.525889 5.644650 16.949934
 0.000238 1.613435 1.491571 2.521279 5.626285 15.897532
 0.000239 1.605415 1.481911 2.516659 5.603984 14.664928
 0.000239 1.592211 1.475480 2.511945 5.579636 13.375962
 0.000240 1.575463 1.472234 2.507143 5.554839 12.124131
 0.000240 1.556633 1.472124 2.502357 5.531114 10.983994
 0.000241 1.537579 1.475382 2.497731 5.510693 10.047691
 0.000241 1.520127 1.482358 2.493149 5.495635 9.384016
 0.000242 1.505639 1.492579 2.488712 5.486931 9.010722
 0.000242 1.494883 1.505812 2.484540 5.485234 8.938867
 0.000243 1.488361 1.521360 2.480579 5.490299 9.154296
 0.000243 1.486637 1.538678 2.476875 5.502190 9.670161
 0.000244 1.490044 1.556733 2.473354 5.520131 10.475247
 0.000244 1.498007 1.573840 2.470029 5.541877 11.494235
 0.000245 1.510251 1.588824 2.466981 5.566056 12.682770
 0.000245 1.526188 1.600243 2.464293 5.590723 13.955547
 0.000246 1.544638 1.606702 2.461911 5.613251 15.171101
 0.000246 1.564586 1.607189 2.459769 5.631544 16.195447
 0.000247 1.584934 1.601435 2.457929 5.644297 16.929427
 0.000247 1.604685 1.589687 2.456386 5.650757 17.307408
 0.000248 1.623079 1.572786 2.455107 5.650972 17.320026
 0.000248 1.639141 1.551385 2.453990 5.644515 16.942110
 0.000249 1.651964 1.526878 2.453084 5.631926 16.217216
 0.000249 1.660807 1.500656 2.452501 5.613964 15.210389
 0.000250 1.665330 1.473944 2.452159 5.591433 13.993065
 0.000250 1.665637 1.448041 2.452072 5.565750 12.667344
 0.000251 1.662034 1.424308 2.452275 5.538618 11.338499
 0.000251 1.655251 1.404096 2.452805 5.512152 10.113218
 0.000252 1.646336 1.388079 2.453672 5.488087 9.059882
 0.000252 1.636198 1.377059 2.454896 5.468154 8.231246
 0.000253 1.625840 1.372238 2.456475 5.454554 7.688688
 0.000253 1.616235 1.374176 2.458462 5.448873 7.467523
 0.000254 1.607966 1.382768 2.460800 5.451534 7.570730
 0.000254 1.601282 1.397574 2.463374 5.462230 7.992647
 0.000255 1.596742 1.417553 2.466186 5.480481 8.739003
 0.000255 1.594072 1.441364 2.469230 5.504665 9.779314
 0.000256 1.593259 1.467372 2.472467 5.533098 11.077189
 0.000256 1.594230 1.493804 2.475956 5.563989 12.578905
 0.000257 1.596127 1.518450 2.479601 5.594178 14.138647
 0.000257 1.598533 1.538472 2.483334 5.620339 15.564032
 0.000258 1.601209 1.551539 2.486959 5.639706 16.663334
 0.000258 1.603776 1.556333 2.490590 5.650699 17.303946
 0.000259 1.605872 1.551996 2.494322 5.652190 17.391769
 0.000259 1.607273 1.539199 2.498005 5.644477 16.939858
 0.000260 1.608284 1.519512 2.501715 5.629510 16.079919
 0.000260 1.609334 1.495186 2.505480 5.610001 14.992585
 0.000261 1.609812 1.468571 2.509303 5.587685 13.795506
 0.000261 1.610316 1.442561 2.513121 5.565999 12.679903
 0.000262 1.611059 1.419069 2.516903 5.547031 11.742715
 0.000262 1.611711 1.399844 2.520700 5.532255 11.037528
 0.000263 1.611963 1.385681 2.524505 5.522148 10.567798
 0.000263 1.611775 1.377025 2.528332 5.517132 10.338433
 0.000264 1.610722 1.373932 2.532225 5.516879 10.326953
 0.000264 1.609008 1.376084 2.536032 5.521125 10.520792
 0.000265 1.607112 1.383355 2.539843 5.530310 10.946350
 0.000265 1.604485 1.395362 2.543611 5.543457 11.570146
 0.000266 1.600939 1.412157 2.547379 5.560474 12.403203
 0.000266 1.596237 1.433351 2.551127 5.580715 13.431796
 0.000267 1.590468 1.457878 2.554745 5.603092 14.616625
 0.000267 1.583327 1.484759 2.558250 5.626336 15.900425
 0.000268 1.575025 1.513108 2.561667 5.649799 17.251095
 0.000268 1.565964 1.542219 2.564897 5.673080 18.645658
 0.000269 1.556261 1.571099 2.567930 5.695289 20.026568
 0.000269 1.545774 1.597696 2.570820 5.714291 21.247165
 0.000270 1.534801 1.620427 2.573511 5.728738 22.199423
 0.000270 1.523494 1.637813 2.575914 5.737221 22.768255
 0.000271 1.512085 1.649073 2.578074 5.739232 22.904153
 0.000271 1.501028 1.653658 2.580001 5.734687 22.597567
 0.000272 1.490775 1.651465 2.581753 5.723994 21.884387
 0.000272 1.481931 1.642926 2.583279 5.708135 20.847824
 0.000273 1.474507 1.628761 2.584692 5.687960 19.565403
 0.000273 1.468923 1.610314 2.585854 5.665091 18.161013
 0.000274 1.465463 1.589174 2.586781 5.641419 16.762339
 0.000274 1.464722 1.567155 2.587526 5.619403 15.511826
 0.000275 1.466716 1.545694 2.588172 5.600583 14.481298
 0.000275 1.471493 1.525792 2.588822 5.586107 13.712737
 0.000276 1.478829 1.508614 2.589410 5.576853 13.232391
 0.000276 1.488291 1.494842 2.589992 5.573124 13.041258
 0.000277 1.499272 1.484850 2.590552 5.574674 13.120550
 0.000277 1.511156 1.479061 2.591089 5.581307 13.462490
 0.000278 1.523231 1.477214 2.591635 5.592081 14.027351
 0.000278 1.534252 1.479456 2.592119 5.605827 14.764912
 0.000279 1.543610 1.485543 2.592525 5.621677 15.638782
 0.000279 1.550183 1.495334 2.592859 5.638376 16.586634
 0.000280 1.552928 1.508445 2.593083 5.654456 17.525723
 0.000280 1.551100 1.524394 2.593237 5.668732 18.381061
 0.000281 1.544919 1.542300 2.593331 5.680550 19.104645
 0.000281 1.534655 1.561492 2.593332 5.689479 19.660545
 0.000282 1.520667 1.581445 2.593184 5.695296 20.027013
 0.000282 1.503235 1.600979 2.592885 5.697099 20.141287
 0.000283 1.483243 1.618986 2.592491 5.694720 19.990547
 0.000283 1.461994 1.635066 2.592043 5.689103 19.636968
 0.000284 1.439865 1.648416 2.591489 5.679770 19.056427
 0.000284 1.417974 1.658318 2.590853 5.667145 18.284978
 0.000285 1.396957 1.664364 2.590164 5.651484 17.350207
 0.000285 1.377260 1.666766 2.589453 5.633479 16.305757
 0.000286 1.359574 1.665829 2.588820 5.614223 15.224685
 0.000286 1.344042 1.661804 2.588175 5.594021 14.130328
 0.000287 1.330498 1.655242 2.587496 5.573237 13.046999
 0.000287 1.319390 1.646533 2.586796 5.552719 12.019970
 0.000288 1.311122 1.636890 2.586194 5.534206 11.129408
 0.000288 1.305561 1.627105 2.585693 5.518359 10.394308
 0.000289 1.302428 1.617839 2.585147 5.505413 9.812409
 0.000289 1.301959 1.610184 2.584759 5.496903 9.439036
 0.000290 1.304439 1.604476 2.584494 5.493408 9.287795
 0.000290 1.310041 1.601138 2.584322 5.495501 9.378235
 0.000291 1.318728 1.600585 2.584226 5.503539 9.729567
 0.000291 1.330392 1.602561 2.584201 5.517153 10.339391
 0.000292 1.344507 1.606582 2.584276 5.535365 11.184151
 0.000292 1.360920 1.612462 2.584487 5.557869 12.273791
 0.000293 1.379203 1.619431 2.584687 5.583321 13.567204
 0.000293 1.399058 1.627112 2.584979 5.611149 15.055507
 0.000294 1.419245 1.635310 2.585317 5.639872 16.672905
 0.000294 1.438276 1.643584 2.585580 5.667440 18.302853
 0.000295 1.455699 1.651168 2.585795 5.692662 19.860620
 0.000295 1.470110 1.657572 2.585935 5.713617 21.203312
 0.000296 1.479763 1.662214 2.585957 5.727934 22.145879
 0.000296 1.484122 1.664655 2.585806 5.734584 22.590645
 0.000297 1.482472 1.664168 2.585540 5.732180 22.429305
 0.000297 1.475299 1.660699 2.585224 5.721223 21.701446
 0.000298 1.463215 1.654889 2.584803 5.702907 20.511557
 0.000298 1.447964 1.647081 2.584227 5.679272 19.025726
 0.000299 1.430258 1.637736 2.583589 5.651583 17.356045
 0.000299 1.411487 1.626999 2.582910 5.621396 15.623061
 0.000300 1.393142 1.615442 2.582202 5.590786 13.958840
 0.000300 1.376256 1.603902 2.581531 5.561690 12.463817
 0.000301 1.361568 1.592880 2.580828 5.535277 11.179974
 0.000301 1.349857 1.583035 2.580139 5.513030 10.152759
 0.000302 1.341692 1.574916 2.579490 5.496098 9.404091
 0.000302 1.337601 1.569147 2.578840 5.485588 8.953827
 0.000303 1.338168 1.566539 2.578220 5.482927 8.841563
 0.000303 1.343036 1.566673 2.577638 5.487347 9.028393
 0.000304 1.352232 1.568772 2.577040 5.498044 9.488685
 0.000304 1.365589 1.572208 2.576409 5.514206 10.205788
 0.000305 1.382708 1.576491 2.575774 5.534972 11.165579
 0.000305 1.403241 1.581335 2.575085 5.559662 12.362776
 0.000306 1.426971 1.585683 2.574330 5.586984 13.758681
 0.000306 1.452158 1.588833 2.573544 5.614534 15.241856
 0.000307 1.477160 1.590505 2.572755 5.640420 16.704570
 0.000307 1.499880 1.589409 2.571908 5.661196 17.927020
 0.000308 1.518587 1.585103 2.571001 5.674690 18.744132
 0.000308 1.531863 1.577113 2.570024 5.679000 19.008904
 0.000309 1.539014 1.565729 2.568918 5.673661 18.681147
 0.000309 1.539798 1.551914 2.567759 5.659472 17.823904
 0.000310 1.534667 1.536461 2.566433 5.637561 16.539730
 0.000310 1.524172 1.520270 2.564958 5.609400 14.959678
 0.000311 1.509845 1.504363 2.563381 5.577589 13.270252
 0.000311 1.493030 1.489963 2.561775 5.544769 11.633314
 0.000312 1.475226 1.477613 2.560138 5.512977 10.150362
 0.000312 1.458652 1.468472 2.558437 5.485560 8.952640
 0.000313 1.444273 1.463239 2.556675 5.464187 8.071066
 0.000313 1.433123 1.462328 2.555013 5.450464 7.529159
 0.000314 1.426260 1.465642 2.553440 5.445343 7.331724
 0.000314 1.423598 1.473316 2.551924 5.448838 7.466202
 0.000315 1.425447 1.484617 2.550453 5.460518 7.924332
 0.000315 1.431424 1.499078 2.549050 5.479552 8.700198
 0.000316 1.441609 1.515632 2.547638 5.504880 9.788797
 0.000316 1.455282 1.533463 2.546322 5.535067 11.170068
 0.000317 1.471930 1.550738 2.545064 5.567732 12.767305
 0.000317 1.490885 1.566073 2.543798 5.600756 14.490631
 0.000318 1.511216 1.578223 2.542513 5.631953 16.218738
 0.000318 1.531641 1.585480 2.541088 5.658210 17.748639
 0.000319 1.550763 1.587620 2.539552 5.677935 18.943302
 0.000319 1.567847 1.584088 2.537931 5.689866 19.684804
 0.000320 1.581954 1.574508 2.536180 5.692642 19.859351
 0.000320 1.592438 1.559680 2.534397 5.686515 19.475112
 0.000321 1.598861 1.540228 2.532621 5.671710 18.562104
 0.000321 1.601295 1.516931 2.530784 5.649010 17.204782
 0.000322 1.600016 1.491474 2.528865 5.620356 15.564953
 0.000322 1.595961 1.465436 2.526809 5.588206 13.822882
 0.000323 1.590239 1.440612 2.524734 5.555584 12.160858
 0.000323 1.583872 1.418245 2.522653 5.524770 10.688674
 0.000324 1.578076 1.399918 2.520510 5.498504 9.508747
 0.000324 1.573966 1.386984 2.518358 5.479308 8.690057
 0.000325 1.572449 1.380262 2.516258 5.468969 8.264348
 0.000325 1.573970 1.379752 2.514122 5.467844 8.218686
 0.000326 1.578478 1.385920 2.511942 5.476341 8.566775
 0.000326 1.586016 1.397805 2.509750 5.493571 9.294822
 0.000327 1.596101 1.414520 2.507499 5.518120 10.383415
 0.000327 1.608151 1.434617 2.505287 5.548055 11.792355
 0.000328 1.621091 1.456325 2.503000 5.580415 13.416268
 0.000328 1.633998 1.477687 2.500665 5.612350 15.121473
 0.000329 1.646218 1.496397 2.498204 5.640820 16.727678
 0.000329 1.656834 1.510210 2.495662 5.662705 18.017497
 0.000330 1.665297 1.517610 2.493015 5.675922 18.819625
 0.000330 1.670636 1.517732 2.490273 5.678641 18.986801
 0.000331 1.672768 1.510866 2.487426 5.671060 18.522530
 0.000331 1.672032 1.497857 2.484539 5.654428 17.524025
 0.000332 1.668107 1.480630 2.481512 5.630249 16.121839
 0.000332 1.661563 1.460723 2.478346 5.600632 14.483950
 0.000333 1.653517 1.440395 2.475027 5.568940 12.828424
 0.000333 1.644495 1.421569 2.471739 5.537803 11.299768
 0.000334 1.635117 1.405709 2.468397 5.509223 9.981922
 0.000334 1.626015 1.394531 2.465034 5.485580 8.953493
 0.000335 1.618302 1.388480 2.461741 5.468523 8.246230
 0.000335 1.612318 1.388165 2.458474 5.458957 7.862330
 0.000336 1.608335 1.393328 2.455178 5.456841 7.778649
 0.000336 1.606464 1.403906 2.451937 5.462307 7.995735
 0.000337 1.606182 1.419525 2.448747 5.474454 8.488840
 0.000337 1.607493 1.439606 2.445687 5.492785 9.260969
 0.000338 1.609761 1.463149 2.442652 5.515562 10.267162
 0.000338 1.612431 1.489202 2.439743 5.541376 11.470231
 0.000339 1.614993 1.517386 2.437015 5.569394 12.851456
 0.000339 1.617032 1.546504 2.434481 5.598016 14.343513
 0.000340 1.618048 1.575263 2.432038 5.625350 15.844844
 0.000340 1.617726 1.602249 2.429761 5.649736 17.247396
 0.000341 1.615611 1.626169 2.427567 5.669347 18.418383
 0.000341 1.611379 1.645684 2.425433 5.682495 19.225057
 0.000342 1.605060 1.659962 2.423454 5.688476 19.597705
 0.000342 1.597073 1.668662 2.421569 5.687304 19.524366
 0.000343 1.587482 1.671291 2.419902 5.678675 18.988898
 0.000343 1.576774 1.668008 2.418418 5.663200 18.047212
 0.000344 1.565345 1.659408 2.417108 5.641861 16.787929
 0.000344 1.554003 1.646168 2.415955 5.616126 15.329883
 0.000345 1.542974 1.629342 2.414926 5.587242 13.772215
 0.000345 1.533066 1.610104 2.414151 5.557321 12.246640
 0.000346 1.525254 1.589738 2.413520 5.528511 10.862349
 0.000346 1.519756 1.569509 2.413012 5.502278 9.674010
 0.000347 1.517083 1.550443 2.412686 5.480212 8.727752
 0.000347 1.517722 1.533932 2.412520 5.464174 8.070547
 0.000348 1.521956 1.520770 2.412541 5.455267 7.716664
 0.000348 1.529435 1.510939 2.412723 5.453097 7.631684
 0.000349 1.539703 1.504725 2.413128 5.457557 7.806892
 0.000349 1.552090 1.502751 2.413659 5.468499 8.245268
 0.000350 1.565619 1.505006 2.414419 5.485044 8.930803
 0.000350 1.579226 1.511563 2.415399 5.506188 9.846761
 0.000351 1.591205 1.522082 2.416488 5.529775 10.921336
 0.000351 1.599938 1.534815 2.417670 5.552423 12.005467
 0.000352 1.604356 1.548452 2.418981 5.571790 12.973202
 0.000352 1.603741 1.562071 2.420430 5.586242 13.719805
 0.000353 1.597324 1.573716 2.421987 5.593027 14.077538
 0.000353 1.585289 1.581624 2.423616 5.590529 13.945304
 0.000354 1.568066 1.584672 2.425349 5.578087 13.295939
 0.000354 1.547594 1.582621 2.427092 5.557307 12.245966
 0.000355 1.525291 1.575916 2.428797 5.530004 10.932034
 0.000355 1.502805 1.565111 2.430525 5.498441 9.505999
 0.000356 1.481429 1.551095 2.432383 5.464907 8.100054
 0.000356 1.462753 1.535816 2.434284 5.432853 6.861273
 0.000357 1.448356 1.520927 2.436252 5.405535 5.886598
 0.000357 1.438666 1.508188 2.438276 5.385130 5.207294
 0.000358 1.434887 1.499073 2.440462 5.374422 4.867460
 0.000358 1.436988 1.494615 2.442691 5.374294 4.863454
 0.000359 1.444693 1.495380 2.444921 5.384995 5.202930
 0.000359 1.457569 1.501150 2.447122 5.405841 5.897105
 0.000360 1.474638 1.511367 2.449373 5.435378 6.955114
 0.000360 1.494835 1.525398 2.451567 5.471800 8.379838
 0.000361 1.516634 1.542390 2.453712 5.512736 10.139498
 0.000361 1.537480 1.561157 2.455792 5.554429 12.103938
 0.000362 1.555329 1.580260 2.457778 5.593367 14.095555
 0.000362 1.568144 1.598716 2.459733 5.626593 15.914896
 0.000363 1.574030 1.615418 2.461521 5.650969 17.319885
 0.000363 1.572809 1.629462 2.463256 5.665527 18.187307
 0.000364 1.564809 1.640905 2.464957 5.670672 18.498900
 0.000364 1.550357 1.649358 2.466579 5.666293 18.233534
 0.000365 1.530661 1.654453 2.468145 5.653259 17.454911
 0.000365 1.507271 1.656224 2.469588 5.633083 16.283144
 0.000366 1.482314 1.654913 2.470892 5.608119 14.889725
 0.000366 1.457739 1.651166 2.471986 5.580891 13.440953
 0.000367 1.434518 1.645702 2.472963 5.553184 12.042757
 0.000367 1.414178 1.639130 2.473927 5.527235 10.802936
 0.000368 1.397504 1.632199 2.474880 5.504583 9.775702
 0.000368 1.385014 1.625895 2.475832 5.486741 9.002668
 0.000369 1.377264 1.620942 2.476845 5.475051 8.513474
 0.000369 1.374276 1.617473 2.477948 5.469697 8.294000
 0.000370 1.375562 1.615727 2.479119 5.470408 8.322958
 0.000370 1.381708 1.615902 2.480373 5.477982 8.634863
 0.000371 1.392949 1.618087 2.481710 5.492746 9.259298
 0.000371 1.408996 1.622147 2.483070 5.514212 10.206089
 0.000372 1.429177 1.627917 2.484478 5.541572 11.479631
 0.000372 1.452656 1.634110 2.485946 5.572711 13.020182
 0.000373 1.478234 1.639889 2.487401 5.605524 14.748456
 0.000373 1.504249 1.644794 2.488894 5.637936 16.561314
 0.000374 1.528987 1.648422 2.490439 5.667848 18.327522
 0.000374 1.550588 1.649681 2.491989 5.692259 19.835226
 0.000375 1.567441 1.648281 2.493569 5.709291 20.922519
 0.000375 1.577900 1.644480 2.495106 5.717486 21.455958
 0.000376 1.580300 1.638202 2.496656 5.715158 21.303756
 0.000376 1.574730 1.629708 2.498218 5.702656 20.495518
 0.000377 1.561821 1.619611 2.499765 5.681196 19.144599
 0.000377 1.542955 1.608505 2.501315 5.652775 17.426330
 0.000378 1.519885 1.597683 2.502912 5.620480 15.571886
 0.000378 1.494934 1.588228 2.504626 5.587788 13.800877
 0.000379 1.469567 1.580436 2.506443 5.556446 12.203373
 0.000379 1.445587 1.575021 2.508455 5.529062 10.888024
 0.000380 1.424215 1.572505 2.510526 5.507246 9.893790
 0.000380 1.406721 1.573061 2.512587 5.492369 9.243089
 0.000381 1.394264 1.576777 2.514703 5.485744 8.960418
 0.000381 1.387028 1.583418 2.516877 5.487323 9.027397
 0.000382 1.385028 1.592508 2.519118 5.496653 9.428204
 0.000382 1.388401 1.603586 2.521553 5.513540 10.175763
 0.000383 1.396826 1.616045 2.524158 5.537030 11.263014
 0.000383 1.409459 1.628746 2.526853 5.565058 12.632555
 0.000384 1.425430 1.640525 2.529539 5.595494 14.208744
 0.000384 1.444670 1.650209 2.532253 5.627133 15.945363
 0.000385 1.466032 1.657200 2.534944 5.658175 17.746570
 0.000385 1.488572 1.660388 2.537732 5.686691 19.486117
 0.000386 1.510741 1.659109 2.540551 5.710400 20.994337
 0.000386 1.531200 1.653303 2.543314 5.727817 22.138060
 0.000387 1.548563 1.643050 2.545936 5.737549 22.790382
 0.000387 1.561575 1.628966 2.548529 5.739069 22.893132
 0.000388 1.569765 1.612100 2.551050 5.732915 22.478618
 0.000388 1.572869 1.593056 2.553559 5.719484 21.587093
 0.000389 1.570857 1.572890 2.556101 5.699848 20.316095
 0.000389 1.564194 1.552964 2.558726 5.675884 18.817254
 0.000390 1.553897 1.533703 2.561440 5.649041 17.206553
 0.000390 1.541236 1.516033 2.564183 5.621452 15.626176
 0.000391 1.527688 1.500503 2.566947 5.595137 14.189707
 0.000391 1.514643 1.487730 2.569708 5.572081 12.988049
 0.000392 1.503237 1.477477 2.572598 5.553311 12.049019
 0.000392 1.494679 1.470456 2.575574 5.540709 11.438313
 0.000393 1.489113 1.466479 2.578575 5.534167 11.127569
 0.000393 1.486947 1.465788 2.581591 5.534326 11.135038
 0.000394 1.488370 1.468146 2.584666 5.541181 11.460921
 0.000394 1.493316 1.473340 2.587810 5.554465 12.105742
 0.000395 1.501334 1.481000 2.590930 5.573264 13.048385
 0.000395 1.511988 1.491074 2.594017 5.597079 14.293331
 0.000396 1.525073 1.503423 2.597088 5.625584 15.858034
 0.000396 1.540570 1.517602 2.600150 5.658322 17.755316
 0.000397 1.556797 1.532728 2.603154 5.692679 19.861729
 0.000397 1.573143 1.547418 2.606037 5.726597 22.056986
 0.000398 1.588484 1.560625 2.608768 5.757877 24.183471
 0.000398 1.601879 1.570951 2.611423 5.784253 26.052585
 0.000399 1.611908 1.577519 2.613963 5.803390 27.452293
 0.000399 1.618233 1.579150 2.616235 5.813618 28.215400
 0.000400 1.620233 1.575112 2.618363 5.813707 28.222079
 0.000400 1.617891 1.565316 2.620359 5.803565 27.465290
 0.000401 1.611413 1.549472 2.622138 5.783023 25.963904
 0.000401 1.601050 1.528437 2.623657 5.753143 23.855371
 0.000402 1.587619 1.503319 2.624922 5.715860 21.349575
 0.000402 1.572242 1.476070 2.625916 5.674228 18.715844
 0.000403 1.556277 1.448449 2.626702 5.631429 16.188900
 0.000403 1.541212 1.422166 2.627295 5.590673 13.952871
 0.000404 1.527904 1.398261 2.627711 5.553876 12.076763
 0.000404 1.517567 1.377448 2.628030 5.523046 10.609099
 0.000405 1.510939 1.360415 2.628345 5.499700 9.560943
 0.000405 1.508483 1.347547 2.628631 5.484661 8.914636
 0.000406 1.510851 1.338759 2.628799 5.478409 8.652592
 0.000406 1.517716 1.333663 2.628882 5.480261 8.729835
 0.000407 1.528898 1.332019 2.628806 5.489723 9.129670
 0.000407 1.544086 1.333688 2.628648 5.506422 9.857164
 0.000408 1.562550 1.338509 2.628436 5.529494 10.908211
 0.000408 1.582970 1.346222 2.628160 5.557352 12.248170
 0.000409 1.604129 1.356468 2.627794 5.588391 13.832598
 0.000409 1.624745 1.368629 2.627313 5.620687 15.583421
 0.000410 1.643218 1.382537 2.626675 5.652430 17.405964
 0.000410 1.658430 1.397522 2.625905 5.681857 19.185513
 0.000411 1.669245 1.412787 2.625035 5.707067 20.778859
 0.000411 1.674957 1.427397 2.624007 5.726361 22.041281
 0.000412 1.675713 1.440274 2.622826 5.738812 22.875753
 0.000412 1.671771 1.450413 2.621455 5.743639 23.203410
 0.000413 1.663457 1.456959 2.619972 5.740388 22.982471
 0.000413 1.651716 1.459456 2.618423 5.729595 22.256526
 0.000414 1.637385 1.458311 2.616721 5.712417 21.125222
 0.000414 1.621496 1.453929 2.614815 5.690240 19.708281
 0.000415 1.605413 1.446762 2.612834 5.665009 18.156061
 0.000415 1.589676 1.437719 2.610741 5.638136 16.572820
 0.000416 1.575210 1.427901 2.608557 5.611668 15.084009
 0.000416 1.562934 1.418300 2.606280 5.587514 13.786503
 0.000417 1.553268 1.409846 2.604012 5.567127 12.736758
 0.000417 1.546972 1.403223 2.601785 5.551980 11.983755
 0.000418 1.543927 1.398692 2.599638 5.542257 11.512474
 0.000418 1.544555 1.396698 2.597541 5.538794 11.346921
 0.000419 1.548625 1.397299 2.595483 5.541407 11.471735
 0.000419 1.555789 1.400499 2.593381 5.549670 11.870906
 0.000420 1.565592 1.406093 2.591279 5.562964 12.527534
 0.000420 1.577080 1.413766 2.589221 5.580067 13.398252
 0.000421 1.589429 1.422836 2.587141 5.599406 14.418021
 0.000421 1.602100 1.433286 2.585109 5.620495 15.572737
 0.000422 1.612949 1.444937 2.583031 5.640916 16.733257
 0.000422 1.620707 1.456665 2.580881 5.658253 17.751194
 0.000423 1.623698 1.467984 2.578765 5.670447 18.485194
 0.000423 1.621335 1.478071 2.576632 5.676038 18.826717
 0.000424 1.613165 1.486422 2.574435 5.674023 18.703275
 0.000424 1.599028 1.492580 2.572285 5.663894 18.088926
 0.000425 1.579448 1.495951 2.570093 5.645492 16.998990
 0.000425 1.555676 1.495796 2.567777 5.619249 15.503261
 0.000426 1.529412 1.492254 2.565458 5.587125 13.766090
 0.000426 1.501958 1.485675 2.563195 5.550829 11.927455
 0.000427 1.475156 1.476148 2.560991 5.512294 10.119628
 0.000427 1.450532 1.465146 2.558791 5.474470 8.489496
 0.000428 1.429525 1.453852 2.556690 5.440067 7.131107
 0.000428 1.413199 1.443250 2.554672 5.411121 6.079824
 0.000429 1.401847 1.434517 2.552790 5.389155 5.337986
 0.000429 1.395939 1.428247 2.551033 5.375218 4.892321
 0.000430 1.395842 1.425284 2.549344 5.370470 4.744937
 0.000430 1.401770 1.425771 2.547799 5.375340 4.896130
 0.000431 1.413341 1.430166 2.546403 5.389909 5.362670
 0.000431 1.429876 1.438109 2.545038 5.413023 6.146347
 0.000432 1.450530 1.449279 2.543783 5.443592 7.264832
 0.000432 1.473962 1.462551 2.542605 5.479118 8.682113
 0.000433 1.498067 1.477227 2.541510 5.516804 10.323521
 0.000433 1.520536 1.492180 2.540449 5.553164 12.041806
 0.000434 1.539104 1.506263 2.539430 5.584796 13.644158
 0.000434 1.551476 1.519108 2.538372 5.608956 14.935422
 0.000435 1.555853 1.529615 2.537328 5.622796 15.701386
 0.000435 1.551489 1.537786 2.536239 5.625515 15.854144
 0.000436 1.539078 1.543458 2.535183 5.617719 15.418188
 0.000436 1.519789 1.547214 2.534142 5.601145 14.511572
 0.000437 1.495154 1.549195 2.533049 5.577397 13.260406
 0.000437 1.467150 1.549860 2.531993 5.549002 11.838426
 0.000438 1.438619 1.550382 2.531014 5.520015 10.469951
 0.000438 1.411586 1.551258 2.530094 5.492938 9.267544
 0.000439 1.387641 1.553281 2.529304 5.470227 8.315561
 0.000439 1.368811 1.557109 2.528587 5.454507 7.686864
 0.000440 1.356115 1.563225 2.527906 5.447246 7.404783
 0.000440 1.349969 1.571378 2.527306 5.448653 7.459032
 0.000441 1.351049 1.581870 2.526875 5.459794 7.895550
 0.000441 1.359055 1.594325 2.526553 5.479933 8.716123
 0.000442 1.373770 1.608595 2.526390 5.508755 9.961004
 0.000442 1.393974 1.623792 2.526397 5.544163 11.604111
 0.000443 1.418441 1.638847 2.526496 5.583785 13.591389
 0.000443 1.445829 1.653258 2.526617 5.625704 15.864801
 0.000444 1.474891 1.665970 2.526716 5.667577 18.311117
 0.000444 1.503838 1.675947 2.526734 5.706520 20.743609
 0.000445 1.530579 1.682537 2.526723 5.739839 22.945265
 0.000445 1.552804 1.685157 2.526677 5.764638 24.655925
 0.000446 1.569075 1.684296 2.526498 5.779868 25.737040
 0.000446 1.578784 1.679895 2.526257 5.784937 26.101970
 0.000447 1.580898 1.672220 2.525914 5.779032 25.677081
 0.000447 1.575597 1.662086 2.525579 5.763261 24.559358
 0.000448 1.563921 1.650095 2.525168 5.739185 22.900937
 0.000448 1.547129 1.636831 2.524633 5.708593 20.877370
 0.000449 1.527330 1.623375 2.524081 5.674786 18.750001
 0.000449 1.505779 1.611130 2.523538 5.640447 16.706138
 0.000450 1.484432 1.600944 2.522952 5.608328 14.901123
 0.000450 1.464652 1.593329 2.522383 5.580364 13.413626
 0.000451 1.447762 1.589216 2.521839 5.558817 12.320826
 0.000451 1.434086 1.588942 2.521254 5.544282 11.609865
 0.000452 1.424193 1.592536 2.520519 5.537248 11.273354
 0.000452 1.418517 1.600232 2.519657 5.538406 11.328444
 0.000453 1.416900 1.611815 2.518750 5.547465 11.763748
 0.000453 1.419293 1.626896 2.517793 5.563982 12.578511
 0.000454 1.426039 1.644330 2.516768 5.587137 13.766704
 0.000454 1.436664 1.663315 2.515688 5.615667 15.304480
 0.000455 1.450819 1.682540 2.514527 5.647886 17.138859
 0.000455 1.468060 1.700903 2.513232 5.682196 19.206509
 0.000456 1.486847 1.717150 2.511902 5.715900 21.352180
 0.000456 1.506530 1.729635 2.510477 5.746642 23.408391
 0.000457 1.525885 1.737099 2.508882 5.771866 25.166142
 0.000457 1.544034 1.738833 2.507085 5.789952 26.465605
 0.000458 1.559269 1.734203 2.505179 5.798651 27.102272
 0.000458 1.570365 1.723191 2.503118 5.796674 26.956883
 0.000459 1.576876 1.706851 2.500824 5.784551 26.074124
 0.000459 1.578884 1.686434 2.498282 5.763600 24.583084
 0.000460 1.576948 1.663430 2.495532 5.735910 22.679862
 0.000460 1.571267 1.639457 2.492590 5.703314 20.537664
 0.000461 1.562165 1.615174 2.489460 5.666799 18.264071
 0.000461 1.551647 1.592275 2.486168 5.630090 16.112839
 0.000462 1.540919 1.571677 2.482791 5.595388 14.203057
 0.000462 1.530713 1.554701 2.479471 5.564886 12.623915
 0.000463 1.522312 1.542030 2.476175 5.540518 11.429183
 0.000463 1.516421 1.533905 2.472906 5.523233 10.617718
 0.000464 1.513672 1.530230 2.469566 5.513467 10.172461
 0.000464 1.514075 1.531142 2.466238 5.511455 10.081888
 0.000465 1.518033 1.536651 2.462877 5.517561 10.357962
 0.000465 1.525020 1.546789 2.459552 5.531360 10.995533
 0.000466 1.534422 1.560733 2.456246 5.551400 11.955377
 0.000466 1.546247 1.577764 2.452900 5.576911 13.235379
 0.000467 1.559754 1.596271 2.449478 5.605503 14.747305
 0.000467 1.574263 1.614985 2.445995 5.635242 16.406635
 0.000468 1.588919 1.632112 2.442517 5.663548 18.068100
 0.000468 1.602731 1.645761 2.439026 5.687518 19.537775
 0.000469 1.614869 1.654218 2.435525 5.704612 20.620941
 0.000469 1.624849 1.656553 2.432009 5.713410 21.189819
 0.000470 1.632140 1.651559 2.428432 5.712131 21.106604
 0.000470 1.636892 1.639235 2.424815 5.700941 20.385863
 0.000471 1.639556 1.619781 2.421176 5.680513 19.102351
 0.000471 1.640121 1.595032 2.417602 5.652756 17.425186
 0.000472 1.639121 1.566975 2.414108 5.620204 15.556478
 0.000472 1.637405 1.537052 2.410749 5.585205 13.665556
 0.000473 1.635530 1.507022 2.407411 5.549963 11.885230
 0.000473 1.634151 1.478726 2.404064 5.516941 10.329770
 0.000474 1.633410 1.453399 2.400857 5.487667 9.042021
 0.000474 1.633740 1.432570 2.397867 5.464177 8.070685
 0.000475 1.636047 1.417032 2.395129 5.448208 7.441874
 0.000475 1.640204 1.407129 2.392632 5.439964 7.127223
 0.000476 1.645873 1.403441 2.390427 5.439741 7.118784
 0.000476 1.653030 1.406255 2.388531 5.447816 7.426745
 0.000477 1.661419 1.415136 2.386843 5.463399 8.039437
 0.000477 1.670413 1.429486 2.385401 5.485301 8.941668
 0.000478 1.679301 1.448614 2.384148 5.512063 10.109238
 0.000478 1.686953 1.471487 2.383171 5.541611 11.481488
 0.000479 1.692693 1.496455 2.382432 5.571580 12.962518
 0.000479 1.695563 1.521588 2.381933 5.599085 14.400778
 0.000480 1.695153 1.544945 2.381615 5.621714 15.640828
 0.000480 1.690979 1.564170 2.381395 5.636544 16.481256
 0.000481 1.682910 1.577467 2.381268 5.641645 16.775456
 0.000481 1.671517 1.583886 2.381250 5.636653 16.487520
 0.000482 1.657736 1.583526 2.381286 5.622549 15.687586
 0.000482 1.642355 1.576054 2.381377 5.599786 14.438437
 0.000483 1.626323 1.562185 2.381546 5.570053 12.884881
 0.000483 1.610950 1.543805 2.381900 5.536655 11.245227
 0.000484 1.597437 1.522722 2.382404 5.502564 9.686592
 0.000484 1.586354 1.501083 2.383038 5.470475 8.325688
 0.000485 1.579026 1.480644 2.383792 5.443462 7.259903
 0.000485 1.576346 1.463160 2.384777 5.424283 6.547473
 0.000486 1.578472 1.449421 2.385967 5.413861 6.175754
 0.000486 1.585093 1.440039 2.387305 5.412437 6.125814
 0.000487 1.595541 1.435115 2.388823 5.419479 6.374777
 0.000487 1.608830 1.434863 2.390531 5.434225 6.912175
 0.000488 1.624386 1.439120 2.392428 5.455934 7.742906
 0.000488 1.640938 1.447500 2.394523 5.482961 8.842997
 0.000489 1.656682 1.459473 2.396696 5.512851 10.144671
 0.000489 1.670121 1.474270 2.398872 5.543264 11.560843
 0.000490 1.679980 1.490896 2.401060 5.571937 12.980692
 0.000490 1.685022 1.508043 2.403313 5.596377 14.255861
 0.000491 1.684530 1.524348 2.405612 5.614491 15.239438
 0.000491 1.678477 1.538959 2.407854 5.625291 15.841532
 0.000492 1.667302 1.550948 2.410045 5.628296 16.011129
 0.000492 1.651844 1.559711 2.412219 5.623774 15.756236
 0.000493 1.633881 1.564460 2.414479 5.612820 15.147364
 0.000493 1.614514 1.564984 2.416727 5.596225 14.247724
 0.000494 1.594881 1.561529 2.419008 5.575418 13.158686
 0.000494 1.576235 1.554366 2.421299 5.551900 11.979858
 0.000495 1.559639 1.543877 2.423602 5.527118 10.797505
 0.000495 1.545836 1.531127 2.425928 5.502891 9.701001
 0.000496 1.535460 1.517089 2.428288 5.480837 8.753917
 0.000496 1.529097 1.502919 2.430648 5.462664 8.010027
 0.000497 1.526806 1.489694 2.432975 5.449475 7.490825
 0.000497 1.528893 1.477997 2.435345 5.442236 7.213228
 0.000498 1.535698 1.468668 2.437789 5.442155 7.210164
 0.000498 1.546445 1.461807 2.440251 5.448503 7.453230
 0.000499 1.560730 1.457576 2.442768 5.461074 7.946496
 0.000499 1.577731 1.455725 2.445327 5.478783 8.668165
 0.000500 1.596681 1.456206 2.447974 5.500861 9.611790
