#! FIELDS time dAB dAC dAD rc bias
 0.000000 1.613880 1.662793 2.851567 6.128239 6.869167
 0.000000 1.608140 1.655789 2.850498 6.114427 6.366765
 0.000001 1.603494 1.645911 2.849418 6.098822 5.822094
 0.000001 1.600484 1.634550 2.848230 6.083264 5.303317
 0.000002 1.599252 1.622729 2.847050 6.069030 4.849872
 0.000002 1.599900 1.611100 2.845899 6.056899 4.479398
 0.000003 1.602612 1.600602 2.844661 6.047875 4.213384
 0.000003 1.607346 1.591754 2.843345 6.042445 4.057233
 0.000004 1.613372 1.585268 2.841896 6.040535 4.003014
 0.000004 1.620595 1.581445 2.840406 6.042446 4.057253
 0.000005 1.627878 1.580174 2.838912 6.046964 4.186987
 0.000005 1.635020 1.581644 2.837353 6.054017 4.393554
 0.000006 1.641885 1.586086 2.835696 6.063667 4.684271
 0.000006 1.647619 1.593023 2.833867 6.074509 5.021993
 0.000007 1.651470 1.601995 2.831863 6.085328 5.370728
 0.000007 1.653104 1.612190 2.829763 6.095056 5.694304
 0.000008 1.652309 1.622927 2.827498 6.102733 5.956323
 0.000008 1.649875 1.633287 2.825039 6.108201 6.146521
 0.000009 1.646581 1.642834 2.822456 6.111871 6.275883
 0.000009 1.642388 1.650574 2.819786 6.112749 6.307022
 0.000010 1.638044 1.655665 2.816988 6.110697 6.234366
 0.000010 1.633610 1.657982 2.814068 6.105660 6.057766
 0.000011 1.630015 1.657667 2.811044 6.098726 5.818815
 0.000011 1.627955 1.654763 2.807944 6.090662 5.546986
 0.000012 1.627271 1.650171 2.804723 6.082165 5.267571
 0.000012 1.628593 1.644035 2.801349 6.073976 5.005134
 0.000013 1.631968 1.637078 2.797807 6.066853 4.782296
 0.000013 1.637491 1.630288 2.794188 6.061966 4.632366
 0.000014 1.645363 1.624664 2.790458 6.060485 4.587396
 0.000014 1.654964 1.620618 2.786589 6.062171 4.638583
 0.000015 1.666171 1.618929 2.782587 6.067687 4.808123
 0.000015 1.679219 1.619925 2.778370 6.077514 5.117686
 0.000016 1.692890 1.623199 2.774022 6.090111 5.528637
 0.000016 1.706321 1.629022 2.769584 6.104926 6.032260
 0.000017 1.718684 1.637244 2.765148 6.121076 6.606253
 0.000017 1.729148 1.647275 2.760603 6.137026 7.198712
 0.000018 1.736939 1.658837 2.755958 6.151735 7.767652
 0.000018 1.742040 1.671149 2.751294 6.164484 8.278286
 0.000019 1.743968 1.683509 2.746485 6.173963 8.668472
 0.000019 1.742160 1.695296 2.741570 6.179027 8.880613
 0.000020 1.736417 1.705736 2.736526 6.178679 8.865971
 0.000020 1.727084 1.714161 2.731471 6.172716 8.616621
 0.000021 1.715014 1.720478 2.726352 6.161843 8.171182
 0.000021 1.701043 1.724759 2.721117 6.146919 7.578995
 0.000022 1.685921 1.726647 2.715917 6.128485 6.878289
 0.000022 1.670876 1.726775 2.710811 6.108461 6.155645
 0.000023 1.656713 1.724573 2.705739 6.087025 5.426503
 0.000023 1.643931 1.720603 2.700788 6.065322 4.735057
 0.000024 1.633594 1.715629 2.696008 6.045232 4.136992
 0.000024 1.625856 1.709843 2.691387 6.027086 3.631515
 0.000025 1.621237 1.703596 2.686870 6.011703 3.228765
 0.000025 1.619803 1.697820 2.682402 6.000025 2.938837
 0.000026 1.621762 1.692620 2.678137 5.992519 2.759678
 0.000026 1.626969 1.688555 2.674088 5.989612 2.691791
 0.000027 1.635231 1.685326 2.670223 5.990781 2.718981
 0.000027 1.646397 1.683007 2.666621 5.996024 2.842637
 0.000028 1.659605 1.681515 2.663236 6.004357 3.044784
 0.000028 1.674175 1.680648 2.660098 6.014921 3.311057
 0.000029 1.689315 1.680117 2.657217 6.026649 3.619732
 0.000029 1.703418 1.679760 2.654591 6.037769 3.925126
 0.000030 1.714971 1.679900 2.652123 6.046995 4.187878
 0.000030 1.723242 1.679780 2.649831 6.052853 4.359112
 0.000031 1.727843 1.679421 2.647786 6.055050 4.424245
 0.000031 1.728411 1.678610 2.646002 6.053023 4.364159
 0.000032 1.724913 1.676803 2.644444 6.046160 4.163740
 0.000032 1.717925 1.674552 2.643134 6.035611 3.864902
 0.000033 1.708449 1.671579 2.642037 6.022066 3.497466
 0.000033 1.697632 1.668081 2.641213 6.006926 3.108516
 0.000034 1.686377 1.664058 2.640642 5.991077 2.725904
 0.000034 1.675933 1.659808 2.640279 5.976019 2.385651
 0.000035 1.667606 1.655705 2.640181 5.963491 2.119849
 0.000035 1.662642 1.652462 2.640424 5.955528 1.959051
 0.000036 1.661345 1.650294 2.640861 5.952500 1.899567
 0.000036 1.663580 1.648944 2.641480 5.954005 1.929008
 0.000037 1.669956 1.648099 2.642308 5.960364 2.055933
 0.000037 1.680392 1.647617 2.643332 5.971341 2.284557
 0.000038 1.694424 1.647230 2.644485 5.986138 2.611795
 0.000038 1.711216 1.646875 2.645776 6.003868 3.032725
 0.000039 1.730331 1.646472 2.647257 6.024060 3.550417
 0.000039 1.750454 1.645518 2.648875 6.044847 4.125947
 0.000040 1.770061 1.643753 2.650649 6.064462 4.708640
 0.000040 1.788207 1.640509 2.652526 6.081242 5.237641
 0.000041 1.804005 1.635966 2.654478 6.094449 5.673824
 0.000041 1.816601 1.630355 2.656477 6.103434 5.980520
 0.000042 1.825263 1.624144 2.658467 6.107874 6.135088
 0.000042 1.829458 1.617945 2.660488 6.107890 6.135647
 0.000043 1.828715 1.611682 2.662581 6.102978 5.964770
 0.000043 1.823452 1.605905 2.664791 6.094148 5.663686
 0.000044 1.814007 1.600963 2.667053 6.082023 5.262961
 0.000044 1.801466 1.596832 2.669381 6.067679 4.807882
 0.000045 1.787168 1.593849 2.671762 6.052779 4.356949
 0.000045 1.772033 1.592126 2.674235 6.038393 3.942622
 0.000046 1.756915 1.591663 2.676807 6.025386 3.585826
 0.000046 1.742741 1.592281 2.679420 6.014442 3.298740
 0.000047 1.730237 1.593808 2.682034 6.006079 3.087426
 0.000047 1.720019 1.596269 2.684643 6.000931 2.960831
 0.000048 1.712274 1.599581 2.687383 5.999237 2.919757
 0.000048 1.707494 1.603614 2.690236 6.001344 2.970897
 0.000049 1.705783 1.608364 2.693101 6.007247 3.116538
 0.000049 1.706951 1.613490 2.695958 6.016399 3.349192
 0.000050 1.710636 1.618517 2.698818 6.027971 3.655389
 0.000050 1.716861 1.623040 2.701718 6.041619 4.033739
 0.000051 1.724783 1.626715 2.704636 6.056134 4.456551
 0.000051 1.734183 1.629120 2.707690 6.070993 4.911198
 0.000052 1.744391 1.629975 2.710745 6.085111 5.363608
 0.000052 1.754305 1.629548 2.713802 6.097655 5.782348
 0.000053 1.762929 1.627952 2.716873 6.107754 6.130867
 0.000053 1.769445 1.625356 2.719843 6.114643 6.374488
 0.000054 1.773082 1.621673 2.722694 6.117449 6.475050
 0.000054 1.773358 1.616799 2.725506 6.115663 6.410941
 0.000055 1.770277 1.611660 2.728224 6.110160 6.215427
 0.000055 1.763745 1.606870 2.730833 6.101448 5.912051
 0.000056 1.754220 1.602740 2.733363 6.090322 5.535666
 0.000056 1.742637 1.599350 2.735809 6.077796 5.126717
 0.000057 1.729347 1.597703 2.738204 6.065255 4.732991
 0.000057 1.715573 1.598489 2.740580 6.054643 4.412124
 0.000058 1.702774 1.601881 2.742889 6.047545 4.203802
 0.000058 1.691180 1.607975 2.745147 6.044303 4.110312
 0.000059 1.681410 1.616906 2.747367 6.045683 4.149981
 0.000059 1.674197 1.628702 2.749344 6.052244 4.341155
 0.000060 1.669677 1.642884 2.751110 6.063672 4.684431
 0.000060 1.668049 1.658802 2.752751 6.079602 5.184714
 0.000061 1.669376 1.675412 2.754285 6.099073 5.830656
 0.000061 1.673413 1.691426 2.755702 6.120542 6.586828
 0.000062 1.679750 1.706330 2.756983 6.143062 7.429591
 0.000062 1.687797 1.719242 2.758049 6.165087 8.302838
 0.000063 1.696364 1.729465 2.758850 6.184680 9.120454
 0.000063 1.704995 1.736271 2.759328 6.200593 9.812771
 0.000064 1.712912 1.739508 2.759564 6.211985 10.323904
 0.000064 1.719335 1.739322 2.759648 6.218305 10.613096
 0.000065 1.724016 1.736097 2.759539 6.219651 10.675214
 0.000065 1.726232 1.730030 2.759241 6.215503 10.484409
 0.000066 1.726290 1.721625 2.758678 6.206592 10.080322
 0.000066 1.724184 1.711977 2.757964 6.194126 9.528337
 0.000067 1.719965 1.701717 2.757130 6.178812 8.871561
 0.000067 1.714130 1.692002 2.756101 6.162234 8.186977
 0.000068 1.706924 1.683758 2.754813 6.145495 7.523661
 0.000068 1.698536 1.677843 2.753485 6.129864 6.929530
 0.000069 1.689610 1.674934 2.752087 6.116630 6.445640
 0.000069 1.680397 1.675277 2.750619 6.106292 6.079802
 0.000070 1.671407 1.679287 2.749069 6.099762 5.854227
 0.000070 1.662562 1.687116 2.747479 6.097157 5.765402
 0.000071 1.654256 1.698188 2.745824 6.098268 5.803193
 0.000071 1.646848 1.712358 2.744058 6.103264 5.974650
 0.000072 1.640328 1.728691 2.742203 6.111222 6.252907
 0.000072 1.634467 1.746928 2.740212 6.121607 6.625561
 0.000073 1.629004 1.766048 2.738206 6.133258 7.056452
 0.000073 1.623608 1.784704 2.736159 6.144471 7.483977
 0.000074 1.618842 1.801872 2.734001 6.154715 7.885556
 0.000074 1.614096 1.816653 2.731797 6.162545 8.199577
 0.000075 1.609293 1.827990 2.729538 6.166821 8.373644
 0.000075 1.604071 1.834865 2.727276 6.166212 8.348748
 0.000076 1.598178 1.836816 2.725023 6.160017 8.097514
 0.000076 1.591658 1.833603 2.722688 6.147949 7.619141
 0.000077 1.584565 1.825587 2.720409 6.130561 6.955528
 0.000077 1.576989 1.814174 2.718202 6.109366 6.187440
 0.000078 1.569611 1.799998 2.716032 6.085641 5.380995
 0.000078 1.562692 1.784401 2.714026 6.061119 4.606614
 0.000079 1.556679 1.768851 2.712117 6.037647 3.921698
 0.000079 1.552140 1.754102 2.710349 6.016592 3.354198
 0.000080 1.548970 1.740876 2.708766 5.998612 2.904677
 0.000080 1.547331 1.730406 2.707269 5.985007 2.586004
 0.000081 1.547107 1.723303 2.705892 5.976302 2.391837
 0.000081 1.548032 1.719613 2.704720 5.972365 2.306489
 0.000082 1.549810 1.719349 2.703716 5.972875 2.317465
 0.000082 1.552415 1.722958 2.702829 5.978202 2.433565
 0.000083 1.555216 1.730303 2.702087 5.987606 2.645467
 0.000083 1.557358 1.740734 2.701491 5.999584 2.928148
 0.000084 1.558638 1.753846 2.701076 6.013560 3.276119
 0.000084 1.558496 1.768577 2.700832 6.027904 3.653599
 0.000085 1.556963 1.784085 2.700699 6.041748 4.037389
 0.000085 1.553225 1.799142 2.700692 6.053059 4.365218
 0.000086 1.547527 1.812534 2.700842 6.060903 4.600065
 0.000086 1.540070 1.822914 2.701261 6.064245 4.701981
 0.000087 1.531542 1.829673 2.701817 6.063032 4.664857
 0.000087 1.522903 1.832394 2.702452 6.057749 4.504887
 0.000088 1.514473 1.830373 2.703180 6.048026 4.217773
 0.000088 1.506868 1.823165 2.703916 6.033949 3.818809
 0.000089 1.500971 1.811836 2.704651 6.017458 3.376679
 0.000089 1.497637 1.797225 2.705467 6.000329 2.946198
 0.000090 1.497234 1.780420 2.706369 5.984022 2.563665
 0.000090 1.500345 1.762922 2.707371 5.970638 2.269545
 0.000091 1.506847 1.745488 2.708386 5.960721 2.063188
 0.000091 1.516771 1.729388 2.709460 5.955619 1.960843
 0.000092 1.529517 1.715685 2.710610 5.955812 1.964683
 0.000092 1.544041 1.704739 2.711892 5.960671 2.062182
 0.000093 1.559213 1.697057 2.713210 5.969480 2.244956
 0.000093 1.574656 1.693119 2.714493 5.982267 2.524083
 0.000094 1.589364 1.692799 2.715811 5.997974 2.889303
 0.000094 1.602897 1.695441 2.717150 6.015488 3.325656
 0.000095 1.614531 1.700565 2.718523 6.033619 3.809710
 0.000095 1.623766 1.707680 2.720008 6.051454 4.317905
 0.000096 1.630442 1.716314 2.721389 6.068146 4.822367
 0.000096 1.634959 1.725610 2.722749 6.083318 5.305067
 0.000097 1.637512 1.735172 2.724132 6.096816 5.753829
 0.000097 1.638748 1.744293 2.725397 6.108439 6.154874
 0.000098 1.639122 1.751942 2.726502 6.117566 6.479259
 0.000098 1.639102 1.757407 2.727490 6.123999 6.712911
 0.000099 1.639007 1.760049 2.728428 6.127484 6.841204
 0.000099 1.639750 1.759373 2.729313 6.128436 6.876477
 0.000100 1.641465 1.755088 2.730130 6.126683 6.811638
 0.000100 1.644595 1.748095 2.730878 6.123568 6.697137
 0.000101 1.648882 1.738268 2.731600 6.118749 6.521942
 0.000101 1.654658 1.726255 2.732233 6.113146 6.321127
 0.000102 1.661881 1.712817 2.732796 6.107495 6.121798
 0.000102 1.670481 1.698932 2.733264 6.102678 5.954406
 0.000103 1.680578 1.684937 2.733748 6.099263 5.837154
 0.000103 1.692034 1.671494 2.734171 6.097699 5.783850
 0.000104 1.704363 1.659317 2.734473 6.098152 5.799269
 0.000104 1.717775 1.648727 2.734773 6.101275 5.906082
 0.000105 1.731588 1.640093 2.735106 6.106787 6.097073
 0.000105 1.744968 1.633346 2.735388 6.113702 6.340906
 0.000106 1.756963 1.628765 2.735569 6.121297 6.614280
 0.000106 1.767439 1.626397 2.735748 6.129584 6.919106
 0.000107 1.775429 1.626243 2.735925 6.137596 7.220390
 0.000107 1.780117 1.627801 2.736000 6.143918 7.462595
 0.000108 1.781327 1.631185 2.735989 6.148501 7.640711
 0.000108 1.778482 1.635180 2.735993 6.149655 7.685899
 0.000109 1.771955 1.640201 2.736032 6.148188 7.628488
 0.000109 1.761927 1.645995 2.736032 6.143954 7.463987
 0.000110 1.749265 1.652110 2.735993 6.137368 7.211701
 0.000110 1.735049 1.657720 2.735845 6.128615 6.883114
 0.000111 1.719631 1.662483 2.735656 6.117770 6.486610
 0.000111 1.703515 1.666102 2.735377 6.104994 6.034606
 0.000112 1.688106 1.668210 2.734952 6.091268 5.567168
 0.000112 1.674050 1.668281 2.734433 6.076764 5.093729
 0.000113 1.662285 1.666542 2.733959 6.062786 4.657360
 0.000113 1.653014 1.663293 2.733350 6.049657 4.265259
 0.000114 1.646991 1.658437 2.732620 6.038048 3.932929
 0.000114 1.644505 1.652509 2.731801 6.028815 3.678252
 0.000115 1.645812 1.646367 2.730991 6.023169 3.526714
 0.000115 1.651071 1.640081 2.730166 6.021317 3.477699
 0.000116 1.660190 1.634279 2.729388 6.023856 3.544986
 0.000116 1.672587 1.628994 2.728705 6.030285 3.718244
 0.000117 1.687304 1.624212 2.728025 6.039541 3.974933
 0.000117 1.703257 1.620506 2.727338 6.051101 4.307555
 0.000118 1.719565 1.617797 2.726767 6.064129 4.698417
 0.000118 1.735071 1.616052 2.726256 6.077379 5.113375
 0.000119 1.748706 1.615409 2.725841 6.089957 5.523501
 0.000119 1.759289 1.615985 2.725452 6.100726 5.887245
 0.000120 1.765634 1.617947 2.725147 6.108729 6.165058
 0.000120 1.767083 1.620737 2.724968 6.112788 6.308421
 0.000121 1.763777 1.623978 2.724962 6.112717 6.305896
 0.000121 1.755659 1.627635 2.725060 6.108355 6.151940
 0.000122 1.743331 1.631894 2.725238 6.100464 5.878248
 0.000122 1.728171 1.636729 2.725522 6.090422 5.538978
 0.000123 1.711112 1.641560 2.725920 6.078593 5.152262
 0.000123 1.693699 1.646820 2.726391 6.066911 4.784083
 0.000124 1.677216 1.652164 2.726962 6.056341 4.462724
 0.000124 1.662785 1.657363 2.727660 6.047807 4.211417
 0.000125 1.651193 1.662310 2.728415 6.041919 4.042246
 0.000125 1.643369 1.666279 2.729302 6.038950 3.958293
 0.000126 1.639344 1.669201 2.730317 6.038862 3.955806
 0.000126 1.639245 1.670767 2.731478 6.041491 4.030089
 0.000127 1.642806 1.671096 2.732762 6.046664 4.178299
 0.000127 1.649887 1.670201 2.734180 6.054268 4.400998
 0.000128 1.659426 1.668081 2.735723 6.063231 4.670928
 0.000128 1.670787 1.664808 2.737321 6.072916 4.971631
 0.000129 1.683194 1.660627 2.738915 6.082736 5.286104
 0.000129 1.695861 1.655806 2.740562 6.092229 5.599293
 0.000130 1.707798 1.650279 2.742222 6.100299 5.872618
 0.000130 1.717975 1.644623 2.743853 6.106451 6.085333
 0.000131 1.725115 1.639276 2.745564 6.109955 6.208178
 0.000131 1.728394 1.634377 2.747335 6.110106 6.213497
 0.000132 1.727619 1.630121 2.749188 6.106927 6.101959
 0.000132 1.722615 1.626973 2.751096 6.100684 5.885804
 0.000133 1.713883 1.625035 2.753039 6.091957 5.590189
 0.000133 1.702048 1.624703 2.755016 6.081767 5.254659
 0.000134 1.688303 1.626051 2.757014 6.071368 4.922952
 0.000134 1.673842 1.629137 2.759086 6.062064 4.635345
 0.000135 1.658859 1.633944 2.761210 6.054013 4.393443
 0.000135 1.644092 1.640381 2.763449 6.047922 4.214758
 0.000136 1.630697 1.647791 2.765684 6.044172 4.106564
 0.000136 1.618822 1.656176 2.767852 6.042850 4.068771
 0.000137 1.608612 1.664759 2.769946 6.043316 4.082090
 0.000137 1.600700 1.673151 2.771967 6.045817 4.153859
 0.000138 1.595376 1.680948 2.774004 6.050328 4.284892
 0.000138 1.592786 1.687543 2.775974 6.056303 4.461587
 0.000139 1.592815 1.693055 2.777908 6.063778 4.687666
 0.000139 1.595319 1.697088 2.779753 6.072160 4.947822
 0.000140 1.600042 1.699416 2.781535 6.080994 5.229616
 0.000140 1.606786 1.699856 2.783179 6.089821 5.519009
 0.000141 1.615225 1.698556 2.784723 6.098504 5.811230
 0.000141 1.624112 1.695994 2.786121 6.106227 6.077533
 0.000142 1.633074 1.692491 2.787348 6.112913 6.312855
 0.000142 1.641116 1.688569 2.788427 6.118111 6.498919
 0.000143 1.648099 1.684342 2.789437 6.121878 6.635440
 0.000143 1.653208 1.679941 2.790311 6.123460 6.693178
 0.000144 1.656018 1.675782 2.791044 6.122844 6.670650
 0.000144 1.656381 1.672418 2.791674 6.120473 6.584336
 0.000145 1.653573 1.670213 2.792179 6.115965 6.421766
 0.000145 1.647874 1.669339 2.792649 6.109862 6.204915
 0.000146 1.639722 1.670416 2.793000 6.103138 5.970290
 0.000146 1.630136 1.673484 2.793309 6.096930 5.757706
 0.000147 1.619708 1.678509 2.793494 6.091710 5.581938
 0.000147 1.608832 1.685492 2.793565 6.087890 5.455024
 0.000148 1.598499 1.694316 2.793394 6.086210 5.399666
 0.000148 1.589240 1.704172 2.792956 6.086368 5.404864
 0.000149 1.581663 1.714820 2.792398 6.088880 5.487790
 0.000149 1.576036 1.725794 2.791599 6.093430 5.639543
 0.000150 1.572710 1.736032 2.790651 6.099393 5.841580
 0.000150 1.571550 1.745376 2.789567 6.106493 6.086800
 0.000151 1.572872 1.752710 2.788261 6.113843 6.345931
 0.000151 1.576259 1.757745 2.786788 6.120792 6.595905
 0.000152 1.581156 1.759744 2.785044 6.125944 6.784382
 0.000152 1.587393 1.758795 2.783060 6.129247 6.906579
 0.000153 1.594356 1.755318 2.780904 6.130578 6.956142
 0.000153 1.601343 1.749277 2.778589 6.129210 6.905215
 0.000154 1.607315 1.741232 2.776065 6.124612 6.735380
 0.000154 1.612463 1.732228 2.773407 6.118098 6.498445
 0.000155 1.616354 1.722907 2.770598 6.109859 6.204816
 0.000155 1.618553 1.714265 2.767652 6.100471 5.878484
 0.000156 1.618951 1.706840 2.764538 6.090329 5.535886
 0.000156 1.617036 1.700858 2.761312 6.079206 5.171969
 0.000157 1.613027 1.697027 2.758049 6.068103 4.821031
 0.000157 1.607225 1.695694 2.754747 6.057666 4.502399
 0.000158 1.600005 1.697280 2.751332 6.048617 4.234951
 0.000158 1.592005 1.702002 2.747875 6.041882 4.041213
 0.000159 1.583600 1.709737 2.744427 6.037764 3.924966
 0.000159 1.575006 1.720303 2.740894 6.036203 3.881376
 0.000160 1.566919 1.733370 2.737365 6.037654 3.921902
 0.000160 1.559587 1.748382 2.733752 6.041722 4.036651
 0.000161 1.553681 1.764648 2.730191 6.048521 4.232143
 0.000161 1.549207 1.781532 2.726646 6.057385 4.493958
 0.000162 1.546288 1.797930 2.723076 6.067294 4.795947
 0.000162 1.544743 1.812954 2.719559 6.077255 5.109406
 0.000163 1.544260 1.825624 2.715990 6.085874 5.388629
 0.000163 1.544671 1.835412 2.712367 6.092449 5.606666
 0.000164 1.546284 1.841526 2.708723 6.096533 5.744244
 0.000164 1.548978 1.843554 2.705109 6.097642 5.781884
 0.000165 1.552486 1.841971 2.701557 6.096013 5.726648
 0.000165 1.556743 1.837263 2.698074 6.092081 5.594329
 0.000166 1.561977 1.830494 2.694702 6.087173 5.431382
 0.000166 1.567738 1.822337 2.691410 6.081485 5.245529
 0.000167 1.573973 1.813337 2.688176 6.075485 5.052995
 0.000167 1.580452 1.804014 2.685039 6.069504 4.864647
 0.000168 1.586521 1.794905 2.682014 6.063440 4.677330
 0.000168 1.591712 1.787179 2.679204 6.058095 4.515266
 0.000169 1.595832 1.780774 2.676587 6.053193 4.369176
 0.000169 1.598833 1.776192 2.674200 6.049225 4.252657
 0.000170 1.600792 1.774362 2.671993 6.047147 4.192261
 0.000170 1.601747 1.774741 2.669989 6.046477 4.172882
 0.000171 1.601675 1.777466 2.668166 6.047307 4.196899
 0.000171 1.600217 1.782522 2.666527 6.049266 4.253861
 0.000172 1.598367 1.789739 2.665055 6.053161 4.368227
 0.000172 1.596327 1.799037 2.663741 6.059105 4.545680
 0.000173 1.594156 1.809631 2.662518 6.066305 4.765356
 0.000173 1.591597 1.820549 2.661384 6.073530 4.991010
 0.000174 1.589114 1.831134 2.660336 6.080584 5.216379
 0.000174 1.586451 1.840653 2.659451 6.086555 5.411036
 0.000175 1.583539 1.848026 2.658667 6.090232 5.532668
 0.000175 1.580967 1.852489 2.657990 6.091445 5.573083
 0.000176 1.579272 1.853377 2.657329 6.089978 5.524205
 0.000176 1.578413 1.850669 2.656740 6.085822 5.386949
 0.000177 1.578650 1.844208 2.656263 6.079121 5.169229
 0.000177 1.580129 1.834583 2.655837 6.070549 4.897286
 0.000178 1.582840 1.822664 2.655418 6.060922 4.600625
 0.000178 1.586879 1.809082 2.655005 6.050966 4.303585
 0.000179 1.591802 1.794492 2.654543 6.040837 4.011539
 0.000179 1.598200 1.779778 2.654088 6.032066 3.766952
 0.000180 1.605872 1.766164 2.653729 6.025764 3.595969
 0.000180 1.614477 1.754289 2.653487 6.022254 3.502445
 0.000181 1.623412 1.744981 2.653323 6.021716 3.488227
 0.000181 1.632273 1.738846 2.653198 6.024318 3.557289
 0.000182 1.640737 1.736228 2.653151 6.030116 3.713614
 0.000182 1.648105 1.737025 2.653128 6.038258 3.938823
 0.000183 1.653590 1.741462 2.653126 6.048178 4.222171
 0.000183 1.656378 1.748955 2.653134 6.058467 4.526454
 0.000184 1.656160 1.758824 2.653102 6.068086 4.820516
 0.000184 1.652934 1.770498 2.653046 6.076478 5.084598
 0.000185 1.646996 1.783412 2.652889 6.083297 5.304362
 0.000185 1.638753 1.796680 2.652684 6.088118 5.462550
 0.000186 1.628260 1.809523 2.652370 6.090153 5.530024
 0.000186 1.616293 1.821013 2.651953 6.089259 5.500349
 0.000187 1.603943 1.830834 2.651436 6.086213 5.399762
 0.000187 1.592020 1.837879 2.650856 6.080755 5.221903
 0.000188 1.580748 1.841623 2.650197 6.072568 4.960674
 0.000188 1.570814 1.842517 2.649421 6.062752 4.656306
 0.000189 1.563083 1.840760 2.648625 6.052468 4.347773
 0.000189 1.558211 1.836870 2.647798 6.042879 4.069605
 0.000190 1.556207 1.831182 2.646988 6.034376 3.830643
 0.000190 1.556929 1.824333 2.646135 6.027398 3.639907
 0.000191 1.560502 1.817194 2.645251 6.022946 3.520803
 0.000191 1.567010 1.810102 2.644394 6.021506 3.482672
 0.000192 1.576306 1.803711 2.643568 6.023584 3.537745
 0.000192 1.588005 1.798721 2.642713 6.029438 3.695175
 0.000193 1.601638 1.795113 2.641828 6.038579 3.947854
 0.000193 1.615973 1.792888 2.640974 6.049834 4.270448
 0.000194 1.630129 1.792287 2.640082 6.062498 4.648555
 0.000194 1.643213 1.793253 2.639168 6.075634 5.057731
 0.000195 1.654294 1.795577 2.638198 6.088069 5.460934
 0.000195 1.662723 1.798940 2.637171 6.098834 5.822496
 0.000196 1.667886 1.802663 2.636173 6.106722 6.094779
 0.000196 1.669323 1.806601 2.635202 6.111126 6.249518
 0.000197 1.666751 1.810444 2.634140 6.111336 6.256930
 0.000197 1.660555 1.813691 2.633054 6.107300 6.114973
 0.000198 1.651432 1.816770 2.631955 6.100157 5.867737
 0.000198 1.640443 1.818722 2.630807 6.089972 5.524006
 0.000199 1.628744 1.818963 2.629582 6.077289 5.110491
 0.000199 1.617061 1.817361 2.628267 6.062688 4.654357
 0.000200 1.605642 1.813781 2.626909 6.046331 4.168687
 0.000200 1.595696 1.808112 2.625571 6.029380 3.693585
 0.000201 1.587978 1.800774 2.624287 6.013040 3.262826
 0.000201 1.583053 1.791845 2.623019 5.997917 2.887936
 0.000202 1.581779 1.781853 2.621832 5.985465 2.596429
 0.000202 1.584079 1.771192 2.620804 5.976075 2.386862
 0.000203 1.590537 1.760196 2.619862 5.970595 2.268632
 0.000203 1.600391 1.749257 2.619003 5.968651 2.227420
 0.000204 1.613871 1.738725 2.618247 5.970844 2.273936
 0.000204 1.630594 1.728972 2.617569 5.977134 2.410057
 0.000205 1.650005 1.720358 2.616987 5.987350 2.639559
 0.000205 1.670428 1.713292 2.616625 6.000345 2.946590
 0.000206 1.690910 1.707384 2.616429 6.014723 3.305961
 0.000206 1.710324 1.702666 2.616365 6.029354 3.692894
 0.000207 1.727333 1.699202 2.616411 6.042947 4.071530
 0.000207 1.740596 1.696910 2.616561 6.054067 4.395033
 0.000208 1.749253 1.695661 2.616737 6.061650 4.622754
 0.000208 1.752568 1.695649 2.616941 6.065158 4.730015
 0.000209 1.750910 1.696387 2.617203 6.064500 4.709815
 0.000209 1.744993 1.697278 2.617502 6.059773 4.565838
 0.000210 1.735260 1.697981 2.617892 6.051134 4.308505
 0.000210 1.722733 1.699207 2.618392 6.040332 3.997271
 0.000211 1.708598 1.700938 2.619007 6.028542 3.670859
 0.000211 1.694125 1.702987 2.619712 6.016824 3.360213
 0.000212 1.680351 1.705269 2.620548 6.006169 3.089667
 0.000212 1.668739 1.707518 2.621530 5.997788 2.884837
 0.000213 1.659642 1.709547 2.622703 5.991893 2.744982
 0.000213 1.653811 1.711199 2.623977 5.988986 2.677298
 0.000214 1.651342 1.712354 2.625259 5.988955 2.676579
 0.000214 1.652565 1.713017 2.626669 5.992251 2.753372
 0.000215 1.657518 1.713088 2.628196 5.998802 2.909249
 0.000215 1.665817 1.712281 2.629769 6.007867 3.132022
 0.000216 1.677266 1.710958 2.631493 6.019718 3.435645
 0.000216 1.691314 1.709232 2.633329 6.033874 3.816749
 0.000217 1.706957 1.707197 2.635250 6.049404 4.257891
 0.000217 1.723334 1.705271 2.637290 6.065895 4.752717
 0.000218 1.739359 1.703605 2.639431 6.082395 5.275053
 0.000218 1.753976 1.701737 2.641659 6.097371 5.772681
 0.000219 1.766347 1.699419 2.644004 6.109770 6.201671
 0.000219 1.775411 1.696516 2.646415 6.118343 6.507258
 0.000220 1.780718 1.692791 2.648882 6.122391 6.654114
 0.000220 1.781284 1.688556 2.651463 6.121302 6.614475
 0.000221 1.777076 1.684036 2.654177 6.115289 6.397573
 0.000221 1.768921 1.679472 2.657022 6.105416 6.049280
 0.000222 1.757638 1.674847 2.660045 6.092530 5.609374
 0.000222 1.743806 1.670593 2.663186 6.077585 5.119959
 0.000223 1.728293 1.666584 2.666417 6.061294 4.611936
 0.000223 1.712378 1.662712 2.669708 6.044798 4.124536
 0.000224 1.697136 1.659081 2.673087 6.029305 3.691548
 0.000224 1.683560 1.655890 2.676606 6.016056 3.340328
 0.000225 1.672060 1.652925 2.680189 6.005174 3.064976
 0.000225 1.663081 1.650105 2.683837 5.997024 2.866514
 0.000226 1.656957 1.647294 2.687503 5.991754 2.741720
 0.000226 1.654277 1.644640 2.691239 5.990157 2.704455
 0.000227 1.655515 1.641969 2.695134 5.992618 2.761993
 0.000227 1.660392 1.639076 2.699155 5.998623 2.904926
 0.000228 1.668436 1.635666 2.703210 6.007313 3.118164
 0.000228 1.679114 1.631575 2.707231 6.017920 3.388688
 0.000229 1.692252 1.626456 2.711206 6.029914 3.708118
 0.000229 1.707319 1.620037 2.715123 6.042479 4.058186
 0.000230 1.723167 1.612538 2.718906 6.054610 4.411169
 0.000230 1.739036 1.604045 2.722651 6.065732 4.747688
 0.000231 1.753807 1.594923 2.726287 6.075017 5.038116
 0.000231 1.766696 1.585812 2.729866 6.082374 5.274356
 0.000232 1.776468 1.577182 2.733451 6.087102 5.429029
 0.000232 1.782329 1.569156 2.736889 6.088374 5.471025
 0.000233 1.783921 1.562175 2.740192 6.086288 5.402233
 0.000233 1.780864 1.556412 2.743377 6.080653 5.218611
 0.000234 1.773719 1.552165 2.746426 6.072310 4.952567
 0.000234 1.763351 1.550165 2.749273 6.062788 4.657412
 0.000235 1.750850 1.550828 2.751927 6.053605 4.381365
 0.000235 1.737089 1.553861 2.754430 6.045380 4.141269
 0.000236 1.722883 1.559443 2.756893 6.039219 3.965863
 0.000236 1.709262 1.567119 2.759236 6.035618 3.865082
 0.000237 1.697287 1.576779 2.761452 6.035518 3.862298
 0.000237 1.687416 1.587983 2.763485 6.038885 3.956446
 0.000238 1.680147 1.600549 2.765399 6.046095 4.161874
 0.000238 1.675709 1.613094 2.767121 6.055924 4.450275
 0.000239 1.674297 1.624364 2.768743 6.067404 4.799355
 0.000239 1.675617 1.633806 2.770306 6.079730 5.188818
 0.000240 1.679533 1.640975 2.771645 6.092153 5.596747
 0.000240 1.686146 1.645130 2.772769 6.104045 6.001681
 0.000241 1.695220 1.646079 2.773791 6.115090 6.390453
 0.000241 1.705386 1.644029 2.774676 6.124092 6.716307
 0.000242 1.716711 1.638707 2.775396 6.130814 6.964940
 0.000242 1.728562 1.631122 2.775904 6.135588 7.144257
 0.000243 1.739618 1.622160 2.776225 6.138003 7.235865
 0.000243 1.749231 1.612397 2.776369 6.137997 7.235632
 0.000244 1.756623 1.602564 2.776396 6.135582 7.144053
 0.000244 1.760930 1.593120 2.776241 6.130290 6.945402
 0.000245 1.761611 1.584239 2.775871 6.121722 6.629729
 0.000245 1.758801 1.576977 2.775284 6.111062 6.247247
 0.000246 1.752420 1.572148 2.774601 6.099169 5.833933
 0.000246 1.743151 1.570036 2.773790 6.086977 5.424930
 0.000247 1.731292 1.570640 2.772829 6.074761 5.029996
 0.000247 1.717754 1.574073 2.771740 6.063566 4.681196
 0.000248 1.703642 1.580166 2.770635 6.054442 4.406178
 0.000248 1.689496 1.588795 2.769347 6.047637 4.206478
 0.000249 1.676071 1.599676 2.767953 6.043701 4.093077
 0.000249 1.664091 1.612064 2.766463 6.042617 4.062137
 0.000250 1.654401 1.625696 2.764870 6.044967 4.129393
 0.000250 1.646921 1.639523 2.763217 6.049660 4.265350
 0.000251 1.641764 1.652488 2.761529 6.055782 4.446047
 0.000251 1.638819 1.664103 2.759885 6.062807 4.657991
 0.000252 1.638366 1.673426 2.758223 6.070015 4.880589
 0.000252 1.640277 1.679218 2.756506 6.076001 5.069386
 0.000253 1.644389 1.681398 2.754773 6.080560 5.215617
 0.000253 1.650305 1.679321 2.753039 6.082665 5.283811
 0.000254 1.657800 1.672928 2.751269 6.081997 5.262127
 0.000254 1.666735 1.663149 2.749498 6.079382 5.177641
 0.000255 1.676466 1.650618 2.747700 6.074783 5.030691
 0.000255 1.686799 1.637004 2.745944 6.069748 4.872235
 0.000256 1.696904 1.623110 2.744224 6.064238 4.701763
 0.000256 1.706001 1.609908 2.742485 6.058394 4.524268
 0.000257 1.714065 1.597674 2.740810 6.052548 4.350129
 0.000257 1.720666 1.587569 2.739193 6.047428 4.200421
 0.000258 1.725713 1.580173 2.737649 6.043534 4.088311
 0.000258 1.729068 1.576022 2.736201 6.041291 4.024408
 0.000259 1.730674 1.575527 2.734790 6.040991 4.015926
 0.000259 1.731153 1.579134 2.733428 6.043715 4.093494
 0.000260 1.731043 1.586412 2.732174 6.049629 4.264443
 0.000260 1.730188 1.596513 2.731001 6.057701 4.503457
 0.000261 1.728600 1.608809 2.729860 6.067269 4.795165
 0.000261 1.726741 1.622938 2.728847 6.078526 5.150108
 0.000262 1.724885 1.637771 2.727901 6.090556 5.543459
 0.000262 1.723693 1.652271 2.727109 6.103074 5.968075
 0.000263 1.723489 1.665372 2.726398 6.115259 6.396477
 0.000263 1.724394 1.676016 2.725829 6.126240 6.795268
 0.000264 1.725939 1.683324 2.725395 6.134658 7.109161
 0.000264 1.728094 1.686501 2.725052 6.139647 7.298522
 0.000265 1.730819 1.685338 2.724790 6.140947 7.348281
 0.000265 1.733808 1.679998 2.724621 6.138427 7.251983
 0.000266 1.737344 1.671157 2.724506 6.133007 7.047051
 0.000266 1.741583 1.659874 2.724521 6.125979 6.785645
 0.000267 1.745840 1.647269 2.724632 6.117741 6.485585
 0.000267 1.749822 1.633713 2.724778 6.108312 6.150433
 0.000268 1.754079 1.620295 2.724997 6.099371 5.840839
 0.000268 1.758359 1.608003 2.725301 6.091662 5.580344
 0.000269 1.762260 1.597548 2.725684 6.085492 5.376111
 0.000269 1.765535 1.589499 2.726084 6.081118 5.233652
 0.000270 1.767368 1.584264 2.726490 6.078122 5.137167
 0.000270 1.767644 1.582076 2.726927 6.076647 5.089988
 0.000271 1.765819 1.583186 2.727300 6.076305 5.079088
 0.000271 1.761886 1.587428 2.727614 6.076929 5.098984
 0.000272 1.756070 1.594226 2.727845 6.078141 5.137757
 0.000272 1.748723 1.603931 2.728045 6.080699 5.220079
 0.000273 1.739922 1.615751 2.728207 6.083880 5.323366
 0.000273 1.729473 1.629046 2.728349 6.086869 5.421351
 0.000274 1.718103 1.642844 2.728390 6.089336 5.502900
 0.000274 1.706276 1.656593 2.728332 6.091201 5.564936
 0.000275 1.694322 1.669167 2.728100 6.091589 5.577882
 0.000275 1.683091 1.680018 2.727777 6.090886 5.554421
 0.000276 1.673425 1.688857 2.727285 6.089568 5.510582
 0.000276 1.665161 1.695102 2.726771 6.087035 5.426811
 0.000277 1.658777 1.698116 2.726147 6.083041 5.296042
 0.000277 1.654382 1.697460 2.725436 6.077277 5.110109
 0.000278 1.652448 1.693610 2.724674 6.070732 4.903006
 0.000278 1.652648 1.686929 2.723806 6.063383 4.675578
 0.000279 1.654888 1.678001 2.722789 6.055677 4.442916
 0.000279 1.659352 1.667338 2.721647 6.048337 4.226799
 0.000280 1.665739 1.655649 2.720420 6.041808 4.039099
 0.000280 1.674216 1.643902 2.719068 6.037185 3.908784
 0.000281 1.683856 1.632477 2.717672 6.034005 3.820368
 0.000281 1.694124 1.621760 2.716219 6.032102 3.767950
 0.000282 1.704833 1.612291 2.714686 6.031810 3.759932
 0.000282 1.715463 1.604687 2.713039 6.033190 3.797860
 0.000283 1.725448 1.599397 2.711313 6.036157 3.880094
 0.000283 1.734161 1.596337 2.709526 6.040023 3.988535
 0.000284 1.741038 1.596249 2.707546 6.044833 4.125540
 0.000284 1.745582 1.599007 2.705466 6.050054 4.276873
 0.000285 1.748134 1.604309 2.703264 6.055708 4.443828
 0.000285 1.748628 1.612084 2.700954 6.061666 4.623234
 0.000286 1.747685 1.621437 2.698522 6.067643 4.806758
 0.000286 1.745194 1.631816 2.696094 6.073105 4.977605
 0.000287 1.742073 1.642660 2.693557 6.078290 5.142539
 0.000287 1.738751 1.653321 2.690995 6.083067 5.296893
 0.000288 1.735779 1.663110 2.688363 6.087251 5.433956
 0.000288 1.733573 1.671349 2.685728 6.090650 5.546578
 0.000289 1.732853 1.677288 2.682998 6.093140 5.629817
 0.000289 1.733218 1.680306 2.680203 6.093726 5.649512
 0.000290 1.734981 1.680441 2.677369 6.092792 5.618134
 0.000290 1.738268 1.677357 2.674542 6.090167 5.530511
 0.000291 1.742700 1.671330 2.671836 6.085866 5.388374
 0.000291 1.748067 1.662887 2.669211 6.080165 5.202859
 0.000292 1.753825 1.652512 2.666632 6.072969 4.973308
 0.000292 1.760373 1.641127 2.664058 6.065559 4.742352
 0.000293 1.767155 1.629345 2.661510 6.058011 4.512742
 0.000293 1.773802 1.618235 2.658999 6.051036 4.305629
 0.000294 1.780484 1.608325 2.656589 6.045399 4.141801
 0.000294 1.786715 1.599814 2.654275 6.040804 4.010615
 0.000295 1.791368 1.593216 2.652103 6.036687 3.894863
 0.000295 1.794188 1.588542 2.650036 6.032766 3.786186
 0.000296 1.794744 1.586216 2.648044 6.029004 3.683373
 0.000296 1.792880 1.586518 2.646144 6.025543 3.590029
 0.000297 1.787908 1.589414 2.644388 6.021710 3.488066
 0.000297 1.779733 1.594810 2.642779 6.017322 3.373131
 0.000298 1.768383 1.602189 2.641379 6.011951 3.235065
 0.000298 1.753937 1.611532 2.640224 6.005693 3.077853
 0.000299 1.737124 1.622408 2.639222 5.998754 2.908107
 0.000299 1.718324 1.634396 2.638480 5.991200 2.728775
 0.000300 1.698301 1.646947 2.637915 5.983163 2.544250
 0.000300 1.678009 1.659436 2.637566 5.975011 2.363673
 0.000301 1.658589 1.670764 2.637443 5.966796 2.188433
 0.000301 1.641462 1.680459 2.637573 5.959494 2.038338
 0.000302 1.627178 1.687898 2.638017 5.953093 1.911155
 0.000302 1.616249 1.692276 2.638667 5.947192 1.797526
 0.000303 1.609233 1.693372 2.639527 5.942133 1.702875
 0.000303 1.606061 1.691224 2.640561 5.937846 1.624684
 0.000304 1.607037 1.685823 2.641833 5.934693 1.568348
 0.000304 1.612470 1.678360 2.643401 5.934231 1.560166
 0.000305 1.621828 1.669201 2.645243 5.936272 1.596433
 0.000305 1.634326 1.659341 2.647389 5.941056 1.683051
 0.000306 1.649816 1.649254 2.649794 5.948865 1.829369
 0.000306 1.667726 1.639568 2.652493 5.959787 2.044265
 0.000307 1.686615 1.630707 2.655506 5.972828 2.316442
 0.000307 1.704926 1.623045 2.658825 5.986796 2.626848
 0.000308 1.721572 1.616595 2.662352 6.000519 2.950811
 0.000308 1.734862 1.611803 2.666138 6.012803 3.256786
 0.000309 1.744388 1.609039 2.670127 6.023555 3.536967
 0.000309 1.749232 1.607734 2.674323 6.031288 3.745646
 0.000310 1.748892 1.607865 2.678693 6.035449 3.860397
 0.000310 1.744105 1.609852 2.683207 6.037163 3.908163
 0.000311 1.735704 1.613859 2.687895 6.037458 3.916399
 0.000311 1.724259 1.619300 2.692710 6.036269 3.883204
 0.000312 1.711507 1.625922 2.697553 6.034982 3.847430
 0.000312 1.698687 1.633562 2.702455 6.034704 3.839714
 0.000313 1.686857 1.641729 2.707383 6.035969 3.874861
 0.000313 1.676795 1.650286 2.712351 6.039431 3.971828
 0.000314 1.669417 1.658621 2.717391 6.045429 4.142677
 0.000314 1.664798 1.665864 2.722428 6.053090 4.366113
 0.000315 1.663086 1.671204 2.727524 6.061814 4.627738
 0.000315 1.664763 1.674471 2.732619 6.071854 4.938203
 0.000316 1.669473 1.675417 2.737646 6.082535 5.279601
 0.000316 1.677031 1.673555 2.742542 6.093128 5.629418
 0.000317 1.686952 1.668923 2.747344 6.103219 5.973103
 0.000317 1.698819 1.661922 2.752015 6.112756 6.307263
 0.000318 1.712059 1.652884 2.756575 6.121518 6.622328
 0.000318 1.726137 1.642023 2.761099 6.129258 6.907007
 0.000319 1.740325 1.630429 2.765546 6.136299 7.171186
 0.000319 1.753942 1.618421 2.769864 6.142227 7.397435
 0.000320 1.765709 1.606952 2.774077 6.146738 7.571962
 0.000320 1.774929 1.596625 2.778191 6.149746 7.689446
 0.000321 1.781080 1.588107 2.782228 6.151415 7.755037
 0.000321 1.783834 1.581785 2.786264 6.151882 7.773467
 0.000322 1.782983 1.577631 2.790134 6.150748 7.728791
 0.000322 1.778385 1.575747 2.793744 6.147876 7.616313
 0.000323 1.770090 1.576530 2.797093 6.143713 7.454692
 0.000323 1.758659 1.579840 2.800262 6.138761 7.264727
 0.000324 1.744532 1.585700 2.803148 6.133380 7.061055
 0.000324 1.728780 1.594151 2.805725 6.128657 6.884669
 0.000325 1.712335 1.605049 2.808055 6.125439 6.765792
 0.000325 1.695798 1.617872 2.810177 6.123848 6.707370
 0.000326 1.680272 1.632004 2.812113 6.124389 6.727201
 0.000326 1.666178 1.647069 2.813864 6.127110 6.827394
 0.000327 1.654034 1.662192 2.815494 6.131720 6.998794
 0.000327 1.643864 1.676208 2.816927 6.136998 7.197665
 0.000328 1.636276 1.688474 2.818087 6.142837 7.420920
 0.000328 1.631707 1.698739 2.818930 6.149376 7.674951
 0.000329 1.630264 1.705977 2.819405 6.155646 7.922586
 0.000329 1.632005 1.709659 2.819580 6.161244 8.146970
 0.000330 1.636534 1.709690 2.819435 6.165658 8.326141
 0.000330 1.643794 1.706519 2.819016 6.169328 8.476565
 0.000331 1.653448 1.700163 2.818403 6.172014 8.587525
 0.000331 1.664654 1.690956 2.817515 6.173125 8.633643
 0.000332 1.676913 1.679598 2.816474 6.172985 8.627788
 0.000332 1.689689 1.666828 2.815222 6.171739 8.576125
 0.000333 1.702266 1.653640 2.813852 6.169758 8.494265
 0.000333 1.714351 1.640431 2.812378 6.167160 8.387523
 0.000334 1.725225 1.627812 2.810769 6.163806 8.250715
 0.000334 1.734461 1.616634 2.808927 6.160023 8.097750
 0.000335 1.741073 1.607208 2.806795 6.155077 7.899932
 0.000335 1.744289 1.600172 2.804542 6.149003 7.660361
 0.000336 1.743910 1.595656 2.802108 6.141674 7.376159
 0.000336 1.740000 1.594074 2.799584 6.133659 7.071521
 0.000337 1.732699 1.595396 2.796974 6.125070 6.752201
 0.000337 1.722699 1.599609 2.794286 6.116594 6.444328
 0.000338 1.711065 1.606807 2.791551 6.109423 6.189446
 0.000338 1.698567 1.616678 2.788711 6.103956 5.998603
 0.000339 1.685862 1.628945 2.785814 6.100621 5.883649
 0.000339 1.673710 1.642918 2.782835 6.099463 5.843992
 0.000340 1.662321 1.657765 2.779841 6.099927 5.859846
 0.000340 1.651989 1.672274 2.776800 6.101063 5.898818
 0.000341 1.643091 1.685699 2.773701 6.102491 5.947979
 0.000341 1.636470 1.696872 2.770488 6.103829 5.994214
 0.000342 1.632254 1.704710 2.767284 6.104248 6.008724
 0.000342 1.629836 1.708692 2.764045 6.102573 5.950792
 0.000343 1.629150 1.708295 2.760766 6.098212 5.801286
 0.000343 1.629615 1.703481 2.757504 6.090600 5.544906
 0.000344 1.631650 1.694658 2.754285 6.080593 5.216671
 0.000344 1.635403 1.682797 2.751129 6.069329 4.859184
 0.000345 1.640507 1.668889 2.748117 6.057513 4.497817
 0.000345 1.646840 1.653828 2.745105 6.045774 4.152606
 0.000346 1.653717 1.639053 2.742134 6.034905 3.845289
 0.000346 1.660424 1.625926 2.739314 6.025663 3.593270
 0.000347 1.666509 1.614739 2.736646 6.017894 3.388017
 0.000347 1.671484 1.605991 2.734195 6.011669 3.227911
 0.000348 1.675083 1.600227 2.731917 6.007227 3.116033
 0.000348 1.676558 1.598289 2.729854 6.004701 3.053289
 0.000349 1.675357 1.600137 2.727978 6.003473 3.023005
 0.000349 1.671362 1.605587 2.726316 6.003264 3.017885
 0.000350 1.664641 1.614094 2.724792 6.003527 3.024337
 0.000350 1.655371 1.625343 2.723424 6.004138 3.039384
 0.000351 1.643927 1.638810 2.722245 6.004982 3.060242
 0.000351 1.630828 1.654224 2.721327 6.006379 3.094884
 0.000352 1.616844 1.670679 2.720624 6.008147 3.139035
 0.000352 1.602870 1.686922 2.720053 6.009845 3.181731
 0.000353 1.589529 1.701726 2.719586 6.010841 3.206904
 0.000353 1.576913 1.714038 2.719273 6.010224 3.191282
 0.000354 1.565785 1.723134 2.719125 6.008044 3.136463
 0.000354 1.556254 1.728401 2.719166 6.003822 3.031600
 0.000355 1.548825 1.729564 2.719409 5.997798 2.885086
 0.000355 1.543856 1.726941 2.719810 5.990608 2.714956
 0.000356 1.541934 1.720897 2.720377 5.983208 2.545254
 0.000356 1.542991 1.712299 2.721121 5.976411 2.394205
 0.000357 1.547189 1.701924 2.722057 5.971171 2.280923
 0.000357 1.554249 1.690850 2.723159 5.968258 2.219133
 0.000358 1.564054 1.679662 2.724527 5.968243 2.218816
 0.000358 1.575439 1.669249 2.725993 5.970681 2.270474
 0.000359 1.587825 1.660388 2.727552 5.975765 2.380097
 0.000359 1.600397 1.653710 2.729185 5.983292 2.547155
 0.000360 1.612108 1.649752 2.730900 5.992760 2.765343
 0.000360 1.622231 1.648507 2.732742 6.003480 3.023197
 0.000361 1.629722 1.649519 2.734685 6.013926 3.285497
 0.000361 1.634228 1.652869 2.736708 6.023805 3.543625
 0.000362 1.635489 1.658214 2.738698 6.032401 3.776170
 0.000362 1.632926 1.665217 2.740623 6.038765 3.953085
 0.000363 1.626691 1.673796 2.742448 6.042935 4.071197
 0.000363 1.617697 1.683776 2.744220 6.045692 4.150252
 0.000364 1.606473 1.694112 2.745974 6.046558 4.175226
 0.000364 1.593974 1.704592 2.747693 6.046259 4.166594
 0.000365 1.581390 1.714375 2.749404 6.045170 4.135220
 0.000365 1.569658 1.722750 2.750986 6.043394 4.084293
 0.000366 1.559570 1.729259 2.752435 6.041264 4.023654
 0.000366 1.551771 1.733348 2.753869 6.038989 3.959370
 0.000367 1.546878 1.735208 2.755233 6.037319 3.912531
 0.000367 1.545436 1.734884 2.756508 6.036828 3.898788
 0.000368 1.547810 1.732517 2.757632 6.037959 3.930456
 0.000368 1.553865 1.728303 2.758624 6.040792 4.010289
 0.000369 1.563257 1.722862 2.759488 6.045607 4.147804
 0.000369 1.575327 1.716341 2.760132 6.051800 4.328093
 0.000370 1.589511 1.709029 2.760679 6.059218 4.549102
 0.000370 1.605582 1.702038 2.761096 6.068716 4.840077
 0.000371 1.622039 1.695764 2.761300 6.079102 5.168626
 0.000371 1.638366 1.690739 2.761296 6.090401 5.538290
 0.000372 1.653700 1.687317 2.761205 6.102222 5.938695
 0.000372 1.666847 1.685472 2.760950 6.113269 6.325505
 0.000373 1.676372 1.685200 2.760490 6.122063 6.642149
 0.000373 1.681823 1.686285 2.759777 6.127884 6.856026
 0.000374 1.682460 1.689108 2.758928 6.130495 6.953061
 0.000374 1.678298 1.693172 2.757998 6.129468 6.914800
 0.000375 1.669907 1.698687 2.756891 6.125486 6.767501
 0.000375 1.658263 1.705863 2.755712 6.119838 6.561305
 0.000376 1.643764 1.714071 2.754331 6.112166 6.286329
 0.000376 1.627943 1.722842 2.752781 6.103566 5.985090
 0.000377 1.611866 1.732217 2.751098 6.095181 5.698509
 0.000377 1.596881 1.741297 2.749254 6.087433 5.439931
 0.000378 1.583706 1.749792 2.747207 6.080705 5.220289
 0.000378 1.573578 1.757313 2.744942 6.075833 5.064047
 0.000379 1.567347 1.763195 2.742550 6.073092 4.977183
 0.000379 1.565201 1.766696 2.740123 6.072020 4.943426
 0.000380 1.567058 1.767771 2.737669 6.072497 4.958448
 0.000380 1.573007 1.766380 2.735133 6.074520 5.022341
 0.000381 1.582731 1.761698 2.732500 6.076929 5.098992
 0.000381 1.595553 1.754033 2.729786 6.079371 5.177289
 0.000382 1.611064 1.743941 2.727024 6.082030 5.263173
 0.000382 1.629138 1.731839 2.724284 6.085262 5.368558
 0.000383 1.648456 1.718215 2.721626 6.088297 5.468484
 0.000383 1.667822 1.703891 2.719050 6.090762 5.550314
 0.000384 1.686178 1.689290 2.716462 6.091930 5.589276
 0.000384 1.702521 1.674492 2.713836 6.090849 5.553206
 0.000385 1.715776 1.660248 2.711298 6.087322 5.436300
 0.000385 1.725464 1.647457 2.708844 6.081765 5.254603
 0.000386 1.731495 1.636567 2.706424 6.074485 5.021257
 0.000386 1.733187 1.627707 2.704128 6.065021 4.725809
 0.000387 1.730886 1.621096 2.701931 6.053913 4.390467
 0.000387 1.725346 1.617071 2.699764 6.042181 4.049698
 0.000388 1.717644 1.615960 2.697758 6.031362 3.747649
 0.000388 1.708766 1.617728 2.695874 6.022368 3.505480
 0.000389 1.699530 1.622525 2.694116 6.016172 3.343326
 0.000389 1.690950 1.630015 2.692410 6.013375 3.271392
 0.000390 1.683510 1.639739 2.690870 6.014120 3.290481
 0.000390 1.677769 1.651505 2.689577 6.018850 3.412943
 0.000391 1.673824 1.664072 2.688532 6.026428 3.613793
 0.000391 1.671982 1.676394 2.687728 6.036104 3.878595
 0.000392 1.672574 1.687246 2.687140 6.046960 4.186859
 0.000392 1.675604 1.696258 2.686749 6.058611 4.530787
 0.000393 1.680881 1.702525 2.686626 6.070032 4.881124
 0.000393 1.688406 1.705371 2.686706 6.080482 5.213099
 0.000394 1.698016 1.704223 2.687005 6.089244 5.499859
 0.000394 1.709743 1.698975 2.687460 6.096177 5.732195
 0.000395 1.722876 1.689803 2.688063 6.100742 5.887797
 0.000395 1.736717 1.677039 2.688876 6.102632 5.952813
 0.000396 1.750513 1.661924 2.689874 6.102311 5.941748
 0.000396 1.763412 1.645564 2.691046 6.100022 5.863129
 0.000397 1.775145 1.629404 2.692443 6.096991 5.759795
 0.000397 1.785173 1.613694 2.694006 6.092874 5.620881
 0.000398 1.793085 1.599243 2.695672 6.088000 5.458676
 0.000398 1.798151 1.587011 2.697478 6.082641 5.283025
 0.000399 1.800484 1.577297 2.699433 6.077213 5.108074
 0.000399 1.799791 1.570377 2.701521 6.071689 4.933029
 0.000400 1.796489 1.566591 2.703807 6.066887 4.783353
 0.000400 1.791286 1.566282 2.706206 6.063773 4.687530
 0.000401 1.784452 1.569296 2.708810 6.062557 4.650370
 0.000401 1.776322 1.575681 2.711579 6.063581 4.681656
 0.000402 1.767238 1.585036 2.714449 6.066723 4.778266
 0.000402 1.757808 1.597166 2.717359 6.072334 4.953300
 0.000403 1.748416 1.611490 2.720355 6.080261 5.205942
 0.000403 1.739671 1.626601 2.723399 6.089671 5.514005
 0.000404 1.731937 1.641596 2.726402 6.099935 5.860119
 0.000404 1.725422 1.655888 2.729374 6.110685 6.233938
 0.000405 1.720013 1.668014 2.732312 6.120339 6.579497
 0.000405 1.716335 1.676838 2.735246 6.128418 6.875827
 0.000406 1.714161 1.681639 2.738092 6.133893 7.080339
 0.000406 1.713425 1.681199 2.740819 6.135443 7.138805
 0.000407 1.714067 1.675779 2.743400 6.133246 7.056002
 0.000407 1.715973 1.665415 2.745839 6.127226 6.831696
 0.000408 1.718600 1.650981 2.748069 6.117650 6.482286
 0.000408 1.721775 1.633683 2.750176 6.105634 6.056867
 0.000409 1.725251 1.615104 2.752070 6.092425 5.605867
 0.000409 1.728876 1.595840 2.753802 6.078518 5.149851
 0.000410 1.732555 1.577383 2.755378 6.065316 4.734894
 0.000410 1.736044 1.561486 2.756780 6.054310 4.402241
 0.000411 1.739590 1.548834 2.757987 6.046411 4.170989
 0.000411 1.742877 1.540362 2.759098 6.042337 4.054151
 0.000412 1.744951 1.536497 2.759931 6.041379 4.026922
 0.000412 1.745810 1.537668 2.760497 6.043975 4.100921
 0.000413 1.745236 1.544229 2.760895 6.050360 4.285826
 0.000413 1.743186 1.555814 2.761059 6.060059 4.574491
 0.000414 1.739226 1.571281 2.760976 6.071483 4.926563
 0.000414 1.733534 1.590177 2.760685 6.084396 5.340231
 0.000415 1.726324 1.611830 2.760179 6.098333 5.805421
 0.000415 1.717597 1.634485 2.759484 6.111566 6.265096
 0.000416 1.708064 1.656324 2.758568 6.122956 6.674737
 0.000416 1.697982 1.676436 2.757344 6.131761 7.000357
 0.000417 1.687529 1.693696 2.755902 6.137126 7.202541
 0.000417 1.677009 1.706723 2.754149 6.137880 7.231183
 0.000418 1.667017 1.714809 2.752139 6.133965 7.083032
 0.000418 1.658298 1.717793 2.749896 6.125988 6.785977
 0.000419 1.651419 1.715457 2.747451 6.114327 6.363190
 0.000419 1.646631 1.708799 2.744790 6.100220 5.869905
 0.000420 1.644328 1.698496 2.742015 6.084839 5.354710
 0.000420 1.644631 1.685798 2.739139 6.069568 4.866643
 0.000421 1.647808 1.671915 2.736175 6.055899 4.449521
 0.000421 1.653808 1.657882 2.733105 6.044795 4.124443
 0.000422 1.662560 1.644599 2.729879 6.037038 3.904655
 0.000422 1.673031 1.633369 2.726546 6.032946 3.791141
 0.000423 1.685191 1.624698 2.723132 6.033021 3.793219
 0.000423 1.698103 1.618694 2.719666 6.036463 3.888626
 0.000424 1.710474 1.615634 2.716195 6.042303 4.053171
 0.000424 1.721077 1.615622 2.712661 6.049360 4.256591
 0.000425 1.729078 1.618763 2.709087 6.056927 4.480260
 0.000425 1.733632 1.624934 2.705465 6.064031 4.695418
 0.000426 1.734087 1.634143 2.701890 6.070120 4.883862
 0.000426 1.730062 1.645902 2.698324 6.074288 5.015016
 0.000427 1.721563 1.659559 2.694672 6.075795 5.062831
 0.000427 1.709062 1.674800 2.691037 6.074899 5.034372
 0.000428 1.692874 1.690584 2.687539 6.070998 4.911344
 0.000428 1.673833 1.705955 2.684174 6.063962 4.693312
 0.000429 1.653547 1.720035 2.680978 6.054559 4.409652
 0.000429 1.633412 1.731839 2.677848 6.043098 4.075857
 0.000430 1.614327 1.740305 2.674776 6.029408 3.694349
 0.000430 1.597282 1.745126 2.671771 6.014179 3.291994
 0.000431 1.583595 1.746373 2.668837 5.998805 2.909331
 0.000431 1.573814 1.743807 2.666044 5.983665 2.555570
 0.000432 1.568388 1.737777 2.663390 5.969554 2.246526
 0.000432 1.567794 1.729036 2.660922 5.957753 2.003328
 0.000433 1.571844 1.718020 2.658579 5.948443 1.821314
 0.000433 1.580535 1.706155 2.656412 5.943103 1.720828
 0.000434 1.593389 1.694379 2.654459 5.942227 1.704604
 0.000434 1.609303 1.683554 2.652624 5.945482 1.765234
 0.000435 1.627235 1.674346 2.650913 5.952495 1.899463
 0.000435 1.645564 1.666779 2.649443 5.961785 2.084861
 0.000436 1.662777 1.661722 2.648213 5.972712 2.313954
 0.000436 1.677632 1.659250 2.647205 5.984087 2.565137
 0.000437 1.688206 1.659405 2.646317 5.993929 2.792892
 0.000437 1.692858 1.662116 2.645532 6.000506 2.950503
 0.000438 1.690911 1.667592 2.644979 6.003482 3.023231
 0.000438 1.682398 1.675394 2.644633 6.002425 2.997301
 0.000439 1.667875 1.685172 2.644476 5.997523 2.878486
 0.000439 1.648660 1.696593 2.644534 5.989787 2.695867
 0.000440 1.627076 1.709462 2.644832 5.981369 2.503942
 0.000440 1.604549 1.723301 2.645410 5.973260 2.325755
 0.000441 1.583137 1.736843 2.646316 5.966296 2.177982
 0.000441 1.564468 1.749707 2.647475 5.961651 2.082120
 0.000442 1.549223 1.760859 2.648869 5.958950 2.027377
 0.000442 1.537805 1.770032 2.650524 5.958361 2.015523
 0.000443 1.530843 1.776617 2.652442 5.959903 2.046594
 0.000443 1.529331 1.780556 2.654616 5.964504 2.140741
 0.000444 1.533146 1.781596 2.656925 5.971666 2.291518
 0.000444 1.541767 1.779668 2.659374 5.980809 2.491421
 0.000445 1.554506 1.775065 2.662033 5.991603 2.738193
 0.000445 1.570823 1.768441 2.664842 6.004105 3.038583
 0.000446 1.590114 1.760477 2.667834 6.018425 3.401837
 0.000446 1.611184 1.751474 2.671011 6.033668 3.811061
 0.000447 1.632597 1.742381 2.674352 6.049330 4.255735
 0.000447 1.652110 1.733443 2.677754 6.063307 4.673263
 0.000448 1.668483 1.724919 2.681150 6.074552 5.023381
 0.000448 1.680481 1.717459 2.684605 6.082546 5.279947
 0.000449 1.687028 1.711434 2.688126 6.086588 5.412116
 0.000449 1.687718 1.706828 2.691601 6.086147 5.397595
 0.000450 1.682835 1.703759 2.695093 6.081686 5.252033
 0.000450 1.673322 1.702575 2.698497 6.074394 5.018365
 0.000451 1.659786 1.703465 2.701795 6.065045 4.726551
 0.000451 1.643704 1.706633 2.705074 6.055411 4.434985
 0.000452 1.626529 1.711726 2.708315 6.046570 4.175579
 0.000452 1.609425 1.718769 2.711526 6.039719 3.979947
 0.000453 1.593700 1.727861 2.714716 6.036277 3.883420
 0.000453 1.579928 1.738779 2.717844 6.036550 3.891054
 0.000454 1.568521 1.751026 2.720789 6.040337 3.997394
 0.000454 1.560682 1.763722 2.723603 6.048007 4.217201
 0.000455 1.556965 1.776422 2.726266 6.059653 4.562205
 0.000455 1.557139 1.788151 2.728830 6.074120 5.009682
 0.000456 1.561222 1.798288 2.731262 6.090773 5.550662
 0.000456 1.569159 1.805864 2.733537 6.108561 6.159159
 0.000457 1.580359 1.809770 2.735733 6.125862 6.781365
 0.000457 1.594133 1.809607 2.737777 6.141517 7.370149
 0.000458 1.609335 1.804786 2.739611 6.153732 7.846574
 0.000458 1.625347 1.795204 2.741164 6.161715 8.166008
 0.000459 1.642119 1.781119 2.742508 6.165747 8.329749
 0.000459 1.658496 1.763673 2.743577 6.165746 8.329704
 0.000460 1.673887 1.744030 2.744495 6.162413 8.194225
 0.000460 1.687700 1.723301 2.745266 6.156266 7.947281
 0.000461 1.699038 1.702802 2.745857 6.147697 7.609326
 0.000461 1.707004 1.683355 2.746150 6.136509 7.179122
 0.000462 1.711006 1.666106 2.746177 6.123288 6.686902
 0.000462 1.711338 1.651838 2.745993 6.109169 6.180530
 0.000463 1.708207 1.641220 2.745632 6.095060 5.694412
 0.000463 1.701820 1.634666 2.745013 6.081499 5.245966
 0.000464 1.693133 1.632904 2.744232 6.070270 4.888548
 0.000464 1.682519 1.635953 2.743315 6.061787 4.626921
 0.000465 1.670718 1.643545 2.742265 6.056528 4.468316
 0.000465 1.658896 1.655619 2.741060 6.055575 4.439864
 0.000466 1.648142 1.671321 2.739701 6.059164 4.547451
 0.000466 1.638561 1.689810 2.738267 6.066638 4.775656
 0.000467 1.630719 1.709697 2.736792 6.077208 5.107911
 0.000467 1.625402 1.729835 2.735363 6.090601 5.544932
 0.000468 1.622328 1.748962 2.733912 6.105203 6.041867
 0.000468 1.621303 1.765261 2.732387 6.118951 6.529240
 0.000469 1.622303 1.776997 2.730728 6.130028 6.935636
 0.000469 1.625299 1.782923 2.729058 6.137281 7.208398
 0.000470 1.629905 1.781996 2.727351 6.139251 7.283405
 0.000470 1.635730 1.773879 2.725691 6.135299 7.133339
 0.000471 1.642062 1.759730 2.724064 6.125856 6.781147
 0.000471 1.648816 1.740765 2.722553 6.112134 6.285204
 0.000472 1.656049 1.718178 2.721137 6.095364 5.704699
 0.000472 1.663807 1.693860 2.719643 6.077311 5.111181
 0.000473 1.671502 1.669245 2.718137 6.058884 4.539018
 0.000473 1.679021 1.645819 2.716720 6.041560 4.032047
 0.000474 1.686103 1.624537 2.715423 6.026063 3.603991
 0.000474 1.692554 1.606142 2.714216 6.012912 3.259568
 0.000475 1.698038 1.591498 2.713028 6.002564 3.000718
 0.000475 1.702149 1.580982 2.711978 5.995109 2.820866
 0.000476 1.704530 1.575328 2.711057 5.990915 2.722106
 0.000476 1.705112 1.574471 2.710189 5.989771 2.695500
 0.000477 1.703506 1.578297 2.709492 5.991295 2.730987
 0.000477 1.700340 1.586487 2.709034 5.995861 2.838742
 0.000478 1.696093 1.598046 2.708755 6.002894 3.008790
 0.000478 1.690462 1.612388 2.708590 6.011440 3.222082
 0.000479 1.683581 1.628668 2.708620 6.020868 3.465875
 0.000479 1.676198 1.645294 2.708768 6.030261 3.717570
 0.000480 1.668723 1.661070 2.709097 6.038891 3.956607
 0.000480 1.661382 1.674705 2.709616 6.045704 4.150596
 0.000481 1.654506 1.684758 2.710315 6.049579 4.262995
 0.000481 1.648590 1.690684 2.711120 6.050393 4.286779
 0.000482 1.644130 1.691381 2.712174 6.047685 4.207858
 0.000482 1.641336 1.685931 2.713450 6.040718 4.008187
 0.000483 1.640392 1.674255 2.714996 6.029643 3.700755
 0.000483 1.641752 1.657411 2.716756 6.015920 3.336806
 0.000484 1.645817 1.636906 2.718700 6.001422 2.972806
 0.000484 1.652099 1.613896 2.720823 5.986818 2.627371
 0.000485 1.660605 1.589893 2.723071 5.973570 2.332440
 0.000485 1.670727 1.567071 2.725462 5.963259 2.115071
 0.000486 1.682275 1.546678 2.728026 5.956980 1.987891
 0.000486 1.694862 1.529770 2.730847 5.955480 1.958100
 0.000487 1.707666 1.517228 2.733900 5.958794 2.024230
 0.000487 1.719828 1.509523 2.737087 5.966438 2.180963
 0.000488 1.731280 1.507221 2.740341 5.978843 2.447724
 0.000488 1.740825 1.510091 2.743658 5.994575 2.808178
 0.000489 1.747665 1.517868 2.747024 6.012557 3.250508
 0.000489 1.751551 1.529720 2.750477 6.031748 3.758230
 0.000490 1.751911 1.545043 2.753984 6.050937 4.302743
 0.000490 1.748751 1.562337 2.757574 6.068661 4.838387
 0.000491 1.742090 1.580359 2.761259 6.083708 5.317773
 0.000491 1.732715 1.598191 2.765003 6.095909 5.723114
 0.000492 1.721400 1.614554 2.768817 6.104771 6.026863
 0.000492 1.708851 1.628228 2.772670 6.109748 6.200903
 0.000493 1.695956 1.638250 2.776582 6.110789 6.237595
 0.000493 1.683775 1.643728 2.780486 6.107989 6.139118
 0.000494 1.672750 1.644715 2.784362 6.101826 5.925058
 0.000494 1.663414 1.641335 2.788316 6.093065 5.627295
 0.000495 1.656435 1.634167 2.792333 6.082936 5.292609
 0.000495 1.652214 1.623798 2.796383 6.072395 4.955216
 0.000496 1.651459 1.610734 2.800451 6.062644 4.653005
 0.000496 1.654133 1.596308 2.804473 6.054915 4.420210
 0.000497 1.659955 1.581619 2.808482 6.050056 4.276930
 0.000497 1.668712 1.567685 2.812467 6.048864 4.242141
 0.000498 1.680117 1.555780 2.816482 6.052378 4.345122
 0.000498 1.693601 1.546341 2.820402 6.060344 4.583108
 0.000499 1.708358 1.539938 2.824212 6.072508 4.958791
 0.000499 1.723612 1.537041 2.827929 6.088582 5.477897
 0.000500 1.738356 1.536930 2.831541 6.106827 6.098466
