#! FIELDS time dAB dAC rc bias
 0.000000 1.516683 2.005989 3.522672 10.943912
 0.000000 1.520629 2.022732 3.543361 11.933259
 0.000001 1.523809 2.037662 3.561471 12.834363
 0.000001 1.526192 2.050618 3.576809 13.623248
 0.000002 1.527715 2.061187 3.588902 14.261787
 0.000002 1.528348 2.068930 3.597278 14.712616
 0.000003 1.528073 2.073957 3.602030 14.971537
 0.000003 1.526872 2.076110 3.602982 15.023656
 0.000004 1.524735 2.075348 3.600083 14.865175
 0.000004 1.521658 2.071474 3.593132 14.488596
 0.000005 1.517698 2.064757 3.582455 13.919516
 0.000005 1.512912 2.055028 3.567940 13.164192
 0.000006 1.507326 2.042785 3.550110 12.265247
 0.000006 1.501010 2.028383 3.529393 11.260608
 0.000007 1.494153 2.012486 3.506639 10.206673
 0.000007 1.486912 1.995980 3.482892 9.161951
 0.000008 1.479327 1.978918 3.458245 8.137281
 0.000008 1.471524 1.961712 3.433236 7.159651
 0.000009 1.463581 1.945233 3.408814 6.265313
 0.000009 1.455767 1.930230 3.385997 5.483675
 0.000010 1.448208 1.917545 3.365752 4.833712
 0.000010 1.440915 1.907751 3.348666 4.317056
 0.000011 1.433988 1.900637 3.334625 3.914319
 0.000011 1.427599 1.896380 3.323980 3.622139
 0.000012 1.421738 1.895378 3.317116 3.439762
 0.000012 1.416491 1.897717 3.314209 3.363932
 0.000013 1.411876 1.903791 3.315667 3.401853
 0.000013 1.408025 1.913050 3.321075 3.544398
 0.000014 1.405035 1.925020 3.330055 3.787508
 0.000014 1.402769 1.939468 3.342238 4.130223
 0.000015 1.401333 1.956419 3.357752 4.588154
 0.000015 1.400878 1.975512 3.376390 5.170111
 0.000016 1.401382 1.996336 3.397718 5.878690
 0.000016 1.402695 2.018207 3.420901 6.700504
 0.000017 1.404899 2.040959 3.445857 7.645219
 0.000017 1.407984 2.063840 3.471823 8.694269
 0.000018 1.411882 2.086231 3.498113 9.825112
 0.000018 1.416441 2.107617 3.524058 11.008850
 0.000019 1.421518 2.127824 3.549342 12.227218
 0.000019 1.427016 2.146686 3.573702 13.461536
 0.000020 1.432697 2.164050 3.596747 14.683859
 0.000020 1.438473 2.179464 3.617938 15.854643
 0.000021 1.444090 2.192542 3.636632 16.924828
 0.000021 1.449496 2.203407 3.652903 17.884685
 0.000022 1.454514 2.211553 3.666067 18.680696
 0.000022 1.459207 2.216648 3.675854 19.283705
 0.000023 1.463470 2.218802 3.682272 19.684334
 0.000023 1.467168 2.217721 3.684890 19.848931
 0.000024 1.470417 2.213187 3.683604 19.767972
 0.000024 1.473063 2.204834 3.677897 19.410786
 0.000025 1.475194 2.192664 3.667858 18.790296
 0.000025 1.476880 2.177175 3.654056 17.953717
 0.000026 1.478192 2.158254 3.636446 16.913986
 0.000026 1.479196 2.136177 3.615373 15.710558
 0.000027 1.479963 2.111271 3.591234 14.386594
 0.000027 1.480513 2.084053 3.564566 12.991675
 0.000028 1.480843 2.055707 3.536551 11.602850
 0.000028 1.481098 2.026786 3.507885 10.263034
 0.000029 1.481340 1.998361 3.479701 9.025879
 0.000029 1.481647 1.970655 3.452302 7.899295
 0.000030 1.481969 1.944458 3.426427 6.904307
 0.000030 1.482471 1.920420 3.402891 6.057406
 0.000031 1.483175 1.898901 3.382076 5.354577
 0.000031 1.484176 1.880187 3.364364 4.790629
 0.000032 1.485560 1.865017 3.350577 4.373400
 0.000032 1.487324 1.853529 3.340853 4.090531
 0.000033 1.489357 1.845805 3.335162 3.929372
 0.000033 1.491685 1.841923 3.333608 3.885925
 0.000034 1.494269 1.842189 3.336458 3.965779
 0.000034 1.497136 1.846764 3.343901 4.178165
 0.000035 1.500239 1.855324 3.355563 4.522100
 0.000035 1.503451 1.867144 3.370594 4.985431
 0.000036 1.506754 1.881961 3.388715 5.574042
 0.000036 1.510009 1.899377 3.409386 6.285593
 0.000037 1.513107 1.918889 3.431996 7.112812
 0.000037 1.515994 1.939987 3.455981 8.046220
 0.000038 1.518472 1.961989 3.480461 9.058175
 0.000038 1.520573 1.984185 3.504758 10.121883
 0.000039 1.522308 2.006066 3.528374 11.212315
 0.000039 1.523678 2.026906 3.550583 12.288682
 0.000040 1.524544 2.046164 3.570708 13.306622
 0.000040 1.524775 2.063304 3.588079 14.217869
 0.000041 1.524393 2.078313 3.602706 15.008532
 0.000041 1.523277 2.090319 3.613596 15.611092
 0.000042 1.521445 2.099427 3.620872 16.020298
 0.000042 1.518849 2.105117 3.623966 16.195923
 0.000043 1.515454 2.107163 3.622617 16.119236
 0.000043 1.511273 2.105734 3.617007 15.802312
 0.000044 1.506233 2.100757 3.606989 15.244135
 0.000044 1.500467 2.092898 3.593365 14.501129
 0.000045 1.494204 2.082118 3.576322 13.597808
 0.000045 1.487591 2.069066 3.556657 12.591636
 0.000046 1.480753 2.053959 3.534711 11.514425
 0.000046 1.473767 2.037434 3.511201 10.413828
 0.000047 1.466720 2.020234 3.486954 9.336654
 0.000047 1.459597 2.002890 3.462488 8.309336
 0.000048 1.452736 1.986059 3.438795 7.371550
 0.000048 1.446391 1.970313 3.416704 6.547744
 0.000049 1.440562 1.956164 3.396725 5.844706
 0.000049 1.435436 1.944239 3.379675 5.276282
 0.000050 1.430919 1.934763 3.365682 4.831525
 0.000050 1.427096 1.928607 3.355703 4.526308
 0.000051 1.424050 1.926064 3.350114 4.359693
 0.000051 1.422082 1.926889 3.348972 4.326035
 0.000052 1.421010 1.930681 3.351691 4.406393
 0.000052 1.420806 1.937106 3.357912 4.593005
 0.000053 1.421434 1.946137 3.367571 4.890428
 0.000053 1.422866 1.958022 3.380889 5.315788
 0.000054 1.425078 1.972326 3.397404 5.867917
 0.000054 1.427877 1.988805 3.416682 6.546923
 0.000055 1.431122 2.007238 3.438360 7.354840
 0.000055 1.434824 2.027183 3.462007 8.289763
 0.000056 1.438706 2.048099 3.486805 9.330223
 0.000056 1.442863 2.069526 3.512389 10.468126
 0.000057 1.447168 2.090929 3.538097 11.677462
 0.000057 1.451507 2.111464 3.562971 12.910479
 0.000058 1.455598 2.131079 3.586677 14.143184
 0.000058 1.459504 2.149277 3.608780 15.343187
 0.000059 1.462966 2.165569 3.628535 16.457016
 0.000059 1.465773 2.179394 3.645167 17.425044
 0.000060 1.468133 2.190339 3.658472 18.219358
 0.000060 1.470064 2.198307 3.668371 18.821799
 0.000061 1.471503 2.203236 3.674740 19.214545
 0.000061 1.472245 2.205148 3.677393 19.379390
 0.000062 1.472266 2.203640 3.675906 19.286936
 0.000062 1.471778 2.198985 3.670762 18.968778
 0.000063 1.470783 2.191075 3.661858 18.424272
 0.000063 1.469048 2.179924 3.648972 17.650352
 0.000064 1.466605 2.165588 3.632193 16.667560
 0.000064 1.463630 2.148544 3.612175 15.531785
 0.000065 1.460208 2.129282 3.589490 14.293184
 0.000065 1.456448 2.108170 3.564618 12.994311
 0.000066 1.452374 2.085905 3.538280 11.686290
 0.000066 1.448194 2.062538 3.510733 10.392475
 0.000067 1.444124 2.038624 3.482748 9.155812
 0.000067 1.440334 2.014983 3.455318 8.019620
 0.000068 1.436849 1.992185 3.429034 7.001514
 0.000068 1.433994 1.970650 3.404644 6.118590
 0.000069 1.431769 1.950964 3.382733 5.376110
 0.000069 1.430256 1.933605 3.363861 4.775080
 0.000070 1.429623 1.919366 3.348989 4.326551
 0.000070 1.429841 1.908488 3.338329 4.018652
 0.000071 1.430751 1.900926 3.331677 3.832269
 0.000071 1.432582 1.896780 3.329362 3.768448
 0.000072 1.435161 1.895871 3.331031 3.814428
 0.000072 1.438462 1.898463 3.336926 3.978967
 0.000073 1.442609 1.904348 3.346957 4.266982
 0.000073 1.447445 1.913153 3.360599 4.674799
 0.000074 1.452729 1.924692 3.377421 5.203323
 0.000074 1.458234 1.938451 3.396685 5.843337
 0.000075 1.463941 1.954214 3.418155 6.600333
 0.000075 1.469710 1.971542 3.441252 7.466194
 0.000076 1.475462 1.989383 3.464845 8.405696
 0.000076 1.480941 2.007160 3.488102 9.386324
 0.000077 1.486077 2.024659 3.510736 10.392634
 0.000077 1.490816 2.041017 3.531834 11.376736
 0.000078 1.495264 2.055863 3.551127 12.315668
 0.000078 1.499268 2.069145 3.568413 13.188507
 0.000079 1.502713 2.079692 3.582405 13.916880
 0.000079 1.505406 2.087137 3.592542 14.456850
 0.000080 1.507282 2.091406 3.598688 14.789231
 0.000080 1.508272 2.091970 3.600242 14.873869
 0.000081 1.508353 2.089086 3.597439 14.721359
 0.000081 1.507637 2.082865 3.590503 14.347405
 0.000082 1.506155 2.073054 3.579210 13.748839
 0.000082 1.503785 2.060006 3.563791 12.952201
 0.000083 1.500784 2.043770 3.544554 11.991606
 0.000083 1.497016 2.024893 3.521909 10.908235
 0.000084 1.492444 2.004183 3.496628 9.759364
 0.000084 1.487064 1.981619 3.468683 8.563819
 0.000085 1.481110 1.957924 3.439033 7.380708
 0.000085 1.474558 1.934098 3.408656 6.259740
 0.000086 1.467651 1.910695 3.378346 5.233213
 0.000086 1.460566 1.888780 3.349346 4.337042
 0.000087 1.453475 1.868607 3.322082 3.571246
 0.000087 1.446676 1.850509 3.297185 2.936851
 0.000088 1.440212 1.835036 3.275248 2.429257
 0.000088 1.434101 1.822863 3.256964 2.042966
 0.000089 1.428681 1.813730 3.242411 1.759369
 0.000089 1.424197 1.808196 3.232393 1.576472
 0.000090 1.420692 1.806474 3.227166 1.485031
 0.000090 1.418449 1.808757 3.227206 1.485723
 0.000091 1.417493 1.814799 3.232292 1.574688
 0.000091 1.417750 1.824163 3.241914 1.750064
 0.000092 1.419188 1.837033 3.256221 2.027960
 0.000092 1.421889 1.853056 3.274945 2.422575
 0.000093 1.425699 1.872135 3.297833 2.952594
 0.000093 1.430404 1.893620 3.324024 3.623346
 0.000094 1.435835 1.917619 3.353454 4.458874
 0.000094 1.442009 1.943328 3.385338 5.461844
 0.000095 1.448615 1.970407 3.419022 6.631869
 0.000095 1.455495 1.998347 3.453842 7.960630
 0.000096 1.462677 2.026634 3.489311 9.438794
 0.000096 1.469952 2.054017 3.523968 11.004653
 0.000097 1.477143 2.079981 3.557123 12.615041
 0.000097 1.484109 2.104090 3.588199 14.224244
 0.000098 1.490907 2.126010 3.616917 15.797218
 0.000098 1.497172 2.145252 3.642424 17.263505
 0.000099 1.502851 2.161335 3.664185 18.565851
 0.000099 1.508055 2.174026 3.682081 19.672362
 0.000100 1.512551 2.183164 3.695715 20.536860
 0.000100 1.516254 2.188268 3.704522 21.105171
 0.000101 1.519302 2.189722 3.709025 21.398699
 0.000101 1.521647 2.187477 3.709124 21.405180
 0.000102 1.523074 2.181550 3.704624 21.111755
 0.000102 1.523596 2.171736 3.695332 20.512304
 0.000103 1.523221 2.158625 3.681846 19.657631
 0.000103 1.521834 2.142254 3.664089 18.559954
 0.000104 1.519444 2.123363 3.642807 17.285990
 0.000104 1.516062 2.102000 3.618062 15.861640
 0.000105 1.511724 2.078834 3.590558 14.350349
 0.000105 1.506569 2.054170 3.560739 12.797329
 0.000106 1.500677 2.028845 3.529521 11.266712
 0.000106 1.494318 2.003705 3.498023 9.821096
 0.000107 1.487503 1.978879 3.466383 8.468875
 0.000107 1.480394 1.954905 3.435299 7.237926
 0.000108 1.473184 1.932280 3.405464 6.147283
 0.000108 1.466063 1.911746 3.377809 5.215850
 0.000109 1.459089 1.893748 3.352838 4.440504
 0.000109 1.452516 1.878375 3.330891 3.810554
 0.000110 1.446418 1.866369 3.312787 3.327143
 0.000110 1.440816 1.857505 3.298321 2.964460
 0.000111 1.435825 1.852383 3.288208 2.723330
 0.000111 1.431584 1.851201 3.282785 2.598230
 0.000112 1.428105 1.853941 3.282046 2.581415
 0.000112 1.425463 1.860493 3.285957 2.671031
 0.000113 1.423681 1.870655 3.294336 2.868220
 0.000113 1.422715 1.884160 3.306876 3.176415
 0.000114 1.422496 1.900634 3.323130 3.599322
 0.000114 1.422981 1.920018 3.342999 4.152140
 0.000115 1.424027 1.941706 3.365734 4.833131
 0.000115 1.425502 1.965284 3.390786 5.643402
 0.000116 1.427379 1.990245 3.417624 6.581064
 0.000116 1.429574 2.015827 3.445401 7.627395
 0.000117 1.432021 2.041279 3.473300 8.755965
 0.000117 1.434671 2.065988 3.500659 9.938296
 0.000118 1.437440 2.089146 3.526586 11.127799
 0.000118 1.440234 2.109608 3.549842 12.251953
 0.000119 1.442851 2.127320 3.570171 13.278936
 0.000119 1.445211 2.141953 3.587165 14.169138
 0.000120 1.447249 2.152899 3.600148 14.868706
 0.000120 1.448998 2.159916 3.608914 15.350599
 0.000121 1.450226 2.163083 3.613309 15.595093
 0.000121 1.451207 2.161997 3.613204 15.589189
 0.000122 1.451766 2.156775 3.608540 15.329874
 0.000122 1.451928 2.147437 3.599365 14.826051
 0.000123 1.451735 2.134263 3.585999 14.107139
 0.000123 1.451238 2.117373 3.568611 13.198683
 0.000124 1.450299 2.096978 3.547277 12.125342
 0.000124 1.449084 2.073602 3.522685 10.944548
 0.000125 1.447611 2.048231 3.495843 9.724713
 0.000125 1.445988 2.021298 3.467286 8.506116
 0.000126 1.444419 1.993742 3.438161 7.347232
 0.000126 1.443089 1.966082 3.409171 6.277965
 0.000127 1.442081 1.939128 3.381209 5.326256
 0.000127 1.441473 1.913797 3.355270 4.513268
 0.000128 1.441307 1.890519 3.331825 3.836387
 0.000128 1.441746 1.869601 3.311347 3.290115
 0.000129 1.442873 1.851493 3.294366 2.868942
 0.000129 1.444730 1.836802 3.281532 2.569745
 0.000130 1.447255 1.826145 3.273399 2.388677
 0.000130 1.450398 1.819847 3.270245 2.320237
 0.000131 1.454124 1.817972 3.272096 2.360279
 0.000131 1.458406 1.820176 3.278582 2.503313
 0.000132 1.463239 1.826263 3.289502 2.753612
 0.000132 1.468348 1.836349 3.304698 3.121753
 0.000133 1.473544 1.849853 3.323397 3.606476
 0.000133 1.478754 1.866515 3.345268 4.217790
 0.000134 1.484008 1.886232 3.370240 4.974264
 0.000134 1.489278 1.908140 3.397418 5.868414
 0.000135 1.494499 1.931796 3.426294 6.899374
 0.000135 1.499421 1.957249 3.456670 8.073857
 0.000136 1.503988 1.984158 3.488146 9.388242
 0.000136 1.508229 2.011636 3.519865 10.812987
 0.000137 1.512153 2.038696 3.550849 12.301857
 0.000137 1.515627 2.064755 3.580382 13.810386
 0.000138 1.518507 2.089383 3.607890 15.293891
 0.000138 1.520712 2.112099 3.632811 16.703223
 0.000139 1.522265 2.132176 3.654441 17.976822
 0.000139 1.523096 2.149029 3.672125 19.052827
 0.000140 1.523173 2.162477 3.685650 19.896874
 0.000140 1.522464 2.172672 3.695137 20.499778
 0.000141 1.521025 2.179369 3.700394 20.837782
 0.000141 1.518753 2.182542 3.701295 20.896002
 0.000142 1.515731 2.182165 3.697896 20.676831
 0.000142 1.511836 2.178671 3.690506 20.204359
 0.000143 1.507021 2.171935 3.678957 19.476847
 0.000143 1.501411 2.162466 3.663877 18.547031
 0.000144 1.495002 2.150515 3.645517 17.445727
 0.000144 1.487790 2.136300 3.624090 16.202992
 0.000145 1.480048 2.119903 3.599951 14.857977
 0.000145 1.471933 2.101866 3.573799 13.466560
 0.000146 1.463496 2.082813 3.546309 12.077722
 0.000146 1.454793 2.062767 3.517559 10.706035
 0.000147 1.446027 2.041830 3.487857 9.375739
 0.000147 1.437506 2.020986 3.458493 8.147270
 0.000148 1.429346 2.000878 3.430224 7.046138
 0.000148 1.421928 1.982162 3.404090 6.099216
 0.000149 1.415314 1.965536 3.380850 5.314528
 0.000149 1.409680 1.951489 3.361169 4.692261
 0.000150 1.405103 1.940352 3.345455 4.223224
 0.000150 1.401749 1.932199 3.333948 3.895423
 0.000151 1.399627 1.927528 3.327155 3.708099
 0.000151 1.398686 1.926672 3.325358 3.659326
 0.000152 1.398945 1.929442 3.328387 3.741749
 0.000152 1.400496 1.935634 3.336130 3.956549
 0.000153 1.403228 1.944864 3.348091 4.300181
 0.000153 1.407019 1.957404 3.364423 4.792463
 0.000154 1.411814 1.973211 3.385025 5.451526
 0.000154 1.417567 1.991422 3.408989 6.271503
 0.000155 1.424017 2.011579 3.435596 7.249233
 0.000155 1.431063 2.032926 3.463989 8.370661
 0.000156 1.438602 2.054754 3.493356 9.615360
 0.000156 1.446499 2.076064 3.522563 10.938816
 0.000157 1.454720 2.096187 3.550907 12.304751
 0.000157 1.463210 2.114608 3.577818 13.675931
 0.000158 1.471804 2.130687 3.602491 14.996756
 0.000158 1.480342 2.143482 3.623824 16.187825
 0.000159 1.488779 2.153280 3.642060 17.242073
 0.000159 1.496787 2.159609 3.656396 18.094222
 0.000160 1.504254 2.162298 3.666552 18.710368
 0.000160 1.511022 2.160654 3.671676 19.025096
 0.000161 1.517016 2.154886 3.671902 19.039071
 0.000161 1.522228 2.144899 3.667127 18.745526
 0.000162 1.526562 2.130722 3.657285 18.147723
 0.000162 1.529973 2.112874 3.642847 17.288356
 0.000163 1.532412 2.091316 3.623727 16.182343
 0.000163 1.533990 2.066767 3.600758 14.901992
 0.000164 1.534630 2.039394 3.574024 13.478249
 0.000164 1.534366 2.009743 3.544109 11.969839
 0.000165 1.533339 1.979373 3.512711 10.482867
 0.000165 1.531644 1.948747 3.480392 9.055237
 0.000166 1.529424 1.918461 3.447885 7.724720
 0.000166 1.526893 1.889517 3.416410 6.537087
 0.000167 1.524114 1.862541 3.386655 5.505486
 0.000167 1.521276 1.837975 3.359251 4.633690
 0.000168 1.518520 1.816765 3.335284 3.932801
 0.000168 1.515798 1.799430 3.315229 3.390437
 0.000169 1.513187 1.785784 3.298971 2.980307
 0.000169 1.510966 1.776462 3.287428 2.705151
 0.000170 1.509091 1.771304 3.280394 2.544015
 0.000170 1.507438 1.770258 3.277696 2.483519
 0.000171 1.506230 1.773775 3.280005 2.535240
 0.000171 1.505379 1.781896 3.287275 2.701598
 0.000172 1.504991 1.794319 3.299310 2.988593
 0.000172 1.505126 1.810755 3.315881 3.407434
 0.000173 1.505618 1.830908 3.336526 3.967704
 0.000173 1.506317 1.854330 3.360647 4.676265
 0.000174 1.507150 1.880361 3.387511 5.533902
 0.000174 1.508221 1.908601 3.416822 6.552012
 0.000175 1.509499 1.937772 3.447271 7.700596
 0.000175 1.510777 1.967715 3.478492 8.974583
 0.000176 1.512141 1.997703 3.509844 10.351985
 0.000176 1.513622 2.026974 3.540596 11.798539
 0.000177 1.515140 2.054834 3.569973 13.268761
 0.000177 1.516582 2.080522 3.597103 14.703152
 0.000178 1.517796 2.103520 3.621317 16.045508
 0.000178 1.518723 2.123693 3.642417 17.263042
 0.000179 1.519358 2.140167 3.659525 18.282934
 0.000179 1.519614 2.152481 3.672094 19.050909
 0.000180 1.519549 2.160786 3.680335 19.562984
 0.000180 1.518921 2.165236 3.684157 19.802766
 0.000181 1.517605 2.165740 3.683345 19.751680
 0.000181 1.515716 2.162169 3.677884 19.409993
 0.000182 1.513259 2.154881 3.668140 18.807589
 0.000182 1.510042 2.143827 3.653869 17.942536
 0.000183 1.506167 2.129716 3.635883 16.881279
 0.000183 1.501640 2.113141 3.614781 15.677366
 0.000184 1.496625 2.094181 3.590806 14.363622
 0.000184 1.491138 2.073240 3.564378 12.982095
 0.000185 1.485365 2.050622 3.535987 11.575741
 0.000185 1.479289 2.026811 3.506100 10.182334
 0.000186 1.473105 2.002902 3.476007 8.869606
 0.000186 1.466918 1.979345 3.446263 7.661088
 0.000187 1.460931 1.956443 3.417374 6.571984
 0.000187 1.455394 1.934855 3.390249 5.625368
 0.000188 1.450263 1.915384 3.365647 4.830440
 0.000188 1.445754 1.898541 3.344294 4.189551
 0.000189 1.441949 1.884561 3.326510 3.690562
 0.000189 1.438875 1.873885 3.312759 3.326443
 0.000190 1.436474 1.867079 3.303553 3.093211
 0.000190 1.434858 1.863738 3.298596 2.971142
 0.000191 1.434084 1.864140 3.298224 2.962098
 0.000191 1.434180 1.868535 3.302715 3.072401
 0.000192 1.434947 1.876867 3.311814 3.302095
 0.000192 1.436375 1.888234 3.324608 3.639086
 0.000193 1.438377 1.902577 3.340954 4.093423
 0.000193 1.440988 1.920339 3.361326 4.697066
 0.000194 1.444054 1.941248 3.385302 5.460674
 0.000194 1.447452 1.964363 3.411814 6.371977
 0.000195 1.451155 1.988683 3.439838 7.411643
 0.000195 1.455104 2.013658 3.468762 8.567087
 0.000196 1.459197 2.039069 3.498266 9.831880
 0.000196 1.463335 2.063774 3.527109 11.152481
 0.000197 1.467368 2.087014 3.554382 12.477724
 0.000197 1.471217 2.108326 3.579543 13.766308
 0.000198 1.474749 2.127053 3.601802 14.959034
 0.000198 1.477961 2.142584 3.620545 16.001837
 0.000199 1.480866 2.154764 3.635630 16.866587
 0.000199 1.483284 2.163260 3.646544 17.506428
 0.000200 1.485092 2.167977 3.653070 17.894695
 0.000200 1.486189 2.168974 3.655163 18.020124
 0.000201 1.486575 2.166071 3.652647 17.869373
 0.000201 1.486171 2.158969 3.645140 17.423420
 0.000202 1.484902 2.147939 3.632841 16.704950
 0.000202 1.482820 2.132948 3.615768 15.732700
 0.000203 1.479962 2.114199 3.594161 14.544003
 0.000203 1.476338 2.092254 3.568593 13.197720
 0.000204 1.472104 2.067495 3.539600 11.750198
 0.000204 1.467304 2.040686 3.507991 10.267832
 0.000205 1.462116 2.012804 3.474920 8.823879
 0.000205 1.456696 1.984594 3.441289 7.467640
 0.000206 1.451311 1.956430 3.407741 6.227384
 0.000206 1.446064 1.929086 3.375150 5.130334
 0.000207 1.441164 1.903210 3.344375 4.191878
 0.000207 1.436781 1.879005 3.315786 3.404973
 0.000208 1.432906 1.857303 3.290209 2.770222
 0.000208 1.429758 1.838314 3.268072 2.273660
 0.000209 1.427410 1.822507 3.249917 1.902998
 0.000209 1.425930 1.810390 3.236321 1.646989
 0.000210 1.425455 1.801880 3.227335 1.487947
 0.000210 1.425960 1.796734 3.222694 1.408960
 0.000211 1.427343 1.794853 3.222196 1.400602
 0.000211 1.429388 1.796187 3.225575 1.457733
 0.000212 1.432094 1.801184 3.233279 1.592240
 0.000212 1.435186 1.809628 3.244814 1.804734
 0.000213 1.438795 1.821566 3.260360 2.112188
 0.000213 1.442670 1.836973 3.279643 2.527100
 0.000214 1.446791 1.855459 3.302250 3.060904
 0.000214 1.451231 1.876577 3.327808 3.725919
 0.000215 1.455975 1.900087 3.356062 4.537114
 0.000215 1.460913 1.925378 3.386291 5.493391
 0.000216 1.465782 1.951776 3.417558 6.578662
 0.000216 1.470536 1.978689 3.449225 7.777470
 0.000217 1.475071 2.005339 3.480410 9.056040
 0.000217 1.479386 2.031063 3.510449 10.379553
 0.000218 1.483223 2.055721 3.538944 11.718445
 0.000218 1.486490 2.078811 3.565301 13.029169
 0.000219 1.489163 2.099593 3.588756 14.253964
 0.000219 1.491141 2.117246 3.608387 15.321396
 0.000220 1.492290 2.131373 3.623663 16.178710
 0.000220 1.492607 2.141454 3.634060 16.775526
 0.000221 1.492022 2.147708 3.639730 17.105545
 0.000221 1.490581 2.150197 3.640778 17.166917
 0.000222 1.488053 2.148841 3.636893 16.940026
 0.000222 1.484435 2.143286 3.627721 16.410345
 0.000223 1.479688 2.133944 3.613632 15.613101
 0.000223 1.473887 2.121805 3.595692 14.626702
 0.000224 1.467206 2.106777 3.573983 13.476135
 0.000224 1.459778 2.089172 3.548950 12.207850
 0.000225 1.451859 2.069493 3.521352 10.882260
 0.000225 1.443724 2.048265 3.491989 9.555488
 0.000226 1.435544 2.026175 3.461718 8.278009
 0.000226 1.427671 2.003920 3.431591 7.097523
 0.000227 1.420238 1.981990 3.402228 6.034353
 0.000227 1.413510 1.960926 3.374436 5.107469
 0.000228 1.407575 1.941230 3.348805 4.321136
 0.000228 1.402727 1.923421 3.326147 3.680722
 0.000229 1.399107 1.908159 3.307266 3.186261
 0.000229 1.396879 1.895728 3.292607 2.826944
 0.000230 1.395956 1.886241 3.282197 2.584844
 0.000230 1.396321 1.879869 3.276191 2.450083
 0.000231 1.398102 1.876750 3.274853 2.420558
 0.000231 1.401245 1.876970 3.278215 2.495091
 0.000232 1.405624 1.880554 3.286178 2.676159
 0.000232 1.411095 1.887430 3.298526 2.969441
 0.000233 1.417276 1.897595 3.314872 3.381151
 0.000233 1.423964 1.910865 3.334829 3.920038
 0.000234 1.431185 1.926948 3.358134 4.599725
 0.000234 1.438697 1.945328 3.384025 5.418549
 0.000235 1.446463 1.965054 3.411517 6.361355
 0.000235 1.454397 1.986017 3.440414 7.433838
 0.000236 1.462398 2.007179 3.469577 8.600836
 0.000236 1.470329 2.028260 3.498589 9.846199
 0.000237 1.478229 2.048461 3.526690 11.132706
 0.000237 1.485909 2.067205 3.553115 12.414505
 0.000238 1.493261 2.083915 3.577176 13.642368
 0.000238 1.500240 2.098544 3.598784 14.794427
 0.000239 1.506688 2.110887 3.617575 15.834242
 0.000239 1.512629 2.120272 3.632901 16.708426
 0.000240 1.517870 2.126233 3.644104 17.362317
 0.000240 1.522366 2.128616 3.650982 17.769987
 0.000241 1.526093 2.127588 3.653681 17.931259
 0.000241 1.529001 2.123116 3.652117 17.837721
 0.000242 1.531033 2.115240 3.646273 17.490400
 0.000242 1.531965 2.104106 3.636070 16.892162
 0.000243 1.531808 2.090164 3.621972 16.082658
 0.000243 1.530831 2.074119 3.604950 15.131756
 0.000244 1.528984 2.055701 3.584685 14.037441
 0.000244 1.526204 2.035315 3.561518 12.836765
 0.000245 1.522709 2.013387 3.536096 11.580977
 0.000245 1.518604 1.990226 3.508830 10.305899
 0.000246 1.513995 1.966008 3.480003 9.038692
 0.000246 1.509070 1.941941 3.451011 7.848078
 0.000247 1.504030 1.918394 3.422424 6.756343
 0.000247 1.499004 1.895825 3.394829 5.780041
 0.000248 1.493820 1.874738 3.368558 4.921346
 0.000248 1.488727 1.855566 3.344293 4.189522
 0.000249 1.483914 1.838934 3.322848 3.591741
 0.000249 1.479574 1.825431 3.305005 3.129440
 0.000250 1.475775 1.815490 3.291265 2.795138
 0.000250 1.472586 1.808743 3.281329 2.565151
 0.000251 1.469947 1.805806 3.275753 2.440392
 0.000251 1.467877 1.806752 3.274629 2.415626
 0.000252 1.466328 1.811620 3.277948 2.489140
 0.000252 1.465283 1.820478 3.285761 2.666513
 0.000253 1.464649 1.832818 3.297467 2.943702
 0.000253 1.464394 1.848567 3.312961 3.331633
 0.000254 1.464422 1.867746 3.332168 3.845895
 0.000254 1.464704 1.889894 3.354598 4.493102
 0.000255 1.465275 1.914521 3.379797 5.280241
 0.000255 1.466137 1.940618 3.406755 6.192636
 0.000256 1.467283 1.967703 3.434985 7.226000
 0.000256 1.468622 1.995302 3.463923 8.367968
 0.000257 1.470256 2.022989 3.493245 9.610476
 0.000257 1.472132 2.050137 3.522269 10.925084
 0.000258 1.474249 2.075786 3.550034 12.261489
 0.000258 1.476354 2.099155 3.575509 13.555456
 0.000259 1.478255 2.119786 3.598040 14.754004
 0.000259 1.479804 2.137563 3.617367 15.822552
 0.000260 1.481039 2.152139 3.633178 16.724484
 0.000260 1.481790 2.163045 3.644835 17.405419
 0.000261 1.482081 2.170328 3.652409 17.855174
 0.000261 1.481889 2.173457 3.655346 18.031118
 0.000262 1.481059 2.172146 3.653206 17.902807
 0.000262 1.479552 2.166767 3.646319 17.493099
 0.000263 1.477388 2.157702 3.635091 16.835275
 0.000263 1.474444 2.145039 3.619483 15.941788
 0.000264 1.470900 2.129290 3.600190 14.870987
 0.000264 1.466734 2.110937 3.577671 13.668260
 0.000265 1.462104 2.090359 3.552463 12.382039
 0.000265 1.457244 2.068691 3.525935 11.097113
 0.000266 1.452221 2.046418 3.498640 9.848457
 0.000266 1.447176 2.023808 3.470983 8.659273
 0.000267 1.442405 2.001355 3.443760 7.563407
 0.000267 1.437932 1.980274 3.418206 6.602199
 0.000268 1.434009 1.961253 3.395262 5.794792
 0.000268 1.430750 1.944653 3.375404 5.138450
 0.000269 1.428204 1.930934 3.359138 4.630253
 0.000269 1.426367 1.920175 3.346542 4.254867
 0.000270 1.425335 1.913086 3.338421 4.021265
 0.000270 1.424897 1.910287 3.335184 3.929976
 0.000271 1.425194 1.911725 3.336919 3.978781
 0.000271 1.426246 1.917482 3.343728 4.173177
 0.000272 1.427917 1.927641 3.355557 4.521923
 0.000272 1.430095 1.941769 3.371865 5.025630
 0.000273 1.432648 1.959186 3.391833 5.678645
 0.000273 1.435547 1.979638 3.415184 6.492847
 0.000274 1.438561 2.002718 3.441279 7.467241
 0.000274 1.441806 2.028042 3.469849 8.612128
 0.000275 1.445162 2.054921 3.500083 9.912614
 0.000275 1.448510 2.082868 3.531378 11.355010
 0.000276 1.451659 2.110881 3.562540 12.888581
 0.000276 1.454566 2.138419 3.592986 14.480706
 0.000277 1.457245 2.164668 3.621914 16.079333
 0.000277 1.459639 2.188395 3.648035 17.594735
 0.000278 1.461576 2.209202 3.670778 18.969756
 0.000278 1.462965 2.226871 3.689836 20.161809
 0.000279 1.463803 2.241282 3.705085 21.141766
 0.000279 1.464033 2.252159 3.716192 21.870111
 0.000280 1.463567 2.258842 3.722409 22.283227
 0.000280 1.462393 2.261349 3.723743 22.372379
 0.000281 1.460595 2.259508 3.720103 22.129574
 0.000281 1.458056 2.253773 3.711829 21.582511
 0.000282 1.454800 2.244342 3.699141 20.757003
 0.000282 1.450843 2.231561 3.682404 19.692635
 0.000283 1.446159 2.215215 3.661374 18.394950
 0.000283 1.440805 2.195767 3.636572 16.921348
 0.000284 1.434895 2.173926 3.608820 15.345404
 0.000284 1.428422 2.150338 3.578760 13.725242
 0.000285 1.421703 2.125499 3.547202 12.121629
 0.000285 1.414890 2.099786 3.514676 10.573043
 0.000286 1.408302 2.073375 3.481677 9.110001
 0.000286 1.402087 2.047029 3.449117 7.773189
 0.000287 1.396594 2.021588 3.418182 6.601331
 0.000287 1.392127 1.997579 3.389706 5.607186
 0.000288 1.388860 1.975271 3.364131 4.783423
 0.000288 1.386902 1.955025 3.341928 4.121323
 0.000289 1.386240 1.937718 3.323958 3.621572
 0.000289 1.387057 1.923348 3.310405 3.265985
 0.000290 1.389386 1.912148 3.301535 3.043215
 0.000290 1.393097 1.904565 3.297663 2.948442
 0.000291 1.398128 1.900821 3.298949 2.979764
 0.000291 1.404327 1.901129 3.305456 3.140739
 0.000292 1.411619 1.904977 3.316596 3.426128
 0.000292 1.419743 1.912357 3.332100 3.844001
 0.000293 1.428408 1.923231 3.351639 4.404838
 0.000293 1.437462 1.937097 3.374559 5.111399
 0.000294 1.446665 1.953730 3.400394 5.970816
 0.000294 1.455836 1.972789 3.428625 6.986221
 0.000295 1.464818 1.993102 3.457921 8.124196
 0.000295 1.473636 2.014097 3.487733 9.370343
 0.000296 1.482293 2.035075 3.517368 10.697192
 0.000296 1.490566 2.055200 3.545766 12.051030
 0.000297 1.498287 2.074127 3.572414 13.394797
 0.000297 1.505352 2.091321 3.596673 14.679817
 0.000298 1.511771 2.105888 3.617658 15.838924
 0.000298 1.517399 2.117499 3.634898 16.824081
 0.000299 1.522171 2.125729 3.647900 17.586768
 0.000299 1.526039 2.130388 3.656427 18.096091
 0.000300 1.528861 2.131230 3.660090 18.317150
 0.000300 1.530649 2.128459 3.659108 18.257755
 0.000301 1.531421 2.121865 3.653287 17.907666
 0.000301 1.530938 2.111795 3.642733 17.281622
 0.000302 1.529338 2.098638 3.627976 16.424967
 0.000302 1.526647 2.083098 3.609745 15.396656
 0.000303 1.522824 2.065370 3.588194 14.223986
 0.000303 1.517954 2.045960 3.563914 12.958431
 0.000304 1.512166 2.025435 3.537600 11.653478
 0.000304 1.505565 2.004665 3.510231 10.369592
 0.000305 1.498207 1.983750 3.481957 9.121956
 0.000305 1.490343 1.963702 3.454045 7.968737
 0.000306 1.482212 1.944857 3.427068 6.928160
 0.000306 1.473883 1.927191 3.401074 5.994326
 0.000307 1.465660 1.911393 3.377053 5.191448
 0.000307 1.457892 1.897544 3.355437 4.518295
 0.000308 1.450644 1.886018 3.336661 3.971517
 0.000308 1.444167 1.877292 3.321460 3.554631
 0.000309 1.438569 1.872282 3.310850 3.277381
 0.000309 1.434044 1.870697 3.304741 3.122831
 0.000310 1.430589 1.872866 3.303455 3.090770
 0.000310 1.428323 1.879099 3.307423 3.190212
 0.000311 1.427217 1.888551 3.315767 3.404477
 0.000311 1.427313 1.900894 3.328207 3.736817
 0.000312 1.428650 1.916045 3.344694 4.201137
 0.000312 1.431063 1.933760 3.364823 4.804856
 0.000313 1.434309 1.953805 3.388115 5.554009
 0.000313 1.438148 1.975403 3.413551 6.434119
 0.000314 1.442401 1.997783 3.440185 7.425009
 0.000314 1.447001 2.020532 3.467533 8.516299
 0.000315 1.451891 2.043250 3.495141 9.693783
 0.000315 1.457018 2.065519 3.522538 10.937635
 0.000316 1.462463 2.086870 3.549334 12.226818
 0.000316 1.468125 2.106278 3.574403 13.497934
 0.000317 1.473872 2.123340 3.597212 14.709051
 0.000317 1.479455 2.137813 3.617269 15.816994
 0.000318 1.484925 2.149376 3.634302 16.789503
 0.000318 1.490014 2.158095 3.648109 17.599170
 0.000319 1.494600 2.163747 3.658346 18.211745
 0.000319 1.498736 2.165574 3.664310 18.573433
 0.000320 1.502449 2.163062 3.665511 18.646737
 0.000320 1.505735 2.156662 3.662396 18.456997
 0.000321 1.508445 2.146424 3.654869 18.002487
 0.000321 1.510529 2.132782 3.643311 17.315644
 0.000322 1.511963 2.116007 3.627970 16.424617
 0.000322 1.512816 2.096179 3.608995 15.355053
 0.000323 1.512922 2.073915 3.586837 14.151690
 0.000323 1.512299 2.049855 3.562154 12.868996
 0.000324 1.510819 2.024246 3.535065 11.531421
 0.000324 1.508555 1.997487 3.506042 10.179715
 0.000325 1.505652 1.970382 3.476034 8.870730
 0.000325 1.502184 1.942811 3.444995 7.611531
 0.000326 1.498307 1.915712 3.414019 6.450938
 0.000326 1.494175 1.890007 3.384182 5.423710
 0.000327 1.489811 1.866345 3.356157 4.539958
 0.000327 1.485232 1.844979 3.330211 3.791799
 0.000328 1.480775 1.826726 3.307500 3.192176
 0.000328 1.476675 1.812269 3.288945 2.740538
 0.000329 1.472948 1.802209 3.275158 2.427270
 0.000329 1.469808 1.796465 3.266273 2.235463
 0.000330 1.467361 1.795198 3.262560 2.157632
 0.000330 1.465483 1.798180 3.263663 2.180603
 0.000331 1.464260 1.805814 3.270074 2.316557
 0.000331 1.463689 1.817673 3.281362 2.565903
 0.000332 1.463688 1.833293 3.296982 2.931928
 0.000332 1.464054 1.852159 3.316213 3.416126
 0.000333 1.464757 1.874113 3.338870 4.033999
 0.000333 1.465833 1.898898 3.364732 4.802023
 0.000334 1.467017 1.926016 3.393032 5.719126
 0.000334 1.468131 1.954438 3.422569 6.761694
 0.000335 1.469001 1.983620 3.452621 7.911964
 0.000335 1.469484 2.012507 3.481991 9.123433
 0.000336 1.469804 2.040675 3.510479 10.380904
 0.000336 1.469789 2.067255 3.537044 11.626647
 0.000337 1.469611 2.091057 3.560668 12.793728
 0.000337 1.469432 2.111129 3.580561 13.819802
 0.000338 1.469160 2.127311 3.596470 14.668831
 0.000338 1.468592 2.139310 3.607901 15.294533
 0.000339 1.467777 2.146924 3.614701 15.672907
 0.000339 1.466844 2.150142 3.616986 15.801090
 0.000340 1.465952 2.148836 3.614788 15.677780
 0.000340 1.464834 2.143461 3.608295 15.316301
 0.000341 1.463510 2.133744 3.597254 14.711323
 0.000341 1.462188 2.119957 3.582146 13.903230
 0.000342 1.460910 2.102606 3.563516 12.938183
 0.000342 1.459619 2.081890 3.541509 11.842924
 0.000343 1.458206 2.058279 3.516485 10.656367
 0.000343 1.456721 2.032769 3.489490 9.446586
 0.000344 1.455137 2.005968 3.461105 8.253078
 0.000344 1.453511 1.978856 3.432366 7.126768
 0.000345 1.451875 1.952027 3.403902 6.092664
 0.000345 1.450239 1.926545 3.376784 5.182795
 0.000346 1.448782 1.903333 3.352115 4.418987
 0.000346 1.447772 1.882632 3.330405 3.797133
 0.000347 1.447242 1.864852 3.312094 3.309310
 0.000347 1.447504 1.849935 3.297440 2.943031
 0.000348 1.448614 1.838875 3.287489 2.706559
 0.000348 1.450692 1.832310 3.283003 2.603193
 0.000349 1.453545 1.830221 3.283766 2.620644
 0.000349 1.457128 1.831998 3.289125 2.744770
 0.000350 1.461296 1.837797 3.299093 2.983284
 0.000350 1.465951 1.847875 3.313826 3.354008
 0.000351 1.470941 1.861704 3.332645 3.859138
 0.000351 1.476171 1.878948 3.355119 4.508737
 0.000352 1.481476 1.898607 3.380083 5.289557
 0.000352 1.486751 1.919911 3.406662 6.189372
 0.000353 1.491889 1.942811 3.434700 7.215137
 0.000353 1.496671 1.967112 3.463783 8.362212
 0.000354 1.500915 1.991566 3.492481 9.577041
 0.000354 1.504655 2.015792 3.520447 10.840073
 0.000355 1.507701 2.039475 3.547176 12.120344
 0.000355 1.509959 2.061784 3.571743 13.360076
 0.000356 1.511367 2.082600 3.593966 14.533535
 0.000356 1.511821 2.101439 3.613261 15.592390
 0.000357 1.511219 2.118086 3.629305 16.501219
 0.000357 1.509774 2.132415 3.642189 17.249649
 0.000358 1.507412 2.143816 3.651228 17.784672
 0.000358 1.504239 2.151876 3.656115 18.077328
 0.000359 1.500144 2.156459 3.656603 18.106672
 0.000359 1.495237 2.157829 3.653067 17.894490
 0.000360 1.489501 2.156028 3.645528 17.446359
 0.000360 1.482868 2.151171 3.634039 16.774312
 0.000361 1.475607 2.143332 3.618939 15.911112
 0.000361 1.467712 2.132650 3.600362 14.880417
 0.000362 1.459313 2.119531 3.578844 13.729653
 0.000362 1.450530 2.104433 3.554964 12.506802
 0.000363 1.441449 2.088007 3.529456 11.263624
 0.000363 1.432187 2.070247 3.502433 10.017552
 0.000364 1.422896 2.051972 3.474869 8.821732
 0.000364 1.413842 2.033938 3.447780 7.720591
 0.000365 1.405241 2.016666 3.421907 6.737350
 0.000365 1.397245 2.000729 3.397974 5.887467
 0.000366 1.390021 1.986051 3.376072 5.159894
 0.000366 1.383704 1.973004 3.356708 4.556581
 0.000367 1.378632 1.962063 3.340695 4.086005
 0.000367 1.374859 1.953349 3.328208 3.736835
 0.000368 1.372405 1.946848 3.319253 3.496037
 0.000368 1.371487 1.943090 3.314577 3.373489
 0.000369 1.372353 1.942315 3.314668 3.375858
 0.000369 1.374861 1.943934 3.318796 3.483954
 0.000370 1.378937 1.947931 3.326868 3.700308
 0.000370 1.384543 1.954132 3.338675 4.028479
 0.000371 1.391587 1.962256 3.353843 4.470511
 0.000371 1.399950 1.972064 3.372014 5.030349
 0.000372 1.409253 1.983265 3.392519 5.701761
 0.000372 1.419372 1.995997 3.415369 6.499513
 0.000373 1.430138 2.009991 3.440129 7.422843
 0.000373 1.441171 2.024614 3.465784 8.444279
 0.000374 1.452312 2.039254 3.491566 9.537025
 0.000374 1.463281 2.053538 3.516818 10.671778
 0.000375 1.474011 2.066760 3.540771 11.807031
 0.000375 1.484247 2.078168 3.562414 12.882217
 0.000376 1.493699 2.087198 3.580897 13.837473
 0.000376 1.502332 2.093800 3.596133 14.650562
 0.000377 1.510108 2.097378 3.607486 15.271565
 0.000377 1.517022 2.098067 3.615089 15.694633
 0.000378 1.522949 2.095923 3.618872 15.907286
 0.000378 1.527814 2.090976 3.618789 15.902641
 0.000379 1.531775 2.082816 3.614592 15.666802
 0.000379 1.534751 2.071628 3.606379 15.210473
 0.000380 1.536828 2.057977 3.594805 14.578801
 0.000380 1.538038 2.042232 3.580271 13.804520
 0.000381 1.538588 2.024659 3.563248 12.924542
 0.000381 1.538535 2.005287 3.543822 11.955756
 0.000382 1.537937 1.984639 3.522576 10.939413
 0.000382 1.536665 1.963557 3.500223 9.918834
 0.000383 1.534766 1.942409 3.477175 8.918859
 0.000383 1.532285 1.922050 3.454334 7.980283
 0.000384 1.529278 1.903066 3.432344 7.125930
 0.000384 1.525728 1.886090 3.411818 6.372104
 0.000385 1.521691 1.871489 3.393180 5.724110
 0.000385 1.517177 1.859211 3.376389 5.170072
 0.000386 1.512217 1.850026 3.362242 4.725194
 0.000386 1.506933 1.843410 3.350343 4.366467
 0.000387 1.501621 1.839543 3.341164 4.099422
 0.000387 1.496403 1.838563 3.334966 3.923873
 0.000388 1.491372 1.840598 3.331969 3.840381
 0.000388 1.486638 1.845740 3.332378 3.851702
 0.000389 1.482285 1.854075 3.336360 3.963030
 0.000389 1.478373 1.865076 3.343448 4.165098
 0.000390 1.475021 1.878677 3.353698 4.466172
 0.000390 1.472218 1.894826 3.367044 4.873947
 0.000391 1.469990 1.912928 3.382918 5.382170
 0.000391 1.468329 1.932902 3.401231 5.999758
 0.000392 1.467122 1.954482 3.421604 6.726248
 0.000392 1.466360 1.977169 3.443529 7.554454
 0.000393 1.465860 2.000436 3.466296 8.465324
 0.000393 1.465427 2.023415 3.488842 9.418422
 0.000394 1.465120 2.045848 3.510968 10.403197
 0.000394 1.464953 2.067329 3.532282 11.398149
 0.000395 1.464624 2.087245 3.551868 12.352478
 0.000395 1.464076 2.105237 3.569312 13.234736
 0.000396 1.463314 2.120595 3.583909 13.996353
 0.000396 1.462237 2.132778 3.595015 14.590111
 0.000397 1.461032 2.141424 3.602456 14.994864
 0.000397 1.459795 2.146375 3.606170 15.198922
 0.000398 1.458580 2.147304 3.605884 15.183136
 0.000398 1.457417 2.143693 3.601110 14.921237
 0.000399 1.456317 2.136249 3.592567 14.458166
 0.000399 1.455356 2.125505 3.580860 13.835524
 0.000400 1.454737 2.111716 3.566452 13.087990
 0.000400 1.454343 2.095282 3.549625 12.241239
 0.000401 1.454109 2.076031 3.530140 11.296102
 0.000401 1.453971 2.054669 3.508640 10.297292
 0.000402 1.454128 2.031652 3.485780 9.286017
 0.000402 1.454603 2.007797 3.462400 8.305782
 0.000403 1.455310 1.983963 3.439273 7.389927
 0.000403 1.456299 1.960380 3.416679 6.546810
 0.000404 1.457527 1.937576 3.395103 5.789384
 0.000404 1.459061 1.916309 3.375370 5.137359
 0.000405 1.460930 1.897091 3.358021 4.596321
 0.000405 1.463025 1.880259 3.343284 4.160368
 0.000406 1.465333 1.866325 3.331658 3.831750
 0.000406 1.468104 1.855381 3.323485 3.608842
 0.000407 1.471438 1.847608 3.319046 3.490566
 0.000407 1.475374 1.843295 3.318669 3.480618
 0.000408 1.479906 1.842164 3.322070 3.570914
 0.000408 1.485064 1.844593 3.329657 3.776563
 0.000409 1.490811 1.850521 3.341332 4.104247
 0.000409 1.497014 1.859301 3.356315 4.544725
 0.000410 1.503619 1.871038 3.374657 5.114536
 0.000410 1.510536 1.885553 3.396090 5.822996
 0.000411 1.517578 1.902445 3.420023 6.668391
 0.000411 1.524610 1.920858 3.445468 7.630004
 0.000412 1.531536 1.940015 3.471551 8.682928
 0.000412 1.538293 1.960433 3.498725 9.852264
 0.000413 1.544713 1.982183 3.526896 11.142424
 0.000413 1.550619 2.004501 3.555120 12.514620
 0.000414 1.555937 2.026595 3.582532 13.923586
 0.000414 1.560496 2.047879 3.608375 15.320710
 0.000415 1.564235 2.067600 3.631835 16.646874
 0.000415 1.567112 2.085558 3.652670 17.870791
 0.000416 1.569090 2.101336 3.670426 18.948040
 0.000416 1.570093 2.114109 3.684202 19.805611
 0.000417 1.570120 2.123440 3.693560 20.398958
 0.000417 1.569179 2.128786 3.697965 20.681277
 0.000418 1.567403 2.130131 3.697533 20.653527
 0.000418 1.564918 2.127860 3.692779 20.349079
 0.000419 1.561679 2.122379 3.684059 19.796595
 0.000419 1.557782 2.113475 3.671257 18.999263
 0.000420 1.553293 2.101912 3.655205 18.022665
 0.000420 1.548200 2.087933 3.636133 16.895803
 0.000421 1.542571 2.071712 3.614283 15.649530
 0.000421 1.536532 2.053796 3.590328 14.338043
 0.000422 1.530151 2.034863 3.565014 13.014520
 0.000422 1.523500 2.015163 3.538663 11.704826
 0.000423 1.516504 1.995508 3.512013 10.450905
 0.000423 1.509247 1.975908 3.485154 9.259060
 0.000424 1.501657 1.956780 3.458437 8.145039
 0.000424 1.493890 1.938714 3.432604 7.135748
 0.000425 1.485908 1.922316 3.408224 6.244440
 0.000425 1.477776 1.907965 3.385742 5.475201
 0.000426 1.469716 1.895994 3.365710 4.832380
 0.000426 1.462000 1.886622 3.348621 4.315732
 0.000427 1.454792 1.880464 3.335256 3.932009
 0.000427 1.448133 1.877851 3.325984 3.676286
 0.000428 1.442286 1.878544 3.320831 3.537887
 0.000428 1.437326 1.882611 3.319937 3.514151
 0.000429 1.433177 1.890518 3.323695 3.614483
 0.000429 1.429962 1.901910 3.331872 3.837677
 0.000430 1.427815 1.916891 3.344706 4.201485
 0.000430 1.426632 1.934601 3.361232 4.694189
 0.000431 1.426270 1.955182 3.381452 5.334188
 0.000431 1.426564 1.978155 3.404719 6.121209
 0.000432 1.427499 2.003128 3.430628 7.061289
 0.000432 1.429021 2.029810 3.458832 8.160969
 0.000433 1.430982 2.057661 3.488643 9.409793
 0.000433 1.433186 2.086540 3.519726 10.806520
 0.000434 1.435578 2.115682 3.551260 12.322267
 0.000434 1.437914 2.144319 3.582233 13.907844
 0.000435 1.440082 2.172371 3.612453 15.547329
 0.000435 1.441918 2.199040 3.640958 17.177431
 0.000436 1.443306 2.222986 3.666291 18.694387
 0.000436 1.444218 2.244092 3.688310 20.065014
 0.000437 1.444731 2.261603 3.706334 21.223015
 0.000437 1.444943 2.275278 3.720221 22.137404
 0.000438 1.444901 2.284739 3.729639 22.768529
 0.000438 1.444485 2.289395 3.733881 23.055651
 0.000439 1.443762 2.289631 3.733393 23.022581
 0.000439 1.442557 2.285711 3.728268 22.676079
 0.000440 1.440995 2.277500 3.718495 22.022731
 0.000440 1.438921 2.265088 3.704010 21.071880
 0.000441 1.436586 2.249072 3.685658 19.897322
 0.000441 1.434038 2.229518 3.663556 18.527508
 0.000442 1.431162 2.207340 3.638502 17.033774
 0.000442 1.428030 2.183173 3.611203 15.477660
 0.000443 1.424521 2.156973 3.581494 13.868864
 0.000443 1.420843 2.129372 3.550214 12.270390
 0.000444 1.417102 2.100822 3.517924 10.722911
 0.000444 1.413243 2.072078 3.485321 9.266240
 0.000445 1.409354 2.043998 3.453352 7.941089
 0.000445 1.405617 2.017266 3.422883 6.773239
 0.000446 1.402366 1.991930 3.394296 5.761932
 0.000446 1.399838 1.968568 3.368405 4.916547
 0.000447 1.398240 1.947580 3.345820 4.233843
 0.000447 1.397702 1.929367 3.327070 3.705793
 0.000448 1.398416 1.914004 3.312420 3.317704
 0.000448 1.400511 1.901933 3.302444 3.065701
 0.000449 1.404148 1.893067 3.297214 2.937561
 0.000449 1.409334 1.887751 3.297084 2.934415
 0.000450 1.415862 1.885899 3.301760 3.048793
 0.000450 1.423612 1.888193 3.311805 3.301869
 0.000451 1.432591 1.893848 3.326440 3.688663
 0.000451 1.442549 1.903076 3.345625 4.228147
 0.000452 1.453196 1.915365 3.368561 4.921446
 0.000452 1.464466 1.930164 3.394630 5.773297
 0.000453 1.476004 1.946466 3.422470 6.758033
 0.000453 1.487646 1.964361 3.452007 7.887569
 0.000454 1.499082 1.982735 3.481817 9.116011
 0.000454 1.510204 2.001480 3.511684 10.435870
 0.000455 1.520715 2.020000 3.540716 11.804360
 0.000455 1.530598 2.037795 3.568393 13.187468
 0.000456 1.539804 2.054266 3.594070 14.539133
 0.000456 1.548141 2.068608 3.616749 15.787785
 0.000457 1.555618 2.081027 3.636646 16.925625
 0.000457 1.562044 2.091262 3.653306 17.908843
 0.000458 1.567261 2.099220 3.666481 18.706010
 0.000458 1.571370 2.104631 3.676001 19.292825
 0.000459 1.574298 2.107253 3.681551 19.639118
 0.000459 1.576109 2.106614 3.682723 19.712634
 0.000460 1.576822 2.102917 3.679738 19.525673
 0.000460 1.576444 2.096496 3.672940 19.103163
 0.000461 1.574967 2.087507 3.662475 18.461751
 0.000461 1.572426 2.076554 3.648980 17.650861
 0.000462 1.568849 2.063571 3.632419 16.680620
 0.000462 1.564249 2.049061 3.613311 15.595175
 0.000463 1.558791 2.033445 3.592236 14.440400
 0.000463 1.552604 2.017036 3.569640 13.251573
 0.000464 1.545743 1.999788 3.545532 12.039523
 0.000464 1.538160 1.982365 3.520525 10.843684
 0.000465 1.530056 1.965597 3.495654 9.716380
 0.000465 1.521567 1.950099 3.471666 8.687709
 0.000466 1.512695 1.936188 3.448883 7.763997
 0.000466 1.503733 1.924010 3.427743 6.953314
 0.000467 1.494843 1.913745 3.408588 6.257335
 0.000467 1.486068 1.905609 3.391677 5.673370
 0.000468 1.477634 1.900200 3.377835 5.216678
 0.000468 1.469725 1.897975 3.367700 4.894453
 0.000469 1.462315 1.898860 3.361175 4.692429
 0.000469 1.455567 1.902820 3.358387 4.607414
 0.000470 1.449403 1.909770 3.359173 4.631313
 0.000470 1.443947 1.919594 3.363540 4.765181
 0.000471 1.439314 1.932106 3.371420 5.011533
 0.000471 1.435535 1.946926 3.382461 5.367197
 0.000472 1.432496 1.963655 3.396152 5.825104
 0.000472 1.430030 1.982157 3.412187 6.385301
 0.000473 1.427970 2.001662 3.429633 7.023937
 0.000473 1.426437 2.021518 3.447955 7.727458
 0.000474 1.425309 2.041210 3.466519 8.474506
 0.000474 1.424350 2.060535 3.484885 9.247461
 0.000475 1.423573 2.078932 3.502505 10.020749
 0.000475 1.423025 2.095814 3.518839 10.765350
 0.000476 1.422784 2.110870 3.533654 11.463732
 0.000476 1.422885 2.124202 3.547087 12.115974
 0.000477 1.423092 2.135464 3.558556 12.687097
 0.000477 1.423485 2.144270 3.567755 13.154730
 0.000478 1.424096 2.150112 3.574207 13.487754
 0.000478 1.424865 2.153069 3.577935 13.682047
 0.000479 1.425692 2.152921 3.578613 13.717549
 0.000479 1.426649 2.149762 3.576411 13.602480
 0.000480 1.427596 2.143906 3.571502 13.347624
 0.000480 1.428602 2.135247 3.563849 12.955160
 0.000481 1.429618 2.124263 3.553881 12.452739
 0.000481 1.430763 2.111531 3.542294 11.881152
 0.000482 1.432193 2.097281 3.529474 11.264449
 0.000482 1.433831 2.081538 3.515370 10.604956
 0.000483 1.435572 2.064510 3.500082 9.912585
 0.000483 1.437558 2.046834 3.484392 9.226279
 0.000484 1.439900 2.028794 3.468694 8.564251
 0.000484 1.442344 2.010807 3.453151 7.933079
 0.000485 1.445171 1.993003 3.438174 7.347710
 0.000485 1.448385 1.975530 3.423914 6.811257
 0.000486 1.451795 1.959239 3.411035 6.344170
 0.000486 1.455502 1.943784 3.399286 5.932580
 0.000487 1.459545 1.929634 3.389180 5.589565
 0.000487 1.463909 1.916808 3.380717 5.310194
 0.000488 1.468765 1.905884 3.374649 5.114273
 0.000488 1.474136 1.896560 3.370695 4.988626
 0.000489 1.479815 1.888978 3.368793 4.928724
 0.000489 1.485801 1.883431 3.369232 4.942510
 0.000490 1.492168 1.880036 3.372204 5.036382
 0.000490 1.498686 1.879277 3.377963 5.220840
 0.000491 1.505288 1.881011 3.386299 5.493667
 0.000491 1.512159 1.884890 3.397049 5.855784
 0.000492 1.519074 1.890906 3.409980 6.306677
 0.000492 1.525871 1.898763 3.424634 6.837831
 0.000493 1.532568 1.908291 3.440859 7.451029
 0.000493 1.539025 1.919094 3.458119 8.132186
 0.000494 1.545041 1.930506 3.475547 8.850244
 0.000494 1.550649 1.942378 3.493027 9.600938
 0.000495 1.555714 1.954403 3.510117 10.364424
 0.000495 1.560127 1.966138 3.526265 11.112681
 0.000496 1.563770 1.977121 3.540891 11.812886
 0.000496 1.566686 1.987001 3.553687 12.443033
 0.000497 1.568877 1.995707 3.564584 12.992598
 0.000497 1.570541 2.003164 3.573705 13.461672
 0.000498 1.571637 2.008930 3.580567 13.820100
 0.000498 1.572061 2.012881 3.584942 14.051079
 0.000499 1.571811 2.014877 3.586688 14.143771
 0.000499 1.570847 2.014695 3.585541 14.082855
 0.000500 1.569140 2.012387 3.581527 13.870591
