#! FIELDS time dAB dAC dAD rc bias
 0.000000 1.517091 1.518134 2.693047 5.728272 16.048801
 0.000000 1.512558 1.522177 2.692648 5.727384 15.998539
 0.000001 1.509007 1.527446 2.692122 5.728575 16.065994
 0.000001 1.506446 1.534023 2.691392 5.731860 16.252766
 0.000002 1.505356 1.541450 2.690374 5.737180 16.557484
 0.000002 1.505638 1.549207 2.689115 5.743960 16.949906
 0.000003 1.507433 1.556640 2.687635 5.751708 17.404077
 0.000003 1.510593 1.563811 2.685957 5.760361 17.918296
 0.000004 1.514887 1.570285 2.684021 5.769193 18.450896
 0.000004 1.520054 1.574885 2.681837 5.776776 18.914434
 0.000005 1.525773 1.577383 2.679489 5.782645 19.277107
 0.000005 1.531642 1.577402 2.676930 5.785974 19.484394
 0.000006 1.537928 1.574474 2.674257 5.786660 19.527221
 0.000006 1.544550 1.568833 2.671413 5.784795 19.410869
 0.000007 1.551428 1.560704 2.668451 5.780583 19.149314
 0.000007 1.557959 1.549612 2.665338 5.772910 18.677384
 0.000008 1.564041 1.536332 2.662073 5.762446 18.043361
 0.000008 1.569726 1.521663 2.658661 5.750050 17.306387
 0.000009 1.574772 1.505951 2.655117 5.735841 16.480498
 0.000009 1.578938 1.489587 2.651428 5.719953 15.580962
 0.000010 1.582331 1.473861 2.647671 5.703863 14.695736
 0.000010 1.584646 1.459176 2.643910 5.687732 13.834224
 0.000011 1.586259 1.446026 2.640129 5.672414 13.040216
 0.000011 1.586995 1.435124 2.636370 5.658490 12.338811
 0.000012 1.586758 1.427079 2.632668 5.646505 11.750616
 0.000012 1.585985 1.422266 2.629022 5.637273 11.307336
 0.000013 1.584530 1.420392 2.625400 5.630321 10.979163
 0.000013 1.582491 1.421036 2.621775 5.625302 10.745199
 0.000014 1.579424 1.424009 2.618222 5.621655 10.576820
 0.000014 1.575876 1.429052 2.614827 5.619756 10.489645
 0.000015 1.571775 1.435466 2.611554 5.618794 10.445631
 0.000015 1.566958 1.442841 2.608417 5.618217 10.419279
 0.000016 1.561484 1.450209 2.605385 5.617078 10.367343
 0.000016 1.555645 1.456215 2.602502 5.614362 10.244031
 0.000017 1.549257 1.459835 2.599778 5.608870 9.996957
 0.000017 1.542781 1.460749 2.597146 5.600677 9.633970
 0.000018 1.535996 1.458831 2.594592 5.589418 9.146110
 0.000018 1.529365 1.453808 2.592132 5.575305 8.552439
 0.000019 1.523179 1.446578 2.589803 5.559559 7.913641
 0.000019 1.517561 1.437748 2.587643 5.542952 7.266741
 0.000020 1.513582 1.427944 2.585612 5.527138 6.676376
 0.000020 1.511631 1.418329 2.583680 5.513640 6.192241
 0.000021 1.511506 1.410389 2.581966 5.503861 5.852867
 0.000021 1.513143 1.404645 2.580412 5.498200 5.660804
 0.000022 1.516748 1.401814 2.578962 5.497524 5.638062
 0.000022 1.521863 1.401891 2.577666 5.501420 5.769677
 0.000023 1.527661 1.404687 2.576450 5.508798 6.023018
 0.000023 1.533495 1.410178 2.575303 5.518976 6.381455
 0.000024 1.539076 1.418270 2.574303 5.531650 6.842258
 0.000024 1.544273 1.428573 2.573400 5.546247 7.392889
 0.000025 1.548642 1.440881 2.572509 5.562032 8.012332
 0.000025 1.550862 1.454075 2.571714 5.576651 8.608198
 0.000026 1.550384 1.467243 2.570996 5.588623 9.112122
 0.000026 1.546889 1.480532 2.570344 5.597765 9.506582
 0.000027 1.540403 1.492825 2.569655 5.602883 9.731053
 0.000027 1.530996 1.503612 2.568959 5.603567 9.761246
 0.000028 1.519277 1.512518 2.568286 5.600081 9.607844
 0.000028 1.506306 1.519192 2.567543 5.593041 9.301723
 0.000029 1.493025 1.523751 2.566706 5.583482 8.893971
 0.000029 1.479951 1.526660 2.565794 5.572404 8.432917
 0.000030 1.467990 1.528505 2.564923 5.561419 7.987789
 0.000030 1.458212 1.529673 2.564035 5.551920 7.612644
 0.000031 1.451012 1.530951 2.563194 5.545157 7.351042
 0.000031 1.445976 1.532494 2.562344 5.540815 7.185480
 0.000032 1.444226 1.534967 2.561574 5.540766 7.183654
 0.000032 1.445937 1.538302 2.560759 5.544998 7.344952
 0.000033 1.450824 1.542431 2.559924 5.553179 7.661848
 0.000033 1.458796 1.547469 2.559054 5.565319 8.144457
 0.000034 1.468781 1.553405 2.558116 5.580302 8.760386
 0.000034 1.480420 1.560321 2.557069 5.597809 9.508502
 0.000035 1.492990 1.568218 2.555934 5.617142 10.370263
 0.000035 1.505523 1.576780 2.554710 5.637014 11.295002
 0.000036 1.516658 1.585639 2.553357 5.655655 12.198367
 0.000036 1.525394 1.594250 2.551897 5.671541 12.995684
 0.000037 1.530667 1.602408 2.550459 5.683534 13.614267
 0.000037 1.532726 1.609938 2.548917 5.691580 14.037380
 0.000038 1.531294 1.616726 2.547249 5.695269 14.233506
 0.000038 1.526300 1.623140 2.545394 5.694834 14.210290
 0.000039 1.518363 1.629135 2.543440 5.690937 14.003316
 0.000039 1.508360 1.634810 2.541400 5.684570 13.668375
 0.000040 1.497649 1.640495 2.539216 5.677360 13.294019
 0.000040 1.487408 1.646354 2.536953 5.670715 12.953561
 0.000041 1.478568 1.652367 2.534612 5.665548 12.691917
 0.000041 1.471914 1.658500 2.532170 5.662585 12.543058
 0.000042 1.467477 1.665129 2.529629 5.662235 12.525548
 0.000042 1.466334 1.672524 2.527045 5.665903 12.709798
 0.000043 1.468477 1.680705 2.524443 5.673626 13.102176
 0.000043 1.473846 1.689130 2.521840 5.684816 13.681262
 0.000044 1.481617 1.697065 2.519197 5.697879 14.373079
 0.000044 1.491636 1.704556 2.516542 5.712734 15.180579
 0.000045 1.503603 1.711577 2.513807 5.728988 16.089393
 0.000045 1.517001 1.717809 2.511015 5.745825 17.058685
 0.000046 1.531050 1.723154 2.508216 5.762420 18.041763
 0.000046 1.544820 1.727153 2.505477 5.777450 18.955935
 0.000047 1.558076 1.729934 2.502867 5.790876 19.791630
 0.000047 1.570073 1.731760 2.500305 5.802138 20.506526
 0.000048 1.580599 1.732291 2.497754 5.810644 21.054867
 0.000048 1.589312 1.731603 2.495181 5.816096 21.410157
 0.000049 1.595728 1.729825 2.492588 5.818141 21.544173
 0.000049 1.599348 1.727198 2.489915 5.816461 21.434033
 0.000050 1.599904 1.723822 2.487270 5.810996 21.077721
 0.000050 1.597915 1.720537 2.484661 5.803112 20.568940
 0.000051 1.593884 1.717588 2.482112 5.793585 19.962382
 0.000051 1.588194 1.715419 2.479594 5.783207 19.312047
 0.000052 1.581267 1.713483 2.477171 5.771921 18.616985
 0.000052 1.573749 1.712140 2.474914 5.760803 17.944798
 0.000053 1.566387 1.711906 2.472778 5.751071 17.366465
 0.000053 1.559230 1.712527 2.470880 5.742638 16.873027
 0.000054 1.552659 1.714413 2.469161 5.736233 16.503037
 0.000054 1.547405 1.716977 2.467515 5.731897 16.254849
 0.000055 1.543464 1.720222 2.466035 5.729721 16.131000
 0.000055 1.541110 1.723852 2.464738 5.729700 16.129808
 0.000056 1.540668 1.727609 2.463655 5.731932 16.256840
 0.000056 1.542542 1.730912 2.462736 5.736189 16.500517
 0.000057 1.546536 1.733182 2.461898 5.741616 16.813729
 0.000057 1.552223 1.734239 2.461247 5.747710 17.168951
 0.000058 1.559354 1.733864 2.460707 5.753925 17.535072
 0.000058 1.567841 1.731600 2.460201 5.759641 17.875256
 0.000059 1.577181 1.727033 2.459820 5.764034 18.138875
 0.000059 1.586772 1.720554 2.459588 5.766913 18.312686
 0.000060 1.596090 1.711947 2.459486 5.767523 18.349597
 0.000060 1.604606 1.701104 2.459516 5.765226 18.210729
 0.000061 1.611780 1.688545 2.459603 5.759928 17.892393
 0.000061 1.616928 1.674767 2.459723 5.751419 17.386996
 0.000062 1.619752 1.660212 2.459963 5.739927 16.715937
 0.000062 1.620176 1.645324 2.460355 5.725855 15.912194
 0.000063 1.618532 1.630718 2.460915 5.710165 15.039344
 0.000063 1.614974 1.617317 2.461696 5.693986 14.165133
 0.000064 1.609795 1.605438 2.462603 5.677836 13.318548
 0.000064 1.603626 1.595637 2.463596 5.662859 12.556829
 0.000065 1.596754 1.588067 2.464741 5.649563 11.899321
 0.000065 1.589823 1.583080 2.465999 5.638902 11.384925
 0.000066 1.583366 1.580632 2.467362 5.631360 11.027893
 0.000066 1.577479 1.580514 2.468847 5.626840 10.816646
 0.000067 1.572573 1.582808 2.470482 5.625864 10.771279
 0.000067 1.569105 1.586784 2.472268 5.628157 10.878002
 0.000068 1.567085 1.591679 2.474236 5.633000 11.105024
 0.000068 1.566128 1.596532 2.476334 5.638995 11.389357
 0.000069 1.566357 1.600884 2.478585 5.645826 11.717713
 0.000069 1.567405 1.604102 2.481050 5.652557 12.045830
 0.000070 1.568723 1.605167 2.483633 5.657523 12.290837
 0.000070 1.570243 1.603500 2.486300 5.660043 12.416068
 0.000071 1.572130 1.598742 2.489024 5.659896 12.408762
 0.000071 1.573916 1.591730 2.491795 5.657441 12.286740
 0.000072 1.575606 1.582230 2.494724 5.652561 12.046023
 0.000072 1.576542 1.570209 2.497778 5.644529 11.655022
 0.000073 1.576904 1.556225 2.500935 5.634064 11.155246
 0.000073 1.576946 1.541245 2.504238 5.622429 10.612432
 0.000074 1.576700 1.525687 2.507691 5.610078 10.051064
 0.000074 1.576444 1.510789 2.511300 5.598533 9.540089
 0.000075 1.576328 1.497079 2.514984 5.588391 9.102224
 0.000075 1.576829 1.484961 2.518698 5.580487 8.768133
 0.000076 1.577402 1.475216 2.522508 5.575126 8.545072
 0.000076 1.577962 1.468147 2.526374 5.572484 8.436169
 0.000077 1.578950 1.463412 2.530313 5.572675 8.444036
 0.000077 1.580116 1.461172 2.534343 5.575631 8.565936
 0.000078 1.581151 1.461639 2.538429 5.581219 8.798796
 0.000078 1.581428 1.464688 2.542545 5.588660 9.113727
 0.000079 1.580410 1.469145 2.546715 5.596270 9.441499
 0.000079 1.578111 1.474655 2.550947 5.603713 9.767720
 0.000080 1.574815 1.480879 2.555198 5.610892 10.087591
 0.000080 1.570093 1.487095 2.559391 5.616579 10.344631
 0.000081 1.564334 1.492711 2.563468 5.620513 10.524369
 0.000081 1.557865 1.497353 2.567421 5.622638 10.622099
 0.000082 1.550984 1.500358 2.571251 5.622593 10.620021
 0.000082 1.544040 1.501541 2.574893 5.620474 10.522591
 0.000083 1.537415 1.500682 2.578470 5.616568 10.344140
 0.000083 1.531751 1.497572 2.581970 5.611294 10.105634
 0.000084 1.527740 1.492659 2.585331 5.605731 9.857090
 0.000084 1.525986 1.485916 2.588621 5.600524 9.627280
 0.000085 1.526396 1.477970 2.591741 5.596106 9.434393
 0.000085 1.528719 1.469124 2.594689 5.592532 9.279777
 0.000086 1.532672 1.459794 2.597453 5.589919 9.167542
 0.000086 1.538306 1.450706 2.600087 5.589099 9.132465
 0.000087 1.545181 1.442413 2.602559 5.590153 9.177576
 0.000087 1.552519 1.435461 2.604819 5.592800 9.291303
 0.000088 1.559489 1.429902 2.606807 5.596198 9.438395
 0.000088 1.565509 1.425770 2.608525 5.599804 9.595704
 0.000089 1.570351 1.423144 2.609978 5.603473 9.757111
 0.000089 1.573850 1.422168 2.611138 5.607155 9.920452
 0.000090 1.575524 1.423159 2.612035 5.610718 10.079777
 0.000090 1.575323 1.425638 2.612692 5.613654 10.212021
 0.000091 1.573201 1.429395 2.613104 5.615700 10.304687
 0.000091 1.569135 1.434109 2.613279 5.616522 10.342072
 0.000092 1.564152 1.439361 2.613210 5.616723 10.351196
 0.000092 1.558314 1.445162 2.612904 5.616380 10.335597
 0.000093 1.552287 1.451296 2.612388 5.615971 10.317019
 0.000093 1.546719 1.457658 2.611677 5.616053 10.320756
 0.000094 1.542351 1.463332 2.610708 5.616391 10.336119
 0.000094 1.539538 1.467841 2.609543 5.616922 10.360233
 0.000095 1.538484 1.470891 2.608245 5.617620 10.392044
 0.000095 1.539134 1.472801 2.606745 5.618681 10.440461
 0.000096 1.541538 1.473909 2.605073 5.620520 10.524666
 0.000096 1.545524 1.473690 2.603302 5.622515 10.616425
 0.000097 1.550708 1.472078 2.601410 5.624196 10.693998
 0.000097 1.556746 1.469058 2.599401 5.625205 10.740708
 0.000098 1.563146 1.464737 2.597321 5.625205 10.740730
 0.000098 1.569711 1.459362 2.595197 5.624269 10.697406
 0.000099 1.575845 1.453489 2.593158 5.622492 10.615358
 0.000099 1.581856 1.447691 2.591168 5.620715 10.533624
 0.000100 1.587248 1.442410 2.589174 5.618833 10.447410
 0.000100 1.591663 1.438270 2.587179 5.617112 10.368891
 0.000101 1.595055 1.435736 2.585205 5.615996 10.318158
 0.000101 1.596898 1.434817 2.583204 5.614919 10.269267
 0.000102 1.597555 1.435849 2.581279 5.614683 10.258588
 0.000102 1.597482 1.439200 2.579441 5.616123 10.323924
 0.000103 1.596715 1.445068 2.577695 5.619478 10.476938
 0.000103 1.595065 1.453734 2.576064 5.624862 10.724851
 0.000104 1.592739 1.465017 2.574538 5.632293 11.071771
 0.000104 1.589428 1.477881 2.573113 5.640422 11.457599
 0.000105 1.584676 1.491707 2.571773 5.648156 11.830782
 0.000105 1.579060 1.506146 2.570459 5.655665 12.198894
 0.000106 1.572562 1.520284 2.569176 5.662022 12.514881
 0.000106 1.565580 1.533220 2.567904 5.666703 12.750200
 0.000107 1.558478 1.544309 2.566685 5.669473 12.890440
 0.000107 1.551331 1.552805 2.565584 5.669721 12.903020
 0.000108 1.544808 1.558761 2.564573 5.668143 12.822983
 0.000108 1.539478 1.562253 2.563562 5.665293 12.679067
 0.000109 1.535554 1.562954 2.562577 5.661085 12.468061
 0.000109 1.533318 1.561856 2.561770 5.656945 12.262173
 0.000110 1.532942 1.559698 2.561043 5.653683 12.101192
 0.000110 1.534868 1.556850 2.560451 5.652169 12.026802
 0.000111 1.539062 1.553944 2.559941 5.652947 12.064970
 0.000111 1.545372 1.551694 2.559514 5.656580 12.244110
 0.000112 1.553057 1.549958 2.559183 5.662198 12.523692
 0.000112 1.562024 1.549135 2.558982 5.670141 12.924402
 0.000113 1.571951 1.549506 2.558872 5.680329 13.447546
 0.000113 1.582014 1.550779 2.558784 5.691578 14.037235
 0.000114 1.591743 1.552754 2.558761 5.703258 14.662962
 0.000114 1.600627 1.555948 2.558746 5.715321 15.323497
 0.000115 1.607904 1.559536 2.558758 5.726198 15.931509
 0.000115 1.612869 1.564063 2.558895 5.735828 16.479738
 0.000116 1.615011 1.569227 2.559128 5.743366 16.915372
 0.000116 1.614624 1.574936 2.559447 5.749007 17.245066
 0.000117 1.611659 1.580960 2.559837 5.752456 17.448200
 0.000117 1.606434 1.587248 2.560323 5.754006 17.539893
 0.000118 1.599335 1.593238 2.560845 5.753418 17.505070
 0.000118 1.591220 1.598519 2.561375 5.751113 17.368980
 0.000119 1.583013 1.603074 2.561849 5.747936 17.182222
 0.000119 1.575337 1.607061 2.562261 5.744658 16.990611
 0.000120 1.568860 1.610230 2.562604 5.741694 16.818223
 0.000120 1.563640 1.613016 2.562962 5.739617 16.698036
 0.000121 1.560198 1.615208 2.563284 5.738690 16.644471
 0.000121 1.559091 1.616906 2.563581 5.739578 16.695771
 0.000122 1.560260 1.618305 2.563765 5.742330 16.855170
 0.000122 1.563468 1.619658 2.563861 5.746988 17.126665
 0.000123 1.568287 1.620346 2.563809 5.752442 17.447404
 0.000123 1.574055 1.620479 2.563596 5.758130 17.784983
 0.000124 1.580855 1.620051 2.563104 5.764010 18.137399
 0.000124 1.587456 1.619079 2.562453 5.768988 18.438491
 0.000125 1.593451 1.617437 2.561674 5.772562 18.656138
 0.000125 1.598707 1.615484 2.560687 5.774879 18.797935
 0.000126 1.602849 1.613067 2.559505 5.775421 18.831201
 0.000126 1.605314 1.609921 2.558074 5.773309 18.701811
 0.000127 1.605808 1.606763 2.556489 5.769060 18.442865
 0.000127 1.603835 1.603603 2.554761 5.762199 18.028505
 0.000128 1.599057 1.600497 2.552834 5.752387 17.444160
 0.000128 1.591599 1.597724 2.550680 5.740003 16.720344
 0.000129 1.581711 1.595241 2.548354 5.725306 15.881228
 0.000129 1.569862 1.593559 2.545754 5.709175 14.985113
 0.000130 1.556968 1.592442 2.542950 5.692359 14.078676
 0.000130 1.543374 1.591818 2.539954 5.675146 13.180111
 0.000131 1.529416 1.591880 2.536763 5.658059 12.317435
 0.000131 1.515888 1.592465 2.533359 5.641711 11.519363
 0.000132 1.503339 1.593957 2.529693 5.626988 10.823523
 0.000132 1.492176 1.596461 2.525812 5.614449 10.247986
 0.000133 1.482356 1.599770 2.521746 5.603871 9.774707
 0.000133 1.474204 1.603311 2.517552 5.595068 9.389329
 0.000134 1.467963 1.606669 2.513191 5.587823 9.078014
 0.000134 1.463584 1.609487 2.508769 5.581840 8.824851
 0.000135 1.461043 1.611622 2.504233 5.576898 8.618468
 0.000135 1.460679 1.612780 2.499595 5.573054 8.459595
 0.000136 1.462052 1.613085 2.494925 5.570063 8.337016
 0.000136 1.464945 1.612200 2.490273 5.567418 8.229392
 0.000137 1.469491 1.610486 2.485590 5.565567 8.154440
 0.000137 1.475126 1.608177 2.480879 5.564182 8.098611
 0.000138 1.481557 1.604988 2.476194 5.562739 8.040654
 0.000138 1.488461 1.601055 2.471514 5.561029 7.972234
 0.000139 1.495222 1.596824 2.466856 5.558902 7.887507
 0.000139 1.501383 1.592387 2.462206 5.555976 7.771741
 0.000140 1.506837 1.587353 2.457581 5.551771 7.606828
 0.000140 1.511307 1.582684 2.453077 5.547068 7.424507
 0.000141 1.514916 1.578479 2.448650 5.542045 7.232197
 0.000141 1.517355 1.575269 2.444339 5.536963 7.040193
 0.000142 1.518682 1.573408 2.440199 5.532289 6.865934
 0.000142 1.519219 1.573143 2.436200 5.528562 6.728509
 0.000143 1.519368 1.573999 2.432393 5.525759 6.626076
 0.000143 1.519185 1.575689 2.428764 5.523639 6.549111
 0.000144 1.519050 1.578265 2.425373 5.522688 6.514745
 0.000144 1.519362 1.582020 2.422206 5.523588 6.547256
 0.000145 1.520429 1.586575 2.419311 5.526315 6.646318
 0.000145 1.522793 1.592262 2.416656 5.531711 6.844506
 0.000146 1.526550 1.598254 2.414268 5.539072 7.119573
 0.000146 1.531776 1.603454 2.412119 5.547348 7.435306
 0.000147 1.538223 1.607672 2.410216 5.556111 7.777068
 0.000147 1.546075 1.610699 2.408585 5.565359 8.146075
 0.000148 1.554985 1.611956 2.407178 5.574120 8.503524
 0.000148 1.565041 1.611920 2.406004 5.582966 8.872244
 0.000149 1.575964 1.610861 2.405058 5.591883 9.251812
 0.000149 1.587246 1.608394 2.404359 5.599999 9.604232
 0.000150 1.598298 1.604662 2.403987 5.606947 9.911177
 0.000150 1.608721 1.600032 2.403900 5.612653 10.166829
 0.000151 1.617850 1.594763 2.404000 5.616613 10.346190
 0.000151 1.624878 1.588823 2.404361 5.618062 10.412229
 0.000152 1.629638 1.582789 2.404941 5.617369 10.380591
 0.000152 1.631680 1.577084 2.405817 5.614581 10.253985
 0.000153 1.630722 1.571989 2.406934 5.609644 10.031605
 0.000153 1.627313 1.568120 2.408282 5.603715 9.767814
 0.000154 1.621582 1.565447 2.409848 5.596877 9.467908
 0.000154 1.613837 1.564439 2.411608 5.589884 9.166034
 0.000155 1.604594 1.565013 2.413641 5.583247 8.884083
 0.000155 1.594822 1.567528 2.415873 5.578222 8.673539
 0.000156 1.585215 1.571915 2.418315 5.575445 8.558235
 0.000156 1.576142 1.578007 2.420924 5.575073 8.542845
 0.000157 1.568330 1.585438 2.423757 5.577525 8.644527
 0.000157 1.562275 1.593562 2.426754 5.582592 8.856486
 0.000158 1.559327 1.601903 2.429950 5.591180 9.221599
 0.000158 1.559586 1.609260 2.433263 5.602109 9.696948
 0.000159 1.562504 1.614707 2.436785 5.613996 10.227512
 0.000159 1.567929 1.617544 2.440475 5.625948 10.775211
 0.000160 1.575283 1.617162 2.444284 5.636728 11.281451
 0.000160 1.584805 1.613307 2.448177 5.646288 11.740115
 0.000161 1.595686 1.606045 2.452154 5.653885 12.111135
 0.000161 1.607774 1.595560 2.456172 5.659506 12.389342
 0.000162 1.620244 1.583002 2.460256 5.663503 12.589080
 0.000162 1.633075 1.569147 2.464315 5.666537 12.741784
 0.000163 1.644523 1.554595 2.468391 5.667509 12.790892
 0.000163 1.654503 1.540285 2.472396 5.667184 12.774477
 0.000164 1.663142 1.526690 2.476472 5.666304 12.730046
 0.000164 1.670009 1.514606 2.480611 5.665227 12.675736
 0.000165 1.675341 1.504538 2.484842 5.664721 12.650312
 0.000165 1.678809 1.497052 2.489182 5.665043 12.666497
 0.000166 1.680855 1.492834 2.493633 5.667322 12.781453
 0.000166 1.681663 1.491947 2.498152 5.671762 13.006934
 0.000167 1.681330 1.494504 2.502705 5.678539 13.354881
 0.000167 1.680304 1.500475 2.507269 5.688048 13.850814
 0.000168 1.679042 1.509615 2.511864 5.700521 14.515126
 0.000168 1.677508 1.521569 2.516462 5.715538 15.335506
 0.000169 1.675230 1.535430 2.521076 5.731736 16.245680
 0.000169 1.672843 1.550451 2.525793 5.749087 17.249771
 0.000170 1.670102 1.565585 2.530481 5.766168 18.267632
 0.000170 1.666897 1.580171 2.535200 5.782269 19.253793
 0.000171 1.663340 1.593163 2.539910 5.796414 20.141542
 0.000171 1.659705 1.603913 2.544572 5.808189 20.895859
 0.000172 1.656102 1.612044 2.549179 5.817325 21.490609
 0.000172 1.652306 1.617057 2.553796 5.823160 21.874854
 0.000173 1.648211 1.618666 2.558375 5.825251 22.013398
 0.000173 1.643739 1.617130 2.562916 5.823785 21.916236
 0.000174 1.639720 1.612760 2.567414 5.819893 21.659342
 0.000174 1.635905 1.605764 2.571780 5.813449 21.237252
 0.000175 1.632345 1.596315 2.576019 5.804679 20.669527
 0.000175 1.629561 1.585280 2.580181 5.795022 20.053283
 0.000176 1.627884 1.573856 2.584182 5.785922 19.481176
 0.000176 1.627427 1.562541 2.588046 5.778014 18.990677
 0.000177 1.627849 1.551902 2.591807 5.771558 18.594876
 0.000177 1.629228 1.542828 2.595400 5.767456 18.345555
 0.000178 1.632048 1.535333 2.598827 5.766209 18.270103
 0.000178 1.636266 1.529822 2.601973 5.768061 18.382198
 0.000179 1.641581 1.526370 2.604940 5.772892 18.676288
 0.000179 1.647656 1.525050 2.607785 5.780491 19.143649
 0.000180 1.653812 1.525870 2.610317 5.789999 19.736491
 0.000180 1.659821 1.528592 2.612613 5.801026 20.435342
 0.000181 1.665267 1.532950 2.614697 5.812914 21.202437
 0.000181 1.669153 1.538564 2.616604 5.824321 21.951712
 0.000182 1.670940 1.544930 2.618243 5.834113 22.605328
 0.000182 1.669752 1.551663 2.619605 5.841020 23.072135
 0.000183 1.665674 1.558415 2.620640 5.844729 23.324803
 0.000183 1.658225 1.563953 2.621387 5.843565 23.245346
 0.000184 1.647288 1.567647 2.621828 5.836763 22.783894
 0.000184 1.633158 1.569614 2.621995 5.824767 21.981293
 0.000185 1.616722 1.568996 2.621891 5.807608 20.858316
 0.000185 1.598694 1.565968 2.621483 5.786146 19.495112
 0.000186 1.579521 1.559991 2.620811 5.760324 17.916067
 0.000186 1.560357 1.551576 2.619884 5.731817 16.250291
 0.000187 1.542147 1.541303 2.618671 5.702121 14.601462
 0.000187 1.525668 1.529669 2.617321 5.672658 13.052657
 0.000188 1.511880 1.517417 2.615823 5.645119 11.683520
 0.000188 1.501254 1.504997 2.614096 5.620347 10.516726
 0.000189 1.494794 1.493132 2.612170 5.600096 9.608512
 0.000189 1.492187 1.482573 2.610070 5.584831 8.950955
 0.000190 1.493448 1.473365 2.607846 5.574659 8.525768
 0.000190 1.498828 1.466748 2.605514 5.571090 8.379024
 0.000191 1.507752 1.462472 2.603105 5.573330 8.470961
 0.000191 1.519170 1.460425 2.600620 5.580215 8.756709
 0.000192 1.532511 1.461145 2.598046 5.591702 9.244056
 0.000192 1.546622 1.464337 2.595542 5.606502 9.891355
 0.000193 1.559933 1.469254 2.593061 5.622248 10.604120
 0.000193 1.571828 1.475244 2.590629 5.637701 11.327714
 0.000194 1.580519 1.482144 2.588292 5.650955 11.967350
 0.000194 1.585095 1.489395 2.585994 5.660485 12.438110
 0.000195 1.585085 1.496003 2.583750 5.664838 12.656185
 0.000195 1.580858 1.501445 2.581473 5.663776 12.602819
 0.000196 1.572504 1.505458 2.579171 5.657133 12.271494
 0.000196 1.560727 1.507291 2.576927 5.644945 11.675128
 0.000197 1.546232 1.506980 2.574737 5.627949 10.868287
 0.000197 1.530008 1.504945 2.572678 5.607632 9.941683
 0.000198 1.513177 1.501401 2.570803 5.585381 8.974240
 0.000198 1.496112 1.496823 2.569044 5.561980 8.010228
 0.000199 1.479937 1.491794 2.567502 5.539233 7.125654
 0.000199 1.465459 1.486682 2.566263 5.518404 6.361026
 0.000200 1.453008 1.482635 2.565229 5.500873 5.751088
 0.000200 1.443217 1.480325 2.564409 5.487950 5.321177
 0.000201 1.436588 1.479599 2.563898 5.480086 5.067700
 0.000201 1.433640 1.480538 2.563645 5.477823 4.995915
 0.000202 1.434510 1.483487 2.563604 5.481601 5.116074
 0.000202 1.438707 1.488322 2.563824 5.490852 5.416257
 0.000203 1.445590 1.494155 2.564349 5.504095 5.860881
 0.000203 1.454603 1.500913 2.565041 5.520557 6.438051
 0.000204 1.465032 1.508592 2.565878 5.539502 7.135818
 0.000204 1.475600 1.516574 2.566920 5.559094 7.895138
 0.000205 1.485017 1.524221 2.568126 5.577364 8.637823
 0.000205 1.492202 1.530839 2.569503 5.592545 9.280323
 0.000206 1.495783 1.535948 2.571023 5.602753 9.725324
 0.000206 1.494993 1.539623 2.572658 5.607273 9.925693
 0.000207 1.489562 1.541599 2.574485 5.605646 9.853334
 0.000207 1.479567 1.542049 2.576400 5.598016 9.517518
 0.000208 1.465873 1.541495 2.578427 5.585795 8.991789
 0.000208 1.449775 1.540420 2.580410 5.570605 8.359196
 0.000209 1.432568 1.539712 2.582342 5.554623 7.718459
 0.000209 1.415448 1.539816 2.584367 5.539631 7.140682
 0.000210 1.399596 1.541282 2.586402 5.527280 6.681563
 0.000210 1.386212 1.544247 2.588446 5.518906 6.378944
 0.000211 1.376416 1.549449 2.590612 5.516476 6.292456
 0.000211 1.370069 1.556731 2.592776 5.519576 6.402905
 0.000212 1.367318 1.565451 2.594991 5.527760 6.699115
 0.000212 1.368324 1.575828 2.597291 5.541443 7.209309
 0.000213 1.372415 1.587679 2.599540 5.559633 7.916591
 0.000213 1.379743 1.600399 2.601676 5.581819 8.823979
 0.000214 1.390198 1.613399 2.603673 5.607270 9.925545
 0.000214 1.402973 1.626171 2.605628 5.634772 11.188718
 0.000215 1.417375 1.637816 2.607499 5.662691 12.548376
 0.000215 1.433329 1.647891 2.609219 5.690439 13.976978
 0.000216 1.449785 1.655842 2.610784 5.716411 15.383862
 0.000216 1.466053 1.660996 2.612122 5.739171 16.672244
 0.000217 1.481513 1.662811 2.613210 5.757534 17.749446
 0.000217 1.495370 1.661282 2.614022 5.770674 18.540975
 0.000218 1.506495 1.656537 2.614508 5.777541 18.961522
 0.000218 1.514357 1.648849 2.614707 5.777912 18.984397
 0.000219 1.518640 1.638897 2.614633 5.772170 18.632217
 0.000219 1.519307 1.627643 2.614242 5.761192 17.968104
 0.000220 1.516508 1.615485 2.613614 5.745607 17.045970
 0.000220 1.510735 1.603068 2.612731 5.726533 15.950476
 0.000221 1.502186 1.591635 2.611512 5.705334 14.775584
 0.000221 1.492177 1.581685 2.609902 5.683764 13.626297
 0.000222 1.481487 1.573381 2.607994 5.662862 12.556952
 0.000222 1.471254 1.567589 2.605788 5.644630 11.659921
 0.000223 1.462344 1.564796 2.603361 5.630501 10.987601
 0.000223 1.455112 1.565375 2.600750 5.621237 10.557620
 0.000224 1.449904 1.569154 2.597951 5.617009 10.364210
 0.000224 1.447256 1.576200 2.594885 5.618341 10.424928
 0.000225 1.447410 1.586360 2.591609 5.625380 10.748834
 0.000225 1.450042 1.599232 2.588073 5.637347 11.310851
 0.000226 1.454823 1.614303 2.584381 5.653508 12.092563
 0.000226 1.461684 1.630568 2.580576 5.672828 13.061379
 0.000227 1.470201 1.647212 2.576602 5.694015 14.166690
 0.000227 1.479951 1.663106 2.572482 5.715539 15.335560
 0.000228 1.490652 1.677366 2.568286 5.736303 16.507051
 0.000228 1.501519 1.689481 2.564026 5.755027 17.600391
 0.000229 1.511893 1.698756 2.559727 5.770376 18.522874
 0.000229 1.521603 1.704651 2.555389 5.781643 19.214993
 0.000230 1.529888 1.707077 2.550943 5.787908 19.605283
 0.000230 1.536561 1.706592 2.546414 5.789566 19.709298
 0.000231 1.541717 1.703302 2.541767 5.786787 19.535159
 0.000231 1.545134 1.697797 2.537048 5.779978 19.111910
 0.000232 1.546601 1.690809 2.532388 5.769798 18.487705
 0.000232 1.546462 1.682765 2.527683 5.756910 17.712315
 0.000233 1.545413 1.674457 2.522898 5.742769 16.880639
 0.000233 1.543895 1.666624 2.518041 5.728560 16.065150
 0.000234 1.541846 1.659586 2.513145 5.714577 15.282291
 0.000234 1.539660 1.653751 2.508311 5.701721 14.579824
 0.000235 1.537924 1.649756 2.503521 5.691201 14.017297
 0.000235 1.537514 1.647752 2.498770 5.684036 13.640505
 0.000236 1.538269 1.648370 2.494021 5.680660 13.464736
 0.000236 1.540306 1.651428 2.489285 5.681019 13.483371
 0.000237 1.543614 1.656518 2.484642 5.684774 13.679048
 0.000237 1.548375 1.663337 2.480047 5.691760 14.046892
 0.000238 1.554228 1.671487 2.475506 5.701221 14.552854
 0.000238 1.560910 1.680814 2.470939 5.712664 15.176714
 0.000239 1.567920 1.690336 2.466354 5.724610 15.842034
 0.000239 1.575200 1.699609 2.461860 5.736669 16.528103
 0.000240 1.582599 1.707788 2.457403 5.747790 17.173646
 0.000240 1.589611 1.714219 2.453077 5.756907 17.712159
 0.000241 1.595458 1.717310 2.448800 5.761568 17.990635
 0.000241 1.599923 1.716812 2.444552 5.761287 17.973798
 0.000242 1.603298 1.712548 2.440300 5.756146 17.666873
 0.000242 1.605587 1.704226 2.436073 5.745886 17.062244
 0.000243 1.606678 1.691997 2.432053 5.730729 16.188302
 0.000243 1.606761 1.676537 2.428122 5.711419 15.108239
 0.000244 1.605952 1.658525 2.424334 5.688811 13.891028
 0.000244 1.604447 1.639006 2.420655 5.664108 12.619461
 0.000245 1.602853 1.619173 2.417084 5.639109 11.394835
 0.000245 1.601266 1.600142 2.413681 5.615089 10.277006
 0.000246 1.600547 1.582898 2.410493 5.593939 9.340474
 0.000246 1.601110 1.568414 2.407543 5.577067 8.625478
 0.000247 1.602932 1.557017 2.404883 5.564832 8.124780
 0.000247 1.605950 1.549638 2.402552 5.558140 7.857285
 0.000248 1.610469 1.546640 2.400562 5.557672 7.838725
 0.000248 1.616589 1.547502 2.398804 5.562894 8.046880
 0.000249 1.624059 1.552325 2.397352 5.573735 8.487665
 0.000249 1.632011 1.560731 2.396143 5.588885 9.123324
 0.000250 1.640176 1.572253 2.395188 5.607617 9.941044
 0.000250 1.648038 1.585875 2.394483 5.628396 10.889115
 0.000251 1.655120 1.600775 2.393948 5.649843 11.913004
 0.000251 1.660670 1.615586 2.393617 5.669873 12.910789
 0.000252 1.664105 1.629583 2.393586 5.687274 13.810130
 0.000252 1.665182 1.641977 2.393731 5.700890 14.534976
 0.000253 1.664011 1.651931 2.394014 5.709957 15.027965
 0.000253 1.661065 1.659202 2.394468 5.714735 15.291056
 0.000254 1.656535 1.663132 2.395101 5.714767 15.292833
 0.000254 1.650637 1.663196 2.395894 5.709727 15.015336
 0.000255 1.644380 1.659313 2.396845 5.700537 14.515980
 0.000255 1.638014 1.652079 2.397913 5.688006 13.848616
 0.000256 1.631813 1.641727 2.399131 5.672671 13.053334
 0.000256 1.626506 1.628374 2.400495 5.655375 12.184573
 0.000257 1.622125 1.612957 2.401929 5.637011 11.294885
 0.000257 1.618685 1.596466 2.403482 5.618632 10.438254
 0.000258 1.616780 1.579391 2.405174 5.601345 9.663346
 0.000258 1.616954 1.562466 2.407025 5.586446 9.019423
 0.000259 1.618944 1.546447 2.408980 5.574371 8.513878
 0.000259 1.622736 1.531879 2.410909 5.565525 8.152737
 0.000260 1.628375 1.519771 2.412964 5.561110 7.975459
 0.000260 1.635345 1.510732 2.415097 5.561174 7.978022
 0.000261 1.642747 1.504879 2.417254 5.564880 8.126752
 0.000261 1.650628 1.502292 2.419490 5.572410 8.433157
 0.000262 1.658528 1.502778 2.421752 5.583058 8.876114
 0.000262 1.664947 1.505756 2.424024 5.594726 9.374525
 0.000263 1.669499 1.510929 2.426210 5.606639 9.897444
 0.000263 1.671135 1.517883 2.428373 5.617392 10.381648
 0.000264 1.669405 1.525693 2.430471 5.625569 10.757626
 0.000264 1.664141 1.534184 2.432468 5.630793 11.001289
 0.000265 1.655280 1.542056 2.434392 5.631729 11.045207
 0.000265 1.643512 1.548750 2.436206 5.628468 10.892510
 0.000266 1.628797 1.553308 2.437977 5.620081 10.504560
 0.000266 1.612315 1.555470 2.439826 5.607611 9.940740
 0.000267 1.594425 1.555285 2.441629 5.591339 9.228426
 0.000267 1.576244 1.553130 2.443364 5.572739 8.446655
 0.000268 1.558866 1.549308 2.445020 5.553194 7.662426
 0.000268 1.542929 1.544433 2.446586 5.533948 6.927534
 0.000269 1.529562 1.539273 2.448182 5.517017 6.311647
 0.000269 1.519265 1.534816 2.449823 5.503905 5.854372
 0.000270 1.512749 1.532057 2.451419 5.496224 5.594523
 0.000270 1.510489 1.531627 2.453015 5.495131 5.558017
 0.000271 1.512663 1.534269 2.454653 5.501585 5.775287
 0.000271 1.518839 1.539951 2.456350 5.515139 6.245117
 0.000272 1.528656 1.548166 2.458096 5.534919 6.963709
 0.000272 1.540881 1.558352 2.459897 5.559131 7.896595
 0.000273 1.554656 1.570225 2.461732 5.586613 9.026523
 0.000273 1.568899 1.583233 2.463617 5.615748 10.306877
 0.000274 1.581948 1.596580 2.465527 5.644055 11.632134
 0.000274 1.591863 1.609442 2.467410 5.668715 12.851971
 0.000275 1.597336 1.621514 2.469335 5.688185 13.858054
 0.000275 1.597325 1.632205 2.471314 5.700844 14.532500
 0.000276 1.591603 1.641182 2.473295 5.706080 14.816173
 0.000276 1.580298 1.648158 2.475421 5.703877 14.696469
 0.000277 1.564357 1.652782 2.477612 5.694751 14.205891
 0.000277 1.544796 1.655446 2.479867 5.680108 13.436101
 0.000278 1.523191 1.656236 2.482259 5.661686 12.498111
 0.000278 1.500977 1.655433 2.484864 5.641273 11.498377
 0.000279 1.479823 1.653519 2.487674 5.621016 10.547451
 0.000279 1.460303 1.650634 2.490653 5.601590 9.674083
 0.000280 1.443496 1.646642 2.493768 5.583906 8.911890
 0.000280 1.430366 1.642354 2.497087 5.569807 8.326593
 0.000281 1.421471 1.638434 2.500550 5.560455 7.949305
 0.000281 1.417192 1.634927 2.504127 5.556246 7.782387
 0.000282 1.418514 1.631872 2.507831 5.558217 7.860349
 0.000282 1.424894 1.629083 2.511783 5.565760 8.162231
 0.000283 1.436243 1.626722 2.515893 5.578858 8.700040
 0.000283 1.451949 1.624445 2.520122 5.596515 9.452157
 0.000284 1.471163 1.622291 2.524427 5.617881 10.403974
 0.000284 1.492539 1.619754 2.528858 5.641151 11.492507
 0.000285 1.514206 1.616217 2.533450 5.663874 12.607710
 0.000285 1.534839 1.611602 2.538128 5.684568 13.668299
 0.000286 1.552586 1.605930 2.542804 5.701320 14.558192
 0.000286 1.565363 1.599289 2.547506 5.712158 15.148887
 0.000287 1.571440 1.591536 2.552165 5.715141 15.313527
 0.000287 1.570139 1.583247 2.556789 5.710175 15.039936
 0.000288 1.561479 1.574898 2.561361 5.697738 14.365569
 0.000288 1.546548 1.566942 2.565879 5.679369 13.397801
 0.000289 1.526270 1.559845 2.570419 5.656535 12.241871
 0.000289 1.502402 1.554057 2.574940 5.631399 11.029723
 0.000290 1.477141 1.550125 2.579399 5.606665 9.898641
 0.000290 1.453027 1.548470 2.583771 5.585268 8.969486
 0.000291 1.431695 1.549438 2.588109 5.569241 8.303515
 0.000291 1.414577 1.553360 2.592406 5.560343 7.944836
 0.000292 1.402969 1.559996 2.596671 5.559636 7.916673
 0.000292 1.397012 1.568938 2.600867 5.566817 8.205026
 0.000293 1.397475 1.580186 2.605016 5.582677 8.860062
 0.000293 1.403579 1.593289 2.609111 5.605979 9.868136
 0.000294 1.414603 1.607274 2.613144 5.635021 11.200485
 0.000294 1.429192 1.620484 2.617070 5.666746 12.752377
 0.000295 1.446387 1.632206 2.620926 5.699519 14.461175
 0.000295 1.464822 1.642016 2.624654 5.731491 16.231735
 0.000296 1.483019 1.648840 2.628183 5.760042 17.899222
 0.000296 1.500134 1.652075 2.631603 5.783813 19.349705
 0.000297 1.514844 1.651482 2.634881 5.801207 20.446922
 0.000297 1.525930 1.646956 2.637963 5.810849 21.068168
 0.000298 1.533247 1.639274 2.640834 5.813355 21.231156
 0.000298 1.536060 1.629136 2.643508 5.808703 20.929097
 0.000299 1.534463 1.617495 2.646027 5.797985 20.241407
 0.000299 1.529177 1.604791 2.648269 5.782238 19.251886
 0.000300 1.521115 1.591982 2.650311 5.763407 18.101117
 0.000300 1.511273 1.579913 2.652188 5.743373 16.915789
 0.000301 1.500617 1.569161 2.653852 5.723631 15.786960
 0.000301 1.490080 1.559980 2.655362 5.705422 14.780348
 0.000302 1.480508 1.552867 2.656643 5.690019 13.954777
 0.000302 1.472425 1.548264 2.657689 5.678379 13.346590
 0.000303 1.466570 1.546663 2.658556 5.671789 13.008311
 0.000303 1.463204 1.548285 2.659201 5.670689 12.952260
 0.000304 1.462598 1.552863 2.659686 5.675147 13.180164
 0.000304 1.464624 1.560282 2.660021 5.684927 13.687072
 0.000305 1.469104 1.570349 2.660256 5.699709 14.471377
 0.000305 1.475667 1.582885 2.660367 5.718919 15.523286
 0.000306 1.483548 1.597661 2.660312 5.741522 16.808291
 0.000306 1.492429 1.613466 2.660063 5.765959 18.254964
 0.000307 1.501746 1.629117 2.659668 5.790531 19.769882
 0.000307 1.510568 1.643900 2.659090 5.813558 21.244344
 0.000308 1.518196 1.656738 2.658231 5.833165 22.541651
 0.000308 1.524779 1.666331 2.657045 5.848155 23.559363
 0.000309 1.529539 1.671797 2.655614 5.856950 24.166956
 0.000309 1.531945 1.672667 2.654014 5.858626 24.283618
 0.000310 1.532142 1.668337 2.652257 5.852736 23.874860
 0.000310 1.529724 1.658920 2.650377 5.839021 22.936581
 0.000311 1.525107 1.644929 2.648272 5.818307 21.555055
 0.000311 1.519176 1.627667 2.645936 5.792779 19.911511
 0.000312 1.512141 1.607552 2.643416 5.763109 18.083178
 0.000312 1.504280 1.585709 2.640726 5.730715 16.187507
 0.000313 1.496172 1.563637 2.637814 5.697623 14.359390
 0.000313 1.488649 1.542764 2.634745 5.666158 12.722693
 0.000314 1.482158 1.523712 2.631592 5.637462 11.316333
 0.000314 1.477316 1.507543 2.628431 5.613290 10.195592
 0.000315 1.474615 1.495291 2.625170 5.595075 9.389641
 0.000315 1.474245 1.487472 2.621767 5.583484 8.894090
 0.000316 1.476672 1.484048 2.618350 5.579069 8.708852
 0.000316 1.481736 1.485065 2.614979 5.581780 8.822357
 0.000317 1.489713 1.490085 2.611538 5.591336 9.228319
 0.000317 1.500241 1.498700 2.608096 5.607037 9.915179
 0.000318 1.511788 1.510277 2.604499 5.626564 10.803805
 0.000318 1.523772 1.523667 2.600736 5.648176 11.831770
 0.000319 1.534968 1.537365 2.596847 5.669181 12.875600
 0.000319 1.544567 1.550384 2.592857 5.687808 13.838218
 0.000320 1.551560 1.561916 2.588791 5.702267 14.609325
 0.000320 1.555273 1.570454 2.584583 5.710311 15.047352
 0.000321 1.555459 1.575533 2.580248 5.711240 15.098399
 0.000321 1.552241 1.576323 2.575827 5.704391 14.724352
 0.000322 1.545679 1.572263 2.571319 5.689261 13.914749
 0.000322 1.536173 1.563639 2.566768 5.666581 12.744005
 0.000323 1.524987 1.551021 2.562120 5.638127 11.347987
 0.000323 1.512582 1.535796 2.557408 5.605786 9.859536
 0.000324 1.500419 1.519884 2.552631 5.572934 8.454673
 0.000324 1.489950 1.504938 2.547785 5.542672 7.256070
 0.000325 1.481866 1.492110 2.542935 5.516910 6.307861
 0.000325 1.476724 1.482093 2.538084 5.496901 5.617190
 0.000326 1.474674 1.475606 2.533328 5.483608 5.180474
 0.000326 1.476349 1.473061 2.528688 5.478097 5.004601
 0.000327 1.482023 1.474443 2.524054 5.480520 5.081538
 0.000327 1.491381 1.480083 2.519493 5.490958 5.419732
 0.000328 1.503913 1.489460 2.515092 5.508466 6.011491
 0.000328 1.518926 1.501929 2.510678 5.531534 6.837955
 0.000329 1.535317 1.516322 2.506287 5.557926 7.848798
 0.000329 1.552349 1.531848 2.501968 5.586165 9.007498
 0.000330 1.568605 1.547186 2.497742 5.613534 10.206593
 0.000330 1.582438 1.561443 2.493649 5.637530 11.319565
 0.000331 1.592674 1.573405 2.489662 5.655741 12.202650
 0.000331 1.598836 1.581682 2.485700 5.666217 12.725664
 0.000332 1.600203 1.585698 2.481688 5.667589 12.794987
 0.000332 1.596663 1.585564 2.477692 5.659919 12.409903
 0.000333 1.588643 1.580799 2.473737 5.643179 11.589917
 0.000333 1.577283 1.572164 2.469850 5.619297 10.468657
 0.000334 1.564228 1.560788 2.466057 5.591072 9.217000
 0.000334 1.550718 1.547890 2.462386 5.560995 7.970849
 0.000335 1.537919 1.534242 2.458823 5.530984 6.817648
 0.000335 1.527100 1.521278 2.455437 5.503815 5.851307
 0.000336 1.519197 1.510309 2.452244 5.481750 5.120833
 0.000336 1.515363 1.502071 2.449319 5.466752 4.652113
 0.000337 1.515690 1.497132 2.446675 5.459497 4.433442
 0.000337 1.520235 1.495938 2.444276 5.460449 4.461838
 0.000338 1.528895 1.498750 2.442048 5.469693 4.742237
 0.000338 1.541358 1.505015 2.440023 5.486396 5.270575
 0.000339 1.557140 1.514593 2.438266 5.509999 6.064771
 0.000339 1.575803 1.526652 2.436802 5.539256 7.126519
 0.000340 1.595893 1.540361 2.435529 5.571784 8.407444
 0.000340 1.616222 1.554609 2.434491 5.605322 9.838972
 0.000341 1.635473 1.567971 2.433673 5.637117 11.299915
 0.000341 1.652530 1.579346 2.433126 5.665002 12.664444
 0.000342 1.665802 1.587579 2.432806 5.686186 13.753038
 0.000342 1.674453 1.591738 2.432660 5.698850 14.425204
 0.000343 1.678348 1.591678 2.432709 5.702735 14.634630
 0.000343 1.677290 1.587726 2.432941 5.697957 14.377300
 0.000344 1.671529 1.580314 2.433371 5.685214 13.702095
 0.000344 1.661114 1.569859 2.433956 5.664929 12.660759
 0.000345 1.647148 1.557826 2.434674 5.639648 11.420554
 0.000345 1.630434 1.544991 2.435656 5.611081 10.096093
 0.000346 1.612134 1.532461 2.436918 5.581513 8.811123
 0.000346 1.593809 1.521946 2.438334 5.554089 7.697498
 0.000347 1.577131 1.514235 2.439939 5.531305 6.829508
 0.000347 1.563741 1.510500 2.441773 5.516014 6.276062
 0.000348 1.554239 1.511194 2.443848 5.509281 6.039773
 0.000348 1.549054 1.516321 2.446185 5.511559 6.119233
 0.000349 1.548352 1.525445 2.448750 5.522547 6.509667
 0.000349 1.551904 1.538460 2.451511 5.541875 7.225735
 0.000350 1.559593 1.554535 2.454397 5.568525 8.274338
 0.000350 1.570852 1.572528 2.457383 5.600763 9.637739
 0.000351 1.584717 1.590997 2.460533 5.636247 11.258577
 0.000351 1.600329 1.608981 2.463672 5.672982 13.069254
 0.000352 1.616526 1.625079 2.466790 5.708396 14.942503
 0.000352 1.632215 1.638233 2.469955 5.740404 16.743493
 0.000353 1.646335 1.647108 2.473104 5.766547 18.290536
 0.000353 1.658098 1.651238 2.476282 5.785618 19.462161
 0.000354 1.666829 1.650128 2.479390 5.796347 20.137334
 0.000354 1.671869 1.644007 2.482470 5.798346 20.264397
 0.000355 1.673046 1.633694 2.485535 5.792275 19.879709
 0.000355 1.670481 1.619990 2.488491 5.778962 19.049126
 0.000356 1.665042 1.603828 2.491363 5.760233 17.910623
 0.000356 1.656872 1.586545 2.494114 5.737530 16.577622
 0.000357 1.646794 1.569183 2.496811 5.712788 15.183581
 0.000357 1.635753 1.553233 2.499499 5.688485 13.873869
 0.000358 1.624656 1.540221 2.502167 5.667043 12.767381
 0.000358 1.614357 1.530857 2.504732 5.649946 11.918019
 0.000359 1.605599 1.525466 2.507256 5.638322 11.357259
 0.000359 1.599066 1.524184 2.509675 5.632925 11.101494
 0.000360 1.595046 1.527680 2.512114 5.634840 11.191944
 0.000360 1.593955 1.535963 2.514511 5.644429 11.650198
 0.000361 1.595322 1.548378 2.516971 5.660671 12.447376
 0.000361 1.599044 1.564098 2.519340 5.682482 13.559439
 0.000362 1.604854 1.582604 2.521651 5.709109 14.981511
 0.000362 1.612455 1.602541 2.523854 5.738850 16.653715
 0.000363 1.620992 1.622489 2.525918 5.769398 18.463391
 0.000363 1.629861 1.640867 2.527880 5.798607 20.281003
 0.000364 1.638341 1.656607 2.529716 5.824664 21.974456
 0.000364 1.645739 1.668775 2.531251 5.845765 23.395571
 0.000365 1.650918 1.676405 2.532574 5.859896 24.372219
 0.000365 1.653688 1.678682 2.533731 5.866100 24.807278
 0.000366 1.653848 1.675340 2.534733 5.863921 24.654006
 0.000366 1.650987 1.666299 2.535577 5.852864 23.883694
 0.000367 1.644990 1.652584 2.536270 5.833844 22.587276
 0.000367 1.636789 1.634789 2.536789 5.808366 20.907310
 0.000368 1.626741 1.614285 2.537273 5.778299 19.008253
 0.000368 1.615255 1.592881 2.537685 5.745820 17.058406
 0.000369 1.603227 1.571826 2.538050 5.713103 15.200934
 0.000369 1.591470 1.552638 2.538369 5.682477 13.559178
 0.000370 1.580873 1.536665 2.538674 5.656212 12.225896
 0.000370 1.572404 1.524833 2.539027 5.636264 11.259422
 0.000371 1.566015 1.517777 2.539395 5.623187 10.647399
 0.000371 1.562079 1.515940 2.539835 5.617854 10.402710
 0.000372 1.561073 1.519351 2.540394 5.620818 10.538370
 0.000372 1.563287 1.527703 2.540996 5.631985 11.057259
 0.000373 1.568531 1.540182 2.541637 5.650349 11.937736
 0.000373 1.575275 1.556233 2.542262 5.673770 13.109529
 0.000374 1.582438 1.574395 2.542801 5.699634 14.467340
 0.000374 1.589619 1.593332 2.543432 5.726383 15.941995
 0.000375 1.596156 1.611595 2.544049 5.751801 17.409507
 0.000375 1.600495 1.627372 2.544621 5.772488 18.651597
 0.000376 1.602159 1.639278 2.545163 5.786600 19.523501
 0.000376 1.601152 1.646038 2.545750 5.792940 19.921680
 0.000377 1.596917 1.646756 2.546343 5.790016 19.737535
 0.000377 1.590035 1.641612 2.546986 5.778634 19.028864
 0.000378 1.580959 1.630752 2.547631 5.759342 17.857336
 0.000378 1.570593 1.614470 2.548273 5.733336 16.337006
 0.000379 1.559842 1.593850 2.548967 5.702660 14.630564
 0.000379 1.549263 1.570460 2.549658 5.669381 12.885778
 0.000380 1.539558 1.546102 2.550374 5.636034 11.248474
 0.000380 1.531676 1.522204 2.551189 5.605069 9.827732
 0.000381 1.525835 1.500236 2.552082 5.578153 8.670664
 0.000381 1.522533 1.481397 2.553011 5.556941 7.809823
 0.000382 1.522472 1.466520 2.554035 5.543026 7.269574
 0.000382 1.525394 1.455989 2.555162 5.536545 7.024524
 0.000383 1.531217 1.450531 2.556409 5.538157 7.085077
 0.000383 1.539458 1.449968 2.557768 5.547194 7.429368
 0.000384 1.549368 1.454061 2.559221 5.562650 8.037083
 0.000384 1.560629 1.462134 2.560763 5.583527 8.895889
 0.000385 1.571850 1.473122 2.562474 5.607446 9.933411
 0.000385 1.582151 1.485959 2.564293 5.632402 11.076894
 0.000386 1.590137 1.499678 2.566173 5.655988 12.214832
 0.000386 1.594909 1.513140 2.568171 5.676220 13.235305
 0.000387 1.596249 1.525409 2.570223 5.691881 14.053310
 0.000387 1.593648 1.535165 2.572345 5.701158 14.549463
 0.000388 1.587004 1.541236 2.574537 5.702776 14.636858
 0.000388 1.576580 1.543018 2.576678 5.696276 14.287273
 0.000389 1.563006 1.539578 2.578776 5.681360 13.501068
 0.000389 1.547218 1.531198 2.580859 5.659276 12.377892
 0.000390 1.530698 1.518668 2.582961 5.632327 11.073338
 0.000390 1.514315 1.503177 2.585067 5.602560 9.716802
 0.000391 1.498905 1.485746 2.587281 5.571932 8.413541
 0.000391 1.485566 1.467173 2.589531 5.542270 7.240747
 0.000392 1.474910 1.449525 2.591814 5.516249 6.284406
 0.000392 1.467269 1.433883 2.594150 5.495302 5.563724
 0.000393 1.463218 1.421150 2.596566 5.480934 5.094738
 0.000393 1.463035 1.412308 2.599023 5.474366 4.887245
 0.000394 1.466567 1.407187 2.601505 5.475259 4.915212
 0.000394 1.473359 1.405932 2.603966 5.483257 5.169176
 0.000395 1.483128 1.408496 2.606354 5.497978 5.653331
 0.000395 1.494768 1.414522 2.608721 5.518011 6.347010
 0.000396 1.507323 1.423687 2.611013 5.542024 7.231401
 0.000396 1.519217 1.435131 2.613162 5.567510 8.233112
 0.000397 1.528864 1.447760 2.615223 5.591847 9.250288
 0.000397 1.535113 1.460652 2.617230 5.612994 10.182227
 0.000398 1.536994 1.472460 2.619172 5.628626 10.899869
 0.000398 1.533852 1.482020 2.621017 5.636889 11.289100
 0.000399 1.525901 1.488826 2.622688 5.637415 11.314095
 0.000399 1.513261 1.491821 2.624244 5.629326 10.932582
 0.000400 1.496950 1.490070 2.625708 5.612729 10.170263
 0.000400 1.478544 1.484065 2.627049 5.589657 9.156333
 0.000401 1.459923 1.474824 2.628246 5.562994 8.050864
 0.000401 1.442624 1.463110 2.629234 5.534968 6.965550
 0.000402 1.428091 1.450464 2.630117 5.508671 6.018614
 0.000402 1.417487 1.438014 2.631000 5.486500 5.273971
 0.000403 1.411421 1.426513 2.631830 5.469764 4.744420
 0.000403 1.410454 1.416561 2.632561 5.459576 4.435778
 0.000404 1.414980 1.408651 2.633173 5.456804 4.353606
 0.000404 1.424824 1.402881 2.633717 5.461422 4.490940
 0.000405 1.440109 1.399975 2.634258 5.474342 4.886488
 0.000405 1.460605 1.399954 2.634716 5.495275 5.562810
 0.000406 1.485023 1.403230 2.635069 5.523322 6.537669
 0.000406 1.511510 1.409498 2.635290 5.556298 7.784414
 0.000407 1.538881 1.417694 2.635386 5.591960 9.255154
 0.000407 1.564838 1.427776 2.635292 5.627906 10.866295
 0.000408 1.587348 1.438983 2.634982 5.661312 12.479423
 0.000408 1.604905 1.450502 2.634513 5.689920 13.949561
 0.000409 1.616453 1.461895 2.633907 5.712255 15.154234
 0.000409 1.621222 1.471941 2.633235 5.726399 15.942863
 0.000410 1.619450 1.480664 2.632407 5.732520 16.290411
 0.000410 1.612537 1.487891 2.631444 5.731872 16.253402
 0.000411 1.601964 1.493609 2.630263 5.725835 15.911080
 0.000411 1.589106 1.497491 2.628902 5.715498 15.333297
 0.000412 1.575380 1.499660 2.627473 5.702514 14.622674
 0.000412 1.562017 1.500610 2.625982 5.688610 13.880426
 0.000413 1.549765 1.500624 2.624419 5.674807 13.162709
 0.000413 1.539272 1.500201 2.622771 5.662244 12.525988
 0.000414 1.531657 1.500094 2.621065 5.652816 12.058541
 0.000414 1.527506 1.500208 2.619298 5.647011 11.775161
 0.000415 1.526954 1.500730 2.617482 5.645166 11.685798
 0.000415 1.530240 1.501929 2.615640 5.647810 11.813954
 0.000416 1.537247 1.503776 2.613680 5.654702 12.151358
 0.000416 1.547509 1.506153 2.611569 5.665231 12.675971
 0.000417 1.561153 1.509269 2.609341 5.679763 13.418211
 0.000417 1.577602 1.513513 2.606983 5.698098 14.384861
 0.000418 1.596767 1.518454 2.604433 5.719653 15.564248
 0.000418 1.618005 1.523401 2.601727 5.743133 16.901787
 0.000419 1.640489 1.528545 2.598955 5.767988 18.377798
 0.000419 1.663184 1.533405 2.596124 5.792712 19.907298
 0.000420 1.685366 1.537251 2.593150 5.815766 21.388567
 0.000420 1.705627 1.539664 2.589995 5.835286 22.684282
 0.000421 1.722550 1.540782 2.586779 5.850110 23.693783
 0.000421 1.734408 1.540271 2.583393 5.858071 24.244981
 0.000422 1.740367 1.537826 2.579779 5.857972 24.238022
 0.000422 1.739751 1.533782 2.576028 5.849561 23.655957
 0.000423 1.732004 1.528524 2.572145 5.832673 22.508632
 0.000423 1.717663 1.522457 2.568190 5.808309 20.903627
 0.000424 1.697787 1.516033 2.564228 5.778048 18.992757
 0.000424 1.673713 1.509467 2.560163 5.743343 16.914036
 0.000425 1.647143 1.503413 2.556037 5.706593 14.844102
 0.000425 1.619214 1.498896 2.551790 5.669900 12.912147
 0.000426 1.591684 1.496625 2.547472 5.635781 11.236484
 0.000426 1.566300 1.497228 2.543095 5.606624 9.896772
 0.000427 1.544253 1.500990 2.538710 5.583952 8.913806
 0.000427 1.526705 1.507372 2.534441 5.568518 8.274046
 0.000428 1.514747 1.516424 2.530225 5.561396 7.986883
 0.000428 1.508786 1.527767 2.526127 5.562680 8.038268
 0.000429 1.508601 1.540621 2.522078 5.571300 8.387616
 0.000429 1.513779 1.553792 2.518098 5.585670 8.986502
 0.000430 1.523982 1.566644 2.514155 5.604781 9.814976
 0.000430 1.539207 1.578247 2.510305 5.627759 10.859434
 0.000431 1.558508 1.587232 2.506490 5.652231 12.029832
 0.000431 1.580445 1.592854 2.502653 5.675952 13.221496
 0.000432 1.603787 1.594532 2.498844 5.697163 14.334750
 0.000432 1.626912 1.591877 2.495070 5.713859 15.242666
 0.000433 1.647738 1.585019 2.491295 5.724052 15.810622
 0.000433 1.664729 1.573805 2.487590 5.726124 15.927374
 0.000434 1.676896 1.559537 2.483980 5.720414 15.606701
 0.000434 1.683062 1.543327 2.480410 5.706799 14.855353
 0.000435 1.683097 1.526095 2.476884 5.686075 13.747198
 0.000435 1.677260 1.508953 2.473365 5.659578 12.392918
 0.000436 1.666585 1.493111 2.469943 5.629639 10.947238
 0.000436 1.652236 1.479807 2.466505 5.598549 9.540794
 0.000437 1.635469 1.470079 2.463153 5.568701 8.281517
 0.000437 1.617855 1.464347 2.459951 5.542152 7.236271
 0.000438 1.601076 1.462996 2.456871 5.520943 6.451926
 0.000438 1.586100 1.466206 2.453926 5.506232 5.934273
 0.000439 1.573966 1.474043 2.451160 5.499170 5.693469
 0.000439 1.564904 1.486597 2.448563 5.500065 5.723716
 0.000440 1.559556 1.503714 2.446159 5.509429 6.044941
 0.000440 1.557784 1.524324 2.443902 5.526010 6.635203
 0.000441 1.559135 1.546982 2.441771 5.547889 7.456150
 0.000441 1.563403 1.570322 2.439763 5.573488 8.477459
 0.000442 1.570570 1.592635 2.437935 5.601140 9.654313
 0.000442 1.579820 1.612276 2.436240 5.628336 10.886309
 0.000443 1.590103 1.627648 2.434674 5.652425 12.039360
 0.000443 1.600516 1.637275 2.433213 5.671004 12.968288
 0.000444 1.609890 1.640452 2.431839 5.682181 13.543748
 0.000444 1.617465 1.636184 2.430540 5.684190 13.648504
 0.000445 1.622878 1.625411 2.429349 5.677637 13.308313
 0.000445 1.625891 1.609468 2.428245 5.663604 12.594192
 0.000446 1.626051 1.589511 2.427295 5.642856 11.574409
 0.000446 1.623101 1.567072 2.426488 5.616661 10.348387
 0.000447 1.617579 1.543863 2.425755 5.587197 9.051348
 0.000447 1.610267 1.522087 2.425202 5.557555 7.834098
 0.000448 1.602045 1.503049 2.424677 5.529772 6.772951
 0.000448 1.593617 1.488196 2.424205 5.506017 5.926893
 0.000449 1.585427 1.478448 2.423825 5.487700 5.313019
 0.000449 1.578345 1.474526 2.423474 5.476346 4.949350
 0.000450 1.572791 1.476732 2.423209 5.472732 4.836305
 0.000450 1.568719 1.485180 2.423019 5.476918 4.967359
 0.000451 1.567029 1.499933 2.422818 5.489780 5.381019
 0.000451 1.567735 1.520271 2.422618 5.510624 6.086543
 0.000452 1.570533 1.545115 2.422441 5.538089 7.082514
 0.000452 1.574450 1.572305 2.422293 5.569048 8.295619
 0.000453 1.578600 1.600307 2.422215 5.601123 9.653563
 0.000453 1.582718 1.626631 2.422200 5.631549 11.036747
 0.000454 1.586204 1.649058 2.422197 5.657459 12.287669
 0.000454 1.588516 1.666169 2.422261 5.676945 13.272626
 0.000455 1.589218 1.676319 2.422364 5.687901 13.843123
 0.000455 1.588192 1.678962 2.422441 5.689595 13.932371
 0.000456 1.585471 1.674646 2.422484 5.682602 13.565664
 0.000456 1.581599 1.663681 2.422472 5.667752 12.803199
 0.000457 1.576782 1.647206 2.422373 5.646361 11.743629
 0.000457 1.571875 1.627477 2.422199 5.621551 10.572045
 0.000458 1.567287 1.606659 2.422065 5.596011 9.430266
 0.000458 1.563949 1.586305 2.422041 5.572294 8.428392
 0.000459 1.562372 1.567469 2.422158 5.551999 7.615724
 0.000459 1.563071 1.551623 2.422360 5.537054 7.043626
 0.000460 1.565957 1.539716 2.422624 5.528298 6.718802
 0.000460 1.570958 1.532382 2.422981 5.526321 6.646557
 0.000461 1.578148 1.529843 2.423375 5.531366 6.831756
 0.000461 1.587046 1.532151 2.423790 5.542987 7.268052
 0.000462 1.596827 1.539119 2.424310 5.560256 7.941395
 0.000462 1.607283 1.550021 2.425005 5.582309 8.844587
 0.000463 1.617622 1.564977 2.425817 5.608417 9.976713
 0.000463 1.626910 1.583374 2.426660 5.636944 11.291688
 0.000464 1.633888 1.604159 2.427522 5.665569 12.692964
 0.000464 1.637906 1.626304 2.428421 5.692631 14.093125
 0.000465 1.638352 1.648262 2.429256 5.715871 15.353915
 0.000465 1.634987 1.669261 2.430157 5.734405 16.398168
 0.000466 1.627914 1.687748 2.431124 5.746786 17.114877
 0.000466 1.617181 1.702593 2.432154 5.751928 17.417011
 0.000467 1.603566 1.712761 2.433255 5.749582 17.278815
 0.000467 1.587672 1.717645 2.434470 5.739788 16.707863
 0.000468 1.570736 1.717231 2.435783 5.723750 15.793631
 0.000468 1.553533 1.711560 2.437211 5.702304 14.611331
 0.000469 1.536947 1.701430 2.438786 5.677163 13.283862
 0.000469 1.521550 1.687681 2.440501 5.649733 11.907617
 0.000470 1.508373 1.671895 2.442381 5.622648 10.622563
 0.000470 1.498211 1.655309 2.444477 5.597997 9.516684
 0.000471 1.492089 1.639391 2.446765 5.578245 8.674497
 0.000471 1.490226 1.624767 2.449312 5.564305 8.103548
 0.000472 1.492626 1.612440 2.452134 5.557200 7.820060
 0.000472 1.499514 1.603270 2.455144 5.557928 7.848880
 0.000473 1.510440 1.597662 2.458386 5.566487 8.191658
 0.000473 1.524796 1.595194 2.461885 5.581875 8.826349
 0.000474 1.541846 1.595889 2.465527 5.603262 9.747768
 0.000474 1.560339 1.599248 2.469345 5.628932 10.914170
 0.000475 1.579501 1.605787 2.473396 5.658685 12.348491
 0.000475 1.597848 1.614664 2.477623 5.690135 13.960916
 0.000476 1.612940 1.624562 2.482006 5.719509 15.556180
 0.000476 1.623613 1.634704 2.486471 5.744788 16.998169
 0.000477 1.629196 1.644334 2.491043 5.764572 18.171291
 0.000477 1.629060 1.652631 2.495728 5.777418 18.953975
 0.000478 1.622460 1.659622 2.500572 5.782654 19.277714
 0.000478 1.609949 1.664774 2.505443 5.780166 19.123529
 0.000479 1.592743 1.667716 2.510451 5.770910 18.555349
 0.000479 1.572462 1.668206 2.515463 5.756131 17.665956
 0.000480 1.550670 1.666109 2.520559 5.737338 16.566579
 0.000480 1.528280 1.661887 2.525675 5.715842 15.352353
 0.000481 1.506360 1.655411 2.530804 5.692575 14.090131
 0.000481 1.485952 1.647408 2.536017 5.669377 12.885585
 0.000482 1.468568 1.638865 2.541325 5.648757 11.860049
 0.000482 1.454658 1.630261 2.546718 5.631637 11.040926
 0.000483 1.444268 1.621967 2.552155 5.618390 10.427193
 0.000483 1.437749 1.614734 2.557622 5.610105 10.052291
 0.000484 1.435287 1.608907 2.563189 5.607383 9.930580
 0.000484 1.436993 1.605002 2.568839 5.610833 10.084959
 0.000485 1.443017 1.602788 2.574556 5.620361 10.517399
 0.000485 1.453237 1.602026 2.580334 5.635597 11.227790
 0.000486 1.467659 1.602907 2.586133 5.656699 12.249983
 0.000486 1.485322 1.604937 2.591904 5.682162 13.542774
 0.000487 1.505385 1.607377 2.597647 5.710409 15.052755
 0.000487 1.526675 1.609777 2.603279 5.739731 16.704573
 0.000488 1.547915 1.612073 2.608735 5.768722 18.422326
 0.000488 1.567500 1.613545 2.613997 5.795042 20.054562
 0.000489 1.583134 1.613406 2.619114 5.815653 21.381170
 0.000489 1.592815 1.611218 2.624101 5.828134 22.205124
 0.000490 1.595618 1.606941 2.628894 5.831453 22.426852
 0.000490 1.590765 1.599914 2.633394 5.824074 21.935358
 0.000491 1.578549 1.590531 2.637657 5.806736 20.802035
 0.000491 1.559451 1.579392 2.641634 5.780476 19.142707
 0.000492 1.535672 1.566944 2.645328 5.747943 17.182644
 0.000492 1.508938 1.553935 2.648808 5.711681 15.122627
 0.000493 1.480716 1.540786 2.652015 5.673516 13.096548
 0.000493 1.452807 1.528218 2.655028 5.636053 11.249375
 0.000494 1.426823 1.516612 2.657812 5.601248 9.659052
 0.000494 1.403775 1.506973 2.660443 5.571191 8.383153
 0.000495 1.384484 1.499833 2.662865 5.547182 7.428879
 0.000495 1.370137 1.495462 2.665099 5.530697 6.807059
 0.000496 1.360771 1.494028 2.667201 5.522000 6.489922
 0.000496 1.356844 1.495425 2.669240 5.521509 6.472263
 0.000497 1.357824 1.499119 2.671199 5.528142 6.713112
 0.000497 1.363107 1.504188 2.673148 5.540443 7.171386
 0.000498 1.372676 1.509547 2.674835 5.557057 7.814421
 0.000498 1.386608 1.514011 2.676325 5.576945 8.620408
 0.000499 1.404068 1.516245 2.677596 5.597909 9.512848
 0.000499 1.424336 1.515709 2.678789 5.618834 10.447492
 0.000500 1.446394 1.511733 2.679931 5.638057 11.344673
