#! FIELDS time dAB dAC rc bias
 0.000000 2.862261 2.348524 5.210785 1.055135
 0.000000 2.865619 2.340773 5.206392 0.992288
 0.000001 2.869262 2.331564 5.200826 0.915419
 0.000001 2.872978 2.322262 5.195240 0.841397
 0.000002 2.876786 2.313801 5.190587 0.782126
 0.000002 2.880595 2.307296 5.187890 0.748758
 0.000003 2.884301 2.302994 5.187295 0.741491
 0.000003 2.887743 2.301167 5.188910 0.761284
 0.000004 2.890755 2.302081 5.192835 0.810496
 0.000004 2.893383 2.305403 5.198786 0.888034
 0.000005 2.895454 2.311001 5.206455 0.993174
 0.000005 2.896913 2.318917 5.215830 1.129696
 0.000006 2.897638 2.328604 5.226242 1.291623
 0.000006 2.897673 2.339201 5.236874 1.468159
 0.000007 2.897060 2.349781 5.246841 1.643914
 0.000007 2.895719 2.359378 5.255098 1.797037
 0.000008 2.893970 2.366447 5.260418 1.899308
 0.000008 2.892039 2.369873 5.261912 1.928553
 0.000009 2.890102 2.368457 5.258559 1.863253
 0.000009 2.888057 2.362454 5.250511 1.711130
 0.000010 2.886086 2.352282 5.238368 1.493867
 0.000010 2.884360 2.338392 5.222751 1.236130
 0.000011 2.882949 2.322451 5.205400 0.978364
 0.000011 2.881722 2.306366 5.188088 0.751185
 0.000012 2.880545 2.291185 5.171730 0.564061
 0.000012 2.879346 2.277546 5.156892 0.417469
 0.000013 2.878129 2.266538 5.144668 0.313239
 0.000013 2.876745 2.258724 5.135469 0.244662
 0.000014 2.875353 2.254433 5.129786 0.206525
 0.000014 2.873829 2.253589 5.127418 0.191584
 0.000015 2.872189 2.256439 5.128628 0.199148
 0.000015 2.870393 2.262456 5.132849 0.226679
 0.000016 2.868434 2.271364 5.139798 0.275882
 0.000016 2.866533 2.281946 5.148479 0.344132
 0.000017 2.864940 2.293348 5.158287 0.430316
 0.000017 2.863686 2.304327 5.168014 0.525274
 0.000018 2.862790 2.313138 5.175928 0.609524
 0.000018 2.862455 2.319156 5.181611 0.673886
 0.000019 2.862638 2.322088 5.184725 0.710530
 0.000019 2.863255 2.322305 5.185560 0.720508
 0.000020 2.864278 2.321058 5.185336 0.717826
 0.000020 2.865498 2.319752 5.185250 0.716792
 0.000021 2.866778 2.319133 5.185911 0.724730
 0.000021 2.868010 2.319731 5.187740 0.746922
 0.000022 2.869033 2.322131 5.191164 0.789360
 0.000022 2.869790 2.326570 5.196359 0.855984
 0.000023 2.870157 2.333025 5.203183 0.947587
 0.000023 2.870001 2.341699 5.211700 1.068467
 0.000024 2.869215 2.352346 5.221560 1.217472
 0.000024 2.867850 2.364058 5.231907 1.384279
 0.000025 2.865934 2.376810 5.242745 1.570478
 0.000025 2.863547 2.390114 5.253661 1.769897
 0.000026 2.860714 2.402735 5.263448 1.958838
 0.000026 2.857741 2.414040 5.271781 2.127227
 0.000027 2.854879 2.422651 5.277530 2.247461
 0.000027 2.852188 2.427442 5.279630 2.292218
 0.000028 2.849863 2.427547 5.277409 2.244909
 0.000028 2.848066 2.422959 5.271025 2.111679
 0.000029 2.846482 2.414595 5.261077 1.912176
 0.000029 2.845055 2.404181 5.249236 1.687625
 0.000030 2.843804 2.392773 5.236577 1.463066
 0.000030 2.842361 2.381322 5.223683 1.250826
 0.000031 2.840881 2.370405 5.211286 1.062431
 0.000031 2.839207 2.360685 5.199891 0.902822
 0.000032 2.837269 2.352952 5.190220 0.777545
 0.000032 2.835051 2.347396 5.182447 0.683627
 0.000033 2.832633 2.344523 5.177156 0.623161
 0.000033 2.829842 2.344438 5.174280 0.591469
 0.000034 2.826720 2.347074 5.173794 0.586196
 0.000034 2.823422 2.351919 5.175341 0.603059
 0.000035 2.819898 2.358764 5.178662 0.640089
 0.000035 2.816203 2.366829 5.183032 0.690487
 0.000036 2.812504 2.374592 5.187096 0.739072
 0.000036 2.808837 2.381424 5.190260 0.778040
 0.000037 2.805429 2.386318 5.191747 0.796701
 0.000037 2.802235 2.389546 5.191781 0.797126
 0.000038 2.799229 2.391518 5.190747 0.784119
 0.000038 2.796137 2.392838 5.188975 0.762088
 0.000039 2.792827 2.394374 5.187201 0.740346
 0.000039 2.789217 2.397215 5.186433 0.731029
 0.000040 2.785071 2.401130 5.186202 0.728235
 0.000040 2.780277 2.406978 5.187255 0.741007
 0.000041 2.774858 2.414291 5.189149 0.764239
 0.000041 2.768742 2.422709 5.191451 0.792967
 0.000042 2.762013 2.431637 5.193650 0.820903
 0.000042 2.754651 2.441276 5.195927 0.850335
 0.000043 2.746782 2.451522 5.198304 0.881610
 0.000043 2.738398 2.461965 5.200362 0.909160
 0.000044 2.729831 2.472669 5.202499 0.938206
 0.000044 2.721127 2.483770 5.204897 0.971338
 0.000045 2.712269 2.494479 5.206748 0.997300
 0.000045 2.703371 2.504412 5.207783 1.011971
 0.000046 2.694453 2.513357 5.207810 1.012356
 0.000046 2.685851 2.520685 5.206536 0.994318
 0.000047 2.677630 2.526542 5.204172 0.961251
 0.000047 2.669850 2.531582 5.201433 0.923648
 0.000048 2.662453 2.536005 5.198458 0.883658
 0.000048 2.655469 2.539924 5.195393 0.843387
 0.000049 2.648856 2.543552 5.192408 0.805064
 0.000049 2.642780 2.546626 5.189407 0.767434
 0.000050 2.637045 2.548761 5.185806 0.723469
 0.000050 2.631755 2.550409 5.182164 0.680322
 0.000051 2.626829 2.551799 5.178628 0.639705
 0.000051 2.622144 2.553437 5.175582 0.605710
 0.000052 2.617681 2.555149 5.172830 0.575797
 0.000052 2.613742 2.556931 5.170673 0.552883
 0.000053 2.610197 2.559040 5.169237 0.537889
 0.000053 2.607066 2.561535 5.168601 0.531313
 0.000054 2.604361 2.564819 5.169180 0.537296
 0.000054 2.602140 2.568481 5.170621 0.552343
 0.000055 2.600408 2.572742 5.173150 0.579240
 0.000055 2.599216 2.577724 5.176941 0.620758
 0.000056 2.598543 2.583258 5.181801 0.676095
 0.000056 2.598431 2.588994 5.187426 0.743081
 0.000057 2.598647 2.594969 5.193615 0.820457
 0.000057 2.599044 2.600751 5.199795 0.901529
 0.000058 2.599414 2.606340 5.205754 0.983319
 0.000058 2.599777 2.611707 5.211484 1.065316
 0.000059 2.599965 2.616325 5.216289 1.136611
 0.000059 2.599954 2.619836 5.219790 1.190009
 0.000060 2.599704 2.622304 5.222008 1.224463
 0.000060 2.599294 2.623211 5.222505 1.232257
 0.000061 2.598512 2.623064 5.221576 1.217713
 0.000061 2.597621 2.622095 5.219716 1.188868
 0.000062 2.596612 2.620538 5.217149 1.149612
 0.000062 2.595419 2.618828 5.214247 1.106032
 0.000063 2.594217 2.616781 5.210998 1.058228
 0.000063 2.593082 2.614528 5.207610 1.009520
 0.000064 2.592215 2.611981 5.204196 0.961592
 0.000064 2.591622 2.609151 5.200774 0.914718
 0.000065 2.591367 2.605575 5.196942 0.863619
 0.000065 2.591475 2.601600 5.193076 0.813560
 0.000066 2.591969 2.596895 5.188864 0.760717
 0.000066 2.592805 2.591567 5.184372 0.706319
 0.000067 2.593928 2.586230 5.180158 0.657122
 0.000067 2.595149 2.580873 5.176022 0.610565
 0.000068 2.596556 2.575979 5.172534 0.572634
 0.000068 2.598172 2.571294 5.169467 0.540273
 0.000069 2.599741 2.566961 5.166702 0.511913
 0.000069 2.601502 2.563102 5.164604 0.490908
 0.000070 2.603434 2.559924 5.163357 0.478632
 0.000070 2.605494 2.557168 5.162662 0.471853
 0.000071 2.607654 2.555133 5.162787 0.473070
 0.000071 2.609998 2.553962 5.163960 0.484551
 0.000072 2.612587 2.554036 5.166624 0.511127
 0.000072 2.615393 2.554712 5.170105 0.546925
 0.000073 2.618468 2.555979 5.174447 0.593286
 0.000073 2.621949 2.557293 5.179241 0.646659
 0.000074 2.625828 2.557678 5.183506 0.696072
 0.000074 2.629929 2.556822 5.186751 0.734884
 0.000075 2.634269 2.554665 5.188934 0.761586
 0.000075 2.638654 2.551241 5.189895 0.773497
 0.000076 2.642923 2.547480 5.190403 0.779820
 0.000076 2.646842 2.544155 5.190997 0.787254
 0.000077 2.650242 2.541408 5.191650 0.795477
 0.000077 2.653211 2.539136 5.192347 0.804288
 0.000078 2.655510 2.537598 5.193108 0.813968
 0.000078 2.657109 2.537133 5.194242 0.828506
 0.000079 2.658085 2.537911 5.195996 0.851229
 0.000079 2.658505 2.539729 5.198234 0.880686
 0.000080 2.658576 2.542382 5.200958 0.917210
 0.000080 2.658355 2.546042 5.204397 0.964380
 0.000081 2.658010 2.550745 5.208755 1.025857
 0.000081 2.657594 2.555700 5.213294 1.091899
 0.000082 2.657374 2.559803 5.217177 1.150039
 0.000082 2.657345 2.562805 5.220150 1.195563
 0.000083 2.657752 2.563917 5.221669 1.219169
 0.000083 2.658690 2.562314 5.221004 1.208806
 0.000084 2.660193 2.557958 5.218151 1.164846
 0.000084 2.662126 2.550953 5.213079 1.088726
 0.000085 2.664416 2.541899 5.206315 0.991197
 0.000085 2.666928 2.531966 5.198893 0.889460
 0.000086 2.669638 2.521460 5.191098 0.788521
 0.000086 2.672511 2.511610 5.184121 0.703344
 0.000087 2.675132 2.503154 5.178286 0.635844
 0.000087 2.677501 2.496718 5.174219 0.590806
 0.000088 2.679809 2.492380 5.172189 0.568940
 0.000088 2.682082 2.490320 5.172402 0.571213
 0.000089 2.684291 2.490857 5.175148 0.600946
 0.000089 2.686621 2.494007 5.180628 0.662524
 0.000090 2.689063 2.499472 5.188535 0.756667
 0.000090 2.691734 2.506611 5.198345 0.882159
 0.000091 2.694691 2.514280 5.208971 1.028947
 0.000091 2.698027 2.522154 5.220181 1.196038
 0.000092 2.701938 2.528334 5.230272 1.357210
 0.000092 2.706438 2.531656 5.238093 1.489126
 0.000093 2.711478 2.530977 5.242454 1.565338
 0.000093 2.717009 2.526002 5.243011 1.575194
 0.000094 2.722760 2.517182 5.239942 1.521199
 0.000094 2.728420 2.505667 5.234087 1.420790
 0.000095 2.733835 2.492305 5.226140 1.289985
 0.000095 2.738770 2.478828 5.217598 1.156426
 0.000096 2.742972 2.466672 5.209644 1.038623
 0.000096 2.746523 2.455956 5.202479 0.937932
 0.000097 2.749375 2.447113 5.196488 0.857670
 0.000097 2.751535 2.440677 5.192211 0.802571
 0.000098 2.753056 2.436777 5.189833 0.772719
 0.000098 2.753981 2.435893 5.189873 0.773222
 0.000099 2.754414 2.437504 5.191918 0.798863
 0.000099 2.754548 2.441685 5.196233 0.854337
 0.000100 2.754350 2.447773 5.202123 0.933060
 0.000100 2.753944 2.454862 5.208805 1.026573
 0.000101 2.753549 2.461980 5.215529 1.125178
 0.000101 2.753292 2.467733 5.221025 1.209134
 0.000102 2.753189 2.470902 5.224092 1.257290
 0.000102 2.753270 2.470770 5.224040 1.256470
 0.000103 2.753375 2.467461 5.220836 1.206196
 0.000103 2.753363 2.461796 5.215159 1.119631
 0.000104 2.753072 2.455208 5.208280 1.019060
 0.000104 2.752399 2.448944 5.201343 0.922434
 0.000105 2.751178 2.444241 5.195419 0.843722
 0.000105 2.749405 2.441957 5.191361 0.791838
 0.000106 2.747039 2.442356 5.189395 0.767289
 0.000106 2.744279 2.445936 5.190216 0.777483
 0.000107 2.741103 2.452528 5.193631 0.820653
 0.000107 2.737573 2.461933 5.199506 0.897655
 0.000108 2.733719 2.473717 5.207437 1.007056
 0.000108 2.729687 2.487483 5.217170 1.149928
 0.000109 2.725553 2.502879 5.228432 1.327061
 0.000109 2.721365 2.519445 5.240810 1.536380
 0.000110 2.717177 2.536387 5.253564 1.768084
 0.000110 2.713008 2.551902 5.264910 1.987873
 0.000111 2.709036 2.565251 5.274287 2.179242
 0.000111 2.705154 2.575921 5.281076 2.323271
 0.000112 2.701455 2.583765 5.285220 2.413467
 0.000112 2.697870 2.588921 5.286791 2.448096
 0.000113 2.694249 2.590938 5.285187 2.412740
 0.000113 2.690488 2.590497 5.280985 2.321325
 0.000114 2.686332 2.588527 5.274859 2.191205
 0.000114 2.681701 2.585979 5.267680 2.043496
 0.000115 2.676661 2.582977 5.259639 1.884159
 0.000115 2.671183 2.579519 5.250702 1.714664
 0.000116 2.665512 2.575779 5.241291 1.544828
 0.000116 2.659804 2.572115 5.231919 1.384474
 0.000117 2.654148 2.569010 5.223158 1.242534
 0.000117 2.648689 2.566443 5.215132 1.119226
 0.000118 2.643564 2.564659 5.208223 1.018245
 0.000118 2.638839 2.563212 5.202051 0.932068
 0.000119 2.634607 2.561681 5.196288 0.855055
 0.000119 2.631005 2.559994 5.190998 0.787276
 0.000120 2.628117 2.557888 5.186005 0.725864
 0.000120 2.626031 2.555295 5.181327 0.670594
 0.000121 2.624595 2.551716 5.176311 0.613763
 0.000121 2.623754 2.547510 5.171264 0.559121
 0.000122 2.623288 2.542897 5.166185 0.506695
 0.000122 2.623097 2.538504 5.161602 0.461610
 0.000123 2.623085 2.534728 5.157813 0.425929
 0.000123 2.623035 2.532343 5.155379 0.403755
 0.000124 2.622966 2.531619 5.154585 0.396653
 0.000124 2.622777 2.532158 5.154935 0.399777
 0.000125 2.622702 2.533701 5.156403 0.413009
 0.000125 2.622720 2.536286 5.159005 0.437001
 0.000126 2.622777 2.540109 5.162886 0.474037
 0.000126 2.622915 2.545006 5.167921 0.524325
 0.000127 2.623262 2.550506 5.173768 0.585910
 0.000127 2.623863 2.556540 5.180404 0.659943
 0.000128 2.624735 2.562577 5.187311 0.741688
 0.000128 2.625829 2.568717 5.194546 0.832420
 0.000129 2.627269 2.574467 5.201736 0.927774
 0.000129 2.628984 2.579898 5.208882 1.027669
 0.000130 2.630798 2.584275 5.215074 1.118355
 0.000130 2.632545 2.587546 5.220091 1.194657
 0.000131 2.634114 2.589347 5.223460 1.247297
 0.000131 2.635524 2.589387 5.224910 1.270309
 0.000132 2.636627 2.587684 5.224311 1.260772
 0.000132 2.637120 2.584813 5.221933 1.223301
 0.000133 2.636922 2.580807 5.217730 1.158435
 0.000133 2.635952 2.575887 5.211839 1.070504
 0.000134 2.634206 2.570149 5.204355 0.963797
 0.000134 2.631930 2.563775 5.195706 0.847454
 0.000135 2.629264 2.556691 5.185955 0.725262
 0.000135 2.626294 2.548626 5.174919 0.598441
 0.000136 2.623147 2.539846 5.162993 0.475076
 0.000136 2.619897 2.530784 5.150681 0.362643
 0.000137 2.616639 2.522061 5.138700 0.267785
 0.000137 2.613481 2.513755 5.127235 0.190457
 0.000138 2.610478 2.506339 5.116817 0.131585
 0.000138 2.607778 2.500059 5.107837 0.089548
 0.000139 2.605407 2.494995 5.100402 0.060847
 0.000139 2.603442 2.491494 5.094936 0.043273
 0.000140 2.601785 2.489642 5.091427 0.033567
 0.000140 2.600307 2.488736 5.089043 0.027673
 0.000141 2.598933 2.488884 5.087817 0.024864
 0.000141 2.597536 2.490183 5.087719 0.024647
 0.000142 2.595971 2.493214 5.089185 0.028009
 0.000142 2.594366 2.497904 5.092270 0.035786
 0.000143 2.592570 2.504175 5.096746 0.048760
 0.000143 2.590707 2.511860 5.102567 0.068634
 0.000144 2.588767 2.520248 5.109015 0.094602
 0.000144 2.586937 2.529335 5.116272 0.128804
 0.000145 2.585329 2.538788 5.124117 0.171697
 0.000145 2.583988 2.547992 5.131981 0.220869
 0.000146 2.582840 2.557279 5.140119 0.278269
 0.000146 2.582078 2.566315 5.148393 0.343421
 0.000147 2.581684 2.575218 5.156902 0.417554
 0.000147 2.581533 2.583369 5.164902 0.493864
 0.000148 2.581611 2.590336 5.171946 0.566355
 0.000148 2.581917 2.595411 5.177328 0.625085
 0.000149 2.582405 2.598694 5.181099 0.667959
 0.000149 2.582890 2.600636 5.183525 0.696297
 0.000150 2.583341 2.601200 5.184541 0.708329
 0.000150 2.583704 2.599618 5.183321 0.693889
 0.000151 2.583770 2.595744 5.179514 0.649760
 0.000151 2.583503 2.590319 5.173821 0.586491
 0.000152 2.582810 2.583417 5.166227 0.507126
 0.000152 2.581876 2.575731 5.157606 0.424020
 0.000153 2.580810 2.567373 5.148184 0.341686
 0.000153 2.579659 2.558707 5.138366 0.265347
 0.000154 2.578587 2.550105 5.128692 0.199553
 0.000154 2.577818 2.542087 5.119905 0.147904
 0.000155 2.577485 2.535046 5.112530 0.110511
 0.000155 2.577557 2.529378 5.106935 0.085771
 0.000156 2.578064 2.524964 5.103028 0.070355
 0.000156 2.579140 2.521991 5.101131 0.063418
 0.000157 2.580854 2.520532 5.101386 0.064328
 0.000157 2.583219 2.520675 5.103894 0.073639
 0.000158 2.586170 2.521823 5.107993 0.090211
 0.000158 2.589566 2.523461 5.113028 0.112863
 0.000159 2.593175 2.525840 5.119015 0.143101
 0.000159 2.596875 2.529190 5.126065 0.183303
 0.000160 2.600678 2.533734 5.134412 0.237323
 0.000160 2.604322 2.539356 5.143678 0.305452
 0.000161 2.607700 2.545488 5.153188 0.384307
 0.000161 2.610697 2.552360 5.163058 0.475707
 0.000162 2.613437 2.559798 5.173235 0.580152
 0.000162 2.615931 2.567726 5.183657 0.697850
 0.000163 2.618339 2.575710 5.194050 0.826029
 0.000163 2.620655 2.583492 5.204147 0.960910
 0.000164 2.623041 2.590983 5.214024 1.102713
 0.000164 2.625524 2.597753 5.223277 1.244401
 0.000165 2.628219 2.603267 5.231486 1.377286
 0.000165 2.631111 2.607162 5.238273 1.492226
 0.000166 2.634211 2.609500 5.243710 1.587634
 0.000166 2.637405 2.610332 5.247737 1.660205
 0.000167 2.640629 2.609357 5.249986 1.701435
 0.000167 2.643764 2.606007 5.249771 1.697471
 0.000168 2.646883 2.600081 5.246964 1.646150
 0.000168 2.649830 2.591590 5.241420 1.547093
 0.000169 2.652332 2.580594 5.232926 1.401291
 0.000169 2.654225 2.567170 5.221395 1.214896
 0.000170 2.655597 2.551661 5.207258 1.004516
 0.000170 2.656522 2.535099 5.191620 0.795097
 0.000171 2.657004 2.518449 5.175453 0.604289
 0.000171 2.656808 2.502261 5.159069 0.437599
 0.000172 2.656317 2.487789 5.144106 0.308807
 0.000172 2.655758 2.475009 5.130767 0.212874
 0.000173 2.655127 2.464308 5.119435 0.145358
 0.000173 2.654524 2.456323 5.110848 0.102743
 0.000174 2.654073 2.451144 5.105218 0.078806
 0.000174 2.653841 2.448957 5.102798 0.069494
 0.000175 2.654037 2.449564 5.103602 0.072521
 0.000175 2.654668 2.453050 5.107718 0.089045
 0.000176 2.655657 2.458973 5.114630 0.120604
 0.000176 2.657133 2.466220 5.123353 0.167248
 0.000177 2.658985 2.474074 5.133059 0.228092
 0.000177 2.661016 2.482278 5.143294 0.302459
 0.000178 2.663191 2.490852 5.154043 0.391841
 0.000178 2.665424 2.499904 5.165327 0.498102
 0.000179 2.667580 2.509249 5.176829 0.619514
 0.000179 2.669466 2.519078 5.188544 0.756773
 0.000180 2.671200 2.529560 5.200760 0.914530
 0.000180 2.672791 2.540166 5.212957 1.086921
 0.000181 2.674254 2.551064 5.225318 1.276814
 0.000181 2.675687 2.562404 5.238090 1.489072
 0.000182 2.677120 2.573735 5.250855 1.717510
 0.000182 2.678733 2.584648 5.263380 1.957493
 0.000183 2.680527 2.594899 5.275427 2.203101
 0.000183 2.682493 2.603920 5.286414 2.439761
 0.000184 2.684570 2.611678 5.296248 2.661826
 0.000184 2.686855 2.617664 5.304519 2.856091
 0.000185 2.689446 2.621924 5.311371 3.022196
 0.000185 2.692223 2.624270 5.316493 3.149437
 0.000186 2.695106 2.624357 5.319463 3.224416
 0.000186 2.698076 2.621964 5.320039 3.239071
 0.000187 2.701029 2.616742 5.317771 3.181594
 0.000187 2.703835 2.609189 5.313024 3.062981
 0.000188 2.706202 2.599854 5.306056 2.892936
 0.000188 2.708080 2.589105 5.297185 2.683505
 0.000189 2.709336 2.577323 5.286659 2.445185
 0.000189 2.709927 2.565729 5.275656 2.207910
 0.000190 2.710040 2.554650 5.264690 1.983483
 0.000190 2.709890 2.544721 5.254612 1.787839
 0.000191 2.709377 2.536126 5.245504 1.619754
 0.000191 2.708543 2.529289 5.237832 1.484623
 0.000192 2.707579 2.524603 5.232182 1.388859
 0.000192 2.706571 2.522370 5.228941 1.335359
 0.000193 2.705390 2.522874 5.228264 1.324328
 0.000193 2.704125 2.526158 5.230284 1.357400
 0.000194 2.702865 2.531457 5.234322 1.424746
 0.000194 2.701569 2.538628 5.240197 1.525645
 0.000195 2.700357 2.547279 5.247636 1.658368
 0.000195 2.699087 2.556215 5.255303 1.800928
 0.000196 2.697688 2.565220 5.262908 1.948152
 0.000196 2.695939 2.573759 5.269698 2.084482
 0.000197 2.693618 2.581837 5.275455 2.203700
 0.000197 2.690569 2.589411 5.279980 2.299708
 0.000198 2.686533 2.596645 5.283178 2.368816
 0.000198 2.681679 2.603252 5.284931 2.407123
 0.000199 2.676019 2.609447 5.285466 2.418865
 0.000199 2.669586 2.614727 5.284314 2.393595
 0.000200 2.662556 2.619633 5.282189 2.347322
 0.000200 2.655116 2.624138 5.279255 2.284190
 0.000201 2.647385 2.627848 5.275233 2.199037
 0.000201 2.639417 2.630936 5.270353 2.097879
 0.000202 2.631338 2.633041 5.264379 1.977306
 0.000202 2.623337 2.634239 5.257576 1.844331
 0.000203 2.615484 2.634369 5.249852 1.698974
 0.000203 2.607806 2.633461 5.241267 1.544396
 0.000204 2.600404 2.631527 5.231931 1.384673
 0.000204 2.593209 2.628229 5.221437 1.215550
 0.000205 2.586236 2.623838 5.210074 1.044828
 0.000205 2.579398 2.618468 5.197865 0.875802
 0.000206 2.572577 2.612412 5.184989 0.713677
 0.000206 2.565585 2.605362 5.170946 0.555765
 0.000207 2.558187 2.597653 5.155839 0.407903
 0.000207 2.550428 2.589840 5.140268 0.279383
 0.000208 2.542274 2.582420 5.124694 0.175094
 0.000208 2.533954 2.575913 5.109867 0.098347
 0.000209 2.525815 2.570391 5.096206 0.047090
 0.000209 2.517978 2.566362 5.084340 0.017715
 0.000210 2.510548 2.563964 5.074512 0.004045
 0.000210 2.503633 2.563562 5.067196 0.000141
 0.000211 2.497547 2.565297 5.062845 0.000357
 0.000211 2.492254 2.569058 5.061312 0.000884
 0.000212 2.487834 2.575479 5.063312 0.000243
 0.000212 2.484344 2.583976 5.068320 0.000393
 0.000213 2.481842 2.593614 5.075456 0.004939
 0.000213 2.480147 2.604061 5.084208 0.017467
 0.000214 2.479129 2.615250 5.094379 0.041650
 0.000214 2.478692 2.627005 5.105697 0.080721
 0.000215 2.478660 2.638706 5.117366 0.134416
 0.000215 2.478901 2.649850 5.128751 0.199926
 0.000216 2.479117 2.660404 5.139522 0.273833
 0.000216 2.479494 2.670012 5.149506 0.352706
 0.000217 2.479722 2.678372 5.158095 0.428530
 0.000217 2.479771 2.685916 5.165687 0.501702
 0.000218 2.479812 2.692019 5.171831 0.565128
 0.000218 2.479891 2.696495 5.176386 0.614599
 0.000219 2.480124 2.699638 5.179762 0.652589
 0.000219 2.480413 2.701830 5.182243 0.681245
 0.000220 2.480950 2.702762 5.183712 0.698501
 0.000220 2.481704 2.703229 5.184933 0.713003
 0.000221 2.482827 2.702891 5.185718 0.722410
 0.000221 2.484504 2.701216 5.185720 0.722433
 0.000222 2.486660 2.698682 5.185342 0.717896
 0.000222 2.489288 2.695691 5.184979 0.713560
 0.000223 2.492302 2.692361 5.184663 0.709783
 0.000223 2.495500 2.688573 5.184073 0.702774
 0.000224 2.498840 2.684684 5.183524 0.696277
 0.000224 2.502213 2.680794 5.183007 0.690196
 0.000225 2.505456 2.677413 5.182869 0.688569
 0.000225 2.508308 2.674680 5.182989 0.689976
 0.000226 2.510654 2.672439 5.183094 0.691209
 0.000226 2.512288 2.671278 5.183566 0.696772
 0.000227 2.513362 2.671437 5.184799 0.711406
 0.000227 2.514011 2.672753 5.186764 0.735033
 0.000228 2.514441 2.675038 5.189479 0.768325
 0.000228 2.514692 2.678351 5.193044 0.813148
 0.000229 2.514894 2.682765 5.197660 0.873080
 0.000229 2.515044 2.688382 5.203426 0.950935
 0.000230 2.515209 2.694802 5.210011 1.043927
 0.000230 2.515340 2.701543 5.216883 1.145577
 0.000231 2.515417 2.708426 5.223843 1.253352
 0.000231 2.515574 2.715235 5.230809 1.366067
 0.000232 2.515807 2.721252 5.237060 1.471338
 0.000232 2.515858 2.726693 5.242551 1.567050
 0.000233 2.515843 2.731611 5.247454 1.655046
 0.000233 2.515600 2.735935 5.251535 1.730129
 0.000234 2.515030 2.738920 5.253950 1.775345
 0.000234 2.513922 2.740241 5.254163 1.779356
 0.000235 2.512128 2.739614 5.251741 1.733969
 0.000235 2.509597 2.737003 5.246600 1.639551
 0.000236 2.506493 2.731945 5.238438 1.495077
 0.000236 2.502773 2.724542 5.227315 1.308932
 0.000237 2.498423 2.715290 5.213713 1.098094
 0.000237 2.493709 2.703950 5.197659 0.873071
 0.000238 2.488825 2.690581 5.179406 0.648536
 0.000238 2.483970 2.675472 5.159442 0.441098
 0.000239 2.479276 2.658991 5.138267 0.264626
 0.000239 2.474855 2.641609 5.116464 0.129778
 0.000240 2.470772 2.623500 5.094273 0.041344
 0.000240 2.467042 2.605223 5.072265 0.002276
 0.000241 2.463671 2.587132 5.050803 0.010825
 0.000241 2.460682 2.569993 5.030675 0.060698
 0.000242 2.458035 2.554249 5.012284 0.141688
 0.000242 2.455704 2.539963 4.995667 0.243952
 0.000243 2.453836 2.527552 4.981388 0.353887
 0.000243 2.452281 2.517456 4.969737 0.458694
 0.000244 2.450745 2.510342 4.961087 0.545285
 0.000244 2.449212 2.506151 4.955363 0.606698
 0.000245 2.447761 2.504784 4.952545 0.638138
 0.000245 2.446362 2.506304 4.952666 0.636774
 0.000246 2.445158 2.510472 4.955630 0.603762
 0.000246 2.444426 2.517634 4.962060 0.535169
 0.000247 2.444238 2.527560 4.971799 0.439157
 0.000247 2.444733 2.540187 4.984920 0.324796
 0.000248 2.445935 2.555138 5.001073 0.207655
 0.000248 2.447941 2.572398 5.020339 0.102055
 0.000249 2.450851 2.590886 5.041736 0.028276
 0.000249 2.454521 2.610994 5.065516 0.000000
 0.000250 2.458879 2.632550 5.091430 0.033573
 0.000250 2.463821 2.653770 5.117591 0.135581
 0.000251 2.469353 2.674674 5.144027 0.308190
 0.000251 2.475346 2.694756 5.170102 0.546902
 0.000252 2.481613 2.713554 5.195167 0.840457
 0.000252 2.488103 2.730816 5.218919 1.176599
 0.000253 2.494557 2.745929 5.240485 1.530689
 0.000253 2.500896 2.758824 5.259720 1.885731
 0.000254 2.506839 2.768960 5.275800 2.210935
 0.000254 2.512381 2.775698 5.288080 2.476699
 0.000255 2.517718 2.779124 5.296842 2.675562
 0.000255 2.522729 2.779523 5.302252 2.802176
 0.000256 2.527667 2.777348 5.305015 2.867963
 0.000256 2.532808 2.772666 5.305474 2.878963
 0.000257 2.538158 2.765407 5.303565 2.833346
 0.000257 2.543701 2.756022 5.299722 2.742599
 0.000258 2.549531 2.745335 5.294866 2.630049
 0.000258 2.555632 2.733535 5.289166 2.500947
 0.000259 2.561969 2.721006 5.282975 2.364394
 0.000259 2.568526 2.707920 5.276446 2.224538
 0.000260 2.575220 2.695200 5.270419 2.099244
 0.000260 2.581964 2.683533 5.265497 1.999595
 0.000261 2.588634 2.673405 5.262039 1.931039
 0.000261 2.595043 2.665219 5.260262 1.896276
 0.000262 2.601131 2.659002 5.260133 1.893765
 0.000262 2.606681 2.654783 5.261464 1.919753
 0.000263 2.611461 2.652476 5.263937 1.968514
 0.000263 2.615185 2.652189 5.267373 2.037297
 0.000264 2.618134 2.653980 5.272115 2.134129
 0.000264 2.620467 2.657174 5.277641 2.249814
 0.000265 2.622311 2.661284 5.283595 2.377900
 0.000265 2.623814 2.665884 5.289698 2.512843
 0.000266 2.625180 2.670677 5.295857 2.652821
 0.000266 2.626651 2.675863 5.302514 2.808374
 0.000267 2.628109 2.680894 5.309004 2.964279
 0.000267 2.629603 2.685737 5.315339 3.120553
 0.000268 2.631103 2.690667 5.321770 3.283279
 0.000268 2.632633 2.695542 5.328175 3.449452
 0.000269 2.634187 2.700106 5.334293 3.612011
 0.000269 2.635765 2.704089 5.339854 3.763025
 0.000270 2.637083 2.707371 5.344454 3.890290
 0.000270 2.638095 2.710060 5.348155 3.994196
 0.000271 2.638550 2.711663 5.350213 4.052575
 0.000271 2.638271 2.711957 5.350228 4.053009
 0.000272 2.637158 2.711025 5.348184 3.995011
 0.000272 2.635191 2.708596 5.343787 3.871695
 0.000273 2.632433 2.704258 5.336691 3.676755
 0.000273 2.629087 2.697887 5.326974 3.417984
 0.000274 2.625425 2.689659 5.315084 3.114180
 0.000274 2.621518 2.679560 5.301078 2.774444
 0.000275 2.617643 2.667246 5.284889 2.406193
 0.000275 2.614011 2.652475 5.266486 2.019427
 0.000276 2.610847 2.636041 5.246889 1.644778
 0.000276 2.608231 2.618896 5.227127 1.305892
 0.000277 2.606138 2.602237 5.208374 1.020409
 0.000277 2.604698 2.586719 5.191417 0.792543
 0.000278 2.603783 2.572507 5.176290 0.613536
 0.000278 2.603461 2.560899 5.164359 0.488489
 0.000279 2.603575 2.552416 5.155991 0.409275
 0.000279 2.604036 2.547218 5.151253 0.367535
 0.000280 2.604758 2.545409 5.150167 0.358281
 0.000280 2.605626 2.546732 5.152358 0.377064
 0.000281 2.606296 2.551246 5.157542 0.423426
 0.000281 2.606611 2.558640 5.165251 0.497340
 0.000282 2.606699 2.568077 5.174775 0.596868
 0.000282 2.606536 2.579129 5.185664 0.721767
 0.000283 2.606431 2.590870 5.197301 0.868347
 0.000283 2.606506 2.602261 5.208768 1.026034
 0.000284 2.606898 2.612640 5.219538 1.186127
 0.000284 2.607780 2.621367 5.229146 1.338726
 0.000285 2.609279 2.628236 5.237515 1.479158
 0.000285 2.611443 2.633379 5.244822 1.607506
 0.000286 2.614177 2.637134 5.251311 1.725967
 0.000286 2.617295 2.639720 5.257015 1.833563
 0.000287 2.620755 2.641294 5.262049 1.931232
 0.000287 2.624368 2.642279 5.266647 2.022665
 0.000288 2.628167 2.642705 5.270872 2.108538
 0.000288 2.632141 2.642780 5.274921 2.192489
 0.000289 2.636044 2.642105 5.278149 2.260617
 0.000289 2.639765 2.640961 5.280726 2.315743
 0.000290 2.643104 2.639079 5.282182 2.347188
 0.000290 2.645869 2.636261 5.282130 2.346062
 0.000291 2.647900 2.632485 5.280385 2.308401
 0.000291 2.649372 2.627575 5.276948 2.235144
 0.000292 2.650398 2.621218 5.271616 2.123828
 0.000292 2.651021 2.613426 5.264447 1.978643
 0.000293 2.651404 2.604163 5.255567 1.805944
 0.000293 2.651655 2.593334 5.244988 1.610492
 0.000294 2.652102 2.581288 5.233390 1.409062
 0.000294 2.652661 2.568524 5.221184 1.211612
 0.000295 2.653518 2.556101 5.209619 1.038265
 0.000295 2.654645 2.544163 5.198808 0.888323
 0.000296 2.656034 2.533269 5.189303 0.766141
 0.000296 2.657474 2.524081 5.181555 0.673240
 0.000297 2.659035 2.517340 5.176376 0.614478
 0.000297 2.660558 2.513990 5.174548 0.594383
 0.000298 2.661854 2.513738 5.175592 0.605817
 0.000298 2.662785 2.516510 5.179295 0.647271
 0.000299 2.663349 2.522029 5.185378 0.718330
 0.000299 2.663301 2.530231 5.193532 0.819384
 0.000300 2.662641 2.540543 5.203184 0.947610
 0.000300 2.661318 2.552499 5.213817 1.099638
 0.000301 2.659339 2.565261 5.224600 1.265369
 0.000301 2.656824 2.577947 5.234771 1.432334
 0.000302 2.654061 2.589692 5.243753 1.588394
 0.000302 2.651189 2.599967 5.251156 1.723090
 0.000303 2.648257 2.608143 5.256399 1.821802
 0.000303 2.645475 2.614076 5.259551 1.882460
 0.000304 2.642813 2.618230 5.261043 1.911520
 0.000304 2.640263 2.620984 5.261247 1.915507
 0.000305 2.637710 2.622488 5.260198 1.895036
 0.000305 2.635230 2.622903 5.258133 1.855045
 0.000306 2.632781 2.622084 5.254865 1.792637
 0.000306 2.630301 2.620708 5.251008 1.720347
 0.000307 2.627646 2.618799 5.246445 1.636745
 0.000307 2.624658 2.616229 5.240887 1.537730
 0.000308 2.621162 2.613701 5.234863 1.433901
 0.000308 2.617327 2.611161 5.228488 1.327977
 0.000309 2.613020 2.608205 5.221225 1.212247
 0.000309 2.608428 2.605073 5.213501 1.094958
 0.000310 2.603607 2.601681 5.205289 0.976800
 0.000310 2.598674 2.598060 5.196734 0.860890
 0.000311 2.593791 2.594558 5.188349 0.754385
 0.000311 2.589147 2.590745 5.179892 0.654076
 0.000312 2.584936 2.586445 5.171381 0.560356
 0.000312 2.581229 2.582231 5.163460 0.479640
 0.000313 2.578121 2.578599 5.156720 0.415893
 0.000313 2.575562 2.575119 5.150681 0.362642
 0.000314 2.573514 2.572494 5.146008 0.323938
 0.000314 2.571999 2.570974 5.142973 0.299970
 0.000315 2.570859 2.570683 5.141541 0.288983
 0.000315 2.570115 2.571615 5.141730 0.290420
 0.000316 2.569645 2.573762 5.143407 0.303344
 0.000316 2.569249 2.577054 5.146303 0.326319
 0.000317 2.568971 2.580874 5.149845 0.355558
 0.000317 2.568670 2.585541 5.154211 0.393327
 0.000318 2.568289 2.590779 5.159068 0.437586
 0.000318 2.567756 2.596360 5.164116 0.486084
 0.000319 2.567104 2.602328 5.169432 0.539915
 0.000319 2.566421 2.608375 5.174796 0.597092
 0.000320 2.565871 2.614595 5.180465 0.660651
 0.000320 2.565492 2.620773 5.186265 0.729000
 0.000321 2.565552 2.626139 5.191691 0.795994
 0.000321 2.565994 2.630872 5.196866 0.862626
 0.000322 2.566721 2.634439 5.201160 0.919948
 0.000322 2.567763 2.636892 5.204655 0.967965
 0.000323 2.568981 2.637682 5.206663 0.996112
 0.000323 2.570416 2.636785 5.207201 1.003712
 0.000324 2.571953 2.634057 5.206010 0.986914
 0.000324 2.573510 2.629172 5.202682 0.940711
 0.000325 2.575027 2.621964 5.196991 0.864268
 0.000325 2.576343 2.612543 5.188885 0.760986
 0.000326 2.577547 2.600933 5.178479 0.638022
 0.000326 2.578481 2.587963 5.166444 0.509311
 0.000327 2.579000 2.573815 5.152816 0.381050
 0.000327 2.579201 2.558647 5.137848 0.261585
 0.000328 2.579109 2.543233 5.122343 0.161456
 0.000328 2.578700 2.528148 5.106848 0.085412
 0.000329 2.578044 2.513502 5.091546 0.033875
 0.000329 2.577378 2.499249 5.076627 0.006172
 0.000330 2.576867 2.485793 5.062660 0.000408
 0.000330 2.576716 2.473806 5.050522 0.011244
 0.000331 2.576988 2.463806 5.040794 0.030562
 0.000331 2.577766 2.455519 5.033285 0.051945
 0.000332 2.579117 2.449417 5.028534 0.068387
 0.000332 2.580954 2.445472 5.026426 0.076404
 0.000333 2.583336 2.444124 5.027460 0.072418
 0.000333 2.586076 2.446028 5.032104 0.055823
 0.000334 2.589029 2.451391 5.040420 0.031492
 0.000334 2.591990 2.459944 5.051934 0.009225
 0.000335 2.595015 2.471308 5.066323 0.000032
 0.000335 2.598006 2.485286 5.083291 0.015796
 0.000336 2.600795 2.501472 5.102268 0.067529
 0.000336 2.603457 2.519243 5.122700 0.163496
 0.000337 2.605975 2.538195 5.144170 0.309312
 0.000337 2.608213 2.558034 5.166247 0.507326
 0.000338 2.610192 2.577787 5.187979 0.749846
 0.000338 2.612099 2.596820 5.208919 1.028210
 0.000339 2.613926 2.614455 5.228381 1.326230
 0.000339 2.615797 2.630071 5.245868 1.626325
 0.000340 2.617931 2.643507 5.261438 1.919241
 0.000340 2.620429 2.654495 5.274924 2.192552
 0.000341 2.623068 2.662608 5.285676 2.423502
 0.000341 2.625888 2.667978 5.293866 2.607148
 0.000342 2.628850 2.671281 5.300131 2.752175
 0.000342 2.631924 2.672470 5.304394 2.853101
 0.000343 2.634960 2.671364 5.306324 2.899387
 0.000343 2.637928 2.667945 5.305874 2.888563
 0.000344 2.640846 2.661991 5.302836 2.816020
 0.000344 2.643672 2.653927 5.297599 2.693098
 0.000345 2.646351 2.644284 5.290635 2.533893
 0.000345 2.648828 2.633533 5.282361 2.351060
 0.000346 2.651108 2.621567 5.272675 2.145723
 0.000346 2.653253 2.608826 5.262078 1.931810
 0.000347 2.655367 2.596091 5.251458 1.728698
 0.000347 2.657511 2.583574 5.241085 1.541197
 0.000348 2.659746 2.571210 5.230956 1.368496
 0.000348 2.662067 2.558625 5.220692 1.203957
 0.000349 2.664725 2.545929 5.210654 1.053228
 0.000349 2.667799 2.533000 5.200800 0.915066
 0.000350 2.671354 2.519723 5.191077 0.788262
 0.000350 2.675202 2.506643 5.181845 0.676608
 0.000351 2.679299 2.494252 5.173551 0.583559
 0.000351 2.683613 2.483550 5.167163 0.516594
 0.000352 2.688151 2.474820 5.162970 0.474855
 0.000352 2.692825 2.468526 5.161351 0.459210
 0.000353 2.697396 2.464979 5.162375 0.469074
 0.000353 2.701673 2.464106 5.165779 0.502621
 0.000354 2.705506 2.466001 5.171507 0.561693
 0.000354 2.708886 2.470324 5.179211 0.646308
 0.000355 2.711650 2.476860 5.188510 0.756362
 0.000355 2.713956 2.485302 5.199258 0.894334
 0.000356 2.715834 2.494989 5.210823 1.055691
 0.000356 2.717082 2.505067 5.222149 1.226681
 0.000357 2.717935 2.514143 5.232079 1.387138
 0.000357 2.718493 2.521769 5.240262 1.526793
 0.000358 2.718808 2.527196 5.246005 1.628789
 0.000358 2.718890 2.529438 5.248328 1.670988
 0.000359 2.718807 2.528241 5.247047 1.647660
 0.000359 2.718601 2.523972 5.242573 1.567434
 0.000360 2.718195 2.517520 5.235715 1.448361
 0.000360 2.717569 2.509645 5.227214 1.307287
 0.000361 2.716694 2.500785 5.217479 1.154624
 0.000361 2.715674 2.491240 5.206914 0.999657
 0.000362 2.714265 2.481744 5.196009 0.851406
 0.000362 2.712384 2.472966 5.185350 0.717994
 0.000363 2.710051 2.465595 5.175646 0.606414
 0.000363 2.707242 2.460218 5.167460 0.519615
 0.000364 2.704043 2.456724 5.160768 0.453631
 0.000364 2.700556 2.455489 5.156045 0.409764
 0.000365 2.696915 2.456611 5.153526 0.387276
 0.000365 2.693218 2.460241 5.153459 0.386684
 0.000366 2.689622 2.465759 5.155381 0.403777
 0.000366 2.686181 2.472161 5.158342 0.430818
 0.000367 2.683124 2.477993 5.161117 0.456964
 0.000367 2.680624 2.482968 5.163592 0.480934
 0.000368 2.678530 2.486671 5.165202 0.496851
 0.000368 2.676868 2.489547 5.166414 0.509012
 0.000369 2.675734 2.491653 5.167387 0.518871
 0.000369 2.675108 2.492952 5.168060 0.525747
 0.000370 2.674921 2.494233 5.169154 0.537029
 0.000370 2.675055 2.496277 5.171333 0.559849
 0.000371 2.675454 2.499683 5.175137 0.600827
 0.000371 2.675980 2.504497 5.180477 0.660791
 0.000372 2.676512 2.510143 5.186656 0.733724
 0.000372 2.677120 2.516100 5.193219 0.815389
 0.000373 2.677713 2.522540 5.200253 0.907685
 0.000373 2.678290 2.529139 5.207429 1.006951
 0.000374 2.678836 2.536451 5.215288 1.121558
 0.000374 2.679484 2.543700 5.223184 1.242939
 0.000375 2.680292 2.550379 5.230671 1.363783
 0.000375 2.681172 2.555969 5.237141 1.472741
 0.000376 2.682227 2.560160 5.242387 1.564141
 0.000376 2.683282 2.561934 5.245215 1.614570
 0.000377 2.684441 2.560614 5.245054 1.611674
 0.000377 2.685706 2.556068 5.241773 1.553308
 0.000378 2.687130 2.548001 5.235131 1.438447
 0.000378 2.688693 2.536879 5.225572 1.280872
 0.000379 2.690384 2.523350 5.213734 1.098408
 0.000379 2.692057 2.508846 5.200902 0.916457
 0.000380 2.693563 2.493623 5.187185 0.740155
 0.000380 2.694864 2.478792 5.173656 0.584697
 0.000381 2.695756 2.465102 5.160858 0.454494
 0.000381 2.696189 2.453076 5.149265 0.350683
 0.000382 2.696168 2.443539 5.139706 0.275200
 0.000382 2.695759 2.436798 5.132557 0.224719
 0.000383 2.694949 2.432631 5.127580 0.192590
 0.000383 2.693811 2.430901 5.124712 0.175200
 0.000384 2.692273 2.431556 5.123829 0.170014
 0.000384 2.690324 2.434429 5.124753 0.175442
 0.000385 2.688227 2.439530 5.127757 0.193691
 0.000385 2.685991 2.446285 5.132276 0.222840
 0.000386 2.683482 2.453864 5.137346 0.257969
 0.000386 2.680990 2.461975 5.142965 0.299907
 0.000387 2.678577 2.470685 5.149262 0.350658
 0.000387 2.676267 2.479718 5.155985 0.409221
 0.000388 2.673926 2.489050 5.162976 0.474910
 0.000388 2.671344 2.499271 5.170615 0.552277
 0.000389 2.668571 2.510279 5.178850 0.642216
 0.000389 2.665542 2.522250 5.187791 0.747548
 0.000390 2.662232 2.535195 5.197427 0.870008
 0.000390 2.658552 2.549444 5.207996 1.015008
 0.000391 2.654577 2.564646 5.219223 1.181272
 0.000391 2.650334 2.579766 5.230100 1.354373
 0.000392 2.645743 2.594779 5.240522 1.531332
 0.000392 2.640766 2.609414 5.250180 1.705015
 0.000393 2.635702 2.622864 5.258565 1.863380
 0.000393 2.630518 2.634736 5.265254 1.994738
 0.000394 2.625109 2.645162 5.270271 2.096202
 0.000394 2.619771 2.653718 5.273489 2.162610
 0.000395 2.614519 2.660161 5.274680 2.187446
 0.000395 2.609422 2.664911 5.274332 2.180188
 0.000396 2.604536 2.667489 5.272024 2.132262
 0.000396 2.599875 2.667113 5.266988 2.029514
 0.000397 2.595416 2.663724 5.259140 1.874492
 0.000397 2.591100 2.658039 5.249139 1.685846
 0.000398 2.586984 2.650264 5.237248 1.474574
 0.000398 2.582983 2.640933 5.223916 1.254515
 0.000399 2.578924 2.630267 5.209191 1.032109
 0.000399 2.574890 2.618685 5.193575 0.819935
 0.000400 2.570911 2.606747 5.177658 0.628778
 0.000400 2.566875 2.594783 5.161658 0.462155
 0.000401 2.562976 2.583173 5.146149 0.325076
 0.000401 2.559120 2.572266 5.131385 0.216931
 0.000402 2.555401 2.562511 5.117912 0.137262
 0.000402 2.551792 2.554101 5.105893 0.081511
 0.000403 2.548503 2.547010 5.095513 0.044987
 0.000403 2.545603 2.541189 5.086792 0.022632
 0.000404 2.543196 2.536899 5.080095 0.010625
 0.000404 2.541410 2.533727 5.075137 0.004627
 0.000405 2.540130 2.531452 5.071582 0.001839
 0.000405 2.539410 2.529938 5.069348 0.000734
 0.000406 2.539454 2.528392 5.067846 0.000271
 0.000406 2.540237 2.526827 5.067064 0.000120
 0.000407 2.541525 2.525806 5.067331 0.000164
 0.000407 2.543203 2.525494 5.068697 0.000506
 0.000408 2.545097 2.526331 5.071429 0.001747
 0.000408 2.547096 2.528198 5.075294 0.004780
 0.000409 2.549214 2.531662 5.080875 0.011794
 0.000409 2.551514 2.536490 5.088005 0.025284
 0.000410 2.554059 2.542285 5.096344 0.047513
 0.000410 2.556931 2.548978 5.105909 0.081574
 0.000411 2.559992 2.556211 5.116203 0.128454
 0.000411 2.563200 2.563879 5.127079 0.189493
 0.000412 2.566529 2.571235 5.137764 0.260977
 0.000412 2.570046 2.578239 5.148285 0.342529
 0.000413 2.573667 2.584872 5.158539 0.432653
 0.000413 2.577467 2.590281 5.167748 0.522554
 0.000414 2.581276 2.594112 5.175388 0.603577
 0.000414 2.585213 2.596155 5.181368 0.671074
 0.000415 2.589307 2.596581 5.185887 0.724449
 0.000415 2.593468 2.594830 5.188298 0.753755
 0.000416 2.597798 2.591083 5.188881 0.760935
 0.000416 2.602161 2.585442 5.187602 0.745238
 0.000417 2.606466 2.578424 5.184890 0.712495
 0.000417 2.610768 2.570541 5.181309 0.670382
 0.000418 2.614943 2.561969 5.176912 0.620434
 0.000418 2.618794 2.553785 5.172579 0.573112
 0.000419 2.622412 2.546352 5.168763 0.532989
 0.000419 2.625749 2.539334 5.165083 0.495667
 0.000420 2.628886 2.533262 5.162148 0.466871
 0.000420 2.631820 2.528215 5.160035 0.446683
 0.000421 2.634442 2.524382 5.158824 0.435311
 0.000421 2.636937 2.521685 5.158622 0.433429
 0.000422 2.639325 2.520121 5.159446 0.441127
 0.000422 2.641707 2.519700 5.161407 0.459739
 0.000423 2.644046 2.520168 5.164213 0.487046
 0.000423 2.646366 2.521372 5.167738 0.522449
 0.000424 2.648986 2.522577 5.171562 0.562279
 0.000424 2.651739 2.523151 5.174890 0.598118
 0.000425 2.654529 2.522869 5.177398 0.625871
 0.000425 2.657245 2.521071 5.178316 0.636176
 0.000426 2.659874 2.518105 5.177979 0.632383
 0.000426 2.662354 2.514579 5.176933 0.620678
 0.000427 2.664604 2.511015 5.175619 0.606118
 0.000427 2.666623 2.508104 5.174727 0.596335
 0.000428 2.668392 2.505653 5.174045 0.588918
 0.000428 2.669735 2.503803 5.173538 0.583429
 0.000429 2.670721 2.502589 5.173311 0.580973
 0.000429 2.671295 2.501912 5.173207 0.579856
 0.000430 2.671554 2.501932 5.173486 0.582862
 0.000430 2.671653 2.502572 5.174225 0.590866
 0.000431 2.671730 2.503552 5.175281 0.602406
 0.000431 2.671921 2.505028 5.176949 0.620853
 0.000432 2.672139 2.506268 5.178407 0.637207
 0.000432 2.672340 2.506801 5.179141 0.645517
 0.000433 2.672745 2.506339 5.179084 0.644869
 0.000433 2.673277 2.504548 5.177825 0.630648
 0.000434 2.673791 2.501266 5.175057 0.599948
 0.000434 2.674268 2.496216 5.170483 0.550893
 0.000435 2.674603 2.489225 5.163828 0.483255
 0.000435 2.674918 2.480858 5.155776 0.407334
 0.000436 2.675015 2.472293 5.147308 0.334487
 0.000436 2.675023 2.464002 5.139025 0.270171
 0.000437 2.674807 2.456500 5.131308 0.216419
 0.000437 2.674397 2.449844 5.124241 0.172425
 0.000438 2.673788 2.444300 5.118089 0.138188
 0.000438 2.673002 2.440664 5.113666 0.115915
 0.000439 2.672026 2.439082 5.111108 0.103925
 0.000439 2.670878 2.439740 5.110619 0.101706
 0.000440 2.669700 2.442874 5.112574 0.110717
 0.000440 2.668569 2.448451 5.117020 0.132627
 0.000441 2.667365 2.455916 5.123280 0.166827
 0.000441 2.666247 2.464705 5.130952 0.214084
 0.000442 2.665431 2.474398 5.139829 0.276109
 0.000442 2.664915 2.484770 5.149685 0.354214
 0.000443 2.664716 2.494864 5.159579 0.442382
 0.000443 2.664793 2.504204 5.168997 0.535406
 0.000444 2.664928 2.512176 5.177104 0.622578
 0.000444 2.665224 2.519089 5.184312 0.705616
 0.000445 2.665714 2.524983 5.190697 0.783504
 0.000445 2.666246 2.529595 5.195840 0.849207
 0.000446 2.666721 2.533325 5.200046 0.904901
 0.000446 2.667158 2.536459 5.203617 0.953581
 0.000447 2.667286 2.539000 5.206285 0.990781
 0.000447 2.667159 2.541099 5.208259 1.018755
 0.000448 2.666776 2.542625 5.209400 1.035116
 0.000448 2.666325 2.543496 5.209820 1.041168
 0.000449 2.665700 2.543952 5.209653 1.038750
 0.000449 2.664891 2.544352 5.209243 1.032849
 0.000450 2.664057 2.544425 5.208482 1.021941
 0.000450 2.663262 2.543562 5.206824 0.998383
 0.000451 2.662570 2.542457 5.205027 0.973150
 0.000451 2.662186 2.541013 5.203199 0.947816
 0.000452 2.661969 2.538880 5.200849 0.915740
 0.000452 2.661864 2.536383 5.198246 0.880852
 0.000453 2.661872 2.533096 5.194968 0.837877
 0.000453 2.662058 2.528818 5.190876 0.785747
 0.000454 2.662394 2.524025 5.186419 0.730861
 0.000454 2.662783 2.519091 5.181874 0.676943
 0.000455 2.662979 2.514823 5.177803 0.630403
 0.000455 2.662889 2.511566 5.174456 0.593382
 0.000456 2.662461 2.509899 5.172361 0.570776
 0.000456 2.661709 2.510070 5.171778 0.564568
 0.000457 2.660737 2.512124 5.172860 0.576126
 0.000457 2.659711 2.515676 5.175386 0.603562
 0.000458 2.658529 2.521154 5.179683 0.651686
 0.000458 2.657272 2.528135 5.185406 0.718668
 0.000459 2.655998 2.536937 5.192935 0.811762
 0.000459 2.654770 2.547398 5.202168 0.933673
 0.000460 2.653524 2.559225 5.212749 1.083867
 0.000460 2.652291 2.571779 5.224070 1.256943
 0.000461 2.651285 2.584810 5.236095 1.454837
 0.000461 2.650503 2.597685 5.248188 1.668435
 0.000462 2.649821 2.609623 5.259444 1.880375
 0.000462 2.649212 2.621001 5.270213 2.095020
 0.000463 2.648355 2.631768 5.280124 2.302799
 0.000463 2.647343 2.641458 5.288801 2.492788
 0.000464 2.646113 2.649630 5.295743 2.650194
 0.000464 2.644649 2.656648 5.301297 2.779611
 0.000465 2.642966 2.662335 5.305301 2.874820
 0.000465 2.640932 2.666517 5.307449 2.926549
 0.000466 2.638654 2.669035 5.307690 2.932371
 0.000466 2.636209 2.669385 5.305594 2.881842
 0.000467 2.633519 2.668010 5.301529 2.785072
 0.000467 2.630656 2.664686 5.295342 2.640982
 0.000468 2.627818 2.659123 5.286941 2.451431
 0.000468 2.625007 2.652225 5.277233 2.241172
 0.000469 2.622214 2.643949 5.266164 2.012947
 0.000469 2.619496 2.634558 5.254055 1.777318
 0.000470 2.617082 2.623888 5.240970 1.539192
 0.000470 2.614851 2.612013 5.226864 1.301644
 0.000471 2.612789 2.599096 5.211885 1.071172
 0.000471 2.610843 2.585468 5.196311 0.855350
 0.000472 2.608925 2.571441 5.180366 0.659512
 0.000472 2.607028 2.557081 5.164110 0.486022
 0.000473 2.605198 2.542737 5.147935 0.339635
 0.000473 2.603381 2.529104 5.132486 0.224240
 0.000474 2.601556 2.516769 5.118324 0.139430
 0.000474 2.599790 2.506258 5.106048 0.082137
 0.000475 2.598118 2.497428 5.095545 0.045085
 0.000475 2.596633 2.491020 5.087653 0.024499
 0.000476 2.595294 2.487284 5.082578 0.014554
 0.000476 2.594288 2.486043 5.080331 0.010973
 0.000477 2.593513 2.487437 5.080949 0.011907
 0.000477 2.593096 2.491254 5.084350 0.017733
 0.000478 2.592956 2.497347 5.090302 0.030715
 0.000478 2.593299 2.505971 5.099270 0.056962
 0.000479 2.594035 2.516518 5.110553 0.101410
 0.000479 2.595162 2.528137 5.123299 0.166939
 0.000480 2.596598 2.540197 5.136796 0.254030
 0.000480 2.598372 2.552220 5.150592 0.361884
 0.000481 2.600411 2.563129 5.163539 0.480414
 0.000481 2.602600 2.572371 5.174971 0.599006
 0.000482 2.604685 2.579341 5.184026 0.702220
 0.000482 2.606678 2.583665 5.190343 0.779073
 0.000483 2.608648 2.585215 5.193863 0.823628
 0.000483 2.610680 2.584089 5.194769 0.835307
 0.000484 2.612824 2.581054 5.193878 0.823818
 0.000484 2.615066 2.576161 5.191228 0.790154
 0.000485 2.617429 2.569663 5.187091 0.739013
 0.000485 2.619988 2.561769 5.181756 0.675576
 0.000486 2.622854 2.552291 5.175145 0.600910
 0.000486 2.626105 2.541625 5.167731 0.522379
 0.000487 2.629738 2.530536 5.160273 0.448936
 0.000487 2.633717 2.518656 5.152373 0.377198
 0.000488 2.637970 2.506175 5.144145 0.309113
 0.000488 2.642428 2.493256 5.135684 0.246166
 0.000489 2.647160 2.480379 5.127539 0.192337
 0.000489 2.652044 2.467362 5.119406 0.145198
 0.000490 2.657068 2.454053 5.111122 0.103988
 0.000490 2.662137 2.440451 5.102588 0.068710
 0.000491 2.667160 2.426565 5.093725 0.039784
 0.000491 2.672027 2.412632 5.084659 0.018321
 0.000492 2.676625 2.399203 5.075828 0.005315
 0.000492 2.680932 2.386329 5.067261 0.000152
 0.000493 2.684938 2.374884 5.059822 0.001622
 0.000493 2.688608 2.365515 5.054124 0.006491
 0.000494 2.691937 2.358694 5.050631 0.011080
 0.000494 2.694916 2.355143 5.050059 0.011947
 0.000495 2.697785 2.354948 5.052733 0.008171
 0.000495 2.700583 2.358280 5.058863 0.002214
 0.000496 2.703250 2.364094 5.067343 0.000167
 0.000496 2.705736 2.372312 5.078048 0.007851
 0.000497 2.708188 2.383191 5.091379 0.033441
 0.000497 2.710634 2.396329 5.106963 0.085888
 0.000498 2.713174 2.410779 5.123953 0.170737
 0.000498 2.715719 2.425711 5.141429 0.288134
 0.000499 2.718055 2.440252 5.158307 0.430500
 0.000499 2.720221 2.453308 5.173530 0.583335
 0.000500 2.722048 2.464340 5.186388 0.730486
