#! FIELDS time dAB dAC dAD rc bias
 0.000000 1.799094 1.892832 3.303689 6.995615 2.999425
 0.000000 1.787224 1.889228 3.301170 6.977622 2.574917
 0.000001 1.775251 1.887464 3.298497 6.961212 2.215983
 0.000001 1.764136 1.887827 3.295681 6.947644 1.939547
 0.000002 1.754811 1.890514 3.292705 6.938030 1.754818
 0.000002 1.748250 1.895224 3.289619 6.933093 1.663552
 0.000003 1.744880 1.901750 3.286404 6.933033 1.662463
 0.000003 1.744737 1.909996 3.283143 6.937875 1.751925
 0.000004 1.747181 1.919307 3.279812 6.946300 1.913175
 0.000004 1.752435 1.929014 3.276370 6.957819 2.145129
 0.000005 1.760485 1.938386 3.272794 6.971665 2.441495
 0.000005 1.770308 1.946588 3.269099 6.985995 2.768431
 0.000006 1.781556 1.952400 3.265327 6.999284 3.089954
 0.000006 1.793261 1.955351 3.261588 7.010199 3.367262
 0.000007 1.804440 1.955037 3.257878 7.017354 3.555502
 0.000007 1.814118 1.951190 3.254068 7.019376 3.609627
 0.000008 1.822246 1.943777 3.250142 7.016165 3.523854
 0.000008 1.828285 1.933147 3.246128 7.007560 3.299127
 0.000009 1.832134 1.920368 3.242100 6.994602 2.974650
 0.000009 1.833961 1.906296 3.237997 6.978253 2.589257
 0.000010 1.833600 1.891676 3.233879 6.959156 2.172904
 0.000010 1.831346 1.877833 3.229698 6.938877 1.770720
 0.000011 1.827796 1.865622 3.225487 6.918905 1.414826
 0.000011 1.823305 1.855474 3.221261 6.900040 1.115280
 0.000012 1.818610 1.848053 3.217018 6.883680 0.884328
 0.000012 1.814451 1.843866 3.212747 6.871065 0.724510
 0.000013 1.811349 1.842516 3.208653 6.862519 0.625286
 0.000013 1.809561 1.844280 3.204641 6.858482 0.580960
 0.000014 1.809761 1.849456 3.200686 6.859902 0.596371
 0.000014 1.812264 1.857471 3.196770 6.866505 0.670661
 0.000015 1.816942 1.867575 3.192874 6.877391 0.802658
 0.000015 1.823676 1.878908 3.189039 6.891623 0.993107
 0.000016 1.832597 1.890472 3.185277 6.908346 1.242777
 0.000016 1.843073 1.900771 3.181691 6.925535 1.528549
 0.000017 1.854155 1.908336 3.178205 6.940696 1.805130
 0.000017 1.865584 1.912492 3.174836 6.952912 2.044697
 0.000018 1.876772 1.912491 3.171553 6.960816 2.207650
 0.000018 1.887606 1.907891 3.168393 6.963890 2.272724
 0.000019 1.897451 1.898871 3.165332 6.961654 2.225304
 0.000019 1.906011 1.886044 3.162331 6.954387 2.074631
 0.000020 1.913303 1.870279 3.159403 6.942985 1.848877
 0.000020 1.919248 1.852587 3.156516 6.928351 1.578172
 0.000021 1.924112 1.834463 3.153786 6.912361 1.306887
 0.000021 1.928305 1.816723 3.151203 6.896231 1.059115
 0.000022 1.931981 1.800841 3.148680 6.881501 0.855587
 0.000022 1.935228 1.787590 3.146302 6.869120 0.701290
 0.000023 1.937963 1.777806 3.144059 6.859829 0.595569
 0.000023 1.940700 1.771809 3.141881 6.854389 0.537679
 0.000024 1.943354 1.769560 3.139808 6.852722 0.520533
 0.000024 1.945728 1.771180 3.137872 6.854781 0.541746
 0.000025 1.947859 1.776397 3.136081 6.860336 0.601119
 0.000025 1.950199 1.784547 3.134442 6.869187 0.702084
 0.000026 1.952333 1.794992 3.132888 6.880213 0.838809
 0.000026 1.953635 1.807409 3.131415 6.892458 1.004920
 0.000027 1.953969 1.820834 3.130067 6.904869 1.188567
 0.000027 1.952751 1.834130 3.128858 6.915738 1.362055
 0.000028 1.949688 1.846083 3.127826 6.923598 1.494862
 0.000028 1.944755 1.855343 3.126894 6.926991 1.554104
 0.000029 1.938144 1.860708 3.126068 6.924920 1.517812
 0.000029 1.929950 1.861983 3.125279 6.917212 1.386487
 0.000030 1.920045 1.858890 3.124653 6.903589 1.168905
 0.000030 1.909048 1.851772 3.124097 6.884917 0.900850
 0.000031 1.897612 1.841008 3.123656 6.862276 0.622571
 0.000031 1.886602 1.828093 3.123289 6.837984 0.381018
 0.000032 1.876404 1.814040 3.122951 6.813395 0.196595
 0.000032 1.867704 1.800213 3.122831 6.790748 0.080234
 0.000033 1.861172 1.787543 3.122948 6.771663 0.021994
 0.000033 1.856970 1.777214 3.123174 6.757358 0.002223
 0.000034 1.855247 1.770411 3.123592 6.749251 0.000104
 0.000034 1.856192 1.767165 3.124150 6.747508 0.000506
 0.000035 1.859450 1.767506 3.124863 6.751819 0.000064
 0.000035 1.864925 1.771166 3.125721 6.761812 0.006185
 0.000036 1.871553 1.777589 3.126644 6.775785 0.031490
 0.000036 1.878566 1.786629 3.127617 6.792812 0.088713
 0.000037 1.884977 1.797060 3.128692 6.810729 0.180235
 0.000037 1.889711 1.807472 3.129938 6.827121 0.292091
 0.000038 1.892865 1.816882 3.131319 6.841066 0.408394
 0.000038 1.894065 1.824564 3.132808 6.851437 0.507500
 0.000039 1.892760 1.829490 3.134396 6.856647 0.561344
 0.000039 1.889149 1.830688 3.135979 6.855817 0.552586
 0.000040 1.883743 1.827768 3.137585 6.849096 0.484186
 0.000040 1.877220 1.821366 3.139195 6.837781 0.379244
 0.000041 1.870926 1.812048 3.140930 6.823904 0.268014
 0.000041 1.866064 1.800614 3.142776 6.809454 0.172660
 0.000042 1.863029 1.788023 3.144696 6.795748 0.101511
 0.000042 1.862113 1.775413 3.146689 6.784215 0.056196
 0.000043 1.864012 1.763774 3.148788 6.776574 0.033501
 0.000043 1.869114 1.753442 3.150975 6.773531 0.026087
 0.000044 1.877295 1.745362 3.153247 6.775904 0.031788
 0.000044 1.888329 1.739797 3.155568 6.783694 0.054463
 0.000045 1.901971 1.736793 3.157918 6.796682 0.105765
 0.000045 1.917741 1.736295 3.160332 6.814367 0.202741
 0.000046 1.934357 1.738251 3.162856 6.835464 0.359333
 0.000046 1.951337 1.742505 3.165461 6.859303 0.589846
 0.000047 1.967483 1.748227 3.168152 6.883862 0.886738
 0.000047 1.981835 1.754684 3.170813 6.907332 1.226845
 0.000048 1.994065 1.761872 3.173466 6.929403 1.596921
 0.000048 2.003309 1.768777 3.176148 6.948234 1.951197
 0.000049 2.009501 1.774576 3.178906 6.962983 2.253414
 0.000049 2.012663 1.778975 3.181627 6.973265 2.476992
 0.000050 2.012952 1.781813 3.184321 6.979086 2.608241
 0.000050 2.010427 1.782483 3.186980 6.979890 2.626633
 0.000051 2.006269 1.781239 3.189546 6.977054 2.562049
 0.000051 2.000972 1.778699 3.192023 6.971694 2.442141
 0.000052 1.995071 1.775089 3.194430 6.964589 2.287655
 0.000052 1.989138 1.770648 3.196806 6.956592 2.119780
 0.000053 1.983579 1.765988 3.199120 6.948687 1.960151
 0.000053 1.978731 1.761677 3.201433 6.941840 1.826929
 0.000054 1.975186 1.758098 3.203684 6.936969 1.734997
 0.000054 1.973056 1.755830 3.205761 6.934646 1.692000
 0.000055 1.972336 1.755238 3.207752 6.935326 1.704525
 0.000055 1.973222 1.756788 3.209666 6.939676 1.785784
 0.000056 1.975963 1.760393 3.211582 6.947938 1.945342
 0.000056 1.979829 1.765635 3.213507 6.958971 2.169057
 0.000057 1.984306 1.772409 3.215302 6.972017 2.449280
 0.000057 1.988623 1.779928 3.217003 6.985553 2.758046
 0.000058 1.991899 1.787571 3.218604 6.998074 3.059949
 0.000058 1.994051 1.795083 3.220049 7.009184 3.340955
 0.000059 1.994410 1.802276 3.221391 7.018078 3.574822
 0.000059 1.992668 1.808485 3.222619 7.023772 3.728688
 0.000060 1.987962 1.813500 3.223804 7.025266 3.769617
 0.000060 1.980422 1.816892 3.224927 7.022241 3.686995
 0.000061 1.970182 1.818913 3.226065 7.015159 3.497205
 0.000061 1.957595 1.819434 3.227162 7.004191 3.213151
 0.000062 1.942945 1.818893 3.228111 6.989950 2.862280
 0.000062 1.926914 1.817525 3.228920 6.973359 2.479080
 0.000063 1.910362 1.815502 3.229597 6.955461 2.096562
 0.000063 1.894538 1.813080 3.230122 6.937740 1.749398
 0.000064 1.880253 1.810593 3.230512 6.921357 1.456372
 0.000064 1.868118 1.808458 3.230793 6.907369 1.227417
 0.000065 1.858339 1.806753 3.231085 6.896178 1.058340
 0.000065 1.851666 1.805415 3.231393 6.888474 0.949223
 0.000066 1.848086 1.804952 3.231648 6.884686 0.897750
 0.000066 1.847396 1.805365 3.231899 6.884660 0.897400
 0.000067 1.849773 1.806088 3.232095 6.887956 0.942105
 0.000067 1.854846 1.806948 3.232173 6.893966 1.026410
 0.000068 1.862469 1.807884 3.232174 6.902528 1.152739
 0.000068 1.871671 1.808584 3.232157 6.912412 1.307702
 0.000069 1.881398 1.808898 3.232118 6.922414 1.474459
 0.000069 1.890963 1.808044 3.232064 6.931071 1.626874
 0.000070 1.898790 1.805612 3.231948 6.936351 1.723507
 0.000070 1.903907 1.801694 3.231737 6.937338 1.741884
 0.000071 1.906089 1.796536 3.231466 6.934090 1.681789
 0.000071 1.904921 1.790028 3.231081 6.926031 1.537223
 0.000072 1.900089 1.782673 3.230647 6.913409 1.323879
 0.000072 1.891869 1.774743 3.230279 6.896891 1.068740
 0.000073 1.881052 1.767005 3.229967 6.878024 0.810707
 0.000073 1.868909 1.760197 3.229665 6.858772 0.584088
 0.000074 1.856760 1.754571 3.229378 6.840709 0.405178
 0.000074 1.845222 1.750505 3.228951 6.824678 0.273712
 0.000075 1.835643 1.748544 3.228471 6.812658 0.192005
 0.000075 1.828509 1.748942 3.227973 6.805424 0.149791
 0.000076 1.824269 1.751469 3.227409 6.803147 0.137588
 0.000076 1.822882 1.756140 3.226804 6.805826 0.151999
 0.000077 1.824757 1.762360 3.226175 6.813291 0.195947
 0.000077 1.829675 1.769380 3.225535 6.824590 0.273065
 0.000078 1.837370 1.777017 3.224905 6.839292 0.392522
 0.000078 1.847231 1.784717 3.224298 6.856245 0.557102
 0.000079 1.858612 1.792296 3.223703 6.874611 0.767820
 0.000079 1.870282 1.799014 3.223070 6.892366 1.003611
 0.000080 1.881558 1.803742 3.222386 6.907685 1.232379
 0.000080 1.891177 1.806682 3.221740 6.919599 1.426511
 0.000081 1.897940 1.807756 3.221087 6.926784 1.550463
 0.000081 1.901334 1.807209 3.220460 6.929003 1.589788
 0.000082 1.901654 1.805232 3.219777 6.926663 1.548333
 0.000082 1.898364 1.802279 3.219017 6.919661 1.427558
 0.000083 1.891399 1.798853 3.218129 6.908381 1.243329
 0.000083 1.880731 1.796260 3.217179 6.894170 1.029335
 0.000084 1.867121 1.795006 3.216147 6.878274 0.813886
 0.000084 1.851245 1.795175 3.215076 6.861496 0.613906
 0.000085 1.834362 1.797442 3.213965 6.845768 0.451995
 0.000085 1.817897 1.801942 3.212762 6.832601 0.335477
 0.000086 1.802500 1.809042 3.211453 6.822994 0.261397
 0.000086 1.788391 1.818435 3.210066 6.816892 0.219137
 0.000087 1.776541 1.830016 3.208656 6.815213 0.208162
 0.000087 1.767424 1.843868 3.207307 6.818599 0.230584
 0.000088 1.760898 1.859142 3.205981 6.826021 0.283743
 0.000088 1.757005 1.874775 3.204649 6.836429 0.367560
 0.000089 1.755160 1.889800 3.203283 6.848244 0.475839
 0.000089 1.754848 1.903897 3.201890 6.860634 0.604393
 0.000090 1.755508 1.915973 3.200559 6.872041 0.736304
 0.000090 1.756559 1.925119 3.199262 6.880940 0.848261
 0.000091 1.757918 1.931221 3.198010 6.887149 0.931058
 0.000091 1.759221 1.933344 3.196701 6.889267 0.960178
 0.000092 1.759806 1.931448 3.195374 6.886628 0.923965
 0.000092 1.759410 1.925882 3.194135 6.879427 0.828662
 0.000093 1.757997 1.917619 3.192818 6.868434 0.693189
 0.000093 1.755605 1.907417 3.191517 6.854538 0.539228
 0.000094 1.752252 1.895986 3.190177 6.838415 0.384784
 0.000094 1.748404 1.884214 3.188811 6.821430 0.250207
 0.000095 1.744440 1.873136 3.187371 6.804947 0.147195
 0.000095 1.740492 1.863467 3.185881 6.789839 0.076635
 0.000096 1.737545 1.855710 3.184343 6.777598 0.036202
 0.000096 1.735910 1.850542 3.182766 6.769219 0.017166
 0.000097 1.735618 1.848466 3.181227 6.765311 0.010689
 0.000097 1.737480 1.849558 3.179765 6.766802 0.012981
 0.000098 1.741573 1.853483 3.178359 6.773415 0.025823
 0.000098 1.747234 1.860081 3.176961 6.784275 0.056400
 0.000099 1.754311 1.868917 3.175560 6.798788 0.115670
 0.000099 1.762461 1.879239 3.174224 6.815924 0.212774
 0.000100 1.771291 1.889937 3.172948 6.834176 0.348500
 0.000100 1.780654 1.900377 3.171730 6.852760 0.520918
 0.000101 1.790225 1.910277 3.170519 6.871021 0.723987
 0.000101 1.799168 1.918283 3.169292 6.886743 0.925519
 0.000102 1.807166 1.923406 3.168035 6.898608 1.093991
 0.000102 1.813626 1.925169 3.166842 6.905637 1.200440
 0.000103 1.818618 1.923618 3.165688 6.907925 1.236152
 0.000103 1.822113 1.919093 3.164502 6.905708 1.201531
 0.000104 1.824208 1.911679 3.163291 6.899178 1.102443
 0.000104 1.824927 1.902590 3.162094 6.889610 0.964945
 0.000105 1.824946 1.892537 3.160915 6.878398 0.815469
 0.000105 1.825016 1.882039 3.159746 6.866801 0.674095
 0.000106 1.825393 1.872346 3.158641 6.856380 0.558522
 0.000106 1.825938 1.864371 3.157697 6.848007 0.473530
 0.000107 1.826565 1.858615 3.156855 6.842035 0.417200
 0.000107 1.827315 1.855661 3.156000 6.838975 0.389716
 0.000108 1.828255 1.855764 3.155227 6.839246 0.392114
 0.000108 1.829729 1.858913 3.154655 6.843297 0.428808
 0.000109 1.831693 1.865015 3.154163 6.850871 0.501820
 0.000109 1.833622 1.873546 3.153699 6.860867 0.606952
 0.000110 1.835095 1.884647 3.153328 6.873069 0.748839
 0.000110 1.835738 1.897976 3.153077 6.886791 0.926179
 0.000111 1.834985 1.912462 3.152898 6.900345 1.119839
 0.000111 1.833078 1.927393 3.152818 6.913289 1.321935
 0.000112 1.829988 1.941947 3.152756 6.924692 1.513847
 0.000112 1.825276 1.955554 3.152753 6.933583 1.672491
 0.000113 1.819334 1.966802 3.152826 6.938962 1.772324
 0.000113 1.811876 1.974924 3.152962 6.939763 1.787431
 0.000114 1.803462 1.979662 3.153173 6.936298 1.722521
 0.000114 1.794448 1.980971 3.153467 6.928887 1.587710
 0.000115 1.785548 1.978851 3.153916 6.918316 1.404925
 0.000115 1.777035 1.973745 3.154473 6.905253 1.194489
 0.000116 1.769673 1.966334 3.155014 6.891021 0.984642
 0.000116 1.763723 1.957784 3.155534 6.877042 0.798245
 0.000117 1.759072 1.948948 3.156096 6.864115 0.643266
 0.000117 1.755739 1.940617 3.156750 6.853106 0.524452
 0.000118 1.753936 1.933112 3.157533 6.844581 0.440779
 0.000118 1.754137 1.927763 3.158361 6.840261 0.401153
 0.000119 1.756332 1.924870 3.159281 6.840483 0.403138
 0.000119 1.760365 1.924869 3.160285 6.845518 0.449623
 0.000120 1.765704 1.927487 3.161372 6.854564 0.539491
 0.000120 1.772080 1.932328 3.162595 6.867002 0.676427
 0.000121 1.778868 1.939392 3.163900 6.882159 0.864213
 0.000121 1.785437 1.948329 3.165259 6.899026 1.100181
 0.000122 1.790738 1.958141 3.166684 6.915563 1.359168
 0.000122 1.794410 1.968001 3.168152 6.930563 1.617726
 0.000123 1.796221 1.977745 3.169594 6.943560 1.859945
 0.000123 1.796448 1.987299 3.171070 6.954818 2.083409
 0.000124 1.794669 1.995464 3.172574 6.962706 2.247554
 0.000124 1.791180 2.001632 3.174042 6.966854 2.336349
 0.000125 1.786379 2.005303 3.175478 6.967159 2.342960
 0.000125 1.780759 2.006584 3.176976 6.964320 2.281895
 0.000126 1.775012 2.005705 3.178394 6.959111 2.171970
 0.000126 1.769771 2.002871 3.179798 6.952439 2.035146
 0.000127 1.765766 1.998426 3.181212 6.945404 1.895680
 0.000127 1.763172 1.992541 3.182656 6.938369 1.761169
 0.000128 1.762201 1.985460 3.184122 6.931783 1.639748
 0.000128 1.763512 1.977823 3.185603 6.926938 1.553179
 0.000129 1.766977 1.970097 3.187012 6.924086 1.503307
 0.000129 1.772271 1.962579 3.188412 6.923262 1.489061
 0.000130 1.779763 1.955891 3.189812 6.925466 1.527345
 0.000130 1.789166 1.950080 3.191167 6.930413 1.615029
 0.000131 1.799708 1.945123 3.192548 6.937379 1.742637
 0.000131 1.810536 1.940888 3.193946 6.945369 1.895002
 0.000132 1.821452 1.937510 3.195371 6.954333 2.073537
 0.000132 1.831868 1.935023 3.196765 6.963656 2.267728
 0.000133 1.841082 1.933144 3.198128 6.972355 2.456768
 0.000133 1.848232 1.932026 3.199419 6.979677 2.621771
 0.000134 1.853033 1.931399 3.200697 6.985130 2.748104
 0.000134 1.855297 1.930733 3.201892 6.987922 2.813960
 0.000135 1.855176 1.929850 3.202992 6.988018 2.816231
 0.000135 1.852808 1.928862 3.204006 6.985676 2.760923
 0.000136 1.848086 1.927237 3.204948 6.980271 2.635381
 0.000136 1.841398 1.924974 3.205761 6.972133 2.451858
 0.000137 1.833154 1.921837 3.206459 6.961449 2.220982
 0.000137 1.824384 1.918068 3.207119 6.949571 1.977687
 0.000138 1.815729 1.913467 3.207707 6.936902 1.733755
 0.000138 1.807766 1.908033 3.208247 6.924046 1.502614
 0.000139 1.801404 1.902417 3.208738 6.912559 1.310085
 0.000139 1.797077 1.896729 3.209201 6.903007 1.160033
 0.000140 1.795120 1.890806 3.209576 6.895502 1.048530
 0.000140 1.796035 1.884759 3.209902 6.890697 0.980101
 0.000141 1.799908 1.879092 3.210113 6.889113 0.958054
 0.000141 1.806581 1.873936 3.210250 6.890768 0.981095
 0.000142 1.815476 1.869323 3.210323 6.895122 1.043030
 0.000142 1.826245 1.865216 3.210337 6.901797 1.141679
 0.000143 1.837906 1.861906 3.210234 6.910045 1.269710
 0.000143 1.849581 1.859220 3.210007 6.918808 1.413181
 0.000144 1.860208 1.857059 3.209743 6.927010 1.554441
 0.000144 1.869326 1.855193 3.209420 6.933939 1.679020
 0.000145 1.876505 1.853836 3.209034 6.939375 1.780110
 0.000145 1.881541 1.853118 3.208588 6.943246 1.853899
 0.000146 1.883625 1.852562 3.208151 6.944339 1.875003
 0.000146 1.882518 1.852001 3.207673 6.942192 1.833667
 0.000147 1.878361 1.851479 3.207188 6.937028 1.736093
 0.000147 1.871816 1.850777 3.206624 6.929217 1.593599
 0.000148 1.863257 1.849812 3.205954 6.919024 1.416816
 0.000148 1.853627 1.849058 3.205214 6.907899 1.235736
 0.000149 1.843885 1.848719 3.204424 6.897028 1.070744
 0.000149 1.835014 1.849294 3.203575 6.887884 0.941110
 0.000150 1.827973 1.850172 3.202778 6.880923 0.848031
 0.000150 1.823223 1.851724 3.201957 6.876904 0.796508
 0.000151 1.821290 1.853866 3.201135 6.876291 0.788785
 0.000151 1.821839 1.856520 3.200257 6.878616 0.818260
 0.000152 1.824823 1.859797 3.199278 6.883898 0.887228
 0.000152 1.830213 1.863427 3.198270 6.891910 0.997156
 0.000153 1.837779 1.867198 3.197168 6.902144 1.146921
 0.000153 1.847034 1.870942 3.196065 6.914040 1.334174
 0.000154 1.857295 1.874570 3.194861 6.926726 1.549438
 0.000154 1.867905 1.877603 3.193572 6.939080 1.774538
 0.000155 1.878341 1.880073 3.192256 6.950670 1.999603
 0.000155 1.887730 1.881644 3.190933 6.960307 2.196981
 0.000156 1.895257 1.882236 3.189457 6.966951 2.338447
 0.000156 1.899956 1.881743 3.187858 6.969557 2.395141
 0.000157 1.901240 1.880010 3.186194 6.967444 2.349126
 0.000157 1.899399 1.877059 3.184513 6.960971 2.210913
 0.000158 1.894932 1.873355 3.182794 6.951081 2.007841
 0.000158 1.887679 1.868929 3.181098 6.937706 1.748751
 0.000159 1.878215 1.863829 3.179413 6.921457 1.458081
 0.000159 1.867329 1.858434 3.177725 6.903487 1.167355
 0.000160 1.856536 1.853029 3.176039 6.885605 0.910104
 0.000160 1.846312 1.847905 3.174347 6.868563 0.694711
 0.000161 1.837416 1.842851 3.172612 6.852879 0.522133
 0.000161 1.830675 1.838215 3.170860 6.839750 0.396586
 0.000162 1.826218 1.834181 3.169115 6.829514 0.310662
 0.000162 1.825026 1.830773 3.167465 6.823264 0.263352
 0.000163 1.827126 1.827663 3.165900 6.820688 0.244992
 0.000163 1.831946 1.824122 3.164357 6.820425 0.243153
 0.000164 1.839289 1.819963 3.162809 6.822060 0.254688
 0.000164 1.848608 1.814913 3.161317 6.824838 0.274901
 0.000165 1.858812 1.809288 3.159870 6.827970 0.298610
 0.000165 1.869162 1.802919 3.158508 6.830589 0.319197
 0.000166 1.879567 1.795636 3.157239 6.832443 0.334178
 0.000166 1.889405 1.787010 3.155977 6.832393 0.333772
 0.000167 1.897892 1.777350 3.154770 6.830012 0.314604
 0.000167 1.904085 1.767173 3.153668 6.824926 0.275553
 0.000168 1.907619 1.756669 3.152638 6.816925 0.219358
 0.000168 1.908098 1.746215 3.151713 6.806026 0.153104
 0.000169 1.906003 1.736014 3.150821 6.792838 0.088824
 0.000169 1.902441 1.726758 3.149992 6.779192 0.040619
 0.000170 1.897576 1.719182 3.149239 6.765998 0.011717
 0.000170 1.891828 1.713755 3.148542 6.754126 0.000590
 0.000171 1.886362 1.710795 3.147903 6.745059 0.001585
 0.000171 1.881848 1.710418 3.147311 6.739577 0.006175
 0.000172 1.879066 1.712281 3.146808 6.738155 0.007855
 0.000172 1.878274 1.716111 3.146281 6.740666 0.005024
 0.000173 1.879580 1.721519 3.145782 6.746880 0.000726
 0.000173 1.883001 1.727537 3.145294 6.755832 0.001322
 0.000174 1.888558 1.733794 3.144852 6.767204 0.013636
 0.000174 1.895849 1.739359 3.144411 6.779619 0.041845
 0.000175 1.904300 1.743934 3.144033 6.792268 0.086437
 0.000175 1.913329 1.747128 3.143724 6.804181 0.143066
 0.000176 1.922473 1.748992 3.143457 6.814921 0.206283
 0.000176 1.930979 1.749552 3.143161 6.823692 0.266467
 0.000177 1.938511 1.748897 3.142849 6.830257 0.316548
 0.000177 1.944596 1.747331 3.142585 6.834513 0.351314
 0.000178 1.949221 1.745493 3.142401 6.837114 0.373461
 0.000178 1.951890 1.743401 3.142248 6.837539 0.377138
 0.000179 1.952772 1.741593 3.142103 6.836468 0.367897
 0.000179 1.951463 1.740564 3.142009 6.834036 0.347334
 0.000180 1.947809 1.740673 3.141920 6.830403 0.317711
 0.000180 1.942263 1.742337 3.141882 6.826481 0.287219
 0.000181 1.935305 1.745538 3.141896 6.822739 0.259557
 0.000181 1.927192 1.750904 3.141913 6.820009 0.240258
 0.000182 1.918881 1.758135 3.142112 6.819129 0.234196
 0.000182 1.910652 1.766818 3.142379 6.819848 0.239147
 0.000183 1.903300 1.776954 3.142681 6.822934 0.260963
 0.000183 1.896752 1.787680 3.143042 6.827475 0.294796
 0.000184 1.891150 1.798498 3.143432 6.833080 0.339411
 0.000184 1.887025 1.809164 3.143838 6.840027 0.399059
 0.000185 1.884008 1.818737 3.144222 6.846967 0.463466
 0.000185 1.882480 1.826540 3.144579 6.853599 0.529512
 0.000186 1.881937 1.832568 3.144921 6.859426 0.591176
 0.000186 1.881963 1.836639 3.145238 6.863840 0.640147
 0.000187 1.882415 1.837927 3.145536 6.865878 0.663422
 0.000187 1.883123 1.836495 3.145725 6.865344 0.657276
 0.000188 1.883955 1.832849 3.145925 6.862729 0.627644
 0.000188 1.884872 1.827058 3.146049 6.857979 0.575549
 0.000189 1.886048 1.819458 3.146127 6.851633 0.509477
 0.000189 1.887065 1.810734 3.146171 6.843969 0.435056
 0.000190 1.888074 1.801263 3.146190 6.835528 0.359878
 0.000190 1.888887 1.791535 3.146179 6.826602 0.288133
 0.000191 1.889178 1.782008 3.146144 6.817330 0.222045
 0.000191 1.889009 1.772825 3.146143 6.807977 0.164093
 0.000192 1.888684 1.765025 3.146237 6.799946 0.121312
 0.000192 1.888226 1.758941 3.146312 6.793479 0.091548
 0.000193 1.887429 1.754670 3.146431 6.788530 0.071595
 0.000193 1.886537 1.752614 3.146584 6.785735 0.061408
 0.000194 1.885620 1.752554 3.146787 6.784962 0.058729
 0.000194 1.884721 1.754315 3.147071 6.786107 0.062719
 0.000195 1.883863 1.758027 3.147360 6.789250 0.074347
 0.000195 1.883241 1.762709 3.147712 6.793662 0.092329
 0.000196 1.882817 1.768052 3.148091 6.798960 0.116499
 0.000196 1.882405 1.772902 3.148503 6.803810 0.141090
 0.000197 1.881999 1.777028 3.148946 6.807972 0.164065
 0.000197 1.881572 1.779727 3.149353 6.810652 0.179776
 0.000198 1.881679 1.780781 3.149777 6.812237 0.189402
 0.000198 1.882630 1.779786 3.150163 6.812579 0.191517
 0.000199 1.884153 1.777010 3.150567 6.811730 0.186298
 0.000199 1.886133 1.772799 3.150966 6.809898 0.175281
 0.000200 1.889119 1.767307 3.151425 6.807852 0.163375
 0.000200 1.892912 1.760806 3.151924 6.805641 0.150982
 0.000201 1.897727 1.754239 3.152424 6.804390 0.144188
 0.000201 1.903599 1.748010 3.152913 6.804522 0.144897
 0.000202 1.909888 1.742819 3.153406 6.806113 0.153587
 0.000202 1.916372 1.739370 3.153921 6.809663 0.173893
 0.000203 1.922725 1.737977 3.154405 6.815106 0.207475
 0.000203 1.928592 1.738873 3.154876 6.822342 0.256702
 0.000204 1.934328 1.742353 3.155314 6.831994 0.330524
 0.000204 1.939704 1.748491 3.155774 6.843968 0.435045
 0.000205 1.944388 1.756550 3.156290 6.857228 0.567518
 0.000205 1.948099 1.766312 3.156897 6.871308 0.727441
 0.000206 1.951410 1.777378 3.157554 6.886343 0.920088
 0.000206 1.953428 1.788691 3.158240 6.900358 1.120037
 0.000207 1.954077 1.800360 3.159002 6.913438 1.324352
 0.000207 1.953583 1.811938 3.159803 6.925324 1.524854
 0.000208 1.951663 1.823027 3.160682 6.935372 1.705373
 0.000208 1.948897 1.833057 3.161694 6.943649 1.861666
 0.000209 1.945005 1.841528 3.162794 6.949327 1.972832
 0.000209 1.940250 1.848443 3.163991 6.952683 2.040061
 0.000210 1.934968 1.854038 3.165197 6.954203 2.070889
 0.000210 1.929479 1.858158 3.166370 6.954007 2.066896
 0.000211 1.923881 1.860859 3.167624 6.952364 2.033635
 0.000211 1.918310 1.862092 3.168904 6.949306 1.972421
 0.000212 1.913358 1.862564 3.170149 6.946071 1.908690
 0.000212 1.908944 1.862730 3.171473 6.943147 1.851996
 0.000213 1.905302 1.862959 3.172845 6.941105 1.812909
 0.000213 1.902379 1.863422 3.174234 6.940035 1.792581
 0.000214 1.900192 1.864648 3.175701 6.940541 1.802175
 0.000214 1.898890 1.866364 3.177185 6.942439 1.838397
 0.000215 1.898358 1.868857 3.178621 6.945836 1.904105
 0.000215 1.898725 1.872210 3.180031 6.950966 2.005539
 0.000216 1.899770 1.876235 3.181451 6.957456 2.137614
 0.000216 1.901156 1.880861 3.182859 6.964876 2.293788
 0.000217 1.902678 1.886256 3.184273 6.973207 2.475706
 0.000217 1.904536 1.892569 3.185653 6.982758 2.692788
 0.000218 1.906614 1.898829 3.187035 6.992478 2.923087
 0.000218 1.908306 1.904428 3.188383 7.001117 3.135684
 0.000219 1.909587 1.909079 3.189616 7.008282 3.317699
 0.000219 1.910106 1.912198 3.190695 7.012998 3.440294
 0.000220 1.909645 1.914245 3.191708 7.015598 3.508812
 0.000220 1.908243 1.914763 3.192645 7.015651 3.510229
 0.000221 1.905890 1.914181 3.193441 7.013511 3.453765
 0.000221 1.902745 1.912124 3.194200 7.009069 3.337986
 0.000222 1.898438 1.908669 3.194869 7.001976 3.157252
 0.000222 1.893576 1.904123 3.195429 6.993129 2.938836
 0.000223 1.888690 1.898734 3.195897 6.983320 2.705850
 0.000223 1.884563 1.893292 3.196255 6.974110 2.495822
 0.000224 1.881241 1.888014 3.196576 6.965831 2.314296
 0.000224 1.878180 1.882902 3.196828 6.957909 2.146999
 0.000225 1.875968 1.878277 3.197014 6.951260 2.011429
 0.000225 1.874787 1.874642 3.197091 6.946520 1.917482
 0.000226 1.874794 1.871887 3.197070 6.943751 1.863628
 0.000226 1.875815 1.870341 3.197057 6.943213 1.853256
 0.000227 1.877761 1.869918 3.196987 6.944666 1.881338
 0.000227 1.880733 1.870769 3.196871 6.948374 1.953946
 0.000228 1.884078 1.872560 3.196794 6.953431 2.055211
 0.000228 1.887858 1.875242 3.196748 6.959848 2.187359
 0.000229 1.891432 1.878545 3.196724 6.966701 2.333050
 0.000229 1.894680 1.882170 3.196638 6.973488 2.481958
 0.000230 1.897173 1.886119 3.196527 6.979818 2.624995
 0.000230 1.899273 1.890302 3.196320 6.985896 2.766090
 0.000231 1.900170 1.893938 3.196037 6.990146 2.866969
 0.000231 1.900124 1.896939 3.195676 6.992740 2.929412
 0.000232 1.898855 1.898646 3.195272 6.992774 2.930230
 0.000232 1.896095 1.899385 3.194799 6.990279 2.870144
 0.000233 1.892155 1.898893 3.194307 6.985355 2.753386
 0.000233 1.887431 1.897382 3.193703 6.978517 2.595262
 0.000234 1.882185 1.895012 3.193000 6.970197 2.409167
 0.000234 1.876258 1.892196 3.192210 6.960665 2.204485
 0.000235 1.869993 1.888987 3.191267 6.950247 1.991164
 0.000235 1.863593 1.885880 3.190268 6.939741 1.787023
 0.000236 1.857642 1.883198 3.189118 6.929958 1.606850
 0.000236 1.852193 1.881194 3.187827 6.921213 1.453918
 0.000237 1.846739 1.879710 3.186527 6.912976 1.316846
 0.000237 1.841903 1.879158 3.185190 6.906251 1.209971
 0.000238 1.838089 1.879842 3.183743 6.901673 1.139800
 0.000238 1.835048 1.881489 3.182271 6.898808 1.096946
 0.000239 1.832558 1.883974 3.180791 6.897323 1.075074
 0.000239 1.830230 1.887108 3.179355 6.896694 1.065857
 0.000240 1.827456 1.890776 3.177904 6.896136 1.057730
 0.000240 1.824290 1.894754 3.176365 6.895409 1.047184
 0.000241 1.820583 1.898955 3.174792 6.894330 1.031630
 0.000241 1.816273 1.903160 3.173240 6.892673 1.007968
 0.000242 1.811525 1.906995 3.171640 6.890160 0.972599
 0.000242 1.806214 1.909949 3.170063 6.886225 0.918495
 0.000243 1.800075 1.911992 3.168535 6.880602 0.843861
 0.000243 1.793438 1.913011 3.167043 6.873492 0.754016
 0.000244 1.786790 1.912661 3.165481 6.864932 0.652564
 0.000244 1.780160 1.910879 3.163897 6.854935 0.543355
 0.000245 1.773818 1.907513 3.162241 6.843572 0.431360
 0.000245 1.768439 1.902746 3.160569 6.831755 0.328578
 0.000246 1.764107 1.897148 3.158907 6.820162 0.241320
 0.000246 1.761231 1.891292 3.157193 6.809716 0.174206
 0.000247 1.760153 1.885921 3.155517 6.801591 0.129549
 0.000247 1.760983 1.881346 3.153923 6.796252 0.103797
 0.000248 1.763373 1.877455 3.152440 6.793268 0.090645
 0.000248 1.767304 1.874321 3.151066 6.792691 0.088206
 0.000249 1.771906 1.872346 3.149729 6.793981 0.093709
 0.000249 1.776730 1.871822 3.148514 6.797066 0.107540
 0.000250 1.781100 1.872873 3.147412 6.801385 0.128502
 0.000250 1.785174 1.875065 3.146450 6.806689 0.156797
 0.000251 1.788585 1.878469 3.145581 6.812636 0.191866
 0.000251 1.790484 1.882826 3.144873 6.818183 0.227769
 0.000252 1.790464 1.887623 3.144212 6.822298 0.256390
 0.000252 1.788780 1.892085 3.143671 6.824536 0.272664
 0.000253 1.785270 1.895452 3.143269 6.823991 0.268654
 0.000253 1.780044 1.897774 3.143005 6.820823 0.245935
 0.000254 1.773588 1.898831 3.142868 6.815287 0.208641
 0.000254 1.766477 1.898060 3.142828 6.807366 0.160608
 0.000255 1.758974 1.896133 3.142947 6.798054 0.112169
 0.000255 1.751921 1.893238 3.143158 6.788317 0.070793
 0.000256 1.745995 1.889552 3.143532 6.779080 0.040299
 0.000256 1.741999 1.885478 3.144054 6.771531 0.021719
 0.000257 1.740566 1.881809 3.144698 6.767073 0.013420
 0.000257 1.741327 1.878884 3.145448 6.765659 0.011204
 0.000258 1.744333 1.876686 3.146234 6.767254 0.013718
 0.000258 1.749324 1.875376 3.147158 6.771857 0.022403
 0.000259 1.756109 1.874830 3.148273 6.779212 0.040677
 0.000259 1.764393 1.874718 3.149621 6.788732 0.072360
 0.000260 1.773797 1.875026 3.151058 6.799881 0.120990
 0.000260 1.783394 1.875912 3.152665 6.811970 0.187767
 0.000261 1.792215 1.877037 3.154338 6.823590 0.265721
 0.000261 1.799633 1.877688 3.156148 6.833468 0.342614
 0.000262 1.805537 1.877934 3.158081 6.841551 0.412792
 0.000262 1.809472 1.877748 3.160045 6.847266 0.466347
 0.000263 1.810717 1.877112 3.162210 6.850040 0.493522
 0.000263 1.809225 1.875899 3.164437 6.849561 0.488776
 0.000264 1.805344 1.874038 3.166719 6.846101 0.455163
 0.000264 1.799719 1.872020 3.168969 6.840708 0.405167
 0.000265 1.792872 1.870047 3.171276 6.834196 0.348661
 0.000265 1.785444 1.868012 3.173617 6.827073 0.291724
 0.000266 1.777679 1.866124 3.176055 6.819858 0.239216
 0.000266 1.770238 1.864794 3.178538 6.813570 0.197694
 0.000267 1.763786 1.864184 3.181105 6.809075 0.170445
 0.000267 1.758659 1.864487 3.183698 6.806844 0.157665
 0.000268 1.755211 1.865506 3.186338 6.807055 0.158852
 0.000268 1.753560 1.867385 3.188978 6.809923 0.175428
 0.000269 1.753855 1.869786 3.191557 6.815198 0.208067
 0.000269 1.755784 1.872345 3.194094 6.822223 0.255851
 0.000270 1.759468 1.874982 3.196593 6.831043 0.322833
 0.000270 1.764868 1.877825 3.199053 6.841745 0.414553
 0.000271 1.771137 1.880856 3.201501 6.853494 0.528434
 0.000271 1.777887 1.883261 3.203898 6.865046 0.653865
 0.000272 1.784993 1.884738 3.206307 6.876039 0.785618
 0.000272 1.791434 1.885476 3.208677 6.885587 0.909866
 0.000273 1.796641 1.885794 3.210910 6.893345 1.017533
 0.000273 1.800022 1.885233 3.213061 6.898317 1.089685
 0.000274 1.801710 1.883695 3.215118 6.900524 1.122518
 0.000274 1.801343 1.882070 3.217079 6.900491 1.122025
 0.000275 1.799379 1.880542 3.218933 6.898855 1.097644
 0.000275 1.795828 1.878954 3.220693 6.895475 1.048137
 0.000276 1.791015 1.877738 3.222375 6.891128 0.986148
 0.000276 1.785494 1.876956 3.224059 6.886509 0.922338
 0.000277 1.780125 1.877015 3.225728 6.882868 0.873558
 0.000277 1.774887 1.877897 3.227318 6.880102 0.837373
 0.000278 1.770536 1.879712 3.228895 6.879143 0.825015
 0.000278 1.767510 1.882028 3.230367 6.879906 0.834841
 0.000279 1.766248 1.885153 3.231721 6.883123 0.876927
 0.000279 1.766536 1.888393 3.232879 6.887808 0.940068
 0.000280 1.768574 1.891185 3.233928 6.893688 1.022427
 0.000280 1.772274 1.893832 3.234804 6.900911 1.128315
 0.000281 1.777498 1.896060 3.235640 6.909198 1.256243
 0.000281 1.783806 1.897666 3.236442 6.917913 1.398189
 0.000282 1.790425 1.898186 3.237193 6.925804 1.533253
 0.000282 1.797166 1.897426 3.237951 6.932543 1.653538
 0.000283 1.803551 1.895964 3.238608 6.938124 1.756583
 0.000283 1.809168 1.893643 3.239167 6.941977 1.829547
 0.000284 1.813637 1.889953 3.239672 6.943262 1.854202
 0.000284 1.816752 1.885368 3.240164 6.942285 1.835433
 0.000285 1.818262 1.880120 3.240635 6.939017 1.773353
 0.000285 1.817999 1.874069 3.241005 6.933073 1.663187
 0.000286 1.815858 1.867776 3.241271 6.924905 1.517551
 0.000286 1.812568 1.862173 3.241526 6.916267 1.370792
 0.000287 1.808233 1.857215 3.241795 6.907243 1.225447
 0.000287 1.803517 1.853042 3.242071 6.898630 1.094322
 0.000288 1.798790 1.850098 3.242385 6.891273 0.988188
 0.000288 1.794454 1.849081 3.242704 6.886238 0.918670
 0.000289 1.791181 1.849848 3.243003 6.884033 0.889018
 0.000289 1.789544 1.852063 3.243177 6.884785 0.899073
 0.000290 1.789275 1.855771 3.243338 6.888384 0.947983
 0.000290 1.790488 1.860382 3.243545 6.894415 1.032844
 0.000291 1.793032 1.865342 3.243794 6.902168 1.147292
 0.000291 1.796623 1.870131 3.243995 6.910749 1.280946
 0.000292 1.801028 1.874435 3.244105 6.919569 1.426007
 0.000292 1.806137 1.877639 3.244195 6.927971 1.571427
 0.000293 1.811725 1.879418 3.244300 6.935443 1.706691
 0.000293 1.817635 1.879739 3.244411 6.941785 1.825877
 0.000294 1.823198 1.878479 3.244559 6.946237 1.911937
 0.000294 1.827812 1.875062 3.244663 6.947537 1.937438
 0.000295 1.831128 1.869684 3.244749 6.945561 1.898741
 0.000295 1.833049 1.863189 3.244758 6.940997 1.810837
 0.000296 1.833807 1.855669 3.244788 6.934265 1.684992
 0.000296 1.832917 1.848018 3.244840 6.925775 1.532742
 0.000297 1.831118 1.840505 3.244863 6.916486 1.374427
 0.000297 1.828511 1.833668 3.244816 6.906996 1.221585
 0.000298 1.825360 1.828256 3.244699 6.898315 1.089657
 0.000298 1.822085 1.824389 3.244433 6.890907 0.983043
 0.000299 1.818964 1.822760 3.244124 6.885848 0.913389
 0.000299 1.816253 1.823607 3.243779 6.883639 0.883771
 0.000300 1.814471 1.826614 3.243332 6.884418 0.894164
 0.000300 1.813497 1.831070 3.242772 6.887339 0.933656
 0.000301 1.813009 1.837178 3.242129 6.892316 1.002905
 0.000301 1.812960 1.844697 3.241404 6.899061 1.100707
 0.000302 1.813948 1.853254 3.240643 6.907846 1.234905
 0.000302 1.815807 1.862185 3.239854 6.917847 1.397072
 0.000303 1.817893 1.870735 3.239041 6.927670 1.566097
 0.000303 1.820560 1.878380 3.238249 6.937189 1.739107
 0.000304 1.823666 1.884630 3.237327 6.945623 1.899946
 0.000304 1.826794 1.888665 3.236393 6.951851 2.023293
 0.000305 1.829755 1.889958 3.235422 6.955135 2.089888
 0.000305 1.832347 1.888459 3.234414 6.955220 2.091641
 0.000306 1.834524 1.884290 3.233369 6.952183 2.029970
 0.000306 1.836563 1.877721 3.232234 6.946518 1.917432
 0.000307 1.838489 1.869346 3.231109 6.938944 1.771991
 0.000307 1.840137 1.859835 3.230009 6.929981 1.607277
 0.000308 1.841716 1.850009 3.228838 6.920563 1.442843
 0.000308 1.843063 1.840562 3.227642 6.911267 1.289254
 0.000309 1.844191 1.831864 3.226342 6.902397 1.150752
 0.000309 1.845584 1.824495 3.224999 6.895078 1.042401
 0.000310 1.847054 1.818711 3.223710 6.889475 0.963075
 0.000310 1.848494 1.814959 3.222328 6.885781 0.912485
 0.000311 1.849891 1.813344 3.220917 6.884153 0.890620
 0.000311 1.851201 1.813707 3.219500 6.884408 0.894032
 0.000312 1.852434 1.816078 3.218049 6.886561 0.923049
 0.000312 1.853645 1.820158 3.216603 6.890405 0.976019
 0.000313 1.854541 1.825329 3.215201 6.895072 1.042308
 0.000313 1.855217 1.830748 3.213805 6.899770 1.111244
 0.000314 1.856065 1.836286 3.212377 6.904727 1.186381
 0.000314 1.856777 1.841512 3.210877 6.909166 1.255732
 0.000315 1.857170 1.845217 3.209378 6.911765 1.297260
 0.000315 1.857185 1.847427 3.207862 6.912474 1.308716
 0.000316 1.857067 1.847979 3.206294 6.911340 1.290433
 0.000316 1.857097 1.846207 3.204707 6.908011 1.237507
 0.000317 1.856636 1.841723 3.203206 6.901564 1.138152
 0.000317 1.855960 1.834523 3.201786 6.892269 1.002242
 0.000318 1.855156 1.825598 3.200425 6.881179 0.851369
 0.000318 1.854478 1.815195 3.199082 6.868756 0.696977
 0.000319 1.854022 1.804199 3.197748 6.855970 0.554195
 0.000319 1.853753 1.793116 3.196474 6.843343 0.429228
 0.000320 1.853968 1.782551 3.195371 6.831890 0.329675
 0.000320 1.854700 1.772902 3.194304 6.821907 0.253592
 0.000321 1.855901 1.764681 3.193281 6.813863 0.199544
 0.000321 1.857852 1.758564 3.192383 6.808799 0.168836
 0.000322 1.860565 1.754915 3.191582 6.807062 0.158894
 0.000322 1.863962 1.753741 3.190931 6.808634 0.167878
 0.000323 1.867317 1.754772 3.190445 6.812534 0.191239
 0.000323 1.870291 1.757935 3.190143 6.818368 0.229021
 0.000324 1.872855 1.762697 3.189953 6.825505 0.279867
 0.000324 1.875184 1.768007 3.189865 6.833056 0.339210
 0.000325 1.876761 1.773351 3.189844 6.839956 0.398426
 0.000325 1.877682 1.778146 3.189923 6.845752 0.451840
 0.000326 1.877520 1.782156 3.190024 6.849700 0.490152
 0.000326 1.876608 1.785085 3.190149 6.851842 0.511593
 0.000327 1.874494 1.786248 3.190340 6.851081 0.503926
 0.000327 1.871028 1.785005 3.190681 6.846713 0.461028
 0.000328 1.867180 1.781233 3.191138 6.839551 0.394818
 0.000328 1.863413 1.774830 3.191619 6.829863 0.313418
 0.000329 1.860116 1.767022 3.192187 6.819324 0.235534
 0.000329 1.857750 1.758359 3.192781 6.808890 0.169364
 0.000330 1.856736 1.749445 3.193365 6.799545 0.119345
 0.000330 1.857215 1.740958 3.194031 6.792203 0.086170
 0.000331 1.859713 1.733578 3.194732 6.788024 0.069691
 0.000331 1.864020 1.728153 3.195533 6.787706 0.068510
 0.000332 1.870285 1.725233 3.196397 6.791916 0.084979
 0.000332 1.877810 1.725110 3.197332 6.800253 0.122824
 0.000333 1.886139 1.727674 3.198318 6.812130 0.188747
 0.000333 1.894949 1.732979 3.199275 6.827203 0.292715
 0.000334 1.903759 1.740619 3.200277 6.844655 0.441470
 0.000334 1.911738 1.750363 3.201315 6.863417 0.635368
 0.000335 1.918649 1.761078 3.202380 6.882108 0.863544
 0.000335 1.923936 1.771862 3.203437 6.899235 1.103285
 0.000336 1.927256 1.782220 3.204532 6.914008 1.333647
 0.000336 1.928460 1.791715 3.205666 6.925841 1.533907
 0.000337 1.927679 1.799803 3.206862 6.934344 1.686450
 0.000337 1.925027 1.806106 3.207980 6.939114 1.775178
 0.000338 1.921169 1.810516 3.209073 6.940759 1.806320
 0.000338 1.916881 1.813063 3.210156 6.940100 1.793823
 0.000339 1.912318 1.813672 3.211175 6.937165 1.738659
 0.000339 1.908013 1.812489 3.212098 6.932600 1.654563
 0.000340 1.904375 1.809413 3.212922 6.926710 1.549163
 0.000340 1.901866 1.804956 3.213671 6.920493 1.441658
 0.000341 1.901227 1.799820 3.214392 6.915439 1.357116
 0.000341 1.902575 1.794618 3.215076 6.912269 1.305396
 0.000342 1.905648 1.789826 3.215774 6.911248 1.288956
 0.000342 1.910683 1.786287 3.216419 6.913388 1.323544
 0.000343 1.917390 1.783799 3.217053 6.918242 1.403684
 0.000343 1.925067 1.782821 3.217715 6.925603 1.529732
 0.000344 1.933435 1.782570 3.218337 6.934342 1.686412
 0.000344 1.942242 1.783229 3.218936 6.944408 1.876332
 0.000345 1.950951 1.784843 3.219427 6.955222 2.091668
 0.000345 1.958401 1.787337 3.219862 6.965600 2.309317
 0.000346 1.963825 1.790629 3.220323 6.974777 2.510752
 0.000346 1.967516 1.793740 3.220755 6.982011 2.675468
 0.000347 1.968622 1.796692 3.221106 6.986420 2.778446
 0.000347 1.967051 1.799101 3.221506 6.987658 2.807697
 0.000348 1.962843 1.800838 3.221753 6.985435 2.755258
 0.000348 1.956231 1.802219 3.221915 6.980364 2.637523
 0.000349 1.947113 1.802445 3.222051 6.971610 2.440284
 0.000349 1.935625 1.801341 3.222228 6.959194 2.173702
 0.000350 1.922878 1.799099 3.222404 6.944381 1.875811
 0.000350 1.909732 1.795953 3.222596 6.928281 1.576935
 0.000351 1.896767 1.792585 3.222862 6.912214 1.304511
 0.000351 1.884238 1.789257 3.223131 6.896626 1.064869
 0.000352 1.873252 1.786086 3.223382 6.882720 0.871607
 0.000352 1.864297 1.783476 3.223663 6.871436 0.728985
 0.000353 1.857425 1.782386 3.224012 6.863823 0.639957
 0.000353 1.852866 1.782689 3.224309 6.859864 0.595950
 0.000354 1.850227 1.784374 3.224609 6.859210 0.588836
 0.000354 1.849837 1.787616 3.224880 6.862333 0.623213
 0.000355 1.851780 1.792136 3.225293 6.869210 0.702350
 0.000355 1.855694 1.797781 3.225739 6.879215 0.825933
 0.000356 1.860818 1.804215 3.226260 6.891294 0.988478
 0.000356 1.866496 1.810824 3.226787 6.904107 1.176839
 0.000357 1.872182 1.817645 3.227350 6.917177 1.385898
 0.000357 1.876980 1.824265 3.227932 6.929177 1.592888
 0.000358 1.880266 1.830251 3.228530 6.939047 1.773931
 0.000358 1.881475 1.835586 3.229188 6.946249 1.912180
 0.000359 1.880095 1.840144 3.229993 6.950232 1.990863
 0.000359 1.875759 1.843385 3.230961 6.950105 1.988317
 0.000360 1.868352 1.845437 3.231992 6.945780 1.903018
 0.000360 1.858323 1.846341 3.233081 6.937745 1.749493
 0.000361 1.846395 1.846409 3.234174 6.926978 1.553880
 0.000361 1.833236 1.846442 3.235224 6.914902 1.348280
 0.000362 1.819370 1.847098 3.236306 6.902774 1.156475
 0.000362 1.806095 1.848183 3.237458 6.891736 0.994704
 0.000363 1.793898 1.849839 3.238641 6.882377 0.867078
 0.000363 1.783720 1.852528 3.239887 6.876135 0.786828
 0.000364 1.776143 1.856702 3.241152 6.873997 0.760239
 0.000364 1.771749 1.862378 3.242458 6.876585 0.792484
 0.000365 1.770488 1.869726 3.243820 6.884035 0.889043
 0.000365 1.772055 1.878189 3.245220 6.895464 1.047980
 0.000366 1.776344 1.887174 3.246687 6.910205 1.272254
 0.000366 1.782693 1.896400 3.248178 6.927271 1.559051
 0.000367 1.790140 1.905221 3.249654 6.945015 1.888125
 0.000367 1.797280 1.912651 3.251102 6.961033 2.212216
 0.000368 1.803868 1.918148 3.252569 6.974585 2.506446
 0.000368 1.809148 1.921193 3.254019 6.984360 2.730092
 0.000369 1.812599 1.921867 3.255416 6.989882 2.860657
 0.000369 1.813327 1.920224 3.256648 6.990199 2.868244
 0.000370 1.811007 1.916278 3.257690 6.984974 2.744459
 0.000370 1.805881 1.910563 3.258594 6.975037 2.516595
 0.000371 1.798080 1.903833 3.259379 6.961292 2.217658
 0.000371 1.787952 1.896429 3.259961 6.944342 1.875070
 0.000372 1.776107 1.889149 3.260377 6.925633 1.530267
 0.000372 1.763210 1.883083 3.260749 6.907042 1.222304
 0.000373 1.750480 1.878256 3.261054 6.889790 0.967448
 0.000373 1.738972 1.875316 3.261239 6.875527 0.779222
 0.000374 1.729354 1.874084 3.261296 6.864734 0.650303
 0.000374 1.722126 1.874978 3.261277 6.858381 0.579874
 0.000375 1.717823 1.878079 3.261169 6.857071 0.565851
 0.000375 1.716248 1.883418 3.260969 6.860634 0.604391
 0.000376 1.717487 1.889970 3.260656 6.868114 0.689419
 0.000376 1.721155 1.897242 3.260388 6.878785 0.820415
 0.000377 1.726577 1.904446 3.260008 6.891030 0.984771
 0.000377 1.732605 1.911149 3.259584 6.903338 1.165073
 0.000378 1.738793 1.916708 3.259016 6.914518 1.341986
 0.000378 1.744192 1.920563 3.258232 6.922987 1.484317
 0.000379 1.748288 1.922226 3.257344 6.927858 1.569428
 0.000379 1.751075 1.921629 3.256407 6.929111 1.591712
 0.000380 1.752135 1.918973 3.255357 6.926465 1.544850
 0.000380 1.751166 1.914351 3.254211 6.919727 1.428685
 0.000381 1.748399 1.908342 3.253001 6.909742 1.264889
 0.000381 1.744409 1.901075 3.251749 6.897232 1.073735
 0.000382 1.739507 1.893308 3.250403 6.883218 0.878184
 0.000382 1.734115 1.885840 3.248908 6.868863 0.698243
 0.000383 1.729259 1.879114 3.247263 6.855637 0.550693
 0.000383 1.725408 1.873588 3.245537 6.844533 0.440331
 0.000384 1.722994 1.869565 3.243781 6.836341 0.366805
 0.000384 1.722477 1.867088 3.242029 6.831594 0.327276
 0.000385 1.724149 1.866725 3.240347 6.831221 0.324268
 0.000385 1.727830 1.868573 3.238741 6.835144 0.356624
 0.000386 1.733126 1.872230 3.236998 6.842355 0.420123
 0.000386 1.740124 1.877238 3.235108 6.852470 0.517963
 0.000387 1.748324 1.883329 3.233185 6.864838 0.651490
 0.000387 1.757434 1.889829 3.231213 6.878477 0.816474
 0.000388 1.766983 1.896344 3.229198 6.892525 1.005862
 0.000388 1.776963 1.902604 3.227234 6.906801 1.218536
 0.000389 1.786413 1.907700 3.225272 6.919385 1.422900
 0.000389 1.794817 1.911219 3.223230 6.929266 1.594477
 0.000390 1.801310 1.912852 3.221235 6.935398 1.705863
 0.000390 1.805621 1.912744 3.219185 6.937550 1.745839
 0.000391 1.808158 1.910953 3.217195 6.936306 1.722665
 0.000391 1.808694 1.907545 3.215245 6.931484 1.634321
 0.000392 1.807555 1.902913 3.213334 6.923801 1.498385
 0.000392 1.804718 1.897411 3.211424 6.913553 1.326227
 0.000393 1.800640 1.891191 3.209423 6.901254 1.133488
 0.000393 1.795839 1.885185 3.207400 6.888425 0.948547
 0.000394 1.791011 1.879592 3.205442 6.876045 0.785696
 0.000394 1.786573 1.875179 3.203570 6.865322 0.657030
 0.000395 1.782882 1.872375 3.201735 6.856993 0.565017
 0.000395 1.780039 1.871252 3.199903 6.851193 0.505051
 0.000396 1.778213 1.872294 3.198059 6.848565 0.478980
 0.000396 1.777781 1.875364 3.196284 6.849429 0.487476
 0.000397 1.778368 1.880313 3.194519 6.853200 0.525416
 0.000397 1.780023 1.886850 3.192864 6.859737 0.594570
 0.000398 1.782604 1.894398 3.191272 6.868274 0.691308
 0.000398 1.786034 1.902451 3.189741 6.878227 0.813282
 0.000399 1.789480 1.910733 3.188236 6.888449 0.948882
 0.000399 1.792605 1.918666 3.186695 6.897966 1.084520
 0.000400 1.795195 1.924972 3.185128 6.905296 1.195149
 0.000400 1.796694 1.929305 3.183501 6.909500 1.261031
 0.000401 1.796756 1.931189 3.181884 6.909829 1.266272
 0.000401 1.795815 1.930424 3.180280 6.906519 1.214134
 0.000402 1.793728 1.927015 3.178665 6.899409 1.105867
 0.000402 1.790626 1.921503 3.177021 6.889149 0.958551
 0.000403 1.787440 1.914088 3.175244 6.876772 0.794837
 0.000403 1.784506 1.905710 3.173401 6.863616 0.637623
 0.000404 1.782007 1.897497 3.171598 6.851102 0.504134
 0.000404 1.780516 1.889800 3.169821 6.840136 0.400035
 0.000405 1.780441 1.883098 3.167951 6.831490 0.326433
 0.000405 1.782000 1.877526 3.166076 6.825603 0.280597
 0.000406 1.785606 1.873536 3.164113 6.823256 0.263291
 0.000406 1.791078 1.871441 3.162150 6.824669 0.273644
 0.000407 1.798353 1.871160 3.160271 6.829785 0.312803
 0.000407 1.807437 1.872620 3.158401 6.838458 0.385168
 0.000408 1.817854 1.875686 3.156470 6.850009 0.493215
 0.000408 1.829510 1.879971 3.154516 6.863997 0.641931
 0.000409 1.841890 1.884940 3.152626 6.879455 0.829032
 0.000409 1.854211 1.889914 3.150739 6.894864 1.039308
 0.000410 1.865465 1.893875 3.148840 6.908180 1.240165
 0.000410 1.876011 1.896154 3.146987 6.919152 1.418978
 0.000411 1.885405 1.896544 3.145247 6.927196 1.557724
 0.000411 1.893453 1.894926 3.143540 6.931918 1.642192
 0.000412 1.900313 1.890831 3.141831 6.932975 1.661394
 0.000412 1.905724 1.884219 3.140150 6.930093 1.609276
 0.000413 1.910053 1.875745 3.138481 6.924279 1.506668
 0.000413 1.914024 1.866108 3.136874 6.917007 1.383076
 0.000414 1.917659 1.855280 3.135357 6.908296 1.241982
 0.000414 1.921105 1.844107 3.133843 6.899055 1.100611
 0.000415 1.924567 1.833053 3.132348 6.889968 0.969926
 0.000415 1.927945 1.822618 3.130836 6.881399 0.854246
 0.000416 1.930869 1.813621 3.129381 6.873871 0.758688
 0.000416 1.933672 1.806311 3.127983 6.867967 0.687694
 0.000417 1.936421 1.800844 3.126628 6.863894 0.640756
 0.000417 1.939539 1.797471 3.125333 6.862344 0.623329
 0.000418 1.942595 1.796365 3.124102 6.863063 0.631383
 0.000418 1.945137 1.797553 3.122873 6.865563 0.659797
 0.000419 1.947157 1.800739 3.121665 6.869562 0.706531
 0.000419 1.948541 1.805602 3.120368 6.874511 0.766589
 0.000420 1.948692 1.811841 3.119072 6.879606 0.830965
 0.000420 1.947294 1.818776 3.117806 6.883875 0.886921
 0.000421 1.944305 1.825609 3.116586 6.886499 0.922215
 0.000421 1.939292 1.832506 3.115426 6.887224 0.932084
 0.000422 1.932500 1.838478 3.114392 6.885370 0.906939
 0.000422 1.924104 1.843051 3.113348 6.880503 0.842570
 0.000423 1.914545 1.846255 3.112289 6.873090 0.749091
 0.000423 1.903837 1.847905 3.111302 6.863044 0.631174
 0.000424 1.891731 1.847538 3.110324 6.849592 0.489087
 0.000424 1.879203 1.845517 3.109366 6.834086 0.347747
 0.000425 1.866988 1.842554 3.108494 6.818036 0.226777
 0.000425 1.855874 1.838884 3.107658 6.802416 0.133780
 0.000426 1.845811 1.835041 3.106862 6.787714 0.068540
 0.000426 1.837700 1.831790 3.106117 6.775608 0.031045
 0.000427 1.831886 1.829798 3.105449 6.767132 0.013518
 0.000427 1.828705 1.829470 3.104826 6.763001 0.007578
 0.000428 1.827770 1.830982 3.104278 6.763031 0.007615
 0.000428 1.829114 1.834367 3.103827 6.767307 0.013807
 0.000429 1.832615 1.839753 3.103467 6.775835 0.031613
 0.000429 1.837831 1.847001 3.103204 6.788037 0.069740
 0.000430 1.843953 1.855325 3.102891 6.802169 0.132508
 0.000430 1.850468 1.864158 3.102623 6.817249 0.221507
 0.000431 1.856844 1.872917 3.102436 6.832197 0.332175
 0.000431 1.862472 1.881539 3.102251 6.846262 0.456699
 0.000432 1.866969 1.889835 3.102042 6.858846 0.584895
 0.000432 1.870193 1.896829 3.101811 6.868833 0.697896
 0.000433 1.871826 1.902982 3.101549 6.876356 0.789607
 0.000433 1.871941 1.908151 3.101348 6.881440 0.854778
 0.000434 1.870620 1.911796 3.101176 6.883591 0.883144
 0.000434 1.868111 1.914023 3.100994 6.883128 0.876997
 0.000435 1.864971 1.914880 3.100806 6.880658 0.844584
 0.000435 1.862046 1.914419 3.100536 6.877001 0.797731
 0.000436 1.859674 1.913213 3.100322 6.873210 0.750557
 0.000436 1.858461 1.911660 3.100179 6.870300 0.715330
 0.000437 1.858911 1.910074 3.100141 6.869126 0.701361
 0.000437 1.861224 1.908306 3.100121 6.869651 0.707585
 0.000438 1.865147 1.906312 3.100022 6.871482 0.729535
 0.000438 1.870945 1.904820 3.099955 6.875720 0.781631
 0.000439 1.878469 1.903728 3.099924 6.882121 0.863708
 0.000439 1.887320 1.903245 3.099776 6.890341 0.975126
 0.000440 1.896975 1.903311 3.099609 6.899895 1.113109
 0.000440 1.907220 1.903508 3.099420 6.910147 1.271340
 0.000441 1.917769 1.904124 3.099232 6.921124 1.452399
 0.000441 1.927773 1.905071 3.099045 6.931888 1.641646
 0.000442 1.936828 1.905995 3.098874 6.941697 1.824191
 0.000442 1.944734 1.906410 3.098626 6.949770 1.981648
 0.000443 1.950962 1.905881 3.098394 6.955237 2.091988
 0.000443 1.955650 1.904541 3.098150 6.958341 2.155951
 0.000444 1.958507 1.902072 3.097892 6.958471 2.158660
 0.000444 1.959151 1.898353 3.097647 6.955151 2.090221
 0.000445 1.957976 1.893489 3.097401 6.948867 1.963710
 0.000445 1.955495 1.887527 3.097095 6.940116 1.794121
 0.000446 1.952472 1.880400 3.096642 6.929513 1.598893
 0.000446 1.949125 1.872564 3.096211 6.917899 1.397950
 0.000447 1.945275 1.864681 3.095785 6.905741 1.202049
 0.000447 1.941469 1.856583 3.095451 6.893503 1.019783
 0.000448 1.938305 1.848500 3.095102 6.881907 0.860901
 0.000448 1.936192 1.841077 3.094759 6.872029 0.736161
 0.000449 1.934725 1.834539 3.094465 6.863729 0.638900
 0.000449 1.934235 1.829220 3.094192 6.857647 0.571997
 0.000450 1.934787 1.825163 3.093952 6.853902 0.532643
 0.000450 1.936175 1.822332 3.093699 6.852206 0.515276
 0.000451 1.938668 1.821041 3.093470 6.853179 0.525205
 0.000451 1.941979 1.821180 3.093287 6.856446 0.559219
 0.000452 1.945900 1.822136 3.093209 6.861245 0.611125
 0.000452 1.949679 1.823190 3.093132 6.866002 0.664842
 0.000453 1.953357 1.824206 3.093188 6.870751 0.720742
 0.000453 1.956296 1.825414 3.093377 6.875087 0.773735
 0.000454 1.958286 1.825996 3.093688 6.877971 0.810021
 0.000454 1.958898 1.825814 3.094134 6.878846 0.821199
 0.000455 1.958118 1.824801 3.094629 6.877548 0.804655
 0.000455 1.956593 1.823442 3.095101 6.875135 0.774332
 0.000456 1.954191 1.821786 3.095613 6.871590 0.730850
 0.000456 1.950783 1.819582 3.096115 6.866480 0.670375
 0.000457 1.946897 1.817132 3.096668 6.860696 0.605075
 0.000457 1.942763 1.814994 3.097344 6.855101 0.545089
 0.000458 1.939070 1.813792 3.098128 6.850990 0.503012
 0.000458 1.936597 1.813294 3.099003 6.848895 0.482210
 0.000459 1.935153 1.813842 3.099916 6.848911 0.482375
 0.000459 1.935202 1.816189 3.100891 6.852282 0.516049
 0.000460 1.937141 1.820024 3.101910 6.859076 0.587377
 0.000460 1.940961 1.825354 3.102897 6.869211 0.702369
 0.000461 1.946316 1.832159 3.103910 6.882385 0.867190
 0.000461 1.952865 1.839916 3.104866 6.897647 1.079825
 0.000462 1.960127 1.847986 3.105834 6.913946 1.332637
 0.000462 1.967929 1.856088 3.106674 6.930691 1.620018
 0.000463 1.975663 1.864463 3.107480 6.947606 1.938802
 0.000463 1.982697 1.872400 3.108246 6.963343 2.261080
 0.000464 1.988563 1.879577 3.108919 6.977059 2.562148
 0.000464 1.993115 1.885610 3.109549 6.988274 2.822314
 0.000465 1.995900 1.890334 3.110006 6.996241 3.014761
 0.000465 1.996834 1.893687 3.110255 7.000775 3.127141
 0.000466 1.996224 1.895772 3.110316 7.002312 3.165692
 0.000466 1.993527 1.896397 3.110229 7.000152 3.111583
 0.000467 1.989012 1.896053 3.110040 6.995105 2.986937
 0.000467 1.983368 1.894873 3.109706 6.987947 2.814543
 0.000468 1.976989 1.893407 3.109270 6.979665 2.621494
 0.000468 1.970500 1.891452 3.108636 6.970587 2.417743
 0.000469 1.963739 1.889561 3.107877 6.961176 2.215228
 0.000469 1.957735 1.887951 3.107050 6.952736 2.041134
 0.000470 1.952576 1.886663 3.106101 6.945339 1.894421
 0.000470 1.948457 1.885931 3.105157 6.939544 1.783300
 0.000471 1.945945 1.885746 3.104178 6.935870 1.714580
 0.000471 1.944532 1.885817 3.103135 6.933484 1.670687
 0.000472 1.944510 1.886084 3.101979 6.932573 1.654085
 0.000472 1.945590 1.885886 3.100723 6.932200 1.647300
 0.000473 1.947483 1.885339 3.099333 6.932156 1.646494
 0.000473 1.949696 1.883886 3.097822 6.931404 1.632878
 0.000474 1.951924 1.881725 3.096234 6.929884 1.605529
 0.000474 1.954171 1.878604 3.094547 6.927322 1.559945
 0.000475 1.955968 1.874491 3.092734 6.923193 1.487872
 0.000475 1.956743 1.869477 3.090728 6.916948 1.382097
 0.000476 1.955883 1.863230 3.088585 6.907698 1.232577
 0.000476 1.953399 1.855901 3.086302 6.895603 1.049991
 0.000477 1.948995 1.847971 3.083991 6.880957 0.848480
 0.000477 1.942951 1.839377 3.081667 6.863996 0.641915
 0.000478 1.935787 1.830159 3.079358 6.845304 0.447596
 0.000478 1.927917 1.820817 3.076981 6.825715 0.281443
 0.000479 1.920271 1.812128 3.074633 6.807031 0.158718
 0.000479 1.913554 1.805144 3.072283 6.790981 0.081168
 0.000480 1.908392 1.800231 3.069827 6.778450 0.038531
 0.000480 1.904713 1.796841 3.067430 6.768984 0.016734
 0.000481 1.902948 1.794931 3.065054 6.762933 0.007495
 0.000481 1.903000 1.794454 3.062713 6.760167 0.004491
 0.000482 1.904632 1.795107 3.060436 6.760175 0.004498
 0.000482 1.907216 1.796575 3.058200 6.761991 0.006386
 0.000483 1.911321 1.798780 3.055922 6.766022 0.011755
 0.000483 1.916829 1.801116 3.053646 6.771590 0.021842
 0.000484 1.922897 1.802895 3.051375 6.777168 0.035054
 0.000484 1.929318 1.803627 3.049162 6.782107 0.049354
 0.000485 1.935630 1.802724 3.047061 6.785416 0.060295
 0.000485 1.941157 1.800245 3.045012 6.786415 0.063814
 0.000486 1.945858 1.796008 3.042958 6.784824 0.058259
 0.000486 1.949795 1.790759 3.040931 6.781486 0.047419
 0.000487 1.953101 1.784778 3.038939 6.776818 0.034133
 0.000487 1.955918 1.778211 3.037020 6.771148 0.020928
 0.000488 1.958861 1.771981 3.035148 6.765990 0.011705
 0.000488 1.961667 1.766728 3.033312 6.761707 0.006069
 0.000489 1.964883 1.762976 3.031543 6.759402 0.003795
 0.000489 1.968243 1.760815 3.029830 6.758888 0.003360
 0.000490 1.972339 1.760049 3.028173 6.760560 0.004872
 0.000490 1.977338 1.760831 3.026627 6.764797 0.009951
 0.000491 1.983069 1.763435 3.025095 6.771599 0.021861
 0.000491 1.989001 1.767449 3.023612 6.780062 0.043138
 0.000492 1.995377 1.772272 3.022184 6.789833 0.076611
 0.000492 2.001743 1.777754 3.020861 6.800358 0.123347
 0.000493 2.007607 1.783647 3.019650 6.810905 0.181293
 0.000493 2.012537 1.789641 3.018544 6.820723 0.245231
 0.000494 2.016391 1.795347 3.017398 6.829136 0.307688
 0.000494 2.018911 1.800342 3.016338 6.835592 0.360418
 0.000495 2.020071 1.803891 3.015378 6.839340 0.392945
 0.000495 2.020044 1.806357 3.014505 6.840905 0.406939
 0.000496 2.018869 1.807376 3.013782 6.840027 0.399055
 0.000496 2.016660 1.807600 3.013131 6.837391 0.375860
 0.000497 2.013394 1.807323 3.012570 6.833287 0.341119
 0.000497 2.009258 1.806703 3.012049 6.828011 0.298926
 0.000498 2.004127 1.806314 3.011536 6.821977 0.254095
 0.000498 1.998164 1.806264 3.011073 6.815501 0.210026
 0.000499 1.991240 1.806801 3.010685 6.808726 0.168410
 0.000499 1.983675 1.808224 3.010329 6.802228 0.132812
 0.000500 1.975672 1.810590 3.010054 6.796315 0.104086
