#! FIELDS time dAB dAC rc bias
 0.000000 2.574221 2.281563 4.855784 7.282696
 0.000000 2.574432 2.297493 4.871925 7.911740
 0.000001 2.574327 2.313139 4.887466 8.541999
 0.000001 2.574072 2.327638 4.901710 9.140902
 0.000002 2.573530 2.340198 4.913728 9.661961
 0.000002 2.572800 2.349831 4.922631 10.057307
 0.000003 2.572119 2.356015 4.928134 10.305643
 0.000003 2.571454 2.358599 4.930053 10.392947
 0.000004 2.570888 2.357807 4.928695 10.331098
 0.000004 2.570279 2.354503 4.924782 10.154022
 0.000005 2.569436 2.349435 4.918871 9.889377
 0.000005 2.568147 2.343091 4.911238 9.552816
 0.000006 2.566297 2.336179 4.902476 9.173696
 0.000006 2.563663 2.329315 4.892978 8.771366
 0.000007 2.560267 2.322672 4.882939 8.355912
 0.000007 2.556226 2.315963 4.872190 7.922255
 0.000008 2.551522 2.308876 4.860399 7.459862
 0.000008 2.546133 2.301475 4.847609 6.974015
 0.000009 2.540116 2.294078 4.834195 6.482048
 0.000009 2.533919 2.286834 4.820753 6.007104
 0.000010 2.527565 2.279531 4.807097 5.543071
 0.000010 2.521255 2.271793 4.793048 5.085182
 0.000011 2.515113 2.262770 4.777884 4.613082
 0.000011 2.509446 2.251499 4.760946 4.112937
 0.000012 2.504301 2.237371 4.741672 3.578724
 0.000012 2.499629 2.219900 4.719529 3.010831
 0.000013 2.495374 2.199316 4.694690 2.432162
 0.000013 2.491577 2.176212 4.667789 1.875027
 0.000014 2.488028 2.151825 4.639853 1.373075
 0.000014 2.484654 2.127366 4.612019 0.950563
 0.000015 2.481292 2.103861 4.585153 0.616221
 0.000015 2.477878 2.082162 4.560039 0.368954
 0.000016 2.474485 2.063458 4.537943 0.203555
 0.000016 2.471054 2.048159 4.519213 0.101590
 0.000017 2.467513 2.036594 4.504107 0.044908
 0.000017 2.463936 2.028357 4.492293 0.016480
 0.000018 2.460299 2.023862 4.484161 0.005023
 0.000018 2.456801 2.023161 4.479962 0.001696
 0.000019 2.453619 2.025103 4.478722 0.001051
 0.000019 2.450738 2.029099 4.479837 0.001624
 0.000020 2.448338 2.034384 4.482723 0.003685
 0.000020 2.446548 2.039657 4.486205 0.007281
 0.000021 2.445353 2.043390 4.488743 0.010665
 0.000021 2.444854 2.044593 4.489447 0.011719
 0.000022 2.445059 2.042258 4.487316 0.008684
 0.000022 2.445750 2.036485 4.482235 0.003278
 0.000023 2.446878 2.028459 4.475337 0.000072
 0.000023 2.448272 2.019181 4.467453 0.002234
 0.000024 2.449823 2.010482 4.460304 0.009568
 0.000024 2.451566 2.003465 4.455031 0.018253
 0.000025 2.453265 1.999387 4.452652 0.023082
 0.000025 2.454848 1.998796 4.453644 0.021001
 0.000026 2.456309 2.002520 4.458829 0.011718
 0.000026 2.457700 2.010710 4.468410 0.001641
 0.000027 2.458986 2.023350 4.482336 0.003361
 0.000027 2.460045 2.040072 4.500116 0.033744
 0.000028 2.460864 2.060519 4.521383 0.111604
 0.000028 2.461770 2.084200 4.545970 0.257992
 0.000029 2.462760 2.110335 4.573094 0.489618
 0.000029 2.463912 2.138484 4.602396 0.822505
 0.000030 2.465400 2.167172 4.632572 1.255062
 0.000030 2.467253 2.195111 4.662364 1.771450
 0.000031 2.469420 2.221118 4.690539 2.341461
 0.000031 2.471943 2.244689 4.716632 2.940180
 0.000032 2.474759 2.265470 4.740229 3.540222
 0.000032 2.477844 2.283341 4.761184 4.119786
 0.000033 2.481228 2.298753 4.779981 4.676995
 0.000033 2.484786 2.311848 4.796634 5.200183
 0.000034 2.488445 2.323091 4.811535 5.691848
 0.000034 2.491922 2.332905 4.824827 6.149130
 0.000035 2.495098 2.341246 4.836344 6.559658
 0.000035 2.497917 2.348413 4.846331 6.926380
 0.000036 2.500525 2.354192 4.854716 7.241995
 0.000036 2.502825 2.358505 4.861330 7.495868
 0.000037 2.504984 2.361609 4.866594 7.701081
 0.000037 2.507072 2.363352 4.870424 7.852113
 0.000038 2.509052 2.364041 4.873094 7.958279
 0.000038 2.511010 2.363576 4.874586 8.017928
 0.000039 2.513040 2.361925 4.874965 8.033105
 0.000039 2.515218 2.358501 4.873719 7.983248
 0.000040 2.517530 2.352770 4.870300 7.847213
 0.000040 2.519998 2.345247 4.865246 7.648258
 0.000041 2.522541 2.335665 4.858207 7.375450
 0.000041 2.525059 2.324140 4.849200 7.033576
 0.000042 2.527353 2.311406 4.838759 6.647419
 0.000042 2.529240 2.298125 4.827365 6.238476
 0.000043 2.530637 2.284911 4.815548 5.828059
 0.000043 2.531413 2.272497 4.803910 5.437488
 0.000044 2.531442 2.261487 4.792929 5.081391
 0.000044 2.530744 2.252141 4.782885 4.766227
 0.000045 2.529236 2.244640 4.773877 4.492164
 0.000045 2.526943 2.239111 4.766055 4.260766
 0.000046 2.523970 2.235636 4.759606 4.074598
 0.000046 2.520411 2.234012 4.754423 3.927983
 0.000047 2.516280 2.234575 4.750855 3.828612
 0.000047 2.511743 2.236945 4.748688 3.768893
 0.000048 2.506842 2.240212 4.747053 3.724145
 0.000048 2.501655 2.243664 4.745319 3.676950
 0.000049 2.496227 2.246511 4.742738 3.607300
 0.000049 2.490655 2.247457 4.738112 3.484124
 0.000050 2.485018 2.246164 4.731182 3.303572
 0.000050 2.479355 2.242525 4.721880 3.068798
 0.000051 2.473639 2.236643 4.710282 2.788208
 0.000051 2.467947 2.228737 4.696683 2.476326
 0.000052 2.462148 2.219610 4.681758 2.155302
 0.000052 2.456112 2.209615 4.665727 1.835310
 0.000053 2.450063 2.199445 4.649508 1.537731
 0.000053 2.444062 2.189975 4.634037 1.278378
 0.000054 2.438120 2.181694 4.619814 1.061077
 0.000054 2.432239 2.175091 4.607330 0.887004
 0.000055 2.426665 2.169979 4.596644 0.750391
 0.000055 2.421471 2.166171 4.587643 0.644166
 0.000056 2.416942 2.164124 4.581066 0.571685
 0.000056 2.413107 2.163501 4.576608 0.525010
 0.000057 2.410036 2.163571 4.573607 0.494700
 0.000057 2.407981 2.164609 4.572590 0.484637
 0.000058 2.407139 2.165824 4.572963 0.488320
 0.000058 2.407596 2.166661 4.574258 0.501197
 0.000059 2.409296 2.166292 4.575588 0.514608
 0.000059 2.412107 2.163982 4.576090 0.519708
 0.000060 2.415865 2.159942 4.575807 0.516826
 0.000060 2.420385 2.154418 4.574803 0.506674
 0.000061 2.425412 2.147908 4.573320 0.491857
 0.000061 2.430863 2.141526 4.572389 0.482661
 0.000062 2.436592 2.136079 4.572672 0.485447
 0.000062 2.442312 2.132502 4.574815 0.506789
 0.000063 2.447870 2.131191 4.579061 0.550441
 0.000063 2.453298 2.132395 4.585692 0.622219
 0.000064 2.458609 2.135956 4.594565 0.725135
 0.000064 2.463602 2.142704 4.606305 0.873412
 0.000065 2.468200 2.152585 4.620785 1.075261
 0.000065 2.472602 2.164771 4.637373 1.332290
 0.000066 2.476864 2.178841 4.655706 1.648340
 0.000066 2.481044 2.194285 4.675329 2.023893
 0.000067 2.485279 2.210613 4.695892 2.458748
 0.000067 2.489661 2.226765 4.716426 2.935170
 0.000068 2.494258 2.241927 4.736185 3.433423
 0.000068 2.499035 2.254876 4.753911 3.913649
 0.000069 2.504040 2.265083 4.769123 4.350818
 0.000069 2.509193 2.271877 4.781070 4.710352
 0.000070 2.514407 2.275612 4.790019 4.989050
 0.000070 2.519578 2.277064 4.796643 5.200469
 0.000071 2.524584 2.276699 4.801283 5.351192
 0.000071 2.529309 2.275172 4.804482 5.456348
 0.000072 2.533479 2.273190 4.806669 5.528860
 0.000072 2.537136 2.271500 4.808636 5.594450
 0.000073 2.540425 2.270534 4.810959 5.672413
 0.000073 2.543360 2.270563 4.813923 5.772705
 0.000074 2.546161 2.271802 4.817963 5.910770
 0.000074 2.548796 2.274222 4.823018 6.085867
 0.000075 2.551173 2.277438 4.828610 6.282528
 0.000075 2.553671 2.281560 4.835230 6.519392
 0.000076 2.556258 2.286277 4.842535 6.785807
 0.000076 2.558830 2.291022 4.849852 7.058071
 0.000077 2.561378 2.294861 4.856239 7.300048
 0.000077 2.564001 2.297666 4.861667 7.508928
 0.000078 2.566662 2.298779 4.865441 7.655901
 0.000078 2.569414 2.298166 4.867580 7.739820
 0.000079 2.572039 2.295485 4.867523 7.737603
 0.000079 2.574423 2.291102 4.865525 7.659178
 0.000080 2.576313 2.286074 4.862387 7.536883
 0.000080 2.577485 2.280471 4.857956 7.365812
 0.000081 2.577580 2.274931 4.852511 7.158304
 0.000081 2.576633 2.270190 4.846823 6.944714
 0.000082 2.574647 2.266391 4.841037 6.730757
 0.000082 2.571590 2.263802 4.835392 6.525220
 0.000083 2.567513 2.262481 4.829994 6.331670
 0.000083 2.562597 2.262610 4.825207 6.162479
 0.000084 2.556923 2.264046 4.820970 6.014618
 0.000084 2.550610 2.266203 4.816814 5.871336
 0.000085 2.543769 2.268939 4.812708 5.731494
 0.000085 2.536659 2.272187 4.808846 5.601482
 0.000086 2.529412 2.275083 4.804495 5.456802
 0.000086 2.522116 2.276738 4.798855 5.272043
 0.000087 2.514911 2.277167 4.792078 5.054281
 0.000087 2.507791 2.276081 4.783872 4.796760
 0.000088 2.500825 2.273076 4.773901 4.492892
 0.000088 2.494015 2.267928 4.761943 4.141588
 0.000089 2.487223 2.260962 4.748186 3.755107
 0.000089 2.480321 2.252684 4.733004 3.350593
 0.000090 2.473405 2.243252 4.716657 2.940775
 0.000090 2.466348 2.233186 4.699533 2.540154
 0.000091 2.459284 2.223015 4.682299 2.166559
 0.000091 2.452323 2.212555 4.664878 1.819085
 0.000092 2.445701 2.202255 4.647956 1.510640
 0.000092 2.439547 2.192712 4.632259 1.250109
 0.000093 2.433949 2.184027 4.617976 1.034467
 0.000093 2.429060 2.176414 4.605474 0.862460
 0.000094 2.424904 2.169911 4.594815 0.728147
 0.000094 2.421649 2.164191 4.585840 0.623868
 0.000095 2.419324 2.158770 4.578094 0.540339
 0.000095 2.418055 2.153773 4.571828 0.477164
 0.000096 2.417719 2.148722 4.566441 0.425993
 0.000096 2.418061 2.143422 4.561483 0.381457
 0.000097 2.419175 2.137274 4.556450 0.338763
 0.000097 2.420879 2.130505 4.551384 0.298349
 0.000098 2.423044 2.123351 4.546394 0.261047
 0.000098 2.425299 2.116187 4.541486 0.226786
 0.000099 2.427591 2.109698 4.537289 0.199404
 0.000099 2.429640 2.104034 4.533675 0.177232
 0.000100 2.431566 2.099712 4.531278 0.163251
 0.000100 2.433246 2.097452 4.530699 0.159955
 0.000101 2.434758 2.097621 4.532378 0.169598
 0.000101 2.436115 2.100137 4.536251 0.192904
 0.000102 2.437481 2.105429 4.542910 0.236481
 0.000102 2.439054 2.113400 4.552453 0.306665
 0.000103 2.440956 2.123391 4.564346 0.406877
 0.000103 2.443287 2.135462 4.578749 0.547177
 0.000104 2.445860 2.149063 4.594922 0.729446
 0.000104 2.448888 2.163782 4.612671 0.959564
 0.000105 2.452637 2.178814 4.631452 1.237378
 0.000105 2.457174 2.193785 4.650959 1.563287
 0.000106 2.462429 2.208195 4.670624 1.930343
 0.000106 2.468494 2.221241 4.689736 2.324123
 0.000107 2.475099 2.232352 4.707451 2.721753
 0.000107 2.482081 2.241089 4.723170 3.100840
 0.000108 2.489316 2.247123 4.736440 3.440118
 0.000108 2.496755 2.250805 4.747560 3.737992
 0.000109 2.504329 2.252186 4.756515 3.986839
 0.000109 2.511895 2.251821 4.763716 4.192783
 0.000110 2.519404 2.249698 4.769102 4.350194
 0.000110 2.526775 2.246154 4.772928 4.463787
 0.000111 2.534139 2.241387 4.775527 4.541758
 0.000111 2.541720 2.236045 4.777765 4.609482
 0.000112 2.549470 2.229657 4.779127 4.650930
 0.000112 2.557518 2.222753 4.780271 4.685861
 0.000113 2.565920 2.215094 4.781014 4.708639
 0.000113 2.574577 2.206856 4.781433 4.721514
 0.000114 2.583481 2.197950 4.781431 4.721448
 0.000114 2.592716 2.188271 4.780986 4.707799
 0.000115 2.602052 2.178349 4.780401 4.689839
 0.000115 2.611269 2.168032 4.779301 4.656229
 0.000116 2.620213 2.157570 4.777783 4.610009
 0.000116 2.628786 2.147168 4.775953 4.554624
 0.000117 2.636734 2.137151 4.773885 4.492421
 0.000117 2.643861 2.127989 4.771851 4.431644
 0.000118 2.649864 2.120315 4.770179 4.382015
 0.000118 2.654630 2.114212 4.768842 4.342531
 0.000119 2.658223 2.109913 4.768136 4.321740
 0.000119 2.660504 2.107462 4.767966 4.316735
 0.000120 2.661537 2.107141 4.768677 4.337675
 0.000120 2.661525 2.108467 4.769992 4.376495
 0.000121 2.660665 2.111749 4.772414 4.448431
 0.000121 2.659049 2.116457 4.775506 4.541135
 0.000122 2.656748 2.121996 4.778744 4.639236
 0.000122 2.653852 2.127637 4.781489 4.723233
 0.000123 2.650621 2.133064 4.783684 4.790946
 0.000123 2.647127 2.137854 4.784981 4.831177
 0.000124 2.643414 2.141595 4.785009 4.832037
 0.000124 2.639375 2.144243 4.783618 4.788898
 0.000125 2.635182 2.145481 4.780663 4.697889
 0.000125 2.630735 2.145287 4.776021 4.556675
 0.000126 2.625851 2.143799 4.769650 4.366372
 0.000126 2.620484 2.141061 4.761544 4.130122
 0.000127 2.614707 2.137013 4.751719 3.852575
 0.000127 2.608502 2.131625 4.740127 3.537497
 0.000128 2.601791 2.125451 4.727242 3.203073
 0.000128 2.594662 2.118934 4.713596 2.867016
 0.000129 2.587084 2.112212 4.699297 2.534821
 0.000129 2.579325 2.105411 4.684735 2.217562
 0.000130 2.571628 2.099275 4.670904 1.935840
 0.000130 2.564119 2.093528 4.657648 1.683790
 0.000131 2.557051 2.087937 4.644988 1.459479
 0.000131 2.550625 2.082607 4.633233 1.265557
 0.000132 2.544896 2.077438 4.622335 1.098116
 0.000132 2.539898 2.072788 4.612686 0.959780
 0.000133 2.535698 2.068647 4.604345 0.847697
 0.000133 2.532267 2.065112 4.597379 0.759420
 0.000134 2.529496 2.062297 4.591792 0.692128
 0.000134 2.527393 2.059986 4.587379 0.641177
 0.000135 2.525892 2.058769 4.584661 0.610770
 0.000135 2.524622 2.058318 4.582940 0.591894
 0.000136 2.523643 2.058281 4.581923 0.580885
 0.000136 2.522752 2.058715 4.581467 0.575980
 0.000137 2.521740 2.060056 4.581796 0.579518
 0.000137 2.520571 2.062273 4.582844 0.590846
 0.000138 2.519413 2.065542 4.584955 0.614020
 0.000138 2.518188 2.069987 4.588174 0.650214
 0.000139 2.516929 2.075601 4.592531 0.700842
 0.000139 2.515945 2.082248 4.598193 0.769483
 0.000140 2.515155 2.089894 4.605049 0.856881
 0.000140 2.514733 2.098540 4.613272 0.967920
 0.000141 2.514925 2.107775 4.622700 1.103538
 0.000141 2.515804 2.117775 4.633579 1.271080
 0.000142 2.517335 2.128452 4.645787 1.473175
 0.000142 2.519538 2.139414 4.658952 1.707805
 0.000143 2.522366 2.150217 4.672583 1.969022
 0.000143 2.525796 2.160110 4.685906 2.242288
 0.000144 2.529781 2.169462 4.699242 2.533598
 0.000144 2.534236 2.178458 4.712694 2.845459
 0.000145 2.538887 2.187051 4.725937 3.170141
 0.000145 2.543538 2.195015 4.738553 3.495777
 0.000146 2.548070 2.202258 4.750329 3.814066
 0.000146 2.552283 2.208723 4.761006 4.114664
 0.000147 2.555937 2.214646 4.770583 4.393981
 0.000147 2.559045 2.219999 4.779043 4.648366
 0.000148 2.561758 2.224750 4.786508 4.878739
 0.000148 2.564302 2.229291 4.793593 5.102587
 0.000149 2.566709 2.233293 4.800002 5.309361
 0.000149 2.568976 2.237076 4.806052 5.508336
 0.000150 2.571128 2.240184 4.811312 5.684303
 0.000150 2.573216 2.242797 4.816013 5.843937
 0.000151 2.575278 2.244506 4.819783 5.973534
 0.000151 2.577261 2.245666 4.822927 6.082700
 0.000152 2.579143 2.245905 4.825049 6.156914
 0.000152 2.580979 2.245416 4.826395 6.204241
 0.000153 2.582664 2.244164 4.826828 6.219525
 0.000153 2.584033 2.242592 4.826626 6.212379
 0.000154 2.584894 2.240399 4.825292 6.165470
 0.000154 2.585205 2.237836 4.823041 6.086659
 0.000155 2.584791 2.235555 4.820346 5.992996
 0.000155 2.583456 2.233641 4.817097 5.881049
 0.000156 2.581119 2.232231 4.813350 5.753248
 0.000156 2.577821 2.231420 4.809241 5.614693
 0.000157 2.573447 2.231681 4.805127 5.477698
 0.000157 2.568162 2.232574 4.800736 5.333310
 0.000158 2.562286 2.233786 4.796072 5.182093
 0.000158 2.555832 2.235836 4.791668 5.041277
 0.000159 2.548977 2.238448 4.787425 4.907430
 0.000159 2.541878 2.241837 4.783715 4.791900
 0.000160 2.534668 2.245711 4.780379 4.689176
 0.000160 2.527528 2.249534 4.777062 4.588150
 0.000161 2.520486 2.253191 4.773677 4.486184
 0.000161 2.513635 2.256804 4.770438 4.389692
 0.000162 2.506857 2.260265 4.767122 4.291995
 0.000162 2.500230 2.263856 4.764086 4.203502
 0.000163 2.493632 2.267349 4.760981 4.113959
 0.000163 2.486895 2.270895 4.757790 4.022932
 0.000164 2.480021 2.274056 4.754078 3.918315
 0.000164 2.473050 2.276363 4.749413 3.788819
 0.000165 2.465717 2.277991 4.743708 3.633414
 0.000165 2.458083 2.279188 4.737271 3.461953
 0.000166 2.450294 2.279431 4.729726 3.266261
 0.000166 2.442433 2.278699 4.721132 3.050311
 0.000167 2.434742 2.276973 4.711715 2.822139
 0.000167 2.427345 2.274165 4.701510 2.584904
 0.000168 2.420401 2.269505 4.689906 2.327795
 0.000168 2.413923 2.263259 4.677182 2.061339
 0.000169 2.407972 2.256044 4.664017 1.802695
 0.000169 2.402631 2.247692 4.650323 1.552063
 0.000170 2.397941 2.238318 4.636259 1.314159
 0.000170 2.393947 2.228013 4.621960 1.092568
 0.000171 2.390535 2.217082 4.607617 0.890832
 0.000171 2.387628 2.205629 4.593257 0.709467
 0.000172 2.384931 2.193566 4.578497 0.544539
 0.000172 2.382452 2.181200 4.563652 0.400636
 0.000173 2.380178 2.169323 4.549501 0.283977
 0.000173 2.377877 2.158184 4.536062 0.191727
 0.000174 2.375465 2.148352 4.523817 0.123400
 0.000174 2.373090 2.139963 4.513053 0.075720
 0.000175 2.370589 2.133391 4.503979 0.044525
 0.000175 2.368063 2.128555 4.496618 0.025269
 0.000176 2.365557 2.125684 4.491241 0.014626
 0.000176 2.363209 2.125043 4.488253 0.009961
 0.000177 2.361256 2.126323 4.487579 0.009033
 0.000177 2.359746 2.129602 4.489349 0.011568
 0.000178 2.358846 2.134515 4.493360 0.018475
 0.000178 2.358616 2.141428 4.500044 0.033556
 0.000179 2.359168 2.149640 4.508808 0.060101
 0.000179 2.360587 2.159444 4.520031 0.105307
 0.000180 2.362708 2.170117 4.532825 0.172209
 0.000180 2.365526 2.181363 4.546889 0.264635
 0.000181 2.368836 2.192546 4.561381 0.380570
 0.000181 2.372530 2.204009 4.576539 0.524297
 0.000182 2.376487 2.215168 4.591655 0.690519
 0.000182 2.380528 2.225690 4.606218 0.872261
 0.000183 2.384532 2.235345 4.619877 1.061999
 0.000183 2.388306 2.244150 4.632456 1.253231
 0.000184 2.391704 2.251652 4.643356 1.431730
 0.000184 2.394815 2.257928 4.652743 1.594985
 0.000185 2.397547 2.263078 4.660625 1.738869
 0.000185 2.400095 2.266806 4.666901 1.857874
 0.000186 2.402580 2.269348 4.671929 1.956063
 0.000186 2.405066 2.270815 4.675882 2.035028
 0.000187 2.407478 2.270958 4.678436 2.086892
 0.000187 2.409818 2.270138 4.679956 2.118063
 0.000188 2.412204 2.268635 4.680838 2.136253
 0.000188 2.414817 2.266673 4.681490 2.149753
 0.000189 2.417484 2.264587 4.682070 2.161792
 0.000189 2.420022 2.262514 4.682537 2.171500
 0.000190 2.422494 2.260713 4.683207 2.185499
 0.000190 2.424864 2.259350 4.684214 2.206601
 0.000191 2.426833 2.258641 4.685475 2.233163
 0.000191 2.428354 2.258758 4.687112 2.267902
 0.000192 2.429508 2.259833 4.689342 2.315632
 0.000192 2.430126 2.262193 4.692319 2.380155
 0.000193 2.430134 2.265994 4.696127 2.463961
 0.000193 2.429575 2.271299 4.700873 2.570450
 0.000194 2.428469 2.277930 4.706399 2.697269
 0.000194 2.426866 2.285470 4.712336 2.836923
 0.000195 2.424842 2.293802 4.718644 2.989158
 0.000195 2.422535 2.302763 4.725298 3.154061
 0.000196 2.420073 2.312216 4.732288 3.332085
 0.000196 2.417668 2.321784 4.739451 3.519564
 0.000197 2.415352 2.330831 4.746183 3.700423
 0.000197 2.413202 2.339686 4.752888 3.885079
 0.000198 2.411111 2.347651 4.758762 4.050532
 0.000198 2.409179 2.354924 4.764103 4.203997
 0.000199 2.407178 2.361606 4.768785 4.340835
 0.000199 2.405229 2.367132 4.772360 4.446824
 0.000200 2.403223 2.371234 4.774457 4.509572
 0.000200 2.400984 2.373594 4.774578 4.513209
 0.000201 2.398595 2.374482 4.773077 4.468235
 0.000201 2.395928 2.373468 4.769396 4.358865
 0.000202 2.392810 2.370597 4.763407 4.183844
 0.000202 2.389310 2.365929 4.755238 3.950872
 0.000203 2.385668 2.359083 4.744752 3.661594
 0.000203 2.382037 2.350044 4.732081 3.326736
 0.000204 2.378434 2.339666 4.718100 2.975886
 0.000204 2.374904 2.327777 4.702681 2.611599
 0.000205 2.371609 2.314401 4.686010 2.244494
 0.000205 2.368750 2.299730 4.668481 1.888453
 0.000206 2.366324 2.284336 4.650660 1.558006
 0.000206 2.364426 2.268550 4.632975 1.261468
 0.000207 2.363086 2.252801 4.615887 1.004642
 0.000207 2.362358 2.237550 4.599908 0.790910
 0.000208 2.362166 2.223706 4.585872 0.624225
 0.000208 2.362503 2.211487 4.573990 0.498520
 0.000209 2.363238 2.201233 4.564470 0.407998
 0.000209 2.364428 2.193942 4.558370 0.354754
 0.000210 2.365852 2.189452 4.555305 0.329403
 0.000210 2.367326 2.187406 4.554731 0.324764
 0.000211 2.368839 2.187951 4.556790 0.341567
 0.000211 2.370291 2.191208 4.561498 0.381592
 0.000212 2.371648 2.196715 4.568362 0.443913
 0.000212 2.372972 2.203838 4.576810 0.527077
 0.000213 2.374354 2.212386 4.586739 0.633953
 0.000213 2.375818 2.221568 4.597386 0.759503
 0.000214 2.377460 2.231105 4.608565 0.903528
 0.000214 2.379551 2.241237 4.620788 1.075316
 0.000215 2.382198 2.251395 4.633592 1.271286
 0.000215 2.385431 2.261437 4.646867 1.491774
 0.000216 2.389048 2.271533 4.660581 1.738048
 0.000216 2.393117 2.281415 4.674532 2.007897
 0.000217 2.397572 2.290550 4.688122 2.289458
 0.000217 2.402317 2.298817 4.701135 2.576376
 0.000218 2.407202 2.306365 4.713567 2.866317
 0.000218 2.412052 2.313105 4.725157 3.150539
 0.000219 2.416689 2.318710 4.735399 3.412859
 0.000219 2.420972 2.323061 4.744033 3.642165
 0.000220 2.424824 2.325730 4.750555 3.820308
 0.000220 2.428243 2.326416 4.754658 3.934582
 0.000221 2.431250 2.325265 4.756515 3.986834
 0.000221 2.433914 2.321644 4.755558 3.959869
 0.000222 2.436367 2.315481 4.751848 3.856146
 0.000222 2.438709 2.307241 4.745950 3.694094
 0.000223 2.441131 2.297030 4.738161 3.485420
 0.000223 2.443669 2.284806 4.728475 3.234359
 0.000224 2.446461 2.270316 4.716777 2.943688
 0.000224 2.449491 2.254281 4.703772 2.636594
 0.000225 2.452686 2.237716 4.690402 2.338510
 0.000225 2.456177 2.221358 4.677535 2.068519
 0.000226 2.459843 2.206145 4.665988 1.840320
 0.000226 2.463548 2.192576 4.656124 1.655940
 0.000227 2.467424 2.180759 4.648183 1.514582
 0.000227 2.471286 2.171031 4.642317 1.414214
 0.000228 2.475046 2.163946 4.638992 1.358843
 0.000228 2.478728 2.159911 4.638638 1.353020
 0.000229 2.482127 2.158819 4.640947 1.391261
 0.000229 2.485327 2.160829 4.646156 1.479512
 0.000230 2.488297 2.165248 4.653544 1.609332
 0.000230 2.491020 2.171252 4.662272 1.769727
 0.000231 2.493471 2.178359 4.671830 1.954111
 0.000231 2.495810 2.185883 4.681693 2.153959
 0.000232 2.498035 2.192933 4.690968 2.350759
 0.000232 2.500480 2.198795 4.699275 2.534335
 0.000233 2.503063 2.202778 4.705841 2.684306
 0.000233 2.505928 2.204562 4.710490 2.793124
 0.000234 2.509104 2.204632 4.713736 2.870369
 0.000234 2.512548 2.203289 4.715838 2.920938
 0.000235 2.516336 2.200872 4.717207 2.954135
 0.000235 2.520281 2.198394 4.718676 2.989940
 0.000236 2.524224 2.196043 4.720267 3.028977
 0.000236 2.528280 2.193942 4.722221 3.077270
 0.000237 2.532345 2.192267 4.724612 3.136856
 0.000237 2.536377 2.191217 4.727594 3.212006
 0.000238 2.540181 2.190636 4.730816 3.294182
 0.000238 2.543644 2.190233 4.733877 3.373221
 0.000239 2.546822 2.189792 4.736614 3.444686
 0.000239 2.549720 2.189128 4.738848 3.503582
 0.000240 2.552351 2.187718 4.740068 3.535947
 0.000240 2.554860 2.185166 4.740026 3.534817
 0.000241 2.557366 2.181180 4.738545 3.495562
 0.000241 2.560037 2.175383 4.735420 3.413412
 0.000242 2.563078 2.167637 4.730715 3.291592
 0.000242 2.566553 2.157682 4.724235 3.127422
 0.000243 2.570530 2.146061 4.716591 2.939173
 0.000243 2.575079 2.133552 4.708631 2.749344
 0.000244 2.580049 2.120460 4.700509 2.562193
 0.000244 2.585404 2.107948 4.693352 2.402750
 0.000245 2.591024 2.097021 4.688045 2.287812
 0.000245 2.596722 2.088176 4.684897 2.220977
 0.000246 2.602411 2.082193 4.684604 2.214795
 0.000246 2.608044 2.079205 4.687249 2.270812
 0.000247 2.613479 2.078911 4.692390 2.381693
 0.000247 2.618595 2.081235 4.699830 2.546842
 0.000248 2.623340 2.086053 4.709393 2.767238
 0.000248 2.627556 2.092943 4.720499 3.034680
 0.000249 2.631170 2.101283 4.732452 3.336319
 0.000249 2.634168 2.110290 4.744458 3.653656
 0.000250 2.636696 2.119351 4.756047 3.973627
 0.000250 2.638805 2.127543 4.766349 4.269353
 0.000251 2.640700 2.134238 4.774938 4.524038
 0.000251 2.642451 2.138416 4.780867 4.704129
 0.000252 2.644070 2.139279 4.783349 4.780589
 0.000252 2.645512 2.136761 4.782273 4.747361
 0.000253 2.646807 2.131144 4.777950 4.615103
 0.000253 2.647748 2.122629 4.770377 4.387885
 0.000254 2.648206 2.111583 4.759789 4.079827
 0.000254 2.648151 2.099145 4.747296 3.730770
 0.000255 2.647668 2.085965 4.733633 3.366890
 0.000255 2.646603 2.072626 4.719229 3.003491
 0.000256 2.644853 2.059353 4.704206 2.646568
 0.000256 2.642421 2.046950 4.689371 2.316274
 0.000257 2.639270 2.035623 4.674893 2.015137
 0.000257 2.635377 2.025551 4.660928 1.744517
 0.000258 2.630733 2.017062 4.647796 1.507848
 0.000258 2.625459 2.010042 4.635501 1.301904
 0.000259 2.619530 2.004368 4.623898 1.121403
 0.000259 2.613204 2.000265 4.613470 0.970668
 0.000260 2.606814 1.997275 4.604089 0.844368
 0.000260 2.600304 1.994985 4.595289 0.733883
 0.000261 2.593847 1.993408 4.587256 0.639781
 0.000261 2.587683 1.991461 4.579143 0.551307
 0.000262 2.581763 1.988906 4.570669 0.465915
 0.000262 2.576230 1.986292 4.562522 0.390587
 0.000263 2.571027 1.984314 4.555341 0.329695
 0.000263 2.566188 1.983598 4.549787 0.286138
 0.000264 2.561738 1.984832 4.546570 0.262322
 0.000264 2.557686 1.988391 4.546076 0.258758
 0.000265 2.553941 1.994428 4.548369 0.275510
 0.000265 2.550349 2.003216 4.553565 0.315434
 0.000266 2.546926 2.014824 4.561750 0.383795
 0.000266 2.543734 2.029246 4.572981 0.488495
 0.000267 2.540784 2.046021 4.586805 0.634698
 0.000267 2.538162 2.064561 4.602723 0.826712
 0.000268 2.535861 2.084803 4.620664 1.073490
 0.000268 2.533912 2.105779 4.639690 1.370383
 0.000269 2.532350 2.126398 4.658747 1.704028
 0.000269 2.531334 2.146538 4.677872 2.075381
 0.000270 2.530957 2.165364 4.696321 2.468265
 0.000270 2.531344 2.182177 4.713521 2.865224
 0.000271 2.532589 2.197110 4.729699 3.265570
 0.000271 2.534606 2.209027 4.743634 3.631400
 0.000272 2.537355 2.217562 4.754917 3.941850
 0.000272 2.540768 2.223008 4.763776 4.194523
 0.000273 2.544785 2.226028 4.770812 4.400784
 0.000273 2.549446 2.226934 4.776380 4.567506
 0.000274 2.554491 2.225338 4.779829 4.672358
 0.000274 2.559819 2.221652 4.781471 4.722675
 0.000275 2.565269 2.216374 4.781643 4.727965
 0.000275 2.570823 2.209700 4.780523 4.693587
 0.000276 2.576194 2.202202 4.778396 4.628640
 0.000276 2.581262 2.194205 4.775467 4.539970
 0.000277 2.586115 2.185989 4.772104 4.439184
 0.000277 2.590865 2.177704 4.768569 4.334485
 0.000278 2.595498 2.169607 4.765105 4.233097
 0.000278 2.599983 2.161938 4.761921 4.140953
 0.000279 2.604589 2.154256 4.758846 4.052927
 0.000279 2.609195 2.146391 4.755587 3.960665
 0.000280 2.613648 2.138520 4.752168 3.865035
 0.000280 2.618143 2.130664 4.748807 3.772155
 0.000281 2.622739 2.123210 4.745949 3.694052
 0.000281 2.627200 2.116108 4.743307 3.622608
 0.000282 2.631486 2.109186 4.740672 3.552024
 0.000282 2.635557 2.102771 4.738328 3.489822
 0.000283 2.639325 2.097277 4.736602 3.444362
 0.000283 2.642608 2.092738 4.735346 3.411488
 0.000284 2.645277 2.089218 4.734495 3.389294
 0.000284 2.647164 2.086809 4.733973 3.375704
 0.000285 2.648227 2.085644 4.733871 3.373076
 0.000285 2.648389 2.085753 4.734143 3.380119
 0.000286 2.647716 2.087302 4.735019 3.402936
 0.000286 2.646244 2.090140 4.736384 3.438652
 0.000287 2.644045 2.094233 4.738278 3.488493
 0.000287 2.641176 2.099078 4.740254 3.540894
 0.000288 2.637638 2.103812 4.741450 3.572799
 0.000288 2.633681 2.108496 4.742177 3.592241
 0.000289 2.629291 2.112756 4.742047 3.588763
 0.000289 2.624550 2.116117 4.740667 3.551894
 0.000290 2.619583 2.118510 4.738093 3.483602
 0.000290 2.614362 2.119503 4.733865 3.372920
 0.000291 2.608989 2.119017 4.728006 3.222461
 0.000291 2.603624 2.116971 4.720596 3.037070
 0.000292 2.598216 2.113215 4.711431 2.815403
 0.000292 2.592886 2.107823 4.700709 2.566726
 0.000293 2.587555 2.101162 4.688717 2.302211
 0.000293 2.582067 2.094199 4.676266 2.042796
 0.000294 2.576436 2.087523 4.663959 1.801605
 0.000294 2.570776 2.081536 4.652312 1.587294
 0.000295 2.565177 2.076378 4.641555 1.401424
 0.000295 2.559781 2.072226 4.632007 1.246139
 0.000296 2.554812 2.069707 4.624519 1.130726
 0.000296 2.550181 2.068733 4.618914 1.048004
 0.000297 2.545965 2.069132 4.615097 0.993467
 0.000297 2.542235 2.070750 4.612984 0.963918
 0.000298 2.539287 2.074003 4.613290 0.968162
 0.000298 2.537120 2.078372 4.615492 0.999056
 0.000299 2.535840 2.083482 4.619322 1.053924
 0.000299 2.535394 2.089281 4.624674 1.133058
 0.000300 2.535733 2.095896 4.631628 1.240164
 0.000300 2.536817 2.102971 4.639788 1.372003
 0.000301 2.538708 2.110315 4.649023 1.529236
 0.000301 2.541249 2.117819 4.659068 1.709963
 0.000302 2.544263 2.125568 4.669832 1.914801
 0.000302 2.547549 2.133492 4.681041 2.140440
 0.000303 2.551073 2.141562 4.692636 2.387062
 0.000303 2.554799 2.149485 4.704284 2.648363
 0.000304 2.558563 2.157430 4.715993 2.924696
 0.000304 2.562248 2.164747 4.726994 3.196816
 0.000305 2.565897 2.171570 4.737466 3.467093
 0.000305 2.569625 2.177814 4.747439 3.734671
 0.000306 2.573217 2.183526 4.756743 3.993286
 0.000306 2.576826 2.188130 4.764956 4.228762
 0.000307 2.580498 2.190934 4.771432 4.419187
 0.000307 2.584076 2.192290 4.776366 4.567093
 0.000308 2.587723 2.192336 4.780059 4.679379
 0.000308 2.591320 2.190053 4.781373 4.719665
 0.000309 2.594947 2.184958 4.779904 4.674649
 0.000309 2.598566 2.177403 4.775969 4.555086
 0.000310 2.601893 2.167411 4.769304 4.356158
 0.000310 2.604822 2.155563 4.760384 4.096852
 0.000311 2.607349 2.141963 4.749312 3.786037
 0.000311 2.609227 2.127419 4.736646 3.445519
 0.000312 2.610454 2.112712 4.723166 3.100747
 0.000312 2.610968 2.098817 4.709785 2.776467
 0.000313 2.610719 2.086384 4.697102 2.485657
 0.000313 2.609525 2.075488 4.685013 2.223407
 0.000314 2.607409 2.066792 4.674201 2.001261
 0.000314 2.604523 2.060643 4.665166 1.824595
 0.000315 2.600791 2.057058 4.657849 1.687485
 0.000315 2.596358 2.056111 4.652469 1.590105
 0.000316 2.591388 2.057956 4.649344 1.534854
 0.000316 2.586082 2.062230 4.648312 1.516835
 0.000317 2.580418 2.068450 4.648868 1.526535
 0.000317 2.574346 2.076414 4.650760 1.559769
 0.000318 2.568088 2.085072 4.653159 1.602434
 0.000318 2.561692 2.094319 4.656011 1.653889
 0.000319 2.555181 2.104007 4.659187 1.712164
 0.000319 2.548481 2.113755 4.662236 1.769038
 0.000320 2.541516 2.123686 4.665202 1.825270
 0.000320 2.534310 2.134083 4.668393 1.886744
 0.000321 2.526724 2.144855 4.671579 1.949146
 0.000321 2.518673 2.156070 4.674743 2.012111
 0.000322 2.510188 2.167914 4.678102 2.080071
 0.000322 2.501196 2.179882 4.681078 2.141218
 0.000323 2.491925 2.192142 4.684067 2.203518
 0.000323 2.482419 2.204427 4.686846 2.262235
 0.000324 2.472813 2.216088 4.688901 2.306149
 0.000324 2.463083 2.226665 4.689748 2.324381
 0.000325 2.453289 2.236364 4.689652 2.322324
 0.000325 2.443913 2.245073 4.688986 2.307977
 0.000326 2.435018 2.252399 4.687416 2.274386
 0.000326 2.426729 2.258473 4.685202 2.227399
 0.000327 2.419033 2.263120 4.682153 2.163512
 0.000327 2.412037 2.266095 4.678132 2.080677
 0.000328 2.405730 2.267146 4.672876 1.974835
 0.000328 2.400100 2.266396 4.666496 1.850080
 0.000329 2.395246 2.264033 4.659279 1.713861
 0.000329 2.391072 2.260160 4.651232 1.568107
 0.000330 2.387356 2.254759 4.642115 1.410809
 0.000330 2.383935 2.248604 4.632539 1.254550
 0.000331 2.380844 2.242489 4.623333 1.112951
 0.000331 2.378097 2.236752 4.614849 0.989984
 0.000332 2.375621 2.231804 4.607424 0.888261
 0.000332 2.373434 2.228043 4.601477 0.810761
 0.000333 2.371496 2.225612 4.597108 0.756083
 0.000333 2.369849 2.225050 4.594899 0.729168
 0.000334 2.368657 2.226550 4.595207 0.732887
 0.000334 2.368186 2.229802 4.597988 0.766937
 0.000335 2.368267 2.234793 4.603060 0.831044
 0.000335 2.368872 2.241296 4.610168 0.925209
 0.000336 2.370066 2.248599 4.618665 1.044408
 0.000336 2.371817 2.256128 4.627946 1.182843
 0.000337 2.374071 2.263983 4.638054 1.343416
 0.000337 2.376686 2.271857 4.648543 1.520857
 0.000338 2.379647 2.279165 4.658811 1.705212
 0.000338 2.382794 2.286177 4.668971 1.897996
 0.000339 2.386143 2.292580 4.678723 2.092747
 0.000339 2.389322 2.298469 4.687791 2.282384
 0.000340 2.392227 2.304191 4.696417 2.470403
 0.000340 2.394836 2.309633 4.704469 2.652629
 0.000341 2.397029 2.315313 4.712342 2.837064
 0.000341 2.398706 2.321303 4.720008 3.022609
 0.000342 2.399779 2.327564 4.727342 3.205624
 0.000342 2.400536 2.333997 4.734533 3.390269
 0.000343 2.400932 2.340391 4.741323 3.569395
 0.000343 2.401110 2.346803 4.747913 3.747633
 0.000344 2.401144 2.352800 4.753944 3.914579
 0.000344 2.400897 2.358298 4.759195 4.062868
 0.000345 2.400446 2.362916 4.763362 4.182542
 0.000345 2.399865 2.366599 4.766465 4.272745
 0.000346 2.399187 2.368857 4.768044 4.319050
 0.000346 2.398418 2.370016 4.768434 4.330496
 0.000347 2.397617 2.369798 4.767416 4.300589
 0.000347 2.396674 2.368660 4.765334 4.239750
 0.000348 2.395751 2.366440 4.762192 4.148752
 0.000348 2.394672 2.363411 4.758083 4.031236
 0.000349 2.393257 2.360294 4.753551 3.903582
 0.000349 2.391510 2.357110 4.748620 3.767008
 0.000350 2.389319 2.353845 4.743164 3.618758
 0.000350 2.386800 2.350853 4.737653 3.472002
 0.000351 2.383930 2.348529 4.732458 3.336475
 0.000351 2.380871 2.347016 4.727886 3.219416
 0.000352 2.377817 2.346500 4.724316 3.129457
 0.000352 2.374907 2.346636 4.721543 3.060465
 0.000353 2.372214 2.347156 4.719370 3.006945
 0.000353 2.369764 2.348384 4.718148 2.977046
 0.000354 2.367617 2.349879 4.717496 2.961162
 0.000354 2.366071 2.351159 4.717229 2.954671
 0.000355 2.365115 2.352693 4.717808 2.968747
 0.000355 2.364470 2.353792 4.718262 2.979827
 0.000356 2.364100 2.354170 4.718270 2.980020
 0.000356 2.364073 2.353599 4.717672 2.965434
 0.000357 2.364433 2.351488 4.715921 2.922953
 0.000357 2.365121 2.347752 4.712873 2.849717
 0.000358 2.365879 2.342401 4.708281 2.741140
 0.000358 2.366751 2.335358 4.702108 2.598525
 0.000359 2.367652 2.327069 4.694721 2.432839
 0.000359 2.368638 2.317686 4.686324 2.251139
 0.000360 2.369588 2.307633 4.677221 2.062143
 0.000360 2.370634 2.296688 4.667322 1.866004
 0.000361 2.371847 2.285713 4.657560 1.682180
 0.000361 2.373359 2.275328 4.648687 1.523361
 0.000362 2.375231 2.265426 4.640657 1.386424
 0.000362 2.377385 2.256191 4.633576 1.271026
 0.000363 2.379739 2.247537 4.627276 1.172568
 0.000363 2.382490 2.239365 4.621855 1.091010
 0.000364 2.385725 2.232023 4.617748 1.031188
 0.000364 2.389407 2.225915 4.615322 0.996646
 0.000365 2.393478 2.220398 4.613876 0.976336
 0.000365 2.397875 2.215266 4.613142 0.966105
 0.000366 2.402577 2.210256 4.612834 0.961824
 0.000366 2.407398 2.205241 4.612639 0.959130
 0.000367 2.412275 2.200422 4.612697 0.959927
 0.000367 2.417105 2.195866 4.612971 0.963730
 0.000368 2.421945 2.191936 4.613880 0.976398
 0.000368 2.426733 2.188869 4.615602 1.000598
 0.000369 2.431262 2.186631 4.617893 1.033272
 0.000369 2.435551 2.185394 4.620945 1.077621
 0.000370 2.439774 2.185253 4.625027 1.138372
 0.000370 2.444017 2.186449 4.630465 1.221910
 0.000371 2.448277 2.188876 4.637153 1.328702
 0.000371 2.452564 2.192799 4.645363 1.465905
 0.000372 2.456904 2.197982 4.654886 1.633486
 0.000372 2.461384 2.204177 4.665561 1.832148
 0.000373 2.465868 2.211345 4.677213 2.061984
 0.000373 2.470417 2.218835 4.689252 2.313702
 0.000374 2.474863 2.226561 4.701423 2.582933
 0.000374 2.479072 2.234231 4.713302 2.859983
 0.000375 2.483154 2.241992 4.725146 3.150254
 0.000375 2.487028 2.249444 4.736472 3.440967
 0.000376 2.490691 2.256294 4.746986 3.722300
 0.000376 2.493960 2.262555 4.756514 3.986818
 0.000377 2.496599 2.268124 4.764723 4.221984
 0.000377 2.498559 2.273063 4.771622 4.424825
 0.000378 2.499753 2.277067 4.776820 4.580833
 0.000378 2.500422 2.280471 4.780893 4.704942
 0.000379 2.500620 2.283245 4.783865 4.796545
 0.000379 2.500450 2.285157 4.785607 4.850634
 0.000380 2.499887 2.286184 4.786072 4.865136
 0.000380 2.499081 2.286257 4.785338 4.842269
 0.000381 2.498136 2.285656 4.783792 4.794285
 0.000381 2.497038 2.284446 4.781484 4.723093
 0.000382 2.495914 2.282489 4.778403 4.628857
 0.000382 2.494917 2.279973 4.774890 4.522600
 0.000383 2.494190 2.276999 4.771188 4.411943
 0.000383 2.493397 2.273402 4.766799 4.282538
 0.000384 2.492593 2.269352 4.761946 4.141665
 0.000384 2.491753 2.265073 4.756826 3.995618
 0.000385 2.490787 2.260698 4.751485 3.846072
 0.000385 2.489649 2.255872 4.745521 3.682436
 0.000386 2.488217 2.250567 4.738784 3.501867
 0.000386 2.486417 2.245306 4.731723 3.317514
 0.000387 2.484397 2.239528 4.723925 3.119680
 0.000387 2.482055 2.233196 4.715251 2.906771
 0.000388 2.479508 2.226379 4.705886 2.685366
 0.000388 2.476854 2.219376 4.696230 2.466249
 0.000389 2.474264 2.212398 4.686663 2.258336
 0.000389 2.471771 2.205684 4.677455 2.066888
 0.000390 2.469306 2.199263 4.668569 1.890178
 0.000390 2.466757 2.193744 4.660501 1.736556
 0.000391 2.464197 2.189175 4.653372 1.606250
 0.000391 2.461757 2.185328 4.647085 1.495538
 0.000392 2.459473 2.181998 4.641470 1.400009
 0.000392 2.457448 2.179237 4.636684 1.321063
 0.000393 2.455555 2.177136 4.632690 1.256945
 0.000393 2.453706 2.175589 4.629295 1.203689
 0.000394 2.451950 2.174620 4.626570 1.161772
 0.000394 2.450223 2.174380 4.624603 1.131992
 0.000395 2.448452 2.174195 4.622648 1.102758
 0.000395 2.446757 2.174262 4.621019 1.078695
 0.000396 2.444958 2.174952 4.619910 1.062478
 0.000396 2.443152 2.176180 4.619332 1.054065
 0.000397 2.441403 2.177555 4.618958 1.048642
 0.000397 2.439829 2.178883 4.618712 1.045082
 0.000398 2.438589 2.180200 4.618789 1.046203
 0.000398 2.437714 2.181530 4.619244 1.052782
 0.000399 2.437288 2.182743 4.620031 1.064245
 0.000399 2.437321 2.183745 4.621067 1.079404
 0.000400 2.437972 2.184659 4.622631 1.102503
 0.000400 2.439311 2.185128 4.624439 1.129519
 0.000401 2.441446 2.185362 4.626807 1.165399
 0.000401 2.444328 2.185655 4.629983 1.214389
 0.000402 2.447876 2.185796 4.633672 1.272551
 0.000402 2.451939 2.185621 4.637560 1.335334
 0.000403 2.456504 2.185230 4.641734 1.404423
 0.000403 2.461557 2.184980 4.646536 1.486058
 0.000404 2.466932 2.184814 4.651746 1.577239
 0.000404 2.472395 2.184556 4.656951 1.671037
 0.000405 2.477778 2.184493 4.662271 1.769704
 0.000405 2.483061 2.185202 4.668263 1.884230
 0.000406 2.488067 2.186273 4.674340 2.004050
 0.000406 2.492808 2.187525 4.680332 2.125802
 0.000407 2.497397 2.188917 4.686314 2.250935
 0.000407 2.501849 2.190108 4.691957 2.372259
 0.000408 2.506137 2.191274 4.697411 2.492541
 0.000408 2.510336 2.192447 4.702783 2.613921
 0.000409 2.514524 2.193150 4.707673 2.726938
 0.000409 2.518652 2.193604 4.712255 2.834995
 0.000410 2.522760 2.193712 4.716472 2.936289
 0.000410 2.526835 2.193596 4.720432 3.033029
 0.000411 2.530927 2.192930 4.723858 3.117993
 0.000411 2.535015 2.191975 4.726989 3.196694
 0.000412 2.539018 2.191194 4.730212 3.278691
 0.000412 2.543035 2.190198 4.733234 3.356528
 0.000413 2.546864 2.188961 4.735825 3.424004
 0.000413 2.550508 2.187252 4.737761 3.474843
 0.000414 2.553978 2.184825 4.738803 3.502380
 0.000414 2.557242 2.181328 4.738570 3.496213
 0.000415 2.560295 2.176590 4.736885 3.451803
 0.000415 2.563134 2.171177 4.734311 3.384510
 0.000416 2.565785 2.165133 4.730918 3.296808
 0.000416 2.568357 2.158302 4.726659 3.188355
 0.000417 2.570906 2.151012 4.721917 3.069735
 0.000417 2.573607 2.143305 4.716912 2.946960
 0.000418 2.576500 2.135755 4.712255 2.834995
 0.000418 2.579639 2.128586 4.708225 2.739840
 0.000419 2.582977 2.121897 4.704874 2.661967
 0.000419 2.586617 2.115762 4.702380 2.604713
 0.000420 2.590536 2.110385 4.700921 2.571526
 0.000420 2.594633 2.105767 4.700400 2.559732
 0.000421 2.598959 2.102357 4.701316 2.580489
 0.000421 2.603290 2.099991 4.703281 2.625329
 0.000422 2.607579 2.098822 4.706401 2.697299
 0.000422 2.611836 2.098808 4.710645 2.796768
 0.000423 2.615842 2.099573 4.715416 2.910746
 0.000423 2.619532 2.101134 4.720665 3.038786
 0.000424 2.622929 2.103631 4.726560 3.185856
 0.000424 2.626053 2.106711 4.732764 3.344376
 0.000425 2.628808 2.110292 4.739099 3.510231
 0.000425 2.631240 2.114058 4.745298 3.676386
 0.000426 2.633258 2.117486 4.750744 3.825544
 0.000426 2.634910 2.120323 4.755234 3.950742
 0.000427 2.636212 2.122634 4.758847 4.052958
 0.000427 2.637151 2.124251 4.761402 4.126029
 0.000428 2.637803 2.125501 4.763304 4.180836
 0.000428 2.638253 2.126345 4.764598 4.218347
 0.000429 2.638607 2.126803 4.765410 4.241976
 0.000429 2.638865 2.127256 4.766121 4.262710
 0.000430 2.639017 2.127563 4.766579 4.276103
 0.000430 2.638905 2.127421 4.766326 4.268702
 0.000431 2.638539 2.126973 4.765512 4.244947
 0.000431 2.637852 2.126475 4.764326 4.210468
 0.000432 2.636892 2.125883 4.762775 4.165561
 0.000432 2.635598 2.124948 4.760547 4.101497
 0.000433 2.634050 2.123897 4.757947 4.027389
 0.000433 2.632214 2.122085 4.754299 3.924515
 0.000434 2.630068 2.119705 4.749773 3.798738
 0.000434 2.627636 2.116413 4.744050 3.642623
 0.000435 2.624983 2.112068 4.737051 3.456176
 0.000435 2.622390 2.106463 4.728853 3.243989
 0.000436 2.620109 2.099708 4.719817 3.017909
 0.000436 2.618125 2.091798 4.709923 2.779723
 0.000437 2.616561 2.083206 4.699767 2.545422
 0.000437 2.615405 2.073956 4.689362 2.316061
 0.000438 2.614573 2.064122 4.678695 2.092181
 0.000438 2.614059 2.054080 4.668139 1.881822
 0.000439 2.613933 2.044795 4.658728 1.703669
 0.000439 2.614338 2.036056 4.650394 1.553319
 0.000440 2.615244 2.028567 4.643810 1.439435
 0.000440 2.616333 2.022816 4.639149 1.361434
 0.000441 2.617480 2.018549 4.636028 1.310426
 0.000441 2.618516 2.016100 4.634616 1.287667
 0.000442 2.619471 2.015231 4.634703 1.289051
 0.000442 2.620251 2.015521 4.635771 1.306266
 0.000443 2.620862 2.016930 4.637792 1.339139
 0.000443 2.621184 2.019045 4.640228 1.379301
 0.000444 2.621180 2.021337 4.642517 1.417568
 0.000444 2.620890 2.022993 4.643883 1.440665
 0.000445 2.620507 2.023983 4.644490 1.450989
 0.000445 2.619853 2.024395 4.644249 1.446881
 0.000446 2.619059 2.024679 4.643739 1.438220
 0.000446 2.618276 2.024710 4.642985 1.425474
 0.000447 2.617571 2.024984 4.642555 1.418222
 0.000447 2.616974 2.025682 4.642657 1.419927
 0.000448 2.616419 2.026878 4.643298 1.430748
 0.000448 2.615853 2.029170 4.645023 1.460081
 0.000449 2.615339 2.032880 4.648219 1.515219
 0.000449 2.614921 2.038136 4.653057 1.600598
 0.000450 2.614471 2.045126 4.659598 1.719767
 0.000450 2.614054 2.053792 4.667846 1.876146
 0.000451 2.613688 2.064277 4.677966 2.077285
 0.000451 2.613356 2.075926 4.689282 2.314351
 0.000452 2.613041 2.088516 4.701557 2.585973
 0.000452 2.612696 2.101505 4.714202 2.881535
 0.000453 2.612391 2.114631 4.727022 3.197511
 0.000453 2.612009 2.127135 4.739143 3.511396
 0.000454 2.611749 2.138539 4.750288 3.812942
 0.000454 2.611644 2.149039 4.760682 4.105383
 0.000455 2.611808 2.158287 4.770096 4.379553
 0.000455 2.612250 2.166162 4.778412 4.629146
 0.000456 2.613097 2.172879 4.785976 4.862156
 0.000456 2.614296 2.178426 4.792722 5.074787
 0.000457 2.615793 2.182817 4.798611 5.264126
 0.000457 2.617654 2.185983 4.803638 5.428509
 0.000458 2.619900 2.188241 4.808140 5.577881
 0.000458 2.622415 2.189723 4.812138 5.712213
 0.000459 2.625114 2.190560 4.815674 5.832343
 0.000459 2.627748 2.191033 4.818781 5.938940
 0.000460 2.630247 2.191670 4.821917 6.047529
 0.000460 2.632680 2.192479 4.825159 6.160803
 0.000461 2.634722 2.193396 4.828118 6.265111
 0.000461 2.636295 2.194229 4.830523 6.350534
 0.000462 2.637244 2.194764 4.832008 6.403548
 0.000462 2.637749 2.194741 4.832490 6.420811
 0.000463 2.637883 2.194222 4.832105 6.407033
 0.000463 2.637687 2.192855 4.830542 6.351184
 0.000464 2.637082 2.190139 4.827221 6.233391
 0.000464 2.636232 2.185713 4.821945 6.048483
 0.000465 2.635135 2.179702 4.814837 5.803785
 0.000465 2.633822 2.172432 4.806254 5.515055
 0.000466 2.632353 2.163905 4.796259 5.188086
 0.000466 2.630899 2.154615 4.785514 4.847754
 0.000467 2.629362 2.145498 4.774860 4.521684
 0.000467 2.627616 2.137231 4.764847 4.225574
 0.000468 2.625813 2.130354 4.756168 3.977043
 0.000468 2.623866 2.125405 4.749271 3.784907
 0.000469 2.621799 2.122709 4.744508 3.654988
 0.000469 2.619541 2.122424 4.741965 3.586555
 0.000470 2.616986 2.124229 4.741215 3.566502
 0.000470 2.614162 2.127597 4.741759 3.581061
 0.000471 2.610968 2.131889 4.742857 3.610499
 0.000471 2.607445 2.137021 4.744466 3.653866
 0.000472 2.603613 2.142456 4.746069 3.697322
 0.000472 2.599465 2.147322 4.746788 3.716890
 0.000473 2.595192 2.151333 4.746525 3.709744
 0.000473 2.590691 2.154151 4.744842 3.664035
 0.000474 2.586066 2.155454 4.741520 3.574659
 0.000474 2.581391 2.155277 4.736667 3.446088
 0.000475 2.576701 2.153626 4.730328 3.281658
 0.000475 2.571936 2.150574 4.722510 3.084437
 0.000476 2.567109 2.146639 4.713748 2.870647
 0.000476 2.562298 2.142785 4.705083 2.666779
 0.000477 2.557264 2.138985 4.696249 2.466668
 0.000477 2.551947 2.135562 4.687509 2.276366
 0.000478 2.546345 2.133175 4.679520 2.109099
 0.000478 2.540465 2.132135 4.672600 1.969364
 0.000479 2.534320 2.132157 4.666476 1.849705
 0.000479 2.527645 2.133407 4.661052 1.746848
 0.000480 2.520608 2.135812 4.656420 1.661344
 0.000480 2.513269 2.139291 4.652560 1.591723
 0.000481 2.505623 2.143521 4.649144 1.531360
 0.000481 2.497870 2.148398 4.646267 1.481427
 0.000482 2.490031 2.154147 4.644178 1.445682
 0.000482 2.482172 2.159552 4.641724 1.404256
 0.000483 2.474569 2.164212 4.638781 1.355368
 0.000483 2.467404 2.168126 4.635530 1.302375
 0.000484 2.460662 2.171736 4.632397 1.252302
 0.000484 2.454362 2.174962 4.629324 1.204131
 0.000485 2.448514 2.177855 4.626369 1.158711
 0.000485 2.443066 2.180999 4.624065 1.123904
 0.000486 2.437927 2.184758 4.622685 1.103318
 0.000486 2.433150 2.189077 4.622226 1.096508
 0.000487 2.428691 2.193671 4.622361 1.098507
 0.000487 2.424532 2.199049 4.623581 1.116663
 0.000488 2.420716 2.205014 4.625730 1.149010
 0.000488 2.417195 2.211379 4.628574 1.192526
 0.000489 2.413827 2.217917 4.631744 1.241984
 0.000489 2.410780 2.223918 4.634698 1.288972
 0.000490 2.407974 2.229372 4.637346 1.331841
 0.000490 2.405418 2.234153 4.639571 1.368398
 0.000491 2.403180 2.237583 4.640763 1.388196
 0.000491 2.401230 2.238962 4.640192 1.378694
 0.000492 2.399761 2.238231 4.637992 1.342416
 0.000492 2.398856 2.235492 4.634347 1.283351
 0.000493 2.398552 2.230844 4.629396 1.205250
 0.000493 2.398870 2.224379 4.623248 1.111694
 0.000494 2.399913 2.216575 4.616488 1.013184
 0.000494 2.401510 2.207822 4.609332 0.913874
 0.000495 2.403511 2.198810 4.602321 0.821545
 0.000495 2.405811 2.190283 4.596094 0.743661
 0.000496 2.408325 2.182950 4.591275 0.686057
 0.000496 2.411028 2.177442 4.588470 0.653590
 0.000497 2.413746 2.174078 4.587824 0.646228
 0.000497 2.416361 2.173435 4.589796 0.668843
 0.000498 2.419004 2.175726 4.594730 0.727124
 0.000498 2.421553 2.180736 4.602289 0.821133
 0.000499 2.423944 2.188147 4.612091 0.951554
 0.000499 2.426176 2.197653 4.623828 1.120358
 0.000500 2.428201 2.208175 4.636376 1.316067
