#! FIELDS time dAB dAC dAD rc bias
 0.000000 1.377640 1.520304 2.532213 5.430158 16.038457
 0.000000 1.384704 1.519403 2.531399 5.435505 16.342752
 0.000001 1.395281 1.521126 2.530438 5.446845 16.997454
 0.000001 1.408933 1.525192 2.529318 5.463444 17.979037
 0.000002 1.425241 1.531092 2.527988 5.484322 19.252797
 0.000002 1.444138 1.538651 2.526416 5.509206 20.827865
 0.000003 1.464613 1.547557 2.524644 5.536813 22.647776
 0.000003 1.486004 1.556727 2.522666 5.565397 24.612400
 0.000004 1.506659 1.565848 2.520500 5.593007 26.587663
 0.000004 1.525307 1.573979 2.518162 5.617449 28.399824
 0.000005 1.540755 1.581122 2.515643 5.637521 29.932713
 0.000005 1.552026 1.586794 2.512881 5.651702 31.040003
 0.000006 1.558336 1.590394 2.509902 5.658633 31.588515
 0.000006 1.559468 1.591384 2.506802 5.657654 31.510753
 0.000007 1.555796 1.589810 2.503536 5.649142 30.838645
 0.000007 1.547434 1.586401 2.500173 5.634009 29.661607
 0.000008 1.535509 1.580950 2.496690 5.613149 28.076726
 0.000008 1.520844 1.574131 2.493105 5.588081 26.229624
 0.000009 1.504524 1.566672 2.489387 5.560583 24.275823
 0.000009 1.487875 1.558966 2.485604 5.532445 22.354736
 0.000010 1.471386 1.551323 2.481755 5.504464 20.522989
 0.000010 1.456544 1.544579 2.477927 5.479050 18.927039
 0.000011 1.443912 1.538958 2.474148 5.457018 17.595798
 0.000011 1.433942 1.535144 2.470417 5.439502 16.572046
 0.000012 1.427322 1.533256 2.466799 5.427377 15.881347
 0.000012 1.423972 1.533759 2.463279 5.421010 15.524531
 0.000013 1.423321 1.536398 2.459906 5.419625 15.447449
 0.000013 1.425458 1.540924 2.456704 5.423086 15.640403
 0.000014 1.430947 1.547230 2.453644 5.431822 16.132817
 0.000014 1.439462 1.555237 2.450679 5.445378 16.912025
 0.000015 1.450902 1.564281 2.447769 5.462953 17.949614
 0.000015 1.465171 1.573682 2.445010 5.483863 19.224336
 0.000016 1.481695 1.582438 2.442433 5.506567 20.657885
 0.000016 1.499603 1.589799 2.440041 5.529443 22.154491
 0.000017 1.518101 1.595229 2.437795 5.551125 23.621279
 0.000017 1.536054 1.597793 2.435675 5.569523 24.902708
 0.000018 1.552560 1.596883 2.433670 5.583113 25.871083
 0.000018 1.567268 1.592107 2.431701 5.591076 26.447033
 0.000019 1.579317 1.583249 2.429784 5.592350 26.539792
 0.000019 1.587930 1.570251 2.427896 5.586078 26.084738
 0.000020 1.592711 1.554152 2.426046 5.572908 25.142218
 0.000020 1.593633 1.535504 2.424329 5.553467 23.782493
 0.000021 1.590718 1.515123 2.422649 5.528490 22.091118
 0.000021 1.584418 1.494573 2.421136 5.500126 20.245999
 0.000022 1.575428 1.475149 2.419737 5.470314 18.393409
 0.000022 1.564147 1.458044 2.418497 5.440688 16.640395
 0.000023 1.551793 1.444633 2.417539 5.413965 15.134479
 0.000023 1.539516 1.435880 2.416695 5.392091 13.954944
 0.000024 1.527756 1.431811 2.415961 5.375527 13.093602
 0.000024 1.517204 1.432732 2.415327 5.365262 12.573576
 0.000025 1.508595 1.438716 2.414732 5.362043 12.412671
 0.000025 1.502279 1.449074 2.414207 5.365560 12.588487
 0.000026 1.498417 1.462814 2.413823 5.375054 13.069367
 0.000026 1.496990 1.479152 2.413594 5.389736 13.830811
 0.000027 1.497972 1.496472 2.413431 5.407875 14.801275
 0.000027 1.501049 1.513350 2.413370 5.427769 15.903428
 0.000028 1.506037 1.527596 2.413348 5.446981 17.005406
 0.000028 1.512443 1.537276 2.413429 5.463148 17.961330
 0.000029 1.519372 1.541723 2.413532 5.474627 18.655909
 0.000029 1.526625 1.540274 2.413669 5.480568 19.020590
 0.000030 1.533594 1.532873 2.413874 5.480342 19.006626
 0.000030 1.539808 1.519722 2.414129 5.473659 18.596793
 0.000031 1.544932 1.502146 2.414406 5.461485 17.861763
 0.000031 1.548961 1.482216 2.414725 5.445902 16.942551
 0.000032 1.551745 1.461522 2.415107 5.428374 15.937600
 0.000032 1.553042 1.441384 2.415610 5.410036 14.919086
 0.000033 1.552727 1.423577 2.416222 5.392525 13.977895
 0.000033 1.550762 1.409203 2.416929 5.376894 13.163627
 0.000034 1.547569 1.399148 2.417882 5.364598 12.540302
 0.000034 1.543380 1.393819 2.418956 5.356154 12.120962
 0.000035 1.538462 1.393523 2.420012 5.351998 11.917192
 0.000035 1.533259 1.397943 2.421124 5.352326 11.933234
 0.000036 1.527681 1.406640 2.422233 5.356554 12.140663
 0.000036 1.522173 1.419077 2.423431 5.364681 12.544449
 0.000037 1.516209 1.434390 2.424821 5.375420 13.088118
 0.000037 1.510064 1.451412 2.426263 5.387739 13.725972
 0.000038 1.503554 1.469494 2.427827 5.400875 14.422868
 0.000038 1.497200 1.487592 2.429519 5.414311 15.153519
 0.000039 1.491298 1.504919 2.431241 5.427458 15.885904
 0.000039 1.486291 1.520718 2.433034 5.440044 16.603233
 0.000040 1.482375 1.534054 2.434817 5.451246 17.255052
 0.000040 1.479071 1.543618 2.436592 5.459282 17.730323
 0.000041 1.476326 1.548385 2.438394 5.463105 17.958747
 0.000041 1.474049 1.547918 2.440134 5.462101 17.898643
 0.000042 1.472615 1.542745 2.441872 5.457233 17.608524
 0.000042 1.471952 1.533258 2.443547 5.448757 17.109156
 0.000043 1.472537 1.519928 2.445312 5.437777 16.472895
 0.000043 1.474033 1.503327 2.447094 5.424454 15.717019
 0.000044 1.476512 1.484537 2.448816 5.409864 14.909674
 0.000044 1.479844 1.464215 2.450507 5.394565 14.085935
 0.000045 1.484305 1.443795 2.452226 5.380326 13.340308
 0.000045 1.489441 1.423978 2.453979 5.367398 12.680914
 0.000046 1.495277 1.406112 2.455683 5.357072 12.166200
 0.000046 1.501860 1.390507 2.457384 5.349751 11.807761
 0.000047 1.508491 1.377855 2.459135 5.345481 11.601162
 0.000047 1.514391 1.368202 2.460894 5.343487 11.505293
 0.000048 1.519220 1.362060 2.462638 5.343918 11.525980
 0.000048 1.522503 1.360047 2.464349 5.346898 11.669541
 0.000049 1.523904 1.362451 2.466034 5.352388 11.936266
 0.000049 1.523770 1.369265 2.467724 5.360759 12.348746
 0.000050 1.521821 1.380551 2.469365 5.371736 12.900319
 0.000050 1.517732 1.395715 2.470932 5.384380 13.550510
 0.000051 1.511989 1.414385 2.472417 5.398790 14.311084
 0.000051 1.504958 1.435910 2.473721 5.414589 15.168827
 0.000052 1.496545 1.459424 2.474965 5.430934 16.082456
 0.000052 1.487083 1.483101 2.476116 5.446300 16.965734
 0.000053 1.477179 1.504835 2.477109 5.459122 17.720845
 0.000053 1.467099 1.523126 2.478056 5.468281 18.270301
 0.000054 1.457390 1.536539 2.478934 5.472863 18.548314
 0.000054 1.448353 1.543733 2.479704 5.471791 18.483095
 0.000055 1.440318 1.544754 2.480374 5.465446 18.099325
 0.000055 1.434011 1.539900 2.480960 5.454871 17.468668
 0.000056 1.429762 1.530392 2.481441 5.441595 16.692772
 0.000056 1.427931 1.517728 2.481872 5.427532 15.890087
 0.000057 1.428814 1.503285 2.482252 5.414352 15.155735
 0.000057 1.432735 1.488514 2.482547 5.403796 14.580134
 0.000058 1.439608 1.475238 2.482778 5.397624 14.248788
 0.000058 1.449056 1.464529 2.482886 5.396471 14.187299
 0.000059 1.460787 1.457121 2.482923 5.400830 14.420449
 0.000059 1.473748 1.453422 2.483003 5.410173 14.926569
 0.000060 1.487737 1.454094 2.483137 5.424969 15.745916
 0.000060 1.501512 1.459337 2.483303 5.444153 16.840852
 0.000061 1.514060 1.468568 2.483526 5.466154 18.141935
 0.000061 1.524325 1.481529 2.483763 5.489618 19.582809
 0.000062 1.531188 1.497392 2.484003 5.512583 21.046405
 0.000062 1.533555 1.515439 2.484281 5.533275 22.410292
 0.000063 1.530985 1.534243 2.484532 5.549761 23.527578
 0.000063 1.524194 1.553124 2.484765 5.562084 24.380511
 0.000064 1.513530 1.571607 2.485025 5.570162 24.947851
 0.000064 1.499644 1.588453 2.485259 5.573355 25.173914
 0.000065 1.483982 1.602813 2.485511 5.572306 25.099555
 0.000065 1.467657 1.614560 2.485695 5.567912 24.789173
 0.000066 1.451029 1.623148 2.485921 5.560098 24.242054
 0.000066 1.435014 1.627804 2.486145 5.548964 23.472933
 0.000067 1.420362 1.628477 2.486405 5.535244 22.542301
 0.000067 1.408158 1.625513 2.486786 5.520457 21.560371
 0.000068 1.398601 1.618921 2.487264 5.504785 20.543526
 0.000068 1.392097 1.609692 2.487831 5.489619 19.582928
 0.000069 1.388794 1.598481 2.488478 5.475753 18.724728
 0.000069 1.388931 1.586514 2.489146 5.464592 18.047941
 0.000070 1.392003 1.574284 2.489926 5.456213 17.548075
 0.000070 1.398208 1.562323 2.490837 5.451367 17.262156
 0.000071 1.407632 1.551313 2.491771 5.450715 17.223893
 0.000071 1.419988 1.541998 2.492829 5.454815 17.465344
 0.000072 1.435261 1.534331 2.493982 5.463575 17.986887
 0.000072 1.452971 1.528609 2.495186 5.476766 18.786771
 0.000073 1.472427 1.524722 2.496483 5.493633 19.834917
 0.000073 1.492911 1.522276 2.497865 5.513052 21.076876
 0.000074 1.512929 1.521023 2.499268 5.533221 22.406657
 0.000074 1.531258 1.520987 2.500786 5.553030 23.752389
 0.000075 1.546688 1.522166 2.502261 5.571114 25.015155
 0.000075 1.557607 1.524190 2.503653 5.585449 26.039360
 0.000076 1.562916 1.526655 2.504940 5.594511 26.697457
 0.000076 1.561645 1.529694 2.506248 5.597587 26.922685
 0.000077 1.553813 1.533238 2.507579 5.594630 26.706119
 0.000077 1.539879 1.537642 2.508867 5.586388 26.107183
 0.000078 1.520285 1.542849 2.510119 5.573252 25.166582
 0.000078 1.496382 1.548428 2.511283 5.556094 23.964011
 0.000079 1.469470 1.554341 2.512363 5.536174 22.604804
 0.000079 1.441107 1.561059 2.513397 5.515564 21.240259
 0.000080 1.413330 1.568358 2.514388 5.496076 19.989059
 0.000080 1.387339 1.575674 2.515410 5.478423 18.888472
 0.000081 1.364095 1.583017 2.516427 5.463539 17.984756
 0.000081 1.344597 1.590139 2.517442 5.452179 17.309879
 0.000082 1.329296 1.596188 2.518501 5.443985 16.831117
 0.000082 1.318802 1.601345 2.519551 5.439697 16.583272
 0.000083 1.313137 1.605441 2.520576 5.439155 16.552039
 0.000083 1.312427 1.608096 2.521654 5.442177 16.726368
 0.000084 1.317153 1.609107 2.522705 5.448965 17.121322
 0.000084 1.326710 1.608097 2.523678 5.458484 17.682892
 0.000085 1.340796 1.605448 2.524635 5.470879 18.427653
 0.000085 1.358903 1.600960 2.525540 5.485404 19.319995
 0.000086 1.379846 1.594448 2.526464 5.500758 20.286237
 0.000086 1.403309 1.586278 2.527293 5.516879 21.326071
 0.000087 1.428531 1.576337 2.527957 5.532824 22.380137
 0.000087 1.454058 1.564751 2.528463 5.547272 23.357142
 0.000088 1.477669 1.551802 2.528894 5.558365 24.121529
 0.000088 1.498269 1.538198 2.529250 5.565718 24.634908
 0.000089 1.514655 1.524395 2.529462 5.568512 24.831457
 0.000089 1.525700 1.510632 2.529489 5.565821 24.642146
 0.000090 1.530581 1.497013 2.529345 5.556939 24.022540
 0.000090 1.529125 1.483833 2.529081 5.542040 23.000913
 0.000091 1.521931 1.471341 2.528647 5.521919 21.656484
 0.000091 1.510103 1.460147 2.528083 5.498333 20.132029
 0.000092 1.494615 1.450716 2.527412 5.472743 18.540989
 0.000092 1.476979 1.443411 2.526594 5.446983 17.005506
 0.000093 1.459303 1.438931 2.525599 5.423833 15.682246
 0.000093 1.442061 1.437239 2.524501 5.403801 14.580443
 0.000094 1.426274 1.438363 2.523278 5.387916 13.735221
 0.000094 1.413045 1.442665 2.521988 5.377697 13.204883
 0.000095 1.402704 1.449979 2.520679 5.373362 12.983008
 0.000095 1.395558 1.459690 2.519307 5.374555 13.043877
 0.000096 1.391849 1.471475 2.517859 5.381184 13.384655
 0.000096 1.392009 1.484119 2.516384 5.392512 13.977185
 0.000097 1.395627 1.496781 2.514789 5.407196 14.764349
 0.000097 1.402586 1.509039 2.512980 5.424605 15.725481
 0.000098 1.412793 1.519370 2.511127 5.443290 16.790837
 0.000098 1.425452 1.526074 2.509216 5.460741 17.817357
 0.000099 1.440447 1.528569 2.507200 5.476217 18.753161
 0.000099 1.456642 1.526269 2.505050 5.487962 19.479327
 0.000100 1.473363 1.519202 2.502760 5.495325 19.941626
 0.000100 1.489904 1.507231 2.500328 5.497464 20.076912
 0.000101 1.505242 1.490946 2.497672 5.493860 19.849235
 0.000101 1.518767 1.471420 2.494831 5.485018 19.296033
 0.000102 1.529516 1.449712 2.491838 5.471067 18.439058
 0.000102 1.536634 1.427264 2.488772 5.452669 17.338770
 0.000103 1.539924 1.405066 2.485661 5.430651 16.066400
 0.000103 1.539706 1.383797 2.482575 5.406077 14.703617
 0.000104 1.536138 1.364291 2.479437 5.379866 13.316556
 0.000104 1.529660 1.347450 2.476288 5.353399 11.985681
 0.000105 1.521200 1.333513 2.473164 5.327878 10.768722
 0.000105 1.511690 1.322807 2.470080 5.304576 9.714497
 0.000106 1.501842 1.315901 2.467037 5.284781 8.861520
 0.000106 1.492549 1.312778 2.464060 5.269387 8.225328
 0.000107 1.484888 1.313445 2.461182 5.259515 7.829791
 0.000107 1.479822 1.317926 2.458326 5.256073 7.694192
 0.000108 1.477940 1.326319 2.455562 5.259821 7.841901
 0.000108 1.479073 1.338654 2.452894 5.270621 8.275464
 0.000109 1.483168 1.354781 2.450311 5.288260 9.008613
 0.000109 1.489882 1.374139 2.447785 5.311806 10.035773
 0.000110 1.499156 1.395772 2.445356 5.340284 11.352189
 0.000110 1.510459 1.418666 2.443038 5.372163 12.922002
 0.000111 1.522844 1.441737 2.440814 5.405396 14.666674
 0.000111 1.535075 1.463610 2.438651 5.437336 16.447595
 0.000112 1.545775 1.482854 2.436492 5.465121 18.079751
 0.000112 1.554636 1.497850 2.434357 5.486844 19.409594
 0.000113 1.561340 1.506889 2.432219 5.500448 20.266479
 0.000113 1.565669 1.509241 2.430123 5.505033 20.559454
 0.000114 1.567206 1.505073 2.428129 5.500407 20.263873
 0.000114 1.566160 1.495309 2.426208 5.487677 19.461533
 0.000115 1.563215 1.481204 2.424361 5.468780 18.300458
 0.000115 1.558947 1.464192 2.422627 5.445766 16.934595
 0.000116 1.553661 1.445857 2.421079 5.420596 15.501497
 0.000116 1.548748 1.427921 2.419673 5.396342 14.180403
 0.000117 1.544975 1.411189 2.418409 5.374573 13.044801
 0.000117 1.543010 1.396458 2.417370 5.356837 12.154636
 0.000118 1.543291 1.384512 2.416519 5.344323 11.545429
 0.000118 1.546283 1.376291 2.415869 5.338443 11.264643
 0.000119 1.551348 1.371590 2.415382 5.338320 11.258767
 0.000119 1.558629 1.370460 2.415082 5.344171 11.538136
 0.000120 1.567605 1.372817 2.414965 5.355388 12.083263
 0.000120 1.577901 1.378560 2.415160 5.371621 12.894471
 0.000121 1.589310 1.387718 2.415509 5.392537 13.978502
 0.000121 1.601304 1.399984 2.416012 5.417301 15.318536
 0.000122 1.612724 1.415416 2.416765 5.444905 16.884537
 0.000122 1.622781 1.433214 2.417749 5.473745 18.602048
 0.000123 1.630358 1.452901 2.418840 5.502099 20.371746
 0.000123 1.634853 1.473581 2.420018 5.528452 22.088542
 0.000124 1.635931 1.494187 2.421278 5.551395 23.639829
 0.000124 1.633398 1.513825 2.422533 5.569757 24.919216
 0.000125 1.627326 1.531748 2.423694 5.582768 25.846238
 0.000125 1.618029 1.546944 2.424863 5.589836 26.356922
 0.000126 1.605739 1.558699 2.426082 5.590520 26.406583
 0.000126 1.591618 1.566647 2.427308 5.585572 26.048272
 0.000127 1.576199 1.570354 2.428518 5.575070 25.295763
 0.000127 1.560418 1.569719 2.429702 5.559840 24.224031
 0.000128 1.545384 1.565358 2.430819 5.541561 22.968443
 0.000128 1.532217 1.557954 2.431837 5.522008 21.662341
 0.000129 1.521474 1.548242 2.432777 5.502493 20.396903
 0.000129 1.513677 1.536765 2.433667 5.484109 19.239568
 0.000130 1.509542 1.524794 2.434512 5.468847 18.304513
 0.000130 1.509280 1.513401 2.435292 5.457973 17.652493
 0.000131 1.512987 1.502843 2.436051 5.451881 17.292366
 0.000131 1.520587 1.494103 2.436827 5.451518 17.271017
 0.000132 1.531675 1.487462 2.437553 5.456690 17.576327
 0.000132 1.545925 1.483331 2.438266 5.467522 18.224408
 0.000133 1.562653 1.481892 2.438973 5.483518 19.202955
 0.000133 1.580708 1.482807 2.439560 5.503074 20.434034
 0.000134 1.599146 1.486301 2.440054 5.525501 21.892876
 0.000134 1.616629 1.491712 2.440523 5.548863 23.466046
 0.000135 1.631765 1.498319 2.440979 5.571063 25.011512
 0.000135 1.643242 1.505989 2.441344 5.590574 26.410558
 0.000136 1.649905 1.514296 2.441551 5.605752 27.525145
 0.000136 1.651107 1.522316 2.441531 5.614953 28.212040
 0.000137 1.646832 1.529975 2.441443 5.618250 28.460282
 0.000137 1.637326 1.537028 2.441336 5.615689 28.267374
 0.000138 1.623306 1.543105 2.441111 5.607521 27.656558
 0.000138 1.605254 1.547974 2.440771 5.593999 26.660012
 0.000139 1.583998 1.551391 2.440288 5.575677 25.338916
 0.000139 1.560789 1.553837 2.439834 5.554461 23.851076
 0.000140 1.536764 1.555191 2.439233 5.531188 22.270813
 0.000140 1.513607 1.555954 2.438612 5.508174 20.761331
 0.000141 1.492088 1.556769 2.437925 5.486781 19.405709
 0.000141 1.473112 1.557581 2.437258 5.467951 18.250333
 0.000142 1.457096 1.559028 2.436645 5.452769 17.344610
 0.000142 1.444359 1.560998 2.436046 5.441403 16.681670
 0.000143 1.435081 1.562982 2.435533 5.433596 16.233765
 0.000143 1.429618 1.565304 2.435119 5.430041 16.031822
 0.000144 1.428023 1.567969 2.434756 5.430748 16.071892
 0.000144 1.430372 1.570615 2.434504 5.435491 16.341928
 0.000145 1.436552 1.572811 2.434356 5.443719 16.815674
 0.000145 1.446569 1.574366 2.434216 5.455151 17.485214
 0.000146 1.459653 1.575422 2.434055 5.469129 18.321572
 0.000146 1.475049 1.575384 2.433850 5.484283 19.250384
 0.000147 1.491563 1.574150 2.433646 5.499359 20.197211
 0.000147 1.508603 1.571747 2.433584 5.513934 21.134137
 0.000148 1.524845 1.567710 2.433539 5.526095 21.932163
 0.000148 1.539410 1.562053 2.433524 5.534987 22.525079
 0.000149 1.550249 1.555121 2.433433 5.538802 22.781859
 0.000149 1.556239 1.547216 2.433265 5.536719 22.641455
 0.000150 1.556425 1.538447 2.433097 5.527968 22.056415
 0.000150 1.550757 1.529262 2.432895 5.512914 21.067914
 0.000151 1.539107 1.520231 2.432663 5.492001 19.732230
 0.000151 1.522499 1.511742 2.432433 5.466675 18.173300
 0.000152 1.502194 1.504446 2.432162 5.438802 16.531755
 0.000152 1.479781 1.499188 2.431868 5.410837 14.962847
 0.000153 1.456727 1.496196 2.431534 5.384457 13.554540
 0.000153 1.434816 1.495761 2.431153 5.361730 12.397037
 0.000154 1.415462 1.497955 2.430879 5.344295 11.544095
 0.000154 1.399568 1.502899 2.430623 5.333090 11.011996
 0.000155 1.387609 1.510198 2.430335 5.328142 10.780995
 0.000155 1.380234 1.519400 2.430122 5.329756 10.856070
 0.000156 1.377542 1.529621 2.430051 5.337214 11.206384
 0.000156 1.379296 1.539984 2.430124 5.349403 11.790844
 0.000157 1.385604 1.549261 2.430294 5.365158 12.568347
 0.000157 1.395838 1.556641 2.430518 5.382998 13.478687
 0.000158 1.409520 1.561301 2.430830 5.401652 14.464619
 0.000158 1.425344 1.562615 2.431278 5.419237 15.425903
 0.000159 1.442278 1.559828 2.431751 5.433857 16.248616
 0.000159 1.459055 1.552175 2.432282 5.443513 16.803733
 0.000160 1.473850 1.540267 2.432896 5.447013 17.007281
 0.000160 1.485940 1.525041 2.433541 5.444522 16.862314
 0.000161 1.494495 1.507838 2.434270 5.436603 16.405539
 0.000161 1.498605 1.489558 2.435047 5.423210 15.647386
 0.000162 1.498299 1.471304 2.435863 5.405466 14.670500
 0.000162 1.494380 1.454362 2.436698 5.385440 13.605781
 0.000163 1.487650 1.439552 2.437644 5.364845 12.552665
 0.000163 1.479012 1.427678 2.438658 5.345349 11.594786
 0.000164 1.469085 1.419354 2.439719 5.328158 10.781743
 0.000164 1.458883 1.415284 2.440883 5.315050 10.181650
 0.000165 1.449503 1.415905 2.442182 5.307590 9.847773
 0.000165 1.441390 1.421131 2.443550 5.306070 9.780439
 0.000166 1.435214 1.430915 2.445066 5.311195 10.008432
 0.000166 1.431451 1.444946 2.446701 5.323098 10.548045
 0.000167 1.430227 1.462660 2.448423 5.341310 11.401114
 0.000167 1.430902 1.482605 2.450231 5.363738 12.497256
 0.000168 1.433114 1.503538 2.452101 5.388753 13.779127
 0.000168 1.436150 1.524065 2.454080 5.414294 15.152585
 0.000169 1.439987 1.543112 2.456100 5.439199 16.554599
 0.000169 1.444202 1.559216 2.458107 5.461525 17.864145
 0.000170 1.448793 1.570972 2.460094 5.479860 18.976902
 0.000170 1.453327 1.577306 2.462101 5.492734 19.778322
 0.000171 1.457610 1.578226 2.464163 5.499999 20.237894
 0.000171 1.461408 1.572939 2.466195 5.500542 20.272487
 0.000172 1.464857 1.561912 2.468285 5.495054 19.924485
 0.000172 1.467489 1.545882 2.470349 5.483719 19.215421
 0.000173 1.469343 1.526198 2.472444 5.467986 18.252442
 0.000173 1.470676 1.503803 2.474623 5.449102 17.129349
 0.000174 1.471643 1.480035 2.476803 5.428481 15.943606
 0.000174 1.471972 1.456436 2.478958 5.407366 14.773575
 0.000175 1.472058 1.434009 2.481167 5.387234 13.699535
 0.000175 1.471754 1.414518 2.483398 5.369670 12.795559
 0.000176 1.471446 1.398879 2.485670 5.355995 12.113118
 0.000176 1.471611 1.388134 2.487976 5.347721 11.709318
 0.000177 1.472716 1.382656 2.490309 5.345682 11.610830
 0.000177 1.474520 1.382532 2.492752 5.349804 11.810335
 0.000178 1.476930 1.387668 2.495267 5.359865 12.304343
 0.000178 1.479613 1.397764 2.497821 5.375198 13.076742
 0.000179 1.482956 1.412184 2.500383 5.395522 14.136795
 0.000179 1.486386 1.430016 2.502910 5.419312 15.430072
 0.000180 1.489746 1.450044 2.505502 5.445292 16.907036
 0.000180 1.492577 1.470699 2.508095 5.471370 18.457507
 0.000181 1.494706 1.490364 2.510562 5.495632 19.961036
 0.000181 1.496041 1.507224 2.512930 5.516195 21.281426
 0.000182 1.496768 1.520073 2.515280 5.532120 22.333035
 0.000182 1.496657 1.527301 2.517588 5.541545 22.967414
 0.000183 1.496208 1.528303 2.519818 5.544329 23.156422
 0.000183 1.495496 1.522952 2.521902 5.540350 22.886470
 0.000184 1.494896 1.511600 2.523811 5.530307 22.212017
 0.000184 1.494623 1.495528 2.525662 5.515813 21.256477
 0.000185 1.495040 1.475959 2.527413 5.498413 20.137098
 0.000185 1.496485 1.454469 2.529086 5.480041 18.988044
 0.000186 1.499012 1.432861 2.530717 5.462589 17.927851
 0.000186 1.502646 1.412858 2.532235 5.447740 17.049688
 0.000187 1.507759 1.395347 2.533663 5.436769 16.415097
 0.000187 1.514416 1.381298 2.535047 5.430761 16.072655
 0.000188 1.522477 1.370951 2.536424 5.429853 16.021166
 0.000188 1.531805 1.364509 2.537696 5.434010 16.257385
 0.000189 1.542226 1.361806 2.538854 5.442887 16.767471
 0.000189 1.552705 1.362626 2.539858 5.455190 17.487501
 0.000190 1.563009 1.366364 2.540696 5.470069 18.378537
 0.000190 1.572545 1.372990 2.541389 5.486924 19.414609
 0.000191 1.581136 1.382018 2.541971 5.505125 20.565341
 0.000191 1.587581 1.393266 2.542387 5.523234 21.743137
 0.000192 1.591334 1.405780 2.542681 5.539795 22.848932
 0.000192 1.592191 1.419303 2.542905 5.554399 23.846834
 0.000193 1.590229 1.433502 2.542980 5.566711 24.704709
 0.000193 1.585346 1.447872 2.542809 5.576028 25.363923
 0.000194 1.577959 1.461629 2.542474 5.582062 25.795483
 0.000194 1.568110 1.474294 2.541937 5.584341 25.959468
 0.000195 1.556441 1.485592 2.541284 5.583316 25.885681
 0.000195 1.543441 1.494398 2.540508 5.578347 25.529384
 0.000196 1.529923 1.500548 2.539602 5.570073 24.941584
 0.000196 1.516031 1.503710 2.538655 5.558396 24.123677
 0.000197 1.502768 1.504088 2.537537 5.544393 23.160812
 0.000197 1.490776 1.501981 2.536246 5.529003 22.125188
 0.000198 1.480893 1.497143 2.534843 5.512879 21.065609
 0.000198 1.473822 1.490365 2.533311 5.497498 20.079093
 0.000199 1.470149 1.481851 2.531652 5.483651 19.211192
 0.000199 1.470215 1.472215 2.529988 5.472418 18.521241
 0.000200 1.474507 1.462257 2.528273 5.465037 18.074716
 0.000200 1.482799 1.452503 2.526372 5.461675 17.873110
 0.000201 1.494486 1.443522 2.524377 5.462385 17.915608
 0.000201 1.509548 1.436122 2.522281 5.467950 18.250280
 0.000202 1.527092 1.430713 2.520115 5.477919 18.857539
 0.000202 1.546198 1.427430 2.517906 5.491534 19.702930
 0.000203 1.565360 1.426507 2.515617 5.507483 20.716837
 0.000203 1.583142 1.427834 2.513313 5.524289 21.812772
 0.000204 1.598484 1.431015 2.510947 5.540446 22.892955
 0.000204 1.610293 1.435712 2.508524 5.554530 23.855840
 0.000205 1.617509 1.441470 2.506072 5.565050 24.588093
 0.000205 1.619381 1.447939 2.503474 5.570793 24.992464
 0.000206 1.615789 1.454904 2.500816 5.571509 25.043069
 0.000206 1.606662 1.462229 2.498008 5.566899 24.717904
 0.000207 1.592440 1.469586 2.495168 5.557194 24.040211
 0.000207 1.574086 1.476753 2.492322 5.543161 23.077068
 0.000208 1.552686 1.483163 2.489509 5.525357 21.883369
 0.000208 1.529126 1.489034 2.486678 5.504837 20.546892
 0.000209 1.505351 1.494248 2.483803 5.483402 19.195746
 0.000209 1.482633 1.498762 2.480921 5.462316 17.911493
 0.000210 1.461691 1.502535 2.478027 5.442253 16.730771
 0.000210 1.443470 1.505834 2.475166 5.424470 15.717952
 0.000211 1.428624 1.509049 2.472337 5.410011 14.917702
 0.000211 1.417216 1.511865 2.469456 5.398537 14.297527
 0.000212 1.409722 1.514773 2.466651 5.391145 13.905016
 0.000212 1.405975 1.517594 2.463966 5.387535 13.715265
 0.000213 1.406549 1.520378 2.461342 5.388270 13.753795
 0.000213 1.411460 1.522516 2.458798 5.392774 13.991021
 0.000214 1.420099 1.524358 2.456343 5.400800 14.418826
 0.000214 1.432631 1.525788 2.453923 5.412343 15.045353
 0.000215 1.448334 1.526094 2.451596 5.426024 15.805190
 0.000215 1.466001 1.525177 2.449374 5.440552 16.632563
 0.000216 1.484759 1.523184 2.447142 5.455085 17.481288
 0.000216 1.503479 1.520315 2.444853 5.468647 18.292421
 0.000217 1.520802 1.516751 2.442555 5.480108 18.992186
 0.000217 1.535064 1.512382 2.440339 5.487785 19.468280
 0.000218 1.544799 1.507269 2.438193 5.490262 19.623148
 0.000218 1.549102 1.501870 2.436079 5.487051 19.422518
 0.000219 1.547598 1.496421 2.434013 5.478031 18.864412
 0.000219 1.540152 1.491576 2.431967 5.463695 17.994139
 0.000220 1.527642 1.487585 2.429987 5.445214 16.902511
 0.000220 1.511251 1.485242 2.428008 5.424501 15.719665
 0.000221 1.492233 1.484761 2.426145 5.403138 14.544649
 0.000221 1.471888 1.486547 2.424374 5.382810 13.468934
 0.000222 1.451636 1.491104 2.422675 5.365416 12.581262
 0.000222 1.432988 1.498543 2.421142 5.352672 11.950147
 0.000223 1.416302 1.508673 2.419736 5.344711 11.564104
 0.000223 1.402808 1.521658 2.418466 5.342933 11.478733
 0.000224 1.392709 1.536593 2.417356 5.346658 11.657901
 0.000224 1.385710 1.552784 2.416338 5.354833 12.055992
 0.000225 1.382132 1.569526 2.415343 5.367001 12.660896
 0.000225 1.381694 1.585475 2.414430 5.381599 13.406143
 0.000226 1.384629 1.599906 2.413546 5.398082 14.273205
 0.000226 1.390766 1.611681 2.412604 5.415051 15.194254
 0.000227 1.399925 1.619571 2.411660 5.431156 16.095044
 0.000227 1.411466 1.623592 2.410888 5.445946 16.945080
 0.000228 1.425029 1.623489 2.410234 5.458753 17.698839
 0.000228 1.440170 1.619042 2.409630 5.468842 18.304195
 0.000229 1.455797 1.610759 2.409003 5.475558 18.712795
 0.000229 1.471521 1.599047 2.408428 5.478996 18.923747
 0.000230 1.486661 1.585073 2.407835 5.479570 18.959055
 0.000230 1.500037 1.569582 2.407277 5.476896 18.794744
 0.000231 1.510967 1.553903 2.406764 5.471633 18.473477
 0.000231 1.518525 1.538650 2.406281 5.463457 17.979818
 0.000232 1.522551 1.524893 2.405787 5.453231 17.371876
 0.000232 1.523200 1.513284 2.405295 5.441780 16.703419
 0.000233 1.520535 1.504097 2.404759 5.429392 15.995090
 0.000233 1.515087 1.498198 2.404242 5.417527 15.331076
 0.000234 1.507094 1.495952 2.403783 5.406829 14.744377
 0.000234 1.497215 1.497000 2.403347 5.397562 14.245459
 0.000235 1.486484 1.501236 2.402974 5.390695 13.881267
 0.000235 1.475661 1.509166 2.402581 5.387409 13.708664
 0.000236 1.465681 1.520576 2.402142 5.388399 13.760555
 0.000236 1.457117 1.534739 2.401675 5.393530 14.031078
 0.000237 1.450540 1.550835 2.401203 5.402579 14.514496
 0.000237 1.446221 1.568020 2.400750 5.414992 15.191002
 0.000238 1.444098 1.584727 2.400324 5.429149 15.981354
 0.000238 1.443979 1.599741 2.399937 5.443656 16.812071
 0.000239 1.446110 1.611330 2.399603 5.457043 17.597298
 0.000239 1.450275 1.618376 2.399197 5.467848 18.244096
 0.000240 1.456081 1.620209 2.398824 5.475114 18.685691
 0.000240 1.463132 1.616514 2.398448 5.478094 18.868271
 0.000241 1.471146 1.607237 2.398076 5.476460 18.768008
 0.000241 1.480081 1.593045 2.397712 5.470839 18.425213
 0.000242 1.489993 1.574977 2.397384 5.462354 17.913772
 0.000242 1.500558 1.554401 2.397090 5.452050 17.302285
 0.000243 1.511387 1.532693 2.396811 5.440891 16.652094
 0.000243 1.522091 1.510764 2.396585 5.429440 15.997810
 0.000244 1.532415 1.489877 2.396509 5.418801 15.401706
 0.000244 1.542022 1.471207 2.396465 5.409694 14.900385
 0.000245 1.550731 1.455565 2.396536 5.402832 14.528162
 0.000245 1.558243 1.443729 2.396667 5.398639 14.303032
 0.000246 1.563838 1.436118 2.396879 5.396835 14.206676
 0.000246 1.567474 1.432298 2.397221 5.396993 14.215101
 0.000247 1.568885 1.432680 2.397640 5.399205 14.333271
 0.000247 1.568376 1.437004 2.398187 5.403566 14.567744
 0.000248 1.565927 1.445016 2.398816 5.409759 14.903919
 0.000248 1.561867 1.456226 2.399570 5.417664 15.338648
 0.000249 1.556140 1.470418 2.400439 5.426997 15.859925
 0.000249 1.548757 1.486832 2.401437 5.437026 16.429787
 0.000250 1.540378 1.504627 2.402564 5.447569 17.039735
 0.000250 1.531739 1.523081 2.403843 5.458663 17.693497
 0.000251 1.523448 1.541088 2.405208 5.469744 18.358841
 0.000251 1.516020 1.557080 2.406644 5.479744 18.969805
 0.000252 1.509934 1.570497 2.408223 5.488655 19.522592
 0.000252 1.505399 1.579838 2.409950 5.495188 19.932967
 0.000253 1.502364 1.584817 2.411707 5.498888 20.167250
 0.000253 1.501150 1.584625 2.413508 5.499283 20.192378
 0.000254 1.502071 1.579147 2.415342 5.496560 20.019692
 0.000254 1.505437 1.568885 2.417258 5.491580 19.705806
 0.000255 1.511191 1.555044 2.419193 5.485427 19.321463
 0.000255 1.519070 1.538397 2.421231 5.478698 18.905396
 0.000256 1.528791 1.520048 2.423448 5.472286 18.513197
 0.000256 1.540314 1.500883 2.425756 5.466953 18.190086
 0.000257 1.552550 1.482058 2.428102 5.462710 17.935071
 0.000257 1.564905 1.464545 2.430508 5.459959 17.770663
 0.000258 1.577436 1.449691 2.433017 5.460144 17.781742
 0.000258 1.589659 1.438036 2.435602 5.463297 17.970256
 0.000259 1.600931 1.429963 2.438208 5.469102 18.319927
 0.000259 1.610673 1.425532 2.440808 5.477014 18.801974
 0.000260 1.618473 1.424752 2.443398 5.486623 19.395851
 0.000260 1.623288 1.427190 2.446047 5.496525 20.017506
 0.000261 1.624984 1.432783 2.448778 5.506545 20.656519
 0.000261 1.623297 1.441026 2.451535 5.515858 21.259449
 0.000262 1.618390 1.450921 2.454245 5.523557 21.764404
 0.000262 1.610711 1.461932 2.456907 5.529550 22.161613
 0.000263 1.600689 1.473304 2.459557 5.533549 22.428650
 0.000263 1.589099 1.484410 2.462233 5.535742 22.575796
 0.000264 1.576261 1.494510 2.464807 5.535578 22.564720
 0.000264 1.563126 1.502803 2.467378 5.533307 22.412464
 0.000265 1.550639 1.508702 2.469948 5.529289 22.144207
 0.000265 1.539201 1.511199 2.472448 5.522848 21.717687
 0.000266 1.529339 1.509960 2.474934 5.514233 21.153593
 0.000266 1.521640 1.505381 2.477371 5.504392 20.518334
 0.000267 1.516429 1.497540 2.479664 5.493634 19.834957
 0.000267 1.514052 1.486735 2.481951 5.482737 19.154596
 0.000268 1.514880 1.474112 2.484190 5.473182 18.567760
 0.000268 1.518255 1.460571 2.486443 5.465269 18.088667
 0.000269 1.524134 1.446737 2.488704 5.459576 17.747853
 0.000269 1.532129 1.433349 2.491036 5.456514 17.565899
 0.000270 1.541964 1.420892 2.493408 5.456263 17.551056
 0.000270 1.552697 1.409540 2.495770 5.458007 17.654530
 0.000271 1.564175 1.399327 2.498150 5.461652 17.871755
 0.000271 1.575642 1.390381 2.500580 5.466604 18.169035
 0.000272 1.585916 1.382789 2.502919 5.471625 18.472955
 0.000272 1.594217 1.376433 2.505198 5.475848 18.730549
 0.000273 1.599917 1.371497 2.507450 5.478864 18.915607
 0.000273 1.601806 1.368451 2.509713 5.479970 18.983697
 0.000274 1.599714 1.366771 2.511980 5.478464 18.891022
 0.000274 1.593316 1.366806 2.514212 5.474334 18.638004
 0.000275 1.582800 1.369268 2.516421 5.468489 18.282840
 0.000275 1.568919 1.374269 2.518578 5.461766 17.878588
 0.000276 1.552042 1.382060 2.520668 5.454770 17.462687
 0.000276 1.532805 1.392335 2.522691 5.447831 17.054996
 0.000277 1.512204 1.404903 2.524718 5.441826 16.706105
 0.000277 1.491326 1.419099 2.526651 5.437076 16.432668
 0.000278 1.470645 1.434043 2.528520 5.433207 16.211619
 0.000278 1.450880 1.449119 2.530359 5.430358 16.049801
 0.000279 1.432734 1.463422 2.532119 5.428274 15.931958
 0.000279 1.416818 1.475819 2.533807 5.426444 15.828797
 0.000280 1.404039 1.485168 2.535354 5.424561 15.723019
 0.000280 1.394829 1.490949 2.536850 5.422628 15.614832
 0.000281 1.390008 1.493092 2.538373 5.421473 15.550338
 0.000281 1.389465 1.491124 2.539800 5.420389 15.489932
 0.000282 1.393510 1.484814 2.541144 5.419468 15.438711
 0.000282 1.402025 1.474950 2.542309 5.419285 15.428547
 0.000283 1.414399 1.462306 2.543279 5.419984 15.467443
 0.000283 1.429821 1.447669 2.544078 5.421568 15.555615
 0.000284 1.446957 1.431968 2.544685 5.423610 15.669746
 0.000284 1.464913 1.416668 2.545188 5.426770 15.847123
 0.000285 1.482119 1.403252 2.545464 5.430834 16.076785
 0.000285 1.496809 1.392254 2.545665 5.434727 16.298298
 0.000286 1.507272 1.384282 2.545796 5.437350 16.448353
 0.000286 1.512592 1.379690 2.545827 5.438109 16.491927
 0.000287 1.511604 1.378341 2.545754 5.435698 16.353779
 0.000287 1.504086 1.379635 2.545589 5.429309 15.990435
 0.000288 1.490677 1.383455 2.545292 5.419425 15.436326
 0.000288 1.472875 1.389996 2.544890 5.407761 14.795076
 0.000289 1.452100 1.399514 2.544349 5.395962 14.160190
 0.000289 1.430219 1.411887 2.543782 5.385888 13.629157
 0.000290 1.409113 1.426795 2.543153 5.379060 13.274986
 0.000290 1.389984 1.443500 2.542525 5.376009 13.118273
 0.000291 1.373919 1.461439 2.541739 5.377096 13.173993
 0.000291 1.362350 1.480126 2.540854 5.383331 13.495964
 0.000292 1.355489 1.498628 2.539843 5.393960 14.053840
 0.000292 1.353227 1.515676 2.538828 5.407731 14.793433
 0.000293 1.354852 1.530278 2.537834 5.422964 15.633625
 0.000293 1.359726 1.541831 2.536747 5.438304 16.503110
 0.000294 1.367248 1.549451 2.535478 5.452177 17.309800
 0.000294 1.376683 1.552652 2.534082 5.463417 17.977446
 0.000295 1.387701 1.551586 2.532606 5.471892 18.489226
 0.000295 1.399689 1.546424 2.530988 5.477101 18.807315
 0.000296 1.411894 1.537829 2.529235 5.478957 18.921361
 0.000296 1.423411 1.526481 2.527382 5.477274 18.817933
 0.000297 1.434218 1.513364 2.525407 5.472989 18.555961
 0.000297 1.443565 1.499399 2.523522 5.466487 18.161967
 0.000298 1.450650 1.485763 2.521690 5.458103 17.660234
 0.000298 1.455518 1.472992 2.519843 5.448353 17.085522
 0.000299 1.458656 1.462077 2.517929 5.438663 16.523766
 0.000299 1.459899 1.453200 2.516025 5.429123 15.979923
 0.000300 1.459761 1.447205 2.514087 5.421054 15.526988
 0.000300 1.458458 1.443987 2.512129 5.414574 15.167957
 0.000301 1.456416 1.444413 2.510270 5.411098 14.977148
 0.000301 1.453622 1.448706 2.508452 5.410781 14.959771
 0.000302 1.450335 1.456834 2.506549 5.413717 15.120834
 0.000302 1.446655 1.468785 2.504694 5.420135 15.475814
 0.000303 1.442399 1.484511 2.502905 5.429815 16.019042
 0.000303 1.437727 1.503457 2.501198 5.442382 16.738232
 0.000304 1.432783 1.524771 2.499565 5.457119 17.601787
 0.000304 1.427767 1.547252 2.498010 5.473029 18.558395
 0.000305 1.422955 1.569629 2.496452 5.489036 19.546446
 0.000305 1.418576 1.590412 2.494950 5.503938 20.489276
 0.000306 1.414814 1.608414 2.493406 5.516634 21.310084
 0.000306 1.411746 1.622634 2.491863 5.526243 21.942006
 0.000307 1.409865 1.631640 2.490327 5.531832 22.313783
 0.000307 1.409606 1.634523 2.488783 5.532913 22.386048
 0.000308 1.411621 1.630951 2.487108 5.529680 22.170243
 0.000308 1.415682 1.621586 2.485346 5.522614 21.702258
 0.000309 1.421998 1.607319 2.483556 5.512873 21.065218
 0.000309 1.430717 1.589686 2.481778 5.502181 20.376946
 0.000310 1.441933 1.569681 2.480013 5.491626 19.708733
 0.000310 1.455188 1.548593 2.478334 5.482115 19.116079
 0.000311 1.469658 1.527287 2.476737 5.473682 18.598244
 0.000311 1.484650 1.506813 2.475207 5.466670 18.173019
 0.000312 1.499768 1.488300 2.473756 5.461824 17.882066
 0.000312 1.514153 1.472345 2.472277 5.458775 17.700177
 0.000313 1.526910 1.459623 2.470786 5.457318 17.613603
 0.000313 1.537412 1.450768 2.469326 5.457506 17.624763
 0.000314 1.545585 1.445766 2.467941 5.459292 17.730925
 0.000314 1.550979 1.444587 2.466604 5.462170 17.902747
 0.000315 1.553381 1.447185 2.465309 5.465875 18.125136
 0.000315 1.552909 1.453728 2.464084 5.470720 18.418023
 0.000316 1.550039 1.463765 2.462922 5.476726 18.784310
 0.000316 1.545484 1.477006 2.461841 5.484330 19.253327
 0.000317 1.539545 1.492751 2.460795 5.493092 19.800848
 0.000317 1.532916 1.510386 2.459836 5.503138 20.438091
 0.000318 1.526198 1.528487 2.458893 5.513578 21.111025
 0.000318 1.519393 1.545864 2.457907 5.523164 21.738471
 0.000319 1.513273 1.561758 2.456879 5.531909 22.318959
 0.000319 1.508333 1.575453 2.455933 5.539719 22.843762
 0.000320 1.504579 1.586295 2.455149 5.546023 23.271889
 0.000320 1.502196 1.593627 2.454337 5.550160 23.554962
 0.000321 1.501137 1.596826 2.453626 5.551589 23.653127
 0.000321 1.501495 1.595469 2.452952 5.549916 23.538202
 0.000322 1.503277 1.589442 2.452308 5.545027 23.203948
 0.000322 1.506643 1.579109 2.451670 5.537422 22.688813
 0.000323 1.511860 1.565060 2.451048 5.527968 22.056407
 0.000323 1.518534 1.548398 2.450429 5.517360 21.357514
 0.000324 1.526956 1.529969 2.449767 5.506693 20.666002
 0.000324 1.537050 1.510490 2.449021 5.496562 20.019823
 0.000325 1.548730 1.491092 2.448283 5.488105 19.488260
 0.000325 1.561634 1.472301 2.447566 5.481502 19.078198
 0.000326 1.575484 1.455158 2.446824 5.477466 18.829735
 0.000326 1.589618 1.440505 2.446112 5.476236 18.754294
 0.000327 1.603565 1.428254 2.445371 5.477189 18.812729
 0.000327 1.616680 1.418495 2.444582 5.479757 18.970588
 0.000328 1.628257 1.411254 2.443780 5.483292 19.188915
 0.000328 1.637639 1.406420 2.443067 5.487127 19.427231
 0.000329 1.644215 1.403803 2.442341 5.490359 19.629262
 0.000329 1.647230 1.403791 2.441570 5.492590 19.769300
 0.000330 1.646313 1.406471 2.440808 5.493593 19.832369
 0.000330 1.641631 1.411410 2.440038 5.493079 19.800033
 0.000331 1.633609 1.418698 2.439277 5.491584 19.706065
 0.000331 1.623119 1.428029 2.438489 5.489638 19.584061
 0.000332 1.610587 1.438963 2.437666 5.487216 19.432835
 0.000332 1.596411 1.451001 2.436747 5.484159 19.242681
 0.000333 1.581337 1.463307 2.435765 5.480409 19.010733
 0.000333 1.566703 1.475209 2.434693 5.476604 18.776876
 0.000334 1.553013 1.485579 2.433542 5.472135 18.503977
 0.000334 1.540829 1.493116 2.432384 5.466329 18.152448
 0.000335 1.530875 1.497228 2.431250 5.459352 17.734527
 0.000335 1.523993 1.497732 2.430180 5.451905 17.293760
 0.000336 1.520507 1.493826 2.429109 5.443442 16.799644
 0.000336 1.520519 1.485424 2.427926 5.433870 16.249367
 0.000337 1.523921 1.473641 2.426676 5.424238 15.704930
 0.000337 1.530730 1.458724 2.425438 5.414892 15.185498
 0.000338 1.540421 1.441833 2.424148 5.406402 14.721233
 0.000338 1.552368 1.424020 2.422777 5.399166 14.331184
 0.000339 1.565642 1.406230 2.421356 5.393228 14.015082
 0.000339 1.579187 1.389754 2.419938 5.388878 13.785711
 0.000340 1.592476 1.375176 2.418533 5.386185 13.644657
 0.000340 1.604332 1.363145 2.417283 5.384760 13.570320
 0.000341 1.613309 1.354140 2.416075 5.383524 13.506032
 0.000341 1.619236 1.348662 2.414989 5.382888 13.472974
 0.000342 1.621643 1.346887 2.413921 5.382450 13.450257
 0.000342 1.619809 1.348332 2.412905 5.381045 13.377496
 0.000343 1.613676 1.352730 2.411929 5.378334 13.237628
 0.000343 1.603916 1.359957 2.410996 5.374869 13.059954
 0.000344 1.590814 1.369874 2.410243 5.370931 12.859431
 0.000344 1.575767 1.381975 2.409661 5.367403 12.681144
 0.000345 1.560016 1.395759 2.409216 5.364991 12.559987
 0.000345 1.543929 1.410175 2.408881 5.362985 12.459613
 0.000346 1.528470 1.425022 2.408692 5.362183 12.419637
 0.000346 1.514577 1.440231 2.408609 5.363417 12.481198
 0.000347 1.502662 1.455162 2.408666 5.366491 12.635244
 0.000347 1.493308 1.468630 2.408864 5.370802 12.852916
 0.000348 1.486909 1.480734 2.409243 5.376886 13.163192
 0.000348 1.483283 1.490684 2.409835 5.383802 13.520442
 0.000349 1.482265 1.498215 2.410535 5.391015 13.898152
 0.000349 1.483864 1.503316 2.411428 5.398608 14.301353
 0.000350 1.487943 1.505597 2.412406 5.405946 14.696489
 0.000350 1.494255 1.504950 2.413480 5.412686 15.064164
 0.000351 1.502243 1.501528 2.414755 5.418525 15.386401
 0.000351 1.511345 1.495356 2.416209 5.422910 15.630564
 0.000352 1.521105 1.486969 2.417840 5.425914 15.798980
 0.000352 1.530881 1.477052 2.419642 5.427575 15.892477
 0.000353 1.540292 1.466056 2.421533 5.427881 15.909769
 0.000353 1.549074 1.454721 2.423592 5.427387 15.881914
 0.000354 1.556606 1.443715 2.425845 5.426167 15.813222
 0.000354 1.561994 1.433818 2.428249 5.424061 15.695020
 0.000355 1.565118 1.425625 2.430723 5.421465 15.549910
 0.000355 1.565511 1.419539 2.433347 5.418398 15.379329
 0.000356 1.563069 1.415694 2.436100 5.414863 15.183925
 0.000356 1.557683 1.414235 2.438919 5.410838 14.962880
 0.000357 1.549664 1.415657 2.441811 5.407132 14.760849
 0.000357 1.539753 1.419949 2.444771 5.404473 14.616720
 0.000358 1.528349 1.427448 2.447776 5.403572 14.568063
 0.000358 1.515923 1.438540 2.450814 5.405277 14.660252
 0.000359 1.503090 1.452340 2.453994 5.409424 14.885629
 0.000359 1.489857 1.468258 2.457190 5.415306 15.208330
 0.000360 1.476768 1.485985 2.460383 5.423136 15.643227
 0.000360 1.464454 1.504976 2.463487 5.432917 16.195117
 0.000361 1.453065 1.524090 2.466615 5.443770 16.818647
 0.000361 1.443316 1.542748 2.469751 5.455815 17.524468
 0.000362 1.436094 1.560116 2.472858 5.469067 18.317830
 0.000362 1.431438 1.574328 2.475959 5.481725 19.092002
 0.000363 1.429516 1.584954 2.479073 5.493543 19.829237
 0.000363 1.430029 1.591297 2.482102 5.503428 20.456625
 0.000364 1.432482 1.592821 2.485047 5.510350 20.901771
 0.000364 1.436028 1.589621 2.487933 5.513582 21.111254
 0.000365 1.440112 1.582321 2.490725 5.513158 21.083747
 0.000365 1.444606 1.571583 2.493429 5.509618 20.854495
 0.000366 1.448955 1.558336 2.496043 5.503333 20.450561
 0.000366 1.452715 1.543510 2.498581 5.494805 19.908829
 0.000367 1.455622 1.528416 2.501139 5.485176 19.305847
 0.000367 1.457261 1.513906 2.503583 5.474749 18.663371
 0.000368 1.457351 1.501070 2.505925 5.464346 18.033189
 0.000368 1.456699 1.490793 2.508116 5.455609 17.512320
 0.000369 1.455171 1.483704 2.510119 5.448994 17.122981
 0.000369 1.453120 1.479966 2.511949 5.445035 16.892130
 0.000370 1.450818 1.479873 2.513639 5.444330 16.851158
 0.000370 1.448328 1.483223 2.515176 5.446727 16.990622
 0.000371 1.446058 1.489336 2.516608 5.452002 17.299467
 0.000371 1.443917 1.498386 2.517934 5.460236 17.787234
 0.000372 1.442270 1.509875 2.519107 5.471252 18.450317
 0.000372 1.441159 1.522655 2.520019 5.483833 19.222449
 0.000373 1.440308 1.536351 2.520821 5.497480 20.077967
 0.000373 1.439315 1.550475 2.521403 5.511192 20.956265
 0.000374 1.438136 1.564561 2.521778 5.524475 21.825019
 0.000374 1.436600 1.578069 2.522003 5.536673 22.638345
 0.000375 1.434402 1.590523 2.522106 5.547031 23.340713
 0.000375 1.431786 1.601030 2.522037 5.554852 23.878137
 0.000376 1.428571 1.609575 2.521816 5.559962 24.232576
 0.000376 1.424751 1.616013 2.521495 5.562260 24.392772
 0.000377 1.420403 1.620046 2.520997 5.561447 24.336055
 0.000377 1.416058 1.621840 2.520353 5.558252 24.113667
 0.000378 1.412186 1.621177 2.519525 5.552888 23.742611
 0.000378 1.409023 1.617702 2.518656 5.545381 23.228074
 0.000379 1.406930 1.611981 2.517718 5.536628 22.635352
 0.000379 1.406123 1.604152 2.516630 5.526905 21.985848
 0.000380 1.407133 1.594559 2.515431 5.517124 21.342039
 0.000380 1.410438 1.583700 2.514155 5.508293 20.769013
 0.000381 1.416077 1.572032 2.512756 5.500866 20.293074
 0.000381 1.423949 1.559909 2.511308 5.495166 19.931565
 0.000382 1.433601 1.547592 2.509793 5.490985 19.668494
 0.000382 1.444227 1.535545 2.508212 5.487984 19.480707
 0.000383 1.455626 1.524105 2.506626 5.486356 19.379232
 0.000383 1.467145 1.513849 2.504990 5.485984 19.356093
 0.000384 1.478028 1.504918 2.503353 5.486299 19.375676
 0.000384 1.488046 1.498103 2.501667 5.487817 19.470274
 0.000385 1.496946 1.493470 2.499849 5.490265 19.623354
 0.000385 1.503733 1.491183 2.497990 5.492906 19.789169
 0.000386 1.508482 1.492235 2.496142 5.496859 20.038611
 0.000386 1.510663 1.496481 2.494249 5.501393 20.326705
 0.000387 1.509790 1.502953 2.492282 5.505026 20.558959
 0.000387 1.506056 1.510959 2.490279 5.507294 20.704656
 0.000388 1.499642 1.519863 2.488197 5.507702 20.730933
 0.000388 1.491042 1.528435 2.485952 5.505429 20.584809
 0.000389 1.481115 1.536479 2.483621 5.501215 20.315347
 0.000389 1.470639 1.543355 2.481275 5.495269 19.938066
 0.000390 1.459847 1.548008 2.478870 5.486725 19.402213
 0.000390 1.449761 1.549850 2.476416 5.476028 18.741553
 0.000391 1.441205 1.548158 2.473924 5.463287 17.969638
 0.000391 1.434124 1.542839 2.471408 5.448371 17.086560
 0.000392 1.429178 1.534399 2.468964 5.432541 16.173735
 0.000392 1.426491 1.523399 2.466523 5.416413 15.269421
 0.000393 1.426393 1.510805 2.464169 5.401367 14.449309
 0.000393 1.429018 1.497387 2.461911 5.388317 13.756244
 0.000394 1.434343 1.483827 2.459707 5.377877 13.214107
 0.000394 1.442657 1.471164 2.457632 5.371453 12.885912
 0.000395 1.453922 1.459487 2.455656 5.369065 12.764993
 0.000395 1.467690 1.449589 2.453646 5.370926 12.859171
 0.000396 1.482902 1.442154 2.451670 5.376726 13.155023
 0.000396 1.499305 1.437313 2.449771 5.386389 13.655339
 0.000397 1.516040 1.434854 2.447940 5.398834 14.313430
 0.000397 1.532012 1.434250 2.446192 5.412453 15.051399
 0.000398 1.546476 1.434662 2.444506 5.425644 15.783833
 0.000398 1.558726 1.435827 2.442876 5.437429 16.452888
 0.000399 1.567575 1.437243 2.441291 5.446108 16.954558
 0.000399 1.572278 1.438407 2.439749 5.450434 17.207388
 0.000400 1.573450 1.439258 2.438199 5.450907 17.235110
 0.000400 1.570914 1.439573 2.436655 5.447142 17.014778
 0.000401 1.564657 1.439390 2.435142 5.439188 16.553977
 0.000401 1.555298 1.438413 2.433633 5.427344 15.879462
 0.000402 1.543728 1.436897 2.432159 5.412784 15.069562
 0.000402 1.531267 1.435340 2.430800 5.397406 14.237159
 0.000403 1.518912 1.433984 2.429528 5.382424 13.448891
 0.000403 1.507860 1.433484 2.428326 5.369670 12.795569
 0.000404 1.499045 1.434375 2.427316 5.360736 12.347593
 0.000404 1.493009 1.437054 2.426444 5.356506 12.138299
 0.000405 1.490192 1.441703 2.425655 5.357549 12.189764
 0.000405 1.490949 1.448065 2.424939 5.363952 12.507970
 0.000406 1.495679 1.455528 2.424240 5.375448 13.089526
 0.000406 1.503684 1.463183 2.423614 5.390481 13.870012
 0.000407 1.515027 1.470529 2.423041 5.408596 14.840507
 0.000407 1.528742 1.476751 2.422575 5.428068 15.920280
 0.000408 1.543889 1.481000 2.422117 5.447006 17.006840
 0.000408 1.560195 1.482937 2.421689 5.464821 18.061754
 0.000409 1.576460 1.482707 2.421330 5.480497 19.016172
 0.000409 1.591531 1.480279 2.421048 5.492858 19.786128
 0.000410 1.604753 1.475674 2.420811 5.501237 20.316763
 0.000410 1.615320 1.469062 2.420630 5.505012 20.558108
 0.000411 1.622448 1.460737 2.420385 5.503570 20.465711
 0.000411 1.625246 1.451075 2.420074 5.496394 20.009224
 0.000412 1.623596 1.441389 2.419779 5.484764 19.280239
 0.000412 1.617844 1.432667 2.419428 5.469939 18.370663
 0.000413 1.608986 1.425303 2.419048 5.453338 17.378157
 0.000413 1.597577 1.419488 2.418763 5.435827 16.361151
 0.000414 1.584771 1.415759 2.418481 5.419011 15.413360
 0.000414 1.571459 1.414340 2.418265 5.404064 14.594621
 0.000415 1.558458 1.415227 2.418049 5.391734 13.936084
 0.000415 1.546515 1.418482 2.417846 5.382842 13.470599
 0.000416 1.536174 1.423782 2.417625 5.377581 13.198885
 0.000416 1.528484 1.430725 2.417406 5.376614 13.149286
 0.000417 1.523762 1.439112 2.417161 5.380035 13.325293
 0.000417 1.522402 1.447905 2.416939 5.387245 13.700118
 0.000418 1.524322 1.456620 2.416724 5.397666 14.251006
 0.000418 1.529033 1.464449 2.416473 5.409955 14.914654
 0.000419 1.536388 1.470730 2.416247 5.423364 15.656003
 0.000419 1.545803 1.474708 2.416044 5.436556 16.402839
 0.000420 1.556309 1.475736 2.415956 5.448001 17.064953
 0.000420 1.567324 1.473507 2.415862 5.456693 17.576485
 0.000421 1.578513 1.468286 2.415825 5.462625 17.929956
 0.000421 1.589389 1.459835 2.415758 5.464982 18.071389
 0.000422 1.599524 1.449368 2.415672 5.464564 18.046311
 0.000422 1.607914 1.437970 2.415576 5.461460 17.860296
 0.000423 1.614353 1.426573 2.415437 5.456363 17.556961
 0.000423 1.618868 1.416068 2.415300 5.450236 17.195752
 0.000424 1.621361 1.407545 2.415142 5.444048 16.834795
 0.000424 1.622079 1.401309 2.415018 5.438406 16.508986
 0.000425 1.621145 1.397304 2.414975 5.433424 16.223988
 0.000425 1.618287 1.395436 2.415042 5.428765 15.959661
 0.000426 1.613804 1.395831 2.415251 5.424886 15.741267
 0.000426 1.607616 1.398125 2.415509 5.421250 15.537899
 0.000427 1.600203 1.401991 2.415840 5.418034 15.359137
 0.000427 1.592335 1.406742 2.416193 5.415270 15.206316
 0.000428 1.584584 1.412409 2.416612 5.413605 15.114633
 0.000428 1.576472 1.419247 2.417103 5.412823 15.071671
 0.000429 1.568719 1.427060 2.417738 5.413517 15.109804
 0.000429 1.561652 1.436389 2.418476 5.416517 15.275172
 0.000430 1.555568 1.447108 2.419276 5.421952 15.577047
 0.000430 1.550714 1.459193 2.420076 5.429983 16.028571
 0.000431 1.547682 1.472530 2.420983 5.441195 16.669635
 0.000431 1.546048 1.486726 2.422032 5.454806 17.464818
 0.000432 1.545753 1.501370 2.423082 5.470206 18.386821
 0.000432 1.546517 1.516827 2.424221 5.487565 19.454568
 0.000433 1.548428 1.532461 2.425439 5.506328 20.642573
 0.000433 1.550838 1.547000 2.426775 5.524613 21.834173
 0.000434 1.553100 1.559826 2.428090 5.541016 22.931523
 0.000434 1.554866 1.570285 2.429412 5.554563 23.858177
 0.000435 1.555728 1.578076 2.430732 5.564535 24.551960
 0.000435 1.555026 1.582569 2.432005 5.569601 24.908213
 0.000436 1.552181 1.582999 2.433274 5.568453 24.827284
 0.000436 1.547476 1.579069 2.434572 5.561117 24.313016
 0.000437 1.541093 1.571747 2.435879 5.548720 23.456224
 0.000437 1.533157 1.561832 2.437165 5.532154 22.335297
 0.000438 1.524655 1.550501 2.438511 5.513667 21.116815
 0.000438 1.515924 1.538331 2.439920 5.494175 19.869048
 0.000439 1.507580 1.526161 2.441270 5.475012 18.679406
 0.000439 1.500129 1.515112 2.442567 5.457808 17.642685
 0.000440 1.493954 1.506599 2.443859 5.444412 16.855902
 0.000440 1.488732 1.500967 2.445187 5.434886 16.307359
 0.000441 1.485467 1.498633 2.446549 5.430650 16.066334
 0.000441 1.484291 1.499696 2.447938 5.431925 16.138670
 0.000442 1.485154 1.504548 2.449378 5.439080 16.547754
 0.000442 1.487755 1.513114 2.450878 5.451747 17.284512
 0.000443 1.491868 1.524883 2.452340 5.469091 18.319253
 0.000443 1.496738 1.538899 2.453859 5.489495 19.575159
 0.000444 1.501732 1.554195 2.455400 5.511327 20.965009
 0.000444 1.506827 1.569689 2.456934 5.533450 22.422006
 0.000445 1.511040 1.583846 2.458468 5.553354 23.774683
 0.000445 1.513356 1.595843 2.459992 5.569191 24.879327
 0.000446 1.513443 1.605039 2.461446 5.579928 25.642491
 0.000446 1.510948 1.610372 2.462880 5.584200 25.949315
 0.000447 1.505892 1.611314 2.464276 5.581483 25.753930
 0.000447 1.498713 1.607808 2.465654 5.572175 25.090268
 0.000448 1.490019 1.600161 2.467021 5.557201 24.040697
 0.000448 1.479893 1.589021 2.468443 5.537357 22.684439
 0.000449 1.469054 1.575176 2.469910 5.514140 21.147526
 0.000449 1.458477 1.559364 2.471366 5.489207 19.557108
 0.000450 1.449123 1.543017 2.472880 5.465021 18.073726
 0.000450 1.441856 1.527755 2.474409 5.444021 16.833223
 0.000451 1.437245 1.514416 2.475959 5.427620 15.895024
 0.000451 1.435295 1.503899 2.477703 5.416896 15.296134
 0.000452 1.435684 1.496484 2.479504 5.411672 15.008576
 0.000452 1.438740 1.492574 2.481426 5.412740 15.067142
 0.000453 1.444496 1.492054 2.483415 5.419965 15.466374
 0.000453 1.452812 1.494709 2.485415 5.432936 16.196192
 0.000454 1.462606 1.499971 2.487545 5.450122 17.189079
 0.000454 1.472884 1.507107 2.489774 5.469765 18.360085
 0.000455 1.482589 1.515724 2.492161 5.490474 19.636430
 0.000455 1.490915 1.525192 2.494592 5.510700 20.924428
 0.000456 1.496918 1.534835 2.497047 5.528799 22.111650
 0.000456 1.500345 1.544090 2.499463 5.543898 23.127120
 0.000457 1.500674 1.552638 2.501772 5.555084 23.894164
 0.000457 1.497562 1.559712 2.504042 5.561316 24.326889
 0.000458 1.491239 1.565290 2.506369 5.562898 24.437378
 0.000458 1.482176 1.569086 2.508705 5.559967 24.232896
 0.000459 1.470252 1.570661 2.511051 5.551963 23.678917
 0.000459 1.456619 1.569688 2.513404 5.539712 22.843314
 0.000460 1.441882 1.566408 2.515747 5.524037 21.796072
 0.000460 1.426883 1.560746 2.518054 5.505682 20.601085
 0.000461 1.412338 1.552823 2.520359 5.485520 19.327221
 0.000461 1.399206 1.543263 2.522704 5.465173 18.082860
 0.000462 1.388118 1.532806 2.524904 5.445828 16.938255
 0.000462 1.379705 1.522065 2.527058 5.428828 15.963222
 0.000463 1.374376 1.511350 2.529124 5.414851 15.183216
 0.000463 1.372122 1.501272 2.531083 5.404477 14.616956
 0.000464 1.373110 1.492206 2.533012 5.398328 14.286377
 0.000464 1.377139 1.483971 2.534944 5.396054 14.165071
 0.000465 1.384282 1.476892 2.536875 5.398049 14.271443
 0.000465 1.394321 1.470843 2.538769 5.403932 14.587525
 0.000466 1.407345 1.465797 2.540601 5.413744 15.122293
 0.000466 1.422662 1.461479 2.542326 5.426466 15.830065
 0.000467 1.439922 1.457920 2.543899 5.441741 16.701196
 0.000467 1.458472 1.455186 2.545343 5.459001 17.713640
 0.000468 1.476550 1.453504 2.546693 5.476747 18.785638
 0.000468 1.492806 1.451984 2.547991 5.492780 19.781232
 0.000469 1.506621 1.450820 2.549054 5.506495 20.653299
 0.000469 1.517153 1.449808 2.549902 5.516863 21.325034
 0.000470 1.523559 1.448596 2.550555 5.522711 21.708614
 0.000470 1.525221 1.447297 2.551029 5.523547 21.763728
 0.000471 1.522394 1.445917 2.551326 5.519637 21.506557
 0.000471 1.515869 1.444296 2.551458 5.511622 20.984130
 0.000472 1.506346 1.442087 2.551466 5.499899 20.231535
 0.000472 1.494789 1.438773 2.551396 5.484957 19.292246
 0.000473 1.482097 1.434570 2.551231 5.467898 18.247126
 0.000473 1.469535 1.429857 2.550972 5.450364 17.203267
 0.000474 1.457977 1.424661 2.550630 5.433268 16.215072
 0.000474 1.447963 1.419177 2.550249 5.417389 15.323404
 0.000475 1.440104 1.413620 2.549805 5.403529 14.565767
 0.000475 1.435304 1.408364 2.549351 5.393019 14.004001
 0.000476 1.433890 1.403524 2.548854 5.386269 13.649029
 0.000476 1.436302 1.399306 2.548329 5.383936 13.527426
 0.000477 1.443298 1.396523 2.547800 5.387620 13.719752
 0.000477 1.454458 1.395508 2.547203 5.397169 14.224507
 0.000478 1.469207 1.396234 2.546639 5.412081 15.030969
 0.000478 1.487004 1.398908 2.546162 5.432075 16.147203
 0.000479 1.506986 1.403318 2.545703 5.456007 17.535856
 0.000479 1.528396 1.409256 2.545223 5.482875 19.163149
 0.000480 1.549672 1.416169 2.544735 5.510576 20.916414
 0.000480 1.569524 1.423138 2.544143 5.536806 22.647307
 0.000481 1.586685 1.429371 2.543508 5.559565 24.204912
 0.000481 1.599746 1.433865 2.542784 5.576396 25.390123
 0.000482 1.607714 1.435956 2.541880 5.585550 26.046631
 0.000482 1.610319 1.435571 2.540822 5.586712 26.130568
 0.000483 1.607267 1.432401 2.539660 5.579328 25.599492
 0.000483 1.599169 1.426655 2.538514 5.564337 24.538102
 0.000484 1.587076 1.418824 2.537313 5.543213 23.080545
 0.000484 1.572068 1.409374 2.536062 5.517504 21.366893
 0.000485 1.554824 1.399285 2.534788 5.488897 19.537750
 0.000485 1.536588 1.389680 2.533495 5.459763 17.758994
 0.000486 1.518722 1.381057 2.532148 5.431927 16.138820
 0.000486 1.502847 1.374240 2.530782 5.407868 14.800869
 0.000487 1.490125 1.370149 2.529476 5.389750 13.831542
 0.000487 1.481260 1.369635 2.528125 5.379019 13.272899
 0.000488 1.476769 1.373370 2.526775 5.376914 13.164658
 0.000488 1.476772 1.381769 2.525468 5.384008 13.531192
 0.000489 1.481294 1.394206 2.524122 5.399621 14.355603
 0.000489 1.489728 1.409667 2.522716 5.422111 15.585938
 0.000490 1.501373 1.426853 2.521297 5.449524 17.154012
 0.000490 1.515323 1.444839 2.519825 5.479987 18.984775
 0.000491 1.531179 1.461125 2.518380 5.510684 20.923416
 0.000491 1.547330 1.474041 2.516867 5.538238 22.743789
 0.000492 1.562767 1.481769 2.515254 5.559790 24.220596
 0.000492 1.576687 1.483797 2.513631 5.574115 25.227861
 0.000493 1.588619 1.480040 2.511959 5.580618 25.691928
 0.000493 1.597740 1.470298 2.510155 5.578192 25.518306
 0.000494 1.603852 1.455890 2.508236 5.567978 24.793792
 0.000494 1.606687 1.437802 2.506232 5.550721 23.593496
 0.000495 1.606063 1.417903 2.504127 5.528093 22.064685
 0.000495 1.602847 1.397621 2.501953 5.502421 20.392265
 0.000496 1.598064 1.378542 2.499733 5.476340 18.760666
 0.000496 1.592028 1.362220 2.497449 5.451698 17.281612
 0.000497 1.585520 1.350026 2.495090 5.430637 16.065602
 0.000497 1.578992 1.343111 2.492750 5.414852 15.183319
 0.000498 1.573459 1.341610 2.490468 5.405537 14.674332
 0.000498 1.569074 1.345459 2.488189 5.402722 14.522230
 0.000499 1.565980 1.354203 2.485888 5.406072 14.703298
 0.000499 1.564325 1.366955 2.483637 5.414918 15.186929
 0.000500 1.563786 1.382856 2.481317 5.427959 15.914143
