#! FIELDS time dAB dAC dAD rc bias
 0.000000 1.549652 0.981034 2.509762 5.040448 16.467835
 0.000000 1.532970 0.979822 2.508664 5.021456 15.395951
 0.000001 1.517007 0.978947 2.507620 5.003575 14.419712
 0.000001 1.502857 0.978468 2.506582 4.987907 13.590577
 0.000002 1.491123 0.978479 2.505548 4.975150 12.933632
 0.000002 1.482485 0.978943 2.504533 4.965960 12.470452
 0.000003 1.477169 0.979620 2.503485 4.960273 12.188055
 0.000003 1.475520 0.980661 2.502372 4.958552 12.103234
 0.000004 1.477891 0.981439 2.501299 4.960629 12.205604
 0.000004 1.484302 0.981715 2.500273 4.966290 12.486932
 0.000005 1.494262 0.981203 2.499122 4.974587 12.904969
 0.000005 1.507418 0.979590 2.497913 4.984921 13.435328
 0.000006 1.522775 0.977306 2.496752 4.996833 14.059897
 0.000006 1.539482 0.974119 2.495630 5.009231 14.725067
 0.000007 1.556963 0.970216 2.494517 5.021695 15.409221
 0.000007 1.574030 0.965975 2.493428 5.033433 16.067736
 0.000008 1.590070 0.962152 2.492378 5.044601 16.707048
 0.000008 1.604303 0.959195 2.491347 5.054844 17.304419
 0.000009 1.615249 0.957385 2.490348 5.062982 17.786467
 0.000009 1.622460 0.957073 2.489367 5.068901 18.141218
 0.000010 1.625355 0.958498 2.488340 5.072193 18.340049
 0.000010 1.623687 0.961954 2.487275 5.072916 18.383894
 0.000011 1.617703 0.966871 2.486225 5.070799 18.255755
 0.000011 1.608306 0.972734 2.485242 5.066282 17.983842
 0.000012 1.595922 0.979011 2.484345 5.059278 17.566233
 0.000012 1.581400 0.985306 2.483469 5.050175 17.030815
 0.000013 1.565422 0.990880 2.482581 5.038883 16.378144
 0.000013 1.549548 0.995337 2.481656 5.026540 15.679361
 0.000014 1.534579 0.998232 2.480673 5.013484 14.956725
 0.000014 1.520682 0.999122 2.479822 4.999626 14.208393
 0.000015 1.508416 0.998304 2.479043 4.985763 13.478995
 0.000015 1.498016 0.995594 2.478291 4.971901 12.768917
 0.000016 1.490080 0.991413 2.477597 4.959090 12.129694
 0.000016 1.485293 0.986124 2.477057 4.948474 11.612462
 0.000017 1.483685 0.980037 2.476700 4.940423 11.227691
 0.000017 1.485667 0.973839 2.476495 4.936002 11.019158
 0.000018 1.491241 0.968308 2.476466 4.936015 11.019798
 0.000018 1.499835 0.963935 2.476542 4.940312 11.222457
 0.000019 1.511473 0.960898 2.476731 4.949102 11.642758
 0.000019 1.525545 0.959411 2.477080 4.962036 12.275214
 0.000020 1.541160 0.959473 2.477603 4.978236 13.091037
 0.000020 1.557694 0.961228 2.478242 4.997163 14.077441
 0.000021 1.574339 0.964937 2.478858 5.018134 15.212147
 0.000021 1.590330 0.969881 2.479532 5.039742 16.427371
 0.000022 1.604060 0.975172 2.480160 5.059392 17.572954
 0.000022 1.614580 0.980328 2.480770 5.075678 18.551759
 0.000023 1.620645 0.984788 2.481441 5.086875 19.240033
 0.000023 1.621337 0.987635 2.482146 5.091118 19.504133
 0.000024 1.616303 0.988373 2.482863 5.087539 19.281240
 0.000024 1.605950 0.987114 2.483578 5.076642 18.610496
 0.000025 1.591021 0.984469 2.484324 5.059815 17.598068
 0.000025 1.572266 0.980827 2.485100 5.038193 16.338681
 0.000026 1.551098 0.976948 2.485881 5.013927 14.980996
 0.000026 1.529043 0.973863 2.486628 4.989534 13.675540
 0.000027 1.507463 0.972044 2.487381 4.966888 12.516835
 0.000027 1.487677 0.972003 2.488226 4.947905 11.585065
 0.000028 1.471497 0.973663 2.489197 4.934357 10.942070
 0.000028 1.459666 0.976646 2.490203 4.926515 10.578310
 0.000029 1.452837 0.980775 2.491237 4.924849 10.501814
 0.000029 1.450942 0.985926 2.492386 4.929253 10.704631
 0.000030 1.453896 0.990985 2.493537 4.938418 11.132910
 0.000030 1.461419 0.995569 2.494690 4.951678 11.767388
 0.000031 1.473077 0.999396 2.495836 4.968309 12.588042
 0.000031 1.488595 1.001674 2.496967 4.987236 13.555608
 0.000032 1.507030 1.001616 2.498073 5.006719 14.589032
 0.000032 1.527039 0.998971 2.499119 5.025129 15.600426
 0.000033 1.547729 0.993748 2.500033 5.041511 16.528889
 0.000033 1.568078 0.986212 2.500995 5.055286 17.330400
 0.000034 1.587207 0.976608 2.501886 5.065700 17.948962
 0.000034 1.603892 0.965770 2.502679 5.072341 18.349005
 0.000035 1.617164 0.954735 2.503323 5.075221 18.523937
 0.000035 1.626398 0.944600 2.503934 5.074932 18.506323
 0.000036 1.631633 0.937197 2.504464 5.073293 18.406764
 0.000036 1.632911 0.934021 2.504907 5.071839 18.318630
 0.000037 1.630567 0.935129 2.505296 5.070992 18.267432
 0.000037 1.624873 0.940911 2.505558 5.071342 18.288554
 0.000038 1.616563 0.950345 2.505735 5.072644 18.367390
 0.000038 1.606369 0.961954 2.505896 5.074219 18.462965
 0.000039 1.594541 0.974182 2.506086 5.074809 18.498838
 0.000039 1.581417 0.985727 2.506239 5.073383 18.412211
 0.000040 1.567805 0.995402 2.506359 5.069566 18.181328
 0.000040 1.554288 1.002993 2.506498 5.063780 17.834055
 0.000041 1.540894 1.007974 2.506619 5.055486 17.342182
 0.000041 1.528235 1.009813 2.506684 5.044732 16.714647
 0.000042 1.516909 1.009037 2.506661 5.032607 16.020933
 0.000042 1.507220 1.005789 2.506582 5.019591 15.292612
 0.000043 1.499214 1.000188 2.506397 5.005799 14.539370
 0.000043 1.493072 0.992857 2.506146 4.992074 13.808676
 0.000044 1.489421 0.983962 2.505847 4.979229 13.141919
 0.000044 1.488886 0.974660 2.505464 4.969010 12.623204
 0.000045 1.491124 0.966422 2.505042 4.962589 12.302628
 0.000045 1.496271 0.960104 2.504634 4.961009 12.224407
 0.000046 1.503975 0.956672 2.504227 4.964873 12.416228
 0.000046 1.513549 0.956264 2.503803 4.973616 12.855714
 0.000047 1.524285 0.958758 2.503322 4.986365 13.510303
 0.000047 1.534717 0.964148 2.502760 5.001625 14.315196
 0.000048 1.543137 0.971402 2.502091 5.016630 15.129310
 0.000048 1.547994 0.979364 2.501403 5.028761 15.803958
 0.000049 1.548078 0.986889 2.500674 5.035641 16.193122
 0.000049 1.543014 0.993522 2.499814 5.036350 16.233481
 0.000050 1.532722 0.998327 2.498876 5.029926 15.869510
 0.000050 1.517562 1.001124 2.497848 5.016534 15.124028
 0.000051 1.498564 1.002140 2.496661 4.997365 14.088120
 0.000051 1.476992 1.000883 2.495423 4.973298 12.839584
 0.000052 1.454000 0.997803 2.494133 4.945935 11.490430
 0.000052 1.430819 0.993697 2.492911 4.917427 10.164430
 0.000053 1.409571 0.988749 2.491781 4.890101 8.969686
 0.000053 1.391273 0.983611 2.490719 4.865603 7.962088
 0.000054 1.377220 0.978749 2.489716 4.845685 7.187102
 0.000054 1.367838 0.975037 2.488750 4.831626 6.663953
 0.000055 1.363240 0.972543 2.487917 4.823701 6.377774
 0.000055 1.363198 0.971560 2.487238 4.821996 6.317040
 0.000056 1.367937 0.972262 2.486705 4.826903 6.492660
 0.000056 1.376950 0.974100 2.486203 4.837253 6.870954
 0.000057 1.389361 0.976785 2.485803 4.851949 7.426568
 0.000057 1.404576 0.980013 2.485519 4.870107 8.142853
 0.000058 1.421813 0.983211 2.485352 4.890376 8.981334
 0.000058 1.440242 0.985844 2.485335 4.911421 9.895414
 0.000059 1.459161 0.987802 2.485486 4.932448 10.852988
 0.000059 1.477072 0.988992 2.485622 4.951687 11.767788
 0.000060 1.493033 0.989152 2.485769 4.967954 12.570233
 0.000060 1.506491 0.988012 2.485992 4.980494 13.206846
 0.000061 1.516604 0.985617 2.486211 4.988432 13.617932
 0.000061 1.522496 0.982182 2.486422 4.991099 13.757508
 0.000062 1.523959 0.978424 2.486759 4.989142 13.655038
 0.000062 1.521270 0.974747 2.487135 4.983152 13.343774
 0.000063 1.514712 0.971377 2.487573 4.973661 12.858006
 0.000063 1.504923 0.968292 2.488197 4.961412 12.244317
 0.000064 1.492367 0.966030 2.489016 4.947413 11.561396
 0.000064 1.477868 0.965187 2.489946 4.933001 10.878757
 0.000065 1.462113 0.965709 2.491024 4.918847 10.228540
 0.000065 1.446086 0.968090 2.492295 4.906471 9.676431
 0.000066 1.429884 0.971698 2.493769 4.895350 9.193411
 0.000066 1.413844 0.975960 2.495523 4.885327 8.768642
 0.000067 1.398656 0.980480 2.497507 4.876643 8.408744
 0.000067 1.384713 0.984281 2.499708 4.868702 8.086223
 0.000068 1.372197 0.987670 2.502055 4.861922 7.815892
 0.000068 1.360896 0.990249 2.504515 4.855660 7.570270
 0.000069 1.350563 0.991590 2.507169 4.849321 7.325619
 0.000069 1.340877 0.991353 2.509991 4.842221 7.056377
 0.000070 1.331565 0.989996 2.512865 4.834426 6.766558
 0.000070 1.321597 0.987315 2.515853 4.824766 6.415872
 0.000071 1.310357 0.984038 2.518972 4.813366 6.014016
 0.000071 1.297558 0.980228 2.522226 4.800012 5.559794
 0.000072 1.282441 0.975694 2.525710 4.783845 5.033742
 0.000072 1.264495 0.971435 2.529310 4.765240 4.460720
 0.000073 1.243223 0.968072 2.533082 4.744377 3.859336
 0.000073 1.217704 0.965697 2.537048 4.720449 3.223187
 0.000074 1.187904 0.964387 2.541254 4.693545 2.576293
 0.000074 1.153868 0.964237 2.545602 4.663707 1.943514
 0.000075 1.115403 0.965026 2.550133 4.630562 1.344967
 0.000075 1.073091 0.966673 2.554809 4.594573 0.819475
 0.000076 1.027741 0.968966 2.559608 4.556315 0.402868
 0.000076 0.981261 0.971438 2.564595 4.517294 0.128740
 0.000077 0.937559 0.973665 2.569731 4.480955 0.010373
 0.000077 0.901490 0.975767 2.575094 4.452352 0.010082
 0.000078 0.878842 0.977059 2.580613 4.436514 0.045113
 0.000078 0.873993 0.977615 2.586322 4.437930 0.040960
 0.000079 0.887801 0.977786 2.592240 4.457827 0.003806
 0.000079 0.917425 0.978342 2.598360 4.494128 0.038021
 0.000080 0.957357 0.979650 2.604690 4.541697 0.282338
 0.000080 1.001460 0.981450 2.611245 4.594155 0.814130
 0.000081 1.045027 0.983609 2.617821 4.646457 1.618293
 0.000081 1.084524 0.985481 2.624380 4.694385 2.595390
 0.000082 1.118948 0.986649 2.630928 4.736524 3.644260
 0.000082 1.147482 0.986674 2.637484 4.771640 4.653954
 0.000083 1.169363 0.985129 2.643995 4.798487 5.509051
 0.000083 1.183906 0.982449 2.650467 4.816822 6.134463
 0.000084 1.190801 0.979110 2.656889 4.826800 6.488928
 0.000084 1.189488 0.975513 2.663281 4.828282 6.542450
 0.000085 1.179838 0.972331 2.669694 4.821863 6.312317
 0.000085 1.162178 0.970268 2.676091 4.808537 5.847682
 0.000086 1.136685 0.970567 2.682367 4.789619 5.218639
 0.000086 1.104105 0.973737 2.688549 4.766391 4.495165
 0.000087 1.064839 0.979633 2.694748 4.739219 3.717386
 0.000087 1.020086 0.987652 2.700847 4.708585 2.929001
 0.000088 0.971969 0.997474 2.706903 4.676346 2.200673
 0.000088 0.924572 1.008429 2.712958 4.645959 1.609352
 0.000089 0.884329 1.019644 2.719043 4.623016 1.224049
 0.000089 0.858979 1.029994 2.725165 4.614139 1.089093
 0.000090 0.853658 1.038121 2.731287 4.623067 1.224854
 0.000090 0.869676 1.043090 2.737339 4.650106 1.684611
 0.000091 0.903578 1.043501 2.743270 4.690350 2.504276
 0.000091 0.948178 1.038047 2.749051 4.735275 3.610611
 0.000092 0.996056 1.026135 2.754674 4.776865 4.814723
 0.000092 1.042079 1.008174 2.760118 4.810370 5.910566
 0.000093 1.082643 0.984670 2.765524 4.832837 6.708238
 0.000093 1.116174 0.957016 2.770815 4.844006 7.123582
 0.000094 1.142482 0.928741 2.775930 4.847153 7.242856
 0.000094 1.161222 0.904544 2.780921 4.846687 7.225150
 0.000095 1.172016 0.889282 2.785802 4.847100 7.240846
 0.000095 1.174854 0.885931 2.790517 4.851301 7.401617
 0.000096 1.169709 0.895288 2.795175 4.860172 7.746863
 0.000096 1.156674 0.914593 2.799729 4.870995 8.178731
 0.000097 1.135510 0.939569 2.804089 4.879168 8.512611
 0.000097 1.106112 0.966019 2.808295 4.880426 8.564607
 0.000098 1.068575 0.990013 2.812308 4.870896 8.174707
 0.000098 1.023856 1.008663 2.816186 4.848705 7.302058
 0.000099 0.974057 1.020829 2.819897 4.814783 6.063236
 0.000099 0.923351 1.026182 2.823457 4.772990 4.695236
 0.000100 0.879306 1.024887 2.826942 4.731135 3.500220
 0.000100 0.850134 1.017859 2.830330 4.698323 2.685886
 0.000101 0.842229 1.006349 2.833721 4.682298 2.327331
 0.000101 0.856886 0.991956 2.837037 4.685879 2.405223
 0.000102 0.891201 0.975911 2.840333 4.707445 2.901473
 0.000102 0.938134 0.960046 2.843519 4.741699 3.785304
 0.000103 0.988821 0.946217 2.846625 4.781664 4.964772
 0.000103 1.036152 0.935963 2.849563 4.821679 6.305769
 0.000104 1.075685 0.930522 2.852289 4.858496 7.681029
 0.000104 1.104607 0.930193 2.854794 4.889594 8.948255
 0.000105 1.121226 0.935204 2.857167 4.913596 9.992450
 0.000105 1.124608 0.943954 2.859212 4.927774 10.636313
 0.000106 1.114672 0.955038 2.861023 4.930734 10.773262
 0.000106 1.091673 0.966926 2.862653 4.921252 10.337639
 0.000107 1.056544 0.977668 2.863965 4.898177 9.314999
 0.000107 1.011102 0.986122 2.865124 4.862347 7.832714
 0.000108 0.959068 0.991345 2.866063 4.816477 6.122385
 0.000108 0.906405 0.992948 2.866844 4.766197 4.489369
 0.000109 0.861632 0.990991 2.867451 4.720074 3.213676
 0.000109 0.835478 0.985764 2.867998 4.689241 2.479522
 0.000110 0.835119 0.977597 2.868436 4.681152 2.302662
 0.000110 0.860817 0.966947 2.868735 4.696499 2.643786
 0.000111 0.905186 0.955043 2.869022 4.729251 3.450547
 0.000111 0.958092 0.943394 2.869228 4.770715 4.625758
 0.000112 1.010596 0.931977 2.869344 4.811918 5.963878
 0.000112 1.056722 0.921918 2.869238 4.847877 7.270456
 0.000113 1.093100 0.914482 2.868947 4.876529 8.404057
 0.000113 1.116941 0.911318 2.868488 4.896747 9.253420
 0.000114 1.127393 0.913085 2.867855 4.908333 9.758522
 0.000114 1.123920 0.919307 2.867084 4.910311 9.846096
 0.000115 1.106094 0.927760 2.866130 4.899984 9.393158
 0.000115 1.074537 0.937013 2.865038 4.876588 8.406468
 0.000116 1.031207 0.945879 2.863772 4.840859 7.005290
 0.000116 0.979025 0.954105 2.862377 4.795507 5.410589
 0.000117 0.923246 0.961797 2.860868 4.745911 3.902078
 0.000117 0.872578 0.969305 2.859286 4.701170 2.752293
 0.000118 0.837875 0.977376 2.857681 4.672933 2.129659
 0.000118 0.828319 0.985690 2.856085 4.670094 2.071479
 0.000119 0.847234 0.993471 2.854429 4.695134 2.612488
 0.000119 0.889009 0.999508 2.852819 4.741337 3.775343
 0.000120 0.943005 1.002472 2.851179 4.796656 5.448438
 0.000120 0.998810 1.001546 2.849479 4.849834 7.345258
 0.000121 1.048699 0.996169 2.847622 4.892491 9.071196
 0.000121 1.088096 0.986120 2.845557 4.919774 10.270527
 0.000122 1.114656 0.972230 2.843422 4.930308 10.753506
 0.000122 1.127081 0.955816 2.841071 4.923968 10.461484
 0.000123 1.125467 0.939621 2.838570 4.903657 9.553054
 0.000123 1.109812 0.926092 2.835883 4.871787 8.210787
 0.000124 1.081704 0.918366 2.833018 4.833088 6.717425
 0.000124 1.042619 0.918016 2.829948 4.790584 5.249846
 0.000125 0.995805 0.925230 2.826771 4.747805 3.955175
 0.000125 0.946184 0.938729 2.823470 4.708383 2.924116
 0.000126 0.900615 0.956634 2.820130 4.677379 2.222411
 0.000126 0.867942 0.976341 2.816790 4.661073 1.891933
 0.000127 0.855816 0.995296 2.813402 4.664513 1.959442
 0.000127 0.867672 1.010778 2.810005 4.688455 2.462059
 0.000128 0.899699 1.020962 2.806539 4.727201 3.396895
 0.000128 0.943769 1.024027 2.803093 4.770889 4.631049
 0.000129 0.991162 1.019249 2.799559 4.809969 5.896775
 0.000129 1.034339 1.006096 2.795864 4.836299 6.835642
 0.000130 1.068321 0.985289 2.792063 4.845672 7.186628
 0.000130 1.090433 0.958654 2.788102 4.837189 6.868591
 0.000131 1.099555 0.929226 2.784026 4.812807 5.994642
 0.000131 1.094821 0.901172 2.779942 4.775935 4.785903
 0.000132 1.077051 0.879646 2.775789 4.732487 3.536069
 0.000132 1.047447 0.870367 2.771623 4.689438 2.483905
 0.000133 1.008712 0.877177 2.767501 4.653390 1.745423
 0.000133 0.964136 0.898254 2.763452 4.625842 1.268663
 0.000134 0.918983 0.928296 2.759497 4.606775 0.983131
 0.000134 0.880949 0.961138 2.755625 4.597712 0.860145
 0.000135 0.858194 0.991885 2.751914 4.601993 0.917219
 0.000135 0.855706 1.017417 2.748282 4.621405 1.198970
 0.000136 0.873593 1.035913 2.744653 4.654159 1.759831
 0.000136 0.906810 1.046168 2.740972 4.693950 2.585497
 0.000137 0.947424 1.047813 2.737338 4.732575 3.538410
 0.000137 0.987761 1.040983 2.733767 4.762511 4.379598
 0.000138 1.022178 1.026436 2.730155 4.778769 4.873972
 0.000138 1.046599 1.004985 2.726479 4.778063 4.851951
 0.000139 1.058942 0.978545 2.722738 4.760225 4.312199
 0.000139 1.058555 0.950484 2.719071 4.728110 3.420634
 0.000140 1.045982 0.925081 2.715367 4.686430 2.417331
 0.000140 1.022286 0.906908 2.711681 4.640875 1.519423
 0.000141 0.990101 0.899870 2.708022 4.597993 0.863840
 0.000141 0.953354 0.906119 2.704445 4.563919 0.474019
 0.000142 0.917592 0.924780 2.700960 4.543332 0.294759
 0.000142 0.888639 0.952583 2.697517 4.538739 0.260549
 0.000143 0.872575 0.984829 2.694052 4.551456 0.360434
 0.000143 0.873186 1.017075 2.690618 4.580879 0.653537
 0.000144 0.890004 1.045747 2.687185 4.622935 1.222787
 0.000144 0.918722 1.067927 2.683772 4.670422 2.078147
 0.000145 0.952629 1.081109 2.680283 4.714021 3.062054
 0.000145 0.985823 1.083549 2.676733 4.746105 3.907495
 0.000146 1.013688 1.074697 2.673181 4.761566 4.351676
 0.000146 1.033147 1.054807 2.669496 4.757450 4.231085
 0.000147 1.042017 1.024866 2.665711 4.732594 3.538934
 0.000147 1.040378 0.988052 2.661817 4.690247 2.501981
 0.000148 1.028936 0.948331 2.657826 4.635092 1.420299
 0.000148 1.009107 0.911863 2.653933 4.574903 0.587001
 0.000149 0.983957 0.885302 2.650031 4.519290 0.139066
 0.000149 0.956858 0.873776 2.646162 4.476796 0.005248
 0.000150 0.931570 0.879978 2.642321 4.453869 0.008043
 0.000150 0.911974 0.901786 2.638635 4.452395 0.010020
 0.000151 0.901683 0.933791 2.635004 4.470478 0.000771
 0.000151 0.902708 0.969313 2.631480 4.503501 0.068264
 0.000152 0.914604 1.002104 2.628024 4.544732 0.305606
 0.000152 0.934360 1.027716 2.624591 4.586667 0.721384
 0.000153 0.958221 1.042957 2.621206 4.622384 1.214180
 0.000153 0.982388 1.046964 2.617879 4.647231 1.632251
 0.000154 1.002924 1.038973 2.614556 4.656453 1.803119
 0.000154 1.017228 1.019601 2.611269 4.648099 1.647962
 0.000155 1.024287 0.991530 2.607953 4.623770 1.235879
 0.000155 1.023537 0.958184 2.604627 4.586348 0.717562
 0.000156 1.015603 0.924764 2.601376 4.541742 0.282680
 0.000156 1.001456 0.898366 2.598266 4.498088 0.049728
 0.000157 0.983536 0.885684 2.595311 4.464531 0.000204
 0.000157 0.963892 0.890251 2.592594 4.446737 0.019631
 0.000158 0.944811 0.911571 2.590201 4.446583 0.019938
 0.000158 0.929291 0.945187 2.588042 4.462519 0.000813
 0.000159 0.920175 0.985021 2.586119 4.491314 0.030659
 0.000159 0.918736 1.025130 2.584309 4.528175 0.189871
 0.000160 0.924432 1.060958 2.582837 4.568227 0.516894
 0.000160 0.935482 1.089351 2.581558 4.606392 0.977763
 0.000161 0.949598 1.108946 2.580503 4.639047 1.487732
 0.000161 0.964396 1.118967 2.579677 4.663039 1.930369
 0.000162 0.977365 1.119051 2.579029 4.675445 2.181822
 0.000162 0.986764 1.109191 2.578466 4.674421 2.160492
 0.000163 0.991528 1.089418 2.577989 4.658935 1.850574
 0.000163 0.991733 1.060787 2.577726 4.630246 1.339797
 0.000164 0.987867 1.024798 2.577592 4.590258 0.765162
 0.000164 0.980454 0.984450 2.577506 4.542410 0.287726
 0.000165 0.970506 0.944047 2.577567 4.492120 0.032686
 0.000165 0.960505 0.910052 2.577894 4.448452 0.016381
 0.000166 0.952367 0.888961 2.578491 4.419819 0.109197
 0.000166 0.947399 0.886117 2.579397 4.412913 0.143856
 0.000167 0.946846 0.902625 2.580625 4.430096 0.066452
 0.000167 0.950619 0.934724 2.582149 4.467492 0.000044
 0.000168 0.958138 0.975174 2.583917 4.517229 0.128408
 0.000168 0.968138 1.017094 2.585911 4.571143 0.546963
 0.000169 0.978033 1.053840 2.588082 4.619954 1.176612
 0.000169 0.986237 1.081407 2.590454 4.658098 1.834500
 0.000170 0.991287 1.096611 2.592995 4.680893 2.297117
 0.000170 0.992799 1.097351 2.595621 4.685770 2.402840
 0.000171 0.990559 1.082920 2.598345 4.671824 2.106837
 0.000171 0.984962 1.053918 2.601170 4.640050 1.505074
 0.000172 0.976547 1.012183 2.604141 4.592872 0.797835
 0.000172 0.966409 0.961784 2.607282 4.535475 0.237520
 0.000173 0.956249 0.909960 2.610651 4.476860 0.005313
 0.000173 0.948418 0.866455 2.614221 4.429095 0.070152
 0.000174 0.944593 0.842203 2.617960 4.404756 0.190938
 0.000174 0.945682 0.844264 2.621976 4.411921 0.149225
 0.000175 0.951661 0.871705 2.626167 4.449533 0.014482
 0.000175 0.960904 0.916672 2.630563 4.508138 0.086472
 0.000176 0.971326 0.969116 2.635212 4.575653 0.595156
 0.000176 0.981111 1.020184 2.639965 4.641260 1.526152
 0.000177 0.988291 1.063748 2.644715 4.696754 2.649660
 0.000177 0.991389 1.096387 2.649418 4.737194 3.662373
 0.000178 0.989406 1.115885 2.654119 4.759411 4.288314
 0.000178 0.982125 1.121152 2.658806 4.762084 4.366960
 0.000179 0.970364 1.112481 2.663463 4.746308 3.913178
 0.000179 0.955845 1.090833 2.668204 4.714882 3.083408
 0.000180 0.940353 1.058248 2.673005 4.671607 2.102377
 0.000180 0.926377 1.017193 2.677853 4.621423 1.199259
 0.000181 0.916540 0.971556 2.682738 4.570834 0.543736
 0.000181 0.912939 0.927389 2.687544 4.527872 0.188008
 0.000182 0.916422 0.891709 2.692451 4.500581 0.057901
 0.000182 0.927001 0.871885 2.697546 4.496432 0.044641
 0.000183 0.943155 0.872820 2.702768 4.518743 0.136196
 0.000183 0.961844 0.893800 2.708057 4.563701 0.471901
 0.000184 0.980334 0.929353 2.713339 4.623026 1.224202
 0.000184 0.995905 0.972051 2.718650 4.686606 2.421193
 0.000185 1.006406 1.015112 2.723877 4.745396 3.887693
 0.000185 1.010162 1.053167 2.729000 4.792330 5.306565
 0.000186 1.006528 1.082498 2.733919 4.822946 6.350834
 0.000186 0.995379 1.100674 2.738678 4.834731 6.777782
 0.000187 0.977643 1.106446 2.743173 4.827261 6.505560
 0.000187 0.955191 1.099388 2.747460 4.802038 5.627564
 0.000188 0.931597 1.079651 2.751480 4.762728 4.386022
 0.000188 0.910629 1.048718 2.755326 4.714673 3.078203
 0.000189 0.896724 1.008840 2.759026 4.664590 1.960963
 0.000189 0.893492 0.962997 2.762641 4.619130 1.164006
 0.000190 0.901910 0.916568 2.766194 4.584671 0.697611
 0.000190 0.920462 0.877306 2.769692 4.567459 0.509116
 0.000191 0.945844 0.853961 2.773143 4.572947 0.566000
 0.000191 0.973541 0.852805 2.776439 4.602785 0.927972
 0.000192 0.999529 0.874594 2.779577 4.653700 1.751222
 0.000192 1.020503 0.912239 2.782531 4.715273 3.093110
 0.000193 1.033804 0.955918 2.785216 4.774938 4.755111
 0.000193 1.037653 0.997352 2.787571 4.822575 6.337642
 0.000194 1.030987 1.030292 2.789606 4.850886 7.385633
 0.000194 1.014154 1.050957 2.791347 4.856459 7.601373
 0.000195 0.988650 1.057615 2.792803 4.839068 6.938418
 0.000195 0.957465 1.050491 2.793904 4.801860 5.621579
 0.000196 0.924703 1.030739 2.794705 4.750148 4.021349
 0.000196 0.895708 1.000979 2.795294 4.691982 2.540936
 0.000197 0.876826 0.965102 2.795694 4.637622 1.463251
 0.000197 0.872888 0.929150 2.795949 4.597987 0.863757
 0.000198 0.885018 0.900498 2.796040 4.581557 0.661307
 0.000198 0.910120 0.884932 2.795986 4.591037 0.774832
 0.000199 0.942518 0.885920 2.795773 4.624212 1.242834
 0.000199 0.976782 0.903561 2.795479 4.675821 2.189690
 0.000200 1.007017 0.933210 2.795028 4.735254 3.610058
 0.000200 1.029428 0.968449 2.794357 4.792234 5.303457
 0.000201 1.041939 1.002874 2.793509 4.838322 6.910669
 0.000201 1.042981 1.031666 2.792517 4.867164 8.024514
 0.000202 1.032714 1.052160 2.791275 4.876149 8.388504
 0.000202 1.011281 1.063006 2.789764 4.864052 7.900307
 0.000203 0.981060 1.063303 2.788019 4.832382 6.691598
 0.000203 0.945743 1.053636 2.786181 4.785560 5.088324
 0.000204 0.910402 1.035477 2.784189 4.730069 3.472076
 0.000204 0.882393 1.010829 2.782044 4.675267 2.178101
 0.000205 0.868670 0.982509 2.779787 4.630965 1.351590
 0.000205 0.873045 0.954220 2.777485 4.604750 0.954941
 0.000206 0.894705 0.930541 2.775213 4.600459 0.896560
 0.000206 0.928376 0.915399 2.772991 4.616766 1.128222
 0.000207 0.967456 0.910782 2.770780 4.649018 1.664696
 0.000207 1.006046 0.916768 2.768511 4.691326 2.526167
 0.000208 1.039282 0.931501 2.766150 4.736933 3.655314
 0.000208 1.063555 0.951097 2.763709 4.778361 4.861251
 0.000209 1.076994 0.971572 2.761289 4.809855 5.892840
 0.000209 1.077985 0.989238 2.758817 4.826040 6.461591
 0.000210 1.067154 1.000799 2.756293 4.824247 6.397285
 0.000210 1.045129 1.004735 2.753739 4.803603 5.680174
 0.000211 1.013526 1.000533 2.751150 4.765209 4.459818
 0.000211 0.975359 0.988348 2.748614 4.712321 3.020120
 0.000212 0.935019 0.970199 2.746070 4.651289 1.706389
 0.000212 0.899270 0.948669 2.743573 4.591511 0.780747
 0.000213 0.875778 0.927336 2.741248 4.544362 0.302722
 0.000213 0.870074 0.910747 2.739158 4.519979 0.142724
 0.000214 0.883983 0.902707 2.737220 4.523911 0.164502
 0.000214 0.914164 0.904310 2.735468 4.553942 0.381851
 0.000215 0.953273 0.914647 2.733823 4.601743 0.913838
 0.000215 0.993839 0.931375 2.732347 4.657560 1.824210
 0.000216 1.030237 0.951470 2.730927 4.712634 3.027831
 0.000216 1.058387 0.971855 2.729513 4.759755 4.298394
 0.000217 1.075330 0.989971 2.728211 4.793511 5.345120
 0.000217 1.079869 1.004231 2.726867 4.810967 5.931101
 0.000218 1.071144 1.012883 2.725516 4.809543 5.882136
 0.000218 1.049465 1.015206 2.724134 4.788805 5.192371
 0.000219 1.016850 1.011681 2.722738 4.751268 4.053176
 0.000219 0.976679 1.003103 2.721383 4.701166 2.752193
 0.000220 0.933673 0.990701 2.720046 4.644421 1.581870
 0.000220 0.894651 0.976220 2.718822 4.589693 0.758185
 0.000221 0.867354 0.961991 2.717738 4.547083 0.324261
 0.000221 0.858813 0.950557 2.716899 4.526270 0.178313
 0.000222 0.871797 0.944177 2.716318 4.532293 0.216094
 0.000222 0.903023 0.943618 2.715947 4.562588 0.461150
 0.000223 0.944918 0.948807 2.715696 4.609422 1.020589
 0.000223 0.989312 0.958449 2.715567 4.663329 1.936059
 0.000224 1.030143 0.970805 2.715577 4.716525 3.124323
 0.000224 1.062636 0.983584 2.715638 4.761858 4.360296
 0.000225 1.083925 0.994708 2.715725 4.794359 5.372883
 0.000225 1.092567 1.001969 2.715745 4.810281 5.907492
 0.000226 1.088282 1.004458 2.715766 4.808506 5.846646
 0.000226 1.071828 1.001619 2.715821 4.789268 5.207301
 0.000227 1.044149 0.993969 2.715918 4.754036 4.132363
 0.000227 1.007297 0.982688 2.716062 4.706048 2.867923
 0.000228 0.964518 0.969520 2.716291 4.650329 1.688699
 0.000228 0.921368 0.956268 2.716682 4.594318 0.816214
 0.000229 0.885326 0.945169 2.717209 4.547704 0.329285
 0.000229 0.864379 0.937213 2.717882 4.519474 0.140040
 0.000230 0.864159 0.933491 2.718621 4.516272 0.123604
 0.000230 0.884898 0.933963 2.719440 4.538301 0.257400
 0.000231 0.921248 0.938229 2.720327 4.579804 0.641304
 0.000231 0.965197 0.944493 2.721293 4.630982 1.351872
 0.000232 1.008964 0.950760 2.722324 4.682048 2.321925
 0.000232 1.046640 0.955648 2.723336 4.725624 3.355925
 0.000233 1.074200 0.958173 2.724223 4.756596 4.206275
 0.000233 1.089087 0.957711 2.725022 4.771820 4.659444
 0.000234 1.090413 0.953348 2.725831 4.769592 4.591683
 0.000234 1.077632 0.946222 2.726600 4.750454 4.030026
 0.000235 1.051541 0.938354 2.727287 4.717182 3.140784
 0.000235 1.014257 0.932127 2.727897 4.674281 2.157578
 0.000236 0.969470 0.929826 2.728432 4.627728 1.298883
 0.000236 0.922625 0.933377 2.728914 4.584916 0.700501
 0.000237 0.881762 0.942982 2.729352 4.554096 0.383202
 0.000237 0.855851 0.958275 2.729858 4.543984 0.299791
 0.000238 0.851485 0.977105 2.730436 4.559026 0.427572
 0.000238 0.870020 0.996885 2.730969 4.597873 0.862270
 0.000239 0.906108 1.014515 2.731489 4.652112 1.721623
 0.000239 0.950794 1.027705 2.731950 4.710449 2.974286
 0.000240 0.995432 1.034669 2.732251 4.762352 4.374880
 0.000240 1.034260 1.034305 2.732448 4.801012 5.593188
 0.000241 1.063034 1.026727 2.732466 4.822228 6.325266
 0.000241 1.078967 1.012042 2.732314 4.823323 6.364301
 0.000242 1.081264 0.991974 2.731936 4.805173 5.733229
 0.000242 1.070054 0.968992 2.731246 4.770292 4.612902
 0.000243 1.047076 0.945539 2.730344 4.722959 3.287222
 0.000243 1.014281 0.925331 2.729271 4.668883 2.046904
 0.000244 0.975579 0.912605 2.728101 4.616286 1.121011
 0.000244 0.935937 0.910071 2.726975 4.572983 0.566385
 0.000245 0.901759 0.918753 2.725805 4.546317 0.318123
 0.000245 0.879326 0.936997 2.724719 4.541042 0.277439
 0.000246 0.873427 0.961767 2.723669 4.558863 0.426071
 0.000246 0.885590 0.989076 2.722551 4.597217 0.853666
 0.000247 0.911850 1.014808 2.721363 4.648022 1.646574
 0.000247 0.946776 1.035796 2.720181 4.702753 2.789556
 0.000248 0.983920 1.049520 2.718920 4.752360 4.084308
 0.000248 1.017696 1.053849 2.717563 4.789108 5.202134
 0.000249 1.043907 1.047449 2.716125 4.807481 5.811635
 0.000249 1.059806 1.029897 2.714534 4.804237 5.701571
 0.000250 1.064516 1.001901 2.712803 4.779219 4.888029
 0.000250 1.058249 0.965290 2.710986 4.734524 3.590460
 0.000251 1.041831 0.924261 2.709098 4.675189 2.176485
 0.000251 1.016864 0.885267 2.707217 4.609348 1.019543
 0.000252 0.986067 0.858854 2.705316 4.550237 0.350158
 0.000252 0.953282 0.853683 2.703461 4.510426 0.096250
 0.000253 0.922816 0.872092 2.701808 4.496715 0.045492
 0.000253 0.900176 0.907522 2.700355 4.508054 0.086121
 0.000254 0.890121 0.951508 2.699074 4.540702 0.274913
 0.000254 0.894396 0.996405 2.697815 4.588616 0.744989
 0.000255 0.911589 1.036379 2.696603 4.644571 1.584539
 0.000255 0.936966 1.067414 2.695359 4.699739 2.718811
 0.000256 0.965356 1.087288 2.694132 4.746775 3.926252
 0.000256 0.991586 1.094874 2.692787 4.779246 4.888892
 0.000257 1.012251 1.089700 2.691417 4.793368 5.340434
 0.000257 1.025000 1.072136 2.689978 4.787114 5.138018
 0.000258 1.028417 1.043478 2.688487 4.760382 4.316823
 0.000258 1.022537 1.006241 2.686999 4.715778 3.105675
 0.000259 1.008132 0.964459 2.685492 4.658084 1.834222
 0.000259 0.987046 0.924755 2.684036 4.595837 0.835731
 0.000260 0.962245 0.894212 2.682615 4.539072 0.262957
 0.000260 0.937700 0.879630 2.681270 4.498600 0.051354
 0.000261 0.917508 0.885148 2.679988 4.482644 0.012948
 0.000261 0.905783 0.909494 2.678752 4.494029 0.037750
 0.000262 0.905033 0.946491 2.677521 4.529045 0.195270
 0.000262 0.914938 0.988787 2.676332 4.580057 0.644172
 0.000263 0.933387 1.030173 2.675168 4.638727 1.482219
 0.000263 0.956238 1.065767 2.674007 4.696013 2.632623
 0.000264 0.979165 1.091951 2.672787 4.743903 3.846179
 0.000264 0.999011 1.106327 2.671573 4.776911 4.816149
 0.000265 1.013163 1.107798 2.670222 4.791183 5.269263
 0.000265 1.019975 1.096029 2.668663 4.784667 5.059854
 0.000266 1.018179 1.071823 2.667062 4.757064 4.219855
 0.000266 1.008636 1.037097 2.665388 4.711122 2.990722
 0.000267 0.992975 0.995186 2.663600 4.651761 1.715124
 0.000267 0.973485 0.950238 2.661781 4.585504 0.707484
 0.000268 0.953363 0.908707 2.659960 4.522030 0.153891
 0.000268 0.935695 0.877891 2.658186 4.471772 0.001362
 0.000269 0.923955 0.864690 2.656500 4.445145 0.022912
 0.000269 0.920072 0.872227 2.654884 4.447183 0.018758
 0.000270 0.924717 0.897556 2.653431 4.475704 0.004189
 0.000270 0.936843 0.933846 2.652127 4.522816 0.158283
 0.000271 0.953910 0.973048 2.650866 4.577823 0.619070
 0.000271 0.972877 1.008649 2.649578 4.631104 1.353881
 0.000272 0.990639 1.036131 2.648238 4.675009 2.172714
 0.000272 1.004493 1.052810 2.646828 4.704132 2.822214
 0.000273 1.012587 1.057639 2.645338 4.715564 3.100361
 0.000273 1.013770 1.049944 2.643820 4.707534 2.903616
 0.000274 1.007837 1.030477 2.642291 4.680605 2.290930
 0.000274 0.995024 1.001411 2.640839 4.637274 1.457312
 0.000275 0.976949 0.966031 2.639382 4.582361 0.670593
 0.000275 0.955902 0.930017 2.638017 4.523936 0.164649
 0.000276 0.935032 0.899746 2.636752 4.471530 0.001239
 0.000276 0.918038 0.882667 2.635630 4.436334 0.045655
 0.000277 0.907894 0.883781 2.634656 4.426331 0.080884
 0.000277 0.907245 0.903783 2.633843 4.444871 0.023502
 0.000278 0.916152 0.938303 2.633176 4.487631 0.022217
 0.000278 0.932447 0.980575 2.632554 4.545576 0.312242
 0.000279 0.953158 1.024077 2.631977 4.609211 1.017583
 0.000279 0.974247 1.063407 2.631484 4.669138 2.052057
 0.000280 0.992429 1.094911 2.631006 4.718346 3.170023
 0.000280 1.005038 1.115757 2.630546 4.751342 4.055262
 0.000281 1.010379 1.124292 2.629978 4.764649 4.443107
 0.000281 1.008236 1.120143 2.629372 4.757751 4.239865
 0.000282 0.998478 1.103752 2.628747 4.730978 3.496055
 0.000282 0.982430 1.076457 2.628071 4.686958 2.428940
 0.000283 0.962587 1.039803 2.627368 4.629758 1.331818
 0.000283 0.941857 0.997033 2.626681 4.565571 0.490245
 0.000284 0.924210 0.952526 2.626069 4.502805 0.065714
 0.000284 0.913112 0.912855 2.625560 4.451527 0.011288
 0.000285 0.910731 0.885350 2.625117 4.421198 0.102849
 0.000285 0.918250 0.876025 2.624789 4.419064 0.112757
 0.000286 0.934248 0.887479 2.624527 4.446254 0.020600
 0.000286 0.956037 0.916498 2.624346 4.496881 0.045993
 0.000287 0.979747 0.956271 2.624219 4.560237 0.438848
 0.000287 1.001531 0.998968 2.624092 4.624590 1.248808
 0.000288 1.018768 1.037670 2.623848 4.680287 2.284133
 0.000288 1.028643 1.067122 2.623527 4.719292 3.193875
 0.000289 1.029792 1.084891 2.623090 4.737773 3.678046
 0.000289 1.022243 1.089468 2.622607 4.734319 3.584955
 0.000290 1.006603 1.079894 2.621990 4.708487 2.926638
 0.000290 0.984640 1.056567 2.621216 4.662423 1.918282
 0.000291 0.959063 1.021318 2.620357 4.600738 0.900297
 0.000291 0.933667 0.977431 2.619409 4.530506 0.204509
 0.000292 0.912954 0.929775 2.618490 4.461219 0.001422
 0.000292 0.901058 0.886563 2.617610 4.405231 0.188011
 0.000293 0.900729 0.857914 2.616747 4.375390 0.415527
 0.000293 0.911683 0.852983 2.615992 4.380658 0.368887
 0.000294 0.931366 0.873414 2.615331 4.420110 0.107840
 0.000294 0.955829 0.911484 2.614699 4.482012 0.011950
 0.000295 0.980446 0.956663 2.614090 4.551199 0.358255
 0.000295 1.001473 1.001076 2.613400 4.615950 1.115992
 0.000296 1.015622 1.039017 2.612669 4.667308 2.015153
 0.000296 1.021214 1.066663 2.611829 4.699706 2.718044
 0.000297 1.017641 1.082771 2.610743 4.711154 2.991526
 0.000297 1.004965 1.087088 2.609461 4.701514 2.760360
 0.000298 0.985027 1.080266 2.607962 4.673255 2.136316
 0.000298 0.960182 1.062942 2.606284 4.629408 1.326104
 0.000299 0.934400 1.036958 2.604502 4.575861 0.597424
 0.000299 0.912118 1.005367 2.602695 4.520180 0.143801
 0.000300 0.897728 0.971645 2.600891 4.470263 0.000689
 0.000300 0.895005 0.940280 2.599092 4.434377 0.051761
 0.000301 0.904804 0.916351 2.597317 4.418471 0.115586
 0.000301 0.925089 0.904485 2.595594 4.425169 0.085627
 0.000302 0.951994 0.906808 2.593940 4.452743 0.009535
 0.000302 0.981126 0.921925 2.592330 4.495381 0.041557
 0.000303 1.007978 0.946434 2.590694 4.545106 0.308538
 0.000303 1.029409 0.976097 2.588995 4.594501 0.818551
 0.000304 1.042905 1.006424 2.587261 4.636590 1.445658
 0.000304 1.046943 1.033915 2.585478 4.666337 1.995704
 0.000305 1.041143 1.055440 2.583590 4.680173 2.281700
 0.000305 1.025599 1.068959 2.581581 4.676139 2.196339
 0.000306 1.001766 1.073405 2.579553 4.654724 1.770445
 0.000306 0.972468 1.068238 2.577434 4.618141 1.148964
 0.000307 0.941980 1.054307 2.575331 4.571618 0.551950
 0.000307 0.914409 1.032819 2.573335 4.520564 0.145866
 0.000308 0.895582 1.006032 2.571414 4.473027 0.002097
 0.000308 0.890135 0.976846 2.569604 4.436585 0.044899
 0.000309 0.899840 0.948573 2.567909 4.416322 0.126152
 0.000309 0.922691 0.925235 2.566424 4.414349 0.136254
 0.000310 0.954075 0.910260 2.565158 4.429493 0.068666
 0.000310 0.988894 0.905759 2.564036 4.458690 0.003091
 0.000311 1.021736 0.911441 2.562984 4.496161 0.043837
 0.000311 1.048802 0.925256 2.562006 4.536064 0.241601
 0.000312 1.066998 0.943122 2.561053 4.571172 0.547271
 0.000312 1.073945 0.961335 2.560077 4.595357 0.829536
 0.000313 1.068855 0.977236 2.559143 4.605234 0.961642
 0.000313 1.051694 0.988749 2.558277 4.598720 0.873427
 0.000314 1.023683 0.993476 2.557435 4.574594 0.583654
 0.000314 0.987797 0.991294 2.556620 4.535710 0.239147
 0.000315 0.947998 0.983413 2.555859 4.487271 0.021464
 0.000315 0.910329 0.971319 2.555233 4.436882 0.044014
 0.000316 0.881583 0.957765 2.554751 4.394099 0.262473
 0.000316 0.868044 0.946061 2.554460 4.368566 0.480064
 0.000317 0.873378 0.938479 2.554324 4.366180 0.503723
 0.000317 0.896522 0.937263 2.554362 4.388147 0.307364
 0.000318 0.931905 0.942592 2.554530 4.429027 0.070405
 0.000318 0.971825 0.953816 2.554766 4.480407 0.009599
 0.000319 1.009757 0.969133 2.555034 4.533924 0.226954
 0.000319 1.041004 0.985517 2.555378 4.581899 0.665254
 0.000320 1.062364 1.000330 2.555776 4.618470 1.153965
 0.000320 1.071766 1.011817 2.556040 4.639624 1.497700
 0.000321 1.068645 1.018662 2.556148 4.643455 1.564746
 0.000321 1.053075 1.020433 2.556121 4.629628 1.329698
 0.000322 1.026489 1.017080 2.556021 4.599590 0.884953
 0.000322 0.991516 1.009710 2.555925 4.557152 0.410422
 0.000323 0.952173 0.999578 2.555794 4.507545 0.084022
 0.000323 0.914302 0.988051 2.555681 4.458034 0.003628
 0.000324 0.884747 0.977198 2.555543 4.417488 0.120362
 0.000324 0.870815 0.968620 2.555602 4.395037 0.255720
 0.000325 0.875830 0.963574 2.555774 4.395178 0.254712
 0.000325 0.898654 0.962578 2.555980 4.417212 0.121721
 0.000326 0.933580 0.965741 2.556183 4.455503 0.006103
 0.000326 0.973529 0.971926 2.556450 4.501905 0.062491
 0.000327 1.012168 0.980054 2.556824 4.549046 0.340264
 0.000327 1.044617 0.988592 2.557204 4.590414 0.767091
 0.000328 1.067893 0.996110 2.557598 4.621600 1.202006
 0.000328 1.079861 1.001361 2.557943 4.639165 1.489774
 0.000329 1.079704 1.003650 2.558238 4.641592 1.531951
 0.000329 1.067200 1.001732 2.558415 4.627347 1.292759
 0.000330 1.043081 0.995013 2.558502 4.596596 0.845571
 0.000330 1.009632 0.984012 2.558516 4.552160 0.366437
 0.000331 0.970009 0.969858 2.558533 4.498400 0.050715
 0.000331 0.929092 0.954296 2.558622 4.442009 0.030116
 0.000332 0.893876 0.939199 2.558770 4.391846 0.279048
 0.000332 0.871716 0.926981 2.559024 4.357721 0.592206
 0.000333 0.868568 0.920246 2.559366 4.348180 0.700593
 0.000333 0.885019 0.921323 2.559919 4.366262 0.502905
 0.000334 0.916632 0.929691 2.560569 4.406892 0.177961
 0.000334 0.956101 0.943576 2.561317 4.460993 0.001545
 0.000335 0.996169 0.959445 2.562147 4.517761 0.131119
 0.000335 1.031138 0.974532 2.563083 4.568753 0.522251
 0.000336 1.056714 0.986186 2.564060 4.606959 0.985716
 0.000336 1.070835 0.993908 2.564932 4.629675 1.330459
 0.000337 1.072284 0.996624 2.565751 4.634659 1.413003
 0.000337 1.060452 0.994747 2.566574 4.621772 1.204674
 0.000338 1.036701 0.988850 2.567276 4.592826 0.797263
 0.000338 1.003355 0.980282 2.567868 4.551506 0.360858
 0.000339 0.963284 0.970679 2.568415 4.502378 0.064176
 0.000339 0.922324 0.962101 2.568966 4.453392 0.008659
 0.000340 0.887981 0.956577 2.569546 4.414103 0.137542
 0.000340 0.867742 0.955795 2.570155 4.393692 0.265424
 0.000341 0.866714 0.960146 2.570946 4.397806 0.236298
 0.000341 0.885337 0.969024 2.571802 4.426163 0.081563
 0.000342 0.918805 0.980726 2.572667 4.472199 0.001595
 0.000342 0.959336 0.993640 2.573546 4.526522 0.179823
 0.000343 1.000242 1.005895 2.574367 4.580504 0.649255
 0.000343 1.035806 1.015455 2.575095 4.626356 1.276871
 0.000344 1.062214 1.020749 2.575645 4.658607 1.844265
 0.000344 1.077504 1.020934 2.576082 4.674521 2.162559
 0.000345 1.080923 1.015634 2.576407 4.672965 2.130320
 0.000345 1.072041 1.006044 2.576642 4.654726 1.770486
 0.000346 1.051527 0.993005 2.576737 4.621268 1.196852
 0.000346 1.020908 0.978346 2.576751 4.576006 0.599014
 0.000347 0.983076 0.964468 2.576684 4.524228 0.166327
 0.000347 0.942857 0.953899 2.576621 4.473377 0.002329
 0.000348 0.906075 0.949044 2.576565 4.431684 0.060789
 0.000348 0.879567 0.950661 2.576510 4.406738 0.178881
 0.000349 0.869785 0.958136 2.576453 4.404374 0.193303
 0.000349 0.878703 0.969696 2.576411 4.424810 0.087120
 0.000350 0.903701 0.982755 2.576373 4.462829 0.000693
 0.000350 0.938483 0.994161 2.576426 4.509070 0.090390
 0.000351 0.975577 1.001905 2.576549 4.554031 0.382633
 0.000351 1.009650 1.004065 2.576745 4.590460 0.767661
 0.000352 1.036486 1.000040 2.576874 4.613400 1.078219
 0.000352 1.053355 0.989498 2.577014 4.619867 1.175283
 0.000353 1.058912 0.973037 2.577156 4.609105 1.016077
 0.000353 1.053358 0.953076 2.577268 4.583702 0.686204
 0.000354 1.037190 0.932922 2.577427 4.547538 0.327942
 0.000354 1.011729 0.916092 2.577717 4.505538 0.075995
 0.000355 0.980093 0.906206 2.578160 4.464459 0.000219
 0.000355 0.946082 0.906149 2.578710 4.430941 0.063406
 0.000356 0.914288 0.915747 2.579414 4.409449 0.163036
 0.000356 0.890521 0.933457 2.580291 4.404269 0.193954
 0.000357 0.879768 0.957104 2.581396 4.418269 0.116563
 0.000357 0.884287 0.982836 2.582688 4.449811 0.014013
 0.000358 0.903017 1.007526 2.584148 4.494691 0.039591
 0.000358 0.931654 1.028648 2.585766 4.546069 0.316149
 0.000359 0.964156 1.043666 2.587448 4.595270 0.828422
 0.000359 0.995062 1.051423 2.589135 4.635620 1.429202
 0.000360 1.021041 1.051138 2.590826 4.663004 1.929681
 0.000360 1.038766 1.042725 2.592486 4.673977 2.151264
 0.000361 1.046616 1.026747 2.594102 4.667465 2.018309
 0.000361 1.044660 1.004622 2.595575 4.644857 1.589643
 0.000362 1.033578 0.978824 2.596900 4.609302 1.018877
 0.000362 1.014047 0.952950 2.598144 4.565141 0.485990
 0.000363 0.988367 0.930564 2.599382 4.518313 0.133961
 0.000363 0.960207 0.915606 2.600682 4.476496 0.004944
 0.000364 0.933475 0.911259 2.602036 4.446770 0.019566
 0.000364 0.912710 0.918855 2.603513 4.435078 0.049529
 0.000365 0.901406 0.937277 2.605095 4.443778 0.025933
 0.000365 0.901948 0.963480 2.606788 4.472216 0.001604
 0.000366 0.913683 0.993490 2.608554 4.515727 0.120908
 0.000366 0.933293 1.023286 2.610377 4.566956 0.504055
 0.000367 0.956775 1.049301 2.612167 4.618244 1.150522
 0.000367 0.979887 1.068353 2.613883 4.662123 1.912400
 0.000368 0.999270 1.077925 2.615541 4.692737 2.557978
 0.000368 1.012462 1.076528 2.617005 4.705995 2.866664
 0.000369 1.017417 1.064581 2.618390 4.700388 2.733978
 0.000369 1.013301 1.042662 2.619650 4.675613 2.185340
 0.000370 1.001014 1.012287 2.620700 4.634001 1.401957
 0.000370 0.982383 0.976245 2.621599 4.580226 0.646096
 0.000371 0.959764 0.939333 2.622371 4.521468 0.150791
 0.000371 0.936663 0.906639 2.623008 4.466311 0.000003
 0.000372 0.917461 0.883980 2.623581 4.425023 0.086233
 0.000372 0.906010 0.876375 2.624191 4.406576 0.179853
 0.000373 0.904626 0.885535 2.624896 4.415057 0.132587
 0.000373 0.913541 0.909397 2.625654 4.448592 0.016128
 0.000374 0.930725 0.941760 2.626381 4.498866 0.052210
 0.000374 0.952270 0.975936 2.627180 4.555386 0.394578
 0.000375 0.974013 1.005969 2.627955 4.607937 0.999496
 0.000375 0.992544 1.027202 2.628652 4.648398 1.653409
 0.000376 1.005368 1.037486 2.629125 4.671979 2.110010
 0.000376 1.010688 1.036278 2.629390 4.676356 2.200897
 0.000377 1.007550 1.024361 2.629452 4.661364 1.897588
 0.000377 0.996757 1.003509 2.629358 4.629623 1.329616
 0.000378 0.980043 0.977315 2.629112 4.586470 0.719020
 0.000378 0.960236 0.950288 2.628779 4.539303 0.264634
 0.000379 0.940995 0.927419 2.628365 4.496779 0.045683
 0.000379 0.925685 0.912992 2.627759 4.466436 0.000001
 0.000380 0.917102 0.910717 2.627008 4.454827 0.006874
 0.000380 0.917232 0.921444 2.626245 4.464922 0.000133
 0.000381 0.925628 0.942670 2.625462 4.493760 0.037016
 0.000381 0.941136 0.970148 2.624658 4.535941 0.240746
 0.000382 0.960498 0.999327 2.623855 4.583679 0.685940
 0.000382 0.980233 1.026583 2.623048 4.629864 1.333547
 0.000383 0.996917 1.048922 2.622143 4.667983 2.028721
 0.000383 1.008361 1.064548 2.621089 4.693998 2.586600
 0.000384 1.013495 1.071881 2.619897 4.705274 2.849408
 0.000384 1.011794 1.070549 2.618535 4.700878 2.745432
 0.000385 1.002915 1.060893 2.616965 4.680772 2.294518
 0.000385 0.988073 1.043508 2.615185 4.646767 1.623870
 0.000386 0.968883 1.020111 2.613232 4.602226 0.920379
 0.000386 0.948118 0.992757 2.611128 4.552003 0.365096
 0.000387 0.928960 0.964224 2.608879 4.502063 0.063054
 0.000387 0.915157 0.938657 2.606512 4.460326 0.001938
 0.000388 0.909671 0.920426 2.604032 4.434129 0.052563
 0.000388 0.913744 0.913235 2.601585 4.428564 0.072154
 0.000389 0.926650 0.918472 2.599127 4.444248 0.024872
 0.000389 0.945819 0.934616 2.596655 4.477089 0.005552
 0.000390 0.968341 0.958052 2.594070 4.520463 0.145320
 0.000390 0.990699 0.983984 2.591399 4.566081 0.495309
 0.000391 1.009049 1.008169 2.588499 4.605718 0.968360
 0.000391 1.020900 1.026829 2.585451 4.633179 1.388234
 0.000392 1.024599 1.036605 2.582228 4.643433 1.564344
 0.000392 1.019829 1.036088 2.578820 4.634737 1.414312
 0.000393 1.007417 1.025187 2.575226 4.607830 0.997971
 0.000393 0.988869 1.004108 2.571534 4.564511 0.479803
 0.000394 0.966107 0.975221 2.567829 4.509157 0.090762
 0.000394 0.942616 0.942712 2.564175 4.449503 0.014533
 0.000395 0.922348 0.912284 2.560664 4.395296 0.253871
 0.000395 0.909049 0.890441 2.557132 4.356622 0.604224
 0.000396 0.906101 0.882470 2.553569 4.342140 0.773910
 0.000396 0.914799 0.890625 2.549968 4.355392 0.617821
 0.000397 0.933443 0.913041 2.546429 4.392913 0.271136
 0.000397 0.958529 0.945271 2.542967 4.446767 0.019571
 0.000398 0.986012 0.981518 2.539459 4.506990 0.081761
 0.000398 1.011477 1.016537 2.535897 4.563911 0.473939
 0.000399 1.031582 1.046185 2.532259 4.610025 1.029232
 0.000399 1.044328 1.067852 2.528494 4.640674 1.515935
 0.000400 1.048313 1.079509 2.524470 4.652293 1.724983
 0.000400 1.042564 1.080576 2.520160 4.643300 1.562005
 0.000401 1.027987 1.071148 2.515742 4.614876 1.100008
 0.000401 1.006285 1.052339 2.511171 4.569796 0.532967
 0.000402 0.979699 1.026360 2.506455 4.512514 0.105626
 0.000402 0.951776 0.996529 2.501596 4.449901 0.013862
 0.000403 0.926800 0.966915 2.496772 4.390487 0.289292
 0.000403 0.909451 0.941472 2.491962 4.342885 0.764669
 0.000404 0.903864 0.924317 2.487110 4.315291 1.143985
 0.000404 0.910916 0.918327 2.482277 4.311520 1.201736
 0.000405 0.929157 0.924139 2.477462 4.330757 0.922012
 0.000405 0.954744 0.940940 2.472669 4.368353 0.482147
 0.000406 0.983402 0.965014 2.467856 4.416272 0.126404
 0.000406 1.011057 0.992150 2.462950 4.466157 0.000008
 0.000407 1.034041 1.018515 2.457894 4.510449 0.096351
 0.000407 1.049386 1.040772 2.452699 4.542857 0.291126
 0.000408 1.055315 1.056666 2.447314 4.559295 0.430070
 0.000408 1.051707 1.065218 2.441708 4.558633 0.423948
 0.000409 1.038998 1.065725 2.435859 4.540582 0.274021
 0.000409 1.018190 1.058208 2.429775 4.506172 0.078489
 0.000410 0.991133 1.042934 2.423437 4.457504 0.004093
 0.000410 0.961182 1.021120 2.416937 4.399239 0.226551
 0.000411 0.932705 0.995052 2.410247 4.338004 0.826226
 0.000411 0.910619 0.967509 2.403383 4.281512 1.711994
 0.000412 0.899061 0.941473 2.396426 4.236961 2.635599
 0.000412 0.900810 0.920328 2.389318 4.210456 3.279252
 0.000413 0.915495 0.907695 2.382116 4.205306 3.412464
 0.000413 0.940319 0.906456 2.374888 4.221663 2.998534
 0.000414 0.970962 0.916542 2.367613 4.255117 2.235242
 0.000414 1.002508 0.935762 2.360356 4.298626 1.409951
 0.000415 1.031246 0.960341 2.353083 4.344670 0.742752
 0.000415 1.054452 0.985568 2.345758 4.385779 0.326215
 0.000416 1.070117 1.007795 2.338317 4.416228 0.126622
 0.000416 1.077077 1.024292 2.330651 4.432020 0.059623
 0.000417 1.075133 1.033346 2.322776 4.431254 0.062296
 0.000417 1.064204 1.034116 2.314815 4.413135 0.142666
 0.000418 1.045175 1.027457 2.306841 4.379473 0.379139
 0.000418 1.020178 1.014513 2.298795 4.333486 0.885324
 0.000419 0.991581 0.997215 2.290698 4.279494 1.749524
 0.000419 0.962985 0.978804 2.282604 4.224393 2.932032
 0.000420 0.938256 0.962728 2.274504 4.175488 4.235892
 0.000420 0.921578 0.952422 2.266548 4.140548 5.313920
 0.000421 0.915876 0.949923 2.258719 4.124518 5.849356
 0.000421 0.922481 0.956693 2.251055 4.130229 5.655661
 0.000422 0.940059 0.971817 2.243597 4.155474 4.838469
 0.000422 0.965492 0.992862 2.236288 4.194642 3.696733
 0.000423 0.994184 1.016768 2.229113 4.240064 2.564830
 0.000423 1.022614 1.040055 2.222026 4.284695 1.653600
 0.000424 1.047121 1.060691 2.214939 4.322751 1.033937
 0.000424 1.065382 1.076689 2.207841 4.349912 0.680239
 0.000425 1.076201 1.086238 2.200784 4.363223 0.533845
 0.000425 1.078611 1.088805 2.193747 4.361163 0.555339
 0.000426 1.072106 1.084212 2.186759 4.343077 0.762298
 0.000426 1.057083 1.073297 2.179805 4.310185 1.222527
 0.000427 1.035144 1.057036 2.172958 4.265138 2.028369
 0.000427 1.008553 1.036698 2.166291 4.211541 3.251519
 0.000428 0.980476 1.014596 2.159793 4.154864 4.857459
 0.000428 0.954469 0.993226 2.153521 4.101216 6.673494
 0.000429 0.934126 0.975107 2.147540 4.056773 8.395949
 0.000429 0.922912 0.962824 2.141893 4.027628 9.632685
 0.000430 0.922593 0.957917 2.136586 4.017095 10.100548
 0.000430 0.933347 0.961000 2.131631 4.025977 9.705303
 0.000431 0.953146 0.971334 2.126918 4.051397 8.617664
 0.000431 0.978248 0.986845 2.122583 4.087676 7.177355
 0.000432 1.004769 1.005323 2.118579 4.128671 5.708174
 0.000432 1.029834 1.023708 2.114889 4.168431 4.443802
 0.000433 1.050806 1.039339 2.111481 4.201625 3.509300
 0.000433 1.065933 1.050525 2.108333 4.224791 2.922420
 0.000434 1.073799 1.055518 2.105422 4.234739 2.686857
 0.000434 1.074438 1.053249 2.102752 4.230439 2.787468
 0.000435 1.068294 1.043621 2.100342 4.212257 3.233278
 0.000435 1.056249 1.027007 2.098170 4.181425 4.064852
 0.000436 1.038488 1.004601 2.096365 4.139454 5.349651
 0.000436 1.017283 0.979009 2.094878 4.091170 7.045589
 0.000437 0.995289 0.953392 2.093710 4.042392 8.995588
 0.000437 0.975239 0.932005 2.092955 4.000199 10.874235
 0.000438 0.959911 0.918658 2.092595 3.971164 12.270460
 0.000438 0.951568 0.916531 2.092642 3.960741 12.792234
 0.000439 0.951857 0.926887 2.093060 3.971804 12.238749
 0.000439 0.960715 0.948079 2.093911 4.002705 10.757696
 0.000440 0.976074 0.976922 2.095213 4.048209 8.750532
 0.000440 0.995277 1.009683 2.096981 4.101941 6.647066
 0.000441 1.015418 1.042267 2.099126 4.156812 4.796930
 0.000441 1.034029 1.071467 2.101499 4.206995 3.368486
 0.000442 1.049179 1.095090 2.104119 4.248388 2.379763
 0.000442 1.059508 1.111114 2.106984 4.277606 1.785032
 0.000443 1.063789 1.118888 2.110074 4.292751 1.510343
 0.000443 1.061294 1.118088 2.113352 4.292734 1.510624
 0.000444 1.052318 1.109309 2.116744 4.278371 1.770600
 0.000444 1.037439 1.092730 2.120248 4.250416 2.335729
 0.000445 1.017937 1.069840 2.123808 4.211585 3.250410
 0.000445 0.995986 1.042697 2.127479 4.166162 4.511700
 0.000446 0.974149 1.013806 2.131280 4.119236 6.031422
 0.000446 0.955537 0.986371 2.135210 4.077119 7.582904
 0.000447 0.943088 0.963481 2.139337 4.045906 8.847158
 0.000447 0.938498 0.948162 2.143716 4.030376 9.512457
 0.000448 0.942485 0.943046 2.148365 4.033896 9.359546
 0.000448 0.953931 0.948560 2.153214 4.055705 8.439735
 0.000449 0.970450 0.963474 2.158312 4.092236 7.005629
 0.000449 0.989389 0.985373 2.163601 4.138362 5.385408
 0.000450 1.008171 1.011057 2.168942 4.188170 3.874812
 0.000450 1.024034 1.036907 2.174270 4.235210 2.675943
 0.000451 1.035589 1.059941 2.179567 4.275097 1.832746
 0.000451 1.041478 1.078074 2.184768 4.304320 1.315950
 0.000452 1.041097 1.089628 2.189880 4.320606 1.065013
 0.000452 1.034664 1.093675 2.194918 4.323257 1.026665
 0.000453 1.022461 1.089168 2.199937 4.311567 1.201018
 0.000453 1.005264 1.076056 2.204851 4.286170 1.626871
 0.000454 0.985340 1.054787 2.209676 4.249803 2.348995
 0.000454 0.965482 1.026876 2.214402 4.206760 3.374578
 0.000455 0.948763 0.994627 2.219042 4.162431 4.624470
 0.000455 0.937837 0.960850 2.223571 4.122259 5.926887
 0.000456 0.934813 0.929435 2.228023 4.092271 7.004293
 0.000456 0.941069 0.905362 2.232459 4.078890 7.514095
 0.000457 0.955171 0.893456 2.236860 4.085487 7.260499
 0.000457 0.974984 0.896216 2.241261 4.112461 6.268997
 0.000458 0.997715 0.912550 2.245690 4.155955 4.823530
 0.000458 1.020691 0.938773 2.250116 4.209579 3.301739
 0.000459 1.041219 0.969656 2.254395 4.265270 2.025717
 0.000459 1.056626 1.000495 2.258467 4.315588 1.139498
 0.000460 1.065706 1.027539 2.262324 4.355569 0.615856
 0.000460 1.067661 1.048260 2.265859 4.381780 0.359314
 0.000461 1.061632 1.060665 2.269131 4.391428 0.282180
 0.000461 1.047400 1.064551 2.271996 4.383946 0.341182
 0.000462 1.026426 1.059955 2.274471 4.360852 0.558625
 0.000462 1.000735 1.047545 2.276676 4.324956 1.002462
 0.000463 0.972858 1.028968 2.278651 4.280477 1.731194
 0.000463 0.946911 1.006811 2.280331 4.234054 2.702771
 0.000464 0.927309 0.984058 2.281861 4.193229 3.735278
 0.000464 0.917346 0.964010 2.283284 4.164641 4.557516
 0.000465 0.918947 0.949729 2.284575 4.153251 4.907879
 0.000465 0.931766 0.943350 2.285665 4.160781 4.674780
 0.000466 0.953304 0.945847 2.286476 4.185627 3.945940
 0.000466 0.979519 0.956369 2.286967 4.222855 2.969397
 0.000467 1.005991 0.973094 2.287139 4.266225 2.006546
 0.000467 1.029061 0.993392 2.287045 4.309498 1.233289
 0.000468 1.046215 1.014795 2.286620 4.347630 0.707116
 0.000468 1.055867 1.034349 2.285901 4.376116 0.408931
 0.000469 1.057130 1.050006 2.284808 4.391945 0.278311
 0.000469 1.050026 1.060248 2.283429 4.393703 0.265347
 0.000470 1.035114 1.064513 2.281715 4.381342 0.363032
 0.000470 1.013566 1.062875 2.279552 4.355994 0.611156
 0.000471 0.988016 1.055732 2.276993 4.320741 1.063043
 0.000471 0.961170 1.043697 2.274104 4.278971 1.759335
 0.000472 0.936987 1.027888 2.270856 4.235731 2.663911
 0.000472 0.920040 1.010102 2.267397 4.197539 3.618403
 0.000473 0.913068 0.992255 2.263734 4.169057 4.425153
 0.000473 0.917634 0.976395 2.259894 4.153922 4.886854
 0.000474 0.933010 0.964464 2.255922 4.153396 4.903320
 0.000474 0.956420 0.957193 2.251808 4.165421 4.533971
 0.000475 0.984447 0.955088 2.247509 4.187044 3.906231
 0.000475 1.012971 0.957552 2.243055 4.213578 3.199773
 0.000476 1.038950 0.963422 2.238514 4.240886 2.546256
 0.000476 1.059993 0.971352 2.233840 4.265186 2.027415
 0.000477 1.074708 0.979671 2.228958 4.283337 1.678382
 0.000477 1.081945 0.986264 2.223984 4.292193 1.520043
 0.000478 1.081885 0.990158 2.218912 4.290955 1.541713
 0.000478 1.074617 0.991106 2.213664 4.279387 1.751528
 0.000479 1.060424 0.988956 2.208342 4.257722 2.180496
 0.000479 1.040445 0.984309 2.203041 4.227794 2.850253
 0.000480 1.016523 0.977782 2.197732 4.192037 3.767904
 0.000480 0.990513 0.970968 2.192495 4.153976 4.885195
 0.000481 0.965681 0.965128 2.187205 4.118015 6.073899
 0.000481 0.945568 0.961578 2.182040 4.089186 7.120253
 0.000482 0.933103 0.961428 2.176983 4.071514 7.802721
 0.000482 0.930644 0.965715 2.172067 4.068426 7.925192
 0.000483 0.938624 0.974401 2.167326 4.080351 7.457549
 0.000483 0.955522 0.987035 2.162719 4.105275 6.526047
 0.000484 0.977845 1.002457 2.158339 4.138641 5.376276
 0.000484 1.002196 1.018611 2.154184 4.174992 4.250357
 0.000485 1.024892 1.033605 2.150243 4.208740 3.323339
 0.000485 1.043213 1.045904 2.146534 4.235651 2.665765
 0.000486 1.055946 1.054191 2.142908 4.253046 2.279243
 0.000486 1.061792 1.057981 2.139356 4.259129 2.151204
 0.000487 1.060328 1.056952 2.135956 4.253237 2.275166
 0.000487 1.052346 1.051648 2.132689 4.236683 2.641974
 0.000488 1.038812 1.042594 2.129552 4.210958 3.266398
 0.000488 1.021025 1.030650 2.126649 4.178324 4.153771
 0.000489 1.000565 1.017387 2.123951 4.141903 5.269841
 0.000489 0.979828 1.004790 2.121552 4.106170 6.493766
 0.000490 0.961566 0.994457 2.119443 4.075466 7.647401
 0.000490 0.948200 0.987809 2.117659 4.053668 8.523642
 0.000491 0.941766 0.985977 2.116265 4.044008 8.927144
 0.000491 0.943118 0.989149 2.115268 4.047535 8.778760
 0.000492 0.951748 0.996617 2.114572 4.062937 8.145253
 0.000492 0.966028 1.007703 2.114228 4.087959 7.166612
 0.000493 0.983866 1.020817 2.114222 4.118905 6.042908
 0.000493 1.002979 1.034157 2.114547 4.151683 4.957130
 0.000494 1.020803 1.045917 2.115106 4.181825 4.053461
 0.000494 1.036187 1.054628 2.115792 4.206607 3.378560
 0.000495 1.047440 1.059298 2.116590 4.223328 2.957888
 0.000495 1.053421 1.059037 2.117514 4.229972 2.798496
 0.000496 1.053938 1.053206 2.118578 4.225723 2.899931
 0.000496 1.049433 1.042398 2.119710 4.211541 3.251529
 0.000497 1.040860 1.027016 2.120932 4.188807 3.857097
 0.000497 1.028879 1.007697 2.122309 4.158885 4.732929
 0.000498 1.014749 0.985872 2.123860 4.124481 5.850607
 0.000498 1.000026 0.964130 2.125684 4.089841 7.095565
 0.000499 0.986426 0.945423 2.127679 4.059528 8.283405
 0.000499 0.975588 0.932228 2.129988 4.037804 9.191228
 0.000500 0.968915 0.926802 2.132441 4.028158 9.609438
