#! FIELDS time dAB dAC rc bias
 0.000000 2.563485 3.458413 6.021898 7.026839
 0.000000 2.559650 3.456077 6.015727 6.827947
 0.000001 2.554901 3.453306 6.008207 6.589401
 0.000001 2.549363 3.449948 5.999311 6.312682
 0.000002 2.543011 3.446111 5.989122 6.003037
 0.000002 2.536173 3.441792 5.977966 5.672932
 0.000003 2.528686 3.437044 5.965730 5.321634
 0.000003 2.520589 3.431968 5.952558 4.955971
 0.000004 2.512067 3.426448 5.938514 4.580470
 0.000004 2.503085 3.420562 5.923647 4.199060
 0.000005 2.493488 3.414405 5.907893 3.812984
 0.000005 2.483333 3.408032 5.891365 3.427946
 0.000006 2.472302 3.401554 5.873856 3.042413
 0.000006 2.459792 3.394953 5.854745 2.647858
 0.000007 2.445473 3.388355 5.833827 2.247389
 0.000007 2.429507 3.381927 5.811434 1.855042
 0.000008 2.411852 3.375666 5.787518 1.477551
 0.000008 2.392874 3.369492 5.762366 1.126823
 0.000009 2.372871 3.363653 5.736524 0.815892
 0.000009 2.352194 3.358135 5.710329 0.551837
 0.000010 2.331757 3.352918 5.684675 0.343117
 0.000010 2.312598 3.347910 5.660509 0.191644
 0.000011 2.294986 3.343157 5.638143 0.090488
 0.000011 2.279573 3.338584 5.618157 0.031836
 0.000012 2.266919 3.334173 5.601093 0.005465
 0.000012 2.257381 3.329886 5.587267 0.000115
 0.000013 2.251334 3.325789 5.577124 0.005308
 0.000013 2.249134 3.321983 5.571116 0.012021
 0.000014 2.250519 3.318403 5.568922 0.015148
 0.000014 2.255057 3.314958 5.570014 0.013546
 0.000015 2.262236 3.311660 5.573896 0.008578
 0.000015 2.271393 3.308406 5.579799 0.003189
 0.000016 2.281465 3.305319 5.586784 0.000188
 0.000016 2.291741 3.302317 5.594058 0.000952
 0.000017 2.301402 3.299373 5.600775 0.005181
 0.000017 2.310065 3.296579 5.606643 0.011646
 0.000018 2.317196 3.294025 5.611221 0.018482
 0.000018 2.322807 3.291676 5.614483 0.024313
 0.000019 2.326907 3.289454 5.616361 0.028030
 0.000019 2.329694 3.287237 5.616930 0.029210
 0.000020 2.331418 3.285050 5.616467 0.028249
 0.000020 2.332927 3.282830 5.615757 0.026807
 0.000021 2.334865 3.280617 5.615482 0.026258
 0.000021 2.337810 3.278335 5.616144 0.027589
 0.000022 2.341928 3.275901 5.617829 0.031122
 0.000022 2.347744 3.273392 5.621136 0.038678
 0.000023 2.355233 3.270667 5.625900 0.051003
 0.000023 2.364096 3.267890 5.631986 0.069225
 0.000024 2.374687 3.265104 5.639792 0.096664
 0.000024 2.386833 3.262246 5.649079 0.135261
 0.000025 2.399871 3.259377 5.659248 0.184946
 0.000025 2.413443 3.256425 5.669867 0.245107
 0.000026 2.426989 3.253427 5.680416 0.313240
 0.000026 2.439826 3.250307 5.690133 0.383385
 0.000027 2.451537 3.247016 5.698554 0.449904
 0.000027 2.461549 3.243744 5.705293 0.506971
 0.000028 2.469643 3.240479 5.710122 0.549959
 0.000028 2.475007 3.237219 5.712227 0.569240
 0.000029 2.477398 3.234080 5.711478 0.562343
 0.000029 2.476546 3.230948 5.707494 0.526349
 0.000030 2.472481 3.227869 5.700351 0.464789
 0.000030 2.465750 3.224898 5.690648 0.387306
 0.000031 2.456588 3.222004 5.678592 0.300863
 0.000031 2.445526 3.219178 5.664704 0.214797
 0.000032 2.433300 3.216466 5.649766 0.138376
 0.000032 2.420695 3.213770 5.634465 0.077445
 0.000033 2.408126 3.211125 5.619251 0.034269
 0.000033 2.396397 3.208479 5.604876 0.009427
 0.000034 2.385896 3.205894 5.591790 0.000288
 0.000034 2.377062 3.203379 5.580442 0.002760
 0.000035 2.370841 3.200805 5.571645 0.011321
 0.000035 2.367532 3.198226 5.565758 0.020293
 0.000036 2.367102 3.195735 5.562837 0.025709
 0.000036 2.369580 3.193221 5.562801 0.025781
 0.000037 2.374763 3.190811 5.565573 0.020617
 0.000037 2.382124 3.188464 5.570589 0.012740
 0.000038 2.391953 3.186248 5.578200 0.004390
 0.000038 2.403252 3.184180 5.587432 0.000095
 0.000039 2.415644 3.182331 5.597975 0.003006
 0.000039 2.427966 3.180457 5.608423 0.014117
 0.000040 2.439826 3.178682 5.618508 0.032606
 0.000040 2.450580 3.177104 5.627684 0.056056
 0.000041 2.459510 3.175647 5.635157 0.079821
 0.000041 2.466890 3.174133 5.641023 0.101408
 0.000042 2.472844 3.172777 5.645621 0.120135
 0.000042 2.477294 3.171507 5.648801 0.134015
 0.000043 2.480526 3.170231 5.650757 0.142927
 0.000043 2.483450 3.169004 5.652454 0.150893
 0.000044 2.486508 3.167773 5.654281 0.159707
 0.000044 2.490129 3.166470 5.656599 0.171256
 0.000045 2.494301 3.165142 5.659443 0.185975
 0.000045 2.499659 3.163718 5.663377 0.207331
 0.000046 2.506215 3.162224 5.668439 0.236523
 0.000046 2.514067 3.160668 5.674735 0.275510
 0.000047 2.523347 3.158995 5.682342 0.326583
 0.000047 2.534243 3.157311 5.691554 0.394243
 0.000048 2.546388 3.155492 5.701880 0.477644
 0.000048 2.559708 3.153638 5.713346 0.579633
 0.000049 2.573836 3.151687 5.725523 0.698729
 0.000049 2.588378 3.149588 5.737967 0.831934
 0.000050 2.602960 3.147260 5.750221 0.974452
 0.000050 2.616631 3.144692 5.761323 1.113307
 0.000051 2.629265 3.141950 5.771215 1.244798
 0.000051 2.639975 3.138927 5.778902 1.352062
 0.000052 2.648131 3.135709 5.783841 1.423305
 0.000052 2.653156 3.132249 5.785405 1.446253
 0.000053 2.654734 3.128648 5.783381 1.416604
 0.000053 2.652661 3.124955 5.777616 1.333810
 0.000054 2.646899 3.121204 5.768103 1.202649
 0.000054 2.637600 3.117474 5.755074 1.034016
 0.000055 2.625574 3.113671 5.739245 0.846281
 0.000055 2.610774 3.109858 5.720632 0.649554
 0.000056 2.593865 3.105895 5.699760 0.459869
 0.000056 2.576249 3.101962 5.678211 0.298307
 0.000057 2.558212 3.098122 5.656334 0.169916
 0.000057 2.540740 3.094357 5.635097 0.079615
 0.000058 2.524194 3.090715 5.614909 0.025133
 0.000058 2.508915 3.087280 5.596195 0.001930
 0.000059 2.494988 3.084096 5.579084 0.003703
 0.000059 2.483098 3.081143 5.564242 0.023025
 0.000060 2.473102 3.078501 5.551603 0.052504
 0.000060 2.464674 3.076035 5.540709 0.087524
 0.000061 2.458182 3.073899 5.532080 0.121582
 0.000061 2.452975 3.072054 5.525029 0.153560
 0.000062 2.449161 3.070583 5.519744 0.179972
 0.000062 2.446355 3.069569 5.515924 0.200368
 0.000063 2.443469 3.068897 5.512366 0.220349
 0.000063 2.439993 3.068541 5.508534 0.242931
 0.000064 2.435799 3.068558 5.504356 0.268804
 0.000064 2.430177 3.069011 5.499189 0.302618
 0.000065 2.422951 3.069906 5.492857 0.346782
 0.000065 2.413993 3.071295 5.485288 0.403516
 0.000066 2.403007 3.073175 5.476182 0.477470
 0.000066 2.390988 3.075646 5.466634 0.561692
 0.000067 2.378213 3.078541 5.456754 0.656047
 0.000067 2.365748 3.081880 5.447628 0.749694
 0.000068 2.354170 3.085635 5.439805 0.834949
 0.000068 2.344686 3.089903 5.434588 0.894351
 0.000069 2.337851 3.094547 5.432398 0.919899
 0.000069 2.333910 3.099436 5.433347 0.908788
 0.000070 2.333653 3.104739 5.438391 0.850845
 0.000070 2.337242 3.110319 5.447561 0.750402
 0.000071 2.344548 3.116265 5.460813 0.616396
 0.000071 2.355326 3.122656 5.477982 0.462356
 0.000072 2.369258 3.129244 5.498502 0.307260
 0.000072 2.385823 3.135903 5.521727 0.169819
 0.000073 2.404065 3.142614 5.546679 0.067230
 0.000073 2.423054 3.149442 5.572497 0.010239
 0.000074 2.441764 3.156306 5.598069 0.003071
 0.000074 2.459222 3.163260 5.622482 0.041988
 0.000075 2.474777 3.170238 5.645014 0.117574
 0.000075 2.488143 3.177148 5.665291 0.218141
 0.000076 2.498371 3.183940 5.682310 0.326361
 0.000076 2.505811 3.190622 5.696433 0.432653
 0.000077 2.510525 3.197288 5.707813 0.529189
 0.000077 2.512995 3.203951 5.716946 0.613683
 0.000078 2.513453 3.210504 5.723957 0.682792
 0.000078 2.512300 3.216937 5.729236 0.737268
 0.000079 2.510190 3.223249 5.733439 0.782121
 0.000079 2.507627 3.229365 5.736993 0.821089
 0.000080 2.505076 3.235148 5.740224 0.857341
 0.000080 2.503092 3.240646 5.743738 0.897654
 0.000081 2.501747 3.245947 5.747694 0.944150
 0.000081 2.501501 3.251123 5.752624 1.003725
 0.000082 2.502389 3.255957 5.758346 1.075167
 0.000082 2.504008 3.260445 5.764453 1.154113
 0.000083 2.506386 3.264664 5.771050 1.242547
 0.000083 2.509968 3.268619 5.778587 1.347579
 0.000084 2.514134 3.272460 5.786594 1.463822
 0.000084 2.518540 3.276099 5.794639 1.585456
 0.000085 2.522695 3.279347 5.802042 1.701671
 0.000085 2.526322 3.282355 5.808677 1.809330
 0.000086 2.528919 3.285127 5.814046 1.898863
 0.000086 2.529764 3.287739 5.817503 1.957648
 0.000087 2.528562 3.290231 5.818793 1.979822
 0.000087 2.524785 3.292543 5.817328 1.954655
 0.000088 2.518266 3.294680 5.812947 1.880357
 0.000088 2.509128 3.296777 5.805905 1.763950
 0.000089 2.497423 3.298770 5.796192 1.609499
 0.000089 2.483643 3.300523 5.784167 1.428072
 0.000090 2.468012 3.302182 5.770194 1.230893
 0.000090 2.451385 3.303736 5.755121 1.034598
 0.000091 2.434463 3.305170 5.739634 0.850663
 0.000091 2.418415 3.306470 5.724885 0.692220
 0.000092 2.404423 3.307683 5.712107 0.568131
 0.000092 2.392726 3.308789 5.701515 0.474564
 0.000093 2.383280 3.309989 5.693270 0.407546
 0.000093 2.376763 3.311334 5.688097 0.368103
 0.000094 2.373254 3.312730 5.685984 0.352568
 0.000094 2.373317 3.314176 5.687493 0.363632
 0.000095 2.376538 3.315618 5.692157 0.398890
 0.000095 2.382709 3.317055 5.699763 0.459899
 0.000096 2.391460 3.318436 5.709896 0.547907
 0.000096 2.402431 3.319747 5.722178 0.664906
 0.000097 2.414719 3.321018 5.735737 0.807210
 0.000097 2.427316 3.322313 5.749629 0.967314
 0.000098 2.439051 3.323613 5.762663 1.130692
 0.000098 2.449386 3.324896 5.774282 1.287066
 0.000099 2.457713 3.326119 5.783832 1.423182
 0.000099 2.463137 3.327249 5.790385 1.520539
 0.000100 2.465355 3.328264 5.793619 1.569765
 0.000100 2.464834 3.329180 5.794014 1.575828
 0.000101 2.461581 3.330100 5.791681 1.540174
 0.000101 2.456172 3.330989 5.787160 1.472225
 0.000102 2.449305 3.331843 5.781147 1.384224
 0.000102 2.441451 3.332588 5.774039 1.283694
 0.000103 2.433321 3.333237 5.766558 1.181979
 0.000103 2.425648 3.333892 5.759540 1.090382
 0.000104 2.419285 3.334564 5.753850 1.018822
 0.000104 2.414549 3.335153 5.749702 0.968191
 0.000105 2.411866 3.335714 5.747580 0.942785
 0.000105 2.411755 3.336088 5.747843 0.945919
 0.000106 2.414701 3.336263 5.750964 0.983462
 0.000106 2.420817 3.336395 5.757212 1.060807
 0.000107 2.430165 3.336476 5.766641 1.183086
 0.000107 2.442394 3.336490 5.778884 1.351805
 0.000108 2.456967 3.336432 5.793399 1.566388
 0.000108 2.473173 3.336263 5.809436 1.821866
 0.000109 2.490431 3.336149 5.826580 2.116289
 0.000109 2.507669 3.336011 5.843679 2.431916
 0.000110 2.524141 3.335823 5.859964 2.752880
 0.000110 2.538778 3.335568 5.874346 3.052899
 0.000111 2.550560 3.335122 5.885682 3.300296
 0.000111 2.559020 3.334581 5.893601 3.478838
 0.000112 2.563459 3.333912 5.897371 3.565493
 0.000112 2.563530 3.333169 5.896698 3.549955
 0.000113 2.559611 3.332450 5.892062 3.443768
 0.000113 2.552176 3.331726 5.883902 3.260805
 0.000114 2.542249 3.330911 5.873161 3.027579
 0.000114 2.530448 3.330016 5.860464 2.763046
 0.000115 2.517402 3.329004 5.846405 2.484256
 0.000115 2.504482 3.327759 5.832241 2.218351
 0.000116 2.491971 3.326297 5.818268 1.970788
 0.000116 2.480851 3.324774 5.805626 1.759414
 0.000117 2.472100 3.323105 5.795204 1.594188
 0.000117 2.466354 3.321241 5.787594 1.478682
 0.000118 2.463740 3.319173 5.782913 1.409785
 0.000118 2.463912 3.317025 5.780936 1.381187
 0.000119 2.466729 3.314769 5.781498 1.389282
 0.000119 2.472492 3.312437 5.784929 1.439248
 0.000120 2.480872 3.310069 5.790941 1.528939
 0.000120 2.491083 3.307601 5.798684 1.648450
 0.000121 2.502279 3.305159 5.807438 1.788973
 0.000121 2.513508 3.302770 5.816278 1.936723
 0.000122 2.524194 3.300474 5.824668 2.082362
 0.000122 2.533313 3.298313 5.831626 2.207155
 0.000123 2.540069 3.296293 5.836362 2.294156
 0.000123 2.544093 3.294528 5.838621 2.336255
 0.000124 2.545318 3.292927 5.838244 2.329216
 0.000124 2.543290 3.291526 5.834816 2.265579
 0.000125 2.538189 3.290443 5.828633 2.153019
 0.000125 2.530260 3.289678 5.819938 1.999608
 0.000126 2.520288 3.289290 5.809578 1.824202
 0.000126 2.508738 3.289160 5.797898 1.636114
 0.000127 2.496459 3.289329 5.785788 1.451906
 0.000127 2.484592 3.289771 5.774362 1.288180
 0.000128 2.473877 3.290424 5.764301 1.152121
 0.000128 2.464977 3.291175 5.756152 1.047485
 0.000129 2.458708 3.292050 5.750757 0.980955
 0.000129 2.455460 3.293037 5.748497 0.953726
 0.000130 2.455447 3.294006 5.749453 0.965200
 0.000130 2.458889 3.294961 5.753849 1.018819
 0.000131 2.465099 3.295882 5.760981 1.108883
 0.000131 2.473423 3.296859 5.770282 1.232090
 0.000132 2.484281 3.297775 5.782056 1.397342
 0.000132 2.497149 3.298567 5.795716 1.602110
 0.000133 2.511275 3.299308 5.810584 1.840881
 0.000133 2.525888 3.300000 5.825888 2.103980
 0.000134 2.539815 3.300533 5.840347 2.368689
 0.000134 2.552253 3.300894 5.853147 2.616093
 0.000135 2.562450 3.301100 5.863550 2.826239
 0.000135 2.569744 3.301006 5.870751 2.976440
 0.000136 2.573948 3.300602 5.874550 3.057258
 0.000136 2.574419 3.300060 5.874479 3.055737
 0.000137 2.571953 3.299447 5.871400 2.990185
 0.000137 2.567031 3.298781 5.865813 2.873016
 0.000138 2.559441 3.297945 5.857385 2.700731
 0.000138 2.549636 3.297006 5.846643 2.488843
 0.000139 2.538283 3.295996 5.834279 2.255686
 0.000139 2.526066 3.294884 5.820950 2.017175
 0.000140 2.513278 3.293578 5.806856 1.779452
 0.000140 2.500839 3.292087 5.792926 1.559150
 0.000141 2.489363 3.290543 5.779907 1.366407
 0.000141 2.479503 3.288974 5.768477 1.207670
 0.000142 2.471583 3.287341 5.758925 1.082525
 0.000142 2.465868 3.285710 5.751577 0.990923
 0.000143 2.462480 3.284095 5.746575 0.930873
 0.000143 2.461968 3.282474 5.744442 0.905846
 0.000144 2.463605 3.280924 5.744530 0.906866
 0.000144 2.466953 3.279329 5.746282 0.927414
 0.000145 2.471899 3.277811 5.749710 0.968293
 0.000145 2.477882 3.276270 5.754152 1.022564
 0.000146 2.484480 3.274648 5.759128 1.085118
 0.000146 2.490522 3.273009 5.763531 1.142015
 0.000147 2.494740 3.271460 5.766200 1.177222
 0.000147 2.496345 3.269813 5.766158 1.176656
 0.000148 2.494864 3.268142 5.763006 1.135161
 0.000148 2.489250 3.266418 5.755667 1.041418
 0.000149 2.479610 3.264716 5.744327 0.904499
 0.000149 2.465943 3.262843 5.728786 0.732538
 0.000150 2.448583 3.260844 5.709427 0.543661
 0.000150 2.428917 3.258819 5.687736 0.365426
 0.000151 2.407968 3.256789 5.664757 0.215098
 0.000151 2.386337 3.254712 5.641049 0.101511
 0.000152 2.365345 3.252723 5.618069 0.031642
 0.000152 2.345805 3.250582 5.596387 0.002035
 0.000153 2.328737 3.248334 5.577071 0.005355
 0.000153 2.314331 3.246145 5.560475 0.030556
 0.000154 2.303110 3.243893 5.547003 0.066206
 0.000154 2.295372 3.241678 5.537050 0.101286
 0.000155 2.291228 3.239479 5.530707 0.127517
 0.000155 2.291191 3.237368 5.528559 0.137084
 0.000156 2.295139 3.235363 5.530502 0.128415
 0.000156 2.302470 3.233547 5.536017 0.105353
 0.000157 2.312348 3.231881 5.544229 0.075235
 0.000157 2.324050 3.230521 5.554572 0.044502
 0.000158 2.336535 3.229447 5.565983 0.019903
 0.000158 2.348851 3.228654 5.577505 0.004973
 0.000159 2.359974 3.228165 5.588140 0.000029
 0.000159 2.368874 3.227922 5.596796 0.002267
 0.000160 2.374556 3.227997 5.602552 0.006866
 0.000160 2.376349 3.228530 5.604879 0.009431
 0.000161 2.374191 3.229476 5.603668 0.008045
 0.000161 2.368379 3.230768 5.599148 0.003846
 0.000162 2.359363 3.232445 5.591808 0.000291
 0.000162 2.348284 3.234599 5.582883 0.001413
 0.000163 2.336115 3.237272 5.573387 0.009166
 0.000163 2.323554 3.240294 5.563847 0.023763
 0.000164 2.311459 3.243684 5.555144 0.043037
 0.000164 2.301303 3.247298 5.548602 0.061263
 0.000165 2.293142 3.251194 5.544336 0.074878
 0.000165 2.287097 3.255362 5.542459 0.081298
 0.000166 2.283667 3.259690 5.543357 0.078194
 0.000166 2.282885 3.264201 5.547086 0.065944
 0.000167 2.284835 3.268676 5.553511 0.047285
 0.000167 2.289740 3.273084 5.562824 0.025734
 0.000168 2.297373 3.277428 5.574801 0.007582
 0.000168 2.307065 3.281719 5.588784 0.000002
 0.000169 2.317806 3.285781 5.603587 0.007956
 0.000169 2.328699 3.289621 5.618320 0.032192
 0.000170 2.339018 3.293335 5.632354 0.070416
 0.000170 2.348482 3.296891 5.645373 0.119082
 0.000171 2.355881 3.300216 5.656097 0.168720
 0.000171 2.360339 3.303238 5.663577 0.208451
 0.000172 2.360973 3.306062 5.667035 0.228232
 0.000172 2.357566 3.308814 5.666380 0.224419
 0.000173 2.350341 3.311392 5.661732 0.198261
 0.000173 2.339601 3.313783 5.653384 0.155349
 0.000174 2.325960 3.316076 5.642036 0.105397
 0.000174 2.309912 3.318240 5.628152 0.057422
 0.000175 2.292897 3.320258 5.613155 0.021843
 0.000175 2.275821 3.322152 5.597973 0.003005
 0.000176 2.259977 3.323979 5.583957 0.000962
 0.000176 2.245986 3.325794 5.571780 0.011147
 0.000177 2.234990 3.327684 5.562674 0.026031
 0.000177 2.227537 3.329611 5.557147 0.038096
 0.000178 2.223933 3.331578 5.555510 0.042110
 0.000178 2.223857 3.333622 5.557479 0.037309
 0.000179 2.227214 3.335787 5.563002 0.025387
 0.000179 2.233867 3.338021 5.571889 0.011007
 0.000180 2.243497 3.340310 5.583807 0.001019
 0.000180 2.255578 3.342827 5.598405 0.003302
 0.000181 2.269652 3.345516 5.615168 0.025639
 0.000181 2.284626 3.348395 5.633021 0.072600
 0.000182 2.299529 3.351413 5.650942 0.143786
 0.000182 2.313672 3.354527 5.668200 0.235099
 0.000183 2.325603 3.357692 5.683295 0.333288
 0.000183 2.334438 3.361024 5.695462 0.424868
 0.000184 2.339831 3.364399 5.704230 0.497746
 0.000184 2.341002 3.367877 5.708879 0.538722
 0.000185 2.337542 3.371506 5.709049 0.540252
 0.000185 2.330405 3.375238 5.705643 0.510028
 0.000186 2.320420 3.379005 5.699425 0.457093
 0.000186 2.308493 3.382806 5.691299 0.392280
 0.000187 2.295831 3.386560 5.682391 0.326928
 0.000187 2.283611 3.390286 5.673898 0.270153
 0.000188 2.272663 3.393974 5.666638 0.225915
 0.000188 2.263278 3.397722 5.660999 0.194284
 0.000189 2.256241 3.401513 5.657755 0.177163
 0.000189 2.252115 3.405249 5.657364 0.175155
 0.000190 2.251139 3.408905 5.660044 0.189159
 0.000190 2.253103 3.412462 5.665565 0.219713
 0.000191 2.257943 3.415979 5.673922 0.270307
 0.000191 2.265274 3.419341 5.684615 0.342684
 0.000192 2.274922 3.422759 5.697681 0.442763
 0.000192 2.286170 3.426212 5.712383 0.570681
 0.000193 2.298460 3.429754 5.728215 0.726564
 0.000193 2.310893 3.433521 5.744414 0.905517
 0.000194 2.322650 3.437391 5.760041 1.096798
 0.000194 2.332646 3.441415 5.774061 1.283991
 0.000195 2.340127 3.445597 5.785724 1.450960
 0.000195 2.344195 3.450030 5.794225 1.579079
 0.000196 2.344365 3.454608 5.798973 1.653003
 0.000196 2.340200 3.459422 5.799622 1.663229
 0.000197 2.331761 3.464278 5.796039 1.607115
 0.000197 2.319134 3.469168 5.788301 1.489230
 0.000198 2.302977 3.474107 5.777084 1.326293
 0.000198 2.284333 3.479162 5.763495 1.141548
 0.000199 2.264362 3.484325 5.748687 0.956002
 0.000199 2.243847 3.489511 5.733358 0.781252
 0.000200 2.223664 3.494719 5.718383 0.627546
 0.000200 2.205284 3.499905 5.705189 0.506065
 0.000201 2.189447 3.505170 5.694617 0.418145
 0.000201 2.175939 3.510461 5.686399 0.355598
 0.000202 2.165192 3.515709 5.680902 0.316579
 0.000202 2.157794 3.520890 5.678683 0.301477
 0.000203 2.154136 3.525876 5.680011 0.310472
 0.000203 2.153837 3.530701 5.684537 0.342130
 0.000204 2.156313 3.535342 5.691655 0.395021
 0.000204 2.161299 3.539740 5.701039 0.470556
 0.000205 2.168589 3.543874 5.712463 0.571426
 0.000205 2.177363 3.547786 5.725150 0.694915
 0.000206 2.186445 3.551514 5.737959 0.831851
 0.000206 2.194717 3.555158 5.749875 0.970282
 0.000207 2.201049 3.558625 5.759675 1.092105
 0.000207 2.204252 3.561998 5.766250 1.177883
 0.000208 2.203621 3.565314 5.768935 1.213838
 0.000208 2.198570 3.568722 5.767292 1.191775
 0.000209 2.189159 3.572125 5.761284 1.112799
 0.000209 2.176246 3.575456 5.751701 0.992436
 0.000210 2.161126 3.578815 5.739941 0.854131
 0.000210 2.144776 3.582264 5.727040 0.714347
 0.000211 2.128431 3.585848 5.714279 0.588363
 0.000211 2.113482 3.589662 5.703144 0.488403
 0.000212 2.100227 3.593629 5.693857 0.412147
 0.000212 2.089977 3.597715 5.687692 0.365103
 0.000213 2.083462 3.602030 5.685493 0.349006
 0.000213 2.080818 3.606585 5.687403 0.362963
 0.000214 2.082552 3.611240 5.693792 0.411639
 0.000214 2.088491 3.615930 5.704421 0.499396
 0.000215 2.098284 3.620744 5.719028 0.633818
 0.000215 2.111458 3.625784 5.737243 0.823864
 0.000216 2.126839 3.630977 5.757816 1.068451
 0.000216 2.143189 3.636264 5.779453 1.359912
 0.000217 2.159470 3.641612 5.801082 1.686379
 0.000217 2.174206 3.646999 5.821204 2.021599
 0.000218 2.186173 3.652521 5.838694 2.337632
 0.000218 2.194771 3.658179 5.852950 2.612204
 0.000219 2.198941 3.663883 5.862824 2.811313
 0.000219 2.198185 3.669674 5.867859 2.915655
 0.000220 2.192588 3.675416 5.868004 2.918683
 0.000220 2.182994 3.681259 5.864253 2.840734
 0.000221 2.170202 3.687136 5.857338 2.699772
 0.000221 2.155083 3.692995 5.848079 2.516665
 0.000222 2.139409 3.698799 5.838208 2.328544
 0.000222 2.124252 3.704554 5.828806 2.156131
 0.000223 2.110560 3.710209 5.820769 2.014025
 0.000223 2.099203 3.715715 5.814918 1.913613
 0.000224 2.090975 3.721011 5.811985 1.864247
 0.000224 2.086151 3.726247 5.812398 1.871161
 0.000225 2.084958 3.731328 5.816286 1.936850
 0.000225 2.087338 3.736161 5.823499 2.061754
 0.000226 2.093218 3.740976 5.834194 2.254130
 0.000226 2.102270 3.745582 5.847852 2.512270
 0.000227 2.113974 3.750032 5.864005 2.835622
 0.000227 2.127321 3.754379 5.881699 3.212283
 0.000228 2.141226 3.758598 5.899824 3.622455
 0.000228 2.154980 3.762632 5.917612 4.048955
 0.000229 2.168154 3.766507 5.934660 4.480005
 0.000229 2.180084 3.770294 5.950378 4.896718
 0.000230 2.189655 3.773969 5.963624 5.262289
 0.000230 2.195164 3.777478 5.972642 5.518700
 0.000231 2.196798 3.780838 5.977636 5.663324
 0.000231 2.194325 3.784130 5.978455 5.687205
 0.000232 2.187762 3.787294 5.975056 5.588373
 0.000232 2.177841 3.790273 5.968114 5.389185
 0.000233 2.165235 3.793037 5.958272 5.112995
 0.000233 2.150876 3.795558 5.946434 4.790418
 0.000234 2.135569 3.797766 5.933335 4.445720
 0.000234 2.120585 3.799713 5.920299 4.115438
 0.000235 2.106475 3.801490 5.907965 3.814703
 0.000235 2.093692 3.803107 5.896799 3.552292
 0.000236 2.082956 3.804414 5.887370 3.337961
 0.000236 2.074411 3.805401 5.879812 3.170978
 0.000237 2.068861 3.806099 5.874961 3.066065
 0.000237 2.066536 3.806570 5.873106 3.026423
 0.000238 2.066907 3.806889 5.873796 3.041142
 0.000238 2.070071 3.806977 5.877048 3.111000
 0.000239 2.076058 3.806747 5.882805 3.236602
 0.000239 2.084261 3.806210 5.890471 3.407700
 0.000240 2.094028 3.805481 5.899509 3.615107
 0.000240 2.104712 3.804430 5.909142 3.842901
 0.000241 2.115766 3.803080 5.918846 4.079417
 0.000241 2.125734 3.801521 5.927255 4.290097
 0.000242 2.133338 3.799623 5.932961 4.436057
 0.000242 2.138409 3.797460 5.935869 4.511384
 0.000243 2.140109 3.795189 5.935297 4.496536
 0.000243 2.137746 3.792768 5.930514 4.373162
 0.000244 2.131666 3.790183 5.921848 4.154035
 0.000244 2.122047 3.787353 5.909400 3.849108
 0.000245 2.109695 3.784292 5.893987 3.487672
 0.000245 2.094935 3.781137 5.876071 3.089929
 0.000246 2.078933 3.777886 5.856819 2.689352
 0.000246 2.062765 3.774479 5.837244 2.310556
 0.000247 2.047545 3.770893 5.818438 1.973713
 0.000247 2.033960 3.767191 5.801151 1.687476
 0.000248 2.022934 3.763536 5.786470 1.461990
 0.000248 2.014511 3.759941 5.774452 1.289423
 0.000249 2.009171 3.756478 5.765649 1.169912
 0.000249 2.006946 3.753053 5.759999 1.096266
 0.000250 2.007678 3.749651 5.757329 1.062289
 0.000250 2.011101 3.746232 5.757332 1.062330
 0.000251 2.017327 3.742875 5.760202 1.098865
 0.000251 2.026021 3.739681 5.765702 1.170607
 0.000252 2.036489 3.736562 5.773051 1.270017
 0.000252 2.048101 3.733488 5.781589 1.390590
 0.000253 2.059803 3.730668 5.790471 1.521833
 0.000253 2.070989 3.728058 5.799047 1.654172
 0.000254 2.080476 3.725675 5.806151 1.767960
 0.000254 2.087054 3.723530 5.810585 1.840898
 0.000255 2.089843 3.721559 5.811402 1.854504
 0.000255 2.089134 3.719731 5.808865 1.812434
 0.000256 2.085529 3.717974 5.803502 1.725091
 0.000256 2.079438 3.716420 5.795858 1.604306
 0.000257 2.071706 3.715071 5.786777 1.466536
 0.000257 2.062879 3.713809 5.776688 1.320717
 0.000258 2.053294 3.712702 5.765996 1.174506
 0.000258 2.043626 3.711705 5.755331 1.037223
 0.000259 2.034898 3.710819 5.745717 0.920767
 0.000259 2.027538 3.710081 5.737619 0.828056
 0.000260 2.022502 3.709546 5.732048 0.767127
 0.000260 2.019761 3.709174 5.728935 0.734104
 0.000261 2.019520 3.708888 5.728408 0.728577
 0.000261 2.021682 3.708621 5.730303 0.748527
 0.000262 2.026356 3.708577 5.734933 0.798390
 0.000262 2.033167 3.708589 5.741756 0.874807
 0.000263 2.041873 3.708657 5.750530 0.978200
 0.000263 2.051914 3.708835 5.760749 1.105899
 0.000264 2.063075 3.709175 5.772250 1.258987
 0.000264 2.074387 3.709732 5.784119 1.427370
 0.000265 2.084936 3.710566 5.795502 1.598796
 0.000265 2.094553 3.711589 5.806143 1.767824
 0.000266 2.102175 3.712843 5.815018 1.915311
 0.000266 2.106925 3.714371 5.821296 2.023199
 0.000267 2.108340 3.716106 5.824446 2.078436
 0.000267 2.106591 3.718089 5.824680 2.082574
 0.000268 2.102302 3.720242 5.822543 2.044978
 0.000268 2.095996 3.722471 5.818467 1.974216
 0.000269 2.088276 3.724738 5.813015 1.881500
 0.000269 2.078982 3.727142 5.806123 1.767510
 0.000270 2.069055 3.729545 5.798600 1.647124
 0.000270 2.059858 3.732026 5.791884 1.543250
 0.000271 2.051785 3.734447 5.786232 1.458461
 0.000271 2.044876 3.736866 5.781743 1.392818
 0.000272 2.039720 3.739285 5.779005 1.353525
 0.000272 2.036351 3.741649 5.778001 1.339257
 0.000273 2.035506 3.743979 5.779485 1.360375
 0.000273 2.037146 3.746242 5.783388 1.416706
 0.000274 2.041041 3.748310 5.789351 1.504956
 0.000274 2.047069 3.750337 5.797406 1.628411
 0.000275 2.054868 3.752302 5.807170 1.784585
 0.000275 2.063978 3.754306 5.818284 1.971061
 0.000276 2.074135 3.756237 5.830372 2.184389
 0.000276 2.084335 3.758005 5.842340 2.406404
 0.000277 2.093572 3.759736 5.853308 2.619299
 0.000277 2.101423 3.761329 5.862752 2.809822
 0.000278 2.107347 3.762797 5.870144 2.963628
 0.000278 2.110946 3.764133 5.875079 3.068594
 0.000279 2.112315 3.765378 5.877693 3.124936
 0.000279 2.111027 3.766499 5.877526 3.121317
 0.000280 2.107597 3.767442 5.875039 3.067752
 0.000280 2.102215 3.768261 5.870476 2.970637
 0.000281 2.095390 3.768997 5.864387 2.843505
 0.000281 2.087921 3.769603 5.857524 2.703523
 0.000282 2.080202 3.769978 5.850180 2.557647
 0.000282 2.072925 3.770153 5.843077 2.420432
 0.000283 2.066778 3.770216 5.836994 2.305897
 0.000283 2.062201 3.770138 5.832339 2.220136
 0.000284 2.059872 3.769818 5.829690 2.172060
 0.000284 2.059520 3.769261 5.828782 2.155697
 0.000285 2.060740 3.768563 5.829303 2.165081
 0.000285 2.063830 3.767666 5.831496 2.204785
 0.000286 2.068787 3.766454 5.835241 2.273417
 0.000286 2.075447 3.765088 5.840535 2.372237
 0.000287 2.083195 3.763760 5.846955 2.494887
 0.000287 2.091658 3.762348 5.854006 2.633140
 0.000288 2.100551 3.760634 5.861186 2.777771
 0.000288 2.109249 3.758643 5.867892 2.916351
 0.000289 2.116897 3.756490 5.873387 3.032413
 0.000289 2.122996 3.754254 5.877250 3.115364
 0.000290 2.126948 3.751904 5.878852 3.150089
 0.000290 2.128297 3.749478 5.877775 3.126724
 0.000291 2.126979 3.746940 5.873919 3.043772
 0.000291 2.123140 3.744331 5.867471 2.907546
 0.000292 2.117314 3.741722 5.859037 2.734070
 0.000292 2.109497 3.739032 5.848529 2.525415
 0.000293 2.100464 3.736251 5.836715 2.300720
 0.000293 2.090753 3.733408 5.824161 2.073405
 0.000294 2.080964 3.730538 5.811501 1.856163
 0.000294 2.071808 3.727600 5.799409 1.659870
 0.000295 2.063631 3.724588 5.788218 1.487988
 0.000295 2.056797 3.721632 5.778429 1.345327
 0.000296 2.051657 3.718806 5.770463 1.234552
 0.000296 2.048395 3.716080 5.764475 1.154408
 0.000297 2.047129 3.713553 5.760682 1.105037
 0.000297 2.047835 3.711148 5.758983 1.083267
 0.000298 2.050510 3.708767 5.759277 1.087017
 0.000298 2.054723 3.706433 5.761156 1.111144
 0.000299 2.060286 3.704117 5.764403 1.153463
 0.000299 2.066680 3.701843 5.768523 1.208292
 0.000300 2.073357 3.699638 5.772995 1.269250
 0.000300 2.079460 3.697495 5.776954 1.324466
 0.000301 2.084420 3.695385 5.779805 1.364943
 0.000301 2.087762 3.693356 5.781118 1.383808
 0.000302 2.089044 3.691421 5.780464 1.374402
 0.000302 2.087888 3.689680 5.777568 1.333125
 0.000303 2.084041 3.688037 5.772078 1.256620
 0.000303 2.078008 3.686490 5.764498 1.154706
 0.000304 2.069990 3.684998 5.754988 1.032947
 0.000304 2.060576 3.683537 5.744113 0.902015
 0.000305 2.050609 3.682151 5.732760 0.774788
 0.000305 2.040885 3.680836 5.721721 0.660356
 0.000306 2.031791 3.679548 5.711339 0.561065
 0.000306 2.023747 3.678258 5.702006 0.478711
 0.000307 2.017534 3.677027 5.694561 0.417700
 0.000307 2.013476 3.675816 5.689292 0.377038
 0.000308 2.011699 3.674554 5.686253 0.354529
 0.000308 2.012391 3.673350 5.685741 0.350809
 0.000309 2.015873 3.672141 5.688014 0.367489
 0.000309 2.021500 3.670894 5.692394 0.400728
 0.000310 2.028969 3.669607 5.698576 0.450089
 0.000310 2.038141 3.668268 5.706410 0.516755
 0.000311 2.048143 3.666925 5.715069 0.595802
 0.000311 2.058306 3.665666 5.723973 0.682951
 0.000312 2.068397 3.664498 5.732895 0.776240
 0.000312 2.077842 3.663389 5.741232 0.868806
 0.000313 2.085775 3.662440 5.748215 0.950357
 0.000313 2.091622 3.661690 5.753313 1.012193
 0.000314 2.095026 3.660944 5.755970 1.045204
 0.000314 2.095889 3.660238 5.756127 1.047175
 0.000315 2.094683 3.659734 5.754417 1.025851
 0.000315 2.091676 3.659423 5.751099 0.985099
 0.000316 2.087128 3.659263 5.746391 0.928705
 0.000316 2.081516 3.659245 5.740760 0.863435
 0.000317 2.075451 3.659289 5.734740 0.796281
 0.000317 2.069183 3.659370 5.728553 0.730101
 0.000318 2.063550 3.659660 5.723210 0.675257
 0.000318 2.059018 3.660056 5.719073 0.634261
 0.000319 2.056361 3.660550 5.716912 0.613355
 0.000319 2.056094 3.661117 5.717211 0.616229
 0.000320 2.058308 3.661592 5.719900 0.642355
 0.000320 2.063285 3.662047 5.725332 0.696780
 0.000321 2.070727 3.662440 5.733167 0.779178
 0.000321 2.080843 3.662728 5.743571 0.895716
 0.000322 2.093126 3.663076 5.756202 1.048107
 0.000322 2.106597 3.663551 5.770147 1.230258
 0.000323 2.120668 3.663998 5.784666 1.435387
 0.000323 2.134817 3.664443 5.799260 1.657517
 0.000324 2.148070 3.664886 5.812956 1.880514
 0.000324 2.159846 3.665315 5.825161 2.091088
 0.000325 2.169014 3.665671 5.834685 2.263152
 0.000325 2.175130 3.665848 5.840978 2.380596
 0.000326 2.178446 3.665937 5.844384 2.445385
 0.000326 2.178707 3.665889 5.844596 2.449457
 0.000327 2.176177 3.665752 5.841929 2.398591
 0.000327 2.171756 3.665462 5.837218 2.310074
 0.000328 2.166184 3.665134 5.831319 2.201563
 0.000328 2.160274 3.664855 5.825129 2.090520
 0.000329 2.154374 3.664710 5.819084 1.984849
 0.000329 2.149517 3.664519 5.814036 1.898697
 0.000330 2.146358 3.664325 5.810683 1.842526
 0.000330 2.145342 3.664059 5.809402 1.821296
 0.000331 2.146629 3.663760 5.810389 1.837642
 0.000331 2.150023 3.663413 5.813436 1.888583
 0.000332 2.155230 3.663070 5.818301 1.971347
 0.000332 2.162145 3.662669 5.824814 2.084943
 0.000333 2.170528 3.662275 5.832803 2.228622
 0.000333 2.180548 3.661967 5.842515 2.409733
 0.000334 2.191719 3.661604 5.853323 2.619582
 0.000334 2.203171 3.661230 5.864401 2.843787
 0.000335 2.214316 3.660794 5.875110 3.069257
 0.000335 2.224861 3.660235 5.885096 3.287271
 0.000336 2.234462 3.659689 5.894151 3.491417
 0.000336 2.242646 3.659055 5.901701 3.666337
 0.000337 2.248823 3.658279 5.907102 3.794091
 0.000337 2.252876 3.657377 5.910254 3.869650
 0.000338 2.254834 3.656329 5.911164 3.891608
 0.000338 2.254992 3.655189 5.910181 3.867891
 0.000339 2.253479 3.653619 5.907098 3.793996
 0.000339 2.250994 3.651626 5.902620 3.687919
 0.000340 2.248393 3.649318 5.897710 3.573352
 0.000340 2.245797 3.646775 5.892572 3.455372
 0.000341 2.243173 3.644015 5.887188 3.333888
 0.000341 2.241246 3.641033 5.882279 3.225019
 0.000342 2.240603 3.637775 5.878378 3.139793
 0.000342 2.241505 3.634213 5.875718 3.082325
 0.000343 2.243843 3.630350 5.874193 3.049617
 0.000343 2.247553 3.626213 5.873766 3.040501
 0.000344 2.252668 3.621763 5.874430 3.054695
 0.000344 2.258656 3.617073 5.875729 3.082572
 0.000345 2.265640 3.612152 5.877792 3.127076
 0.000345 2.273318 3.607024 5.880341 3.182539
 0.000346 2.281014 3.601778 5.882792 3.236304
 0.000346 2.288958 3.596495 5.885453 3.295201
 0.000347 2.296740 3.591130 5.887870 3.349167
 0.000347 2.303814 3.585700 5.889514 3.386106
 0.000348 2.310139 3.580191 5.890330 3.404522
 0.000348 2.315062 3.574654 5.889716 3.390667
 0.000349 2.317821 3.569099 5.886920 3.327906
 0.000349 2.319337 3.563549 5.882886 3.238373
 0.000350 2.319323 3.557829 5.877151 3.113224
 0.000350 2.317418 3.552141 5.869559 2.951324
 0.000351 2.313865 3.546437 5.860302 2.759768
 0.000351 2.309395 3.540797 5.850191 2.557876
 0.000352 2.304159 3.535105 5.839264 2.348322
 0.000352 2.298437 3.529348 5.827785 2.137816
 0.000353 2.292845 3.523571 5.816415 1.939058
 0.000353 2.287685 3.517681 5.805366 1.755200
 0.000354 2.283577 3.511828 5.795405 1.597292
 0.000354 2.280130 3.506003 5.786133 1.456990
 0.000355 2.277551 3.500119 5.777670 1.334578
 0.000355 2.276350 3.494180 5.770530 1.235455
 0.000356 2.275967 3.488204 5.764171 1.150409
 0.000356 2.276623 3.482154 5.758777 1.080645
 0.000357 2.278611 3.476116 5.754727 1.029696
 0.000357 2.281723 3.469983 5.751706 0.992496
 0.000358 2.285718 3.463786 5.749504 0.965810
 0.000358 2.289787 3.457563 5.747351 0.940064
 0.000359 2.293918 3.451430 5.745348 0.916433
 0.000359 2.297644 3.445261 5.742904 0.888008
 0.000360 2.300585 3.439050 5.739634 0.850668
 0.000360 2.302517 3.432880 5.735397 0.803471
 0.000361 2.303081 3.426726 5.729806 0.743272
 0.000361 2.302207 3.420589 5.722796 0.671095
 0.000362 2.299976 3.414432 5.714408 0.589577
 0.000362 2.296534 3.408339 5.704874 0.503321
 0.000363 2.291983 3.402270 5.694253 0.415266
 0.000363 2.286642 3.396368 5.683010 0.331275
 0.000364 2.281131 3.390631 5.671762 0.256732
 0.000364 2.275663 3.385055 5.660718 0.192767
 0.000365 2.270197 3.379624 5.649822 0.138628
 0.000365 2.265586 3.374318 5.639904 0.097091
 0.000366 2.262135 3.369182 5.631317 0.067086
 0.000366 2.259902 3.364240 5.624142 0.046256
 0.000367 2.259217 3.359567 5.618784 0.033219
 0.000367 2.260030 3.355137 5.615167 0.025636
 0.000368 2.262123 3.350965 5.613088 0.021721
 0.000368 2.265622 3.346994 5.612616 0.020877
 0.000369 2.269965 3.343403 5.613368 0.022229
 0.000369 2.275003 3.340050 5.615053 0.025412
 0.000370 2.280700 3.337009 5.617709 0.030863
 0.000370 2.287204 3.334074 5.621278 0.039020
 0.000371 2.293769 3.331400 5.625169 0.049003
 0.000371 2.300246 3.328861 5.629107 0.060259
 0.000372 2.306497 3.326419 5.632916 0.072254
 0.000372 2.311958 3.324097 5.636054 0.082956
 0.000373 2.316613 3.321905 5.638518 0.091876
 0.000373 2.320949 3.319765 5.640714 0.100206
 0.000374 2.324632 3.317668 5.642300 0.106452
 0.000374 2.327553 3.315414 5.642967 0.109134
 0.000375 2.329894 3.313025 5.642919 0.108940
 0.000375 2.331838 3.310593 5.642430 0.106973
 0.000376 2.333705 3.307994 5.641698 0.104059
 0.000376 2.335553 3.305172 5.640726 0.100253
 0.000377 2.337431 3.302223 5.639654 0.096140
 0.000377 2.340057 3.299102 5.639159 0.094270
 0.000378 2.343376 3.295715 5.639091 0.094014
 0.000378 2.347183 3.292126 5.639309 0.094835
 0.000379 2.351716 3.288419 5.640134 0.097973
 0.000379 2.357236 3.284510 5.641746 0.104248
 0.000380 2.363596 3.280441 5.644037 0.113505
 0.000380 2.370776 3.276314 5.647090 0.126454
 0.000381 2.378080 3.272138 5.650219 0.140444
 0.000381 2.386084 3.267904 5.653988 0.158278
 0.000382 2.394547 3.263684 5.658231 0.179627
 0.000382 2.403135 3.259584 5.662719 0.203678
 0.000383 2.411794 3.255602 5.667396 0.230352
 0.000383 2.420285 3.251712 5.671997 0.258187
 0.000384 2.428109 3.247992 5.676102 0.284366
 0.000384 2.435236 3.244348 5.679585 0.307569
 0.000385 2.441562 3.240891 5.682452 0.327356
 0.000385 2.447127 3.237627 5.684754 0.343681
 0.000386 2.451872 3.234657 5.686530 0.356549
 0.000386 2.455921 3.232007 5.687928 0.366852
 0.000387 2.459005 3.229655 5.688660 0.372298
 0.000387 2.461672 3.227542 5.689214 0.376449
 0.000388 2.463990 3.225822 5.689812 0.380955
 0.000388 2.466261 3.224354 5.690615 0.387053
 0.000389 2.468858 3.222954 5.691812 0.396224
 0.000389 2.472323 3.221765 5.694088 0.413964
 0.000390 2.476194 3.220794 5.696987 0.437129
 0.000390 2.480632 3.219988 5.700620 0.467039
 0.000391 2.485303 3.219305 5.704608 0.501019
 0.000391 2.490707 3.218698 5.709405 0.543460
 0.000392 2.496290 3.218104 5.714394 0.589445
 0.000392 2.502067 3.217500 5.719568 0.639096
 0.000393 2.507640 3.216871 5.724511 0.688413
 0.000393 2.513169 3.216172 5.729341 0.738364
 0.000394 2.518688 3.215482 5.734170 0.790059
 0.000394 2.524120 3.214797 5.738917 0.842580
 0.000395 2.529096 3.214077 5.743173 0.891108
 0.000395 2.533120 3.213266 5.746386 0.928646
 0.000396 2.536347 3.212466 5.748813 0.957511
 0.000396 2.538433 3.211678 5.750110 0.973120
 0.000397 2.539412 3.210884 5.750296 0.975366
 0.000397 2.539243 3.210111 5.749354 0.964002
 0.000398 2.537770 3.209363 5.747133 0.937481
 0.000398 2.535071 3.208641 5.743711 0.897346
 0.000399 2.531899 3.208027 5.739927 0.853972
 0.000399 2.528654 3.207493 5.736148 0.811737
 0.000400 2.524868 3.207018 5.731886 0.765392
 0.000400 2.520500 3.206599 5.727099 0.714958
 0.000401 2.516633 3.206233 5.722866 0.671797
 0.000401 2.513167 3.205967 5.719134 0.634851
 0.000402 2.510106 3.205894 5.716000 0.604642
 0.000402 2.508071 3.205996 5.714068 0.586379
 0.000403 2.507199 3.206210 5.713409 0.580216
 0.000403 2.507208 3.206535 5.713743 0.583332
 0.000404 2.508538 3.207040 5.715578 0.600631
 0.000404 2.510818 3.207727 5.718545 0.629125
 0.000405 2.513450 3.208555 5.722006 0.663188
 0.000405 2.516170 3.209595 5.725765 0.701214
 0.000406 2.518875 3.210943 5.729819 0.743404
 0.000406 2.521381 3.212359 5.733740 0.785388
 0.000407 2.523771 3.213895 5.737667 0.828586
 0.000407 2.525144 3.215538 5.740682 0.862538
 0.000408 2.525439 3.217286 5.742726 0.885944
 0.000408 2.524394 3.219115 5.743510 0.895006
 0.000409 2.522054 3.220935 5.742989 0.888979
 0.000409 2.518115 3.222670 5.740785 0.863720
 0.000410 2.512638 3.224396 5.737034 0.821548
 0.000410 2.505942 3.226078 5.732020 0.766832
 0.000411 2.498268 3.227618 5.725886 0.702453
 0.000411 2.489575 3.228956 5.718531 0.628983
 0.000412 2.480266 3.230129 5.710395 0.552442
 0.000412 2.470853 3.231122 5.701976 0.478456
 0.000413 2.461704 3.231966 5.693670 0.410682
 0.000413 2.453005 3.232601 5.685606 0.349828
 0.000414 2.445397 3.233031 5.678428 0.299761
 0.000414 2.439001 3.233148 5.672149 0.259134
 0.000415 2.433819 3.233086 5.666905 0.227473
 0.000415 2.429914 3.232813 5.662727 0.203722
 0.000416 2.427845 3.232437 5.660282 0.190431
 0.000416 2.427665 3.232062 5.659726 0.187474
 0.000417 2.428864 3.231794 5.660658 0.192446
 0.000417 2.431502 3.231648 5.663151 0.206071
 0.000418 2.435515 3.231460 5.666975 0.227884
 0.000418 2.440442 3.231331 5.671774 0.256804
 0.000419 2.445834 3.231449 5.677283 0.292134
 0.000419 2.451101 3.231847 5.682948 0.330834
 0.000420 2.455882 3.232492 5.688374 0.370168
 0.000420 2.460070 3.233333 5.693403 0.408587
 0.000421 2.463322 3.234467 5.697788 0.443640
 0.000421 2.465216 3.235910 5.701126 0.471287
 0.000422 2.465277 3.237523 5.702800 0.485465
 0.000422 2.463838 3.239486 5.703324 0.489946
 0.000423 2.461329 3.241766 5.703095 0.487983
 0.000423 2.457648 3.244374 5.702022 0.478848
 0.000424 2.453345 3.247295 5.700639 0.467201
 0.000424 2.448844 3.250477 5.699321 0.456230
 0.000425 2.444651 3.253932 5.698583 0.450145
 0.000425 2.441141 3.257552 5.698693 0.451054
 0.000426 2.438314 3.261309 5.699624 0.458739
 0.000426 2.436696 3.265222 5.701918 0.477971
 0.000427 2.436176 3.269299 5.705474 0.508554
 0.000427 2.436296 3.273508 5.709805 0.547080
 0.000428 2.437445 3.277879 5.715324 0.598217
 0.000428 2.439298 3.282265 5.721563 0.658785
 0.000429 2.441412 3.286725 5.728137 0.725752
 0.000429 2.444036 3.291142 5.735178 0.801076
 0.000430 2.447031 3.295343 5.742373 0.881890
 0.000430 2.450226 3.299482 5.749707 0.968259
 0.000431 2.453163 3.303647 5.756810 1.055752
 0.000431 2.455472 3.307750 5.763222 1.137980
 0.000432 2.457264 3.311824 5.769088 1.215903
 0.000432 2.458709 3.315865 5.774574 1.291124
 0.000433 2.459799 3.319936 5.779735 1.363949
 0.000433 2.460451 3.324071 5.784522 1.433282
 0.000434 2.460620 3.328193 5.788813 1.496880
 0.000434 2.460626 3.332209 5.792835 1.557761
 0.000435 2.460939 3.336155 5.797094 1.623537
 0.000435 2.461629 3.340089 5.801718 1.696508
 0.000436 2.462822 3.344079 5.806901 1.780198
 0.000436 2.464612 3.348124 5.812736 1.876813
 0.000437 2.466886 3.352156 5.819042 1.984119
 0.000437 2.470061 3.356168 5.826229 2.110044
 0.000438 2.473796 3.360112 5.833908 2.248866
 0.000438 2.478304 3.363989 5.842293 2.405500
 0.000439 2.483466 3.367775 5.851241 2.578487
 0.000439 2.488725 3.371352 5.860077 2.755188
 0.000440 2.493800 3.374730 5.868530 2.929711
 0.000440 2.498403 3.377847 5.876250 3.093785
 0.000441 2.502006 3.380867 5.882873 3.238087
 0.000441 2.504757 3.383680 5.888438 3.361897
 0.000442 2.506393 3.386404 5.892797 3.460507
 0.000442 2.506609 3.389025 5.895634 3.525440
 0.000443 2.504872 3.391498 5.896369 3.542371
 0.000443 2.501070 3.393777 5.894847 3.507365
 0.000444 2.495480 3.395892 5.891372 3.428115
 0.000444 2.488378 3.397873 5.886252 3.312984
 0.000445 2.480035 3.399564 5.879599 3.166349
 0.000445 2.470742 3.400988 5.871730 2.997165
 0.000446 2.460703 3.402140 5.862843 2.811702
 0.000446 2.450459 3.403093 5.853552 2.624126
 0.000447 2.439984 3.403853 5.843837 2.434925
 0.000447 2.429798 3.404428 5.834226 2.254720
 0.000448 2.420482 3.404875 5.825357 2.094554
 0.000448 2.412509 3.405162 5.817672 1.960546
 0.000449 2.406294 3.405250 5.811545 1.856883
 0.000449 2.401617 3.405070 5.806687 1.776705
 0.000450 2.398273 3.404689 5.802962 1.716416
 0.000450 2.396709 3.404040 5.800749 1.681091
 0.000451 2.396954 3.403347 5.800301 1.673975
 0.000451 2.398644 3.402575 5.801220 1.688569
 0.000452 2.401249 3.401732 5.802981 1.716707
 0.000452 2.404519 3.400915 5.805433 1.756291
 0.000453 2.407887 3.400095 5.807982 1.797899
 0.000453 2.410856 3.399325 5.810182 1.834209
 0.000454 2.412975 3.398612 5.811587 1.857592
 0.000454 2.413848 3.397966 5.811814 1.861388
 0.000455 2.412351 3.397496 5.809847 1.828653
 0.000455 2.408443 3.397249 5.805692 1.760500
 0.000456 2.402641 3.397171 5.799812 1.666231
 0.000456 2.395255 3.397191 5.792446 1.551822
 0.000457 2.386283 3.397239 5.783522 1.418657
 0.000457 2.376328 3.397357 5.773685 1.278789
 0.000458 2.365468 3.397604 5.763072 1.136020
 0.000458 2.354453 3.398027 5.752481 1.001967
 0.000459 2.343934 3.398542 5.742476 0.883066
 0.000459 2.333985 3.399162 5.733147 0.778964
 0.000460 2.324700 3.399856 5.724556 0.688871
 0.000460 2.317104 3.400607 5.717711 0.621047
 0.000461 2.311130 3.401450 5.712580 0.572509
 0.000461 2.307310 3.402301 5.709611 0.545326
 0.000462 2.305270 3.403134 5.708404 0.534468
 0.000462 2.304946 3.403978 5.708924 0.539131
 0.000463 2.306177 3.404813 5.710990 0.557868
 0.000463 2.308596 3.405614 5.714209 0.587708
 0.000464 2.311691 3.406419 5.718110 0.624906
 0.000464 2.315032 3.407227 5.722260 0.665724
 0.000465 2.318117 3.408073 5.726190 0.705576
 0.000465 2.320214 3.408921 5.729135 0.736206
 0.000466 2.321200 3.409798 5.730997 0.755899
 0.000466 2.320813 3.410687 5.731500 0.761261
 0.000467 2.318327 3.411562 5.729888 0.744139
 0.000467 2.313886 3.412421 5.726307 0.706784
 0.000468 2.307937 3.413321 5.721258 0.655756
 0.000468 2.300980 3.414180 5.715160 0.596666
 0.000469 2.293328 3.415002 5.708330 0.533800
 0.000469 2.285094 3.415782 5.700877 0.469193
 0.000470 2.276781 3.416546 5.693327 0.407991
 0.000470 2.268636 3.417327 5.685963 0.352418
 0.000471 2.260757 3.418037 5.678793 0.302216
 0.000471 2.254089 3.418656 5.672745 0.262865
 0.000472 2.248407 3.419298 5.667704 0.232168
 0.000472 2.244212 3.419902 5.664114 0.211463
 0.000473 2.241785 3.420462 5.662247 0.201080
 0.000473 2.240726 3.421051 5.661778 0.198509
 0.000474 2.240669 3.421645 5.662314 0.201445
 0.000474 2.241837 3.422229 5.664066 0.211190
 0.000475 2.244282 3.422799 5.667082 0.228508
 0.000475 2.247874 3.423335 5.671209 0.253308
 0.000476 2.251840 3.423890 5.675731 0.281947
 0.000476 2.256466 3.424435 5.680901 0.316577
 0.000477 2.261378 3.424912 5.686289 0.354795
 0.000477 2.265875 3.425216 5.691091 0.390688
 0.000478 2.269549 3.425508 5.695058 0.421644
 0.000478 2.271977 3.425824 5.697801 0.443740
 0.000479 2.273407 3.426100 5.699507 0.457768
 0.000479 2.273694 3.426293 5.699987 0.461759
 0.000480 2.273078 3.426436 5.699514 0.457826
 0.000480 2.272015 3.426509 5.698524 0.449664
 0.000481 2.270697 3.426502 5.697199 0.438845
 0.000481 2.269411 3.426401 5.695813 0.427671
 0.000482 2.268630 3.426216 5.694847 0.419967
 0.000482 2.268558 3.426030 5.694587 0.417912
 0.000483 2.269364 3.425863 5.695226 0.422986
 0.000483 2.271159 3.425632 5.696792 0.435546
 0.000484 2.274382 3.425346 5.699728 0.459601
 0.000484 2.279243 3.424996 5.704239 0.497824
 0.000485 2.285439 3.424571 5.710010 0.548944
 0.000485 2.292714 3.424074 5.716789 0.612175
 0.000486 2.300513 3.423565 5.724077 0.684012
 0.000486 2.308849 3.423165 5.732013 0.766757
 0.000487 2.317818 3.422698 5.740516 0.860660
 0.000487 2.326915 3.422091 5.749006 0.959821
 0.000488 2.335849 3.421461 5.757309 1.062040
 0.000488 2.343752 3.420728 5.764480 1.154475
 0.000489 2.350706 3.419990 5.770696 1.237718
 0.000489 2.356844 3.419174 5.776018 1.311299
 0.000490 2.361853 3.418408 5.780261 1.371481
 0.000490 2.365698 3.417775 5.783472 1.417930
 0.000491 2.368306 3.417116 5.785422 1.446498
 0.000491 2.369581 3.416474 5.786055 1.455850
 0.000492 2.369288 3.415802 5.785090 1.441626
 0.000492 2.367794 3.415191 5.782985 1.410831
 0.000493 2.365644 3.414510 5.780155 1.369960
 0.000493 2.362513 3.413759 5.776272 1.314865
 0.000494 2.358643 3.412879 5.771522 1.249005
 0.000494 2.354033 3.412062 5.766095 1.175826
 0.000495 2.348948 3.411172 5.760120 1.097808
 0.000495 2.343494 3.410259 5.753753 1.017622
 0.000496 2.338026 3.409389 5.747415 0.940826
 0.000496 2.332545 3.408502 5.741046 0.866691
 0.000497 2.327562 3.407723 5.735284 0.802239
 0.000497 2.322842 3.406854 5.729696 0.742113
 0.000498 2.318580 3.405906 5.724486 0.688159
 0.000498 2.314634 3.404855 5.719489 0.638326
 0.000499 2.310753 3.403689 5.714442 0.589889
 0.000499 2.306658 3.402392 5.709050 0.540265
 0.000500 2.302596 3.400945 5.703541 0.491808
