#! FIELDS time dAB dAC rc bias
 0.000000 2.428201 2.208175 4.636376 3.934415
 0.000000 2.429898 2.218778 4.648675 4.286984
 0.000001 2.431298 2.228711 4.660010 4.625289
 0.000001 2.432467 2.237503 4.669970 4.933187
 0.000002 2.433277 2.244747 4.678024 5.189424
 0.000002 2.433835 2.250136 4.683971 5.382779
 0.000003 2.434095 2.253941 4.688036 5.516987
 0.000003 2.433968 2.256101 4.690069 5.584714
 0.000004 2.433517 2.256999 4.690516 5.599655
 0.000004 2.432755 2.257578 4.690333 5.593531
 0.000005 2.431543 2.258729 4.690272 5.591502
 0.000005 2.429803 2.260524 4.690326 5.593311
 0.000006 2.427599 2.262868 4.690467 5.598024
 0.000006 2.424822 2.265721 4.690543 5.600579
 0.000007 2.421589 2.268920 4.690508 5.599406
 0.000007 2.417746 2.272680 4.690425 5.596623
 0.000008 2.413325 2.277273 4.690598 5.602391
 0.000008 2.408239 2.282081 4.690321 5.593125
 0.000009 2.402761 2.286889 4.689650 5.570713
 0.000009 2.396997 2.291592 4.688589 5.535344
 0.000010 2.390887 2.296017 4.686904 5.479449
 0.000010 2.384573 2.299587 4.684160 5.388972
 0.000011 2.378072 2.301352 4.679424 5.234610
 0.000011 2.371483 2.301162 4.672645 5.017578
 0.000012 2.364969 2.299032 4.664001 4.747484
 0.000012 2.358582 2.295064 4.653647 4.433781
 0.000013 2.352452 2.289730 4.642182 4.098945
 0.000013 2.346383 2.283511 4.629894 3.754668
 0.000014 2.340266 2.277228 4.617493 3.422545
 0.000014 2.334102 2.270776 4.604877 3.100432
 0.000015 2.327877 2.264846 4.592723 2.805164
 0.000015 2.321491 2.259680 4.581171 2.538211
 0.000016 2.314964 2.256046 4.571010 2.314427
 0.000016 2.308428 2.254059 4.562488 2.134707
 0.000017 2.301798 2.253076 4.554874 1.980279
 0.000017 2.295194 2.252765 4.547959 1.845062
 0.000018 2.288715 2.253359 4.542074 1.733737
 0.000018 2.282494 2.254491 4.536985 1.640279
 0.000019 2.276603 2.255448 4.532051 1.552123
 0.000019 2.271198 2.255592 4.526790 1.460815
 0.000020 2.266425 2.254331 4.520756 1.359501
 0.000020 2.262242 2.251199 4.513440 1.241544
 0.000021 2.258645 2.246101 4.504746 1.108315
 0.000021 2.255805 2.238828 4.494634 0.962876
 0.000022 2.253744 2.229658 4.483402 0.813327
 0.000022 2.252628 2.219158 4.471786 0.671917
 0.000023 2.252309 2.207778 4.460087 0.543140
 0.000023 2.252856 2.196568 4.449424 0.437692
 0.000024 2.254183 2.186288 4.440470 0.357928
 0.000024 2.256348 2.177503 4.433851 0.304113
 0.000025 2.259139 2.170817 4.429956 0.274494
 0.000025 2.262378 2.166523 4.428901 0.266736
 0.000026 2.265962 2.164849 4.430811 0.280870
 0.000026 2.269993 2.165507 4.435500 0.317110
 0.000027 2.274527 2.168428 4.442954 0.379253
 0.000027 2.279385 2.173682 4.453066 0.472434
 0.000028 2.284742 2.181113 4.465855 0.604919
 0.000028 2.290822 2.190288 4.481111 0.784364
 0.000029 2.297484 2.200600 4.498084 1.011359
 0.000029 2.304642 2.211036 4.515677 1.277047
 0.000030 2.312127 2.221150 4.533277 1.573795
 0.000030 2.320061 2.229846 4.549907 1.882664
 0.000031 2.328506 2.236537 4.565043 2.187834
 0.000031 2.337427 2.241389 4.578817 2.485442
 0.000032 2.346727 2.244877 4.591603 2.778697
 0.000032 2.356178 2.247504 4.603682 3.070727
 0.000033 2.365733 2.250132 4.615865 3.380067
 0.000033 2.375155 2.253184 4.628339 3.712195
 0.000034 2.384435 2.256567 4.641001 4.065224
 0.000034 2.393465 2.260644 4.654109 4.447556
 0.000035 2.402201 2.265489 4.667690 4.861842
 0.000035 2.410508 2.270801 4.681308 5.295760
 0.000036 2.418306 2.276627 4.694934 5.748475
 0.000036 2.425556 2.282973 4.708528 6.218679
 0.000037 2.432269 2.289450 4.721719 6.692560
 0.000037 2.438490 2.295456 4.733946 7.147377
 0.000038 2.444246 2.300662 4.744908 7.567829
 0.000038 2.449522 2.304218 4.753740 7.915341
 0.000039 2.454262 2.305932 4.760194 8.174209
 0.000039 2.458780 2.305012 4.763792 8.320324
 0.000040 2.463003 2.300773 4.763776 8.319687
 0.000040 2.467018 2.293249 4.760267 8.177169
 0.000041 2.470741 2.282471 4.753212 7.894360
 0.000041 2.474232 2.268940 4.743172 7.500460
 0.000042 2.477515 2.253516 4.731031 7.037583
 0.000042 2.480382 2.237047 4.717429 6.536535
 0.000043 2.482899 2.220524 4.703423 6.039934
 0.000043 2.484895 2.204630 4.689525 5.566555
 0.000044 2.486134 2.190317 4.676452 5.138891
 0.000044 2.486596 2.177701 4.664296 4.756588
 0.000045 2.486393 2.167582 4.653975 4.443567
 0.000045 2.485531 2.160187 4.645718 4.200835
 0.000046 2.484017 2.155444 4.639460 4.021392
 0.000046 2.481910 2.153458 4.635368 3.906175
 0.000047 2.479363 2.154108 4.633471 3.853344
 0.000047 2.476349 2.156870 4.633219 3.846335
 0.000048 2.472877 2.160923 4.633800 3.862470
 0.000048 2.469145 2.165724 4.634869 3.892237
 0.000049 2.465218 2.170640 4.635858 3.919896
 0.000049 2.461244 2.174503 4.635748 3.916801
 0.000050 2.457430 2.176942 4.634371 3.878368
 0.000050 2.453614 2.177961 4.631575 3.800891
 0.000051 2.449665 2.177474 4.627139 3.679555
 0.000051 2.445548 2.176192 4.621740 3.534556
 0.000052 2.441362 2.174756 4.616118 3.386670
 0.000052 2.436944 2.173739 4.610683 3.246679
 0.000053 2.432215 2.173267 4.605482 3.115515
 0.000053 2.427257 2.174168 4.601426 3.015071
 0.000054 2.422054 2.176516 4.598570 2.945360
 0.000054 2.416744 2.180012 4.596756 2.901496
 0.000055 2.411362 2.184855 4.596217 2.888528
 0.000055 2.405916 2.190864 4.596779 2.902054
 0.000056 2.400649 2.197471 4.598119 2.934429
 0.000056 2.395747 2.204337 4.600085 2.982234
 0.000057 2.391184 2.210942 4.602126 3.032284
 0.000057 2.387036 2.217074 4.604110 3.081353
 0.000058 2.383496 2.222068 4.605564 3.117554
 0.000058 2.380489 2.225441 4.605930 3.126698
 0.000059 2.378059 2.226536 4.604594 3.093389
 0.000059 2.376211 2.225106 4.601317 3.012405
 0.000060 2.375152 2.220824 4.595976 2.882740
 0.000060 2.374698 2.213851 4.588549 2.707170
 0.000061 2.374810 2.205151 4.579961 2.511016
 0.000061 2.375351 2.195546 4.570896 2.311984
 0.000062 2.376207 2.185365 4.561572 2.115821
 0.000062 2.377331 2.175316 4.552648 1.936232
 0.000063 2.378717 2.165697 4.544414 1.777589
 0.000063 2.380068 2.156618 4.536686 1.634868
 0.000064 2.381525 2.148356 4.529880 1.514119
 0.000064 2.383172 2.141425 4.524597 1.423576
 0.000065 2.385062 2.135912 4.520974 1.363098
 0.000065 2.387157 2.132010 4.519168 1.333436
 0.000066 2.389463 2.129035 4.518498 1.322520
 0.000066 2.392077 2.127098 4.519175 1.333557
 0.000067 2.395125 2.125894 4.521018 1.363832
 0.000067 2.398645 2.124894 4.523539 1.405778
 0.000068 2.402540 2.123754 4.526294 1.452350
 0.000068 2.406881 2.121845 4.528727 1.494108
 0.000069 2.411522 2.118663 4.530184 1.519412
 0.000069 2.416540 2.113840 4.530380 1.522831
 0.000070 2.421880 2.107463 4.529343 1.504787
 0.000070 2.427329 2.100081 4.527410 1.471436
 0.000071 2.432660 2.091766 4.524426 1.420692
 0.000071 2.437969 2.083556 4.521524 1.372202
 0.000072 2.443067 2.076041 4.519108 1.332455
 0.000072 2.447967 2.069416 4.517383 1.304448
 0.000073 2.452594 2.064301 4.516894 1.296571
 0.000073 2.456901 2.060585 4.517486 1.306116
 0.000074 2.460868 2.058204 4.519072 1.331875
 0.000074 2.464482 2.057986 4.522468 1.387885
 0.000075 2.467874 2.059789 4.527663 1.475773
 0.000075 2.471062 2.063496 4.534558 1.596619
 0.000076 2.474065 2.068640 4.542705 1.745517
 0.000076 2.476878 2.074596 4.551474 1.913201
 0.000077 2.479747 2.080492 4.560240 2.088514
 0.000077 2.482793 2.085739 4.568532 2.261425
 0.000078 2.485906 2.089560 4.575466 2.411290
 0.000078 2.489080 2.091796 4.580876 2.531555
 0.000079 2.492373 2.091843 4.584217 2.607287
 0.000079 2.495753 2.089864 4.585617 2.639363
 0.000080 2.499195 2.086734 4.585929 2.646537
 0.000080 2.502641 2.083051 4.585692 2.641100
 0.000081 2.505941 2.079621 4.585562 2.638095
 0.000081 2.509127 2.077307 4.586434 2.658170
 0.000082 2.512265 2.076540 4.588804 2.713107
 0.000082 2.515267 2.077988 4.593255 2.817767
 0.000083 2.518257 2.082254 4.600511 2.992654
 0.000083 2.521302 2.089192 4.610494 3.241871
 0.000084 2.524299 2.098237 4.622536 3.555745
 0.000084 2.527241 2.109531 4.636772 3.945530
 0.000085 2.530308 2.122238 4.652546 4.401067
 0.000085 2.533567 2.136118 4.669685 4.924256
 0.000086 2.537046 2.150331 4.687378 5.495132
 0.000086 2.540762 2.164180 4.704942 6.092839
 0.000087 2.544761 2.176499 4.721260 6.675770
 0.000087 2.549014 2.186821 4.735834 7.218940
 0.000088 2.553607 2.194808 4.748415 7.704873
 0.000088 2.558346 2.199844 4.758190 8.093395
 0.000089 2.563130 2.202297 4.765427 8.387160
 0.000089 2.567806 2.202484 4.770290 8.587531
 0.000090 2.572194 2.200722 4.772916 8.696699
 0.000090 2.576139 2.197141 4.773280 8.711880
 0.000091 2.579793 2.192186 4.771979 8.657679
 0.000091 2.583060 2.186181 4.769241 8.544099
 0.000092 2.585896 2.179312 4.765207 8.378182
 0.000092 2.588332 2.171940 4.760272 8.177354
 0.000093 2.590359 2.163789 4.754148 7.931594
 0.000093 2.592123 2.154934 4.747058 7.651695
 0.000094 2.593852 2.145132 4.738984 7.339134
 0.000094 2.595528 2.134524 4.730052 7.000924
 0.000095 2.597021 2.123508 4.720529 6.649097
 0.000095 2.598490 2.112298 4.710788 6.298610
 0.000096 2.599985 2.100912 4.700897 5.952449
 0.000096 2.601339 2.088910 4.690249 5.590740
 0.000097 2.602574 2.076000 4.678574 5.207146
 0.000097 2.603779 2.062396 4.666175 4.814696
 0.000098 2.604843 2.047640 4.652483 4.399195
 0.000098 2.605830 2.032039 4.637869 3.976383
 0.000099 2.606525 2.015971 4.622496 3.554684
 0.000099 2.606836 1.999929 4.606765 3.147624
 0.000100 2.606760 1.984439 4.591198 2.769157
 0.000100 2.606398 1.970194 4.576592 2.436080
 0.000101 2.605636 1.957449 4.563085 2.147073
 0.000101 2.604437 1.946606 4.551043 1.904778
 0.000102 2.602879 1.938045 4.540924 1.712392
 0.000102 2.601104 1.931945 4.533049 1.569768
 0.000103 2.599120 1.928717 4.527837 1.478766
 0.000103 2.596854 1.927853 4.524707 1.425435
 0.000104 2.594302 1.929346 4.523648 1.407604
 0.000104 2.591661 1.933110 4.524771 1.426504
 0.000105 2.588891 1.938692 4.527582 1.474391
 0.000105 2.586222 1.945133 4.531355 1.539890
 0.000106 2.583484 1.952159 4.535642 1.616049
 0.000106 2.580665 1.959142 4.539806 1.691776
 0.000107 2.577746 1.965381 4.543127 1.753417
 0.000107 2.574908 1.971112 4.546020 1.808001
 0.000108 2.572025 1.975842 4.547867 1.843292
 0.000108 2.569094 1.979875 4.548969 1.864513
 0.000109 2.565941 1.983583 4.549524 1.875245
 0.000109 2.562664 1.987198 4.549862 1.881808
 0.000110 2.559274 1.990908 4.550181 1.888001
 0.000110 2.555727 1.995019 4.550745 1.898975
 0.000111 2.552154 1.999873 4.552027 1.924027
 0.000111 2.548603 2.005502 4.554105 1.965012
 0.000112 2.545273 2.012150 4.557424 2.031357
 0.000112 2.542214 2.019810 4.562025 2.125150
 0.000113 2.539381 2.028768 4.568149 2.253285
 0.000113 2.536938 2.038721 4.575659 2.415538
 0.000114 2.534985 2.049251 4.584236 2.607734
 0.000114 2.533512 2.060305 4.593816 2.831112
 0.000115 2.532389 2.071705 4.604094 3.080944
 0.000115 2.531648 2.082567 4.614215 3.337323
 0.000116 2.531384 2.092319 4.623702 3.586923
 0.000116 2.531503 2.100544 4.632047 3.813910
 0.000117 2.531928 2.107412 4.639340 4.017988
 0.000117 2.532539 2.112961 4.645500 4.194511
 0.000118 2.533171 2.117171 4.650342 4.335917
 0.000118 2.533640 2.119798 4.653438 4.427575
 0.000119 2.533887 2.121184 4.655071 4.476295
 0.000119 2.533924 2.121673 4.655597 4.492062
 0.000120 2.533715 2.121442 4.655157 4.478867
 0.000120 2.533351 2.120599 4.653950 4.442830
 0.000121 2.532722 2.119634 4.652356 4.395430
 0.000121 2.532018 2.118867 4.650885 4.351925
 0.000122 2.531396 2.118609 4.650005 4.326007
 0.000122 2.530928 2.118958 4.649886 4.322495
 0.000123 2.530566 2.120220 4.650785 4.348990
 0.000123 2.530428 2.122506 4.652934 4.412595
 0.000124 2.530247 2.125438 4.655685 4.494692
 0.000124 2.530081 2.128815 4.658896 4.591479
 0.000125 2.530018 2.132296 4.662313 4.695622
 0.000125 2.529930 2.135527 4.665457 4.792465
 0.000126 2.529705 2.138269 4.667974 4.870695
 0.000126 2.529323 2.140235 4.669559 4.920273
 0.000127 2.528688 2.141269 4.669957 4.932776
 0.000127 2.527704 2.141091 4.668795 4.896355
 0.000128 2.526198 2.139659 4.665856 4.804817
 0.000128 2.524285 2.137544 4.661830 4.680808
 0.000129 2.522085 2.135098 4.657183 4.539718
 0.000129 2.519552 2.132747 4.652299 4.393730
 0.000130 2.516754 2.130426 4.647181 4.243322
 0.000130 2.513749 2.128409 4.642158 4.098263
 0.000131 2.510576 2.127410 4.637985 3.979681
 0.000131 2.507332 2.127966 4.635298 3.904231
 0.000132 2.504049 2.129560 4.633609 3.857175
 0.000132 2.500574 2.132435 4.633009 3.840527
 0.000133 2.496919 2.136361 4.633281 3.848051
 0.000133 2.493335 2.141135 4.634470 3.881124
 0.000134 2.489746 2.146365 4.636111 3.926974
 0.000134 2.486196 2.151879 4.638075 3.982215
 0.000135 2.482654 2.157896 4.640550 4.052367
 0.000135 2.479009 2.163946 4.642954 4.121099
 0.000136 2.475031 2.169966 4.644997 4.179947
 0.000136 2.470802 2.175268 4.646070 4.211034
 0.000137 2.466349 2.179499 4.645848 4.204579
 0.000137 2.461673 2.182419 4.644092 4.153815
 0.000138 2.456673 2.184196 4.640868 4.061426
 0.000138 2.451463 2.184935 4.636399 3.935037
 0.000139 2.446103 2.184759 4.630861 3.781228
 0.000139 2.440716 2.183823 4.624540 3.609384
 0.000140 2.435241 2.182294 4.617536 3.423653
 0.000140 2.429849 2.180030 4.609879 3.226230
 0.000141 2.424663 2.176887 4.601551 3.018150
 0.000141 2.419812 2.173023 4.592835 2.807818
 0.000142 2.415175 2.168417 4.583591 2.593029
 0.000142 2.410781 2.163337 4.574118 2.381787
 0.000143 2.406677 2.158393 4.565070 2.188391
 0.000143 2.402883 2.153106 4.555990 2.002551
 0.000144 2.399445 2.147910 4.547355 1.833481
 0.000144 2.396173 2.143130 4.539303 1.682521
 0.000145 2.393112 2.138660 4.531773 1.547227
 0.000145 2.390254 2.134861 4.525115 1.432328
 0.000146 2.387802 2.131597 4.519399 1.337220
 0.000146 2.385674 2.128395 4.514068 1.251463
 0.000147 2.383775 2.125200 4.508975 1.172181
 0.000147 2.382168 2.122214 4.504383 1.102917
 0.000148 2.380816 2.119511 4.500327 1.043500
 0.000148 2.379873 2.117460 4.497332 1.000694
 0.000149 2.379227 2.116349 4.495576 0.976001
 0.000149 2.378957 2.116463 4.495421 0.973828
 0.000150 2.379171 2.117621 4.496792 0.993059
 0.000150 2.379808 2.120098 4.499905 1.037424
 0.000151 2.380869 2.123818 4.504686 1.107435
 0.000151 2.382346 2.128739 4.511085 1.204708
 0.000152 2.384276 2.134928 4.519204 1.334024
 0.000152 2.386656 2.142805 4.529461 1.506835
 0.000153 2.389475 2.151574 4.541048 1.714697
 0.000153 2.392511 2.160833 4.553344 1.949956
 0.000154 2.395666 2.170387 4.566053 2.209016
 0.000154 2.398948 2.179697 4.578645 2.481621
 0.000155 2.402411 2.188184 4.590596 2.754998
 0.000155 2.406034 2.195075 4.601110 3.007318
 0.000156 2.409618 2.199961 4.609579 3.218608
 0.000156 2.413257 2.202968 4.616225 3.389437
 0.000157 2.416796 2.203434 4.620230 3.494524
 0.000157 2.420174 2.201812 4.621986 3.541110
 0.000158 2.423682 2.198471 4.622153 3.545542
 0.000158 2.427309 2.193531 4.620840 3.510655
 0.000159 2.431011 2.187862 4.618873 3.458745
 0.000159 2.434922 2.181613 4.616534 3.397504
 0.000160 2.439008 2.175123 4.614131 3.335140
 0.000160 2.443159 2.168328 4.611487 3.267207
 0.000161 2.447368 2.161785 4.609153 3.207818
 0.000161 2.451554 2.155344 4.606898 3.150962
 0.000162 2.455604 2.149236 4.604840 3.099491
 0.000162 2.459527 2.144284 4.603810 3.073919
 0.000163 2.463438 2.140046 4.603484 3.065840
 0.000163 2.467291 2.136843 4.604134 3.081943
 0.000164 2.470924 2.134307 4.605231 3.109250
 0.000164 2.474278 2.132411 4.606689 3.145718
 0.000165 2.477410 2.130594 4.608003 3.178763
 0.000165 2.480077 2.128819 4.608896 3.201314
 0.000166 2.482319 2.126746 4.609065 3.205583
 0.000166 2.484210 2.124335 4.608545 3.192444
 0.000167 2.485873 2.121432 4.607306 3.161190
 0.000167 2.487267 2.118163 4.605430 3.114210
 0.000168 2.488447 2.114506 4.602953 3.052699
 0.000168 2.489565 2.110910 4.600474 2.991760
 0.000169 2.490695 2.107650 4.598345 2.939900
 0.000169 2.491776 2.104370 4.596145 2.886804
 0.000170 2.492797 2.101761 4.594558 2.848789
 0.000170 2.493719 2.099484 4.593203 2.816533
 0.000171 2.494484 2.097663 4.592147 2.791528
 0.000171 2.494978 2.096895 4.591873 2.785056
 0.000172 2.495196 2.096947 4.592142 2.791415
 0.000172 2.495220 2.097393 4.592613 2.802549
 0.000173 2.494981 2.098326 4.593307 2.819005
 0.000173 2.494506 2.099477 4.593983 2.835080
 0.000174 2.493750 2.100338 4.594088 2.837582
 0.000174 2.492592 2.100125 4.592718 2.805025
 0.000175 2.491128 2.098422 4.589550 2.730502
 0.000175 2.489551 2.094970 4.584521 2.614240
 0.000176 2.487933 2.089810 4.577743 2.461559
 0.000176 2.486207 2.082928 4.569135 2.274263
 0.000177 2.484416 2.075041 4.559458 2.072561
 0.000177 2.482787 2.066554 4.549340 1.871695
 0.000178 2.481232 2.057757 4.538989 1.676769
 0.000178 2.479877 2.049097 4.528974 1.498391
 0.000179 2.478736 2.041600 4.520336 1.352591
 0.000179 2.477662 2.035985 4.513647 1.244803
 0.000180 2.476836 2.032978 4.509814 1.185058
 0.000180 2.476139 2.032929 4.509069 1.173612
 0.000181 2.475659 2.036001 4.511660 1.213648
 0.000181 2.475207 2.042011 4.517217 1.301776
 0.000182 2.474858 2.050644 4.525502 1.438888
 0.000182 2.474437 2.061474 4.535911 1.620876
 0.000183 2.474113 2.074207 4.548321 1.852015
 0.000183 2.473821 2.088693 4.562513 2.135238
 0.000184 2.473423 2.104016 4.577439 2.454816
 0.000184 2.472969 2.119118 4.592087 2.790118
 0.000185 2.472634 2.133674 4.606308 3.136167
 0.000185 2.472484 2.147978 4.620462 3.500655
 0.000186 2.472381 2.161277 4.633658 3.858527
 0.000186 2.472400 2.172996 4.645396 4.191507
 0.000187 2.472466 2.183804 4.656270 4.512251
 0.000187 2.472685 2.193775 4.666460 4.823553
 0.000188 2.473015 2.202723 4.675738 5.116017
 0.000188 2.473296 2.210918 4.684214 5.390750
 0.000189 2.473726 2.217988 4.691714 5.639827
 0.000189 2.474167 2.224247 4.698414 5.867088
 0.000190 2.474511 2.229455 4.703967 6.058835
 0.000190 2.474872 2.233620 4.708492 6.217381
 0.000191 2.475122 2.236459 4.711581 6.326805
 0.000191 2.475169 2.238206 4.713375 6.390784
 0.000192 2.474897 2.238116 4.713013 6.377856
 0.000192 2.474343 2.236473 4.710816 6.299625
 0.000193 2.473520 2.232741 4.706261 6.138974
 0.000193 2.472443 2.227196 4.699639 5.909126
 0.000194 2.471243 2.219863 4.691106 5.619428
 0.000194 2.469852 2.210773 4.680626 5.273566
 0.000195 2.468376 2.199979 4.668355 4.882598
 0.000195 2.466933 2.188055 4.654988 4.473820
 0.000196 2.465696 2.175508 4.641203 4.070978
 0.000196 2.464636 2.162581 4.627217 3.681671
 0.000197 2.463743 2.149891 4.613635 3.322337
 0.000197 2.463000 2.137895 4.600894 3.002041
 0.000198 2.462380 2.127726 4.590106 2.743502
 0.000198 2.461941 2.119351 4.581293 2.540947
 0.000199 2.461677 2.113514 4.575190 2.405247
 0.000199 2.461413 2.110394 4.571808 2.331623
 0.000200 2.461141 2.110073 4.571214 2.318832
 0.000200 2.460967 2.112223 4.573190 2.361561
 0.000201 2.460832 2.116721 4.577553 2.457346
 0.000201 2.460552 2.123364 4.583916 2.600435
 0.000202 2.460180 2.131184 4.591364 2.773058
 0.000202 2.459811 2.139562 4.599373 2.964875
 0.000203 2.459405 2.147726 4.607131 3.156794
 0.000203 2.459034 2.154674 4.613708 3.324223
 0.000204 2.458754 2.159594 4.618348 3.444934
 0.000204 2.458686 2.161980 4.620666 3.506053
 0.000205 2.458856 2.162162 4.621018 3.515381
 0.000205 2.459065 2.160174 4.619239 3.468375
 0.000206 2.459382 2.156597 4.615979 3.383031
 0.000206 2.459825 2.151776 4.611601 3.270130
 0.000207 2.460384 2.145840 4.606224 3.134056
 0.000207 2.461117 2.139022 4.600139 2.983561
 0.000208 2.461900 2.132134 4.594034 2.836305
 0.000208 2.462662 2.125681 4.588343 2.702375
 0.000209 2.463402 2.119889 4.583291 2.586203
 0.000209 2.464126 2.115064 4.579191 2.493783
 0.000210 2.464747 2.111016 4.575763 2.417819
 0.000210 2.465317 2.108108 4.573425 2.366691
 0.000211 2.465846 2.105971 4.571817 2.331823
 0.000211 2.466302 2.104399 4.570701 2.307780
 0.000212 2.466813 2.103289 4.570102 2.294942
 0.000212 2.467472 2.102431 4.569903 2.290676
 0.000213 2.468379 2.101653 4.570032 2.293444
 0.000213 2.469511 2.100819 4.570331 2.299838
 0.000214 2.470906 2.099634 4.570540 2.304325
 0.000214 2.472649 2.098251 4.570900 2.312065
 0.000215 2.474669 2.097074 4.571743 2.330238
 0.000215 2.477021 2.096818 4.573839 2.375703
 0.000216 2.479721 2.097438 4.577159 2.448620
 0.000216 2.482630 2.099310 4.581940 2.555564
 0.000217 2.485753 2.103143 4.588896 2.715239
 0.000217 2.488987 2.109033 4.598020 2.932012
 0.000218 2.492235 2.116804 4.609039 3.204928
 0.000218 2.495545 2.126991 4.622536 3.555746
 0.000219 2.498925 2.139019 4.637944 3.978507
 0.000219 2.502304 2.152521 4.654825 4.468949
 0.000220 2.505449 2.166584 4.672033 4.998193
 0.000220 2.508463 2.180576 4.689039 5.550339
 0.000221 2.511178 2.193620 4.704797 6.087790
 0.000221 2.513515 2.205675 4.719191 6.600380
 0.000222 2.515548 2.215719 4.731267 7.046425
 0.000222 2.517242 2.223065 4.740307 7.389902
 0.000223 2.518682 2.227262 4.745943 7.608159
 0.000223 2.519888 2.227974 4.747862 7.683199
 0.000224 2.521008 2.225312 4.746320 7.622873
 0.000224 2.521952 2.219402 4.741353 7.430181
 0.000225 2.522821 2.210213 4.733034 7.112931
 0.000225 2.523764 2.198341 4.722105 6.706701
 0.000226 2.524555 2.184631 4.709186 6.241888
 0.000226 2.525073 2.169746 4.694819 5.744596
 0.000227 2.525290 2.154431 4.679721 5.244235
 0.000227 2.525178 2.138746 4.663924 4.745119
 0.000228 2.524757 2.123271 4.648028 4.268060
 0.000228 2.523977 2.108732 4.632709 3.832215
 0.000229 2.522764 2.095544 4.618308 3.443886
 0.000229 2.521078 2.084357 4.605435 3.114321
 0.000230 2.519032 2.075380 4.594412 2.845315
 0.000230 2.516722 2.068328 4.585050 2.626356
 0.000231 2.514119 2.062921 4.577039 2.445972
 0.000231 2.511279 2.058722 4.570001 2.292779
 0.000232 2.508220 2.055353 4.563573 2.157189
 0.000232 2.505199 2.052561 4.557760 2.038131
 0.000233 2.502217 2.050153 4.552370 1.930777
 0.000233 2.499247 2.047666 4.546913 1.825029
 0.000234 2.496411 2.045414 4.541825 1.729119
 0.000234 2.493531 2.043352 4.536883 1.638429
 0.000235 2.490631 2.041875 4.532507 1.560168
 0.000235 2.487756 2.041622 4.529378 1.505387
 0.000236 2.484734 2.043007 4.527741 1.477125
 0.000236 2.481563 2.046530 4.528093 1.483177
 0.000237 2.478119 2.052216 4.530334 1.522030
 0.000237 2.474292 2.060056 4.534348 1.592862
 0.000238 2.470130 2.069770 4.539900 1.693501
 0.000238 2.465754 2.081500 4.547255 1.831557
 0.000239 2.461085 2.094794 4.555879 2.000341
 0.000239 2.456110 2.109440 4.565550 2.198458
 0.000240 2.450871 2.124893 4.575764 2.417847
 0.000240 2.445426 2.140363 4.585789 2.643318
 0.000241 2.439874 2.155351 4.595225 2.864722
 0.000241 2.434188 2.169030 4.603219 3.059264
 0.000242 2.428330 2.180825 4.609156 3.207881
 0.000242 2.422542 2.190726 4.613269 3.312905
 0.000243 2.416794 2.198566 4.615360 3.366966
 0.000243 2.411200 2.204022 4.615222 3.363378
 0.000244 2.405726 2.206962 4.612689 3.297992
 0.000244 2.400246 2.208217 4.608463 3.190362
 0.000245 2.395004 2.208078 4.603082 3.055886
 0.000245 2.389987 2.206604 4.596591 2.897516
 0.000246 2.385041 2.204124 4.589165 2.721517
 0.000246 2.379989 2.201560 4.581550 2.546742
 0.000247 2.374934 2.199517 4.574451 2.389065
 0.000247 2.370173 2.197884 4.568058 2.251348
 0.000248 2.365601 2.197039 4.562640 2.137851
 0.000248 2.361100 2.197384 4.558484 2.052781
 0.000249 2.356649 2.199047 4.555696 1.996686
 0.000249 2.352310 2.202024 4.554335 1.969566
 0.000250 2.348235 2.206663 4.554897 1.980750
 0.000250 2.344420 2.212525 4.556945 2.021721
 0.000251 2.341067 2.219552 4.560619 2.096275
 0.000251 2.338042 2.227421 4.565463 2.196618
 0.000252 2.335476 2.235995 4.571471 2.324369
 0.000252 2.333353 2.244813 4.578166 2.470947
 0.000253 2.331727 2.253594 4.585321 2.632568
 0.000253 2.330468 2.262287 4.592755 2.805905
 0.000254 2.329588 2.270970 4.600559 2.993822
 0.000254 2.329158 2.279244 4.608402 3.188831
 0.000255 2.328979 2.286931 4.615910 3.381239
 0.000255 2.329103 2.294243 4.623346 3.577383
 0.000256 2.329518 2.301242 4.630759 3.778429
 0.000256 2.330050 2.307614 4.637663 3.970599
 0.000257 2.330724 2.313116 4.643840 4.146555
 0.000257 2.331591 2.317258 4.648849 4.292074
 0.000258 2.332455 2.320638 4.653093 4.417306
 0.000258 2.333398 2.323133 4.656531 4.520081
 0.000259 2.334434 2.324449 4.658883 4.591078
 0.000259 2.335736 2.324236 4.659972 4.624144
 0.000260 2.337270 2.322155 4.659426 4.607543
 0.000260 2.338932 2.318014 4.656946 4.532587
 0.000261 2.340805 2.311852 4.652657 4.404356
 0.000261 2.342963 2.303309 4.646271 4.216880
 0.000262 2.345377 2.292137 4.637514 3.966385
 0.000262 2.348010 2.278511 4.626521 3.662818
 0.000263 2.350672 2.262879 4.613551 3.320180
 0.000263 2.353378 2.245774 4.599152 2.959495
 0.000264 2.356148 2.228010 4.584158 2.605950
 0.000264 2.358924 2.210257 4.569181 2.275255
 0.000265 2.361674 2.193084 4.554758 1.977976
 0.000265 2.364375 2.177447 4.541822 1.729059
 0.000266 2.366929 2.163680 4.530609 1.526821
 0.000266 2.369419 2.152163 4.521582 1.373156
 0.000267 2.371785 2.143464 4.515249 1.270207
 0.000267 2.373959 2.137416 4.511375 1.209220
 0.000268 2.376116 2.134304 4.510420 1.194412
 0.000268 2.378228 2.134077 4.512305 1.223713
 0.000269 2.380236 2.136869 4.517105 1.299972
 0.000269 2.382225 2.142183 4.524408 1.420383
 0.000270 2.384244 2.149247 4.533491 1.577597
 0.000270 2.386229 2.157383 4.543612 1.762498
 0.000271 2.388299 2.165981 4.554280 1.968484
 0.000271 2.390511 2.174169 4.564681 2.180257
 0.000272 2.392885 2.181712 4.574597 2.392248
 0.000272 2.395422 2.188661 4.584083 2.604247
 0.000273 2.398106 2.195186 4.593293 2.818668
 0.000273 2.400963 2.201531 4.602494 3.041374
 0.000274 2.403814 2.207775 4.611589 3.269805
 0.000274 2.406731 2.213965 4.620696 3.506842
 0.000275 2.409562 2.219953 4.629516 3.744312
 0.000275 2.412229 2.225547 4.637776 3.973762
 0.000276 2.414969 2.230174 4.645143 4.184178
 0.000276 2.417687 2.233964 4.651651 4.374568
 0.000277 2.420293 2.236777 4.657070 4.536302
 0.000277 2.422950 2.238723 4.661673 4.676001
 0.000278 2.425720 2.239436 4.665156 4.783129
 0.000278 2.428595 2.238738 4.667333 4.850714
 0.000279 2.431822 2.236207 4.668029 4.872411
 0.000279 2.435358 2.231675 4.667033 4.841364
 0.000280 2.439143 2.224861 4.664004 4.747577
 0.000280 2.443274 2.215833 4.659108 4.597903
 0.000281 2.447779 2.204819 4.652598 4.402602
 0.000281 2.452645 2.191824 4.644469 4.164685
 0.000282 2.457904 2.177046 4.634950 3.894500
 0.000282 2.463366 2.161384 4.624750 3.615033
 0.000283 2.468968 2.145234 4.614202 3.336963
 0.000283 2.474660 2.129232 4.603892 3.075950
 0.000284 2.480345 2.114213 4.594557 2.848770
 0.000284 2.485884 2.101373 4.587257 2.677187
 0.000285 2.491329 2.090626 4.581955 2.555901
 0.000285 2.496694 2.082929 4.579622 2.503430
 0.000286 2.502005 2.078584 4.580588 2.525094
 0.000286 2.507044 2.077272 4.584316 2.609558
 0.000287 2.511915 2.079094 4.591010 2.764721
 0.000287 2.516579 2.083774 4.600353 2.988782
 0.000288 2.521046 2.090669 4.611715 3.273040
 0.000288 2.525419 2.099264 4.624683 3.613235
 0.000289 2.529619 2.108823 4.638443 3.992586
 0.000289 2.533613 2.118553 4.652166 4.389802
 0.000290 2.537370 2.127547 4.664918 4.775765
 0.000290 2.540854 2.134880 4.675734 5.115899
 0.000291 2.543999 2.140003 4.684002 5.383787
 0.000291 2.546717 2.143078 4.689795 5.575567
 0.000292 2.548919 2.144245 4.693164 5.688639
 0.000292 2.550774 2.143989 4.694763 5.742692
 0.000293 2.552188 2.142086 4.694274 5.726133
 0.000293 2.553202 2.139180 4.692382 5.662282
 0.000294 2.553600 2.135657 4.689257 5.557609
 0.000294 2.553394 2.131816 4.685210 5.423501
 0.000295 2.552509 2.127950 4.680459 5.268169
 0.000295 2.551177 2.124562 4.675739 5.116057
 0.000296 2.549507 2.121395 4.670903 4.962528
 0.000296 2.547593 2.118553 4.666146 4.813801
 0.000297 2.545363 2.115700 4.661063 4.657370
 0.000297 2.542847 2.112715 4.655562 4.490988
 0.000298 2.540199 2.109043 4.649242 4.303577
 0.000298 2.537555 2.104759 4.642313 4.102714
 0.000299 2.534924 2.099129 4.634053 3.869508
 0.000299 2.532360 2.091693 4.624053 3.596328
 0.000300 2.529990 2.082058 4.612047 3.281540
 0.000300 2.527806 2.069993 4.597799 2.926671
 0.000301 2.525708 2.055873 4.581580 2.547439
 0.000301 2.523602 2.040691 4.564294 2.172184
 0.000302 2.521454 2.025654 4.547108 1.828744
 0.000302 2.519249 2.011886 4.531135 1.536022
 0.000303 2.516792 2.000417 4.517209 1.301639
 0.000303 2.514079 1.991835 4.505915 1.125788
 0.000304 2.511216 1.986848 4.498064 1.011064
 0.000304 2.508197 1.985848 4.494046 0.954735
 0.000305 2.504886 1.988683 4.493570 0.948172
 0.000305 2.501466 1.994978 4.496443 0.988153
 0.000306 2.497945 2.004773 4.502718 1.078337
 0.000306 2.494411 2.017722 4.512133 1.221023
 0.000307 2.490856 2.032891 4.523747 1.409265
 0.000307 2.487166 2.049654 4.536820 1.637287
 0.000308 2.483423 2.067004 4.550427 1.892779
 0.000308 2.479786 2.083909 4.563695 2.159734
 0.000309 2.476243 2.099660 4.575903 2.420899
 0.000309 2.472812 2.113247 4.586059 2.649534
 0.000310 2.469543 2.124421 4.593965 2.834643
 0.000310 2.466386 2.132985 4.599370 2.964812
 0.000311 2.463222 2.139021 4.602242 3.035165
 0.000311 2.460109 2.142678 4.602787 3.048592
 0.000312 2.457037 2.144358 4.601396 3.014336
 0.000312 2.454004 2.144701 4.598705 2.948629
 0.000313 2.451032 2.143863 4.594895 2.856848
 0.000313 2.448186 2.142490 4.590676 2.756873
 0.000314 2.445509 2.141062 4.586571 2.661334
 0.000314 2.442931 2.139934 4.582864 2.576505
 0.000315 2.440514 2.138823 4.579338 2.497064
 0.000315 2.438385 2.137968 4.576353 2.430803
 0.000316 2.436674 2.137677 4.574351 2.386862
 0.000316 2.435344 2.138305 4.573648 2.371543
 0.000317 2.434417 2.139621 4.574037 2.380018
 0.000317 2.433885 2.141139 4.575024 2.401601
 0.000318 2.433776 2.142576 4.576352 2.430790
 0.000318 2.434192 2.143281 4.577473 2.455572
 0.000319 2.434923 2.142981 4.577903 2.465115
 0.000319 2.436102 2.141782 4.577884 2.464691
 0.000320 2.437536 2.139871 4.577407 2.454116
 0.000320 2.439183 2.137854 4.577038 2.445933
 0.000321 2.440976 2.135935 4.576911 2.443134
 0.000321 2.442759 2.134464 4.577223 2.450022
 0.000322 2.444456 2.134188 4.578645 2.481603
 0.000322 2.445945 2.135460 4.581405 2.543488
 0.000323 2.447351 2.138222 4.585573 2.638363
 0.000323 2.448586 2.142513 4.591100 2.766843
 0.000324 2.449691 2.148150 4.597842 2.927707
 0.000324 2.450636 2.155245 4.605881 3.125469
 0.000325 2.451561 2.163260 4.614821 3.352996
 0.000325 2.452361 2.172026 4.624387 3.605282
 0.000326 2.453177 2.180859 4.634036 3.869032
 0.000326 2.454046 2.189043 4.643089 4.124952
 0.000327 2.454922 2.196002 4.650924 4.353083
 0.000327 2.455745 2.201746 4.657491 4.549002
 0.000328 2.456640 2.205605 4.662244 4.693497
 0.000328 2.457653 2.206973 4.664626 4.766768
 0.000329 2.458823 2.205222 4.664045 4.748838
 0.000329 2.460179 2.200282 4.660461 4.639013
 0.000330 2.461885 2.192415 4.654300 4.453253
 0.000330 2.463815 2.181811 4.645626 4.198148
 0.000331 2.466085 2.168610 4.634694 3.887373
 0.000331 2.468664 2.153475 4.622139 3.545175
 0.000332 2.471453 2.137420 4.608873 3.200730
 0.000332 2.474494 2.120833 4.595326 2.867159
 0.000333 2.477721 2.104046 4.581768 2.551665
 0.000333 2.481141 2.088158 4.569298 2.277754
 0.000334 2.484811 2.073742 4.558553 2.054180
 0.000334 2.488686 2.061172 4.549858 1.881723
 0.000335 2.492841 2.050501 4.543343 1.757446
 0.000335 2.497167 2.041613 4.538780 1.672948
 0.000336 2.501919 2.034567 4.536486 1.631244
 0.000336 2.507134 2.029383 4.536517 1.631818
 0.000337 2.512602 2.025886 4.538488 1.667614
 0.000337 2.518350 2.023466 4.541817 1.728953
 0.000338 2.524337 2.021414 4.545750 1.802875
 0.000338 2.530559 2.019476 4.550035 1.885159
 0.000339 2.536750 2.017178 4.553928 1.961499
 0.000339 2.543172 2.014606 4.557778 2.038499
 0.000340 2.549602 2.012384 4.561987 2.124368
 0.000340 2.555825 2.011001 4.566826 2.225279
 0.000341 2.561709 2.011034 4.572743 2.351857
 0.000341 2.567291 2.013101 4.580392 2.520685
 0.000342 2.572550 2.017181 4.589731 2.734736
 0.000342 2.577563 2.023524 4.601087 3.006754
 0.000343 2.582272 2.032185 4.614458 3.343584
 0.000343 2.586586 2.042924 4.629510 3.744158
 0.000344 2.590539 2.055370 4.645909 4.206361
 0.000344 2.594126 2.069221 4.663347 4.727340
 0.000345 2.597464 2.083691 4.681156 5.290794
 0.000345 2.600385 2.098482 4.698867 5.882611
 0.000346 2.602921 2.113165 4.716085 6.488043
 0.000346 2.605123 2.126893 4.732016 7.074596
 0.000347 2.607004 2.138706 4.745709 7.599044
 0.000347 2.608485 2.147806 4.756291 8.017166
 0.000348 2.609632 2.154199 4.763831 8.321937
 0.000348 2.610424 2.157268 4.767692 8.480185
 0.000349 2.610942 2.156755 4.767697 8.480381
 0.000349 2.611133 2.152499 4.763632 8.313800
 0.000350 2.610891 2.145009 4.755899 8.001492
 0.000350 2.610294 2.134886 4.745180 7.578406
 0.000351 2.609212 2.122979 4.732191 7.081175
 0.000351 2.607646 2.110128 4.717774 6.549006
 0.000352 2.605681 2.096896 4.702577 6.010577
 0.000352 2.603568 2.083761 4.687329 5.493512
 0.000353 2.601302 2.071811 4.673113 5.032401
 0.000353 2.598814 2.061827 4.660641 4.644511
 0.000354 2.596262 2.053990 4.650252 4.333271
 0.000354 2.593566 2.047950 4.641516 4.079898
 0.000355 2.590637 2.044215 4.634852 3.891777
 0.000355 2.587452 2.042799 4.630250 3.764450
 0.000356 2.584055 2.043851 4.627905 3.700374
 0.000356 2.580506 2.046839 4.627344 3.685129
 0.000357 2.576904 2.051215 4.628119 3.706183
 0.000357 2.573341 2.056481 4.629822 3.752702
 0.000358 2.569692 2.061974 4.631666 3.803396
 0.000358 2.565933 2.067297 4.633230 3.846646
 0.000359 2.562052 2.071782 4.633834 3.863426
 0.000359 2.558046 2.075559 4.633605 3.857058
 0.000360 2.553848 2.079070 4.632918 3.837993
 0.000360 2.549472 2.082785 4.632257 3.819713
 0.000361 2.544847 2.086536 4.631383 3.795581
 0.000361 2.540066 2.090515 4.630580 3.773507
 0.000362 2.535186 2.094832 4.630018 3.758067
 0.000362 2.530151 2.099627 4.629778 3.751501
 0.000363 2.524918 2.104943 4.629861 3.753771
 0.000363 2.519621 2.110856 4.630477 3.770669
 0.000364 2.514324 2.116989 4.631313 3.793653
 0.000364 2.508955 2.123207 4.632162 3.817085
 0.000365 2.503668 2.128945 4.632613 3.829545
 0.000365 2.498478 2.134191 4.632669 3.831114
 0.000366 2.493402 2.138883 4.632285 3.820492
 0.000366 2.488481 2.142164 4.630644 3.775264
 0.000367 2.483727 2.143437 4.627165 3.680261
 0.000367 2.479012 2.142862 4.621874 3.538117
 0.000368 2.474337 2.140559 4.614896 3.354930
 0.000368 2.469634 2.136322 4.605955 3.127333
 0.000369 2.465013 2.130296 4.595310 2.866761
 0.000369 2.460504 2.123018 4.583523 2.591470
 0.000370 2.456113 2.115483 4.571596 2.327061
 0.000370 2.451839 2.108225 4.560065 2.084940
 0.000371 2.447735 2.101467 4.549202 1.869022
 0.000371 2.443844 2.095954 4.539798 1.691617
 0.000372 2.440114 2.093085 4.533199 1.572419
 0.000372 2.436627 2.093066 4.529693 1.510863
 0.000373 2.433340 2.095626 4.528966 1.498255
 0.000373 2.430162 2.101316 4.531478 1.542048
 0.000374 2.427185 2.109760 4.536945 1.639552
 0.000374 2.424230 2.120750 4.544981 1.788291
 0.000375 2.421316 2.133706 4.555022 1.983232
 0.000375 2.418400 2.148280 4.566680 2.222219
 0.000376 2.415533 2.163907 4.579440 2.499349
 0.000376 2.412645 2.180273 4.592918 2.809772
 0.000377 2.409675 2.196631 4.606306 3.136110
 0.000377 2.406593 2.212404 4.618997 3.462008
 0.000378 2.403330 2.227044 4.630374 3.767847
 0.000378 2.399869 2.240456 4.640325 4.045959
 0.000379 2.396322 2.252524 4.648845 4.291956
 0.000379 2.392689 2.263470 4.656159 4.508913
 0.000380 2.388966 2.273334 4.662300 4.695222
 0.000380 2.385215 2.282062 4.667278 4.848992
 0.000381 2.381474 2.289909 4.671383 4.977674
 0.000381 2.377735 2.296613 4.674348 5.071652
 0.000382 2.374220 2.302005 4.676225 5.131617
 0.000382 2.370978 2.306327 4.677306 5.166296
 0.000383 2.367913 2.309856 4.677769 5.181190
 0.000383 2.365061 2.312410 4.677471 5.171602
 0.000384 2.362482 2.313766 4.676248 5.132353
 0.000384 2.360169 2.313778 4.673946 5.058882
 0.000385 2.358164 2.311940 4.670103 4.937382
 0.000385 2.356468 2.308278 4.664747 4.770480
 0.000386 2.355148 2.303097 4.658245 4.571778
 0.000386 2.354090 2.296222 4.650312 4.335036
 0.000387 2.353213 2.287811 4.641024 4.065867
 0.000387 2.352588 2.278276 4.630864 3.781304
 0.000388 2.352195 2.267934 4.620128 3.491834
 0.000388 2.351965 2.257360 4.609325 3.212175
 0.000389 2.351913 2.247557 4.599471 2.967260
 0.000389 2.352027 2.238433 4.590460 2.751819
 0.000390 2.352500 2.230788 4.583288 2.586121
 0.000390 2.353059 2.224751 4.577810 2.463048
 0.000391 2.353692 2.221056 4.574749 2.395565
 0.000391 2.354573 2.219657 4.574230 2.384238
 0.000392 2.355665 2.220472 4.576136 2.426041
 0.000392 2.356962 2.223818 4.580780 2.529394
 0.000393 2.358450 2.229167 4.587617 2.685508
 0.000393 2.360017 2.235849 4.595866 2.880085
 0.000394 2.361699 2.243727 4.605427 3.114122
 0.000394 2.363307 2.252120 4.615427 3.368706
 0.000395 2.364751 2.260379 4.625130 3.625270
 0.000395 2.366090 2.268098 4.634189 3.873289
 0.000396 2.367231 2.274255 4.641486 4.079048
 0.000396 2.368266 2.278343 4.646609 4.226682
 0.000397 2.369128 2.280573 4.649701 4.317055
 0.000397 2.369751 2.280881 4.650631 4.344447
 0.000398 2.370191 2.278980 4.649172 4.301524
 0.000398 2.370581 2.275028 4.645609 4.197653
 0.000399 2.370881 2.269114 4.639995 4.036581
 0.000399 2.371086 2.262021 4.633107 3.843249
 0.000400 2.371355 2.254010 4.625365 3.631602
 0.000400 2.371692 2.245549 4.617241 3.415952
 0.000401 2.372207 2.236938 4.609145 3.207618
 0.000401 2.372872 2.228454 4.601326 3.012625
 0.000402 2.373833 2.220597 4.594429 2.845718
 0.000402 2.375105 2.213814 4.588919 2.715774
 0.000403 2.376553 2.208342 4.584895 2.622798
 0.000403 2.378182 2.204318 4.582500 2.568246
 0.000404 2.380055 2.201134 4.581189 2.538619
 0.000404 2.382252 2.198349 4.580602 2.525393
 0.000405 2.384723 2.195439 4.580162 2.515520
 0.000405 2.387314 2.192664 4.579978 2.511401
 0.000406 2.390184 2.189778 4.579962 2.511042
 0.000406 2.393269 2.186561 4.579829 2.508066
 0.000407 2.396540 2.183032 4.579572 2.502310
 0.000407 2.399961 2.179151 4.579113 2.492046
 0.000408 2.403503 2.175173 4.578675 2.482285
 0.000408 2.407172 2.171352 4.578524 2.478928
 0.000409 2.411099 2.168337 4.579436 2.499272
 0.000409 2.415342 2.166645 4.581987 2.556616
 0.000410 2.419894 2.166443 4.586337 2.655928
 0.000410 2.424697 2.167829 4.592526 2.800482
 0.000411 2.429653 2.170780 4.600433 2.990743
 0.000411 2.434688 2.175081 4.609768 3.223422
 0.000412 2.439827 2.180656 4.620483 3.501212
 0.000412 2.444941 2.187310 4.632251 3.819537
 0.000413 2.449979 2.194891 4.644870 4.176272
 0.000413 2.455052 2.202938 4.657990 4.564069
 0.000414 2.459979 2.210964 4.670942 4.963784
 0.000414 2.464771 2.218317 4.683088 5.353824
 0.000415 2.469348 2.224229 4.693576 5.702547
 0.000415 2.473668 2.228159 4.701827 5.984598
 0.000416 2.477744 2.229931 4.707675 6.188605
 0.000416 2.481480 2.229491 4.710971 6.305129
 0.000417 2.484870 2.226701 4.711571 6.326441
 0.000417 2.487907 2.221776 4.709682 6.259436
 0.000418 2.490562 2.215207 4.705769 6.121729
 0.000418 2.492876 2.207464 4.700341 5.933276
 0.000419 2.494745 2.198893 4.693638 5.704632
 0.000419 2.496252 2.190143 4.686395 5.462614
 0.000420 2.497375 2.181967 4.679343 5.231980
 0.000420 2.498061 2.175161 4.673222 5.035852
 0.000421 2.498336 2.170579 4.668915 4.900099
 0.000421 2.498217 2.168496 4.666713 4.831413
 0.000422 2.497637 2.169437 4.667074 4.842655
 0.000422 2.496653 2.172976 4.669628 4.922460
 0.000423 2.495205 2.178805 4.674010 5.060909
 0.000423 2.493432 2.186760 4.680192 5.259495
 0.000424 2.491295 2.196537 4.687832 5.510206
 0.000424 2.488801 2.207470 4.696272 5.793931
 0.000425 2.485955 2.218728 4.704683 6.083810
 0.000425 2.482802 2.229793 4.712594 6.362892
 0.000426 2.479359 2.239936 4.719295 6.604189
 0.000426 2.475688 2.248397 4.724086 6.779433
 0.000427 2.471803 2.254713 4.726516 6.869199
 0.000427 2.467761 2.259238 4.726999 6.887132
 0.000428 2.463627 2.262185 4.725811 6.843118
 0.000428 2.459490 2.263903 4.723393 6.753943
 0.000429 2.455275 2.264641 4.719916 6.626763
 0.000429 2.450875 2.264953 4.715828 6.478772
 0.000430 2.446472 2.264774 4.711246 6.314877
 0.000430 2.442011 2.264393 4.706404 6.143969
 0.000431 2.437514 2.263996 4.701510 5.973627
 0.000431 2.432726 2.263763 4.696489 5.801338
 0.000432 2.427754 2.263338 4.691092 5.618944
 0.000432 2.422663 2.263120 4.685783 5.442379
 0.000433 2.417415 2.263025 4.680440 5.267530
 0.000433 2.412029 2.262556 4.674585 5.079203
 0.000434 2.406653 2.261645 4.668298 4.880813
 0.000434 2.401319 2.259892 4.661212 4.661916
 0.000435 2.396059 2.256697 4.652756 4.407292
 0.000435 2.390939 2.251969 4.642908 4.119773
 0.000436 2.386003 2.245787 4.631790 3.806815
 0.000436 2.381377 2.237952 4.619329 3.470751
 0.000437 2.377040 2.229151 4.606191 3.133225
 0.000437 2.373003 2.220082 4.593085 2.813743
 0.000438 2.369240 2.211318 4.580558 2.524408
 0.000438 2.365888 2.203658 4.569546 2.283036
 0.000439 2.362987 2.197560 4.560547 2.094792
 0.000439 2.360601 2.193639 4.554240 1.967696
 0.000440 2.358505 2.191967 4.550472 1.893658
 0.000440 2.356740 2.192704 4.549445 1.873710
 0.000441 2.355331 2.195828 4.551159 1.907039
 0.000441 2.354253 2.201358 4.555611 1.994983
 0.000442 2.353565 2.208879 4.562444 2.133810
 0.000442 2.353293 2.218196 4.571489 2.324751
 0.000443 2.353324 2.228711 4.582035 2.557711
 0.000443 2.353670 2.240241 4.593911 2.833362
 0.000444 2.354411 2.252021 4.606431 3.139250
 0.000444 2.355390 2.263256 4.618645 3.452752
 0.000445 2.356696 2.273399 4.630095 3.760190
 0.000445 2.358403 2.281864 4.640267 4.044320
 0.000446 2.360300 2.288326 4.648627 4.285559
 0.000446 2.362444 2.292810 4.655255 4.481795
 0.000447 2.365055 2.295317 4.660372 4.636329
 0.000447 2.367946 2.296487 4.664433 4.760795
 0.000448 2.371018 2.296407 4.667425 4.853563
 0.000448 2.374143 2.295053 4.669197 4.908932
 0.000449 2.377221 2.293070 4.670291 4.943272
 0.000449 2.380296 2.290154 4.670450 4.948290
 0.000450 2.383256 2.286551 4.669807 4.928070
 0.000450 2.386099 2.282555 4.668654 4.891936
 0.000451 2.388691 2.278227 4.666918 4.837774
 0.000451 2.391066 2.273139 4.664204 4.753749
 0.000452 2.393264 2.267282 4.660546 4.641608
 0.000452 2.395251 2.261029 4.656280 4.512532
 0.000453 2.397095 2.254437 4.651532 4.371035
 0.000453 2.398787 2.246960 4.645746 4.201642
 0.000454 2.400413 2.238673 4.639086 4.010779
 0.000454 2.402113 2.229788 4.631901 3.809880
 0.000455 2.403979 2.219992 4.623971 3.594116
 0.000455 2.405881 2.209266 4.615147 3.361441
 0.000456 2.408057 2.198001 4.606059 3.129920
 0.000456 2.410470 2.186908 4.597378 2.916488
 0.000457 2.413137 2.176304 4.589441 2.727958
 0.000457 2.416107 2.166510 4.582617 2.570881
 0.000458 2.419296 2.158047 4.577343 2.452693
 0.000458 2.422733 2.150840 4.573572 2.369891
 0.000459 2.426328 2.145088 4.571416 2.323183
 0.000459 2.430111 2.141123 4.571234 2.319249
 0.000460 2.434028 2.138597 4.572626 2.349320
 0.000460 2.438082 2.137398 4.575480 2.411600
 0.000461 2.442228 2.137601 4.579828 2.508048
 0.000461 2.446427 2.138826 4.585253 2.631017
 0.000462 2.450571 2.140520 4.591091 2.766639
 0.000462 2.454727 2.142145 4.596872 2.904298
 0.000463 2.458864 2.143723 4.602587 3.043656
 0.000463 2.462927 2.144401 4.607327 3.161743
 0.000464 2.466939 2.144149 4.611088 3.257014
 0.000464 2.470918 2.142041 4.612958 3.304923
 0.000465 2.474923 2.137987 4.612910 3.303671
 0.000465 2.478696 2.132429 4.611126 3.257971
 0.000466 2.482303 2.125213 4.607516 3.166496
 0.000466 2.485782 2.117222 4.603004 3.053956
 0.000467 2.488953 2.109405 4.598358 2.940224
 0.000467 2.491727 2.101856 4.593582 2.825550
 0.000468 2.494191 2.095022 4.589213 2.722642
 0.000468 2.496375 2.089660 4.586035 2.648968
 0.000469 2.498139 2.085829 4.583968 2.601617
 0.000469 2.499485 2.083365 4.582849 2.576155
 0.000470 2.500492 2.082591 4.583083 2.581464
 0.000470 2.501131 2.083331 4.584461 2.612883
 0.000471 2.501478 2.084860 4.586338 2.655953
 0.000471 2.501741 2.087373 4.589114 2.720316
 0.000472 2.501823 2.090677 4.592500 2.799877
 0.000472 2.501827 2.094088 4.595915 2.881270
 0.000473 2.501941 2.097016 4.598958 2.954771
 0.000473 2.502093 2.099021 4.601114 3.007429
 0.000474 2.502283 2.100062 4.602345 3.037691
 0.000474 2.502633 2.100322 4.602955 3.052748
 0.000475 2.503355 2.099390 4.602745 3.047555
 0.000475 2.504290 2.097355 4.601645 3.020461
 0.000476 2.505584 2.094701 4.600285 2.987126
 0.000476 2.507160 2.091389 4.598548 2.944831
 0.000477 2.509020 2.087983 4.597003 2.907454
 0.000477 2.511062 2.085217 4.596279 2.890014
 0.000478 2.513157 2.082881 4.596038 2.884225
 0.000478 2.515250 2.081397 4.596648 2.898890
 0.000479 2.517459 2.080586 4.598045 2.932623
 0.000479 2.519741 2.080410 4.600150 2.983835
 0.000480 2.522043 2.080473 4.602516 3.041919
 0.000480 2.524174 2.080658 4.604832 3.099289
 0.000481 2.526226 2.080920 4.607147 3.157199
 0.000481 2.528235 2.081025 4.609259 3.210513
 0.000482 2.530208 2.080509 4.610717 3.247555
 0.000482 2.532066 2.078709 4.610775 3.249042
 0.000483 2.533858 2.075358 4.609216 3.209418
 0.000483 2.535646 2.070212 4.605858 3.124894
 0.000484 2.537377 2.062836 4.600213 2.985376
 0.000484 2.539082 2.053026 4.592107 2.790589
 0.000485 2.540749 2.041632 4.582381 2.565531
 0.000485 2.542276 2.029375 4.571651 2.328252
 0.000486 2.543727 2.017053 4.560780 2.099564
 0.000486 2.545113 2.005673 4.550785 1.899755
 0.000487 2.546107 1.996349 4.542455 1.740853
 0.000487 2.546791 1.989714 4.536505 1.631601
 0.000488 2.547216 1.986665 4.533881 1.584537
 0.000488 2.547244 1.987248 4.534492 1.595439
 0.000489 2.546829 1.991309 4.538138 1.661223
 0.000489 2.545952 1.998395 4.544347 1.776322
 0.000490 2.544670 2.008325 4.552996 1.943080
 0.000490 2.543246 2.020409 4.563655 2.158889
 0.000491 2.541862 2.033788 4.575650 2.415328
 0.000491 2.540495 2.047663 4.588158 2.698072
 0.000492 2.539271 2.061584 4.600855 3.001082
 0.000492 2.538295 2.074327 4.612621 3.296265
 0.000493 2.537668 2.084914 4.622582 3.556974
 0.000493 2.537451 2.093343 4.630794 3.779385
 0.000494 2.537570 2.100099 4.637668 3.970743
 0.000494 2.537941 2.105860 4.643801 4.145455
 0.000495 2.538676 2.111063 4.649739 4.318190
 0.000495 2.539714 2.116032 4.655746 4.496512
 0.000496 2.540913 2.121068 4.661981 4.685453
 0.000496 2.542174 2.127399 4.669574 4.920747
 0.000497 2.543423 2.134462 4.677885 5.184949
 0.000497 2.544727 2.142446 4.687173 5.488356
 0.000498 2.546052 2.151144 4.697195 5.825419
 0.000498 2.547443 2.160411 4.707854 6.194924
 0.000499 2.548886 2.169995 4.718881 6.589136
 0.000499 2.550300 2.179559 4.729859 6.993693
 0.000500 2.551623 2.188273 4.739897 7.374132
