#! FIELDS time dAB dAC rc bias
 0.000000 2.029250 2.742447 4.771697 14.844019
 0.000000 2.030392 2.746222 4.776614 15.076956
 0.000001 2.029436 2.749881 4.779317 15.205773
 0.000001 2.026691 2.753374 4.780065 15.241519
 0.000002 2.022486 2.756786 4.779272 15.203629
 0.000002 2.017166 2.759913 4.777079 15.099095
 0.000003 2.010974 2.762886 4.773860 14.946280
 0.000003 2.004666 2.765680 4.770346 14.780361
 0.000004 1.998553 2.768257 4.766811 14.614373
 0.000004 1.992744 2.770641 4.763384 14.454388
 0.000005 1.987424 2.772807 4.760231 14.307924
 0.000005 1.982487 2.774735 4.757222 14.168878
 0.000006 1.978840 2.776395 4.755235 14.077423
 0.000006 1.976483 2.777773 4.754256 14.032471
 0.000007 1.975121 2.778738 4.753860 14.014285
 0.000007 1.975033 2.779331 4.754364 14.037412
 0.000008 1.976131 2.779563 4.755694 14.098532
 0.000008 1.977908 2.779571 4.757480 14.180745
 0.000009 1.980510 2.779234 4.759744 14.285374
 0.000009 1.983825 2.778717 4.762541 14.415148
 0.000010 1.987050 2.777950 4.765001 14.529741
 0.000010 1.989825 2.776814 4.766639 14.606331
 0.000011 1.991646 2.775403 4.767049 14.625513
 0.000011 1.992207 2.773878 4.766085 14.580400
 0.000012 1.991192 2.772223 4.763416 14.455842
 0.000012 1.988462 2.770466 4.758928 14.247635
 0.000013 1.983311 2.768525 4.751836 13.921670
 0.000013 1.975864 2.766549 4.742414 13.494411
 0.000014 1.966288 2.764565 4.730853 12.979313
 0.000014 1.955190 2.762577 4.717767 12.408297
 0.000015 1.943575 2.760587 4.704162 11.828290
 0.000015 1.931759 2.758586 4.690345 11.253482
 0.000016 1.919698 2.756569 4.676267 10.682514
 0.000016 1.908249 2.754697 4.662946 10.155920
 0.000017 1.897675 2.753041 4.650717 9.684206
 0.000017 1.888831 2.751574 4.640405 9.295178
 0.000018 1.881966 2.750417 4.632383 8.998057
 0.000018 1.877104 2.749583 4.626687 8.789996
 0.000019 1.874196 2.748961 4.623157 8.662285
 0.000019 1.873597 2.748577 4.622173 8.626881
 0.000020 1.875287 2.748494 4.623781 8.684805
 0.000020 1.879152 2.748792 4.627944 8.835731
 0.000021 1.885267 2.749517 4.634784 9.086479
 0.000021 1.893046 2.750591 4.643637 9.416278
 0.000022 1.902127 2.751915 4.654043 9.811393
 0.000022 1.912152 2.753593 4.665745 10.265465
 0.000023 1.922848 2.755527 4.678375 10.767053
 0.000023 1.933520 2.757744 4.691263 11.291236
 0.000024 1.944063 2.760278 4.704342 11.835887
 0.000024 1.954248 2.763172 4.717420 12.393351
 0.000025 1.963436 2.766274 4.729710 12.928916
 0.000025 1.971415 2.769644 4.741060 13.433564
 0.000026 1.977588 2.773163 4.750752 13.872144
 0.000026 1.981780 2.776829 4.758610 14.232921
 0.000027 1.984381 2.780575 4.764956 14.527675
 0.000027 1.985415 2.784350 4.769765 14.753010
 0.000028 1.985292 2.788176 4.773468 14.927738
 0.000028 1.983682 2.791950 4.775631 15.030268
 0.000029 1.981161 2.795582 4.776743 15.083104
 0.000029 1.977586 2.799140 4.776725 15.082254
 0.000030 1.972712 2.802424 4.775136 15.006759
 0.000030 1.967361 2.805478 4.772839 14.897972
 0.000031 1.961788 2.808202 4.769990 14.763616
 0.000031 1.955722 2.810566 4.766288 14.589896
 0.000032 1.949487 2.812569 4.762056 14.392614
 0.000032 1.943202 2.814184 4.757386 14.176412
 0.000033 1.936651 2.815315 4.751966 13.927608
 0.000033 1.930254 2.816017 4.746271 13.668524
 0.000034 1.923778 2.816387 4.740165 13.393427
 0.000034 1.917184 2.816391 4.733575 13.099667
 0.000035 1.910826 2.815974 4.726801 12.801104
 0.000035 1.904388 2.815046 4.719434 12.480333
 0.000036 1.897957 2.813676 4.711633 12.145082
 0.000036 1.891215 2.811888 4.703103 11.783729
 0.000037 1.884363 2.809693 4.694056 11.406449
 0.000037 1.876997 2.807193 4.684190 11.001997
 0.000038 1.869286 2.804358 4.673644 10.577748
 0.000038 1.861284 2.801140 4.662424 10.135552
 0.000039 1.852963 2.797459 4.650422 9.672988
 0.000039 1.844263 2.793460 4.637723 9.195311
 0.000040 1.835264 2.789132 4.624396 8.707026
 0.000040 1.826478 2.784626 4.611104 8.233266
 0.000041 1.818207 2.780050 4.598257 7.787990
 0.000041 1.809965 2.775343 4.585308 7.351703
 0.000042 1.802438 2.770514 4.572952 6.947109
 0.000042 1.796449 2.765546 4.561995 6.597921
 0.000043 1.791569 2.760614 4.552183 6.292835
 0.000043 1.787890 2.755615 4.543505 6.029038
 0.000044 1.785635 2.750655 4.536289 5.814009
 0.000044 1.784855 2.745641 4.530496 5.644175
 0.000045 1.785549 2.740686 4.526235 5.520874
 0.000045 1.788563 2.735700 4.524264 5.464293
 0.000046 1.793910 2.730871 4.524781 5.479113
 0.000046 1.801301 2.726190 4.527491 5.557087
 0.000047 1.810290 2.721723 4.532012 5.688386
 0.000047 1.820436 2.717456 4.537892 5.861434
 0.000048 1.831860 2.713328 4.545188 6.079773
 0.000048 1.844695 2.709435 4.554130 6.352792
 0.000049 1.858269 2.705722 4.563991 6.660866
 0.000049 1.872907 2.702210 4.575116 7.017157
 0.000050 1.887625 2.698753 4.586378 7.387277
 0.000050 1.901982 2.695467 4.597449 7.760415
 0.000051 1.916131 2.692384 4.608515 8.142540
 0.000051 1.929660 2.689479 4.619139 8.518054
 0.000052 1.942503 2.686694 4.629197 8.881389
 0.000052 1.954544 2.683976 4.638520 9.224950
 0.000053 1.965787 2.681342 4.647129 9.547943
 0.000053 1.976398 2.678768 4.655166 9.854526
 0.000054 1.986127 2.676162 4.662288 10.130268
 0.000054 1.994750 2.673539 4.668289 10.365516
 0.000055 2.002870 2.670894 4.673764 10.582526
 0.000055 2.010662 2.668372 4.679034 10.793551
 0.000056 2.017422 2.665845 4.683268 10.964568
 0.000056 2.023292 2.663263 4.686554 11.098268
 0.000057 2.028196 2.660574 4.688770 11.188846
 0.000057 2.032047 2.657800 4.689847 11.233039
 0.000058 2.034475 2.654951 4.689425 11.215725
 0.000058 2.035910 2.651982 4.687893 11.152942
 0.000059 2.036217 2.648852 4.685069 11.037743
 0.000059 2.035249 2.645602 4.680851 10.866795
 0.000060 2.033160 2.642339 4.675499 10.651787
 0.000060 2.029853 2.639103 4.668956 10.391869
 0.000061 2.025542 2.635884 4.661426 10.096688
 0.000061 2.020318 2.632670 4.652988 9.770959
 0.000062 2.014583 2.629431 4.644014 9.430445
 0.000062 2.008289 2.626249 4.634538 9.077405
 0.000063 2.001255 2.623053 4.624308 8.703848
 0.000063 1.993694 2.620058 4.613753 8.326622
 0.000064 1.985918 2.617176 4.603094 7.954187
 0.000064 1.977993 2.614248 4.592240 7.583711
 0.000065 1.970507 2.611309 4.581816 7.236186
 0.000065 1.963546 2.608522 4.572068 6.918605
 0.000066 1.957124 2.605874 4.562998 6.629497
 0.000066 1.951592 2.603365 4.554956 6.378335
 0.000067 1.947181 2.600868 4.548049 6.166478
 0.000067 1.943783 2.598448 4.542231 5.990791
 0.000068 1.941867 2.596130 4.537997 5.864531
 0.000068 1.941055 2.593902 4.534957 5.774738
 0.000069 1.941348 2.591881 4.533229 5.723974
 0.000069 1.942590 2.590089 4.532679 5.707872
 0.000070 1.944476 2.588430 4.532907 5.714544
 0.000070 1.946935 2.586882 4.533818 5.741243
 0.000071 1.949976 2.585434 4.535409 5.788045
 0.000071 1.953487 2.584100 4.537587 5.852393
 0.000072 1.957131 2.583044 4.540175 5.929320
 0.000072 1.960803 2.582128 4.542931 6.011786
 0.000073 1.964261 2.581364 4.545625 6.092982
 0.000073 1.967635 2.580744 4.548379 6.176525
 0.000074 1.971027 2.580288 4.551314 6.266183
 0.000074 1.974165 2.580036 4.554201 6.354986
 0.000075 1.977426 2.579945 4.557372 6.453260
 0.000075 1.981154 2.579985 4.561140 6.571028
 0.000076 1.984932 2.580193 4.565125 6.696751
 0.000076 1.988832 2.580504 4.569336 6.830865
 0.000077 1.993064 2.580952 4.574017 6.981519
 0.000077 1.997639 2.581533 4.579172 7.149343
 0.000078 2.002596 2.582046 4.584642 7.329599
 0.000078 2.007680 2.582613 4.590294 7.518202
 0.000079 2.012556 2.583231 4.595787 7.703817
 0.000079 2.017151 2.583973 4.601125 7.886313
 0.000080 2.021452 2.584843 4.606296 8.065180
 0.000080 2.025321 2.585796 4.611116 8.233719
 0.000081 2.028644 2.586834 4.615477 8.387681
 0.000081 2.030990 2.588047 4.619037 8.514427
 0.000082 2.032242 2.589223 4.621465 8.601409
 0.000082 2.032855 2.590390 4.623245 8.665474
 0.000083 2.032621 2.591589 4.624210 8.700296
 0.000083 2.031081 2.592924 4.624005 8.692906
 0.000084 2.028500 2.594265 4.622765 8.648174
 0.000084 2.024675 2.595635 4.620310 8.559979
 0.000085 2.019636 2.597054 4.616690 8.430753
 0.000085 2.013397 2.598531 4.611928 8.262257
 0.000086 2.006753 2.600016 4.606769 8.081651
 0.000086 1.999446 2.601628 4.601074 7.884588
 0.000087 1.991540 2.603388 4.594927 7.674604
 0.000087 1.983379 2.605264 4.588643 7.462870
 0.000088 1.975258 2.607127 4.582385 7.254952
 0.000088 1.967688 2.609086 4.576774 7.071045
 0.000089 1.961012 2.611189 4.572201 6.922891
 0.000089 1.955111 2.613346 4.568457 6.802756
 0.000090 1.949828 2.615563 4.565391 6.705175
 0.000090 1.945538 2.617932 4.563469 6.644374
 0.000091 1.941664 2.620626 4.562290 6.607202
 0.000091 1.938336 2.623543 4.561879 6.594251
 0.000092 1.935514 2.626640 4.562154 6.602910
 0.000092 1.933228 2.629923 4.563151 6.634339
 0.000093 1.931091 2.633345 4.564436 6.674922
 0.000093 1.928976 2.636977 4.565954 6.723031
 0.000094 1.926701 2.640737 4.567438 6.770255
 0.000094 1.923896 2.644605 4.568501 6.804160
 0.000095 1.920562 2.648520 4.569082 6.822733
 0.000095 1.916670 2.652413 4.569083 6.822788
 0.000096 1.912688 2.656245 4.568932 6.817952
 0.000096 1.908722 2.660125 4.568847 6.815238
 0.000097 1.905112 2.664130 4.569242 6.827862
 0.000097 1.901922 2.668137 4.570058 6.854011
 0.000098 1.899388 2.671958 4.571346 6.895360
 0.000098 1.897552 2.675743 4.573295 6.958195
 0.000099 1.895835 2.679558 4.575393 7.026144
 0.000099 1.894504 2.683320 4.577824 7.105268
 0.000100 1.893660 2.686997 4.580658 7.198086
 0.000100 1.893635 2.690580 4.584215 7.315437
 0.000101 1.894261 2.693985 4.588246 7.449599
 0.000101 1.895034 2.697322 4.592356 7.587602
 0.000102 1.896129 2.700519 4.596648 7.733114
 0.000102 1.897552 2.703528 4.601080 7.884764
 0.000103 1.899070 2.706388 4.605458 8.036066
 0.000103 1.900889 2.709265 4.610154 8.199936
 0.000104 1.902455 2.712042 4.614497 8.352938
 0.000104 1.904185 2.714744 4.618928 8.510545
 0.000105 1.905657 2.717423 4.623080 8.659533
 0.000105 1.906641 2.720026 4.626667 8.789279
 0.000106 1.906848 2.722396 4.629244 8.883110
 0.000106 1.906479 2.724504 4.630983 8.946698
 0.000107 1.904768 2.726409 4.631177 8.953815
 0.000107 1.901771 2.728173 4.629943 8.908652
 0.000108 1.898097 2.729699 4.627796 8.830336
 0.000108 1.893877 2.731036 4.624913 8.725731
 0.000109 1.888822 2.732228 4.621050 8.586523
 0.000109 1.883124 2.733313 4.616437 8.421764
 0.000110 1.876773 2.734246 4.611018 8.230274
 0.000110 1.870362 2.735028 4.605390 8.033690
 0.000111 1.863936 2.735599 4.599534 7.831712
 0.000111 1.857796 2.735892 4.593688 7.632606
 0.000112 1.852582 2.735977 4.588559 7.460052
 0.000112 1.847821 2.735834 4.583656 7.296932
 0.000113 1.843582 2.735562 4.579144 7.148422
 0.000113 1.839926 2.735282 4.575207 7.020108
 0.000114 1.836635 2.734964 4.571598 6.903481
 0.000114 1.833895 2.734657 4.568552 6.805807
 0.000115 1.831677 2.734366 4.566043 6.725866
 0.000115 1.829886 2.734097 4.563983 6.660603
 0.000116 1.828345 2.733791 4.562136 6.602339
 0.000116 1.827034 2.733526 4.560560 6.552829
 0.000117 1.826070 2.733243 4.559313 6.513809
 0.000117 1.825170 2.732982 4.558152 6.477571
 0.000118 1.824092 2.732733 4.556824 6.436244
 0.000118 1.822993 2.732536 4.555529 6.396047
 0.000119 1.821834 2.732260 4.554095 6.351713
 0.000119 1.820748 2.731948 4.552696 6.308600
 0.000120 1.819912 2.731399 4.551311 6.266063
 0.000120 1.819763 2.730814 4.550577 6.243604
 0.000121 1.820205 2.730213 4.550418 6.238725
 0.000121 1.821279 2.729599 4.550878 6.252823
 0.000122 1.823070 2.728947 4.552017 6.287745
 0.000122 1.825049 2.728327 4.553376 6.329545
 0.000123 1.827549 2.727676 4.555225 6.386653
 0.000123 1.830469 2.726912 4.557381 6.453558
 0.000124 1.834290 2.726064 4.560355 6.546402
 0.000124 1.838963 2.725153 4.564117 6.664821
 0.000125 1.844210 2.724264 4.568473 6.803288
 0.000125 1.849523 2.723357 4.572879 6.944769
 0.000126 1.855102 2.722317 4.577418 7.092037
 0.000126 1.860830 2.721165 4.581995 7.242098
 0.000127 1.867019 2.719941 4.586960 7.406665
 0.000127 1.873402 2.718718 4.592120 7.579659
 0.000128 1.879358 2.717410 4.596768 7.737196
 0.000128 1.885059 2.716053 4.601113 7.885902
 0.000129 1.890639 2.714718 4.605357 8.032556
 0.000129 1.896783 2.713299 4.610082 8.197393
 0.000130 1.902960 2.711941 4.614902 8.367293
 0.000130 1.908937 2.710601 4.619538 8.532347
 0.000131 1.915057 2.709091 4.624148 8.698065
 0.000131 1.921002 2.707444 4.628446 8.853995
 0.000132 1.927426 2.705645 4.633071 9.023335
 0.000132 1.934478 2.703770 4.638248 9.214802
 0.000133 1.941630 2.701815 4.643446 9.409068
 0.000133 1.948582 2.699905 4.648486 9.599397
 0.000134 1.955533 2.697976 4.653509 9.790945
 0.000134 1.962188 2.695938 4.658127 9.968687
 0.000135 1.968188 2.693814 4.662002 10.119099
 0.000135 1.973124 2.691620 4.664744 10.226219
 0.000136 1.977268 2.689318 4.666586 10.298481
 0.000136 1.980222 2.686927 4.667149 10.320631
 0.000137 1.982405 2.684502 4.666907 10.311111
 0.000137 1.983838 2.682034 4.665872 10.270433
 0.000138 1.984367 2.679482 4.663849 10.191189
 0.000138 1.983724 2.676864 4.660588 10.064080
 0.000139 1.982743 2.674194 4.656937 9.922738
 0.000139 1.981727 2.671383 4.653110 9.775658
 0.000140 1.980354 2.668479 4.648832 9.612525
 0.000140 1.978521 2.665522 4.644043 9.431527
 0.000141 1.976368 2.662615 4.638983 9.242149
 0.000141 1.974303 2.659663 4.633966 9.056300
 0.000142 1.972614 2.656686 4.629301 8.885169
 0.000142 1.971181 2.653644 4.624825 8.722542
 0.000143 1.969954 2.650525 4.620479 8.566044
 0.000143 1.968907 2.647425 4.616332 8.418036
 0.000144 1.968616 2.644368 4.612984 8.299479
 0.000144 1.968966 2.641306 4.610272 8.204077
 0.000145 1.969906 2.638389 4.608294 8.134842
 0.000145 1.971485 2.635531 4.607016 8.090245
 0.000146 1.973394 2.632788 4.606182 8.061214
 0.000146 1.975392 2.630259 4.605650 8.042738
 0.000147 1.977555 2.628017 4.605572 8.040009
 0.000147 1.979778 2.625923 4.605701 8.044513
 0.000148 1.982324 2.623972 4.606296 8.065179
 0.000148 1.985250 2.622173 4.607424 8.104454
 0.000149 1.987964 2.620591 4.608555 8.143931
 0.000149 1.990418 2.619211 4.609630 8.181553
 0.000150 1.992530 2.618088 4.610618 8.216200
 0.000150 1.994091 2.617327 4.611418 8.244314
 0.000151 1.994994 2.616874 4.611868 8.260143
 0.000151 1.995394 2.616662 4.612057 8.266790
 0.000152 1.995026 2.616816 4.611842 8.259237
 0.000152 1.994383 2.617358 4.611741 8.255678
 0.000153 1.993455 2.618271 4.611726 8.255152
 0.000153 1.992368 2.619512 4.611881 8.260596
 0.000154 1.990950 2.620911 4.611860 8.259878
 0.000154 1.989880 2.622564 4.612444 8.280430
 0.000155 1.989269 2.624506 4.613776 8.327434
 0.000155 1.988918 2.626837 4.615755 8.397536
 0.000156 1.989272 2.629269 4.618541 8.496696
 0.000156 1.990175 2.631848 4.622023 8.621478
 0.000157 1.990800 2.634637 4.625438 8.744708
 0.000157 1.991637 2.637629 4.629266 8.883926
 0.000158 1.992776 2.640757 4.633533 9.040338
 0.000158 1.993835 2.643835 4.637670 9.193334
 0.000159 1.995168 2.646912 4.642081 9.357858
 0.000159 1.996596 2.649977 4.646573 9.526943
 0.000160 1.997714 2.653120 4.650834 9.688665
 0.000160 1.997759 2.656204 4.653963 9.808322
 0.000161 1.996914 2.659098 4.656011 9.887065
 0.000161 1.995275 2.661778 4.657053 9.927207
 0.000162 1.992467 2.664405 4.656872 9.920220
 0.000162 1.988722 2.667110 4.655832 9.880147
 0.000163 1.983745 2.669767 4.653512 9.791052
 0.000163 1.977504 2.672360 4.649864 9.651742
 0.000164 1.970107 2.674859 4.644966 9.466265
 0.000164 1.962205 2.677192 4.639397 9.257573
 0.000165 1.953944 2.679487 4.633431 9.036597
 0.000165 1.945028 2.681710 4.626738 8.791865
 0.000166 1.935529 2.683922 4.619451 8.529217
 0.000166 1.926403 2.686096 4.612499 8.282383
 0.000167 1.917439 2.688244 4.605683 8.043872
 0.000167 1.908647 2.690540 4.599187 7.819828
 0.000168 1.899831 2.692895 4.592727 7.600119
 0.000168 1.891772 2.695462 4.587235 7.415827
 0.000169 1.884543 2.698303 4.582846 7.270180
 0.000169 1.877940 2.701256 4.579196 7.150126
 0.000170 1.872075 2.704320 4.576395 7.058705
 0.000170 1.867337 2.707492 4.574829 7.007826
 0.000171 1.863788 2.710737 4.574525 6.997966
 0.000171 1.861253 2.714110 4.575362 7.025127
 0.000172 1.859452 2.717514 4.576965 7.077272
 0.000172 1.858606 2.721089 4.579695 7.166491
 0.000173 1.858369 2.724821 4.583190 7.281534
 0.000173 1.858794 2.728614 4.587409 7.421621
 0.000174 1.859378 2.732518 4.591896 7.572091
 0.000174 1.860231 2.736512 4.596743 7.736346
 0.000175 1.861124 2.740554 4.601678 7.905355
 0.000175 1.861833 2.744607 4.606440 8.070199
 0.000176 1.862203 2.748623 4.610826 8.223498
 0.000176 1.862324 2.752656 4.614979 8.370039
 0.000177 1.862304 2.756776 4.619080 8.515973
 0.000177 1.861667 2.760930 4.622597 8.642115
 0.000178 1.860926 2.765048 4.625974 8.764145
 0.000178 1.859939 2.769091 4.629030 8.875290
 0.000179 1.858920 2.773081 4.632001 8.984037
 0.000179 1.857614 2.777105 4.634719 9.084088
 0.000180 1.856540 2.781157 4.637697 9.194346
 0.000180 1.856324 2.785179 4.641502 9.336203
 0.000181 1.856606 2.789119 4.645726 9.494928
 0.000181 1.856948 2.793019 4.649967 9.655672
 0.000182 1.857630 2.796902 4.654531 9.830146
 0.000182 1.858535 2.800772 4.659307 10.014381
 0.000183 1.859513 2.804490 4.664003 10.197207
 0.000183 1.861022 2.807916 4.668939 10.391166
 0.000184 1.863573 2.811045 4.674618 10.616594
 0.000184 1.867132 2.814010 4.681142 10.878520
 0.000185 1.870926 2.816830 4.687756 11.147351
 0.000185 1.875230 2.819414 4.694644 11.430801
 0.000186 1.879993 2.821693 4.701686 11.724257
 0.000186 1.885048 2.823691 4.708739 12.021894
 0.000187 1.889893 2.825389 4.715282 12.301333
 0.000187 1.894013 2.826925 4.720938 12.545501
 0.000188 1.897472 2.828226 4.725698 12.752823
 0.000188 1.900142 2.829186 4.729328 12.912112
 0.000189 1.901863 2.829784 4.731648 13.014380
 0.000189 1.902405 2.829977 4.732382 13.046847
 0.000190 1.901784 2.829752 4.731536 13.009436
 0.000190 1.900124 2.829284 4.729408 12.915610
 0.000191 1.898230 2.828426 4.726657 12.794805
 0.000191 1.896217 2.827255 4.723472 12.655658
 0.000192 1.893943 2.825664 4.719608 12.487858
 0.000192 1.891541 2.823709 4.715250 12.299962
 0.000193 1.889452 2.821530 4.710982 12.117327
 0.000193 1.887427 2.819141 4.706568 11.929854
 0.000194 1.885194 2.816496 4.701690 11.724414
 0.000194 1.883098 2.813675 4.696772 11.519084
 0.000195 1.881417 2.810646 4.692063 11.324186
 0.000195 1.880004 2.807419 4.687423 11.133730
 0.000196 1.879003 2.804045 4.683048 10.955666
 0.000196 1.878130 2.800474 4.678605 10.776288
 0.000197 1.877793 2.796644 4.674437 10.609361
 0.000197 1.877949 2.792640 4.670589 10.456419
 0.000198 1.878849 2.788544 4.667393 10.330214
 0.000198 1.880167 2.784370 4.664537 10.218114
 0.000199 1.881524 2.780057 4.661581 10.102705
 0.000199 1.883172 2.775549 4.658721 9.991698
 0.000200 1.885371 2.770875 4.656246 9.896100
 0.000200 1.887621 2.766136 4.653757 9.800425
 0.000201 1.890066 2.761476 4.651542 9.715687
 0.000201 1.892135 2.756809 4.648943 9.616746
 0.000202 1.894238 2.752216 4.646454 9.522444
 0.000202 1.896347 2.747711 4.644058 9.432080
 0.000203 1.898849 2.743245 4.642093 9.358340
 0.000203 1.901632 2.738900 4.640532 9.299947
 0.000204 1.904374 2.734565 4.638939 9.240544
 0.000204 1.907385 2.730303 4.637688 9.194008
 0.000205 1.910595 2.726204 4.636800 9.161051
 0.000205 1.913946 2.722223 4.636169 9.137693
 0.000206 1.917437 2.718243 4.635679 9.119561
 0.000206 1.920885 2.714328 4.635213 9.102342
 0.000207 1.924866 2.710586 4.635453 9.111181
 0.000207 1.929614 2.706937 4.636551 9.151835
 0.000208 1.934999 2.703317 4.638316 9.217335
 0.000208 1.940948 2.699738 4.640686 9.305672
 0.000209 1.947226 2.696238 4.643465 9.409785
 0.000209 1.953486 2.692786 4.646272 9.515540
 0.000210 1.959749 2.689413 4.649162 9.625048
 0.000210 1.965992 2.686015 4.652007 9.733440
 0.000211 1.972129 2.682586 4.654715 9.837205
 0.000211 1.977760 2.679136 4.656896 9.921157
 0.000212 1.982707 2.675735 4.658442 9.980887
 0.000212 1.986899 2.672361 4.659259 10.012539
 0.000213 1.990343 2.668963 4.659306 10.014356
 0.000213 1.993298 2.665525 4.658823 9.995627
 0.000214 1.995504 2.662219 4.657723 9.953080
 0.000214 1.997166 2.658897 4.656063 9.889045
 0.000215 1.998138 2.655606 4.653744 9.799931
 0.000215 1.998157 2.652315 4.650472 9.674887
 0.000216 1.997459 2.649015 4.646474 9.523185
 0.000216 1.996167 2.645846 4.642013 9.355332
 0.000217 1.994073 2.642692 4.636765 9.159773
 0.000217 1.991512 2.639656 4.631169 8.953505
 0.000218 1.988795 2.636585 4.625380 8.742621
 0.000218 1.985984 2.633576 4.619560 8.533114
 0.000219 1.982871 2.630786 4.613658 8.323274
 0.000219 1.979790 2.628311 4.608101 8.128084
 0.000220 1.976826 2.626087 4.602913 7.947953
 0.000220 1.974120 2.623941 4.598060 7.781271
 0.000221 1.971832 2.621990 4.593823 7.637178
 0.000221 1.970135 2.620229 4.590364 7.520565
 0.000222 1.969090 2.618459 4.587548 7.426288
 0.000222 1.969076 2.616805 4.585880 7.370723
 0.000223 1.970370 2.615403 4.585773 7.367141
 0.000223 1.972525 2.614179 4.586704 7.398128
 0.000224 1.975884 2.613158 4.589043 7.476240
 0.000224 1.979948 2.612357 4.592304 7.585867
 0.000225 1.984054 2.611767 4.595822 7.704989
 0.000225 1.988151 2.611332 4.599483 7.829968
 0.000226 1.992432 2.611162 4.603593 7.971448
 0.000226 1.996570 2.611045 4.607615 8.111124
 0.000227 2.000503 2.610982 4.611484 8.246658
 0.000227 2.004019 2.610903 4.614922 8.368000
 0.000228 2.007052 2.610904 4.617956 8.475845
 0.000228 2.009547 2.611024 4.620570 8.569311
 0.000229 2.010986 2.611170 4.622156 8.626259
 0.000229 2.011624 2.611343 4.622967 8.655455
 0.000230 2.011526 2.611532 4.623058 8.658721
 0.000230 2.010770 2.611771 4.622541 8.640096
 0.000231 2.009883 2.612031 4.621914 8.617554
 0.000231 2.008390 2.612189 4.620578 8.569593
 0.000232 2.006372 2.612205 4.618577 8.497997
 0.000232 2.004046 2.612206 4.616252 8.415178
 0.000233 2.001168 2.612181 4.613349 8.312367
 0.000233 1.998116 2.612163 4.610279 8.204308
 0.000234 1.994884 2.612115 4.607000 8.089684
 0.000234 1.991414 2.612075 4.603489 7.967837
 0.000235 1.988426 2.611923 4.600349 7.859667
 0.000235 1.985713 2.611710 4.597423 7.759522
 0.000236 1.983194 2.611369 4.594563 7.662248
 0.000236 1.981175 2.610907 4.592082 7.578362
 0.000237 1.979505 2.610341 4.589845 7.503147
 0.000237 1.978129 2.609632 4.587761 7.433375
 0.000238 1.977223 2.608869 4.586092 7.377745
 0.000238 1.976367 2.608152 4.584519 7.325516
 0.000239 1.975685 2.607462 4.583147 7.280116
 0.000239 1.974974 2.606832 4.581807 7.235886
 0.000240 1.973935 2.606235 4.580170 7.182081
 0.000240 1.972499 2.605599 4.578098 7.114220
 0.000241 1.971051 2.604946 4.575997 7.045764
 0.000241 1.969425 2.604386 4.573810 6.974846
 0.000242 1.967508 2.603842 4.571350 6.895494
 0.000242 1.965227 2.603239 4.568466 6.803051
 0.000243 1.962856 2.602673 4.565529 6.709558
 0.000243 1.960657 2.602233 4.562889 6.626077
 0.000244 1.958594 2.601820 4.560415 6.548288
 0.000244 1.956789 2.601461 4.558250 6.480635
 0.000245 1.955697 2.601179 4.556876 6.437861
 0.000245 1.955092 2.601057 4.556149 6.415290
 0.000246 1.954428 2.601188 4.555617 6.398782
 0.000246 1.953787 2.601441 4.555229 6.386769
 0.000247 1.952874 2.601891 4.554765 6.372426
 0.000247 1.952098 2.602608 4.554706 6.370582
 0.000248 1.951431 2.603522 4.554953 6.378231
 0.000248 1.950555 2.604645 4.555199 6.385858
 0.000249 1.949562 2.605960 4.555523 6.395865
 0.000249 1.948707 2.607457 4.556163 6.415715
 0.000250 1.948013 2.609065 4.557078 6.444138
 0.000250 1.947335 2.610765 4.558100 6.475930
 0.000251 1.946431 2.612588 4.559019 6.504620
 0.000251 1.945618 2.614559 4.560177 6.540836
 0.000252 1.944663 2.616644 4.561307 6.576290
 0.000252 1.943281 2.618843 4.562124 6.601975
 0.000253 1.941830 2.621209 4.563038 6.630769
 0.000253 1.940175 2.623668 4.563843 6.656179
 0.000254 1.938272 2.626212 4.564484 6.676439
 0.000254 1.936289 2.628871 4.565160 6.697857
 0.000255 1.934367 2.631657 4.566024 6.725260
 0.000255 1.932458 2.634492 4.566950 6.754718
 0.000256 1.931016 2.637437 4.568453 6.802637
 0.000256 1.929936 2.640404 4.570340 6.863048
 0.000257 1.929412 2.643323 4.572735 6.940101
 0.000257 1.929230 2.646199 4.575430 7.027321
 0.000258 1.929579 2.649106 4.578684 7.133387
 0.000258 1.930611 2.651987 4.582599 7.261999
 0.000259 1.931956 2.654838 4.586794 7.401118
 0.000259 1.933753 2.657570 4.591323 7.552807
 0.000260 1.936164 2.660277 4.596441 7.726062
 0.000260 1.938975 2.662824 4.601799 7.909537
 0.000261 1.942157 2.665179 4.607336 8.101397
 0.000261 1.945565 2.667469 4.613034 8.301249
 0.000262 1.948927 2.669614 4.618541 8.496692
 0.000262 1.952167 2.671587 4.623754 8.683836
 0.000263 1.955729 2.673473 4.629202 8.881557
 0.000263 1.959482 2.675306 4.634788 9.086627
 0.000264 1.962378 2.677072 4.639450 9.259559
 0.000264 1.964959 2.678656 4.643615 9.415424
 0.000265 1.966896 2.680044 4.646940 9.540785
 0.000265 1.968032 2.681386 4.649417 9.634753
 0.000266 1.967721 2.682639 4.650360 9.670639
 0.000266 1.966110 2.683767 4.649878 9.652255
 0.000267 1.963617 2.684772 4.648389 9.595715
 0.000267 1.960469 2.685718 4.646187 9.512343
 0.000268 1.956623 2.686620 4.643243 9.401461
 0.000268 1.951918 2.687405 4.639323 9.254837
 0.000269 1.946661 2.688173 4.634834 9.088330
 0.000269 1.941052 2.688958 4.630010 8.911102
 0.000270 1.935666 2.689704 4.625370 8.742260
 0.000270 1.930092 2.690337 4.620429 8.564251
 0.000271 1.924077 2.690861 4.614938 8.368553
 0.000271 1.918381 2.691247 4.609628 8.181499
 0.000272 1.913502 2.691434 4.604935 8.017922
 0.000272 1.909816 2.691602 4.601418 7.896407
 0.000273 1.906974 2.691541 4.598514 7.796799
 0.000273 1.904827 2.691478 4.596306 7.721441
 0.000274 1.903922 2.691329 4.595251 7.685606
 0.000274 1.903966 2.691171 4.595137 7.681722
 0.000275 1.905007 2.691058 4.596065 7.713245
 0.000275 1.907166 2.691070 4.598235 7.787254
 0.000276 1.910210 2.691126 4.601336 7.893576
 0.000276 1.913819 2.691266 4.605085 8.023131
 0.000277 1.918150 2.691593 4.609743 8.185522
 0.000277 1.923258 2.691922 4.615180 8.377146
 0.000278 1.928170 2.692354 4.620524 8.567648
 0.000278 1.932545 2.692893 4.625437 8.744689
 0.000279 1.936417 2.693512 4.629930 8.908151
 0.000279 1.939942 2.694107 4.634048 9.059349
 0.000280 1.942712 2.694788 4.637500 9.187024
 0.000280 1.944869 2.695637 4.640506 9.298946
 0.000281 1.946621 2.696578 4.643199 9.399818
 0.000281 1.948022 2.697532 4.645554 9.488441
 0.000282 1.949016 2.698436 4.647452 9.560175
 0.000282 1.949402 2.699335 4.648737 9.608906
 0.000283 1.949544 2.700250 4.649794 9.649081
 0.000283 1.949787 2.701178 4.650965 9.693666
 0.000284 1.949739 2.702124 4.651863 9.727935
 0.000284 1.949795 2.703172 4.652967 9.770170
 0.000285 1.950588 2.704180 4.654769 9.839259
 0.000285 1.952160 2.705180 4.657341 9.938320
 0.000286 1.954608 2.706218 4.660826 10.073333
 0.000286 1.957622 2.707206 4.664827 10.229489
 0.000287 1.961203 2.708324 4.669528 10.414429
 0.000287 1.965293 2.709489 4.674783 10.623174
 0.000288 1.970049 2.710724 4.680773 10.863638
 0.000288 1.975355 2.712034 4.687390 11.132385
 0.000289 1.981131 2.713381 4.694512 11.425317
 0.000289 1.986911 2.714733 4.701645 11.722511
 0.000290 1.992463 2.716059 4.708522 12.012663
 0.000290 1.997410 2.717339 4.714749 12.278462
 0.000291 2.001677 2.718589 4.720266 12.516377
 0.000291 2.004880 2.719744 4.724623 12.705880
 0.000292 2.006916 2.720765 4.727681 12.839711
 0.000292 2.007486 2.721744 4.729230 12.907798
 0.000293 2.006335 2.722742 4.729077 12.901066
 0.000293 2.003433 2.723676 4.727109 12.814646
 0.000294 1.998840 2.724589 4.723429 12.653779
 0.000294 1.992870 2.725383 4.718253 12.429286
 0.000295 1.985516 2.726115 4.711631 12.145008
 0.000295 1.977169 2.726762 4.703931 11.818566
 0.000296 1.968189 2.727319 4.695508 11.466584
 0.000296 1.958423 2.727800 4.686222 11.084732
 0.000297 1.948621 2.728176 4.676797 10.703714
 0.000297 1.938685 2.728570 4.667255 10.324801
 0.000298 1.929181 2.728857 4.658038 9.965281
 0.000298 1.920779 2.729146 4.649925 9.654058
 0.000299 1.913379 2.729306 4.642684 9.380496
 0.000299 1.906700 2.729341 4.636041 9.132951
 0.000300 1.900577 2.729295 4.629872 8.906037
 0.000300 1.895454 2.729055 4.624509 8.711114
 0.000301 1.891494 2.728643 4.620136 8.553756
 0.000301 1.889075 2.728180 4.617255 8.450863
 0.000302 1.887983 2.727657 4.615641 8.393481
 0.000302 1.887739 2.727018 4.614757 8.362163
 0.000303 1.888308 2.726244 4.614552 8.354885
 0.000303 1.889598 2.725386 4.614984 8.370190
 0.000304 1.891480 2.724515 4.615996 8.406090
 0.000304 1.893348 2.723668 4.617015 8.442336
 0.000305 1.895670 2.722848 4.618518 8.495887
 0.000305 1.898146 2.722136 4.620281 8.558951
 0.000306 1.899822 2.721417 4.621239 8.593295
 0.000306 1.900241 2.720653 4.620894 8.580936
 0.000307 1.899409 2.719990 4.619399 8.527368
 0.000307 1.897468 2.719300 4.616768 8.433529
 0.000308 1.894703 2.718739 4.613442 8.315660
 0.000308 1.891312 2.718262 4.609574 8.179600
 0.000309 1.887501 2.717898 4.605400 8.034034
 0.000309 1.883465 2.717553 4.601018 7.882658
 0.000310 1.879560 2.717326 4.596886 7.741202
 0.000310 1.875508 2.717194 4.592702 7.599273
 0.000311 1.872210 2.717183 4.589394 7.487999
 0.000311 1.869681 2.717300 4.586981 7.407355
 0.000312 1.868093 2.717638 4.585731 7.365764
 0.000312 1.867598 2.718168 4.585766 7.366914
 0.000313 1.868351 2.718797 4.587148 7.412925
 0.000313 1.870027 2.719545 4.589572 7.493989
 0.000314 1.872561 2.720379 4.592941 7.607347
 0.000314 1.875730 2.721312 4.597042 7.746509
 0.000315 1.879242 2.722292 4.601535 7.900429
 0.000315 1.882663 2.723351 4.606014 8.055366
 0.000316 1.885753 2.724470 4.610223 8.202342
 0.000316 1.888371 2.725681 4.614051 8.337186
 0.000317 1.889738 2.726941 4.616679 8.430375
 0.000317 1.889628 2.728207 4.617835 8.471536
 0.000318 1.887600 2.729534 4.617134 8.446549
 0.000318 1.883750 2.730998 4.614748 8.361835
 0.000319 1.878510 2.732519 4.611030 8.230665
 0.000319 1.871324 2.734033 4.605358 8.032574
 0.000320 1.862275 2.735428 4.597703 7.769085
 0.000320 1.851679 2.736787 4.588466 7.456956
 0.000321 1.840009 2.738166 4.578175 7.116746
 0.000321 1.827508 2.739555 4.567063 6.758312
 0.000322 1.814596 2.740896 4.555492 6.394927
 0.000322 1.801869 2.742113 4.543982 6.043407
 0.000323 1.789402 2.743207 4.532609 5.705831
 0.000323 1.777355 2.744285 4.521640 5.389448
 0.000324 1.766291 2.745250 4.511542 5.106137
 0.000324 1.756261 2.746150 4.502411 4.856564
 0.000325 1.747437 2.747128 4.494565 4.647108
 0.000325 1.740365 2.748133 4.488498 4.488326
 0.000326 1.735229 2.749248 4.484478 4.384609
 0.000326 1.731776 2.750311 4.482087 4.323519
 0.000327 1.729896 2.751337 4.481233 4.301782
 0.000327 1.729724 2.752388 4.482112 4.324135
 0.000328 1.731213 2.753364 4.484577 4.387142
 0.000328 1.734223 2.754305 4.488528 4.489103
 0.000329 1.738405 2.755355 4.493759 4.625865
 0.000329 1.743688 2.756392 4.500080 4.793872
 0.000330 1.749649 2.757430 4.507079 4.983372
 0.000330 1.755770 2.758576 4.514346 5.184036
 0.000331 1.761987 2.759880 4.521867 5.395893
 0.000331 1.767997 2.761257 4.529254 5.608099
 0.000332 1.773522 2.762753 4.536275 5.813581
 0.000332 1.778077 2.764164 4.542241 5.991091
 0.000333 1.781309 2.765546 4.546855 6.130216
 0.000333 1.783041 2.766955 4.549996 6.225824
 0.000334 1.783836 2.768450 4.552286 6.296006
 0.000334 1.783765 2.770025 4.553790 6.342310
 0.000335 1.782867 2.771716 4.554583 6.366787
 0.000335 1.781270 2.773504 4.554775 6.372715
 0.000336 1.779190 2.775238 4.554428 6.362012
 0.000336 1.777115 2.776867 4.553982 6.348244
 0.000337 1.775859 2.778487 4.554346 6.359484
 0.000337 1.775941 2.779960 4.555901 6.407576
 0.000338 1.777193 2.781281 4.558473 6.487585
 0.000338 1.779784 2.782401 4.562185 6.603882
 0.000339 1.783645 2.783311 4.566956 6.754907
 0.000339 1.788835 2.784180 4.573015 6.949152
 0.000340 1.795226 2.784882 4.580108 7.180034
 0.000340 1.802932 2.785408 4.588340 7.452725
 0.000341 1.811615 2.785827 4.597442 7.760157
 0.000341 1.821120 2.786100 4.607220 8.097352
 0.000342 1.831068 2.786118 4.617186 8.448409
 0.000342 1.841428 2.786036 4.627464 8.818263
 0.000343 1.852068 2.785846 4.637915 9.202430
 0.000343 1.862143 2.785453 4.647596 9.565645
 0.000344 1.871438 2.784954 4.656393 9.901757
 0.000344 1.879914 2.784371 4.664285 10.208268
 0.000345 1.887054 2.783632 4.670686 10.460278
 0.000345 1.892526 2.782836 4.675362 10.646301
 0.000346 1.895846 2.781817 4.677663 10.738439
 0.000346 1.897006 2.780514 4.677520 10.732725
 0.000347 1.895842 2.779075 4.674916 10.628502
 0.000347 1.892912 2.777558 4.670470 10.451726
 0.000348 1.888439 2.775957 4.664396 10.212599
 0.000348 1.882781 2.774234 4.657015 9.925742
 0.000349 1.876340 2.772363 4.648703 9.607617
 0.000349 1.869597 2.770424 4.640021 9.280849
 0.000350 1.862665 2.768596 4.631261 8.956901
 0.000350 1.855909 2.766840 4.622749 8.647586
 0.000351 1.849740 2.765050 4.614790 8.363317
 0.000351 1.844333 2.763365 4.607699 8.114045
 0.000352 1.840105 2.761725 4.601830 7.910582
 0.000352 1.837355 2.760256 4.597611 7.765921
 0.000353 1.836042 2.758843 4.594885 7.673172
 0.000353 1.836419 2.757609 4.594028 7.644114
 0.000354 1.838521 2.756331 4.594852 7.672036
 0.000354 1.841829 2.755138 4.596967 7.743969
 0.000355 1.846252 2.754064 4.600316 7.858533
 0.000355 1.851705 2.753112 4.604817 8.013819
 0.000356 1.857692 2.752259 4.609951 8.192810
 0.000356 1.863632 2.751634 4.615267 8.380218
 0.000357 1.869147 2.751169 4.620315 8.560172
 0.000357 1.873785 2.750781 4.624566 8.713158
 0.000358 1.877270 2.750597 4.627868 8.832943
 0.000358 1.879142 2.750359 4.629501 8.892482
 0.000359 1.879388 2.750239 4.629627 8.897098
 0.000359 1.878232 2.750197 4.628429 8.853379
 0.000360 1.875745 2.750246 4.625991 8.764758
 0.000360 1.872322 2.750491 4.622813 8.649919
 0.000361 1.868454 2.750789 4.619242 8.521769
 0.000361 1.864032 2.751063 4.615095 8.374122
 0.000362 1.859411 2.751321 4.610732 8.220219
 0.000362 1.855436 2.751688 4.607123 8.093978
 0.000363 1.852693 2.752137 4.604829 8.014254
 0.000363 1.850906 2.752580 4.603486 7.967733
 0.000364 1.850787 2.752993 4.603780 7.977926
 0.000364 1.852426 2.753429 4.605855 8.049856
 0.000365 1.855293 2.753864 4.609157 8.164990
 0.000365 1.859403 2.754185 4.613588 8.320799
 0.000366 1.865316 2.754566 4.619882 8.544638
 0.000366 1.872776 2.754977 4.627753 8.828759
 0.000367 1.881888 2.755265 4.637154 9.174176
 0.000367 1.891682 2.755487 4.647168 9.549433
 0.000368 1.902113 2.755730 4.657843 9.957732
 0.000368 1.913125 2.755969 4.669094 10.397293
 0.000369 1.924390 2.756175 4.680564 10.855217
 0.000369 1.935321 2.756344 4.691664 11.307744
 0.000370 1.945617 2.756459 4.702076 11.740605
 0.000370 1.954776 2.756545 4.711321 12.131784
 0.000371 1.962524 2.756588 4.719111 12.466379
 0.000371 1.968840 2.756640 4.725480 12.743321
 0.000372 1.973537 2.756800 4.730337 12.956536
 0.000372 1.976323 2.756972 4.733295 13.087258
 0.000373 1.976817 2.757148 4.733965 13.116953
 0.000373 1.974903 2.757264 4.732168 13.037369
 0.000374 1.970986 2.757327 4.728314 12.867497
 0.000374 1.965528 2.757336 4.722864 12.629200
 0.000375 1.958822 2.757297 4.716120 12.337354
 0.000375 1.951330 2.757157 4.708488 12.011213
 0.000376 1.942814 2.756894 4.699707 11.641415
 0.000376 1.934388 2.756553 4.690941 11.277980
 0.000377 1.926459 2.756153 4.682612 10.938007
 0.000377 1.918904 2.755688 4.674593 10.615580
 0.000378 1.911884 2.755119 4.667002 10.314855
 0.000378 1.905724 2.754444 4.660168 10.047776
 0.000379 1.900022 2.753623 4.653645 9.796126
 0.000379 1.894894 2.752825 4.647719 9.570290
 0.000380 1.890515 2.751992 4.642507 9.373838
 0.000380 1.887430 2.751059 4.638490 9.223799
 0.000381 1.885503 2.750034 4.635538 9.114332
 0.000381 1.884755 2.748952 4.633707 9.046753
 0.000382 1.885415 2.747864 4.633279 9.031001
 0.000382 1.887544 2.746670 4.634214 9.065442
 0.000383 1.890457 2.745519 4.635977 9.130567
 0.000383 1.894365 2.744321 4.638686 9.231122
 0.000384 1.898585 2.743093 4.641677 9.342753
 0.000384 1.902810 2.741832 4.644642 9.454071
 0.000385 1.906779 2.740691 4.647471 9.560889
 0.000385 1.910146 2.739516 4.649662 9.644051
 0.000386 1.912507 2.738298 4.650804 9.687554
 0.000386 1.913669 2.737002 4.650671 9.682489
 0.000387 1.913780 2.735768 4.649547 9.639696
 0.000387 1.912186 2.734456 4.646642 9.529521
 0.000388 1.909083 2.733054 4.642137 9.359978
 0.000388 1.904827 2.731574 4.636401 9.146290
 0.000389 1.900138 2.730059 4.630197 8.917943
 0.000389 1.895007 2.728515 4.623522 8.675456
 0.000390 1.889837 2.726835 4.616673 8.430136
 0.000390 1.884745 2.725043 4.609788 8.187115
 0.000391 1.880422 2.723102 4.603524 7.969060
 0.000391 1.877160 2.721110 4.598270 7.788427
 0.000392 1.875455 2.719141 4.594596 7.663362
 0.000392 1.875349 2.717084 4.592432 7.590188
 0.000393 1.877198 2.714953 4.592151 7.580684
 0.000393 1.881360 2.712679 4.594039 7.644487
 0.000394 1.888074 2.710207 4.598281 7.788822
 0.000394 1.896953 2.707592 4.604545 8.004395
 0.000395 1.907443 2.704858 4.612301 8.275389
 0.000395 1.919225 2.702066 4.621291 8.595184
 0.000396 1.932089 2.699218 4.631307 8.958558
 0.000396 1.945995 2.696145 4.642140 9.360086
 0.000397 1.960465 2.692924 4.653389 9.786318
 0.000397 1.974793 2.689701 4.664494 10.216418
 0.000398 1.988611 2.686351 4.674962 10.630340
 0.000398 2.001292 2.682812 4.684105 10.998539
 0.000399 2.012489 2.679182 4.691672 11.308044
 0.000399 2.022205 2.675417 4.697622 11.554430
 0.000400 2.030164 2.671511 4.701675 11.723783
 0.000400 2.036316 2.667488 4.703804 11.813237
 0.000401 2.040312 2.663469 4.703782 11.812289
 0.000401 2.042443 2.659345 4.701788 11.728516
 0.000402 2.042365 2.655084 4.697448 11.547215
 0.000402 2.040733 2.650660 4.691393 11.296590
 0.000403 2.037556 2.646140 4.683696 10.981948
 0.000403 2.033180 2.641455 4.674635 10.617280
 0.000404 2.028103 2.636660 4.664763 10.226954
 0.000404 2.022724 2.631898 4.654622 9.833625
 0.000405 2.016816 2.627094 4.643909 9.426492
 0.000405 2.010378 2.622245 4.632623 9.006894
 0.000406 2.004148 2.617444 4.621593 8.605999
 0.000406 1.998040 2.612679 4.610719 8.219752
 0.000407 1.992008 2.608044 4.600052 7.849469
 0.000407 1.986211 2.603403 4.589613 7.495368
 0.000408 1.980779 2.598805 4.579584 7.162851
 0.000408 1.975413 2.594253 4.569666 6.841428
 0.000409 1.970604 2.589864 4.560468 6.549964
 0.000409 1.965912 2.585654 4.551566 6.273886
 0.000410 1.961238 2.581650 4.542888 6.010512
 0.000410 1.956441 2.577799 4.534240 5.753651
 0.000411 1.951030 2.574038 4.525067 5.487326
 0.000411 1.945337 2.570525 4.515862 5.226410
 0.000412 1.939213 2.567283 4.506496 4.967449
 0.000412 1.933103 2.564305 4.497409 4.722504
 0.000413 1.926983 2.561551 4.488534 4.489260
 0.000413 1.920644 2.559022 4.479666 4.262072
 0.000414 1.914921 2.556777 4.471698 4.062977
 0.000414 1.909727 2.554786 4.464513 3.887543
 0.000415 1.905206 2.553133 4.458340 3.739900
 0.000415 1.901392 2.551760 4.453152 3.618047
 0.000416 1.898722 2.550701 4.449423 3.531693
 0.000416 1.897610 2.550024 4.447633 3.490621
 0.000417 1.898293 2.549669 4.447962 3.498142
 0.000417 1.900685 2.549607 4.450293 3.551740
 0.000418 1.904940 2.549800 4.454740 3.655132
 0.000418 1.911150 2.550146 4.461296 3.810256
 0.000419 1.919088 2.550767 4.469855 4.017613
 0.000419 1.928703 2.551727 4.480430 4.281407
 0.000420 1.940119 2.552873 4.492992 4.605673
 0.000420 1.952611 2.554215 4.506826 4.976467
 0.000421 1.965573 2.555556 4.521129 5.374918
 0.000421 1.979069 2.557066 4.536135 5.809438
 0.000422 1.992394 2.558832 4.551226 6.263476
 0.000422 2.005482 2.560816 4.566298 6.733976
 0.000423 2.017907 2.563078 4.580986 7.208861
 0.000423 2.029636 2.565519 4.595154 7.682312
 0.000424 2.040833 2.568075 4.608908 8.156304
 0.000424 2.051116 2.570772 4.621888 8.616617
 0.000425 2.060850 2.573625 4.634475 9.075066
 0.000425 2.069789 2.576436 4.646225 9.513776
 0.000426 2.077886 2.579160 4.657046 9.926942
 0.000426 2.084827 2.581865 4.666692 10.302637
 0.000427 2.091065 2.584547 4.675611 10.656270
 0.000427 2.096660 2.587173 4.683833 10.987508
 0.000428 2.101202 2.589613 4.690814 11.272758
 0.000428 2.104894 2.592058 4.696951 11.526537
 0.000429 2.107881 2.594464 4.702345 11.751902
 0.000429 2.109662 2.596816 4.706478 11.926063
 0.000430 2.110319 2.599146 4.709465 12.052745
 0.000430 2.109863 2.601390 4.711253 12.128896
 0.000431 2.108179 2.603568 4.711747 12.149963
 0.000431 2.105461 2.605684 4.711145 12.124272
 0.000432 2.101556 2.607736 4.709291 12.045352
 0.000432 2.096778 2.609818 4.706596 11.931073
 0.000433 2.090921 2.611812 4.702733 11.768198
 0.000433 2.083513 2.613725 4.697238 11.538451
 0.000434 2.074904 2.615622 4.690527 11.260945
 0.000434 2.065184 2.617380 4.682565 10.936094
 0.000435 2.054513 2.619204 4.673716 10.580645
 0.000435 2.043097 2.621104 4.664200 10.204942
 0.000436 2.031137 2.623020 4.654157 9.815759
 0.000436 2.018724 2.624967 4.643692 9.418320
 0.000437 2.006102 2.626893 4.632996 9.020574
 0.000437 1.993713 2.628852 4.622565 8.640991
 0.000438 1.981720 2.630847 4.612567 8.284758
 0.000438 1.970479 2.632848 4.603327 7.962236
 0.000439 1.959961 2.634884 4.594845 7.671810
 0.000439 1.950415 2.636972 4.587387 7.420901
 0.000440 1.942343 2.639122 4.581465 7.224623
 0.000440 1.935536 2.641391 4.576927 7.076016
 0.000441 1.930241 2.643755 4.573996 6.980853
 0.000441 1.926504 2.646199 4.572703 6.939068
 0.000442 1.924570 2.648730 4.573300 6.958333
 0.000442 1.924496 2.651458 4.575954 7.044347
 0.000443 1.926151 2.654399 4.580550 7.194544
 0.000443 1.929433 2.657409 4.586842 7.402730
 0.000444 1.933956 2.660596 4.594552 7.661874
 0.000444 1.939669 2.663987 4.603656 7.973610
 0.000445 1.946268 2.667470 4.613738 8.326111
 0.000445 1.953508 2.671135 4.624643 8.715966
 0.000446 1.960700 2.674925 4.635625 9.117561
 0.000446 1.967697 2.678740 4.646437 9.521775
 0.000447 1.974629 2.682533 4.657162 9.931412
 0.000447 1.980951 2.686345 4.667296 10.326420
 0.000448 1.986179 2.690325 4.676504 10.691998
 0.000448 1.990655 2.694235 4.684889 11.030433
 0.000449 1.993944 2.698057 4.692001 11.321596
 0.000449 1.996347 2.701866 4.698213 11.579060
 0.000450 1.998078 2.705581 4.703659 11.807136
 0.000450 1.999805 2.709190 4.708994 12.032726
 0.000451 2.001376 2.712642 4.714019 12.247139
 0.000451 2.003456 2.715929 4.719385 12.478211
 0.000452 2.006192 2.719023 4.725215 12.731700
 0.000452 2.009415 2.721864 4.731280 12.998124
 0.000453 2.013073 2.724451 4.737524 13.275319
 0.000453 2.017347 2.726770 4.744117 13.571170
 0.000454 2.022158 2.728899 4.751057 13.886084
 0.000454 2.027348 2.730633 4.757981 14.203862
 0.000455 2.033177 2.732055 4.765232 14.540551
 0.000455 2.039431 2.733047 4.772478 14.880898
 0.000456 2.045595 2.733551 4.779146 15.197613
 0.000456 2.051374 2.733585 4.784958 15.476407
 0.000457 2.056954 2.733128 4.790082 15.724250
 0.000457 2.062362 2.732365 4.794727 15.950665
 0.000458 2.067242 2.731199 4.798441 16.132829
 0.000458 2.071072 2.729673 4.800745 16.246370
 0.000459 2.073678 2.727906 4.801585 16.287857
 0.000459 2.074829 2.725951 4.800779 16.248051
 0.000460 2.073887 2.723733 4.797621 16.092505
 0.000460 2.071381 2.721230 4.792611 15.847296
 0.000461 2.066957 2.718507 4.785464 15.500760
 0.000461 2.060492 2.715549 4.776041 15.049740
 0.000462 2.051908 2.712363 4.764270 14.495669
 0.000462 2.041755 2.709012 4.750766 13.872824
 0.000463 2.030831 2.705612 4.736443 13.227107
 0.000463 2.019485 2.702135 4.721620 12.575108
 0.000464 2.008433 2.698685 4.707118 11.953150
 0.000464 1.997950 2.695173 4.693123 11.367900
 0.000465 1.988631 2.691648 4.680279 10.843723
 0.000465 1.980650 2.688249 4.668899 10.389590
 0.000466 1.974157 2.684870 4.659027 10.003518
 0.000466 1.969591 2.681641 4.651232 9.703871
 0.000467 1.966301 2.678589 4.644891 9.463435
 0.000467 1.964860 2.675814 4.640674 9.305249
 0.000468 1.965573 2.673242 4.638814 9.235880
 0.000468 1.968088 2.670886 4.638974 9.241840
 0.000469 1.971866 2.668699 4.640565 9.301148
 0.000469 1.976729 2.666822 4.643551 9.413017
 0.000470 1.982650 2.665242 4.647892 9.576859
 0.000470 1.989718 2.664004 4.653722 9.799112
 0.000471 1.997273 2.663025 4.660298 10.052838
 0.000471 2.004719 2.662362 4.667081 10.317950
 0.000472 2.011905 2.662115 4.674020 10.592741
 0.000472 2.018345 2.662184 4.680529 10.853776
 0.000473 2.023962 2.662563 4.686525 11.097085
 0.000473 2.027935 2.663193 4.691129 11.285691
 0.000474 2.030690 2.663924 4.694614 11.429568
 0.000474 2.032058 2.664734 4.696792 11.519901
 0.000475 2.032149 2.665705 4.697853 11.564072
 0.000475 2.031513 2.666822 4.698335 11.584159
 0.000476 2.029992 2.667918 4.697911 11.566456
 0.000476 2.028482 2.669009 4.697491 11.548985
 0.000477 2.026807 2.670137 4.696944 11.526212
 0.000477 2.024860 2.671337 4.696198 11.495211
 0.000478 2.023322 2.672504 4.695826 11.479794
 0.000478 2.022581 2.673669 4.696251 11.497416
 0.000479 2.022317 2.674912 4.697229 11.538097
 0.000479 2.022795 2.676135 4.698930 11.608962
 0.000480 2.023730 2.677318 4.701048 11.697505
 0.000480 2.024774 2.678479 4.703253 11.790045
 0.000481 2.025695 2.679519 4.705214 11.872676
 0.000481 2.026185 2.680429 4.706614 11.931806
 0.000482 2.026213 2.681152 4.707365 11.963623
 0.000482 2.025664 2.681785 4.707449 11.967161
 0.000483 2.024153 2.682357 4.706510 11.927415
 0.000483 2.021313 2.682830 4.704143 11.827508
 0.000484 2.016927 2.683059 4.699986 11.653071
 0.000484 2.010609 2.683106 4.693715 11.392344
 0.000485 2.002436 2.683051 4.685487 11.054772
 0.000485 1.992293 2.682895 4.675188 10.639367
 0.000486 1.979879 2.682691 4.662570 10.141262
 0.000486 1.965722 2.682369 4.648091 9.584402
 0.000487 1.950104 2.681913 4.632017 8.984613
 0.000487 1.932897 2.681414 4.614310 8.346348
 0.000488 1.914797 2.680911 4.595708 7.701116
 0.000488 1.896515 2.680398 4.576913 7.075572
 0.000489 1.878385 2.680097 4.558482 6.487840
 0.000489 1.860890 2.679893 4.540783 5.947475
 0.000490 1.844795 2.679740 4.524535 5.472063
 0.000490 1.830760 2.679615 4.510374 5.073885
 0.000491 1.818936 2.679573 4.498508 4.751809
 0.000491 1.809858 2.679613 4.489471 4.513596
 0.000492 1.803704 2.679697 4.483400 4.357021
 0.000492 1.800425 2.679937 4.480362 4.279683
 0.000493 1.799673 2.680364 4.480037 4.271463
 0.000493 1.801784 2.681041 4.482825 4.342334
 0.000494 1.806273 2.681727 4.488000 4.475400
 0.000494 1.813012 2.682508 4.495520 4.672363
 0.000495 1.821911 2.683416 4.505327 4.935606
 0.000495 1.832374 2.684336 4.516711 5.250194
 0.000496 1.843877 2.685285 4.529162 5.605439
 0.000496 1.855637 2.686383 4.542020 5.984477
 0.000497 1.867654 2.687530 4.555184 6.385367
 0.000497 1.879240 2.688761 4.568001 6.788214
 0.000498 1.890031 2.690045 4.580076 7.178973
 0.000498 1.900000 2.691226 4.591226 7.549543
 0.000499 1.908714 2.692339 4.601053 7.883855
 0.000499 1.916187 2.693409 4.609596 8.180383
 0.000500 1.922281 2.694388 4.616669 8.430022
