#! FIELDS time dAB dAC dAD rc bias
 0.000000 1.931312 1.711339 2.987477 6.630128 1.572995
 0.000000 1.925125 1.726670 2.986240 6.638035 1.716374
 0.000001 1.914278 1.738802 2.984877 6.637956 1.714907
 0.000001 1.899798 1.746501 2.983394 6.629693 1.565295
 0.000002 1.882487 1.749159 2.981727 6.613373 1.289843
 0.000002 1.863928 1.747296 2.979919 6.591144 0.957524
 0.000003 1.845425 1.741016 2.978065 6.564506 0.624379
 0.000003 1.828117 1.731161 2.976167 6.535445 0.341848
 0.000004 1.813458 1.719268 2.974205 6.506932 0.146738
 0.000004 1.801882 1.706740 2.972282 6.480904 0.039607
 0.000005 1.794459 1.695138 2.970345 6.459943 0.002581
 0.000005 1.791965 1.685523 2.968441 6.445929 0.002332
 0.000006 1.794941 1.679053 2.966645 6.440640 0.007343
 0.000006 1.803503 1.675945 2.965019 6.444466 0.003438
 0.000007 1.817208 1.676738 2.963539 6.457485 0.001117
 0.000007 1.835104 1.681377 2.962067 6.478549 0.033257
 0.000008 1.855920 1.689653 2.960674 6.506247 0.143049
 0.000008 1.878961 1.701138 2.959337 6.539437 0.375654
 0.000009 1.902773 1.715298 2.958131 6.576202 0.761908
 0.000009 1.925223 1.730658 2.957121 6.613002 1.283902
 0.000010 1.944873 1.745932 2.956172 6.646977 1.886042
 0.000010 1.960442 1.760135 2.955223 6.675800 2.487379
 0.000011 1.970438 1.772082 2.954268 6.696789 2.977535
 0.000011 1.974255 1.780557 2.953393 6.708205 3.262651
 0.000012 1.972356 1.785638 2.952631 6.710625 3.324755
 0.000012 1.965256 1.787158 2.951977 6.704391 3.165951
 0.000013 1.953735 1.784848 2.951371 6.689954 2.813088
 0.000013 1.939329 1.779570 2.950742 6.669640 2.351886
 0.000014 1.923469 1.771928 2.950209 6.645606 1.859511
 0.000014 1.907400 1.762652 2.949789 6.619842 1.395837
 0.000015 1.892141 1.753157 2.949501 6.594799 1.008766
 0.000015 1.879212 1.744284 2.949292 6.572788 0.720352
 0.000016 1.869764 1.736280 2.949212 6.555256 0.525283
 0.000016 1.864070 1.730510 2.949239 6.543819 0.414604
 0.000017 1.862666 1.727270 2.949413 6.539350 0.374899
 0.000017 1.865751 1.726350 2.949748 6.541849 0.396856
 0.000018 1.872529 1.727785 2.950215 6.550529 0.477954
 0.000018 1.883083 1.731195 2.950855 6.565133 0.631401
 0.000019 1.897032 1.736221 2.951585 6.584838 0.872253
 0.000019 1.913952 1.742656 2.952409 6.609017 1.220838
 0.000020 1.933170 1.749535 2.953274 6.635979 1.678482
 0.000020 1.953334 1.755789 2.954179 6.663302 2.216435
 0.000021 1.972598 1.760507 2.955104 6.688209 2.771850
 0.000021 1.989426 1.762764 2.956058 6.708249 3.263770
 0.000022 2.002123 1.762054 2.956990 6.721168 3.602173
 0.000022 2.009781 1.757868 2.957910 6.725559 3.721008
 0.000023 2.011582 1.750092 2.958776 6.720451 3.582961
 0.000023 2.007095 1.739278 2.959639 6.706012 3.206864
 0.000024 1.996617 1.725818 2.960468 6.682903 2.648319
 0.000024 1.980328 1.710806 2.961251 6.652386 1.992549
 0.000025 1.960041 1.695208 2.961995 6.617244 1.352770
 0.000025 1.937202 1.681013 2.962699 6.580914 0.821191
 0.000026 1.914063 1.668914 2.963447 6.546425 0.438665
 0.000026 1.892236 1.659664 2.964247 6.516147 0.200903
 0.000027 1.873414 1.653708 2.965111 6.492234 0.077913
 0.000027 1.858444 1.651871 2.966024 6.476338 0.027800
 0.000028 1.848457 1.654511 2.966870 6.469838 0.014585
 0.000028 1.844392 1.661383 2.967738 6.473513 0.021537
 0.000029 1.845725 1.671693 2.968609 6.486027 0.055339
 0.000029 1.852040 1.684620 2.969488 6.506149 0.142526
 0.000030 1.863094 1.699005 2.970362 6.532460 0.317619
 0.000030 1.878111 1.713679 2.971170 6.562959 0.607209
 0.000031 1.896393 1.727223 2.971902 6.595518 1.019013
 0.000031 1.916749 1.738458 2.972547 6.627754 1.531170
 0.000032 1.937268 1.745676 2.973116 6.656060 2.066578
 0.000032 1.956961 1.748161 2.973519 6.678641 2.551146
 0.000033 1.974226 1.745293 2.973748 6.693267 2.892212
 0.000033 1.988242 1.737337 2.973864 6.699442 3.042640
 0.000034 1.997641 1.725079 2.973810 6.696529 2.971209
 0.000034 2.001642 1.709979 2.973684 6.685305 2.703889
 0.000035 2.000080 1.693578 2.973406 6.667065 2.296351
 0.000035 1.993832 1.677013 2.973035 6.643881 1.826381
 0.000036 1.983759 1.661612 2.972540 6.617912 1.363776
 0.000036 1.971395 1.648874 2.971949 6.592218 0.972448
 0.000037 1.957880 1.640042 2.971247 6.569169 0.677570
 0.000037 1.944015 1.635970 2.970505 6.550490 0.477569
 0.000038 1.931431 1.637189 2.969683 6.538302 0.365885
 0.000038 1.921189 1.643947 2.968795 6.533931 0.329447
 0.000039 1.914179 1.656163 2.967887 6.538229 0.365257
 0.000039 1.910379 1.673301 2.966916 6.550596 0.478605
 0.000040 1.909664 1.694308 2.965854 6.569826 0.685239
 0.000040 1.911773 1.717776 2.964763 6.594312 1.001864
 0.000041 1.916182 1.742102 2.963552 6.621837 1.429375
 0.000041 1.922643 1.766080 2.962224 6.650947 1.963923
 0.000042 1.930582 1.787727 2.960795 6.679103 2.561586
 0.000042 1.939701 1.805394 2.959259 6.704353 3.164998
 0.000043 1.948942 1.817527 2.957583 6.724052 3.680005
 0.000043 1.957949 1.822923 2.955835 6.736707 4.031333
 0.000044 1.965670 1.821106 2.954004 6.740780 4.147813
 0.000044 1.971641 1.812510 2.951971 6.736122 4.014736
 0.000045 1.975482 1.798597 2.949813 6.723893 3.675683
 0.000045 1.976869 1.781258 2.947531 6.705658 3.197900
 0.000046 1.975506 1.762071 2.945076 6.682652 2.642560
 0.000046 1.971591 1.742975 2.942595 6.657161 2.089013
 0.000047 1.965036 1.726141 2.940046 6.631224 1.592490
 0.000047 1.956251 1.712802 2.937507 6.606560 1.182746
 0.000048 1.946211 1.703934 2.934920 6.585065 0.875254
 0.000048 1.935484 1.700447 2.932368 6.568299 0.667478
 0.000049 1.924421 1.702777 2.929826 6.557024 0.543561
 0.000049 1.913540 1.710817 2.927252 6.551609 0.488567
 0.000050 1.903152 1.724696 2.924664 6.552512 0.497534
 0.000050 1.893946 1.744046 2.922066 6.560058 0.575659
 0.000051 1.886389 1.767899 2.919441 6.573730 0.731698
 0.000051 1.880124 1.795329 2.916844 6.592297 0.973545
 0.000052 1.875112 1.824293 2.914275 6.613681 1.294794
 0.000052 1.871126 1.853040 2.911736 6.635903 1.677086
 0.000053 1.867449 1.879999 2.909302 6.656750 2.080624
 0.000053 1.863988 1.902891 2.906879 6.673758 2.442035
 0.000054 1.860716 1.920057 2.904450 6.685223 2.701974
 0.000054 1.857798 1.930058 2.902089 6.689945 2.812868
 0.000055 1.854434 1.932530 2.899839 6.686803 2.738839
 0.000055 1.850713 1.927544 2.897649 6.675906 2.489730
 0.000056 1.847200 1.916321 2.895395 6.658916 2.125037
 0.000056 1.843747 1.900194 2.893175 6.637117 1.699398
 0.000057 1.840659 1.881322 2.890980 6.612962 1.283254
 0.000057 1.838051 1.861826 2.888837 6.588714 0.924189
 0.000058 1.836138 1.843280 2.886773 6.566191 0.643348
 0.000058 1.835197 1.827176 2.884770 6.547143 0.445420
 0.000059 1.835396 1.815110 2.882865 6.533372 0.324923
 0.000059 1.836635 1.807688 2.881022 6.525344 0.263433
 0.000060 1.838467 1.805753 2.879292 6.523512 0.250299
 0.000060 1.840854 1.809669 2.877662 6.528185 0.284459
 0.000061 1.843696 1.818869 2.876090 6.538655 0.368907
 0.000061 1.846292 1.833032 2.874555 6.553879 0.511269
 0.000062 1.848406 1.851484 2.873136 6.573026 0.723209
 0.000062 1.849565 1.873059 2.871774 6.594399 1.003095
 0.000063 1.849282 1.896798 2.870381 6.616460 1.339913
 0.000063 1.847662 1.921073 2.869004 6.637739 1.710893
 0.000064 1.844358 1.944628 2.867615 6.656601 2.077591
 0.000064 1.839574 1.965367 2.866209 6.671150 2.384737
 0.000065 1.834100 1.981943 2.864811 6.680854 2.601368
 0.000065 1.827891 1.992917 2.863464 6.684271 2.679900
 0.000066 1.821141 1.997308 2.862174 6.680623 2.596109
 0.000066 1.814097 1.995306 2.860907 6.670310 2.366427
 0.000067 1.807100 1.987428 2.859641 6.654168 2.028292
 0.000067 1.800862 1.974836 2.858396 6.634093 1.644113
 0.000068 1.795650 1.958624 2.857142 6.611417 1.258621
 0.000068 1.791811 1.940530 2.855917 6.588257 0.917993
 0.000069 1.789871 1.922602 2.854783 6.567255 0.655476
 0.000069 1.790018 1.905654 2.853736 6.549408 0.467056
 0.000070 1.792599 1.890973 2.852791 6.536364 0.349491
 0.000070 1.797381 1.879581 2.851961 6.528924 0.290056
 0.000071 1.803938 1.871985 2.851135 6.527058 0.276019
 0.000071 1.811935 1.869057 2.850402 6.531394 0.309179
 0.000072 1.820483 1.870840 2.849730 6.541053 0.389797
 0.000072 1.829093 1.877347 2.848993 6.555433 0.527100
 0.000073 1.836488 1.888291 2.848270 6.573049 0.723487
 0.000073 1.842089 1.903472 2.847602 6.593163 0.985673
 0.000074 1.844998 1.921864 2.846926 6.613789 1.296536
 0.000074 1.844031 1.942267 2.846245 6.632543 1.616118
 0.000075 1.838516 1.963137 2.845600 6.647254 1.891424
 0.000075 1.828526 1.983705 2.844946 6.657178 2.089369
 0.000076 1.814243 2.002340 2.844301 6.660884 2.165801
 0.000076 1.796313 2.017874 2.843764 6.657950 2.105182
 0.000077 1.776034 2.029303 2.843219 6.648556 1.916831
 0.000077 1.754647 2.035589 2.842757 6.632994 1.624236
 0.000078 1.733650 2.036487 2.842302 6.612439 1.274888
 0.000078 1.714115 2.032043 2.841981 6.588139 0.916390
 0.000079 1.697166 2.023054 2.841734 6.561954 0.596179
 0.000079 1.683651 2.010635 2.841594 6.535880 0.345461
 0.000080 1.674911 1.996273 2.841579 6.512763 0.180025
 0.000080 1.671411 1.981228 2.841602 6.494241 0.086040
 0.000081 1.673229 1.966970 2.841706 6.481905 0.042477
 0.000081 1.680303 1.954640 2.841826 6.476768 0.028822
 0.000082 1.691885 1.945443 2.842043 6.479371 0.035410
 0.000082 1.707413 1.939520 2.842293 6.489226 0.066492
 0.000083 1.726371 1.937087 2.842596 6.506054 0.142018
 0.000083 1.747235 1.938318 2.842928 6.528480 0.286687
 0.000084 1.768041 1.943301 2.843416 6.554759 0.520203
 0.000084 1.786727 1.951223 2.843940 6.581889 0.833735
 0.000085 1.801784 1.961361 2.844410 6.607555 1.198103
 0.000085 1.811575 1.973535 2.844879 6.629989 1.570530
 0.000086 1.815048 1.986398 2.845361 6.646807 1.882744
 0.000086 1.811491 1.999083 2.845779 6.656353 2.072530
 0.000087 1.801449 2.010619 2.846031 6.658099 2.108228
 0.000087 1.786222 2.019992 2.846229 6.652443 1.993689
 0.000088 1.767392 2.026765 2.846438 6.640596 1.764147
 0.000088 1.746365 2.030679 2.846540 6.623584 1.459063
 0.000089 1.725021 2.031395 2.846515 6.602930 1.127579
 0.000089 1.705177 2.029143 2.846404 6.580724 0.818762
 0.000090 1.688647 2.024645 2.846100 6.559393 0.568541
 0.000090 1.676678 2.018501 2.845675 6.540855 0.388045
 0.000091 1.669999 2.011497 2.845061 6.526556 0.272306
 0.000091 1.668872 2.003940 2.844296 6.517108 0.207042
 0.000092 1.673560 1.996434 2.843379 6.513373 0.183704
 0.000092 1.684108 1.989522 2.842310 6.515941 0.199599
 0.000093 1.699874 1.983240 2.841032 6.524145 0.254803
 0.000093 1.720180 1.977993 2.839561 6.537734 0.361041
 0.000094 1.744056 1.974219 2.837983 6.556258 0.535608
 0.000094 1.770404 1.972092 2.836282 6.578777 0.794031
 0.000095 1.797611 1.971211 2.834356 6.603177 1.131290
 0.000095 1.823201 1.971378 2.832266 6.626844 1.515291
 0.000096 1.845374 1.972859 2.830138 6.648372 1.913221
 0.000096 1.862407 1.974411 2.827907 6.664725 2.246492
 0.000097 1.873083 1.975848 2.825477 6.674408 2.456427
 0.000097 1.876299 1.976938 2.822874 6.676111 2.494312
 0.000098 1.871982 1.977569 2.820081 6.669632 2.351709
 0.000098 1.860923 1.977668 2.817115 6.655706 2.059380
 0.000099 1.844584 1.977064 2.814112 6.635759 1.674463
 0.000099 1.824615 1.975821 2.811046 6.611482 1.259663
 0.000100 1.803100 1.974037 2.807936 6.585073 0.875360
 0.000100 1.782239 1.972087 2.804756 6.559082 0.565238
 0.000101 1.763215 1.970690 2.801628 6.535532 0.342576
 0.000101 1.747376 1.970115 2.798480 6.515971 0.199791
 0.000102 1.735484 1.969791 2.795358 6.500633 0.114599
 0.000102 1.728959 1.969781 2.792368 6.491108 0.073534
 0.000103 1.727722 1.970076 2.789536 6.487334 0.059774
 0.000103 1.732387 1.970569 2.786843 6.489799 0.068599
 0.000104 1.742608 1.970618 2.784314 6.497540 0.100267
 0.000104 1.758031 1.969904 2.782041 6.509975 0.163686
 0.000105 1.778145 1.968177 2.779908 6.526230 0.269900
 0.000105 1.801909 1.965655 2.777993 6.545557 0.430576
 0.000106 1.828036 1.962094 2.776185 6.566315 0.644749
 0.000106 1.855112 1.957128 2.774545 6.586786 0.898162
 0.000107 1.881127 1.950671 2.773142 6.604941 1.157973
 0.000107 1.904362 1.943194 2.772040 6.619595 1.391721
 0.000108 1.922648 1.934142 2.771089 6.627879 1.533356
 0.000108 1.934018 1.923798 2.770280 6.628095 1.537148
 0.000109 1.937775 1.912562 2.769583 6.619920 1.397147
 0.000109 1.933888 1.900996 2.769029 6.603912 1.142373
 0.000110 1.923327 1.890136 2.768632 6.582094 0.836388
 0.000110 1.907119 1.880253 2.768445 6.555817 0.531048
 0.000111 1.887569 1.871827 2.768484 6.527879 0.282157
 0.000111 1.866495 1.865537 2.768885 6.500917 0.115963
 0.000112 1.846153 1.862393 2.769502 6.478048 0.031978
 0.000112 1.828321 1.862853 2.770434 6.461608 0.003915
 0.000113 1.814161 1.866241 2.771647 6.452049 0.000025
 0.000113 1.804899 1.872684 2.773107 6.450690 0.000214
 0.000114 1.801358 1.881476 2.774757 6.457592 0.001168
 0.000114 1.803527 1.891759 2.776658 6.471944 0.018404
 0.000115 1.811144 1.902724 2.778796 6.492664 0.079621
 0.000115 1.823781 1.913061 2.781113 6.517954 0.212524
 0.000116 1.840495 1.921412 2.783575 6.545482 0.429884
 0.000116 1.860599 1.926877 2.786214 6.573689 0.731213
 0.000117 1.883350 1.928307 2.788997 6.600654 1.093648
 0.000117 1.906887 1.925144 2.791985 6.624016 1.466456
 0.000118 1.929445 1.917554 2.795116 6.642116 1.792808
 0.000118 1.949636 1.905043 2.798438 6.653118 2.007192
 0.000119 1.965876 1.888518 2.801893 6.656287 2.071190
 0.000119 1.977518 1.869479 2.805412 6.652410 1.993025
 0.000120 1.984144 1.848921 2.808957 6.642022 1.791022
 0.000120 1.985573 1.828065 2.812512 6.626150 1.503228
 0.000121 1.982010 1.808350 2.816050 6.606410 1.180444
 0.000121 1.973827 1.790524 2.819557 6.583908 0.860013
 0.000122 1.962061 1.776081 2.823062 6.561204 0.588021
 0.000122 1.948446 1.766080 2.826627 6.541153 0.390680
 0.000123 1.934503 1.760696 2.830182 6.525381 0.263703
 0.000123 1.921798 1.760243 2.833651 6.515692 0.198032
 0.000124 1.911239 1.764942 2.837074 6.513255 0.182991
 0.000124 1.903995 1.774141 2.840461 6.518596 0.216729
 0.000125 1.900311 1.787374 2.843763 6.531448 0.309598
 0.000125 1.900638 1.804047 2.846969 6.551654 0.489014
 0.000126 1.904631 1.822914 2.849929 6.577474 0.777690
 0.000126 1.912036 1.842417 2.852746 6.607199 1.192599
 0.000127 1.922482 1.861303 2.855464 6.639249 1.738937
 0.000127 1.934781 1.877397 2.858036 6.670213 2.364322
 0.000128 1.948264 1.888728 2.860370 6.697363 2.991553
 0.000128 1.961930 1.893939 2.862456 6.718325 3.526268
 0.000129 1.974592 1.892167 2.864301 6.731060 3.872582
 0.000129 1.985771 1.883483 2.865839 6.735092 3.985617
 0.000130 1.994874 1.868303 2.867098 6.730275 3.850767
 0.000130 2.000948 1.847483 2.868149 6.716579 3.480069
 0.000131 2.003817 1.822717 2.868941 6.695476 2.945582
 0.000131 2.003787 1.796082 2.869459 6.669327 2.345100
 0.000132 2.001410 1.768907 2.869699 6.640016 1.753263
 0.000132 1.997073 1.743161 2.869601 6.609835 1.233654
 0.000133 1.992241 1.720478 2.869189 6.581908 0.833974
 0.000133 1.987446 1.701908 2.868648 6.558002 0.553807
 0.000134 1.983201 1.688209 2.868063 6.539473 0.375970
 0.000134 1.980375 1.680256 2.867329 6.527960 0.282765
 0.000135 1.978870 1.677973 2.866386 6.523229 0.248302
 0.000135 1.979465 1.681134 2.865342 6.525941 0.267782
 0.000136 1.981736 1.689546 2.864163 6.535446 0.341861
 0.000136 1.985475 1.702942 2.862814 6.551231 0.484842
 0.000137 1.990420 1.720950 2.861283 6.572653 0.718736
 0.000137 1.995983 1.742068 2.859610 6.597662 1.049845
 0.000138 2.001091 1.764915 2.857886 6.623892 1.464338
 0.000138 2.005731 1.787490 2.856171 6.649393 1.933252
 0.000139 2.010190 1.808077 2.854413 6.672679 2.418259
 0.000139 2.013960 1.824932 2.852583 6.691474 2.849260
 0.000140 2.017002 1.836501 2.850778 6.704281 3.163181
 0.000140 2.018843 1.841936 2.848950 6.709729 3.301697
 0.000141 2.019639 1.840436 2.847057 6.707132 3.235289
 0.000141 2.019432 1.832188 2.845137 6.696756 2.976735
 0.000142 2.018239 1.818065 2.843211 6.679515 2.570916
 0.000142 2.016071 1.800016 2.841222 6.657309 2.092036
 0.000143 2.013602 1.779760 2.839210 6.632572 1.616650
 0.000143 2.011515 1.758746 2.837137 6.607397 1.195647
 0.000144 2.010104 1.738837 2.835081 6.584022 0.861506
 0.000144 2.009719 1.721316 2.833114 6.564150 0.620398
 0.000145 2.011257 1.707800 2.831245 6.550302 0.475731
 0.000145 2.014850 1.698789 2.829529 6.543168 0.408690
 0.000146 2.019968 1.694726 2.827945 6.542638 0.403917
 0.000146 2.025951 1.695551 2.826514 6.548016 0.453701
 0.000147 2.032494 1.701008 2.825271 6.558773 0.561957
 0.000147 2.039063 1.710977 2.824234 6.574274 0.738301
 0.000148 2.045362 1.725017 2.823360 6.593739 0.993768
 0.000148 2.050874 1.742713 2.822673 6.616259 1.336620
 0.000149 2.055029 1.762946 2.822145 6.640120 1.755217
 0.000149 2.056890 1.783947 2.821749 6.662587 2.201393
 0.000150 2.056590 1.804589 2.821557 6.682736 2.644484
 0.000150 2.053760 1.823719 2.821531 6.699010 3.031990
 0.000151 2.048194 1.840199 2.821573 6.709966 3.307781
 0.000151 2.040553 1.851787 2.821693 6.714033 3.413228
 0.000152 2.031375 1.858147 2.821907 6.711428 3.345503
 0.000152 2.021265 1.858626 2.822138 6.702029 3.106785
 0.000153 2.010983 1.852976 2.822429 6.686388 2.729135
 0.000153 2.000859 1.841945 2.822879 6.665683 2.266846
 0.000154 1.991177 1.826146 2.823439 6.640762 1.767257
 0.000154 1.982312 1.807186 2.824075 6.613572 1.293053
 0.000155 1.974834 1.787200 2.824835 6.586868 0.899272
 0.000155 1.968927 1.767641 2.825787 6.562356 0.600577
 0.000156 1.965108 1.750007 2.826888 6.542002 0.398223
 0.000156 1.963201 1.735159 2.828230 6.526590 0.272556
 0.000157 1.962929 1.723734 2.829831 6.516494 0.203108
 0.000157 1.964966 1.715890 2.831596 6.512451 0.178160
 0.000158 1.968746 1.712093 2.833590 6.514429 0.190163
 0.000158 1.974286 1.712451 2.835735 6.522473 0.243003
 0.000159 1.981250 1.717275 2.837977 6.536501 0.350639
 0.000159 1.988455 1.726420 2.840323 6.555197 0.524686
 0.000160 1.994898 1.738718 2.842769 6.576385 0.764178
 0.000160 1.999652 1.753253 2.845358 6.598262 1.058565
 0.000161 2.001646 1.769362 2.848030 6.619039 1.382452
 0.000161 2.000499 1.785828 2.850810 6.637137 1.699772
 0.000162 1.995429 1.801341 2.853636 6.650405 1.953202
 0.000162 1.985866 1.814284 2.856491 6.656641 2.078402
 0.000163 1.972054 1.823627 2.859368 6.655050 2.046083
 0.000163 1.955019 1.828480 2.862188 6.645686 1.861053
 0.000164 1.935142 1.828420 2.864935 6.628498 1.544208
 0.000164 1.913862 1.823688 2.867675 6.605225 1.162295
 0.000165 1.892224 1.815152 2.870410 6.577787 0.781599
 0.000165 1.871363 1.804021 2.873092 6.548476 0.458095
 0.000166 1.852553 1.791236 2.875814 6.519603 0.223411
 0.000166 1.836522 1.777949 2.878654 6.493125 0.081471
 0.000167 1.824420 1.765578 2.881557 6.471555 0.017665
 0.000167 1.817065 1.755757 2.884557 6.457379 0.001067
 0.000168 1.815004 1.748936 2.887564 6.451504 0.000079
 0.000168 1.818089 1.745698 2.890577 6.454363 0.000129
 0.000169 1.826178 1.746585 2.893607 6.466369 0.009262
 0.000169 1.838828 1.751351 2.896651 6.486829 0.058041
 0.000170 1.854881 1.759800 2.899650 6.514331 0.189558
 0.000170 1.873039 1.771536 2.902605 6.547180 0.445767
 0.000171 1.891230 1.785714 2.905478 6.582423 0.840637
 0.000171 1.907605 1.801518 2.908183 6.617306 1.353792
 0.000172 1.920779 1.817720 2.910784 6.649283 1.931097
 0.000172 1.929204 1.833641 2.913348 6.676193 2.496142
 0.000173 1.931157 1.847774 2.915859 6.694790 2.928962
 0.000173 1.926363 1.859154 2.918313 6.703830 3.151853
 0.000174 1.914973 1.866969 2.920775 6.702717 3.123960
 0.000174 1.897652 1.870859 2.923168 6.691679 2.854150
 0.000175 1.875969 1.871163 2.925612 6.672744 2.419682
 0.000175 1.851474 1.868083 2.927901 6.647458 1.895400
 0.000176 1.826166 1.862172 2.930031 6.618369 1.371334
 0.000176 1.801559 1.854042 2.932086 6.587687 0.910283
 0.000177 1.779094 1.844701 2.934048 6.557843 0.552132
 0.000177 1.760022 1.835134 2.935969 6.531125 0.307063
 0.000178 1.745296 1.826914 2.937777 6.509987 0.163756
 0.000178 1.735814 1.820677 2.939530 6.496021 0.093582
 0.000179 1.731639 1.816970 2.941254 6.489863 0.068837
 0.000179 1.732951 1.815957 2.942933 6.491841 0.076372
 0.000180 1.739908 1.817726 2.944583 6.502218 0.122310
 0.000180 1.751464 1.822511 2.946203 6.520177 0.227264
 0.000181 1.766386 1.830077 2.947696 6.544158 0.417694
 0.000181 1.783506 1.839966 2.949202 6.572674 0.718986
 0.000182 1.801608 1.851344 2.950592 6.603544 1.136816
 0.000182 1.819074 1.863541 2.951872 6.634487 1.651255
 0.000183 1.833755 1.875974 2.953043 6.662772 2.205281
 0.000183 1.843530 1.887349 2.954039 6.684917 2.694885
 0.000184 1.846973 1.896779 2.954951 6.698703 3.024435
 0.000184 1.843516 1.903435 2.955798 6.702749 3.124765
 0.000185 1.833767 1.907581 2.956534 6.697882 3.004283
 0.000185 1.818460 1.909309 2.957180 6.684949 2.695620
 0.000186 1.798553 1.909159 2.957788 6.665500 2.262938
 0.000186 1.775684 1.907198 2.958307 6.641189 1.775294
 0.000187 1.752165 1.904076 2.958805 6.615046 1.316856
 0.000187 1.729437 1.900122 2.959251 6.588810 0.925505
 0.000188 1.708829 1.896542 2.959746 6.565118 0.631230
 0.000188 1.691209 1.894027 2.960214 6.545449 0.429578
 0.000189 1.677560 1.893118 2.960773 6.531451 0.309627
 0.000189 1.668903 1.894216 2.961433 6.524552 0.257714
 0.000190 1.665640 1.897626 2.962145 6.525411 0.263918
 0.000190 1.667041 1.903505 2.962916 6.533462 0.325652
 0.000191 1.672535 1.911418 2.963687 6.547640 0.450121
 0.000191 1.681500 1.921216 2.964493 6.567209 0.654948
 0.000192 1.693835 1.932769 2.965309 6.591912 0.968185
 0.000192 1.709029 1.945082 2.966072 6.620183 1.401547
 0.000193 1.725989 1.957215 2.966839 6.650043 1.946050
 0.000193 1.743799 1.968582 2.967583 6.679964 2.581121
 0.000194 1.760752 1.978831 2.968324 6.707907 3.255025
 0.000194 1.775386 1.987373 2.968957 6.731716 3.890868
 0.000195 1.786276 1.993278 2.969568 6.749122 4.391568
 0.000195 1.792342 1.995946 2.970231 6.758520 4.674491
 0.000196 1.792630 1.995437 2.970886 6.758952 4.687723
 0.000196 1.787246 1.991827 2.971461 6.750534 4.433511
 0.000197 1.776526 1.985776 2.971934 6.734236 3.961463
 0.000197 1.761093 1.978021 2.972377 6.711492 3.347147
 0.000198 1.742244 1.969694 2.972889 6.684827 2.692786
 0.000198 1.721372 1.960995 2.973388 6.655755 2.060381
 0.000199 1.700151 1.952556 2.973838 6.626545 1.510093
 0.000199 1.679509 1.945401 2.974268 6.599178 1.071927
 0.000200 1.660945 1.940176 2.974661 6.575782 0.756740
 0.000200 1.645334 1.937767 2.975042 6.558143 0.555291
 0.000201 1.633276 1.938212 2.975481 6.546968 0.443773
 0.000201 1.625158 1.941322 2.975961 6.542441 0.402147
 0.000202 1.621533 1.947064 2.976521 6.545118 0.426516
 0.000202 1.622287 1.955106 2.977185 6.554578 0.518364
 0.000203 1.627635 1.965148 2.977881 6.570664 0.695083
 0.000203 1.637269 1.975994 2.978597 6.591861 0.967473
 0.000204 1.650363 1.986897 2.979261 6.616522 1.340916
 0.000204 1.665759 1.997259 2.979853 6.642871 1.807145
 0.000205 1.682590 2.006020 2.980476 6.669086 2.339879
 0.000205 1.698876 2.012093 2.981124 6.692093 2.864044
 0.000206 1.712756 2.014818 2.981764 6.709337 3.291635
 0.000206 1.723032 2.014297 2.982422 6.719750 3.564230
 0.000207 1.728289 2.010638 2.983017 6.721945 3.623059
 0.000207 1.727448 2.003669 2.983536 6.714653 3.429424
 0.000208 1.720526 1.994420 2.983915 6.698860 3.028299
 0.000208 1.708056 1.983853 2.984301 6.676211 2.496546
 0.000209 1.690536 1.972644 2.984807 6.647986 1.905689
 0.000209 1.670123 1.962206 2.985401 6.617730 1.360785
 0.000210 1.648893 1.953747 2.986037 6.588677 0.923687
 0.000210 1.628207 1.948152 2.986609 6.562968 0.607303
 0.000211 1.610238 1.946031 2.987230 6.543498 0.411681
 0.000211 1.596501 1.947846 2.987957 6.532304 0.316371
 0.000212 1.587277 1.953938 2.988724 6.529940 0.297846
 0.000212 1.583297 1.963882 2.989509 6.536687 0.352200
 0.000213 1.585034 1.977286 2.990341 6.552661 0.499023
 0.000213 1.591890 1.993984 2.991246 6.577120 0.773287
 0.000214 1.603458 2.012831 2.992214 6.608503 1.212820
 0.000214 1.619278 2.033031 2.993111 6.645420 1.855919
 0.000215 1.637886 2.053328 2.993941 6.685155 2.700407
 0.000215 1.657723 2.072061 2.994777 6.724561 3.693833
 0.000216 1.677980 2.087814 2.995533 6.761327 4.760721
 0.000216 1.697138 2.099435 2.996202 6.792775 5.780571
 0.000217 1.713385 2.105950 2.996794 6.816128 6.601879
 0.000217 1.725501 2.106777 2.997259 6.829536 7.098053
 0.000218 1.732556 2.101947 2.997503 6.832006 7.191422
 0.000218 1.733754 2.091686 2.997544 6.822985 6.853367
 0.000219 1.729310 2.077208 2.997406 6.803924 6.165869
 0.000219 1.720239 2.060067 2.997098 6.777404 5.269741
 0.000220 1.707687 2.041520 2.996552 6.745759 4.292468
 0.000220 1.692731 2.022701 2.995746 6.711179 3.339045
 0.000221 1.676598 2.004519 2.994784 6.675901 2.489631
 0.000221 1.660998 1.988231 2.993620 6.642849 1.806712
 0.000222 1.647236 1.974733 2.992384 6.614353 1.305644
 0.000222 1.636367 1.964616 2.990989 6.591972 0.969016
 0.000223 1.628977 1.958049 2.989498 6.576524 0.765889
 0.000223 1.625217 1.955391 2.987827 6.568435 0.669051
 0.000224 1.625442 1.956479 2.985995 6.567916 0.663062
 0.000224 1.629730 1.961395 2.983979 6.575104 0.748419
 0.000225 1.637789 1.969994 2.981781 6.589564 0.935792
 0.000225 1.649599 1.981726 2.979436 6.610761 1.248233
 0.000226 1.664323 1.995073 2.976879 6.636274 1.683900
 0.000226 1.680450 2.008614 2.974078 6.663142 2.213062
 0.000227 1.697526 2.021010 2.971007 6.689543 2.803342
 0.000227 1.713809 2.030838 2.967675 6.712321 3.368643
 0.000228 1.727578 2.036678 2.964083 6.728340 3.797253
 0.000228 1.738098 2.037169 2.960204 6.735471 3.996313
 0.000229 1.744389 2.031436 2.956024 6.731849 3.894564
 0.000229 1.745811 2.019396 2.951625 6.716832 3.486744
 0.000230 1.742848 2.002196 2.946998 6.692042 2.862826
 0.000230 1.735790 1.981206 2.942120 6.659116 2.129170
 0.000231 1.725896 1.957847 2.936976 6.620718 1.410525
 0.000231 1.714978 1.933561 2.931581 6.580119 0.811038
 0.000232 1.704615 1.909946 2.925999 6.540560 0.385455
 0.000232 1.695662 1.889350 2.920170 6.505181 0.137407
 0.000233 1.689166 1.873105 2.914101 6.476372 0.027881
 0.000233 1.686505 1.862302 2.908014 6.456822 0.000825
 0.000234 1.687696 1.857146 2.901771 6.446613 0.001888
 0.000234 1.693053 1.857687 2.895310 6.446050 0.002250
 0.000235 1.702698 1.863981 2.888788 6.455467 0.000367
 0.000235 1.716541 1.875443 2.882224 6.474209 0.023005
 0.000236 1.734028 1.890628 2.875537 6.500193 0.112501
 0.000236 1.753984 1.908401 2.868804 6.531189 0.307567
 0.000237 1.774997 1.927533 2.862020 6.564550 0.624865
 0.000237 1.795983 1.946267 2.855198 6.597447 1.046739
 0.000238 1.815628 1.962936 2.848435 6.626999 1.517988
 0.000238 1.832399 1.975708 2.841673 6.649781 1.940882
 0.000239 1.845432 1.983424 2.834910 6.663766 2.226214
 0.000239 1.854624 1.985362 2.828198 6.668184 2.320409
 0.000240 1.860102 1.981395 2.821516 6.663012 2.210333
 0.000240 1.862156 1.972062 2.814902 6.649120 1.927889
 0.000241 1.861855 1.957964 2.808351 6.628171 1.538470
 0.000241 1.859836 1.940398 2.801897 6.602132 1.115613
 0.000242 1.857255 1.921251 2.795610 6.574116 0.736378
 0.000242 1.855169 1.901721 2.789442 6.546332 0.437797
 0.000243 1.854362 1.883393 2.783554 6.521309 0.234956
 0.000243 1.855600 1.867359 2.777992 6.500951 0.116124
 0.000244 1.859086 1.854494 2.772787 6.486368 0.056478
 0.000244 1.865148 1.845507 2.767882 6.478538 0.033228
 0.000245 1.873782 1.840902 2.763263 6.477947 0.031722
 0.000245 1.884806 1.840838 2.758918 6.484562 0.050573
 0.000246 1.897900 1.845325 2.754871 6.498096 0.102775
 0.000246 1.912755 1.853913 2.751101 6.517769 0.211318
 0.000247 1.928873 1.865480 2.747623 6.541977 0.397996
 0.000247 1.945880 1.879339 2.744453 6.569673 0.683452
 0.000248 1.963173 1.894301 2.741601 6.599075 1.070426
 0.000248 1.979445 1.908597 2.739015 6.627057 1.519004
 0.000249 1.993652 1.920334 2.736725 6.650710 1.959245
 0.000249 2.004636 1.928133 2.734712 6.667482 2.305299
 0.000250 2.011109 1.930687 2.732911 6.674707 2.463055
 0.000250 2.012936 1.927238 2.731281 6.671455 2.391415
 0.000251 2.009932 1.918095 2.729918 6.657945 2.105070
 0.000251 2.002733 1.903946 2.728771 6.635449 1.668786
 0.000252 1.992214 1.885566 2.727903 6.605682 1.169285
 0.000252 1.979118 1.864239 2.727282 6.570639 0.694795
 0.000253 1.964769 1.841466 2.726921 6.533156 0.323184
 0.000253 1.949600 1.819222 2.726802 6.495623 0.091870
 0.000254 1.934992 1.799160 2.726948 6.461100 0.003479
 0.000254 1.921891 1.782616 2.727299 6.431806 0.021951
 0.000255 1.911172 1.770771 2.727818 6.409762 0.092436
 0.000255 1.903960 1.764407 2.728598 6.396965 0.155649
 0.000256 1.901010 1.764226 2.729696 6.394933 0.167192
 0.000256 1.902373 1.769788 2.730982 6.403143 0.123084
 0.000257 1.907824 1.780457 2.732407 6.420688 0.051427
 0.000257 1.916790 1.795471 2.734022 6.446283 0.002097
 0.000258 1.928748 1.813164 2.735811 6.477723 0.031162
 0.000258 1.942331 1.831745 2.737773 6.511849 0.174581
 0.000259 1.956568 1.849654 2.739881 6.546103 0.435657
 0.000259 1.970466 1.864636 2.742091 6.577192 0.774181
 0.000260 1.982872 1.874463 2.744464 6.601799 1.110646
 0.000260 1.992542 1.878372 2.746910 6.617824 1.362327
 0.000261 1.998519 1.875759 2.749461 6.623738 1.461704
 0.000261 2.000429 1.866746 2.752040 6.619215 1.385382
 0.000262 1.998068 1.852094 2.754662 6.604824 1.156187
 0.000262 1.992115 1.833878 2.757276 6.583269 0.851646
 0.000263 1.983669 1.814050 2.759865 6.557584 0.549419
 0.000263 1.973834 1.794485 2.762386 6.530706 0.303789
 0.000264 1.963559 1.776645 2.764837 6.505041 0.136671
 0.000264 1.953894 1.761939 2.767195 6.483028 0.045811
 0.000265 1.946025 1.751426 2.769450 6.466901 0.010001
 0.000265 1.940699 1.745716 2.771660 6.458076 0.001414
 0.000266 1.938411 1.745484 2.773790 6.457686 0.001214
 0.000266 1.939517 1.750572 2.775854 6.465942 0.008690
 0.000267 1.943972 1.761070 2.777963 6.483005 0.045743
 0.000267 1.951544 1.776533 2.780009 6.508085 0.153050
 0.000268 1.962046 1.795968 2.781895 6.539910 0.379769
 0.000268 1.974809 1.817553 2.783689 6.576051 0.760051
 0.000269 1.988406 1.840198 2.785395 6.613998 1.299911
 0.000269 2.001719 1.862668 2.786881 6.651268 1.970292
 0.000270 2.013613 1.882669 2.788197 6.684479 2.684711
 0.000270 2.022463 1.898634 2.789410 6.710507 3.321713
 0.000271 2.027903 1.909294 2.790545 6.727742 3.780804
 0.000271 2.029904 1.913521 2.791663 6.735088 3.985495
 0.000272 2.028284 1.911386 2.792715 6.732385 3.909552
 0.000272 2.022769 1.903335 2.793661 6.719765 3.564618
 0.000273 2.014184 1.890293 2.794623 6.699100 3.034205
 0.000273 2.003354 1.873760 2.795611 6.672724 2.419247
 0.000274 1.991856 1.855410 2.796448 6.643714 1.823207
 0.000274 1.980586 1.836955 2.797256 6.614797 1.312822
 0.000275 1.970526 1.819562 2.798036 6.588123 0.916178
 0.000275 1.962719 1.804459 2.798755 6.565933 0.640426
 0.000276 1.957901 1.792875 2.799513 6.550289 0.475605
 0.000276 1.956316 1.786044 2.800406 6.542767 0.405076
 0.000277 1.958461 1.784344 2.801403 6.544207 0.418145
 0.000277 1.964231 1.787371 2.802424 6.554025 0.512747
 0.000278 1.972906 1.794701 2.803472 6.571079 0.699991
 0.000278 1.984144 1.805973 2.804539 6.594656 1.006747
 0.000279 1.996894 1.820704 2.805634 6.623232 1.453055
 0.000279 2.010452 1.837779 2.806709 6.654939 2.043854
 0.000280 2.023421 1.855404 2.807676 6.686501 2.731767
 0.000280 2.034790 1.872606 2.808775 6.716171 3.469311
 0.000281 2.043461 1.887584 2.809889 6.740934 4.152259
 0.000281 2.048492 1.898523 2.810965 6.757980 4.657999
 0.000282 2.049561 1.904543 2.812024 6.766129 4.910053
 0.000282 2.046782 1.904723 2.813091 6.764596 4.862127
 0.000283 2.040208 1.899016 2.814221 6.753445 4.520612
 0.000283 2.030511 1.887752 2.815406 6.733668 3.945517
 0.000284 2.018550 1.871705 2.816610 6.706866 3.228518
 0.000284 2.005185 1.852022 2.817865 6.675072 2.471168
 0.000285 1.991356 1.830164 2.819166 6.640685 1.765818
 0.000285 1.978842 1.807853 2.820617 6.607312 1.194335
 0.000286 1.968613 1.787175 2.822229 6.578017 0.784478
 0.000286 1.961443 1.769138 2.823976 6.554557 0.518150
 0.000287 1.958092 1.754828 2.825784 6.538704 0.369328
 0.000287 1.958588 1.745018 2.827662 6.531268 0.308184
 0.000288 1.962761 1.739984 2.829608 6.532352 0.316758
 0.000288 1.970433 1.739823 2.831655 6.541911 0.397410
 0.000289 1.980930 1.744281 2.833814 6.559024 0.564622
 0.000289 1.993301 1.752679 2.835998 6.581977 0.834872
 0.000290 2.006502 1.764659 2.838236 6.609397 1.226772
 0.000290 2.019694 1.779060 2.840511 6.639266 1.739245
 0.000291 2.032097 1.794402 2.842831 6.669331 2.345184
 0.000291 2.042609 1.809277 2.845264 6.697150 2.986354
 0.000292 2.050324 1.822355 2.847693 6.720371 3.580824
 0.000292 2.053875 1.831603 2.850230 6.735709 4.003043
 0.000293 2.052806 1.835734 2.852812 6.741353 4.164331
 0.000293 2.047053 1.834509 2.855301 6.736863 4.035766
 0.000294 2.037262 1.827620 2.857786 6.722667 3.642537
 0.000294 2.024444 1.816199 2.860246 6.700888 3.078421
 0.000295 2.009624 1.801150 2.862718 6.673492 2.436158
 0.000295 1.993899 1.783593 2.865118 6.642610 1.802171
 0.000296 1.978500 1.765051 2.867502 6.611053 1.252852
 0.000296 1.964810 1.746693 2.869852 6.581356 0.826859
 0.000297 1.953722 1.730047 2.872209 6.555978 0.532713
 0.000297 1.946134 1.716123 2.874527 6.536784 0.353016
 0.000298 1.942368 1.706023 2.876785 6.525175 0.262208
 0.000298 1.942571 1.700072 2.879022 6.521665 0.237403
 0.000299 1.946907 1.699341 2.881257 6.527505 0.279353
 0.000299 1.955108 1.703553 2.883489 6.542150 0.399541
 0.000300 1.966699 1.711847 2.885741 6.564287 0.621929
 0.000300 1.980807 1.723819 2.887988 6.592614 0.977976
 0.000301 1.996252 1.738224 2.890103 6.624579 1.476111
 0.000301 2.011686 1.754358 2.892054 6.658098 2.108208
 0.000302 2.025736 1.770612 2.893827 6.690175 2.818318
 0.000302 2.037222 1.785114 2.895433 6.717769 3.511527
 0.000303 2.044683 1.797033 2.896900 6.738617 4.085738
 0.000303 2.047318 1.804948 2.898293 6.750559 4.434241
 0.000304 2.044826 1.808616 2.899544 6.752986 4.506823
 0.000304 2.037074 1.807487 2.900683 6.745245 4.277414
 0.000305 2.024857 1.802302 2.901654 6.728812 3.810285
 0.000305 2.008896 1.794032 2.902430 6.705358 3.190328
 0.000306 1.990147 1.783354 2.902945 6.676446 2.501797
 0.000306 1.970215 1.771383 2.903188 6.644786 1.843732
 0.000307 1.950626 1.759481 2.903293 6.613401 1.290294
 0.000307 1.932301 1.749080 2.903273 6.584654 0.869823
 0.000308 1.915761 1.740781 2.903094 6.559636 0.571140
 0.000308 1.902629 1.735487 2.902688 6.540804 0.387598
 0.000309 1.893424 1.733635 2.902078 6.529137 0.291682
 0.000309 1.888504 1.735564 2.901397 6.525464 0.264307
 0.000310 1.888192 1.741221 2.900639 6.530052 0.298712
 0.000310 1.892162 1.750469 2.899811 6.542442 0.402155
 0.000311 1.899803 1.762685 2.898929 6.561417 0.590329
 0.000311 1.910520 1.777165 2.897913 6.585598 0.882309
 0.000312 1.923273 1.793125 2.896755 6.613153 1.286324
 0.000312 1.936604 1.809702 2.895546 6.641852 1.787815
 0.000313 1.949940 1.825350 2.894192 6.669482 2.348456
 0.000313 1.961206 1.838763 2.892705 6.692674 2.877968
 0.000314 1.968382 1.848992 2.891158 6.708532 3.270991
 0.000314 1.970816 1.855059 2.889566 6.715440 3.450076
 0.000315 1.968061 1.856464 2.887854 6.712378 3.370122
 0.000315 1.960425 1.853387 2.886132 6.699944 3.055041
 0.000316 1.948231 1.846453 2.884306 6.678991 2.559050
 0.000316 1.932428 1.836676 2.882406 6.651509 1.975083
 0.000317 1.914361 1.824829 2.880498 6.619688 1.393270
 0.000317 1.895718 1.812014 2.878472 6.586204 0.890382
 0.000318 1.877723 1.799290 2.876389 6.553402 0.506457
 0.000318 1.861695 1.788318 2.874190 6.524203 0.255212
 0.000319 1.848316 1.779749 2.871889 6.499954 0.111372
 0.000319 1.838537 1.773916 2.869489 6.481942 0.042584
 0.000320 1.832791 1.771900 2.867059 6.471750 0.018034
 0.000320 1.831518 1.773958 2.864617 6.470093 0.015025
 0.000321 1.834411 1.779538 2.862185 6.476134 0.027321
 0.000321 1.840535 1.788149 2.859766 6.488450 0.063693
 0.000322 1.848812 1.799128 2.857378 6.505318 0.138126
 0.000322 1.858378 1.812083 2.855047 6.525509 0.264627
 0.000323 1.868197 1.826309 2.852811 6.547318 0.447069
 0.000323 1.876761 1.840922 2.850514 6.568196 0.666293
 0.000324 1.882958 1.855070 2.848124 6.586152 0.889696
 0.000324 1.885780 1.867563 2.845679 6.599021 1.069635
 0.000325 1.885354 1.877399 2.843213 6.605966 1.173620
 0.000325 1.881471 1.884025 2.840781 6.606278 1.178405
 0.000326 1.873951 1.887427 2.838430 6.599808 1.081180
 0.000326 1.863719 1.887716 2.836047 6.587482 0.907518
 0.000327 1.852269 1.885596 2.833599 6.571464 0.704543
 0.000327 1.840190 1.880969 2.831154 6.552314 0.495559
 0.000328 1.828853 1.874315 2.828679 6.531847 0.312749
 0.000328 1.819148 1.866736 2.826309 6.512193 0.176625
 0.000329 1.812054 1.859375 2.824078 6.495507 0.091370
 0.000329 1.808283 1.852981 2.822010 6.483274 0.046561
 0.000330 1.808478 1.848315 2.820050 6.476843 0.029004
 0.000330 1.812681 1.846172 2.818211 6.477064 0.029537
 0.000331 1.820921 1.847029 2.816415 6.484365 0.049949
 0.000331 1.832413 1.850774 2.814654 6.497841 0.101621
 0.000332 1.846921 1.857319 2.813041 6.517281 0.208159
 0.000332 1.863089 1.866480 2.811603 6.541172 0.390847
 0.000333 1.880123 1.877994 2.810326 6.568444 0.669152
 0.000333 1.896789 1.890967 2.809226 6.596983 1.040032
 0.000334 1.912251 1.904576 2.808344 6.625171 1.486296
 0.000334 1.925337 1.918290 2.807589 6.651216 1.969268
 0.000335 1.934529 1.931000 2.806987 6.672516 2.414668
 0.000335 1.939179 1.941947 2.806511 6.687637 2.758383
 0.000336 1.938366 1.950381 2.806119 6.694866 2.930792
 0.000336 1.931796 1.955852 2.805869 6.693517 2.898239
 0.000337 1.919619 1.957960 2.805788 6.683368 2.659025
 0.000337 1.902485 1.956978 2.805847 6.665310 2.258915
 0.000338 1.881600 1.953239 2.806010 6.640849 1.768900
 0.000338 1.858287 1.947329 2.806333 6.611950 1.267087
 0.000339 1.834039 1.939959 2.806840 6.580838 0.820213
 0.000339 1.810246 1.931587 2.807621 6.549454 0.467498
 0.000340 1.787825 1.923042 2.808703 6.519570 0.223186
 0.000340 1.768319 1.915296 2.810048 6.493663 0.083658
 0.000341 1.752929 1.909139 2.811533 6.473600 0.021718
 0.000341 1.742352 1.905151 2.813207 6.460711 0.003162
 0.000342 1.737007 1.903999 2.815159 6.456164 0.000580
 0.000342 1.736901 1.905539 2.817363 6.459803 0.002481
 0.000343 1.742253 1.909738 2.819869 6.471860 0.018244
 0.000343 1.752015 1.916143 2.822518 6.490676 0.071888
 0.000344 1.765714 1.924495 2.825373 6.515581 0.197333
 0.000344 1.782165 1.933879 2.828387 6.544431 0.420190
 0.000345 1.799730 1.943465 2.831580 6.574775 0.744402
 0.000345 1.816175 1.952551 2.834936 6.603662 1.138593
 0.000346 1.830243 1.960506 2.838454 6.629203 1.556635
 0.000346 1.840695 1.966095 2.842135 6.648924 1.924041
 0.000347 1.846462 1.969140 2.845950 6.661552 2.179731
 0.000347 1.847025 1.969266 2.849899 6.666190 2.277649
 0.000348 1.842800 1.966692 2.853960 6.663452 2.219585
 0.000348 1.834539 1.961419 2.858158 6.654115 2.027222
 0.000349 1.823501 1.954073 2.862469 6.640044 1.753784
 0.000349 1.811200 1.945291 2.866937 6.623427 1.456392
 0.000350 1.798139 1.935504 2.871485 6.605128 1.160824
 0.000350 1.785563 1.925313 2.876143 6.587019 0.901299
 0.000351 1.775190 1.915991 2.880820 6.572002 0.710944
 0.000351 1.768257 1.907891 2.885514 6.561661 0.592991
 0.000352 1.764978 1.901441 2.890257 6.556676 0.539940
 0.000352 1.765662 1.896759 2.895007 6.557428 0.547779
 0.000353 1.770348 1.893792 2.899869 6.564009 0.618837
 0.000353 1.779165 1.892495 2.904756 6.576415 0.764550
 0.000354 1.791966 1.892587 2.909584 6.594136 0.999382
 0.000354 1.808043 1.894075 2.914355 6.616472 1.340112
 0.000355 1.826014 1.896467 2.919102 6.641582 1.782716
 0.000355 1.844909 1.899056 2.923845 6.667810 2.312356
 0.000356 1.864320 1.901285 2.928499 6.694104 2.912390
 0.000356 1.882984 1.902116 2.933001 6.718101 3.520316
 0.000357 1.899308 1.900967 2.937308 6.737583 4.056258
 0.000357 1.912534 1.897563 2.941470 6.751567 4.464309
 0.000358 1.921857 1.891656 2.945482 6.758995 4.689046
 0.000358 1.926737 1.883243 2.949333 6.759313 4.698778
 0.000359 1.926786 1.872218 2.952951 6.751955 4.475934
 0.000359 1.922109 1.858750 2.956414 6.737273 4.047426
 0.000360 1.913099 1.843522 2.959692 6.716313 3.473051
 0.000360 1.900487 1.827235 2.962774 6.690496 2.825955
 0.000361 1.885308 1.811031 2.965582 6.661921 2.187443
 0.000361 1.868916 1.796156 2.968165 6.633237 1.628617
 0.000362 1.851950 1.783323 2.970546 6.605818 1.171360
 0.000362 1.835561 1.772726 2.972746 6.581033 0.822714
 0.000363 1.820876 1.765374 2.974778 6.561027 0.586106
 0.000363 1.808852 1.761682 2.976630 6.547164 0.445616
 0.000364 1.799911 1.761532 2.978292 6.539736 0.378255
 0.000364 1.794407 1.764581 2.979793 6.538781 0.369990
 0.000365 1.792630 1.771092 2.981103 6.544824 0.423805
 0.000365 1.794055 1.780425 2.982225 6.556705 0.540244
 0.000366 1.798292 1.791241 2.983214 6.572746 0.719852
 0.000366 1.804503 1.802643 2.984095 6.591241 0.958869
 0.000367 1.812123 1.813369 2.984846 6.610338 1.241564
 0.000367 1.819911 1.821482 2.985476 6.626869 1.515720
 0.000368 1.826912 1.826191 2.986001 6.639104 1.736233
 0.000368 1.832416 1.827068 2.986363 6.645847 1.864161
 0.000369 1.835470 1.823092 2.986603 6.645165 1.851014
 0.000369 1.834986 1.814843 2.986855 6.636683 1.691416
 0.000370 1.831068 1.802960 2.987035 6.621063 1.416313
 0.000370 1.823342 1.788870 2.987103 6.599314 1.073926
 0.000371 1.812580 1.773570 2.987129 6.573279 0.726260
 0.000371 1.799293 1.758255 2.987124 6.544671 0.422394
 0.000372 1.784588 1.744643 2.987077 6.516308 0.201927
 0.000372 1.770476 1.734082 2.987064 6.491622 0.075518
 0.000373 1.758140 1.727256 2.987033 6.472429 0.019347
 0.000373 1.748506 1.724807 2.987024 6.460336 0.002871
 0.000374 1.741820 1.726771 2.987044 6.455634 0.000414
 0.000374 1.738521 1.733057 2.987110 6.458688 0.001758
 0.000375 1.739143 1.743013 2.987210 6.469366 0.013790
 0.000375 1.744163 1.755822 2.987381 6.487366 0.059885
 0.000376 1.753028 1.770505 2.987706 6.511239 0.170997
 0.000376 1.765241 1.785800 2.988139 6.539179 0.373428
 0.000377 1.780076 1.800349 2.988607 6.569032 0.675971
 0.000377 1.796187 1.812405 2.989196 6.597787 1.051666
 0.000378 1.812655 1.820395 2.989799 6.622849 1.446535
 0.000378 1.828693 1.823900 2.990471 6.643064 1.810804
 0.000379 1.843837 1.822567 2.991154 6.657558 2.097131
 0.000379 1.857117 1.816533 2.991943 6.665593 2.264918
 0.000380 1.868417 1.806658 2.992789 6.667864 2.313517
 0.000380 1.877556 1.794278 2.993657 6.665491 2.262764
 0.000381 1.884264 1.780448 2.994515 6.659227 2.131460
 0.000381 1.888386 1.766462 2.995353 6.650201 1.949170
 0.000382 1.890376 1.753931 2.996202 6.640509 1.762510
 0.000382 1.890884 1.743334 2.997068 6.631286 1.593597
 0.000383 1.890145 1.735497 2.997958 6.623600 1.459340
 0.000383 1.888812 1.731155 2.998937 6.618904 1.380215
 0.000384 1.887132 1.731227 2.999960 6.618320 1.370521
 0.000384 1.885824 1.735904 3.001041 6.622770 1.445190
 0.000385 1.885169 1.744646 3.002121 6.631936 1.605227
 0.000385 1.885200 1.757417 3.003196 6.645812 1.863485
 0.000386 1.885680 1.773279 3.004305 6.663264 2.215622
 0.000386 1.886520 1.791335 3.005375 6.683231 2.655866
 0.000387 1.887892 1.810692 3.006364 6.704948 3.179985
 0.000387 1.889527 1.830651 3.007252 6.727430 3.772227
 0.000388 1.891019 1.850356 3.008092 6.749467 4.401793
 0.000388 1.892242 1.868675 3.008949 6.769866 5.027858
 0.000389 1.892696 1.883991 3.009761 6.786447 5.567411
 0.000389 1.891489 1.895456 3.010546 6.797491 5.942014
 0.000390 1.888703 1.902735 3.011213 6.802651 6.121238
 0.000390 1.884327 1.905029 3.011822 6.801179 6.069845
 0.000391 1.878686 1.902456 3.012413 6.793555 5.807121
 0.000391 1.871479 1.895394 3.012865 6.779739 5.345794
 0.000392 1.862827 1.884423 3.013210 6.760459 4.733989
 0.000392 1.853022 1.870493 3.013517 6.737032 4.040572
 0.000393 1.842289 1.854488 3.013767 6.710545 3.322683
 0.000393 1.831250 1.837466 3.013987 6.682702 2.643703
 0.000394 1.820553 1.820357 3.014097 6.655008 2.045231
 0.000394 1.810937 1.804147 3.014066 6.629151 1.555715
 0.000395 1.802416 1.789905 3.013882 6.606203 1.177261
 0.000395 1.795479 1.778742 3.013590 6.587811 0.911959
 0.000396 1.791132 1.770679 3.013167 6.574978 0.746881
 0.000396 1.789366 1.766375 3.012560 6.568301 0.667503
 0.000397 1.789893 1.765758 3.011893 6.567544 0.658781
 0.000397 1.792389 1.768714 3.011151 6.572255 0.713967
 0.000398 1.796636 1.774914 3.010338 6.581887 0.833705
 0.000398 1.802405 1.783746 3.009504 6.595655 1.020974
 0.000399 1.809235 1.793975 3.008586 6.611796 1.264638
 0.000399 1.816413 1.804804 3.007582 6.628800 1.549521
 0.000400 1.823377 1.815324 3.006419 6.645120 1.850152
 0.000400 1.829471 1.823559 3.005093 6.658123 2.108718
 0.000401 1.834000 1.828197 3.003570 6.665767 2.268623
 0.000401 1.837037 1.828602 3.001904 6.667543 2.306609
 0.000402 1.838969 1.824173 3.000115 6.663257 2.215470
 0.000402 1.839862 1.814559 2.998173 6.652594 1.996706
 0.000403 1.839881 1.800340 2.996012 6.636234 1.683154
 0.000403 1.839593 1.782968 2.993607 6.616168 1.335130
 0.000404 1.839037 1.763672 2.990975 6.593683 0.992991
 0.000404 1.839195 1.743791 2.988241 6.571227 0.701735
 0.000405 1.840769 1.725183 2.985341 6.551292 0.485444
 0.000405 1.844311 1.709103 2.982289 6.535702 0.343982
 0.000406 1.850106 1.696606 2.979143 6.525855 0.267151
 0.000406 1.858636 1.688383 2.975939 6.522958 0.246395
 0.000407 1.869911 1.684878 2.972639 6.527429 0.278780
 0.000407 1.883722 1.686007 2.969270 6.538999 0.371874
 0.000408 1.898753 1.691496 2.965861 6.556110 0.534074
 0.000408 1.914530 1.701227 2.962406 6.578164 0.786324
 0.000409 1.930522 1.714480 2.958847 6.603849 1.141419
 0.000409 1.946163 1.730027 2.955249 6.631438 1.596324
 0.000410 1.960567 1.746545 2.951616 6.658727 2.121155
 0.000410 1.973196 1.762590 2.947886 6.683672 2.666055
 0.000411 1.982630 1.776702 2.944165 6.703497 3.143485
 0.000411 1.988773 1.787916 2.940409 6.717097 3.493741
 0.000412 1.990797 1.795315 2.936553 6.722665 3.642479
 0.000412 1.989188 1.798503 2.932604 6.720295 3.578781
 0.000413 1.984825 1.797299 2.928572 6.710695 3.326570
 0.000413 1.978008 1.792193 2.924475 6.694677 2.926222
 0.000414 1.969618 1.784057 2.920321 6.673996 2.447298
 0.000414 1.960230 1.773376 2.916166 6.649772 1.940715
 0.000415 1.950385 1.761542 2.912081 6.624008 1.466325
 0.000415 1.940677 1.749484 2.908031 6.598192 1.057543
 0.000416 1.932007 1.738021 2.904017 6.574046 0.735529
 0.000416 1.924682 1.728307 2.900104 6.553092 0.503342
 0.000417 1.919029 1.720353 2.896375 6.535757 0.344438
 0.000417 1.915384 1.715153 2.892845 6.523382 0.249384
 0.000418 1.914345 1.713239 2.889487 6.517071 0.206806
 0.000418 1.915431 1.714564 2.886260 6.516255 0.201592
 0.000419 1.918561 1.719377 2.883150 6.521088 0.233443
 0.000419 1.923148 1.727187 2.880110 6.530445 0.301760
 0.000420 1.928395 1.737313 2.877206 6.542914 0.406398
 0.000420 1.933598 1.748562 2.874402 6.556562 0.538759
 0.000421 1.937579 1.760033 2.871656 6.569267 0.678714
 0.000421 1.939477 1.771354 2.868910 6.579741 0.806222
 0.000422 1.938595 1.781118 2.866241 6.585954 0.887046
 0.000422 1.934637 1.788403 2.863684 6.586724 0.897333
 0.000423 1.927015 1.792330 2.861335 6.580679 0.818186
 0.000423 1.915851 1.792495 2.859162 6.567508 0.658369
 0.000424 1.901747 1.789406 2.857158 6.548311 0.456511
 0.000424 1.885663 1.783477 2.855358 6.524497 0.257323
 0.000425 1.868591 1.775453 2.853704 6.497749 0.101205
 0.000425 1.851678 1.766142 2.852165 6.469985 0.014837
 0.000426 1.836245 1.756678 2.850805 6.443728 0.004078
 0.000426 1.823639 1.748227 2.849650 6.421516 0.048805
 0.000427 1.814462 1.741732 2.848669 6.404863 0.114701
 0.000427 1.809261 1.737809 2.847843 6.394914 0.167303
 0.000428 1.808031 1.737366 2.847145 6.392542 0.181300
 0.000428 1.811061 1.740377 2.846582 6.398020 0.149815
 0.000429 1.817945 1.746623 2.846150 6.410717 0.088373
 0.000429 1.828304 1.756182 2.845855 6.430340 0.025129
 0.000430 1.841228 1.767905 2.845666 6.454799 0.000208
 0.000430 1.855741 1.781241 2.845604 6.482587 0.044487
 0.000431 1.870482 1.794464 2.845642 6.510588 0.167212
 0.000431 1.884135 1.806321 2.845712 6.536169 0.347861
 0.000432 1.894964 1.816177 2.845810 6.556950 0.542794
 0.000432 1.902039 1.823483 2.845970 6.571492 0.704875
 0.000433 1.904912 1.827370 2.846152 6.578434 0.789714
 0.000433 1.903698 1.828318 2.846354 6.578370 0.788909
 0.000434 1.898997 1.826751 2.846620 6.572368 0.715325
 0.000434 1.891466 1.823268 2.846963 6.561698 0.593387
 0.000435 1.882142 1.818476 2.847356 6.547974 0.453294
 0.000435 1.872461 1.812883 2.847730 6.533074 0.322525
 0.000436 1.862877 1.807791 2.848141 6.518810 0.218138
 0.000436 1.854417 1.803917 2.848642 6.506976 0.146975
 0.000437 1.847901 1.802119 2.849175 6.499195 0.107817
 0.000437 1.843524 1.802978 2.849840 6.496342 0.094975
 0.000438 1.841758 1.806799 2.850662 6.499219 0.107928
 0.000438 1.843129 1.813538 2.851553 6.508220 0.153797
 0.000439 1.847355 1.822598 2.852541 6.522494 0.243149
 0.000439 1.854393 1.833305 2.853650 6.541349 0.392410
 0.000440 1.863655 1.845384 2.854903 6.563943 0.618099
 0.000440 1.874725 1.858024 2.856220 6.588969 0.927663
 0.000441 1.886747 1.870487 2.857601 6.614835 1.313432
 0.000441 1.898562 1.881482 2.859034 6.639078 1.735737
 0.000442 1.909179 1.890474 2.860520 6.660174 2.151048
 0.000442 1.918060 1.897412 2.862062 6.677534 2.526192
 0.000443 1.924443 1.901843 2.863657 6.689943 2.812812
 0.000443 1.928411 1.903282 2.865262 6.696955 2.981593
 0.000444 1.928976 1.901809 2.866851 6.697635 2.998230
 0.000444 1.926064 1.898030 2.868366 6.692459 2.872818
 0.000445 1.920282 1.892776 2.869830 6.682889 2.647990
 0.000445 1.911474 1.886408 2.871235 6.669117 2.340557
 0.000446 1.900103 1.879475 2.872649 6.652227 1.989376
 0.000446 1.887432 1.872957 2.874019 6.634408 1.649816
 0.000447 1.874120 1.867901 2.875357 6.617378 1.354983
 0.000447 1.860678 1.865169 2.876705 6.602552 1.121903
 0.000448 1.848095 1.865266 2.878096 6.591457 0.961860
 0.000448 1.837349 1.868223 2.879557 6.585129 0.876090
 0.000449 1.829478 1.874053 2.881088 6.584619 0.869354
 0.000449 1.824512 1.882748 2.882633 6.589892 0.940284
 0.000450 1.822304 1.894086 2.884121 6.600511 1.091539
 0.000450 1.823006 1.907555 2.885560 6.616121 1.334362
 0.000451 1.826284 1.922159 2.886868 6.635311 1.666267
 0.000451 1.831434 1.937205 2.888154 6.656793 2.081508
 0.000452 1.838189 1.951814 2.889376 6.679378 2.567825
 0.000452 1.845345 1.964738 2.890481 6.700564 3.070374
 0.000453 1.851767 1.975468 2.891448 6.718682 3.535768
 0.000453 1.856974 1.983514 2.892309 6.732797 3.921066
 0.000454 1.860305 1.987998 2.892983 6.741286 4.162400
 0.000454 1.861371 1.988670 2.893498 6.743539 4.227655
 0.000455 1.859863 1.985696 2.893824 6.739382 4.107654
 0.000455 1.855950 1.979617 2.893923 6.729490 3.829021
 0.000456 1.850050 1.971207 2.893839 6.715096 3.441046
 0.000456 1.842049 1.961399 2.893607 6.697055 2.984026
 0.000457 1.832851 1.950736 2.893170 6.676756 2.508750
 0.000457 1.823706 1.940660 2.892579 6.656945 2.084608
 0.000458 1.815332 1.931846 2.891744 6.638923 1.732850
 0.000458 1.807955 1.924938 2.890685 6.623578 1.458971
 0.000459 1.801867 1.920867 2.889492 6.612226 1.271500
 0.000459 1.797434 1.919766 2.888234 6.605434 1.165482
 0.000460 1.794858 1.922239 2.886819 6.603916 1.142427
 0.000460 1.794190 1.928212 2.885240 6.607642 1.199444
 0.000461 1.795637 1.937399 2.883419 6.616455 1.339829
 0.000461 1.798655 1.948969 2.881467 6.629091 1.554658
 0.000462 1.803017 1.962493 2.879349 6.644859 1.845131
 0.000462 1.808086 1.977253 2.877171 6.662510 2.199791
 0.000463 1.812979 1.992261 2.874806 6.680046 2.582987
 0.000463 1.817136 2.006856 2.872264 6.696256 2.964552
 0.000464 1.820420 2.019798 2.869668 6.709886 3.305735
 0.000464 1.822362 2.030381 2.866909 6.719652 3.561598
 0.000465 1.822539 2.037817 2.863978 6.724334 3.687672
 0.000465 1.821144 2.041395 2.861020 6.723558 3.666623
 0.000466 1.818030 2.040736 2.857899 6.716666 3.482342
 0.000466 1.813244 2.035882 2.854692 6.703818 3.151530
 0.000467 1.807458 2.027489 2.851449 6.686396 2.729319
 0.000467 1.800805 2.016096 2.848179 6.665081 2.254035
 0.000468 1.793536 2.002579 2.844946 6.641061 1.772885
 0.000468 1.786475 1.987920 2.841665 6.616059 1.333350
 0.000469 1.780298 1.973475 2.838375 6.592148 0.971476
 0.000469 1.775172 1.960026 2.835168 6.570366 0.691574
 0.000470 1.771554 1.948168 2.832020 6.551742 0.489888
 0.000470 1.769833 1.938479 2.828886 6.537198 0.356501
 0.000471 1.770265 1.931788 2.825840 6.527893 0.282259
 0.000471 1.772610 1.928237 2.822832 6.523679 0.251484
 0.000472 1.776862 1.928074 2.819813 6.524749 0.259130
 0.000472 1.782278 1.931372 2.816891 6.530541 0.302507
 0.000473 1.788293 1.937759 2.814099 6.540151 0.381875
 0.000473 1.794732 1.946476 2.811349 6.552557 0.497985
 0.000474 1.800606 1.957130 2.808705 6.566441 0.646185
 0.000474 1.805388 1.969107 2.806269 6.580764 0.819272
 0.000475 1.808240 1.981260 2.803957 6.593456 0.989794
 0.000475 1.808420 1.992266 2.801726 6.602412 1.119808
 0.000476 1.805487 2.001453 2.799560 6.606500 1.181821
 0.000476 1.799751 2.007606 2.797464 6.604821 1.156148
 0.000477 1.791221 2.010110 2.795464 6.596795 1.037317
 0.000477 1.780475 2.009041 2.793563 6.583079 0.849171
 0.000478 1.768226 2.004293 2.791722 6.564242 0.621424
 0.000478 1.755419 1.996094 2.789976 6.541489 0.393652
 0.000479 1.742929 1.985565 2.788353 6.516846 0.205361
 0.000479 1.731925 1.973770 2.787012 6.492707 0.079794
 0.000480 1.722801 1.961969 2.785920 6.470690 0.016077
 0.000480 1.716168 1.951025 2.785102 6.452295 0.000011
 0.000481 1.712436 1.941393 2.784517 6.438345 0.010387
 0.000481 1.712198 1.933965 2.784199 6.430362 0.025081
 0.000482 1.714986 1.929555 2.784090 6.428631 0.029108
 0.000482 1.720689 1.928180 2.784139 6.433008 0.019505
 0.000483 1.728726 1.929806 2.784361 6.442894 0.004866
 0.000483 1.738577 1.933851 2.784752 6.457180 0.000977
 0.000484 1.749252 1.940206 2.785303 6.474761 0.024206
 0.000484 1.759585 1.948105 2.786009 6.493699 0.083807
 0.000485 1.768043 1.956804 2.786845 6.511692 0.173658
 0.000485 1.773650 1.965744 2.787750 6.527143 0.276654
 0.000486 1.775885 1.974393 2.788785 6.539062 0.372418
 0.000486 1.774632 1.981667 2.789893 6.546192 0.436489
 0.000487 1.769903 1.986553 2.790975 6.547432 0.448148
 0.000487 1.762175 1.988742 2.791995 6.542912 0.406377
 0.000488 1.752355 1.988394 2.793144 6.533893 0.329142
 0.000488 1.741571 1.985514 2.794368 6.521453 0.235943
 0.000489 1.730558 1.980559 2.795592 6.506710 0.145536
 0.000489 1.720580 1.974539 2.796779 6.491898 0.076594
 0.000490 1.712273 1.968005 2.797909 6.478187 0.032331
 0.000490 1.706466 1.961762 2.798981 6.467208 0.010440
 0.000491 1.703667 1.956397 2.800023 6.460087 0.002685
 0.000491 1.704413 1.952292 2.801068 6.457773 0.001257
 0.000492 1.708893 1.949399 2.802171 6.460463 0.002968
 0.000492 1.716521 1.948270 2.803204 6.467995 0.011607
 0.000493 1.726777 1.949184 2.804174 6.480135 0.037473
 0.000493 1.739282 1.951971 2.805064 6.496317 0.094865
 0.000494 1.752681 1.956432 2.805886 6.514999 0.193690
 0.000494 1.766139 1.962195 2.806580 6.534914 0.337472
 0.000495 1.778943 1.968897 2.807059 6.554899 0.521631
 0.000495 1.790449 1.975782 2.807372 6.573603 0.730166
 0.000496 1.799843 1.982416 2.807587 6.589845 0.939639
 0.000496 1.806764 1.988875 2.807708 6.603347 1.133838
 0.000497 1.810980 1.994706 2.807647 6.613333 1.289203
 0.000497 1.812122 1.999456 2.807442 6.619020 1.382150
 0.000498 1.810600 2.002744 2.807106 6.620450 1.406017
 0.000498 1.806975 2.004600 2.806588 6.618164 1.367945
 0.000499 1.802195 2.004650 2.805891 6.612736 1.279639
 0.000499 1.796862 2.003023 2.805036 6.604922 1.157678
 0.000500 1.791856 2.000456 2.804077 6.596389 1.031484
