#! FIELDS time dAB dAC rc bias
 0.000000 1.922281 2.694388 4.616669 14.358311
 0.000000 1.926769 2.695218 4.621987 14.606152
 0.000001 1.929517 2.695906 4.625423 14.767431
 0.000001 1.930599 2.696482 4.627081 14.845578
 0.000002 1.930427 2.696896 4.627323 14.856998
 0.000002 1.929486 2.697069 4.626554 14.820729
 0.000003 1.928089 2.697043 4.625131 14.753712
 0.000003 1.926432 2.696923 4.623355 14.670282
 0.000004 1.924837 2.696595 4.621432 14.580206
 0.000004 1.923613 2.696139 4.619752 14.501743
 0.000005 1.922858 2.695584 4.618442 14.440678
 0.000005 1.922678 2.694904 4.617582 14.400710
 0.000006 1.922707 2.694016 4.616724 14.360846
 0.000006 1.923137 2.693036 4.616173 14.335276
 0.000007 1.924090 2.692001 4.616091 14.331496
 0.000007 1.925480 2.690832 4.616312 14.341718
 0.000008 1.926897 2.689605 4.616502 14.350527
 0.000008 1.928530 2.688316 4.616846 14.366496
 0.000009 1.930119 2.687132 4.617251 14.385326
 0.000009 1.931729 2.686020 4.617749 14.408454
 0.000010 1.932878 2.684872 4.617750 14.408509
 0.000010 1.933304 2.683697 4.617001 14.373727
 0.000011 1.932205 2.682521 4.614726 14.268273
 0.000011 1.929107 2.681443 4.610550 14.075734
 0.000012 1.923819 2.680442 4.604260 13.788200
 0.000012 1.915829 2.679552 4.595380 13.387316
 0.000013 1.905262 2.678937 4.584199 12.890951
 0.000013 1.892178 2.678530 4.570708 12.304520
 0.000014 1.876842 2.678249 4.555091 11.642763
 0.000014 1.859910 2.678146 4.538056 10.941740
 0.000015 1.841809 2.678206 4.520015 10.223070
 0.000015 1.823414 2.678386 4.501800 9.522195
 0.000016 1.805579 2.678835 4.484414 8.876458
 0.000016 1.788743 2.679589 4.468331 8.299321
 0.000017 1.773610 2.680627 4.454236 7.809459
 0.000017 1.760772 2.681885 4.442657 7.418169
 0.000018 1.750427 2.683271 4.433699 7.122356
 0.000018 1.742596 2.684828 4.427424 6.918754
 0.000019 1.738096 2.686483 4.424579 6.827377
 0.000019 1.736902 2.688289 4.425191 6.847001
 0.000020 1.739336 2.690140 4.429476 6.984991
 0.000020 1.745593 2.692140 4.437732 7.254807
 0.000021 1.754940 2.694316 4.449257 7.639956
 0.000021 1.766430 2.696608 4.463038 8.113623
 0.000022 1.779386 2.698931 4.478317 8.655401
 0.000022 1.793259 2.701309 4.494568 9.250850
 0.000023 1.807362 2.703729 4.511091 9.876584
 0.000023 1.821383 2.706173 4.527556 10.520507
 0.000024 1.834387 2.708519 4.542906 11.139087
 0.000024 1.846032 2.710738 4.556771 11.713044
 0.000025 1.855876 2.712750 4.568627 12.215276
 0.000025 1.863839 2.714568 4.578407 12.637521
 0.000026 1.870048 2.716196 4.586243 12.981009
 0.000026 1.874543 2.717594 4.592137 13.242370
 0.000027 1.877193 2.718839 4.596032 13.416533
 0.000027 1.878621 2.719845 4.598466 13.525957
 0.000028 1.878523 2.720631 4.599154 13.556976
 0.000028 1.877543 2.721071 4.598614 13.532623
 0.000029 1.875621 2.721194 4.596815 13.451681
 0.000029 1.872973 2.721139 4.594113 13.330575
 0.000030 1.869841 2.720914 4.590755 13.180849
 0.000030 1.866213 2.720475 4.586688 13.000619
 0.000031 1.862308 2.719798 4.582107 12.799104
 0.000031 1.858411 2.718948 4.577359 12.591925
 0.000032 1.854591 2.717960 4.572550 12.383810
 0.000032 1.850811 2.716792 4.567604 12.171531
 0.000033 1.847685 2.715472 4.563157 11.982267
 0.000033 1.844929 2.714003 4.558932 11.803829
 0.000034 1.842143 2.712357 4.554501 11.618100
 0.000034 1.839664 2.710589 4.550253 11.441441
 0.000035 1.837799 2.708805 4.546604 11.290778
 0.000035 1.836458 2.707098 4.543556 11.165683
 0.000036 1.835085 2.705441 4.540526 11.042034
 0.000036 1.833364 2.703931 4.537295 10.910928
 0.000037 1.830945 2.702500 4.533446 10.755756
 0.000037 1.827453 2.701168 4.528622 10.562866
 0.000038 1.822437 2.699788 4.522225 10.309787
 0.000038 1.815624 2.698538 4.514162 9.995161
 0.000039 1.807469 2.697576 4.505044 9.645220
 0.000039 1.798034 2.696845 4.494879 9.262450
 0.000040 1.787763 2.696243 4.484006 8.861592
 0.000040 1.776911 2.695910 4.472821 8.458485
 0.000041 1.766110 2.695852 4.461962 8.076118
 0.000041 1.756090 2.695965 4.452056 7.734998
 0.000042 1.747907 2.696329 4.444236 7.470936
 0.000042 1.742087 2.697101 4.439187 7.302891
 0.000043 1.739062 2.698191 4.437253 7.239003
 0.000043 1.738748 2.699631 4.438378 7.276141
 0.000044 1.741228 2.701284 4.442512 7.413350
 0.000044 1.746950 2.703159 4.450109 7.668844
 0.000045 1.755662 2.705152 4.460815 8.036233
 0.000045 1.767058 2.707464 4.474522 8.519206
 0.000046 1.780670 2.710021 4.490691 9.106981
 0.000046 1.795746 2.712707 4.508453 9.775308
 0.000047 1.812055 2.715523 4.527578 10.521364
 0.000047 1.829153 2.718490 4.547643 11.333578
 0.000048 1.845886 2.721516 4.567402 12.162904
 0.000048 1.861887 2.724624 4.586511 12.992803
 0.000049 1.876628 2.727876 4.604504 13.799301
 0.000049 1.889509 2.731172 4.620681 14.545105
 0.000050 1.900230 2.734422 4.634652 15.204984
 0.000050 1.908514 2.737535 4.646049 15.754134
 0.000051 1.913970 2.740603 4.654573 16.171260
 0.000051 1.916670 2.743654 4.660325 16.455750
 0.000052 1.917007 2.746600 4.663607 16.619235
 0.000052 1.914861 2.749456 4.664317 16.654705
 0.000053 1.910714 2.752144 4.662858 16.581845
 0.000053 1.904838 2.754607 4.659445 16.412088
 0.000054 1.897492 2.756846 4.654338 16.159658
 0.000054 1.888875 2.758870 4.647745 15.836707
 0.000055 1.879475 2.760614 4.640088 15.465723
 0.000055 1.869893 2.762139 4.632032 15.080118
 0.000056 1.860139 2.763221 4.623360 14.670474
 0.000056 1.850686 2.763991 4.614676 14.265966
 0.000057 1.841469 2.764445 4.605914 13.863500
 0.000057 1.832784 2.764667 4.597451 13.480270
 0.000058 1.824739 2.764667 4.589406 13.120938
 0.000058 1.817408 2.764467 4.581876 12.788989
 0.000059 1.810684 2.764054 4.574738 12.478292
 0.000059 1.804751 2.763488 4.568239 12.198692
 0.000060 1.799577 2.762567 4.562143 11.939340
 0.000060 1.795414 2.761434 4.556849 11.716320
 0.000061 1.792372 2.759996 4.552368 11.529253
 0.000061 1.790422 2.758346 4.548768 11.379994
 0.000062 1.789383 2.756663 4.546046 11.267838
 0.000062 1.789346 2.754922 4.544268 11.194855
 0.000063 1.789814 2.753281 4.543095 11.146816
 0.000063 1.790284 2.751690 4.541974 11.101060
 0.000064 1.791215 2.750149 4.541363 11.076137
 0.000064 1.792213 2.748638 4.540850 11.055236
 0.000065 1.792833 2.747147 4.539980 11.019819
 0.000065 1.793015 2.745705 4.538720 10.968661
 0.000066 1.792533 2.744432 4.536964 10.897563
 0.000066 1.791275 2.743263 4.534538 10.799695
 0.000067 1.789291 2.742239 4.531530 10.678953
 0.000067 1.786271 2.741274 4.527545 10.520061
 0.000068 1.782462 2.740467 4.522928 10.337463
 0.000068 1.778365 2.739814 4.518179 10.151272
 0.000069 1.774383 2.739255 4.513638 9.974876
 0.000069 1.770939 2.738777 4.509716 9.823726
 0.000070 1.767899 2.738301 4.506200 9.689218
 0.000070 1.765806 2.737957 4.503763 9.596555
 0.000071 1.765045 2.737781 4.502825 9.560997
 0.000071 1.766071 2.737776 4.503847 9.599734
 0.000072 1.768862 2.737773 4.506635 9.705824
 0.000072 1.773678 2.737873 4.511551 9.894302
 0.000073 1.780413 2.738020 4.518433 10.161221
 0.000073 1.789057 2.738248 4.527304 10.510501
 0.000074 1.799677 2.738454 4.538131 10.944781
 0.000074 1.811426 2.738643 4.550068 11.433801
 0.000075 1.824099 2.738808 4.562908 11.971696
 0.000075 1.837619 2.738983 4.576602 12.559056
 0.000076 1.851760 2.739105 4.590865 13.185736
 0.000076 1.866009 2.739130 4.605139 13.828205
 0.000077 1.880221 2.739029 4.619250 14.478345
 0.000077 1.894096 2.738705 4.632801 15.116713
 0.000078 1.907245 2.738254 4.645500 15.727454
 0.000078 1.919252 2.737660 4.656911 16.286612
 0.000079 1.929713 2.736826 4.666539 16.765951
 0.000079 1.938168 2.735693 4.673861 17.135149
 0.000080 1.944660 2.734323 4.678984 17.395837
 0.000080 1.949472 2.732712 4.682183 17.559676
 0.000081 1.952389 2.730879 4.683268 17.615395
 0.000081 1.952726 2.728744 4.681470 17.523073
 0.000082 1.950199 2.726461 4.676660 17.277322
 0.000082 1.945394 2.723951 4.669346 16.906991
 0.000083 1.938336 2.721226 4.659562 16.417870
 0.000083 1.929076 2.718331 4.647407 15.820234
 0.000084 1.918301 2.715292 4.633593 15.154436
 0.000084 1.906389 2.712134 4.618523 14.444469
 0.000085 1.893661 2.708781 4.602442 13.705648
 0.000085 1.880187 2.705321 4.585508 12.948585
 0.000086 1.866542 2.701809 4.568351 12.203460
 0.000086 1.853103 2.698293 4.551396 11.488853
 0.000087 1.840465 2.694728 4.535192 10.826030
 0.000087 1.828588 2.691207 4.519795 10.214439
 0.000088 1.817956 2.687734 4.505690 9.669811
 0.000088 1.809047 2.684143 4.493190 9.199602
 0.000089 1.802223 2.680506 4.482729 8.815105
 0.000089 1.797225 2.676941 4.474166 8.506484
 0.000090 1.793958 2.673483 4.467441 8.267957
 0.000090 1.792447 2.670116 4.462563 8.097058
 0.000091 1.792758 2.666972 4.459730 7.998607
 0.000091 1.794593 2.663956 4.458548 7.957740
 0.000092 1.797778 2.660940 4.458718 7.963613
 0.000092 1.802214 2.658068 4.460282 8.017766
 0.000093 1.807962 2.655245 4.463207 8.119507
 0.000093 1.814671 2.652529 4.467200 8.259444
 0.000094 1.821624 2.649971 4.471596 8.414902
 0.000094 1.828511 2.647486 4.475997 8.572008
 0.000095 1.835019 2.645126 4.480144 8.721364
 0.000095 1.840595 2.642944 4.483539 8.844564
 0.000096 1.845355 2.640852 4.486208 8.942040
 0.000096 1.848516 2.638963 4.487479 8.988659
 0.000097 1.850301 2.637244 4.487545 8.991091
 0.000097 1.850825 2.635552 4.486377 8.948229
 0.000098 1.850676 2.634016 4.484692 8.886635
 0.000098 1.850112 2.632643 4.482755 8.816025
 0.000099 1.849181 2.631417 4.480598 8.737766
 0.000099 1.848357 2.630224 4.478582 8.664928
 0.000100 1.848214 2.629116 4.477330 8.619871
 0.000100 1.849225 2.627975 4.477200 8.615186
 0.000101 1.851644 2.626707 4.478351 8.656611
 0.000101 1.855649 2.625483 4.481132 8.757103
 0.000102 1.860964 2.624237 4.485201 8.905198
 0.000102 1.867681 2.622985 4.490666 9.106078
 0.000103 1.875943 2.621788 4.497731 9.369065
 0.000103 1.885666 2.620679 4.506344 9.694728
 0.000104 1.896607 2.619529 4.516136 10.071735
 0.000104 1.908232 2.618436 4.526667 10.485218
 0.000105 1.920489 2.617361 4.537850 10.933380
 0.000105 1.932998 2.616184 4.549181 11.397100
 0.000106 1.945370 2.615013 4.560384 11.864979
 0.000106 1.957191 2.613863 4.571054 12.319420
 0.000107 1.967997 2.612654 4.580651 12.735420
 0.000107 1.977352 2.611446 4.588798 13.093983
 0.000108 1.984721 2.610227 4.594947 13.367927
 0.000108 1.989101 2.609125 4.598226 13.515150
 0.000109 1.990206 2.608078 4.598284 13.517731
 0.000109 1.988220 2.607001 4.595221 13.380175
 0.000110 1.983165 2.605867 4.589032 13.104352
 0.000110 1.974708 2.604699 4.579407 12.681092
 0.000111 1.963255 2.603541 4.566796 12.137026
 0.000111 1.949649 2.602323 4.551972 11.512783
 0.000112 1.934406 2.601214 4.535620 10.843287
 0.000112 1.918025 2.600227 4.518252 10.154151
 0.000113 1.901122 2.599387 4.500509 9.473477
 0.000113 1.884460 2.598706 4.483166 8.830976
 0.000114 1.868751 2.598148 4.466899 8.248870
 0.000114 1.854713 2.597703 4.452416 7.747286
 0.000115 1.842976 2.597337 4.440313 7.340192
 0.000115 1.833774 2.597131 4.430905 7.031343
 0.000116 1.827463 2.597175 4.424638 6.829278
 0.000116 1.824251 2.597517 4.421768 6.737741
 0.000117 1.824000 2.598039 4.422039 6.746344
 0.000117 1.826808 2.598708 4.425515 6.857394
 0.000118 1.832422 2.599580 4.432002 7.067005
 0.000118 1.840496 2.600587 4.441083 7.365761
 0.000119 1.850689 2.601785 4.452474 7.749253
 0.000119 1.862760 2.603242 4.466002 8.217345
 0.000120 1.876121 2.604784 4.480905 8.748883
 0.000120 1.889863 2.606483 4.496346 9.317196
 0.000121 1.903286 2.608296 4.511582 9.895496
 0.000121 1.915497 2.610146 4.525643 10.444628
 0.000122 1.925826 2.612132 4.537958 10.937783
 0.000122 1.934210 2.614270 4.548480 11.368097
 0.000123 1.940603 2.616536 4.557138 11.728469
 0.000123 1.945043 2.618913 4.563956 12.016169
 0.000124 1.947466 2.621223 4.568690 12.217971
 0.000124 1.947678 2.623670 4.571348 12.332059
 0.000125 1.946037 2.626036 4.572074 12.363271
 0.000125 1.942797 2.628321 4.571118 12.322135
 0.000126 1.938678 2.630651 4.569329 12.245340
 0.000126 1.933624 2.633130 4.566754 12.135254
 0.000127 1.928438 2.635554 4.563993 12.017718
 0.000127 1.923757 2.637894 4.561652 11.918536
 0.000128 1.919342 2.640166 4.559508 11.828055
 0.000128 1.915508 2.642391 4.557899 11.760387
 0.000129 1.912117 2.644614 4.556731 11.711372
 0.000129 1.910113 2.646692 4.556805 11.714478
 0.000130 1.909159 2.648644 4.557803 11.756350
 0.000130 1.909313 2.650575 4.559889 11.844106
 0.000131 1.910729 2.652389 4.563119 11.980644
 0.000131 1.913163 2.654090 4.567253 12.156558
 0.000132 1.916558 2.655643 4.572201 12.368745
 0.000132 1.920678 2.657048 4.577726 12.607880
 0.000133 1.925506 2.658280 4.583786 12.872789
 0.000133 1.930702 2.659381 4.590083 13.150984
 0.000134 1.936135 2.660364 4.596499 13.437493
 0.000134 1.941321 2.661183 4.602504 13.708466
 0.000135 1.946053 2.661811 4.607864 13.952593
 0.000135 1.950238 2.662226 4.612465 14.163836
 0.000136 1.953031 2.662503 4.615533 14.305642
 0.000136 1.954073 2.662761 4.616835 14.365980
 0.000137 1.953262 2.662875 4.616137 14.333604
 0.000137 1.950515 2.662836 4.613352 14.204751
 0.000138 1.945737 2.662636 4.608373 13.975866
 0.000138 1.939380 2.662314 4.601694 13.671740
 0.000139 1.931726 2.661920 4.593645 13.309682
 0.000139 1.923294 2.661496 4.584789 12.916912
 0.000140 1.914533 2.660903 4.575436 12.508488
 0.000140 1.905764 2.660184 4.565947 12.100858
 0.000141 1.897361 2.659393 4.556753 11.712315
 0.000141 1.889709 2.658586 4.548295 11.360481
 0.000142 1.882756 2.657798 4.540554 11.043178
 0.000142 1.877253 2.656989 4.534242 10.787763
 0.000143 1.873367 2.656134 4.529501 10.597892
 0.000143 1.871120 2.655243 4.526362 10.473127
 0.000144 1.870598 2.654366 4.524964 10.417771
 0.000144 1.871792 2.653461 4.525253 10.429197
 0.000145 1.874819 2.652634 4.527453 10.516399
 0.000145 1.879466 2.651720 4.531186 10.665176
 0.000146 1.885449 2.650621 4.536070 10.861442
 0.000146 1.892424 2.649398 4.541822 11.094835
 0.000147 1.899997 2.648250 4.548247 11.358488
 0.000147 1.907908 2.647043 4.554951 11.636902
 0.000148 1.915783 2.645876 4.561659 11.918852
 0.000148 1.923102 2.644738 4.567840 12.181612
 0.000149 1.929653 2.643649 4.573302 12.416213
 0.000149 1.935146 2.642547 4.577693 12.606452
 0.000150 1.939491 2.641505 4.580996 12.750476
 0.000150 1.942522 2.640562 4.583084 12.841974
 0.000151 1.943893 2.639753 4.583646 12.866637
 0.000151 1.944061 2.638991 4.583052 12.840556
 0.000152 1.943206 2.638324 4.581529 12.773818
 0.000152 1.941535 2.637687 4.579222 12.673002
 0.000153 1.939547 2.637081 4.576628 12.560178
 0.000153 1.937140 2.636397 4.573537 12.426371
 0.000154 1.934030 2.635787 4.569817 12.266299
 0.000154 1.930717 2.635189 4.565906 12.099118
 0.000155 1.927757 2.634637 4.562394 11.949961
 0.000155 1.925242 2.634175 4.559416 11.824214
 0.000156 1.922953 2.633852 4.556805 11.714497
 0.000156 1.920800 2.633726 4.554526 11.619165
 0.000157 1.918786 2.633670 4.552456 11.532888
 0.000157 1.916898 2.633663 4.550561 11.454209
 0.000158 1.915420 2.633766 4.549186 11.397290
 0.000158 1.914723 2.633819 4.548541 11.370653
 0.000159 1.914309 2.634003 4.548312 11.361198
 0.000159 1.914611 2.634347 4.548958 11.387867
 0.000160 1.915644 2.634723 4.550367 11.446167
 0.000160 1.917290 2.635190 4.552480 11.533881
 0.000161 1.918903 2.635747 4.554650 11.624327
 0.000161 1.920431 2.636305 4.556736 11.711602
 0.000162 1.921435 2.636851 4.558286 11.776632
 0.000162 1.921527 2.637409 4.558936 11.803994
 0.000163 1.920498 2.638131 4.558629 11.791070
 0.000163 1.918323 2.638943 4.557266 11.733808
 0.000164 1.914456 2.639854 4.554310 11.610138
 0.000164 1.908717 2.640881 4.549598 11.414347
 0.000165 1.901753 2.642024 4.543777 11.174724
 0.000165 1.894081 2.643197 4.537278 10.910227
 0.000166 1.885675 2.644537 4.530213 10.626290
 0.000166 1.876829 2.646076 4.522905 10.336526
 0.000167 1.867569 2.647666 4.515234 10.036696
 0.000167 1.858110 2.649362 4.507472 9.737793
 0.000168 1.848949 2.651125 4.500074 9.457100
 0.000168 1.840966 2.653002 4.493968 9.228528
 0.000169 1.834124 2.655068 4.489192 9.051686
 0.000169 1.828880 2.657174 4.486055 8.936441
 0.000170 1.825617 2.659249 4.484866 8.892964
 0.000170 1.824046 2.661406 4.485452 8.914387
 0.000171 1.823833 2.663604 4.487436 8.987096
 0.000171 1.825305 2.665688 4.490992 9.118136
 0.000172 1.828622 2.667739 4.496362 9.317782
 0.000172 1.833398 2.669824 4.503222 9.576015
 0.000173 1.839208 2.672057 4.511265 9.883296
 0.000173 1.845436 2.674305 4.519741 10.212316
 0.000174 1.852125 2.676517 4.528642 10.563659
 0.000174 1.858765 2.678644 4.537409 10.915548
 0.000175 1.864781 2.680675 4.545457 11.243612
 0.000175 1.870008 2.682609 4.552617 11.539587
 0.000176 1.874036 2.684510 4.558546 11.787587
 0.000176 1.876495 2.686378 4.562874 11.970257
 0.000177 1.877528 2.688043 4.565572 12.084860
 0.000177 1.877015 2.689686 4.566702 12.133015
 0.000178 1.874637 2.691241 4.565878 12.097882
 0.000178 1.870978 2.692691 4.563670 12.004011
 0.000179 1.865656 2.694034 4.559690 11.835735
 0.000179 1.858441 2.695307 4.553748 11.586693
 0.000180 1.849752 2.696468 4.546219 11.274959
 0.000180 1.840315 2.697536 4.537851 10.933440
 0.000181 1.830681 2.698489 4.529169 10.584676
 0.000181 1.820947 2.699197 4.520144 10.228103
 0.000182 1.811474 2.699595 4.511069 9.875735
 0.000182 1.802748 2.699789 4.502538 9.550105
 0.000183 1.794695 2.699926 4.494621 9.252811
 0.000183 1.787802 2.699859 4.487661 8.995351
 0.000184 1.781852 2.699775 4.481627 8.775058
 0.000184 1.777296 2.699717 4.477012 8.608450
 0.000185 1.773781 2.699585 4.473366 8.477904
 0.000185 1.771694 2.699357 4.471051 8.395576
 0.000186 1.770712 2.699097 4.469809 8.351541
 0.000186 1.770810 2.698693 4.469502 8.340700
 0.000187 1.771920 2.698224 4.470143 8.363383
 0.000187 1.773939 2.697817 4.471756 8.420605
 0.000188 1.776088 2.697382 4.473470 8.481608
 0.000188 1.778150 2.696902 4.475052 8.538146
 0.000189 1.779982 2.696359 4.476341 8.584332
 0.000189 1.781253 2.695798 4.477050 8.609812
 0.000190 1.781932 2.695306 4.477238 8.616556
 0.000190 1.781564 2.695006 4.476570 8.592543
 0.000191 1.779457 2.694767 4.474225 8.508565
 0.000191 1.775595 2.694505 4.470100 8.361848
 0.000192 1.769837 2.694259 4.464096 8.150561
 0.000192 1.762088 2.694029 4.456117 7.873972
 0.000193 1.753007 2.693921 4.446928 7.561344
 0.000193 1.742739 2.693853 4.436591 7.217219
 0.000194 1.731994 2.693832 4.425825 6.867339
 0.000194 1.721112 2.693778 4.414890 6.520844
 0.000195 1.710717 2.693786 4.404504 6.200060
 0.000195 1.701143 2.693806 4.394949 5.912104
 0.000196 1.692652 2.693905 4.386557 5.664844
 0.000196 1.685777 2.694015 4.379792 5.469366
 0.000197 1.680482 2.694190 4.374672 5.323672
 0.000197 1.677396 2.694427 4.371823 5.243475
 0.000198 1.676437 2.694749 4.371186 5.225636
 0.000198 1.677731 2.695328 4.373060 5.278219
 0.000199 1.681165 2.695977 4.377142 5.393720
 0.000199 1.686506 2.696791 4.383296 5.570190
 0.000200 1.694006 2.697758 4.391765 5.817661
 0.000200 1.703324 2.698859 4.402184 6.129510
 0.000201 1.714261 2.700008 4.414269 6.501452
 0.000201 1.726588 2.701148 4.427736 6.928783
 0.000202 1.739486 2.702340 4.441826 7.390492
 0.000202 1.752786 2.703487 4.456273 7.879323
 0.000203 1.765943 2.704609 4.470551 8.377844
 0.000203 1.778264 2.705652 4.483916 8.858295
 0.000204 1.789474 2.706619 4.496094 9.307777
 0.000204 1.799042 2.707636 4.506678 9.707463
 0.000205 1.807224 2.708633 4.515857 10.060881
 0.000205 1.813963 2.709540 4.523502 10.360076
 0.000206 1.819208 2.710564 4.529772 10.608719
 0.000206 1.822934 2.711567 4.534501 10.798185
 0.000207 1.825355 2.712607 4.537962 10.937933
 0.000207 1.826652 2.713640 4.540293 11.032537
 0.000208 1.827210 2.714489 4.541699 11.089831
 0.000208 1.826844 2.715368 4.542212 11.110755
 0.000209 1.825932 2.716240 4.542172 11.109122
 0.000209 1.824645 2.716960 4.541604 11.085962
 0.000210 1.823543 2.717564 4.541107 11.065681
 0.000210 1.822469 2.718149 4.540617 11.045756
 0.000211 1.821962 2.718719 4.540681 11.048336
 0.000211 1.821837 2.719211 4.541048 11.063291
 0.000212 1.822268 2.719595 4.541863 11.096522
 0.000212 1.823234 2.720001 4.543234 11.152533
 0.000213 1.824884 2.720260 4.545143 11.230750
 0.000213 1.826953 2.720565 4.547518 11.328441
 0.000214 1.829338 2.720831 4.550169 11.437958
 0.000214 1.831941 2.721097 4.553038 11.557115
 0.000215 1.834473 2.721452 4.555925 11.677613
 0.000215 1.836800 2.721771 4.558571 11.788620
 0.000216 1.838683 2.722056 4.560739 11.879989
 0.000216 1.839958 2.722415 4.562372 11.949027
 0.000217 1.840491 2.722843 4.563334 11.989763
 0.000217 1.839789 2.723349 4.563137 11.981433
 0.000218 1.837818 2.723908 4.561725 11.921645
 0.000218 1.834495 2.724594 4.559089 11.810442
 0.000219 1.830287 2.725484 4.555771 11.671185
 0.000219 1.825325 2.726574 4.551899 11.509749
 0.000220 1.820098 2.727770 4.547868 11.342843
 0.000220 1.814635 2.729124 4.543759 11.174013
 0.000221 1.809277 2.730603 4.539880 11.015750
 0.000221 1.804397 2.732376 4.536772 10.889787
 0.000222 1.799835 2.734319 4.534154 10.784240
 0.000222 1.796072 2.736378 4.532450 10.715823
 0.000223 1.793182 2.738602 4.531784 10.689119
 0.000223 1.791542 2.740949 4.532491 10.717447
 0.000224 1.790943 2.743353 4.534296 10.789943
 0.000224 1.791497 2.745891 4.537388 10.914687
 0.000225 1.793462 2.748560 4.542022 11.103000
 0.000225 1.796860 2.751357 4.548217 11.357275
 0.000226 1.801620 2.754257 4.555878 11.675653
 0.000226 1.807792 2.757296 4.565088 12.064269
 0.000227 1.815051 2.760434 4.575485 12.510622
 0.000227 1.823104 2.763515 4.586619 12.997591
 0.000228 1.831670 2.766468 4.598138 13.511179
 0.000228 1.840286 2.769349 4.609635 14.033724
 0.000229 1.848746 2.772214 4.620960 14.558130
 0.000229 1.856651 2.774987 4.631638 15.061404
 0.000230 1.863757 2.777811 4.641568 15.537048
 0.000230 1.870242 2.780550 4.650792 15.985563
 0.000231 1.875656 2.783206 4.658862 16.383162
 0.000231 1.879577 2.785720 4.665298 16.703754
 0.000232 1.882159 2.787919 4.670078 16.943893
 0.000232 1.883222 2.789824 4.673045 17.093823
 0.000233 1.883779 2.791432 4.675211 17.203644
 0.000233 1.883524 2.792849 4.676373 17.262732
 0.000234 1.881753 2.794084 4.675837 17.235457
 0.000234 1.878292 2.795130 4.673422 17.112918
 0.000235 1.873470 2.795885 4.669355 16.907480
 0.000235 1.867768 2.796268 4.664036 16.640663
 0.000236 1.861247 2.796383 4.657630 16.322147
 0.000236 1.854089 2.796293 4.650383 15.965509
 0.000237 1.846222 2.796002 4.642224 15.568762
 0.000237 1.837811 2.795540 4.633351 15.142914
 0.000238 1.828931 2.794857 4.623788 14.690559
 0.000238 1.820202 2.793930 4.614132 14.240807
 0.000239 1.811298 2.792845 4.604142 13.782830
 0.000239 1.802871 2.791561 4.594432 13.344842
 0.000240 1.795013 2.790034 4.585047 12.928261
 0.000240 1.787865 2.788421 4.576287 12.545374
 0.000241 1.781532 2.786761 4.568293 12.200979
 0.000241 1.775710 2.784996 4.560706 11.878569
 0.000242 1.770371 2.783159 4.553530 11.577595
 0.000242 1.766265 2.781324 4.547589 11.331339
 0.000243 1.763240 2.779422 4.542662 11.129138
 0.000243 1.761356 2.777341 4.538697 10.967725
 0.000244 1.760621 2.775138 4.535759 10.848874
 0.000244 1.761464 2.772989 4.534453 10.796246
 0.000245 1.763664 2.770871 4.534535 10.799558
 0.000245 1.766740 2.768876 4.535616 10.843109
 0.000246 1.770134 2.766800 4.536934 10.896342
 0.000246 1.773865 2.764646 4.538511 10.960165
 0.000247 1.777608 2.762417 4.540025 11.021643
 0.000247 1.780990 2.760205 4.541195 11.069292
 0.000248 1.783863 2.758017 4.541880 11.097215
 0.000248 1.785760 2.755920 4.541680 11.089064
 0.000249 1.786376 2.753781 4.540157 11.027037
 0.000249 1.785684 2.751772 4.537456 10.917446
 0.000250 1.783399 2.749677 4.533076 10.740934
 0.000250 1.779651 2.747562 4.527213 10.506855
 0.000251 1.774770 2.745561 4.520331 10.235417
 0.000251 1.769420 2.743781 4.513202 9.957997
 0.000252 1.763942 2.742063 4.506005 9.681809
 0.000252 1.758866 2.740299 4.499164 9.422863
 0.000253 1.754180 2.738541 4.492721 9.182184
 0.000253 1.750291 2.736815 4.487106 8.974959
 0.000254 1.747922 2.734995 4.482917 8.821925
 0.000254 1.747376 2.733030 4.480406 8.730816
 0.000255 1.749203 2.730897 4.480100 8.719741
 0.000255 1.753389 2.728653 4.482042 8.790125
 0.000256 1.760001 2.726240 4.486241 8.943278
 0.000256 1.769174 2.723654 4.492828 9.186132
 0.000257 1.780827 2.720965 4.501792 9.521900
 0.000257 1.795344 2.718184 4.513528 9.970599
 0.000258 1.812481 2.715260 4.527742 10.527869
 0.000258 1.831468 2.712184 4.543653 11.169651
 0.000259 1.851351 2.708851 4.560202 11.857324
 0.000259 1.871754 2.705211 4.576965 12.574812
 0.000260 1.892440 2.701403 4.593843 13.318504
 0.000260 1.912489 2.697530 4.610019 14.051328
 0.000261 1.931302 2.693513 4.624815 14.738819
 0.000261 1.948595 2.689299 4.637894 15.360186
 0.000262 1.963352 2.684848 4.648200 15.858889
 0.000262 1.975138 2.680262 4.655400 16.212008
 0.000263 1.983928 2.675408 4.659337 16.406709
 0.000263 1.989537 2.670315 4.659851 16.432252
 0.000264 1.991804 2.665025 4.656829 16.282549
 0.000264 1.990572 2.659471 4.650043 15.948882
 0.000265 1.986151 2.653686 4.639838 15.453641
 0.000265 1.978916 2.647688 4.626604 14.823069
 0.000266 1.969779 2.641553 4.611332 14.111691
 0.000266 1.958963 2.635387 4.594350 13.341181
 0.000267 1.947171 2.629185 4.576357 12.548408
 0.000267 1.934927 2.622953 4.557880 11.759594
 0.000268 1.922509 2.616662 4.539171 10.986938
 0.000268 1.910339 2.610399 4.520738 10.251388
 0.000269 1.899325 2.604171 4.503495 9.586387
 0.000269 1.889701 2.597947 4.487648 8.994889
 0.000270 1.881415 2.591805 4.473220 8.472700
 0.000270 1.874357 2.585681 4.460038 8.009299
 0.000271 1.869128 2.579704 4.448832 7.625587
 0.000271 1.865525 2.574015 4.439540 7.314553
 0.000272 1.863286 2.568535 4.431821 7.061116
 0.000272 1.862230 2.563229 4.425459 6.855596
 0.000273 1.861930 2.558161 4.420091 6.684520
 0.000273 1.861981 2.553382 4.415363 6.535641
 0.000274 1.861771 2.548963 4.410733 6.391494
 0.000274 1.861120 2.544813 4.405932 6.243697
 0.000275 1.859785 2.540913 4.400698 6.084551
 0.000275 1.857136 2.537277 4.394412 5.896135
 0.000276 1.852991 2.533934 4.386925 5.675558
 0.000276 1.847568 2.530893 4.378462 5.431311
 0.000277 1.841021 2.528106 4.369128 5.168164
 0.000277 1.833979 2.525654 4.359634 4.907199
 0.000278 1.826877 2.523418 4.350295 4.657102
 0.000278 1.820571 2.521453 4.342025 4.441084
 0.000279 1.815199 2.519786 4.334986 4.261261
 0.000279 1.811367 2.518432 4.329799 4.131151
 0.000280 1.809491 2.517302 4.326793 4.056650
 0.000280 1.809335 2.516344 4.325678 4.029207
 0.000281 1.811327 2.515641 4.326967 4.060955
 0.000281 1.815743 2.515186 4.330929 4.159314
 0.000282 1.822702 2.514874 4.337575 4.326987
 0.000282 1.832022 2.514712 4.346734 4.563472
 0.000283 1.843357 2.514692 4.358049 4.864312
 0.000283 1.856477 2.514923 4.371400 5.231618
 0.000284 1.870830 2.515267 4.386097 5.651439
 0.000284 1.886063 2.515741 4.401804 6.118014
 0.000285 1.902207 2.516305 4.418512 6.634622
 0.000285 1.918280 2.516987 4.435267 7.173697
 0.000286 1.933679 2.517832 4.451510 7.716437
 0.000286 1.947871 2.518688 4.466559 8.236905
 0.000287 1.959957 2.519644 4.479601 8.701702
 0.000287 1.969608 2.520673 4.490281 9.091841
 0.000288 1.977219 2.521733 4.498952 9.414893
 0.000288 1.982849 2.522687 4.505536 9.663940
 0.000289 1.986488 2.523627 4.510115 9.839065
 0.000289 1.988135 2.524655 4.512790 9.942070
 0.000290 1.988212 2.525740 4.513952 9.987011
 0.000290 1.986999 2.526907 4.513906 9.985239
 0.000291 1.984727 2.528128 4.512855 9.944609
 0.000291 1.982182 2.529376 4.511558 9.894566
 0.000292 1.979344 2.530647 4.509992 9.834311
 0.000292 1.976354 2.531880 4.508235 9.766947
 0.000293 1.973493 2.533050 4.506543 9.702310
 0.000293 1.970618 2.534281 4.504899 9.639695
 0.000294 1.968264 2.535567 4.503832 9.599149
 0.000294 1.966797 2.536865 4.503662 9.592729
 0.000295 1.966255 2.538192 4.504447 9.622497
 0.000295 1.966472 2.539578 4.506050 9.683494
 0.000296 1.967237 2.540998 4.508235 9.766975
 0.000296 1.968035 2.542433 4.510468 9.852628
 0.000297 1.968866 2.543896 4.512761 9.940973
 0.000297 1.969581 2.545346 4.514927 10.024794
 0.000298 1.969489 2.546785 4.516274 10.077107
 0.000298 1.968517 2.548151 4.516668 10.092414
 0.000299 1.965683 2.549467 4.515150 10.033429
 0.000299 1.961126 2.550902 4.512028 9.912682
 0.000300 1.954667 2.552485 4.507152 9.725544
 0.000300 1.946335 2.554175 4.500510 9.473533
 0.000301 1.936009 2.555943 4.491953 9.153681
 0.000301 1.923862 2.557753 4.481615 8.774638
 0.000302 1.910442 2.559641 4.470083 8.361237
 0.000302 1.896112 2.561534 4.457646 7.926605
 0.000303 1.881682 2.563490 4.445172 7.502293
 0.000303 1.867544 2.565444 4.432989 7.099166
 0.000304 1.854218 2.567459 4.421677 6.734849
 0.000304 1.842599 2.569582 4.412180 6.436376
 0.000305 1.832737 2.571711 4.404448 6.198358
 0.000305 1.825551 2.573806 4.399357 6.044091
 0.000306 1.821352 2.575961 4.397314 5.982729
 0.000306 1.820241 2.578155 4.398397 6.015215
 0.000307 1.822222 2.580379 4.402600 6.142156
 0.000307 1.827073 2.582536 4.409609 6.356719
 0.000308 1.834343 2.584567 4.418909 6.647163
 0.000308 1.843768 2.586507 4.430275 7.010906
 0.000309 1.855113 2.588511 4.443625 7.450485
 0.000309 1.867500 2.590621 4.458120 7.942962
 0.000310 1.880222 2.592769 4.472991 8.464531
 0.000310 1.892183 2.594901 4.487084 8.974157
 0.000311 1.902891 2.597037 4.499928 9.451585
 0.000311 1.911697 2.599112 4.510809 9.865717
 0.000312 1.918189 2.601025 4.519214 10.191709
 0.000312 1.922278 2.602782 4.525061 10.421591
 0.000313 1.923715 2.604556 4.528271 10.548901
 0.000313 1.922811 2.606389 4.529199 10.585881
 0.000314 1.920200 2.608114 4.528314 10.550617
 0.000314 1.916725 2.609707 4.526432 10.475893
 0.000315 1.913352 2.611021 4.524373 10.394433
 0.000315 1.910729 2.612176 4.522905 10.336559
 0.000316 1.909666 2.613144 4.522810 10.332812
 0.000316 1.910656 2.613853 4.524509 10.399788
 0.000317 1.913732 2.614289 4.528021 10.538957
 0.000317 1.918707 2.614522 4.533229 10.747065
 0.000318 1.925737 2.614733 4.540470 11.039741
 0.000318 1.934688 2.614757 4.549445 11.407990
 0.000319 1.945597 2.614571 4.560169 11.855911
 0.000319 1.958235 2.614249 4.572484 12.380937
 0.000320 1.972030 2.613748 4.585777 12.960441
 0.000320 1.986352 2.612946 4.599298 13.563469
 0.000321 2.000590 2.611921 4.612511 14.165977
 0.000321 2.013984 2.610693 4.624676 14.732311
 0.000322 2.025596 2.609238 4.634835 15.213708
 0.000322 2.034288 2.607568 4.641856 15.550978
 0.000323 2.039812 2.605803 4.645615 15.733045
 0.000323 2.042111 2.604001 4.646112 15.757225
 0.000324 2.040737 2.602129 4.642866 15.599800
 0.000324 2.035485 2.600179 4.635664 15.253345
 0.000325 2.026864 2.598141 4.625005 14.747744
 0.000325 2.015493 2.596153 4.611647 14.126166
 0.000326 2.002336 2.594105 4.596441 13.434908
 0.000326 1.988009 2.592042 4.580051 12.709213
 0.000327 1.972783 2.589974 4.562758 11.965345
 0.000327 1.957753 2.588016 4.545770 11.256467
 0.000328 1.943483 2.586084 4.529567 10.600545
 0.000328 1.930291 2.584226 4.514517 10.008910
 0.000329 1.918679 2.582568 4.501248 9.501346
 0.000329 1.909054 2.581100 4.490154 9.087149
 0.000330 1.901562 2.579750 4.481312 8.763649
 0.000330 1.896287 2.578621 4.474908 8.533004
 0.000331 1.893663 2.577713 4.471376 8.407096
 0.000331 1.893239 2.577020 4.470259 8.367472
 0.000332 1.894697 2.576685 4.471382 8.407310
 0.000332 1.897352 2.576629 4.473981 8.499856
 0.000333 1.901038 2.576796 4.477834 8.638014
 0.000333 1.905607 2.577260 4.482866 8.820086
 0.000334 1.910162 2.577917 4.488079 9.010726
 0.000334 1.913891 2.578844 4.492735 9.182693
 0.000335 1.916325 2.580063 4.496388 9.318763
 0.000335 1.916603 2.581642 4.498244 9.388300
 0.000336 1.914641 2.583549 4.498190 9.386275
 0.000336 1.910433 2.585645 4.496078 9.307174
 0.000337 1.903823 2.587957 4.491780 9.147292
 0.000337 1.895251 2.590401 4.485652 8.921693
 0.000338 1.885333 2.592979 4.478312 8.655211
 0.000338 1.875093 2.595723 4.470816 8.387212
 0.000339 1.864968 2.598617 4.463585 8.132718
 0.000339 1.855469 2.601576 4.457045 7.905878
 0.000340 1.846891 2.604657 4.451547 7.717704
 0.000340 1.839917 2.607935 4.447853 7.592496
 0.000341 1.835252 2.611269 4.446521 7.547622
 0.000341 1.833187 2.614594 4.447781 7.590076
 0.000342 1.834033 2.617910 4.451943 7.731156
 0.000342 1.837353 2.621252 4.458605 7.959714
 0.000343 1.843384 2.624526 4.467910 8.284462
 0.000343 1.851784 2.627662 4.479446 8.696128
 0.000344 1.862196 2.630701 4.492897 9.188709
 0.000344 1.873920 2.633641 4.507561 9.741167
 0.000345 1.886696 2.636451 4.523147 10.346070
 0.000345 1.900312 2.639085 4.539397 10.996135
 0.000346 1.913930 2.641587 4.555516 11.660526
 0.000346 1.927142 2.643868 4.571009 12.317488
 0.000347 1.939496 2.646121 4.585617 12.953372
 0.000347 1.950652 2.648324 4.598976 13.548932
 0.000348 1.959849 2.650357 4.610207 14.059953
 0.000348 1.966892 2.652192 4.619084 14.470586
 0.000349 1.971396 2.653884 4.625280 14.760712
 0.000349 1.973452 2.655377 4.628828 14.928140
 0.000350 1.972577 2.656677 4.629254 14.948300
 0.000350 1.968366 2.657878 4.626243 14.806069
 0.000351 1.961335 2.659026 4.620362 14.530171
 0.000351 1.952209 2.660049 4.612257 14.154288
 0.000352 1.941333 2.660958 4.602291 13.698781
 0.000352 1.928994 2.661713 4.590708 13.178745
 0.000353 1.915537 2.662231 4.577769 12.609741
 0.000353 1.901795 2.662594 4.564390 12.034595
 0.000354 1.887911 2.662904 4.550815 11.464732
 0.000354 1.874777 2.663204 4.537981 10.938700
 0.000355 1.862559 2.663477 4.526036 10.460208
 0.000355 1.851342 2.663727 4.515070 10.030312
 0.000356 1.841806 2.663998 4.505804 9.674153
 0.000356 1.834107 2.664356 4.498463 9.396517
 0.000357 1.828331 2.664976 4.493307 9.203926
 0.000357 1.824652 2.665715 4.490367 9.095034
 0.000358 1.823587 2.666557 4.490144 9.086773
 0.000358 1.824966 2.667628 4.492594 9.177461
 0.000359 1.829233 2.668942 4.498175 9.385714
 0.000359 1.835542 2.670355 4.505896 9.677660
 0.000360 1.843483 2.671888 4.515371 10.042018
 0.000360 1.852728 2.673585 4.526313 10.471170
 0.000361 1.862489 2.675354 4.537843 10.933097
 0.000361 1.871673 2.677302 4.548975 11.388556
 0.000362 1.879781 2.679327 4.559109 11.811254
 0.000362 1.886336 2.681379 4.567714 12.176260
 0.000363 1.890754 2.683442 4.574196 12.454834
 0.000363 1.892995 2.685621 4.578616 12.646637
 0.000364 1.893012 2.687998 4.581010 12.751118
 0.000364 1.890683 2.690454 4.581137 12.756633
 0.000365 1.886224 2.692988 4.579212 12.672593
 0.000365 1.880406 2.695594 4.575999 12.532909
 0.000366 1.872957 2.698261 4.571218 12.326435
 0.000366 1.864764 2.701036 4.565800 12.094571
 0.000367 1.856237 2.703834 4.560071 11.851802
 0.000367 1.848728 2.706631 4.555359 11.653950
 0.000368 1.842266 2.709494 4.551760 11.503956
 0.000368 1.837510 2.712357 4.549867 11.425478
 0.000369 1.835082 2.715115 4.550197 11.439118
 0.000369 1.835020 2.717760 4.552780 11.546370
 0.000370 1.837228 2.720245 4.557473 11.742504
 0.000370 1.841441 2.722722 4.564163 12.024956
 0.000371 1.847248 2.725061 4.572309 12.373413
 0.000371 1.854568 2.727273 4.581842 12.787510
 0.000372 1.863655 2.729210 4.592865 13.274831
 0.000372 1.873810 2.730941 4.604752 13.810551
 0.000373 1.883840 2.732514 4.616354 14.343677
 0.000373 1.893314 2.733875 4.627189 14.850680
 0.000374 1.901772 2.735020 4.636792 15.307368
 0.000374 1.908942 2.735911 4.644853 15.696059
 0.000375 1.914838 2.736484 4.651321 16.011481
 0.000375 1.919428 2.736799 4.656227 16.252807
 0.000376 1.922863 2.736864 4.659727 16.426056
 0.000376 1.924788 2.736647 4.661436 16.510992
 0.000377 1.925552 2.736068 4.661620 16.520175
 0.000377 1.925061 2.735108 4.660169 16.448020
 0.000378 1.923377 2.733933 4.657309 16.306281
 0.000378 1.920805 2.732334 4.653139 16.100697
 0.000379 1.917428 2.730245 4.647674 15.833215
 0.000379 1.913333 2.727950 4.641283 15.523320
 0.000380 1.909149 2.725422 4.634570 15.201093
 0.000380 1.905282 2.722568 4.627850 14.881883
 0.000381 1.902037 2.719448 4.621485 14.582656
 0.000381 1.899294 2.716093 4.615387 14.298853
 0.000382 1.896764 2.712469 4.609233 14.015273
 0.000382 1.894825 2.708556 4.603380 13.748216
 0.000383 1.893053 2.704412 4.597465 13.480887
 0.000383 1.891246 2.700176 4.591422 13.210546
 0.000384 1.889887 2.695698 4.585585 12.951972
 0.000384 1.889721 2.691035 4.580755 12.739965
 0.000385 1.890324 2.686315 4.576640 12.560681
 0.000385 1.891243 2.681544 4.572786 12.393989
 0.000386 1.892377 2.676808 4.569185 12.239207
 0.000386 1.893531 2.672004 4.565534 12.083274
 0.000387 1.894969 2.667164 4.562133 11.938887
 0.000387 1.896174 2.662400 4.558574 11.788742
 0.000388 1.897585 2.657735 4.555319 11.652293
 0.000388 1.898476 2.653384 4.551861 11.508139
 0.000389 1.898587 2.649295 4.547882 11.343434
 0.000389 1.897974 2.645321 4.543295 11.154999
 0.000390 1.896732 2.641589 4.538321 10.952480
 0.000390 1.894865 2.638014 4.532879 10.733009
 0.000391 1.892369 2.634664 4.527033 10.499725
 0.000391 1.889268 2.631596 4.520864 10.256346
 0.000392 1.886307 2.628751 4.515058 10.029859
 0.000392 1.883192 2.626147 4.509339 9.809260
 0.000393 1.880567 2.623870 4.504437 9.622148
 0.000393 1.878856 2.621750 4.500605 9.477114
 0.000394 1.877859 2.619794 4.497653 9.366112
 0.000394 1.878180 2.618119 4.496299 9.315460
 0.000395 1.879954 2.616684 4.496638 9.328112
 0.000395 1.882920 2.615450 4.498370 9.393033
 0.000396 1.887503 2.614455 4.501957 9.528164
 0.000396 1.893392 2.613750 4.507143 9.725205
 0.000397 1.900558 2.613355 4.513912 9.985474
 0.000397 1.908760 2.613221 4.521981 10.300195
 0.000398 1.917634 2.613282 4.530916 10.654399
 0.000398 1.926787 2.613528 4.540315 11.033466
 0.000399 1.935508 2.613938 4.549447 11.408065
 0.000399 1.943693 2.614466 4.558159 11.771322
 0.000400 1.950752 2.615080 4.565832 12.095965
 0.000400 1.956374 2.615939 4.572312 12.373559
 0.000401 1.960043 2.617015 4.577058 12.578858
 0.000401 1.961547 2.618161 4.579709 12.694245
 0.000402 1.960618 2.619336 4.579955 12.704998
 0.000402 1.957288 2.620618 4.577906 12.615706
 0.000403 1.951562 2.621940 4.573502 12.424866
 0.000403 1.943658 2.623276 4.566934 12.142939
 0.000404 1.933850 2.624652 4.558502 11.785721
 0.000404 1.922522 2.626120 4.548642 11.374814
 0.000405 1.910312 2.627592 4.537905 10.935611
 0.000405 1.897700 2.629006 4.526706 10.486760
 0.000406 1.885054 2.630345 4.515398 10.043064
 0.000406 1.872707 2.631656 4.504363 9.619339
 0.000407 1.861117 2.632998 4.494115 9.233973
 0.000407 1.850935 2.634265 4.485200 8.905162
 0.000408 1.842764 2.635501 4.478265 8.653507
 0.000408 1.836365 2.636690 4.473055 8.466817
 0.000409 1.832129 2.637810 4.469939 8.356136
 0.000409 1.830220 2.638759 4.468979 8.322184
 0.000410 1.830338 2.639566 4.469904 8.354906
 0.000410 1.832347 2.640283 4.472629 8.451668
 0.000411 1.836059 2.640736 4.476795 8.600627
 0.000411 1.841743 2.640969 4.482712 8.814477
 0.000412 1.848532 2.641125 4.489657 9.068810
 0.000412 1.856409 2.641186 4.497596 9.363978
 0.000413 1.864518 2.641137 4.505655 9.668452
 0.000413 1.871866 2.640956 4.512823 9.943350
 0.000414 1.878207 2.640605 4.518812 10.175990
 0.000414 1.883179 2.640138 4.523318 10.352793
 0.000415 1.886621 2.639508 4.526129 10.463874
 0.000415 1.887970 2.638991 4.526961 10.496858
 0.000416 1.887073 2.638469 4.525542 10.440643
 0.000416 1.884760 2.637999 4.522760 10.330819
 0.000417 1.880909 2.637572 4.518480 10.163050
 0.000417 1.875823 2.637234 4.513057 9.952413
 0.000418 1.870234 2.637047 4.507280 9.730461
 0.000418 1.864671 2.636922 4.501593 9.514373
 0.000419 1.860038 2.637045 4.497084 9.344804
 0.000419 1.856838 2.637387 4.494224 9.238050
 0.000420 1.855127 2.637889 4.493015 9.193109
 0.000420 1.855074 2.638554 4.493628 9.215879
 0.000421 1.856861 2.639423 4.496284 9.314884
 0.000421 1.860446 2.640431 4.500878 9.487393
 0.000422 1.865975 2.641416 4.507391 9.734704
 0.000422 1.873002 2.642439 4.515440 10.044707
 0.000423 1.881264 2.643620 4.524884 10.414606
 0.000423 1.890534 2.644879 4.535413 10.834931
 0.000424 1.900402 2.646259 4.546662 11.293151
 0.000424 1.910997 2.647683 4.558680 11.793227
 0.000425 1.921602 2.649231 4.570833 12.309923
 0.000425 1.931709 2.650816 4.582525 12.817455
 0.000426 1.940853 2.652400 4.593254 13.292184
 0.000426 1.948390 2.654003 4.602394 13.703443
 0.000427 1.954213 2.655449 4.609662 14.034944
 0.000427 1.958122 2.656704 4.614826 14.272891
 0.000428 1.959879 2.657780 4.617659 14.404271
 0.000428 1.958837 2.658706 4.617543 14.398887
 0.000429 1.955042 2.659568 4.614610 14.262922
 0.000429 1.948642 2.660334 4.608976 14.003503
 0.000430 1.939821 2.660848 4.600669 13.625355
 0.000430 1.928847 2.661197 4.590044 13.149249
 0.000431 1.916172 2.661294 4.577466 12.596595
 0.000431 1.902420 2.661258 4.563678 12.004362
 0.000432 1.888160 2.661145 4.549305 11.402229
 0.000432 1.874236 2.660879 4.535115 10.822908
 0.000433 1.860922 2.660614 4.521536 10.282698
 0.000433 1.848710 2.660341 4.509051 9.798207
 0.000434 1.838129 2.659944 4.498072 9.381843
 0.000434 1.829775 2.659334 4.489110 9.048637
 0.000435 1.823952 2.658588 4.482540 8.808211
 0.000435 1.820661 2.657638 4.478298 8.654723
 0.000436 1.820077 2.656511 4.476588 8.593220
 0.000436 1.822327 2.655348 4.477675 8.632273
 0.000437 1.827099 2.654163 4.481262 8.761822
 0.000437 1.834314 2.652826 4.487140 8.976214
 0.000438 1.843181 2.651317 4.494499 9.248268
 0.000438 1.852970 2.649731 4.502701 9.556289
 0.000439 1.863245 2.648123 4.511368 9.887262
 0.000439 1.873632 2.646541 4.520173 10.229236
 0.000440 1.883480 2.644943 4.528424 10.554992
 0.000440 1.892214 2.643336 4.535550 10.840468
 0.000441 1.899448 2.641708 4.541156 11.067681
 0.000441 1.905260 2.639939 4.545199 11.233020
 0.000442 1.909607 2.638063 4.547670 11.334695
 0.000442 1.912577 2.636089 4.548666 11.375806
 0.000443 1.914727 2.634021 4.548748 11.379176
 0.000443 1.916580 2.631981 4.548561 11.371459
 0.000444 1.918301 2.629871 4.548172 11.355419
 0.000444 1.920027 2.627659 4.547686 11.335340
 0.000445 1.922302 2.625281 4.547583 11.331122
 0.000445 1.925221 2.622876 4.548097 11.352313
 0.000446 1.928698 2.620401 4.549099 11.393703
 0.000446 1.932562 2.617784 4.550346 11.445297
 0.000447 1.936959 2.615095 4.552054 11.516167
 0.000447 1.942108 2.612441 4.554549 11.620098
 0.000448 1.947577 2.609806 4.557383 11.738732
 0.000448 1.953611 2.607102 4.560713 11.878879
 0.000449 1.959978 2.604286 4.564264 12.029233
 0.000449 1.966518 2.601278 4.567796 12.179731
 0.000450 1.973035 2.598166 4.571202 12.325758
 0.000450 1.979065 2.594981 4.574047 12.448379
 0.000451 1.984171 2.591867 4.576038 12.534576
 0.000451 1.987877 2.588792 4.576669 12.561947
 0.000452 1.989788 2.585673 4.575462 12.509603
 0.000452 1.989513 2.582564 4.572078 12.363448
 0.000453 1.986626 2.579503 4.566129 12.108606
 0.000453 1.981078 2.576510 4.557588 11.747343
 0.000454 1.972775 2.573569 4.546344 11.280102
 0.000454 1.961841 2.570798 4.532639 10.723393
 0.000455 1.948784 2.568150 4.516934 10.102764
 0.000455 1.934050 2.565755 4.499804 9.446941
 0.000456 1.918733 2.563517 4.482250 8.797682
 0.000456 1.902843 2.561463 4.464306 8.157911
 0.000457 1.887260 2.559570 4.446830 7.558019
 0.000457 1.872943 2.557818 4.430761 7.026651
 0.000458 1.860451 2.556189 4.416641 6.575716
 0.000458 1.850199 2.554863 4.405062 6.217104
 0.000459 1.842745 2.553883 4.396628 5.962207
 0.000459 1.839000 2.553243 4.392243 5.831793
 0.000460 1.838646 2.552878 4.391524 5.810541
 0.000460 1.841433 2.552834 4.394267 5.891808
 0.000461 1.847031 2.552993 4.400024 6.064197
 0.000461 1.855551 2.553468 4.409019 6.338520
 0.000462 1.866516 2.554198 4.420714 6.704263
 0.000462 1.879228 2.555187 4.434415 7.145797
 0.000463 1.893041 2.556575 4.449617 7.652144
 0.000463 1.906923 2.558336 4.465259 8.191292
 0.000464 1.920368 2.560419 4.480787 8.744628
 0.000464 1.932493 2.562922 4.495415 9.282443
 0.000465 1.942882 2.565722 4.508604 9.781081
 0.000465 1.951307 2.568784 4.520091 10.226035
 0.000466 1.957468 2.572149 4.529616 10.602498
 0.000466 1.961401 2.575780 4.537181 10.906315
 0.000467 1.963013 2.579624 4.542637 11.128106
 0.000467 1.962948 2.583631 4.546579 11.289747
 0.000468 1.962207 2.587925 4.550131 11.436407
 0.000468 1.961491 2.592547 4.554039 11.598826
 0.000469 1.961407 2.597292 4.558698 11.793989
 0.000469 1.961920 2.602050 4.563970 12.016752
 0.000470 1.963212 2.606813 4.570025 12.275197
 0.000470 1.965266 2.611583 4.576848 12.569745
 0.000471 1.968044 2.616199 4.584243 12.892897
 0.000471 1.971534 2.620587 4.592121 13.241662
 0.000472 1.975634 2.624685 4.600320 13.609567
 0.000472 1.979932 2.628638 4.608569 13.984855
 0.000473 1.984691 2.632430 4.617121 14.379257
 0.000473 1.989611 2.635970 4.625580 14.774840
 0.000474 1.994114 2.639232 4.633346 15.142661
 0.000474 1.997595 2.642251 4.639845 15.454022
 0.000475 1.999686 2.645031 4.644717 15.689465
 0.000475 1.999991 2.647543 4.647535 15.826449
 0.000476 1.997703 2.649866 4.647568 15.828091
 0.000476 1.992604 2.651856 4.644460 15.677013
 0.000477 1.984507 2.653608 4.638115 15.370813
 0.000477 1.973601 2.655020 4.628621 14.918339
 0.000478 1.959758 2.656209 4.615968 14.325759
 0.000478 1.943690 2.657107 4.600797 13.631130
 0.000479 1.925822 2.657663 4.583486 12.859596
 0.000479 1.907320 2.658055 4.565375 12.076465
 0.000480 1.888734 2.658200 4.546934 11.304354
 0.000480 1.871069 2.658240 4.529309 10.590237
 0.000481 1.854795 2.658152 4.512947 9.948157
 0.000481 1.840487 2.657874 4.498361 9.392693
 0.000482 1.828858 2.657537 4.486395 8.948894
 0.000482 1.820093 2.657160 4.477253 8.617097
 0.000483 1.814661 2.656661 4.471322 8.405193
 0.000483 1.812935 2.656056 4.468991 8.322621
 0.000484 1.815222 2.655198 4.470420 8.373185
 0.000484 1.820983 2.654198 4.475181 8.542776
 0.000485 1.829537 2.653154 4.482691 8.813723
 0.000485 1.840406 2.652008 4.492414 9.170787
 0.000486 1.853162 2.650818 4.503980 9.604790
 0.000486 1.866918 2.649615 4.516534 10.087182
 0.000487 1.880426 2.648354 4.528780 10.569164
 0.000487 1.892746 2.647081 4.539827 11.013619
 0.000488 1.903454 2.646034 4.549489 11.409810
 0.000488 1.911780 2.645171 4.556952 11.720637
 0.000489 1.917640 2.644408 4.562048 11.935320
 0.000489 1.921437 2.643701 4.565138 12.066419
 0.000490 1.923839 2.643057 4.566895 12.141283
 0.000490 1.925343 2.642466 4.567809 12.180284
 0.000491 1.925883 2.641932 4.567815 12.180549
 0.000491 1.925807 2.641431 4.567237 12.155884
 0.000492 1.925850 2.640916 4.566766 12.135740
 0.000492 1.926362 2.640368 4.566730 12.134244
 0.000493 1.927663 2.639763 4.567427 12.163962
 0.000493 1.929678 2.639026 4.568704 12.218589
 0.000494 1.932753 2.638229 4.570982 12.316318
 0.000494 1.936777 2.637212 4.573989 12.445899
 0.000495 1.941706 2.636034 4.577740 12.608494
 0.000495 1.947690 2.634829 4.582519 12.817173
 0.000496 1.954051 2.633519 4.587570 13.039616
 0.000496 1.960789 2.632087 4.592876 13.275313
 0.000497 1.968058 2.630513 4.598571 13.530661
 0.000497 1.975760 2.628865 4.604625 13.804784
 0.000498 1.982975 2.627149 4.610124 14.056156
 0.000498 1.989194 2.625473 4.614668 14.265562
 0.000499 1.994097 2.623854 4.617951 14.417835
 0.000499 1.997066 2.622160 4.619226 14.477195
 0.000500 1.997605 2.620416 4.618021 14.421091
