#! FIELDS time dAB dAC rc bias
 0.000000 2.613000 2.408797 5.021797 1.859198
 0.000000 2.606478 2.423647 5.030125 2.023250
 0.000001 2.600231 2.437557 5.037788 2.180349
 0.000001 2.594363 2.449715 5.044078 2.313659
 0.000002 2.589017 2.459647 5.048664 2.413376
 0.000002 2.584104 2.466726 5.050830 2.461182
 0.000003 2.579411 2.470777 5.050188 2.446962
 0.000003 2.574805 2.471738 5.046543 2.367006
 0.000004 2.570270 2.469252 5.039521 2.216685
 0.000004 2.565590 2.463649 5.029239 2.005479
 0.000005 2.560800 2.456011 5.016811 1.764289
 0.000005 2.555702 2.447069 5.002771 1.510420
 0.000006 2.550232 2.436611 4.986843 1.246264
 0.000006 2.544575 2.425067 4.969642 0.989495
 0.000007 2.538744 2.412975 4.951719 0.753420
 0.000007 2.532894 2.400953 4.933847 0.550001
 0.000008 2.527274 2.389196 4.916470 0.382854
 0.000008 2.522054 2.378449 4.900503 0.255882
 0.000009 2.517334 2.369052 4.886387 0.164859
 0.000009 2.513143 2.360974 4.874117 0.101932
 0.000010 2.509475 2.353786 4.863261 0.058810
 0.000010 2.506433 2.347277 4.853710 0.030614
 0.000011 2.504238 2.341572 4.845810 0.014188
 0.000011 2.502968 2.335681 4.838649 0.004689
 0.000012 2.502667 2.329463 4.832130 0.000501
 0.000012 2.503256 2.323244 4.826500 0.000304
 0.000013 2.504467 2.317049 4.821516 0.002775
 0.000013 2.506200 2.311281 4.817482 0.006594
 0.000014 2.508240 2.306208 4.814447 0.010539
 0.000014 2.510412 2.302262 4.812673 0.013272
 0.000015 2.512462 2.299630 4.812092 0.014237
 0.000015 2.514544 2.299201 4.813745 0.011584
 0.000016 2.516755 2.301441 4.818196 0.005799
 0.000016 2.519154 2.305854 4.825008 0.000783
 0.000017 2.521783 2.312262 4.834045 0.001290
 0.000017 2.524556 2.320613 4.845169 0.013128
 0.000018 2.527525 2.330603 4.858128 0.042521
 0.000018 2.530829 2.341597 4.872426 0.094441
 0.000019 2.534440 2.353277 4.887717 0.172586
 0.000019 2.538368 2.365080 4.903448 0.277383
 0.000020 2.542660 2.376385 4.919045 0.405717
 0.000020 2.547328 2.386640 4.933968 0.551280
 0.000021 2.552337 2.395212 4.947550 0.703108
 0.000021 2.557542 2.401186 4.958727 0.841907
 0.000022 2.562961 2.404750 4.967711 0.962521
 0.000022 2.568466 2.406069 4.974535 1.059521
 0.000023 2.573815 2.405206 4.979021 1.125832
 0.000023 2.578896 2.403260 4.982156 1.173365
 0.000024 2.583606 2.400460 4.984067 1.202821
 0.000024 2.587902 2.397323 4.985225 1.220847
 0.000025 2.591738 2.394246 4.985984 1.232738
 0.000025 2.595200 2.391630 4.986830 1.246056
 0.000026 2.598383 2.389882 4.988265 1.268815
 0.000026 2.601327 2.389290 4.990617 1.306566
 0.000027 2.604263 2.390782 4.995044 1.379107
 0.000027 2.607285 2.393833 5.001118 1.481827
 0.000028 2.610266 2.398347 5.008613 1.613653
 0.000028 2.613338 2.404385 5.017723 1.781468
 0.000029 2.616622 2.411759 5.028381 1.988320
 0.000029 2.620107 2.420167 5.040274 2.232570
 0.000030 2.623687 2.429204 5.052891 2.507126
 0.000030 2.627351 2.438228 5.065579 2.799302
 0.000031 2.631050 2.446362 5.077412 3.086277
 0.000031 2.634846 2.453292 5.088137 3.358505
 0.000032 2.638444 2.459446 5.097889 3.616002
 0.000032 2.641682 2.464222 5.105904 3.834745
 0.000033 2.644414 2.467828 5.112242 4.012278
 0.000033 2.646680 2.470580 5.117260 4.155678
 0.000034 2.648328 2.472740 5.121068 4.266189
 0.000034 2.649456 2.473794 5.123250 4.330177
 0.000035 2.650192 2.473643 5.123836 4.347423
 0.000035 2.650521 2.472145 5.122666 4.313004
 0.000036 2.650735 2.469777 5.120512 4.249962
 0.000036 2.650864 2.466428 5.117292 4.156602
 0.000037 2.651160 2.461905 5.113064 4.035601
 0.000037 2.651663 2.456295 5.107958 3.891846
 0.000038 2.652423 2.449633 5.102057 3.728939
 0.000038 2.653288 2.441763 5.095051 3.540061
 0.000039 2.654409 2.432654 5.087063 3.330716
 0.000039 2.655830 2.421887 5.077718 3.093882
 0.000040 2.657510 2.409456 5.066966 2.832220
 0.000040 2.659360 2.395157 5.054517 2.543673
 0.000041 2.661411 2.378887 5.040298 2.233069
 0.000041 2.663454 2.361649 5.025102 1.923482
 0.000042 2.665410 2.343532 5.008942 1.619576
 0.000042 2.667076 2.324501 4.991577 1.322127
 0.000043 2.668355 2.305482 4.973838 1.049396
 0.000043 2.669159 2.287244 4.956403 0.812019
 0.000044 2.669664 2.270416 4.940080 0.617324
 0.000044 2.669962 2.255482 4.925445 0.465410
 0.000045 2.670262 2.242655 4.912916 0.352388
 0.000045 2.670713 2.231997 4.902710 0.271910
 0.000046 2.671480 2.223856 4.895336 0.220253
 0.000046 2.672441 2.218093 4.890534 0.189533
 0.000047 2.673753 2.215104 4.888856 0.179346
 0.000047 2.675592 2.214563 4.890154 0.187202
 0.000048 2.677936 2.215900 4.893836 0.210408
 0.000048 2.680821 2.218378 4.899199 0.246637
 0.000049 2.684190 2.221742 4.905932 0.296191
 0.000049 2.687921 2.225269 4.913190 0.354688
 0.000050 2.691968 2.227950 4.919918 0.413620
 0.000050 2.696370 2.228941 4.925311 0.464120
 0.000051 2.700933 2.228249 4.929181 0.502160
 0.000051 2.705498 2.225995 4.931493 0.525595
 0.000052 2.709719 2.222616 4.932335 0.534262
 0.000052 2.713618 2.218205 4.931824 0.528988
 0.000053 2.717061 2.212933 4.929994 0.510337
 0.000053 2.720001 2.207827 4.927828 0.488689
 0.000054 2.722450 2.203053 4.925503 0.465978
 0.000054 2.724697 2.198897 4.923595 0.447733
 0.000055 2.726735 2.195439 4.922174 0.434393
 0.000055 2.728672 2.192607 4.921279 0.426088
 0.000056 2.730542 2.190151 4.920693 0.420696
 0.000056 2.732479 2.188253 4.920732 0.421059
 0.000057 2.734503 2.186548 4.921051 0.423991
 0.000057 2.736727 2.185081 4.921808 0.430983
 0.000058 2.739114 2.183569 4.922683 0.439151
 0.000058 2.741728 2.181457 4.923185 0.443863
 0.000059 2.744507 2.178361 4.922869 0.440889
 0.000059 2.747494 2.173845 4.921339 0.426640
 0.000060 2.750453 2.167844 4.918298 0.399012
 0.000060 2.753354 2.160700 4.914053 0.361996
 0.000061 2.755960 2.153078 4.909037 0.320575
 0.000061 2.758047 2.145680 4.903727 0.279465
 0.000062 2.759562 2.139028 4.898590 0.242378
 0.000062 2.760539 2.133728 4.894267 0.213214
 0.000063 2.760999 2.130780 4.891780 0.197280
 0.000063 2.761158 2.130811 4.891969 0.198472
 0.000064 2.761164 2.133805 4.894969 0.217822
 0.000064 2.761048 2.139827 4.900875 0.258547
 0.000065 2.760915 2.148749 4.909663 0.325608
 0.000065 2.760872 2.160295 4.921166 0.425050
 0.000066 2.761295 2.174123 4.935419 0.566612
 0.000066 2.762142 2.189453 4.951595 0.751901
 0.000067 2.763220 2.205458 4.968678 0.975980
 0.000067 2.764512 2.221667 4.986179 1.235804
 0.000068 2.766140 2.237496 5.003636 1.525489
 0.000068 2.768051 2.252439 5.020490 1.834074
 0.000069 2.770081 2.265749 5.035830 2.139638
 0.000069 2.772167 2.277470 5.049636 2.434784
 0.000070 2.774127 2.287322 5.061450 2.702443
 0.000070 2.775693 2.295178 5.070872 2.925926
 0.000071 2.776711 2.301356 5.078067 3.102586
 0.000071 2.777035 2.305987 5.083022 3.227229
 0.000072 2.776625 2.309343 5.085968 3.302513
 0.000072 2.775682 2.311358 5.087040 3.330133
 0.000073 2.774194 2.312422 5.086615 3.319170
 0.000073 2.772404 2.312609 5.085013 3.278022
 0.000074 2.770597 2.311989 5.082586 3.216169
 0.000074 2.768827 2.310529 5.079356 3.134778
 0.000075 2.767103 2.308054 5.075157 3.030517
 0.000075 2.765595 2.304720 5.070315 2.912469
 0.000076 2.764233 2.300831 5.065064 2.787133
 0.000076 2.763092 2.296280 5.059372 2.654364
 0.000077 2.762297 2.291011 5.053308 2.516480
 0.000077 2.761729 2.285261 5.046990 2.376733
 0.000078 2.761371 2.279241 5.040612 2.239710
 0.000078 2.760857 2.273295 5.034152 2.105072
 0.000079 2.760091 2.268007 5.028098 1.982690
 0.000079 2.758983 2.263941 5.022924 1.880992
 0.000080 2.757231 2.261086 5.018317 1.792695
 0.000080 2.754618 2.259802 5.014419 1.719659
 0.000081 2.751181 2.260555 5.011736 1.670249
 0.000081 2.747001 2.263641 5.010642 1.650317
 0.000082 2.742102 2.269046 5.011149 1.659533
 0.000082 2.736821 2.277004 5.013826 1.708668
 0.000083 2.731223 2.286853 5.018076 1.788145
 0.000083 2.725467 2.298309 5.023776 1.897565
 0.000084 2.719709 2.311328 5.031037 2.041653
 0.000084 2.714010 2.324977 5.038987 2.205461
 0.000085 2.708384 2.339359 5.047744 2.393192
 0.000085 2.702772 2.354045 5.056817 2.595821
 0.000086 2.697149 2.368526 5.065674 2.801548
 0.000086 2.691508 2.382490 5.073998 3.002043
 0.000087 2.685692 2.395545 5.081237 3.182039
 0.000087 2.679753 2.407484 5.087236 3.335184
 0.000088 2.673630 2.417951 5.091582 3.448370
 0.000088 2.667053 2.426526 5.093580 3.501030
 0.000089 2.659941 2.432926 5.092867 3.482200
 0.000089 2.652205 2.437249 5.089454 3.392708
 0.000090 2.643850 2.439307 5.083156 3.230651
 0.000090 2.635092 2.439273 5.074365 3.011039
 0.000091 2.625802 2.437048 5.062850 2.735090
 0.000091 2.616244 2.432566 5.048810 2.416578
 0.000092 2.606663 2.426044 5.032707 2.075522
 0.000092 2.597218 2.417697 5.014915 1.728865
 0.000093 2.588040 2.408044 4.996085 1.396438
 0.000093 2.579231 2.397619 4.976850 1.093496
 0.000094 2.570848 2.386038 4.956886 0.818183
 0.000094 2.562891 2.373917 4.936807 0.581494
 0.000095 2.555394 2.362068 4.917462 0.391583
 0.000095 2.548182 2.350888 4.899070 0.245729
 0.000096 2.541337 2.340291 4.881628 0.138665
 0.000096 2.534997 2.330786 4.865783 0.067777
 0.000097 2.529013 2.322737 4.851749 0.025955
 0.000097 2.523294 2.316333 4.839628 0.005684
 0.000098 2.517723 2.311273 4.828996 0.000000
 0.000098 2.512120 2.307587 4.819708 0.004285
 0.000099 2.506376 2.305118 4.811494 0.015262
 0.000099 2.500622 2.304643 4.805265 0.028086
 0.000100 2.494836 2.305713 4.800549 0.040375
 0.000100 2.489144 2.308105 4.797250 0.050295
 0.000101 2.483630 2.311452 4.795082 0.057404
 0.000101 2.478493 2.315617 4.794110 0.060746
 0.000102 2.473858 2.320737 4.794595 0.059066
 0.000102 2.469854 2.326561 4.796415 0.052978
 0.000103 2.466609 2.333058 4.799667 0.042921
 0.000103 2.464121 2.340023 4.804145 0.030804
 0.000104 2.462333 2.347210 4.809543 0.018862
 0.000104 2.461158 2.354292 4.815450 0.009133
 0.000105 2.460564 2.361078 4.821642 0.002682
 0.000105 2.460532 2.367667 4.828199 0.000029
 0.000106 2.460979 2.373410 4.834389 0.001471
 0.000106 2.461841 2.378340 4.840181 0.006289
 0.000107 2.463070 2.382388 4.845458 0.013601
 0.000107 2.464649 2.385428 4.850078 0.022286
 0.000108 2.466507 2.386972 4.853479 0.030046
 0.000108 2.468476 2.387060 4.855535 0.035297
 0.000109 2.470643 2.385834 4.856476 0.037843
 0.000109 2.473011 2.383665 4.856676 0.038394
 0.000110 2.475773 2.380656 4.856429 0.037713
 0.000110 2.479033 2.377050 4.856083 0.036768
 0.000111 2.482828 2.373168 4.855996 0.036532
 0.000111 2.487221 2.369367 4.856588 0.038151
 0.000112 2.492089 2.365952 4.858042 0.042271
 0.000112 2.497650 2.363156 4.860806 0.050691
 0.000113 2.503913 2.361139 4.865052 0.065112
 0.000113 2.510796 2.359941 4.870737 0.087242
 0.000114 2.518286 2.359800 4.878086 0.120642
 0.000114 2.526159 2.360837 4.886997 0.168381
 0.000115 2.534354 2.363556 4.897911 0.237672
 0.000115 2.542948 2.367935 4.910884 0.335530
 0.000116 2.551562 2.373383 4.924945 0.460607
 0.000116 2.560114 2.380041 4.940155 0.618160
 0.000117 2.568176 2.387721 4.955897 0.805584
 0.000117 2.575721 2.396218 4.971939 1.022072
 0.000118 2.582728 2.405562 4.988290 1.269211
 0.000118 2.589132 2.415388 5.004520 1.540965
 0.000119 2.594844 2.425582 5.020427 1.832868
 0.000119 2.599909 2.435877 5.035787 2.138753
 0.000120 2.604581 2.445949 5.050530 2.454545
 0.000120 2.608787 2.455885 5.064671 2.777863
 0.000121 2.612565 2.465235 5.077800 3.095928
 0.000121 2.616032 2.473588 5.089621 3.397052
 0.000122 2.619410 2.480777 5.100188 3.678069
 0.000122 2.622488 2.486456 5.108944 3.919386
 0.000123 2.625180 2.490710 5.115890 4.116270
 0.000123 2.627489 2.493675 5.121164 4.269004
 0.000124 2.629285 2.494687 5.123972 4.351439
 0.000124 2.630457 2.493876 5.124333 4.362100
 0.000125 2.631071 2.491527 5.122597 4.310983
 0.000125 2.630894 2.487031 5.117926 4.174898
 0.000126 2.629945 2.480626 5.110571 3.965092
 0.000126 2.628144 2.472066 5.100210 3.678674
 0.000127 2.625487 2.461488 5.086974 3.328431
 0.000127 2.621755 2.448955 5.070711 2.922034
 0.000128 2.617238 2.434554 5.051792 2.482572
 0.000128 2.612215 2.418165 5.030380 2.028383
 0.000129 2.606937 2.400057 5.006994 1.584712
 0.000129 2.601406 2.381019 4.982425 1.177484
 0.000130 2.595873 2.361401 4.957274 0.823152
 0.000130 2.590535 2.341734 4.932269 0.533579
 0.000131 2.585489 2.322538 4.908027 0.312537
 0.000131 2.580711 2.304680 4.885391 0.159190
 0.000132 2.576431 2.288751 4.865182 0.065582
 0.000132 2.572825 2.275186 4.848011 0.018136
 0.000133 2.569654 2.264641 4.834294 0.001420
 0.000133 2.566712 2.257381 4.824094 0.001187
 0.000134 2.563993 2.253313 4.817306 0.006797
 0.000134 2.561591 2.252590 4.814181 0.010929
 0.000135 2.559335 2.254856 4.814191 0.010914
 0.000135 2.557100 2.259531 4.816632 0.007606
 0.000136 2.555072 2.265974 4.821045 0.003137
 0.000136 2.553111 2.273266 4.826377 0.000335
 0.000137 2.551163 2.280767 4.831931 0.000440
 0.000137 2.549316 2.288223 4.837540 0.003676
 0.000138 2.547716 2.294942 4.842658 0.009374
 0.000138 2.546333 2.300219 4.846552 0.015464
 0.000139 2.545412 2.304001 4.849413 0.020904
 0.000139 2.545154 2.306419 4.851574 0.025556
 0.000140 2.545454 2.307903 4.853356 0.029746
 0.000140 2.546359 2.308444 4.854803 0.033379
 0.000141 2.547830 2.308693 4.856523 0.037971
 0.000141 2.549934 2.309057 4.858991 0.045076
 0.000142 2.552491 2.310370 4.862861 0.057446
 0.000142 2.555403 2.312094 4.867497 0.074233
 0.000143 2.558697 2.314211 4.872908 0.096545
 0.000143 2.562342 2.317165 4.879507 0.127724
 0.000144 2.566163 2.321146 4.887309 0.170196
 0.000144 2.570034 2.326265 4.896299 0.226692
 0.000145 2.573932 2.331942 4.905873 0.295740
 0.000145 2.577735 2.337874 4.915610 0.375359
 0.000146 2.581417 2.343596 4.925014 0.461263
 0.000146 2.585156 2.348475 4.933631 0.547747
 0.000147 2.589070 2.352216 4.941286 0.630789
 0.000147 2.593194 2.354598 4.947792 0.705985
 0.000148 2.597506 2.355614 4.953120 0.770718
 0.000148 2.602082 2.356069 4.958151 0.834439
 0.000149 2.606900 2.356355 4.963255 0.901680
 0.000149 2.611972 2.356942 4.968915 0.979288
 0.000150 2.617243 2.359144 4.976388 1.086664
 0.000150 2.622770 2.363238 4.986009 1.233127
 0.000151 2.628376 2.369520 4.997896 1.426868
 0.000151 2.633882 2.378614 5.012495 1.684158
 0.000152 2.639242 2.389977 5.029218 2.005060
 0.000152 2.644296 2.403167 5.047463 2.387047
 0.000153 2.648917 2.418077 5.066994 2.832882
 0.000153 2.653000 2.433838 5.086838 3.324911
 0.000154 2.656346 2.449715 5.106061 3.839093
 0.000154 2.658863 2.465674 5.124537 4.368124
 0.000155 2.660498 2.480923 5.141421 4.881425
 0.000155 2.661235 2.494307 5.155542 5.332611
 0.000156 2.661216 2.505369 5.166586 5.699369
 0.000156 2.660591 2.514097 5.174688 5.976187
 0.000157 2.659483 2.520034 5.179517 6.144314
 0.000157 2.657972 2.522567 5.180538 6.180176
 0.000158 2.656117 2.521784 5.177900 6.087770
 0.000158 2.654026 2.518395 5.172421 5.898094
 0.000159 2.651739 2.512497 5.164236 5.620316
 0.000159 2.649250 2.504766 5.154016 5.282894
 0.000160 2.646554 2.495503 5.142056 4.901288
 0.000160 2.643548 2.485554 5.129102 4.504097
 0.000161 2.640185 2.474761 5.114946 4.089249
 0.000161 2.636528 2.463657 5.100185 3.678003
 0.000162 2.632481 2.452864 5.085344 3.286504
 0.000162 2.628017 2.442451 5.070468 2.916180
 0.000163 2.623146 2.432636 5.055782 2.572286
 0.000163 2.617778 2.423497 5.041275 2.253765
 0.000164 2.611995 2.414885 5.026881 1.958523
 0.000164 2.605562 2.406719 5.012281 1.680227
 0.000165 2.598705 2.398702 4.997406 1.418615
 0.000165 2.591467 2.390779 4.982247 1.174757
 0.000166 2.584181 2.383280 4.967461 0.959052
 0.000166 2.576821 2.375934 4.952754 0.766183
 0.000167 2.569702 2.368616 4.938319 0.597905
 0.000167 2.562969 2.361789 4.924758 0.458808
 0.000168 2.556654 2.355563 4.912217 0.346541
 0.000168 2.550765 2.350332 4.901097 0.260145
 0.000169 2.545317 2.346569 4.891887 0.197953
 0.000169 2.540193 2.344862 4.885055 0.157302
 0.000170 2.535569 2.345075 4.880644 0.133534
 0.000170 2.531351 2.347438 4.878788 0.124115
 0.000171 2.527553 2.351912 4.879465 0.127511
 0.000171 2.523895 2.357786 4.881681 0.138945
 0.000172 2.520284 2.364889 4.885173 0.157963
 0.000172 2.516804 2.372700 4.889505 0.183250
 0.000173 2.513490 2.380926 4.894417 0.214192
 0.000173 2.510331 2.389171 4.899501 0.248765
 0.000174 2.507290 2.396057 4.903347 0.276629
 0.000174 2.504397 2.401218 4.905614 0.293752
 0.000175 2.501666 2.404512 4.906178 0.298088
 0.000175 2.499370 2.405268 4.904638 0.286315
 0.000176 2.497626 2.403218 4.900843 0.258320
 0.000176 2.496465 2.398712 4.895178 0.219204
 0.000177 2.496003 2.392093 4.888095 0.174817
 0.000177 2.496297 2.383320 4.879616 0.128274
 0.000178 2.497382 2.372732 4.870113 0.084658
 0.000178 2.499207 2.360909 4.860116 0.048518
 0.000179 2.501672 2.348432 4.850104 0.022341
 0.000179 2.504853 2.335770 4.840623 0.006795
 0.000180 2.508507 2.323127 4.831635 0.000356
 0.000180 2.512512 2.311194 4.823706 0.001383
 0.000181 2.516837 2.300250 4.817087 0.007055
 0.000181 2.521363 2.290367 4.811730 0.014853
 0.000182 2.526063 2.281916 4.807978 0.022023
 0.000182 2.530603 2.274975 4.805578 0.027349
 0.000183 2.535077 2.269303 4.804380 0.030223
 0.000183 2.539457 2.264700 4.804157 0.030774
 0.000184 2.543795 2.260808 4.804603 0.029678
 0.000184 2.548192 2.257641 4.805833 0.026755
 0.000185 2.552705 2.254961 4.807667 0.022682
 0.000185 2.557458 2.252862 4.810320 0.017383
 0.000186 2.562501 2.251235 4.813737 0.011596
 0.000186 2.567931 2.250151 4.818082 0.005923
 0.000187 2.573543 2.249879 4.823421 0.001537
 0.000187 2.579213 2.250909 4.830122 0.000067
 0.000188 2.585017 2.253420 4.838437 0.004485
 0.000188 2.590810 2.257553 4.848363 0.018813
 0.000189 2.596672 2.263277 4.859949 0.047999
 0.000189 2.602387 2.270687 4.873074 0.097277
 0.000190 2.607994 2.279763 4.887757 0.172822
 0.000190 2.613489 2.289781 4.903271 0.276062
 0.000191 2.618791 2.300851 4.919642 0.411110
 0.000191 2.623686 2.312722 4.936408 0.577194
 0.000192 2.627922 2.324692 4.952614 0.764443
 0.000192 2.631499 2.336349 4.967849 0.964425
 0.000193 2.634725 2.347295 4.982021 1.171298
 0.000193 2.637611 2.356781 4.994392 1.368294
 0.000194 2.640273 2.364644 5.004917 1.547943
 0.000194 2.642723 2.370263 5.012986 1.693169
 0.000195 2.645042 2.373240 5.018282 1.792028
 0.000195 2.647375 2.373747 5.021122 1.846207
 0.000196 2.649738 2.372079 5.021817 1.859586
 0.000196 2.652158 2.368771 5.020929 1.842492
 0.000197 2.654477 2.363961 5.018438 1.794986
 0.000197 2.656685 2.358583 5.015267 1.735419
 0.000198 2.658808 2.353445 5.012253 1.679719
 0.000198 2.660923 2.348654 5.009577 1.631033
 0.000199 2.662832 2.344493 5.007326 1.590616
 0.000199 2.664487 2.340638 5.005125 1.551600
 0.000200 2.665877 2.337752 5.003629 1.525360
 0.000200 2.666885 2.336239 5.003124 1.516555
 0.000201 2.667573 2.336398 5.003971 1.531343
 0.000201 2.667926 2.338366 5.006293 1.572251
 0.000202 2.667966 2.341571 5.009537 1.630301
 0.000202 2.668025 2.345284 5.013310 1.699141
 0.000203 2.668047 2.348854 5.016902 1.766001
 0.000203 2.668201 2.351966 5.020167 1.827900
 0.000204 2.668565 2.354277 5.022842 1.879404
 0.000204 2.669287 2.355258 5.024545 1.912572
 0.000205 2.670342 2.355113 5.025454 1.930391
 0.000205 2.671776 2.354116 5.025892 1.939002
 0.000206 2.673508 2.352449 5.025957 1.940286
 0.000206 2.675419 2.350234 5.025653 1.934298
 0.000207 2.677476 2.347681 5.025157 1.924554
 0.000207 2.679677 2.345407 5.025084 1.923128
 0.000208 2.681940 2.343762 5.025702 1.935263
 0.000208 2.684265 2.342898 5.027164 1.964122
 0.000209 2.686594 2.342608 5.029202 2.004740
 0.000209 2.688787 2.342847 5.031634 2.053733
 0.000210 2.690820 2.343647 5.034467 2.111548
 0.000210 2.692629 2.344812 5.037441 2.173103
 0.000211 2.694240 2.345896 5.040136 2.229640
 0.000211 2.695593 2.346601 5.042193 2.273305
 0.000212 2.696919 2.346157 5.043076 2.292160
 0.000212 2.698390 2.343411 5.041801 2.264948
 0.000213 2.700083 2.337845 5.037928 2.183270
 0.000213 2.702124 2.329086 5.031210 2.045139
 0.000214 2.704503 2.317179 5.021682 1.856981
 0.000214 2.707061 2.302688 5.009750 1.634143
 0.000215 2.709791 2.286817 4.996608 1.405198
 0.000215 2.712616 2.270857 4.983474 1.193637
 0.000216 2.715335 2.255530 4.970865 1.006773
 0.000216 2.717945 2.241612 4.959557 0.852708
 0.000217 2.720314 2.229804 4.950118 0.733896
 0.000217 2.722390 2.221134 4.943524 0.656185
 0.000218 2.724045 2.216442 4.940487 0.621847
 0.000218 2.725343 2.215862 4.941206 0.629895
 0.000219 2.726231 2.219372 4.945603 0.680219
 0.000219 2.726715 2.226278 4.952993 0.769143
 0.000220 2.726709 2.235924 4.962634 0.893359
 0.000220 2.726223 2.247594 4.973817 1.049104
 0.000221 2.725546 2.259691 4.985237 1.221041
 0.000221 2.724903 2.270616 4.995519 1.387005
 0.000222 2.724107 2.279603 5.003709 1.526769
 0.000222 2.723240 2.285819 5.009059 1.621681
 0.000223 2.722451 2.289162 5.011613 1.668007
 0.000223 2.721707 2.290152 5.011859 1.672497
 0.000224 2.720960 2.288945 5.009905 1.636960
 0.000224 2.720280 2.286443 5.006723 1.579894
 0.000225 2.719369 2.283595 5.002964 1.513780
 0.000225 2.718181 2.281340 4.999522 1.454468
 0.000226 2.716798 2.279824 4.996622 1.405440
 0.000226 2.715196 2.279146 4.994342 1.367464
 0.000227 2.713425 2.279562 4.992987 1.345151
 0.000227 2.711440 2.281457 4.992897 1.343676
 0.000228 2.709222 2.284878 4.994100 1.363465
 0.000228 2.706741 2.290108 4.996849 1.409243
 0.000229 2.703935 2.296912 5.000847 1.477163
 0.000229 2.700935 2.304702 5.005637 1.560634
 0.000230 2.697927 2.312947 5.010874 1.654537
 0.000230 2.695164 2.320763 5.015927 1.747724
 0.000231 2.692689 2.327766 5.020455 1.833414
 0.000231 2.690626 2.333003 5.023629 1.894695
 0.000232 2.688991 2.336112 5.025103 1.923500
 0.000232 2.687874 2.336915 5.024788 1.917324
 0.000233 2.687327 2.335463 5.022790 1.878399
 0.000233 2.687287 2.332518 5.019805 1.820990
 0.000234 2.687742 2.328544 5.016286 1.754456
 0.000234 2.688432 2.324237 5.012669 1.687355
 0.000235 2.689469 2.320400 5.009869 1.636307
 0.000235 2.690720 2.317461 5.008181 1.605912
 0.000236 2.692041 2.315391 5.007432 1.592523
 0.000236 2.693370 2.314328 5.007698 1.597267
 0.000237 2.694628 2.314294 5.008921 1.619204
 0.000237 2.695853 2.315318 5.011172 1.659956
 0.000238 2.696893 2.317256 5.014149 1.714654
 0.000238 2.697834 2.319314 5.017148 1.770636
 0.000239 2.699084 2.321109 5.020193 1.828399
 0.000239 2.700469 2.321904 5.022373 1.870319
 0.000240 2.701988 2.320977 5.022964 1.881776
 0.000240 2.703791 2.318216 5.022007 1.863250
 0.000241 2.705923 2.313101 5.019024 1.806108
 0.000241 2.708363 2.305099 5.013462 1.701955
 0.000242 2.711156 2.294771 5.005927 1.565770
 0.000242 2.714032 2.283012 4.997044 1.412514
 0.000243 2.716905 2.269985 4.986890 1.247010
 0.000243 2.719494 2.256459 4.975953 1.080264
 0.000244 2.721646 2.243629 4.965275 0.929011
 0.000244 2.723306 2.231964 4.955270 0.797644
 0.000245 2.724344 2.221872 4.946216 0.687387
 0.000245 2.724726 2.213840 4.938566 0.600609
 0.000246 2.724516 2.208147 4.932663 0.537659
 0.000246 2.723583 2.205203 4.928786 0.498209
 0.000247 2.721927 2.204584 4.926510 0.475750
 0.000247 2.719517 2.206677 4.926194 0.472667
 0.000248 2.716460 2.211247 4.927707 0.487497
 0.000248 2.713030 2.217207 4.930236 0.512787
 0.000249 2.709285 2.224350 4.933636 0.547791
 0.000249 2.705216 2.232214 4.937430 0.588226
 0.000250 2.701003 2.240311 4.941313 0.631103
 0.000250 2.696543 2.248632 4.945175 0.675232
 0.000251 2.691910 2.256727 4.948637 0.716059
 0.000251 2.687044 2.264745 4.951789 0.754279
 0.000252 2.681810 2.273155 4.954966 0.793801
 0.000252 2.676159 2.282324 4.958483 0.838733
 0.000253 2.670153 2.292433 4.962586 0.892716
 0.000253 2.663626 2.303566 4.967192 0.955328
 0.000254 2.656502 2.315758 4.972260 1.026660
 0.000254 2.648792 2.328448 4.977239 1.099253
 0.000255 2.640610 2.341747 4.982357 1.176449
 0.000255 2.631903 2.355658 4.987561 1.257632
 0.000256 2.622789 2.369720 4.992508 1.337309
 0.000256 2.613187 2.383580 4.996768 1.407876
 0.000257 2.603295 2.396443 4.999738 1.458164
 0.000257 2.593217 2.408070 5.001287 1.484734
 0.000258 2.583230 2.418419 5.001648 1.490969
 0.000258 2.573356 2.427136 5.000492 1.471069
 0.000259 2.563658 2.434252 4.997910 1.427110
 0.000259 2.554234 2.439843 4.994077 1.363092
 0.000260 2.545109 2.443684 4.988793 1.277239
 0.000260 2.536292 2.445703 4.981995 1.170909
 0.000261 2.528004 2.446165 4.974169 1.054204
 0.000261 2.520053 2.445490 4.965544 0.932679
 0.000262 2.512297 2.443960 4.956257 0.810150
 0.000262 2.504879 2.441598 4.946477 0.690446
 0.000263 2.497896 2.438421 4.936317 0.576221
 0.000263 2.491258 2.434503 4.925761 0.468470
 0.000264 2.484879 2.429974 4.914853 0.368834
 0.000264 2.478851 2.425288 4.904139 0.282553
 0.000265 2.473147 2.420695 4.893843 0.210453
 0.000265 2.467845 2.416305 4.884150 0.152265
 0.000266 2.463047 2.412714 4.875760 0.109487
 0.000266 2.458834 2.410384 4.869218 0.081013
 0.000267 2.455123 2.409018 4.864141 0.061864
 0.000267 2.452099 2.408806 4.860905 0.051006
 0.000268 2.449886 2.409680 4.859566 0.046820
 0.000268 2.448228 2.411808 4.860036 0.048269
 0.000269 2.447112 2.414958 4.862071 0.054798
 0.000269 2.446620 2.418829 4.865449 0.066553
 0.000270 2.446752 2.423475 4.870227 0.085126
 0.000270 2.447350 2.428551 4.875902 0.110150
 0.000271 2.448452 2.433682 4.882134 0.141343
 0.000271 2.450049 2.439094 4.889143 0.181064
 0.000272 2.452032 2.444969 4.897000 0.231438
 0.000272 2.454138 2.450693 4.904831 0.287780
 0.000273 2.456232 2.456217 4.912449 0.348475
 0.000273 2.458339 2.461597 4.919936 0.413782
 0.000274 2.460499 2.466543 4.927042 0.480951
 0.000274 2.462787 2.470980 4.933767 0.549167
 0.000275 2.465153 2.474950 4.940102 0.617570
 0.000275 2.467513 2.478092 4.945605 0.680241
 0.000276 2.469946 2.480356 4.950303 0.736134
 0.000276 2.472560 2.481657 4.954217 0.784398
 0.000277 2.475386 2.481944 4.957330 0.823869
 0.000277 2.478304 2.480460 4.958764 0.842386
 0.000278 2.481379 2.477396 4.958775 0.842521
 0.000278 2.484601 2.472749 4.957350 0.824132
 0.000279 2.487911 2.466218 4.954129 0.783298
 0.000279 2.491202 2.458190 4.949392 0.725123
 0.000280 2.494353 2.449087 4.943440 0.655219
 0.000280 2.497255 2.439321 4.936575 0.578995
 0.000281 2.499881 2.429853 4.929735 0.507723
 0.000281 2.502231 2.421327 4.923557 0.447379
 0.000282 2.504370 2.414226 4.918596 0.401680
 0.000282 2.506156 2.408638 4.914794 0.368327
 0.000283 2.507596 2.405358 4.912954 0.352703
 0.000283 2.508721 2.404743 4.913464 0.357000
 0.000284 2.509594 2.406779 4.916373 0.382002
 0.000284 2.510257 2.411579 4.921836 0.431245
 0.000285 2.510780 2.418290 4.929071 0.501052
 0.000285 2.511286 2.426509 4.937795 0.592191
 0.000286 2.511951 2.435903 4.947854 0.706723
 0.000286 2.512932 2.445952 4.958884 0.843937
 0.000287 2.514185 2.455728 4.969913 0.993303
 0.000287 2.515710 2.465073 4.980783 1.152432
 0.000288 2.517642 2.473518 4.991160 1.315358
 0.000288 2.519813 2.480572 5.000386 1.469244
 0.000289 2.522160 2.486542 5.008702 1.615266
 0.000289 2.524414 2.491291 5.015705 1.743575
 0.000290 2.526506 2.495496 5.022002 1.863148
 0.000290 2.528526 2.499069 5.027595 1.972690
 0.000291 2.530270 2.502587 5.032858 2.078597
 0.000291 2.531832 2.506335 5.038167 2.188261
 0.000292 2.533159 2.509679 5.042838 2.287077
 0.000292 2.534303 2.512358 5.046661 2.369566
 0.000293 2.535511 2.514928 5.050439 2.452524
 0.000293 2.536912 2.516924 5.053836 2.528327
 0.000294 2.538456 2.517837 5.056293 2.583885
 0.000294 2.540215 2.517429 5.057645 2.614706
 0.000295 2.542317 2.515350 5.057667 2.615211
 0.000295 2.544741 2.511467 5.056209 2.581969
 0.000296 2.547566 2.505320 5.052886 2.507022
 0.000296 2.550868 2.496170 5.047038 2.377778
 0.000297 2.554663 2.484381 5.039044 2.206658
 0.000297 2.558847 2.470145 5.028993 2.000542
 0.000298 2.563290 2.453943 5.017234 1.772247
 0.000298 2.567873 2.436583 5.004457 1.539856
 0.000299 2.572442 2.419099 4.991541 1.321547
 0.000299 2.576744 2.402167 4.978911 1.124180
 0.000300 2.580662 2.386562 4.967224 0.955770
 0.000300 2.584198 2.373012 4.957210 0.822329
 0.000301 2.587336 2.361950 4.949286 0.723850
 0.000301 2.590185 2.353958 4.944143 0.663292
 0.000302 2.592802 2.349342 4.942144 0.640468
 0.000302 2.595378 2.348469 4.943847 0.659886
 0.000303 2.598069 2.351021 4.949090 0.721490
 0.000303 2.601037 2.355777 4.956814 0.817257
 0.000304 2.604309 2.361821 4.966130 0.940710
 0.000304 2.607865 2.368377 4.976242 1.084518
 0.000305 2.611752 2.374798 4.986550 1.241641
 0.000305 2.615855 2.379841 4.995696 1.389949
 0.000306 2.620263 2.382445 5.002708 1.509317
 0.000306 2.624841 2.382683 5.007524 1.594148
 0.000307 2.629405 2.380805 5.010211 1.642491
 0.000307 2.633790 2.377502 5.011292 1.662149
 0.000308 2.637767 2.373149 5.010916 1.655298
 0.000308 2.641281 2.367891 5.009172 1.623710
 0.000309 2.644194 2.362133 5.006327 1.572860
 0.000309 2.646537 2.356611 5.003148 1.516982
 0.000310 2.648116 2.351693 4.999809 1.459368
 0.000310 2.648842 2.347801 4.996643 1.405785
 0.000311 2.648986 2.345156 4.994142 1.364157
 0.000311 2.648449 2.343570 4.992020 1.329336
 0.000312 2.647374 2.343029 4.990402 1.303094
 0.000312 2.645690 2.343193 4.988883 1.278672
 0.000313 2.643666 2.343600 4.987266 1.252952
 0.000313 2.641513 2.343577 4.985091 1.218751
 0.000314 2.639390 2.342258 4.981648 1.165598
 0.000314 2.637352 2.338940 4.976292 1.085257
 0.000315 2.635322 2.333751 4.969072 0.981496
 0.000315 2.633186 2.326152 4.959338 0.849853
 0.000316 2.631018 2.316705 4.947723 0.705167
 0.000316 2.628788 2.305994 4.934782 0.559858
 0.000317 2.626375 2.294825 4.921200 0.425358
 0.000317 2.623695 2.284316 4.908011 0.312406
 0.000318 2.620667 2.276072 4.896739 0.229663
 0.000318 2.617138 2.270996 4.888134 0.175043
 0.000319 2.613202 2.269405 4.882607 0.143872
 0.000319 2.608897 2.271936 4.880833 0.134512
 0.000320 2.604363 2.277891 4.882255 0.141986
 0.000320 2.599605 2.287746 4.887352 0.170446
 0.000321 2.594835 2.301058 4.895893 0.223962
 0.000321 2.590253 2.317187 4.907440 0.307912
 0.000322 2.585920 2.335529 4.921448 0.427654
 0.000322 2.582057 2.354932 4.936989 0.583453
 0.000323 2.578789 2.374059 4.952848 0.767341
 0.000323 2.576116 2.392004 4.968121 0.968208
 0.000324 2.574121 2.408330 4.982451 1.177888
 0.000324 2.572695 2.422465 4.995160 1.381025
 0.000325 2.571887 2.434236 5.006123 1.569231
 0.000325 2.571423 2.443872 5.015295 1.735931
 0.000326 2.571191 2.451313 5.022504 1.872848
 0.000326 2.571170 2.457168 5.028338 1.987465
 0.000327 2.571011 2.461969 5.032980 2.081092
 0.000327 2.570643 2.465925 5.036567 2.154928
 0.000328 2.570046 2.469237 5.039284 2.211685
 0.000328 2.569334 2.471862 5.041196 2.252094
 0.000329 2.568460 2.473358 5.041818 2.265307
 0.000329 2.567784 2.473913 5.041698 2.262745
 0.000330 2.567213 2.473684 5.040898 2.245766
 0.000330 2.566746 2.472593 5.039338 2.212835
 0.000331 2.566632 2.470893 5.037525 2.174861
 0.000331 2.566781 2.468722 5.035503 2.132891
 0.000332 2.567158 2.466102 5.033260 2.086802
 0.000332 2.567845 2.462746 5.030590 2.032626
 0.000333 2.568934 2.458590 5.027524 1.971274
 0.000333 2.570482 2.453813 5.024295 1.907688
 0.000334 2.572275 2.448532 5.020808 1.840169
 0.000334 2.574335 2.443145 5.017480 1.776893
 0.000335 2.576580 2.438216 5.014796 1.726651
 0.000335 2.578788 2.433548 5.012336 1.681229
 0.000336 2.580619 2.429227 5.009846 1.635891
 0.000336 2.582028 2.425987 5.008015 1.602934
 0.000337 2.582933 2.424848 5.007782 1.598759
 0.000337 2.583357 2.426128 5.009485 1.629356
 0.000338 2.583442 2.429214 5.012656 1.687111
 0.000338 2.583157 2.433901 5.017058 1.768938
 0.000339 2.582504 2.439671 5.022175 1.866494
 0.000339 2.581571 2.446683 5.028254 1.985795
 0.000340 2.580462 2.454577 5.035039 2.123310
 0.000340 2.579322 2.463081 5.042403 2.277771
 0.000341 2.578236 2.472100 5.050335 2.450230
 0.000341 2.577067 2.481474 5.058542 2.635257
 0.000342 2.575929 2.490733 5.066662 2.824984
 0.000342 2.574840 2.499309 5.074149 3.005741
 0.000343 2.573686 2.506813 5.080498 3.163437
 0.000343 2.572528 2.513080 5.085608 3.293269
 0.000344 2.571108 2.517628 5.088736 3.374024
 0.000344 2.569352 2.520330 5.089682 3.398652
 0.000345 2.567307 2.521331 5.088638 3.371479
 0.000345 2.564924 2.520584 5.085509 3.290716
 0.000346 2.561919 2.517753 5.079672 3.142677
 0.000346 2.558490 2.513365 5.071855 2.949763
 0.000347 2.554747 2.506917 5.061664 2.707423
 0.000347 2.550715 2.498470 5.049185 2.424834
 0.000348 2.546468 2.488742 5.035210 2.126846
 0.000348 2.542156 2.477649 5.019805 1.820988
 0.000349 2.537842 2.465484 5.003326 1.520070
 0.000349 2.533678 2.452424 4.986102 1.234593
 0.000350 2.529911 2.439174 4.969085 0.981675
 0.000350 2.526476 2.425761 4.952237 0.759788
 0.000351 2.523494 2.412142 4.935636 0.568930
 0.000351 2.521097 2.398391 4.919488 0.409720
 0.000352 2.519359 2.384911 4.904270 0.283535
 0.000352 2.518197 2.371990 4.890188 0.187407
 0.000353 2.517659 2.359562 4.877221 0.116431
 0.000353 2.517717 2.347805 4.865522 0.066818
 0.000354 2.518244 2.337236 4.855480 0.035151
 0.000354 2.519154 2.328443 4.847597 0.017356
 0.000355 2.520173 2.321569 4.841742 0.008162
 0.000355 2.521375 2.316959 4.838334 0.004389
 0.000356 2.522842 2.314678 4.837519 0.003658
 0.000356 2.524610 2.315031 4.839641 0.005699
 0.000357 2.526686 2.318001 4.844688 0.012360
 0.000357 2.529193 2.323488 4.852681 0.028121
 0.000358 2.532295 2.331015 4.863310 0.058976
 0.000358 2.536080 2.340479 4.876558 0.113255
 0.000359 2.540600 2.351040 4.891640 0.196405
 0.000359 2.545764 2.361946 4.907711 0.310040
 0.000360 2.551496 2.372460 4.923956 0.451159
 0.000360 2.557675 2.381283 4.938958 0.604914
 0.000361 2.564488 2.388493 4.952981 0.768990
 0.000361 2.571893 2.393679 4.965571 0.933060
 0.000362 2.579692 2.396638 4.976330 1.085817
 0.000362 2.587793 2.396702 4.984495 1.209469
 0.000363 2.596196 2.393953 4.990149 1.299008
 0.000363 2.604722 2.388669 4.993391 1.351786
 0.000364 2.613098 2.381022 4.994120 1.363802
 0.000364 2.621187 2.370980 4.992167 1.331736
 0.000365 2.629010 2.359375 4.988385 1.270733
 0.000365 2.636536 2.346437 4.982973 1.185911
 0.000366 2.643918 2.332572 4.976490 1.088181
 0.000366 2.651172 2.318278 4.969451 0.986803
 0.000367 2.658485 2.304417 4.962901 0.896942
 0.000367 2.666020 2.291192 4.957212 0.822364
 0.000368 2.673711 2.278886 4.952597 0.764239
 0.000368 2.681647 2.267790 4.949437 0.725674
 0.000369 2.689700 2.257858 4.947558 0.703207
 0.000369 2.697920 2.248641 4.946561 0.691440
 0.000370 2.706271 2.240378 4.946648 0.692462
 0.000370 2.714732 2.233322 4.948054 0.709106
 0.000371 2.722997 2.227562 4.950559 0.739243
 0.000371 2.731182 2.223622 4.954804 0.791769
 0.000372 2.739146 2.221473 4.960618 0.866624
 0.000372 2.746768 2.221466 4.968234 0.969779
 0.000373 2.753928 2.223528 4.977455 1.102461
 0.000373 2.760395 2.227563 4.987957 1.263916
 0.000374 2.766119 2.233946 5.000066 1.463763
 0.000374 2.771198 2.242546 5.013744 1.707163
 0.000375 2.775582 2.253114 5.028697 1.994628
 0.000375 2.779360 2.265419 5.044778 2.328762
 0.000376 2.782609 2.279194 5.061804 2.710683
 0.000376 2.785340 2.294009 5.079348 3.134581
 0.000377 2.787667 2.309125 5.096792 3.586550
 0.000377 2.789674 2.324649 5.114322 4.071430
 0.000378 2.791366 2.340120 5.131486 4.575935
 0.000378 2.792768 2.354476 5.147244 5.065057
 0.000379 2.793960 2.367130 5.161090 5.515330
 0.000379 2.794888 2.377449 5.172337 5.895182
 0.000380 2.795390 2.384742 5.180133 6.165925
 0.000380 2.795437 2.388932 5.184369 6.315586
 0.000381 2.794973 2.390010 5.184983 6.337421
 0.000381 2.793903 2.387554 5.181456 6.212489
 0.000382 2.792196 2.381512 5.173707 5.942346
 0.000382 2.789926 2.372159 5.162084 5.548404
 0.000383 2.787008 2.360182 5.147190 5.063349
 0.000383 2.783353 2.346114 5.129467 4.515065
 0.000384 2.779131 2.330180 5.109311 3.929672
 0.000384 2.774496 2.313013 5.087509 3.342234
 0.000385 2.769659 2.295432 5.065091 2.787753
 0.000385 2.764656 2.277893 5.042549 2.280901
 0.000386 2.759665 2.260917 5.020581 1.835834
 0.000386 2.754653 2.244924 4.999576 1.455401
 0.000387 2.749660 2.230652 4.980312 1.145281
 0.000387 2.744992 2.218500 4.963492 0.904865
 0.000388 2.740592 2.208349 4.948941 0.719709
 0.000388 2.736479 2.200447 4.936926 0.582773
 0.000389 2.732695 2.194803 4.927498 0.485432
 0.000389 2.729168 2.191709 4.920877 0.422387
 0.000390 2.725788 2.190752 4.916541 0.383469
 0.000390 2.722541 2.192153 4.914694 0.367468
 0.000391 2.719420 2.195251 4.914671 0.367270
 0.000391 2.716343 2.199637 4.915981 0.378584
 0.000392 2.713204 2.204856 4.918060 0.396895
 0.000392 2.709985 2.211013 4.920999 0.423504
 0.000393 2.706734 2.217711 4.924445 0.455815
 0.000393 2.703655 2.224925 4.928581 0.496158
 0.000394 2.700595 2.233151 4.933747 0.548956
 0.000394 2.697609 2.242157 4.939767 0.613843
 0.000395 2.694894 2.251699 4.946593 0.691811
 0.000395 2.692441 2.261248 4.953689 0.777797
 0.000396 2.690155 2.270797 4.960952 0.871020
 0.000396 2.688167 2.280188 4.968355 0.971466
 0.000397 2.686348 2.289343 4.975692 1.076427
 0.000397 2.684717 2.298061 4.982778 1.182913
 0.000398 2.683222 2.306323 4.989545 1.289281
 0.000398 2.681924 2.313550 4.995474 1.386253
 0.000399 2.680819 2.319333 5.000152 1.465242
 0.000399 2.679813 2.323647 5.003460 1.522417
 0.000400 2.678892 2.326168 5.005061 1.550475
 0.000400 2.677856 2.326937 5.004793 1.545768
 0.000401 2.676723 2.326002 5.002725 1.509617
 0.000401 2.675522 2.323059 4.998581 1.438467
 0.000402 2.674110 2.318439 4.992549 1.337980
 0.000402 2.672582 2.312306 4.984888 1.215594
 0.000403 2.671006 2.305398 4.976404 1.086904
 0.000403 2.669536 2.298732 4.968267 0.970246
 0.000404 2.668376 2.293381 4.961757 0.881674
 0.000404 2.667482 2.289062 4.956543 0.813805
 0.000405 2.667065 2.285998 4.953063 0.770011
 0.000405 2.667144 2.284572 4.951716 0.753386
 0.000406 2.667730 2.285090 4.952820 0.766997
 0.000406 2.668796 2.287112 4.955908 0.805723
 0.000407 2.670232 2.290834 4.961067 0.872538
 0.000407 2.671988 2.296356 4.968344 0.971321
 0.000408 2.674223 2.303655 4.977878 1.108745
 0.000408 2.676774 2.312309 4.989083 1.281873
 0.000409 2.679465 2.322812 5.002277 1.501837
 0.000409 2.682311 2.334399 5.016710 1.762401
 0.000410 2.684971 2.346462 5.031433 2.049661
 0.000410 2.687201 2.358570 5.045771 2.350232
 0.000411 2.688977 2.370777 5.059754 2.663155
 0.000411 2.690498 2.382413 5.072911 2.975477
 0.000412 2.691789 2.393111 5.084900 3.275129
 0.000412 2.692791 2.402951 5.095741 3.558469
 0.000413 2.693632 2.411557 5.105189 3.814981
 0.000413 2.694545 2.418561 5.113107 4.036808
 0.000414 2.695483 2.424025 5.119508 4.220743
 0.000414 2.696444 2.427445 5.123888 4.348977
 0.000415 2.697645 2.429202 5.126848 4.436693
 0.000415 2.698909 2.429218 5.128127 4.474872
 0.000416 2.700218 2.427512 5.127730 4.463005
 0.000416 2.701619 2.424069 5.125688 4.402215
 0.000417 2.702919 2.418803 5.121721 4.285298
 0.000417 2.704062 2.412060 5.116122 4.122945
 0.000418 2.705001 2.403243 5.108244 3.899824
 0.000418 2.705720 2.393099 5.098819 3.641037
 0.000419 2.706070 2.381744 5.087814 3.350138
 0.000419 2.706031 2.369557 5.075587 3.041117
 0.000420 2.705641 2.356346 5.061988 2.714963
 0.000420 2.704892 2.342283 5.047174 2.380750
 0.000421 2.703798 2.328017 5.031815 2.057388
 0.000421 2.702373 2.313898 5.016271 1.754174
 0.000422 2.700736 2.299852 5.000588 1.472709
 0.000422 2.699047 2.286243 4.985290 1.221866
 0.000423 2.697407 2.273886 4.971293 1.012858
 0.000423 2.695910 2.263508 4.959418 0.850894
 0.000424 2.694609 2.255444 4.950053 0.733109
 0.000424 2.693483 2.250167 4.943649 0.657618
 0.000425 2.692480 2.247880 4.940359 0.620430
 0.000425 2.691708 2.248602 4.940310 0.619877
 0.000426 2.691093 2.252145 4.943239 0.652916
 0.000426 2.690701 2.258741 4.949442 0.725731
 0.000427 2.690337 2.267927 4.958263 0.835897
 0.000427 2.689779 2.279609 4.969388 0.985928
 0.000428 2.688952 2.293055 4.982008 1.171094
 0.000428 2.687842 2.307409 4.995251 1.382539
 0.000429 2.686460 2.322212 5.008672 1.614720
 0.000429 2.684741 2.337027 5.021768 1.858648
 0.000430 2.682684 2.350797 5.033482 2.091346
 0.000430 2.680265 2.362908 5.043173 2.294242
 0.000431 2.677636 2.373180 5.050815 2.460868
 0.000431 2.674889 2.381481 5.056371 2.585654
 0.000432 2.672182 2.387499 5.059681 2.661477
 0.000432 2.669496 2.390972 5.060468 2.679667
 0.000433 2.667111 2.391784 5.058895 2.643372
 0.000433 2.665092 2.390072 5.055165 2.558302
 0.000434 2.663370 2.385816 5.049186 2.424846
 0.000434 2.662016 2.379016 5.041031 2.248593
 0.000435 2.661004 2.370539 5.031543 2.051882
 0.000435 2.660399 2.360751 5.021150 1.846742
 0.000436 2.659946 2.349808 5.009754 1.634218
 0.000436 2.659696 2.337851 4.997548 1.420995
 0.000437 2.659402 2.325093 4.984495 1.209472
 0.000437 2.659030 2.311630 4.970660 1.003861
 0.000438 2.658485 2.298042 4.956527 0.813593
 0.000438 2.657906 2.284747 4.942653 0.646245
 0.000439 2.657217 2.271676 4.928894 0.499282
 0.000439 2.656462 2.258697 4.915159 0.371462
 0.000440 2.655743 2.246224 4.901968 0.266466
 0.000440 2.655146 2.234537 4.889683 0.184330
 0.000441 2.654826 2.223897 4.878723 0.123791
 0.000441 2.654789 2.214604 4.869394 0.081722
 0.000442 2.655135 2.207118 4.862253 0.055403
 0.000442 2.655868 2.201996 4.857865 0.041758
 0.000443 2.656879 2.199635 4.856514 0.037947
 0.000443 2.658108 2.200085 4.858193 0.042712
 0.000444 2.659442 2.204079 4.863521 0.059704
 0.000444 2.660758 2.211490 4.872248 0.093667
 0.000445 2.662027 2.221948 4.883975 0.151305
 0.000445 2.663007 2.235073 4.898080 0.238839
 0.000446 2.663578 2.250498 4.914076 0.362191
 0.000446 2.663608 2.267713 4.931321 0.523832
 0.000447 2.663179 2.285368 4.948547 0.714989
 0.000447 2.662076 2.303115 4.965191 0.927867
 0.000448 2.660200 2.320383 4.980583 1.149388
 0.000448 2.657565 2.336117 4.993682 1.356583
 0.000449 2.654350 2.349775 5.004125 1.534042
 0.000449 2.650607 2.360586 5.011193 1.660344
 0.000450 2.646354 2.368506 5.014860 1.727837
 0.000450 2.641735 2.373500 5.015234 1.734806
 0.000451 2.636741 2.375482 5.012224 1.679176
 0.000451 2.631562 2.374920 5.006481 1.575590
 0.000452 2.626286 2.372297 4.998583 1.438507
 0.000452 2.621075 2.368066 4.989141 1.282802
 0.000453 2.615922 2.363029 4.978950 1.124770
 0.000453 2.610912 2.357246 4.968158 0.968728
 0.000454 2.605967 2.351298 4.957265 0.823035
 0.000454 2.600982 2.346126 4.947108 0.697879
 0.000455 2.596088 2.341951 4.938039 0.594854
 0.000455 2.591084 2.339100 4.930184 0.512260
 0.000456 2.586030 2.338085 4.924115 0.452673
 0.000456 2.581003 2.338952 4.919955 0.413950
 0.000457 2.576054 2.341683 4.917737 0.394020
 0.000457 2.571019 2.346276 4.917296 0.390110
 0.000458 2.566106 2.352532 4.918638 0.402060
 0.000458 2.561323 2.359819 4.921141 0.424818
 0.000459 2.556857 2.368082 4.924938 0.460538
 0.000459 2.552766 2.377950 4.930716 0.517659
 0.000460 2.549096 2.389469 4.938566 0.600610
 0.000460 2.545937 2.401958 4.947895 0.707217
 0.000461 2.543385 2.415362 4.958746 0.842154
 0.000461 2.541343 2.429876 4.971219 1.011803
 0.000462 2.539812 2.444517 4.984329 1.206895
 0.000462 2.538769 2.459381 4.998150 1.431165
 0.000463 2.538161 2.474127 5.012288 1.680362
 0.000463 2.537944 2.488225 5.026168 1.944442
 0.000464 2.537892 2.501084 5.038976 2.205220
 0.000464 2.537927 2.512553 5.050480 2.453441
 0.000465 2.538035 2.522333 5.060368 2.677360
 0.000465 2.538119 2.529610 5.067729 2.850403
 0.000466 2.538052 2.534395 5.072447 2.964155
 0.000466 2.537774 2.536567 5.074341 3.010457
 0.000467 2.537310 2.535762 5.073072 2.979399
 0.000467 2.536665 2.531361 5.068026 2.857485
 0.000468 2.535860 2.523719 5.059579 2.659132
 0.000468 2.535162 2.512851 5.048013 2.399087
 0.000469 2.534458 2.499097 5.033555 2.092845
 0.000469 2.533807 2.483241 5.017048 1.768745
 0.000470 2.533151 2.465911 4.999062 1.446642
 0.000470 2.532603 2.447417 4.980020 1.140868
 0.000471 2.532124 2.428972 4.961096 0.872926
 0.000471 2.531677 2.411223 4.942900 0.649053
 0.000472 2.531207 2.394582 4.925790 0.468748
 0.000472 2.530764 2.379375 4.910138 0.329452
 0.000473 2.530321 2.366212 4.896532 0.228263
 0.000473 2.529905 2.355943 4.885848 0.161780
 0.000474 2.529500 2.348932 4.878433 0.122351
 0.000474 2.528764 2.345101 4.873866 0.100802
 0.000475 2.527724 2.344528 4.872253 0.093689
 0.000475 2.526517 2.346795 4.873312 0.098331
 0.000476 2.524978 2.351593 4.876572 0.113317
 0.000476 2.523266 2.358486 4.881752 0.139322
 0.000477 2.521613 2.367057 4.888670 0.178229
 0.000477 2.519950 2.376393 4.896343 0.226985
 0.000478 2.518351 2.386466 4.904818 0.287678
 0.000478 2.516898 2.397305 4.914203 0.363275
 0.000479 2.515798 2.408896 4.924693 0.458191
 0.000479 2.514993 2.421580 4.936572 0.578959
 0.000480 2.514347 2.434896 4.949243 0.723338
 0.000480 2.513680 2.448468 4.962148 0.886873
 0.000481 2.513056 2.462486 4.975542 1.074231
 0.000481 2.512515 2.476254 4.988769 1.276861
 0.000482 2.511816 2.489422 5.001239 1.483903
 0.000482 2.510991 2.501715 5.012706 1.688025
 0.000483 2.510124 2.512316 5.022440 1.871615
 0.000483 2.508969 2.521027 5.029996 2.020661
 0.000484 2.507444 2.527751 5.035194 2.126516
 0.000484 2.505597 2.532092 5.037688 2.178260
 0.000485 2.503556 2.533903 5.037458 2.173463
 0.000485 2.501333 2.533122 5.034455 2.111298
 0.000486 2.499079 2.529650 5.028729 1.995280
 0.000486 2.496666 2.523103 5.019769 1.820297
 0.000487 2.494414 2.513601 5.008015 1.602937
 0.000487 2.492476 2.501139 4.993615 1.355470
 0.000488 2.490898 2.486542 4.977440 1.102239
 0.000488 2.489766 2.470927 4.960693 0.867602
 0.000489 2.489256 2.455272 4.944529 0.667741
 0.000489 2.489189 2.440331 4.929521 0.505569
 0.000490 2.489657 2.426372 4.916030 0.379009
 0.000490 2.490796 2.414059 4.904855 0.287963
 0.000491 2.492297 2.403784 4.896081 0.225224
 0.000491 2.494237 2.396155 4.890392 0.188660
 0.000492 2.496517 2.391525 4.888042 0.174502
 0.000492 2.499070 2.389795 4.888865 0.179396
 0.000493 2.501860 2.391248 4.893108 0.205713
 0.000493 2.504824 2.395379 4.900203 0.253740
 0.000494 2.507909 2.401514 4.909422 0.323665
 0.000494 2.510965 2.409419 4.920384 0.417869
 0.000495 2.514188 2.419099 4.933287 0.544144
 0.000495 2.517741 2.430056 4.947797 0.706041
 0.000496 2.521477 2.440707 4.962185 0.887368
 0.000496 2.525735 2.450567 4.976302 1.085406
 0.000497 2.530396 2.459212 4.989608 1.290302
 0.000497 2.535303 2.466584 5.001887 1.495091
 0.000498 2.540443 2.472556 5.012999 1.693417
 0.000498 2.545667 2.477212 5.022878 1.880107
 0.000499 2.550873 2.481224 5.032098 2.063135
 0.000499 2.555995 2.484442 5.040437 2.236001
 0.000500 2.560931 2.486407 5.047338 2.384317
