#! FIELDS time dAB dAC dAD rc bias
 0.000000 1.021207 0.978154 2.039006 4.038368 0.233708
 0.000000 1.014976 0.958782 2.042845 4.016603 0.108592
 0.000001 1.002035 0.939037 2.046666 3.987738 0.015731
 0.000001 0.984382 0.921976 2.050482 3.956840 0.008660
 0.000002 0.963941 0.910445 2.054346 3.928733 0.085150
 0.000002 0.943475 0.907273 2.058247 3.908994 0.186084
 0.000003 0.926516 0.913662 2.062163 3.902341 0.228889
 0.000003 0.915507 0.928170 2.066123 3.909800 0.181203
 0.000004 0.912116 0.948094 2.070098 3.930308 0.078774
 0.000004 0.916895 0.970658 2.074041 3.961593 0.003534
 0.000005 0.928290 0.992481 2.077957 3.998729 0.041267
 0.000005 0.944492 1.010283 2.081785 4.036560 0.221515
 0.000006 0.962512 1.022263 2.085490 4.070265 0.502649
 0.000006 0.979643 1.026823 2.088993 4.095460 0.787006
 0.000007 0.993270 1.023313 2.092271 4.108855 0.964031
 0.000007 1.001766 1.012356 2.095358 4.109480 0.972730
 0.000008 1.004527 0.994921 2.098257 4.097704 0.815417
 0.000008 1.001514 0.972515 2.101030 4.075058 0.551864
 0.000009 0.993428 0.948149 2.103639 4.045215 0.282868
 0.000009 0.981795 0.925678 2.106056 4.013528 0.094735
 0.000010 0.968004 0.909246 2.108343 3.985593 0.012157
 0.000010 0.953825 0.901952 2.110414 3.966191 0.000725
 0.000011 0.941807 0.905574 2.112395 3.959776 0.005226
 0.000011 0.934256 0.919259 2.114334 3.967849 0.000231
 0.000012 0.931942 0.940828 2.116196 3.988967 0.017986
 0.000012 0.935402 0.966611 2.117979 4.019992 0.124960
 0.000013 0.943583 0.992611 2.119590 4.055784 0.367948
 0.000013 0.953987 1.015136 2.120988 4.090111 0.721335
 0.000014 0.964886 1.031453 2.122197 4.118536 1.103146
 0.000014 0.975134 1.039489 2.123141 4.137764 1.407233
 0.000015 0.982732 1.038528 2.123827 4.145086 1.532764
 0.000015 0.986028 1.028804 2.124250 4.139082 1.429435
 0.000016 0.984931 1.010708 2.124360 4.119999 1.124981
 0.000016 0.980144 0.986069 2.124171 4.090384 0.724616
 0.000017 0.972945 0.958034 2.123827 4.054806 0.359599
 0.000017 0.964169 0.930679 2.123263 4.018111 0.115732
 0.000018 0.955335 0.908497 2.122496 3.986328 0.013330
 0.000018 0.948011 0.895336 2.121506 3.964853 0.001325
 0.000019 0.943490 0.893864 2.120280 3.957634 0.007646
 0.000019 0.942378 0.904088 2.118943 3.965409 0.001054
 0.000020 0.944615 0.923285 2.117465 3.985365 0.011804
 0.000020 0.949434 0.947813 2.115833 4.013080 0.092796
 0.000021 0.955398 0.973434 2.114035 4.042866 0.265474
 0.000021 0.961427 0.996366 2.112081 4.069874 0.498737
 0.000022 0.966035 1.014048 2.109940 4.090024 0.720286
 0.000022 0.968194 1.024560 2.107544 4.100298 0.848882
 0.000023 0.967387 1.027074 2.104913 4.099374 0.836884
 0.000023 0.963811 1.021457 2.102054 4.087322 0.688218
 0.000024 0.958690 1.008379 2.098942 4.066011 0.460906
 0.000024 0.952823 0.989324 2.095635 4.037782 0.229717
 0.000025 0.947462 0.966813 2.092229 4.006504 0.066629
 0.000025 0.943900 0.943590 2.088774 3.976264 0.001962
 0.000026 0.943745 0.923049 2.085291 3.952085 0.016048
 0.000026 0.947515 0.909210 2.081768 3.938493 0.049636
 0.000027 0.954484 0.905061 2.078255 3.937800 0.051840
 0.000027 0.963637 0.911709 2.074783 3.950129 0.019742
 0.000028 0.972993 0.927840 2.071304 3.972136 0.000228
 0.000028 0.981519 0.949781 2.067736 3.999036 0.042155
 0.000029 0.988243 0.974058 2.064108 4.026409 0.159098
 0.000029 0.991952 0.997412 2.060407 4.049771 0.318171
 0.000030 0.991815 1.016400 2.056618 4.064833 0.449666
 0.000030 0.988032 1.028987 2.052724 4.069743 0.497431
 0.000031 0.980759 1.034551 2.048710 4.064019 0.441983
 0.000031 0.971395 1.032710 2.044672 4.048777 0.310290
 0.000032 0.961199 1.023607 2.040598 4.025404 0.153480
 0.000032 0.951547 1.008095 2.036547 3.996189 0.034294
 0.000033 0.944005 0.988222 2.032532 3.964759 0.001373
 0.000033 0.940024 0.966408 2.028615 3.935047 0.061087
 0.000034 0.940642 0.945591 2.024798 3.911031 0.173866
 0.000034 0.945966 0.928699 2.021182 3.895847 0.274937
 0.000035 0.955489 0.918567 2.017689 3.891746 0.306185
 0.000035 0.967766 0.917284 2.014355 3.899405 0.249185
 0.000036 0.981066 0.924838 2.011166 3.917070 0.140082
 0.000036 0.993571 0.938895 2.008175 3.940641 0.043096
 0.000037 1.003287 0.956843 2.005368 3.965499 0.001013
 0.000037 1.008444 0.975700 2.002682 3.986827 0.014157
 0.000038 1.008300 0.992037 2.000158 4.000495 0.046496
 0.000038 1.003059 1.003609 1.997760 4.004427 0.059261
 0.000039 0.992839 1.009555 1.995480 3.997874 0.038848
 0.000039 0.978564 1.009441 1.993347 3.981353 0.006445
 0.000040 0.961361 1.003397 1.991396 3.956154 0.009585
 0.000040 0.943766 0.992016 1.989662 3.925443 0.099266
 0.000041 0.928655 0.977533 1.988134 3.894322 0.286359
 0.000041 0.918913 0.962220 1.986876 3.868009 0.520111
 0.000042 0.916724 0.947932 1.986018 3.850673 0.711941
 0.000042 0.922896 0.937057 1.985487 3.845441 0.775748
 0.000043 0.936404 0.931432 1.985297 3.853133 0.682892
 0.000043 0.955258 0.931749 1.985446 3.872453 0.475772
 0.000044 0.975928 0.937382 1.985976 3.899286 0.250025
 0.000044 0.995753 0.947060 1.986748 3.929560 0.081768
 0.000045 1.012283 0.959380 1.987766 3.959429 0.005588
 0.000045 1.023751 0.972675 1.989056 3.985482 0.011985
 0.000046 1.028555 0.984538 1.990562 4.003655 0.056632
 0.000046 1.026381 0.993338 1.992239 4.011957 0.088021
 0.000047 1.017249 0.998093 1.993960 4.009303 0.077234
 0.000047 1.001890 0.998770 1.995786 3.996446 0.034968
 0.000048 0.981674 0.995358 1.997762 3.974795 0.001149
 0.000048 0.959260 0.988498 1.999890 3.947648 0.024980
 0.000049 0.938265 0.979748 2.002197 3.920210 0.123950
 0.000049 0.922084 0.970478 2.004690 3.897253 0.264609
 0.000050 0.913983 0.962023 2.007398 3.883404 0.374939
 0.000050 0.915314 0.955669 2.010277 3.881260 0.393739
 0.000051 0.925765 0.952688 2.013308 3.891762 0.306062
 0.000051 0.943472 0.953150 2.016531 3.913153 0.161582
 0.000052 0.965476 0.956682 2.019914 3.942073 0.038996
 0.000052 0.987946 0.962461 2.023415 3.973822 0.000730
 0.000053 1.008460 0.968781 2.026988 4.004229 0.058581
 0.000053 1.024430 0.974760 2.030627 4.029816 0.178895
 0.000054 1.033665 0.978892 2.034412 4.046970 0.296215
 0.000054 1.035409 0.980573 2.038173 4.054155 0.354103
 0.000055 1.029181 0.979536 2.041928 4.050645 0.325180
 0.000055 1.015457 0.975882 2.045727 4.037067 0.224897
 0.000056 0.995435 0.970050 2.049554 4.015039 0.101426
 0.000056 0.971549 0.962463 2.053357 3.987369 0.015084
 0.000057 0.946554 0.954735 2.057171 3.958460 0.006659
 0.000057 0.924345 0.948550 2.060930 3.933825 0.065432
 0.000058 0.908418 0.945402 2.064733 3.918552 0.132345
 0.000058 0.902129 0.945407 2.068531 3.916068 0.145434
 0.000059 0.906783 0.948414 2.072303 3.927500 0.090311
 0.000059 0.920872 0.953761 2.076085 3.950717 0.018591
 0.000060 0.941601 0.960779 2.079843 3.982223 0.007470
 0.000060 0.965365 0.968041 2.083603 4.017009 0.110493
 0.000061 0.988023 0.973808 2.087269 4.049100 0.312844
 0.000061 1.006565 0.976758 2.090836 4.074159 0.542450
 0.000062 1.018703 0.976073 2.094166 4.088942 0.707365
 0.000062 1.022882 0.971940 2.097348 4.092170 0.746273
 0.000063 1.018631 0.964714 2.100322 4.083667 0.646007
 0.000063 1.006756 0.955716 2.103063 4.065534 0.456338
 0.000064 0.988631 0.946387 2.105728 4.040746 0.250248
 0.000064 0.966214 0.938871 2.108235 4.013320 0.093830
 0.000065 0.942710 0.934757 2.110542 3.988008 0.016215
 0.000065 0.921963 0.935093 2.112620 3.969675 0.000005
 0.000066 0.907337 0.940252 2.114509 3.962099 0.003121
 0.000066 0.901901 0.949743 2.116212 3.967856 0.000230
 0.000067 0.907233 0.962095 2.117813 3.987140 0.014689
 0.000067 0.922023 0.975410 2.119327 4.016760 0.109326
 0.000068 0.943214 0.987682 2.120659 4.051556 0.332565
 0.000068 0.966976 0.996887 2.121740 4.085602 0.668196
 0.000069 0.990011 1.001632 2.122593 4.114235 1.040192
 0.000069 1.009057 1.001362 2.123288 4.133707 1.340000
 0.000070 1.021645 0.995597 2.123660 4.140902 1.460375
 0.000070 1.026294 0.984598 2.123743 4.134635 1.355237
 0.000071 1.022893 0.969606 2.123572 4.116070 1.066829
 0.000071 1.012144 0.952761 2.123114 4.088018 0.696418
 0.000072 0.995057 0.936957 2.122354 4.054368 0.355902
 0.000072 0.974290 0.925155 2.121346 4.020792 0.128992
 0.000073 0.952853 0.919607 2.120153 3.992613 0.025568
 0.000073 0.933343 0.921292 2.118841 3.973475 0.000604
 0.000074 0.919173 0.929806 2.117430 3.966408 0.000645
 0.000074 0.912501 0.944185 2.115924 3.972609 0.000340
 0.000075 0.914530 0.962277 2.114238 3.991045 0.022145
 0.000075 0.924480 0.980753 2.112361 4.017594 0.113260
 0.000076 0.939674 0.997321 2.110413 4.047407 0.299595
 0.000076 0.957611 1.009605 2.108275 4.075492 0.556423
 0.000077 0.975427 1.015508 2.105919 4.096854 0.804597
 0.000077 0.990736 1.014350 2.103335 4.108421 0.958018
 0.000078 1.001496 1.005726 2.100607 4.107829 0.949835
 0.000078 1.006069 0.990215 2.097668 4.093952 0.768202
 0.000079 1.003458 0.969423 2.094524 4.067405 0.474382
 0.000079 0.994144 0.946180 2.091256 4.031580 0.189607
 0.000080 0.979649 0.924382 2.087794 3.991825 0.023817
 0.000080 0.962061 0.907551 2.084276 3.953889 0.012979
 0.000081 0.944257 0.898935 2.080641 3.923833 0.106569
 0.000081 0.929258 0.900709 2.077002 3.906969 0.198643
 0.000082 0.919760 0.913086 2.073367 3.906213 0.203442
 0.000082 0.917455 0.934077 2.069715 3.921247 0.118841
 0.000083 0.922527 0.960046 2.066022 3.948595 0.022908
 0.000083 0.933659 0.986487 2.062344 3.982490 0.007800
 0.000084 0.948875 1.009936 2.058714 4.017525 0.112929
 0.000084 0.965257 1.027310 2.055115 4.047682 0.301722
 0.000085 0.980523 1.037291 2.051479 4.069293 0.492958
 0.000085 0.992634 1.038885 2.047824 4.079343 0.597792
 0.000086 1.000112 1.031858 2.044091 4.076060 0.562439
 0.000086 1.002207 1.017050 2.040345 4.059603 0.401432
 0.000087 0.999199 0.995694 2.036509 4.031402 0.188508
 0.000087 0.992036 0.970643 2.032686 3.995365 0.032169
 0.000088 0.982026 0.944788 2.028918 3.955732 0.010179
 0.000088 0.970604 0.922615 2.025273 3.918492 0.132652
 0.000089 0.959326 0.908098 2.021757 3.889180 0.326591
 0.000089 0.950088 0.903999 2.018425 3.872511 0.475203
 0.000090 0.944584 0.911442 2.015349 3.871376 0.486337
 0.000090 0.943096 0.929267 2.012482 3.884845 0.362570
 0.000091 0.945870 0.954149 2.009845 3.909864 0.180818
 0.000091 0.952741 0.981769 2.007492 3.942002 0.039194
 0.000092 0.962365 1.008450 2.005410 3.976226 0.001938
 0.000092 0.972669 1.030621 2.003577 4.006867 0.067959
 0.000093 0.981679 1.046299 2.001936 4.029914 0.179484
 0.000093 0.988438 1.053393 2.000481 4.042312 0.261453
 0.000094 0.991870 1.051516 1.999237 4.042624 0.263713
 0.000094 0.991416 1.040369 1.998150 4.029935 0.179613
 0.000095 0.987413 1.021066 1.997262 4.005741 0.063872
 0.000095 0.980206 0.995438 1.996564 3.972208 0.000244
 0.000096 0.970990 0.966327 1.996028 3.933346 0.067176
 0.000096 0.961596 0.937176 1.995731 3.894503 0.284988
 0.000097 0.953489 0.912599 1.995740 3.861827 0.585068
 0.000097 0.947748 0.897334 1.995955 3.841037 0.831577
 0.000098 0.945569 0.893868 1.996423 3.835860 0.899674
 0.000098 0.947285 0.903212 1.997173 3.847670 0.748237
 0.000099 0.952049 0.923024 1.998254 3.873327 0.467281
 0.000099 0.958899 0.949423 1.999584 3.907905 0.192790
 0.000100 0.966366 0.977830 2.001106 3.945302 0.030498
 0.000100 0.973035 1.004336 2.002860 3.980231 0.005234
 0.000101 0.977623 1.025639 2.004804 4.008066 0.072451
 0.000101 0.979486 1.039368 2.006915 4.025768 0.155504
 0.000102 0.978301 1.044273 2.009198 4.031772 0.190791
 0.000102 0.974202 1.040086 2.011652 4.025939 0.156461
 0.000103 0.968090 1.027572 2.014252 4.009914 0.079657
 0.000103 0.961065 1.007568 2.016983 3.985616 0.012192
 0.000104 0.954343 0.982413 2.019826 3.956582 0.009003
 0.000104 0.949590 0.955725 2.022724 3.928039 0.088036
 0.000105 0.947713 0.931185 2.025752 3.904650 0.213530
 0.000105 0.949147 0.912621 2.028853 3.890621 0.315049
 0.000106 0.953901 0.903459 2.031952 3.889312 0.325528
 0.000106 0.960945 0.905475 2.035076 3.901495 0.234644
 0.000107 0.969609 0.917651 2.038284 3.925544 0.098816
 0.000107 0.978123 0.937830 2.041498 3.957451 0.007874
 0.000108 0.985715 0.962041 2.044697 3.992453 0.025207
 0.000108 0.990956 0.986683 2.048009 4.025648 0.154835
 0.000109 0.993029 1.008596 2.051414 4.053039 0.344778
 0.000109 0.991629 1.025315 2.054735 4.071678 0.516922
 0.000110 0.986910 1.035270 2.058019 4.080199 0.607190
 0.000110 0.979141 1.037380 2.061218 4.077739 0.580379
 0.000111 0.969115 1.031592 2.064360 4.065066 0.451875
 0.000111 0.958168 1.018273 2.067382 4.043823 0.272490
 0.000112 0.947959 0.998727 2.070284 4.016970 0.110309
 0.000112 0.940443 0.975303 2.073060 3.988807 0.017685
 0.000113 0.936809 0.950975 2.075742 3.963526 0.002096
 0.000113 0.938024 0.929462 2.078319 3.945804 0.029271
 0.000114 0.944276 0.914156 2.080878 3.939311 0.047092
 0.000114 0.954316 0.907972 2.083452 3.945740 0.029428
 0.000115 0.966629 0.911254 2.086030 3.963913 0.001852
 0.000115 0.979040 0.922870 2.088648 3.990558 0.021132
 0.000116 0.989590 0.939995 2.091190 4.020775 0.128904
 0.000116 0.996720 0.959643 2.093589 4.049953 0.319621
 0.000117 0.998370 0.978432 2.095803 4.072605 0.526386
 0.000117 0.993925 0.993747 2.097878 4.085550 0.667586
 0.000118 0.984466 1.004032 2.099806 4.088304 0.699787
 0.000118 0.970880 1.008105 2.101680 4.080665 0.612332
 0.000119 0.954394 1.005341 2.103389 4.063123 0.433598
 0.000119 0.937203 0.996558 2.104967 4.038728 0.236180
 0.000120 0.922473 0.983162 2.106494 4.012129 0.088744
 0.000120 0.913348 0.966246 2.107975 3.987570 0.015435
 0.000121 0.911753 0.949034 2.109367 3.970154 0.000001
 0.000121 0.918143 0.934128 2.110712 3.962983 0.002462
 0.000122 0.931634 0.923636 2.111958 3.967228 0.000384
 0.000122 0.949918 0.919089 2.113080 3.982087 0.007305
 0.000123 0.970168 0.920947 2.114093 4.005208 0.061982
 0.000123 0.989575 0.929000 2.114939 4.033514 0.201704
 0.000124 1.005125 0.941885 2.115612 4.062622 0.428939
 0.000124 1.014709 0.957043 2.116175 4.087927 0.695343
 0.000125 1.017291 0.971977 2.116613 4.105881 0.923188
 0.000125 1.012759 0.984867 2.116869 4.114494 1.043928
 0.000126 1.001265 0.993995 2.116856 4.112116 1.009854
 0.000126 0.983780 0.998400 2.116651 4.098831 0.829872
 0.000127 0.962249 0.998051 2.116221 4.076522 0.567348
 0.000127 0.940226 0.993199 2.115576 4.049001 0.312059
 0.000128 0.921351 0.984805 2.114733 4.020889 0.129485
 0.000128 0.909020 0.973958 2.113645 3.996623 0.035439
 0.000129 0.906030 0.962360 2.112412 3.980802 0.005834
 0.000129 0.913365 0.952000 2.111007 3.976372 0.002030
 0.000130 0.929518 0.943966 2.109458 3.982942 0.008375
 0.000130 0.951225 0.939528 2.107830 3.998582 0.040847
 0.000131 0.974883 0.939253 2.106008 4.020144 0.125723
 0.000131 0.997585 0.943142 2.103983 4.044710 0.279079
 0.000132 1.015900 0.949859 2.101784 4.067542 0.475725
 0.000132 1.028175 0.957917 2.099416 4.085509 0.667115
 0.000133 1.033035 0.965727 2.096954 4.095716 0.790222
 0.000133 1.029684 0.972243 2.094379 4.096306 0.797665
 0.000134 1.018252 0.975955 2.091669 4.085877 0.671370
 0.000134 1.000080 0.976850 2.088876 4.065805 0.458927
 0.000135 0.976885 0.974999 2.086008 4.037891 0.230463
 0.000135 0.951122 0.971025 2.082976 4.005123 0.061683
 0.000136 0.926668 0.966195 2.079772 3.972635 0.000347
 0.000136 0.907904 0.961242 2.076487 3.945634 0.029686
 0.000137 0.898563 0.957156 2.073209 3.928928 0.084345
 0.000137 0.900305 0.954442 2.069963 3.924709 0.102562
 0.000138 0.913085 0.953555 2.066691 3.933332 0.067227
 0.000138 0.934505 0.954313 2.063370 3.952189 0.015862
 0.000139 0.959828 0.956129 2.060026 3.975983 0.001790
 0.000139 0.984941 0.958118 2.056620 3.999679 0.044042
 0.000140 1.006355 0.960042 2.053267 4.019664 0.123324
 0.000140 1.021565 0.961425 2.049985 4.032976 0.198297
 0.000141 1.029836 0.961536 2.046680 4.038052 0.231556
 0.000141 1.030308 0.960613 2.043294 4.034215 0.206176
 0.000142 1.022050 0.959034 2.039810 4.020895 0.129513
 0.000142 1.005974 0.957121 2.036344 3.999440 0.043335
 0.000143 0.984419 0.955773 2.032940 3.973131 0.000490
 0.000143 0.960090 0.956070 2.029597 3.945757 0.029385
 0.000144 0.936740 0.958188 2.026197 3.921124 0.119441
 0.000144 0.918356 0.961881 2.022803 3.903040 0.224179
 0.000145 0.908286 0.966833 2.019452 3.894571 0.284475
 0.000145 0.908582 0.972606 2.016233 3.897421 0.263389
 0.000146 0.919113 0.978764 2.013237 3.911114 0.173379
 0.000146 0.937599 0.984308 2.010404 3.932312 0.071021
 0.000147 0.961058 0.988814 2.007665 3.957537 0.007766
 0.000147 0.986120 0.991355 2.005081 3.982555 0.007882
 0.000148 1.009108 0.991273 2.002735 4.003117 0.054835
 0.000148 1.027418 0.988292 2.000468 4.016177 0.106618
 0.000149 1.039289 0.982544 1.998280 4.020113 0.125567
 0.000149 1.043675 0.974343 1.996309 4.014327 0.098245
 0.000150 1.040060 0.965108 1.994511 3.999679 0.044042
 0.000150 1.029405 0.956118 1.992878 3.978401 0.003529
 0.000151 1.013000 0.948321 1.991403 3.952725 0.014921
 0.000151 0.992301 0.943561 1.990178 3.926041 0.096621
 0.000152 0.969517 0.942923 1.989089 3.901529 0.234416
 0.000152 0.947854 0.946476 1.988097 3.882428 0.383443
 0.000153 0.930704 0.953892 1.987340 3.871936 0.480828
 0.000153 0.920734 0.964261 1.986770 3.871764 0.482511
 0.000154 0.919321 0.976193 1.986381 3.881895 0.388122
 0.000154 0.926711 0.988154 1.986140 3.901005 0.238014
 0.000155 0.940907 0.997982 1.986059 3.924948 0.101485
 0.000155 0.959195 1.004069 1.986195 3.949458 0.021098
 0.000156 0.978566 1.005938 1.986555 3.971059 0.000056
 0.000156 0.996325 1.002799 1.987059 3.986183 0.013095
 0.000157 1.009907 0.994142 1.987710 3.991758 0.023671
 0.000157 1.017146 0.981035 1.988439 3.986621 0.013812
 0.000158 1.016995 0.964918 1.989300 3.971213 0.000074
 0.000158 1.010426 0.948036 1.990327 3.948789 0.022496
 0.000159 0.998157 0.932692 1.991516 3.922365 0.113453
 0.000159 0.981805 0.921781 1.992826 3.896412 0.270760
 0.000160 0.963377 0.917716 1.994268 3.875362 0.447822
 0.000160 0.945695 0.921724 1.995936 3.863355 0.568660
 0.000161 0.931181 0.933438 1.997842 3.862461 0.578229
 0.000161 0.922568 0.950848 1.999827 3.873243 0.468095
 0.000162 0.921459 0.971181 2.001987 3.894627 0.284052
 0.000162 0.927393 0.991675 2.004301 3.923369 0.108723
 0.000163 0.939465 1.010120 2.006704 3.956289 0.009400
 0.000163 0.955378 1.024159 2.009059 3.988596 0.017290
 0.000164 0.972607 1.031893 2.011519 4.016019 0.105887
 0.000164 0.988503 1.032722 2.014075 4.035300 0.213205
 0.000165 1.000843 1.026387 2.016745 4.043974 0.273610
 0.000165 1.008659 1.013255 2.019500 4.041414 0.254999
 0.000166 1.011315 0.994232 2.022364 4.027910 0.167681
 0.000166 1.008522 0.971466 2.025282 4.005269 0.062197
 0.000167 1.000786 0.947957 2.028199 3.976942 0.002409
 0.000167 0.989258 0.927336 2.031188 3.947781 0.024683
 0.000168 0.976077 0.913280 2.034275 3.923631 0.107502
 0.000168 0.962795 0.908871 2.037342 3.909008 0.186001
 0.000169 0.951272 0.914616 2.040356 3.906244 0.203239
 0.000169 0.943190 0.929596 2.043362 3.916148 0.145002
 0.000170 0.939828 0.951252 2.046400 3.937480 0.052877
 0.000170 0.941524 0.976144 2.049430 3.967098 0.000421
 0.000171 0.947923 0.999875 2.052454 4.000252 0.045758
 0.000171 0.957984 1.019163 2.055465 4.032611 0.196009
 0.000172 0.969420 1.031775 2.058460 4.059655 0.401903
 0.000172 0.980294 1.036610 2.061442 4.078346 0.586945
 0.000173 0.988657 1.033072 2.064368 4.086097 0.673927
 0.000173 0.993087 1.021387 2.067197 4.081671 0.623519
 0.000174 0.993158 1.002580 2.069939 4.065677 0.457705
 0.000174 0.988699 0.978301 2.072540 4.039540 0.241788
 0.000175 0.980496 0.951127 2.075103 4.006726 0.067438
 0.000175 0.969738 0.924857 2.077601 3.972195 0.000241
 0.000176 0.958276 0.904069 2.080034 3.942378 0.038149
 0.000176 0.947865 0.892683 2.082415 3.922964 0.110621
 0.000177 0.939863 0.893778 2.084723 3.918364 0.133313
 0.000177 0.935075 0.906975 2.086994 3.929044 0.083869
 0.000178 0.934424 0.929254 2.089202 3.952879 0.014656
 0.000178 0.937611 0.956581 2.091448 3.985641 0.012231
 0.000179 0.943921 0.984576 2.093659 4.022155 0.136009
 0.000179 0.952008 1.009063 2.095710 4.056781 0.376549
 0.000180 0.959820 1.027069 2.097624 4.084513 0.655656
 0.000180 0.966568 1.036842 2.099369 4.102779 0.881519
 0.000181 0.971334 1.037519 2.100976 4.109830 0.977615
 0.000181 0.973344 1.028705 2.102480 4.104530 0.904912
 0.000182 0.972396 1.011548 2.103835 4.087780 0.693601
 0.000182 0.969011 0.988073 2.105013 4.062097 0.424095
 0.000183 0.964152 0.960961 2.105991 4.031104 0.186688
 0.000183 0.958969 0.934095 2.106684 3.999748 0.044247
 0.000184 0.954178 0.912108 2.107163 3.973449 0.000595
 0.000184 0.950746 0.899122 2.107391 3.957259 0.008116
 0.000185 0.949615 0.897644 2.107501 3.954761 0.011612
 0.000185 0.950772 0.908146 2.107474 3.966392 0.000651
 0.000186 0.954467 0.928678 2.107263 3.990408 0.020824
 0.000186 0.960197 0.955063 2.106878 4.022138 0.135920
 0.000187 0.966682 0.982948 2.106280 4.055910 0.369028
 0.000187 0.972777 1.008472 2.105528 4.086778 0.681858
 0.000188 0.977579 1.028849 2.104638 4.111065 0.994974
 0.000188 0.980240 1.041719 2.103546 4.125506 1.209101
 0.000189 0.980322 1.045900 2.102230 4.128452 1.255350
 0.000189 0.977320 1.040937 2.100630 4.118887 1.108372
 0.000190 0.971507 1.027129 2.098810 4.097446 0.812120
 0.000190 0.964287 1.006217 2.096885 4.067390 0.474237
 0.000191 0.956672 0.980163 2.094782 4.031617 0.189833
 0.000191 0.950580 0.952158 2.092486 3.995225 0.031815
 0.000192 0.947087 0.926418 2.090084 3.963588 0.002056
 0.000192 0.946686 0.907040 2.087634 3.941361 0.041009
 0.000193 0.949328 0.897679 2.085115 3.932122 0.071738
 0.000193 0.954971 0.900057 2.082558 3.937586 0.052533
 0.000194 0.962545 0.913346 2.079962 3.955853 0.010007
 0.000194 0.970151 0.934771 2.077421 3.982343 0.007617
 0.000195 0.976778 0.960305 2.074931 4.012013 0.088255
 0.000195 0.981337 0.985417 2.072375 4.039130 0.238948
 0.000196 0.983117 1.006961 2.069706 4.059784 0.403057
 0.000196 0.981128 1.022293 2.066884 4.070305 0.503054
 0.000197 0.974883 1.030017 2.063955 4.068854 0.488611
 0.000197 0.965572 1.029380 2.060958 4.055910 0.369026
 0.000198 0.954509 1.020697 2.057959 4.033165 0.199490
 0.000198 0.943414 1.004764 2.054913 4.003091 0.054750
 0.000199 0.934415 0.983821 2.051830 3.970066 0.000000
 0.000199 0.929473 0.960323 2.048718 3.938514 0.049570
 0.000200 0.929551 0.937390 2.045690 3.912631 0.164559
 0.000200 0.935121 0.919107 2.042743 3.896971 0.266663
 0.000201 0.945267 0.908756 2.039874 3.893897 0.289585
 0.000201 0.959072 0.908173 2.037134 3.904380 0.215298
 0.000202 0.974390 0.917957 2.034573 3.926919 0.092798
 0.000202 0.988713 0.935718 2.032126 3.956557 0.009036
 0.000203 1.000166 0.958260 2.029783 3.988208 0.016577
 0.000203 1.007029 0.981749 2.027615 4.016393 0.107614
 0.000204 1.008337 1.003245 2.025522 4.037104 0.225147
 0.000204 1.004210 1.020025 2.023518 4.047753 0.302278
 0.000205 0.994871 1.030587 2.021629 4.047087 0.297118
 0.000205 0.981234 1.034053 2.019798 4.035084 0.211796
 0.000206 0.965424 1.030224 2.018136 4.013783 0.095847
 0.000206 0.949675 1.020352 2.016632 3.986659 0.013876
 0.000207 0.936868 1.005341 2.015225 3.957434 0.007895
 0.000207 0.929136 0.986429 2.013994 3.929560 0.081771
 0.000208 0.928196 0.966425 2.012837 3.907458 0.195575
 0.000208 0.934532 0.947879 2.011885 3.894296 0.286556
 0.000209 0.946627 0.933547 2.011064 3.891238 0.310172
 0.000209 0.963147 0.925663 2.010407 3.899218 0.250507
 0.000210 0.981440 0.925527 2.009970 3.916937 0.140784
 0.000210 0.999143 0.932875 2.009689 3.941707 0.040025
 0.000211 1.013991 0.945724 2.009658 3.969373 0.000020
 0.000211 1.024142 0.961130 2.009870 3.995142 0.031605
 0.000212 1.028228 0.976709 2.010168 4.015105 0.101723
 0.000212 1.025319 0.990021 2.010501 4.025840 0.155908
 0.000213 1.015604 0.999458 2.010971 4.026034 0.156988
 0.000213 1.000223 1.003830 2.011590 4.015644 0.104169
 0.000214 0.980429 1.002718 2.012317 3.995463 0.032419
 0.000214 0.958258 0.996670 2.013281 3.968209 0.000160
 0.000215 0.936805 0.986783 2.014443 3.938031 0.051101
 0.000215 0.919827 0.974719 2.015714 3.910261 0.178440
 0.000216 0.910167 0.962450 2.017187 3.889803 0.321574
 0.000216 0.909731 0.951582 2.018790 3.880103 0.404071
 0.000217 0.918151 0.943036 2.020581 3.881768 0.389245
 0.000217 0.933996 0.937752 2.022619 3.894368 0.286011
 0.000218 0.954331 0.936625 2.024772 3.915728 0.147275
 0.000218 0.975834 0.939736 2.026959 3.942530 0.037731
 0.000219 0.995396 0.946332 2.029251 3.970980 0.000048
 0.000219 1.010506 0.955006 2.031595 3.997107 0.036740
 0.000220 1.019543 0.964270 2.034015 4.017828 0.114374
 0.000220 1.021529 0.972963 2.036429 4.030922 0.185572
 0.000221 1.016745 0.979905 2.038747 4.035397 0.213839
 0.000221 1.005330 0.984144 2.041023 4.030497 0.182997
 0.000222 0.988619 0.985692 2.043361 4.017672 0.113632
 0.000222 0.968576 0.984610 2.045717 3.998903 0.041770
 0.000223 0.948165 0.981505 2.048117 3.977787 0.003032
 0.000223 0.930519 0.977121 2.050638 3.958278 0.006870
 0.000224 0.918183 0.972067 2.053291 3.943542 0.035003
 0.000224 0.913580 0.967469 2.055965 3.937015 0.054401
 0.000225 0.918135 0.963370 2.058721 3.940226 0.044325
 0.000225 0.930963 0.960467 2.061539 3.952969 0.014503
 0.000226 0.949598 0.959233 2.064375 3.973206 0.000514
 0.000226 0.971174 0.959997 2.067314 3.998485 0.040570
 0.000227 0.992130 0.961751 2.070201 4.024082 0.146244
 0.000227 1.009882 0.964015 2.073046 4.046944 0.296020
 0.000228 1.022480 0.966372 2.075851 4.064703 0.448434
 0.000228 1.028671 0.968295 2.078571 4.075537 0.556906
 0.000229 1.027162 0.969043 2.081207 4.077412 0.576869
 0.000229 1.018239 0.968341 2.083868 4.070448 0.504494
 0.000230 1.003010 0.966331 2.086538 4.055879 0.368758
 0.000230 0.983255 0.963371 2.089160 4.035786 0.216392
 0.000231 0.961370 0.959687 2.091739 4.012797 0.091578
 0.000231 0.940094 0.956105 2.094245 3.990444 0.020898
 0.000232 0.923006 0.953711 2.096612 3.973329 0.000554
 0.000232 0.913125 0.953164 2.098894 3.965182 0.001161
 0.000233 0.912159 0.954430 2.101105 3.967694 0.000266
 0.000233 0.920197 0.956785 2.103254 3.980236 0.005239
 0.000234 0.934839 0.959886 2.105346 4.000070 0.045211
 0.000234 0.953660 0.962957 2.107344 4.023961 0.145592
 0.000235 0.972941 0.965221 2.109191 4.047353 0.299176
 0.000235 0.989482 0.965880 2.110869 4.066231 0.463024
 0.000236 1.000819 0.964356 2.112310 4.077485 0.577648
 0.000236 1.005775 0.960914 2.113554 4.080243 0.607671
 0.000237 1.003893 0.955996 2.114596 4.074484 0.545850
 0.000237 0.995873 0.950229 2.115390 4.061492 0.418536
 0.000238 0.982428 0.944755 2.115957 4.043140 0.267476
 0.000238 0.965533 0.940961 2.116317 4.022810 0.139445
 0.000239 0.947729 0.939796 2.116450 4.003975 0.057716
 0.000239 0.931511 0.941676 2.116400 3.989587 0.019182
 0.000240 0.920052 0.946816 2.116196 3.983064 0.008534
 0.000240 0.915497 0.954625 2.115820 3.985943 0.012709
 0.000241 0.918066 0.963720 2.115445 3.997231 0.037076
 0.000241 0.927750 0.972829 2.115016 4.015595 0.103944
 0.000242 0.942679 0.980952 2.114618 4.038249 0.232894
 0.000242 0.959638 0.986829 2.114145 4.060611 0.410519
 0.000243 0.976283 0.989389 2.113510 4.079182 0.596040
 0.000243 0.990411 0.987856 2.112706 4.090973 0.731723
 0.000244 1.000324 0.982139 2.111775 4.094238 0.771758
 0.000244 1.005091 0.973175 2.110622 4.088888 0.706715
 0.000245 1.004391 0.962080 2.109385 4.075855 0.560262
 0.000245 0.998295 0.950571 2.107959 4.056825 0.376927
 0.000246 0.987677 0.940856 2.106314 4.034846 0.210253
 0.000246 0.974607 0.934769 2.104564 4.013940 0.096537
 0.000247 0.960290 0.933276 2.102706 3.996272 0.034510
 0.000247 0.946940 0.936975 2.100719 3.984634 0.010708
 0.000248 0.936419 0.945395 2.098694 3.980508 0.005521
 0.000248 0.930962 0.956743 2.096579 3.984284 0.010201
 0.000249 0.931373 0.969716 2.094333 3.995423 0.032316
 0.000249 0.936914 0.982143 2.092012 4.011069 0.084334
 0.000250 0.946691 0.992696 2.089640 4.029026 0.174206
 0.000250 0.959298 0.999580 2.087151 4.046030 0.289027
 0.000251 0.972398 1.001772 2.084501 4.058672 0.393133
 0.000251 0.983770 0.998948 2.081681 4.064399 0.445555
 0.000252 0.991629 0.991363 2.078745 4.061737 0.420788
 0.000252 0.995252 0.979390 2.075628 4.050270 0.322168
 0.000253 0.994103 0.964509 2.072372 4.030984 0.185950
 0.000253 0.988287 0.948532 2.069054 4.005873 0.064343
 0.000254 0.978821 0.933587 2.065749 3.978158 0.003327
 0.000254 0.966717 0.922566 2.062301 3.951584 0.016958
 0.000255 0.953761 0.917651 2.058825 3.930237 0.079055
 0.000255 0.942322 0.919719 2.055318 3.917359 0.138553
 0.000256 0.934225 0.928789 2.051819 3.914833 0.152169
 0.000256 0.930542 0.943340 2.048325 3.922207 0.114207
 0.000257 0.932174 0.960677 2.044859 3.937710 0.052133
 0.000257 0.938736 0.978495 2.041365 3.958596 0.006502
 0.000258 0.948556 0.994444 2.037856 3.980856 0.005893
 0.000258 0.959587 1.006806 2.034328 4.000720 0.047186
 0.000259 0.970660 1.013717 2.030873 4.015249 0.102375
 0.000259 0.980506 1.014606 2.027347 4.022460 0.137603
 0.000260 0.987518 1.009440 2.023896 4.020854 0.129307
 0.000260 0.991536 0.998751 2.020449 4.010737 0.082975
 0.000261 0.992047 0.983878 2.017067 3.992991 0.026429
 0.000261 0.988767 0.966341 2.013749 3.968856 0.000065
 0.000262 0.982995 0.948563 2.010605 3.942163 0.038745
 0.000262 0.975262 0.933967 2.007614 3.916843 0.141283
 0.000263 0.967394 0.924958 2.004691 3.897042 0.266142
 0.000263 0.960872 0.923054 2.002009 3.885935 0.353345
 0.000264 0.956290 0.928955 1.999489 3.884733 0.363522
 0.000264 0.954300 0.942177 1.997178 3.893655 0.291424
 0.000265 0.954995 0.960283 1.995052 3.910330 0.178023
 0.000265 0.958409 0.980488 1.993070 3.931967 0.072326
 0.000266 0.963854 1.000114 1.991247 3.955215 0.010930
 0.000266 0.970117 1.016333 1.989646 3.976096 0.001858
 0.000267 0.976252 1.027243 1.988316 3.991810 0.023785
 0.000267 0.981292 1.031762 1.987174 4.000228 0.045688
 0.000268 0.984426 1.029477 1.986289 4.000192 0.045579
 0.000268 0.984946 1.020461 1.985615 3.991022 0.022096
 0.000269 0.983233 1.005567 1.985111 3.973911 0.000765
 0.000269 0.979572 0.986494 1.984809 3.950874 0.018290
 0.000270 0.974514 0.965200 1.984689 3.924403 0.103954
 0.000270 0.968926 0.944558 1.984792 3.898276 0.257218
 0.000271 0.963784 0.927635 1.985148 3.876567 0.436485
 0.000271 0.959927 0.917212 1.985824 3.862963 0.572846
 0.000272 0.958070 0.915357 1.986770 3.860196 0.602840
 0.000272 0.958349 0.922722 1.988024 3.869095 0.509087
 0.000273 0.960258 0.937145 1.989535 3.886938 0.344965
 0.000273 0.963209 0.955857 1.991298 3.910364 0.177821
 0.000274 0.966478 0.975834 1.993300 3.935612 0.059128
 0.000274 0.969261 0.994180 1.995544 3.958985 0.006067
 0.000275 0.970935 1.008229 1.998034 3.977199 0.002591
 0.000275 0.970688 1.016738 2.000739 3.988165 0.016499
 0.000276 0.968747 1.019061 2.003569 3.991377 0.022849
 0.000276 0.965548 1.014715 2.006491 3.986755 0.014036
 0.000277 0.961592 1.004083 2.009562 3.975237 0.001371
 0.000277 0.957478 0.988448 2.012771 3.958698 0.006387
 0.000278 0.953897 0.969450 2.016134 3.939481 0.046571
 0.000278 0.951698 0.949542 2.019671 3.920911 0.120488
 0.000279 0.951442 0.932028 2.023325 3.906795 0.199743
 0.000279 0.953343 0.920076 2.027081 3.900500 0.241515
 0.000280 0.957785 0.915787 2.030945 3.904517 0.214403
 0.000280 0.964121 0.919693 2.034935 3.918748 0.131337
 0.000281 0.971571 0.931346 2.038967 3.941884 0.039525
 0.000281 0.978737 0.948272 2.043102 3.970110 0.000001
 0.000282 0.984359 0.967726 2.047189 3.999274 0.042847
 0.000282 0.988214 0.986737 2.051328 4.026279 0.158368
 0.000283 0.989189 1.002904 2.055456 4.047549 0.300692
 0.000283 0.986679 1.014200 2.059461 4.060340 0.408065
 0.000284 0.981257 1.019654 2.063432 4.064343 0.445028
 0.000284 0.973056 1.018860 2.067328 4.059245 0.398233
 0.000285 0.963550 1.012142 2.071139 4.046831 0.295152
 0.000285 0.954016 1.000118 2.074875 4.029009 0.174105
 0.000286 0.945870 0.983989 2.078542 4.008401 0.073731
 0.000286 0.940595 0.965709 2.082112 3.988416 0.016958
 0.000287 0.939128 0.947950 2.085604 3.972682 0.000360
 0.000287 0.942031 0.933729 2.089012 3.964772 0.001367
 0.000288 0.948830 0.925168 2.092412 3.966410 0.000644
 0.000288 0.958485 0.923103 2.095765 3.977353 0.002703
 0.000289 0.969293 0.927883 2.098980 3.996156 0.034206
 0.000289 0.979459 0.938317 2.102063 4.019839 0.124198
 0.000290 0.987696 0.952071 2.105127 4.044894 0.280454
 0.000290 0.992407 0.967016 2.108051 4.067474 0.475062
 0.000291 0.992672 0.980671 2.110825 4.084169 0.651729
 0.000291 0.988379 0.991331 2.113429 4.093139 0.758162
 0.000292 0.979667 0.997344 2.115821 4.092832 0.754385
 0.000292 0.967390 0.997555 2.118030 4.082975 0.638170
 0.000293 0.952891 0.993074 2.120119 4.066084 0.461604
 0.000293 0.938296 0.983927 2.121987 4.044210 0.275357
 0.000294 0.926106 0.971408 2.123685 4.021199 0.131067
 0.000294 0.918191 0.957133 2.125211 4.000535 0.046621
 0.000295 0.916419 0.942959 2.126627 3.986005 0.012808
 0.000295 0.921513 0.930952 2.127939 3.980404 0.005412
 0.000296 0.932966 0.923789 2.129049 3.985803 0.012487
 0.000296 0.948857 0.922224 2.129943 4.001024 0.048123
 0.000297 0.966354 0.925865 2.130712 4.022932 0.140089
 0.000297 0.983067 0.933878 2.131346 4.048291 0.306473
 0.000298 0.996378 0.945236 2.131771 4.073386 0.534428
 0.000298 1.004613 0.957969 2.131981 4.094563 0.775798
 0.000299 1.006902 0.970183 2.131915 4.109001 0.966058
 0.000299 1.002930 0.980140 2.131577 4.114647 1.046139
 0.000300 0.993122 0.986554 2.131014 4.110691 0.989691
 0.000300 0.978471 0.989420 2.130183 4.098075 0.820159
 0.000301 0.960832 0.988669 2.129200 4.078701 0.590791
 0.000301 0.943088 0.984289 2.128068 4.055445 0.365045
 0.000302 0.928304 0.976986 2.126864 4.032155 0.193162
 0.000302 0.918815 0.968220 2.125572 4.012607 0.090767
 0.000303 0.916388 0.958971 2.124166 3.999525 0.043587
 0.000303 0.921870 0.950525 2.122601 3.994996 0.031240
 0.000304 0.934348 0.944378 2.120953 3.999679 0.044043
 0.000304 0.951239 0.941729 2.119280 4.012249 0.089247
 0.000305 0.969812 0.943278 2.117551 4.030641 0.183866
 0.000305 0.987396 0.947996 2.115756 4.051149 0.329257
 0.000306 1.001944 0.955318 2.113814 4.071076 0.510817
 0.000306 1.011743 0.963776 2.111701 4.087220 0.687024
 0.000307 1.015248 0.971968 2.109492 4.096709 0.802753
 0.000307 1.012453 0.978499 2.107093 4.098045 0.819774
 0.000308 1.003153 0.982407 2.104509 4.090070 0.720835
 0.000308 0.988246 0.983291 2.101695 4.073233 0.532848
 0.000309 0.969599 0.981453 2.098697 4.049749 0.317996
 0.000309 0.949564 0.977254 2.095472 4.022290 0.136711
 0.000310 0.931328 0.971368 2.092136 3.994831 0.030829
 0.000310 0.918039 0.964415 2.088671 3.971125 0.000063
 0.000311 0.912298 0.958301 2.085026 3.955625 0.010332
 0.000311 0.915222 0.953670 2.081247 3.950138 0.019725
 0.000312 0.926202 0.951098 2.077419 3.954719 0.011676
 0.000312 0.942351 0.950945 2.073470 3.966766 0.000523
 0.000313 0.961123 0.952247 2.069513 3.982883 0.008299
 0.000313 0.979632 0.954882 2.065406 3.999920 0.044759
 0.000314 0.995199 0.958163 2.061218 4.014580 0.099369
 0.000314 1.005711 0.960816 2.056950 4.023477 0.142987
 0.000315 1.010370 0.962842 2.052613 4.025824 0.155818
 0.000315 1.008303 0.963919 2.048134 4.020356 0.126786
 0.000316 1.000317 0.963866 2.043629 4.007813 0.071490
 0.000316 0.987279 0.963347 2.039122 3.989748 0.019498
 0.000317 0.970819 0.962883 2.034531 3.968232 0.000156
 0.000317 0.953170 0.963005 2.029984 3.946160 0.028418
 0.000318 0.936968 0.964055 2.025562 3.926585 0.094244
 0.000318 0.925224 0.966003 2.021299 3.912526 0.165163
 0.000319 0.920163 0.969255 2.017265 3.906683 0.200451
 0.000319 0.922932 0.973252 2.013360 3.909545 0.182743
 0.000320 0.933017 0.977762 2.009557 3.920336 0.123325
 0.000320 0.948303 0.982227 2.005875 3.936405 0.056430
 0.000321 0.966222 0.985646 2.002303 3.954172 0.012527
 0.000321 0.984560 0.987470 1.998776 3.970807 0.000033
 0.000322 1.000971 0.987509 1.995325 3.983806 0.009530
 0.000322 1.013481 0.985444 1.992062 3.990986 0.022020
 0.000323 1.020827 0.981614 1.988971 3.991413 0.022925
 0.000323 1.022125 0.976522 1.986106 3.984752 0.010881
 0.000324 1.017655 0.970493 1.983396 3.971543 0.000119
 0.000324 1.008263 0.964400 1.980894 3.953558 0.013517
 0.000325 0.994849 0.959502 1.978582 3.932933 0.068698
 0.000325 0.979186 0.956412 1.976537 3.912135 0.167421
 0.000326 0.963041 0.955896 1.974796 3.893733 0.290834
 0.000326 0.948030 0.958339 1.973381 3.879750 0.407254
 0.000327 0.936921 0.963189 1.972354 3.872464 0.475667
 0.000327 0.931563 0.969919 1.971742 3.873224 0.468276
 0.000328 0.932771 0.977561 1.971550 3.881883 0.388233
 0.000328 0.940140 0.985488 1.971694 3.897322 0.264104
 0.000329 0.952324 0.992125 1.972222 3.916671 0.142200
 0.000329 0.967152 0.996554 1.973118 3.936824 0.055033
 0.000330 0.981794 0.997982 1.974359 3.954135 0.012584
 0.000330 0.994415 0.995133 1.975930 3.965478 0.001023
 0.000331 1.003105 0.988408 1.977787 3.969300 0.000025
 0.000331 1.006841 0.978576 1.980009 3.965425 0.001046
 0.000332 1.005062 0.966395 1.982558 3.954015 0.012776
 0.000332 0.998431 0.953348 1.985403 3.937182 0.053850
 0.000333 0.988004 0.941544 1.988508 3.918057 0.134906
 0.000333 0.974800 0.933130 1.991884 3.899813 0.246310
 0.000334 0.960877 0.929601 1.995496 3.885973 0.353023
 0.000334 0.948576 0.932147 1.999304 3.880027 0.404760
 0.000335 0.939521 0.940769 2.003409 3.883699 0.372394
 0.000335 0.935141 0.953717 2.007834 3.896692 0.268701
 0.000336 0.935503 0.969163 2.012543 3.917209 0.139345
 0.000336 0.940202 0.984944 2.017366 3.942512 0.037779
 0.000337 0.948318 0.998794 2.022354 3.969465 0.000014
 0.000337 0.958153 1.008990 2.027384 3.994527 0.030079
 0.000338 0.968524 1.014277 2.032426 4.015227 0.102273
 0.000338 0.977900 1.013829 2.037520 4.029249 0.175523
 0.000339 0.985098 1.007562 2.042627 4.035287 0.213121
 0.000339 0.989632 0.995929 2.047733 4.033294 0.200306
 0.000340 0.990995 0.980204 2.052912 4.024112 0.146405
 0.000340 0.989058 0.962930 2.058134 4.010121 0.080485
 0.000341 0.984187 0.946450 2.063367 3.994004 0.028809
 0.000341 0.977603 0.932789 2.068641 3.979033 0.004079
 0.000342 0.970335 0.924713 2.073935 3.968982 0.000052
 0.000342 0.963394 0.923861 2.079216 3.966472 0.000622
 0.000343 0.957713 0.930199 2.084443 3.972355 0.000277
 0.000343 0.954009 0.942595 2.089558 3.986162 0.013061
 0.000344 0.952493 0.958732 2.094541 4.005766 0.063959
 0.000344 0.952963 0.976435 2.099368 4.028766 0.172675
 0.000345 0.954969 0.992903 2.104103 4.051975 0.335997
 0.000345 0.958058 1.005858 2.108626 4.072542 0.525744
 0.000346 0.961802 1.014010 2.112933 4.088745 0.705018
 0.000346 0.965325 1.015801 2.117041 4.098167 0.821336
 0.000347 0.968073 1.010936 2.120829 4.099838 0.842898
 0.000347 0.969178 0.999866 2.124307 4.093351 0.760780
 0.000348 0.968526 0.983629 2.127558 4.079713 0.601846
 0.000348 0.966144 0.963882 2.130539 4.060565 0.410097
 0.000349 0.962518 0.943116 2.133256 4.038890 0.237295
 0.000349 0.958195 0.924898 2.135822 4.018916 0.119637
 0.000350 0.954322 0.911936 2.138261 4.004519 0.059579
 0.000350 0.951772 0.906868 2.140600 3.999240 0.042750
 0.000351 0.950812 0.910124 2.142764 4.003700 0.056785
 0.000351 0.951311 0.920850 2.144748 4.016909 0.110025
 0.000352 0.952951 0.937320 2.146559 4.036830 0.223314
 0.000352 0.955255 0.956658 2.148179 4.060093 0.405838
 0.000353 0.957245 0.976010 2.149584 4.082839 0.636633
 0.000353 0.958287 0.992324 2.150731 4.101343 0.862551
 0.000354 0.958473 1.003772 2.151579 4.113824 1.034264
 0.000354 0.957683 1.009010 2.152174 4.118867 1.108068
 0.000355 0.955672 1.007390 2.152538 4.115600 1.059971
 0.000355 0.953130 0.999276 2.152634 4.105040 0.911784
 0.000356 0.950473 0.985412 2.152389 4.088273 0.699430
 0.000356 0.948771 0.967620 2.151870 4.068262 0.482770
 0.000357 0.948644 0.948350 2.151176 4.048170 0.305527
 0.000357 0.950257 0.930394 2.150328 4.030979 0.185925
 0.000358 0.953137 0.917227 2.149203 4.019567 0.122843
 0.000358 0.957285 0.911021 2.147866 4.016173 0.106598
 0.000359 0.962324 0.913244 2.146299 4.021866 0.134507
 0.000359 0.967471 0.923981 2.144439 4.035890 0.217075
 0.000360 0.971986 0.940619 2.142363 4.054967 0.360973
 0.000360 0.975430 0.960257 2.140062 4.075750 0.559151
 0.000361 0.976952 0.980266 2.137507 4.094726 0.777823
 0.000361 0.976287 0.998124 2.134736 4.109148 0.968106
 0.000362 0.973037 1.011497 2.131767 4.116301 1.070192
 0.000362 0.967936 1.018899 2.128590 4.115426 1.057431
 0.000363 0.961596 1.019736 2.125225 4.106557 0.932384
 0.000363 0.954934 1.013666 2.121629 4.090230 0.722757
 0.000364 0.949047 1.001698 2.117768 4.068512 0.485235
 0.000364 0.944722 0.985150 2.113679 4.043551 0.270486
 0.000365 0.942752 0.965912 2.109451 4.018116 0.115756
 0.000365 0.944144 0.946870 2.105108 3.996122 0.034117
 0.000366 0.948652 0.930603 2.100688 3.979943 0.004943
 0.000366 0.955666 0.919626 2.096192 3.971483 0.000110
 0.000367 0.964108 0.916274 2.091631 3.972013 0.000203
 0.000367 0.972601 0.921009 2.086992 3.980602 0.005620
 0.000368 0.980232 0.932497 2.082340 3.995069 0.031423
 0.000368 0.985772 0.948450 2.077629 4.011851 0.087576
 0.000369 0.988116 0.966071 2.072873 4.027060 0.162789
 0.000369 0.987300 0.982557 2.067993 4.037850 0.230178
 0.000370 0.983246 0.995221 2.062975 4.041442 0.255198
 0.000370 0.976020 1.003059 2.057858 4.036938 0.224035
 0.000371 0.966160 1.005038 2.052680 4.023878 0.145142
 0.000371 0.955101 1.001359 2.047404 4.003864 0.057339
 0.000372 0.944948 0.992971 2.042093 3.980013 0.005013
 0.000372 0.937413 0.980673 2.036744 3.954830 0.011507
 0.000373 0.933973 0.966036 2.031429 3.931439 0.074348
 0.000373 0.935605 0.951422 2.026255 3.913282 0.160848
 0.000374 0.942270 0.939515 2.021228 3.903013 0.224363
 0.000374 0.953031 0.931718 2.016365 3.901114 0.237262
 0.000375 0.966033 0.929249 2.011708 3.906990 0.198512
 0.000375 0.979759 0.932413 2.007275 3.919448 0.127776
 0.000376 0.992709 0.940743 2.002998 3.936450 0.056280
 0.000376 1.002968 0.952820 1.998988 3.954776 0.011589
 0.000377 1.009184 0.966940 1.995231 3.971354 0.000092
 0.000377 1.010338 0.980966 1.991773 3.983077 0.008550
 0.000378 1.006467 0.993145 1.988490 3.988103 0.016385
 0.000378 0.998036 1.002233 1.985365 3.985635 0.012222
 0.000379 0.986107 1.007445 1.982456 3.976008 0.001805
 0.000379 0.972210 1.008368 1.979840 3.960418 0.004590
 0.000380 0.958228 1.005167 1.977477 3.940872 0.042423
 0.000380 0.946153 0.998421 1.975376 3.919950 0.125248
 0.000381 0.937790 0.989382 1.973641 3.900812 0.239347
 0.000381 0.934705 0.979031 1.972334 3.886070 0.352214
 0.000382 0.937256 0.968543 1.971398 3.877196 0.430627
 0.000382 0.945374 0.959094 1.970790 3.875258 0.448804
 0.000383 0.957620 0.952516 1.970551 3.880688 0.398833
 0.000383 0.972047 0.949642 1.970688 3.892376 0.301271
 0.000384 0.986571 0.950726 1.971163 3.908460 0.189361
 0.000384 0.999464 0.955449 1.971831 3.926744 0.093556
 0.000385 1.009209 0.962274 1.972789 3.944272 0.033098
 0.000385 1.014298 0.969867 1.974040 3.958204 0.006957
 0.000386 1.014048 0.977216 1.975566 3.966830 0.000502
 0.000386 1.008185 0.983077 1.977294 3.968556 0.000104
 0.000387 0.997731 0.987020 1.979176 3.963927 0.001844
 0.000387 0.983540 0.988067 1.981161 3.952768 0.014847
 0.000388 0.967447 0.986032 1.983367 3.936845 0.054962
 0.000388 0.951424 0.981957 1.985884 3.919265 0.128702
 0.000389 0.937847 0.976203 1.988682 3.902732 0.226247
 0.000389 0.928853 0.969221 1.991747 3.889820 0.321439
 0.000390 0.925902 0.962025 1.995119 3.883046 0.378052
 0.000390 0.929695 0.955926 1.998729 3.884351 0.366792
 0.000391 0.939724 0.951465 2.002529 3.893718 0.290947
 0.000391 0.953957 0.948881 2.006501 3.909339 0.183990
 0.000392 0.970016 0.948215 2.010591 3.928822 0.084781
 0.000392 0.985395 0.949683 2.014869 3.949947 0.020105
 0.000393 0.998099 0.952934 2.019309 3.970342 0.000006
 0.000393 1.007002 0.957100 2.023937 3.988039 0.016269
 0.000394 1.011198 0.961533 2.028712 4.001443 0.049433
 0.000394 1.009670 0.965713 2.033589 4.008972 0.075942
 0.000395 1.002493 0.968882 2.038520 4.009895 0.079582
 0.000395 0.990871 0.970782 2.043451 4.005104 0.061613
 0.000396 0.976393 0.971562 2.048316 3.996271 0.034509
 0.000396 0.960473 0.971090 2.053130 3.984694 0.010795
 0.000397 0.945207 0.969639 2.057955 3.972801 0.000392
 0.000397 0.932770 0.967908 2.062807 3.963485 0.002122
 0.000398 0.925185 0.966095 2.067601 3.958880 0.006182
 0.000398 0.924443 0.965012 2.072386 3.961841 0.003328
 0.000399 0.930827 0.965065 2.077067 3.972960 0.000438
 0.000399 0.942988 0.965700 2.081712 3.990400 0.020807
 0.000400 0.958308 0.966154 2.086315 4.010777 0.083140
 0.000400 0.974432 0.966623 2.090758 4.031814 0.191047
 0.000401 0.989152 0.966854 2.095000 4.051005 0.328094
 0.000401 1.000258 0.966849 2.099083 4.066190 0.462629
 0.000402 1.006600 0.966190 2.103001 4.075791 0.559590
 0.000402 1.007494 0.964778 2.106665 4.078937 0.593359
 0.000403 1.003198 0.962973 2.110178 4.076348 0.565500
 0.000403 0.993907 0.960902 2.113585 4.068394 0.484067
 0.000404 0.980378 0.958873 2.116729 4.055980 0.369625
 0.000404 0.964077 0.957649 2.119722 4.041448 0.255241
 0.000405 0.947149 0.957605 2.122464 4.027218 0.163697
 0.000405 0.932658 0.958431 2.124940 4.016030 0.105937
 0.000406 0.922774 0.960158 2.127081 4.010013 0.080053
 0.000406 0.919352 0.962787 2.128988 4.011127 0.084572
 0.000407 0.922517 0.965602 2.130685 4.018805 0.119094
 0.000407 0.931737 0.967970 2.132195 4.031903 0.191598
 0.000408 0.945006 0.968788 2.133510 4.047304 0.298798
 0.000408 0.959810 0.967731 2.134619 4.062159 0.424668
 0.000409 0.973987 0.964655 2.135385 4.074027 0.541082
 0.000409 0.985359 0.959907 2.135918 4.081184 0.618089
 0.000410 0.992524 0.953559 2.136156 4.082239 0.629876
 0.000410 0.994387 0.946679 2.136128 4.077194 0.574531
 0.000411 0.991306 0.940383 2.135798 4.067488 0.475191
 0.000411 0.984224 0.935967 2.135148 4.055338 0.364132
 0.000412 0.973852 0.934099 2.134202 4.042152 0.260296
 0.000412 0.961756 0.935218 2.132930 4.029905 0.179429
 0.000413 0.949784 0.939692 2.131426 4.020902 0.129553
 0.000413 0.939245 0.946958 2.129757 4.015961 0.105620
 0.000414 0.932057 0.956323 2.127904 4.016284 0.107112
 0.000414 0.929574 0.966665 2.125829 4.022069 0.135557
 0.000415 0.931690 0.976517 2.123560 4.031766 0.190755
 0.000415 0.938476 0.984262 2.121023 4.043761 0.272031
 0.000416 0.948795 0.988392 2.118408 4.055594 0.366320
 0.000416 0.960551 0.988537 2.115562 4.064651 0.447938
 0.000417 0.972007 0.984661 2.112522 4.069190 0.491936
 0.000417 0.981827 0.976986 2.109326 4.068139 0.481559
 0.000418 0.988617 0.966873 2.105976 4.061465 0.418296
 0.000418 0.991525 0.955598 2.102441 4.049563 0.316516
 0.000419 0.990712 0.945115 2.098801 4.034628 0.208838
 0.000419 0.986292 0.937202 2.095023 4.018517 0.117694
 0.000420 0.978997 0.933373 2.091089 4.003458 0.055973
 0.000420 0.970201 0.934379 2.087026 3.991605 0.023339
 0.000421 0.961116 0.939764 2.082901 3.983781 0.009495
 0.000421 0.952958 0.948882 2.078739 3.980579 0.005596
 0.000422 0.946542 0.960734 2.074543 3.981819 0.006985
 0.000422 0.943065 0.973836 2.070246 3.987148 0.014702
 0.000423 0.942865 0.985912 2.065985 3.994763 0.030659
 0.000423 0.945945 0.995201 2.061721 4.002866 0.054010
 0.000424 0.951424 1.000814 2.057478 4.009716 0.078867
 0.000424 0.958560 1.002112 2.053377 4.014048 0.097012
 0.000425 0.966059 0.998867 2.049415 4.014341 0.098304
 0.000425 0.972812 0.991381 2.045508 4.009701 0.078807
 0.000426 0.977993 0.980475 2.041706 4.000174 0.045523
 0.000426 0.980703 0.967534 2.038044 3.986281 0.013254
 0.000427 0.980502 0.954293 2.034519 3.969314 0.000024
 0.000427 0.978014 0.942322 2.031077 3.951413 0.017274
 0.000428 0.974064 0.933273 2.027794 3.935131 0.060793
 0.000428 0.969155 0.928747 2.024672 3.922574 0.112461
 0.000429 0.964434 0.929801 2.021685 3.915919 0.146240
 0.000429 0.960386 0.935933 2.018860 3.915179 0.150268
 0.000430 0.957593 0.946147 2.016093 3.919833 0.125834
 0.000430 0.956653 0.958907 2.013488 3.929047 0.083857
 0.000431 0.957628 0.972857 2.011108 3.941593 0.040347
 0.000431 0.959846 0.985733 2.008937 3.954516 0.011988
 0.000432 0.962656 0.995953 2.006883 3.965493 0.001016
 0.000432 0.965712 1.002602 2.005020 3.973333 0.000556
 0.000433 0.968334 1.004678 2.003315 3.976326 0.002001
 0.000433 0.970324 1.002100 2.001728 3.974152 0.000862
 0.000434 0.971480 0.995477 2.000293 3.967251 0.000378
 0.000434 0.971744 0.985500 1.998999 3.956242 0.009464
 0.000435 0.971639 0.973449 1.997842 3.942930 0.036640
 0.000435 0.971416 0.960486 1.996949 3.928851 0.084663
 0.000436 0.971256 0.948632 1.996246 3.916134 0.145075
 0.000436 0.971541 0.939712 1.995778 3.907031 0.198255
 0.000437 0.972293 0.935374 1.995475 3.903142 0.223502
 0.000437 0.972823 0.936441 1.995294 3.904558 0.214132
 0.000438 0.973378 0.942830 1.995251 3.911460 0.171348
 0.000438 0.974179 0.953896 1.995362 3.923437 0.108408
 0.000439 0.974608 0.967612 1.995674 3.937893 0.051542
 0.000439 0.974425 0.982097 1.996250 3.952771 0.014842
 0.000440 0.973428 0.995468 1.996966 3.965862 0.000856
 0.000440 0.971403 1.005834 1.997714 3.974951 0.001226
 0.000441 0.968742 1.011980 1.998542 3.979264 0.004291
 0.000441 0.965970 1.013772 1.999504 3.979245 0.004274
 0.000442 0.963274 1.011060 2.000651 3.974985 0.001243
 0.000442 0.960467 1.003705 2.002027 3.966200 0.000722
 0.000443 0.958164 0.992516 2.003497 3.954177 0.012518
 0.000443 0.956948 0.979163 2.005119 3.941230 0.041386
 0.000444 0.956876 0.964633 2.006868 3.928378 0.086621
 0.000444 0.958146 0.951002 2.008749 3.917898 0.135733
 0.000445 0.961177 0.940532 2.010819 3.912527 0.165155
 0.000445 0.965319 0.934424 2.013058 3.912801 0.163588
 0.000446 0.969665 0.932849 2.015383 3.917897 0.135738
 0.000446 0.973563 0.936604 2.017804 3.927972 0.088318
 0.000447 0.976783 0.945016 2.020410 3.942210 0.038615
 0.000447 0.979190 0.956521 2.023153 3.958864 0.006200
 0.000448 0.979751 0.969275 2.025994 3.975020 0.001260
 0.000448 0.978137 0.981368 2.028925 3.988430 0.016984
 0.000449 0.974494 0.991252 2.031867 3.997613 0.038124
 0.000449 0.969085 0.997381 2.034843 4.001309 0.049014
 0.000450 0.962451 0.999044 2.037835 3.999330 0.043013
 0.000450 0.955358 0.996073 2.040795 3.992225 0.024698
 0.000451 0.949235 0.989029 2.043744 3.982009 0.007210
 0.000451 0.944939 0.978863 2.046643 3.970445 0.000010
 0.000452 0.943015 0.966969 2.049543 3.959528 0.005483
 0.000452 0.944472 0.955016 2.052519 3.952007 0.016187
 0.000453 0.949296 0.944550 2.055463 3.949309 0.021406
 0.000453 0.956961 0.937298 2.058435 3.952695 0.014973
 0.000454 0.966532 0.934342 2.061387 3.962261 0.002994
 0.000454 0.976970 0.936427 2.064348 3.977745 0.002999
 0.000455 0.986205 0.943290 2.067302 3.996798 0.035905
 0.000455 0.992996 0.953239 2.070271 4.016505 0.108137
 0.000456 0.996232 0.964516 2.073129 4.033877 0.204013
 0.000456 0.995402 0.975642 2.075870 4.046914 0.295790
 0.000457 0.990417 0.985277 2.078514 4.054209 0.354558
 0.000457 0.981806 0.992504 2.081115 4.055424 0.364866
 0.000458 0.970747 0.996811 2.083592 4.051151 0.329270
 0.000458 0.958287 0.997195 2.086067 4.041549 0.255960
 0.000459 0.946241 0.994216 2.088500 4.028958 0.173801
 0.000459 0.936113 0.988066 2.090886 4.015065 0.101541
 0.000460 0.929730 0.979532 2.093143 4.002406 0.052506
 0.000460 0.928529 0.969920 2.095258 3.993707 0.028101
 0.000461 0.932750 0.960368 2.097200 3.990319 0.020642
 0.000461 0.941820 0.952423 2.099021 3.993264 0.027060
 0.000462 0.954303 0.947108 2.100749 4.002160 0.051714
 0.000462 0.967935 0.944467 2.102359 4.014761 0.100178
 0.000463 0.980908 0.944726 2.103808 4.029442 0.176667
 0.000463 0.991003 0.947572 2.105142 4.043718 0.271713
 0.000464 0.997183 0.951923 2.106342 4.055448 0.365072
 0.000464 0.998717 0.957124 2.107423 4.063264 0.434912
 0.000465 0.995297 0.962399 2.108312 4.066008 0.460874
 0.000465 0.987598 0.967324 2.109076 4.063998 0.441783
 0.000466 0.975812 0.970619 2.109707 4.056138 0.370992
 0.000466 0.960998 0.972207 2.110221 4.043426 0.269567
 0.000467 0.945548 0.971838 2.110585 4.027971 0.168032
 0.000467 0.931684 0.969736 2.110739 4.012159 0.088868
 0.000468 0.922434 0.966472 2.110726 3.999632 0.043904
 0.000468 0.919384 0.962297 2.110608 3.992289 0.024840
 0.000469 0.922705 0.958169 2.110285 3.991159 0.022385
 0.000469 0.931728 0.954747 2.109724 3.996200 0.034321
 0.000470 0.945250 0.952211 2.108988 4.006448 0.066424
 0.000470 0.961123 0.950876 2.108115 4.020114 0.125572
 0.000471 0.977216 0.950558 2.106990 4.034764 0.209718
 0.000471 0.991455 0.951753 2.105672 4.048881 0.311110
 0.000472 1.001965 0.954326 2.104241 4.060532 0.409806
 0.000472 1.007205 0.957979 2.102670 4.067854 0.478773
 0.000473 1.006652 0.961471 2.100846 4.068968 0.489733
 0.000473 1.000734 0.964442 2.098855 4.064031 0.442093
 0.000474 0.989799 0.966451 2.096659 4.052909 0.343692
 0.000474 0.975650 0.967832 2.094255 4.037737 0.229415
 0.000475 0.959579 0.968615 2.091742 4.019937 0.124684
 0.000475 0.944000 0.969170 2.089155 4.002326 0.052247
 0.000476 0.931738 0.969265 2.086510 3.987513 0.015335
 0.000476 0.924735 0.969360 2.083818 3.977913 0.003131
 0.000477 0.924332 0.969829 2.081135 3.975295 0.001402
 0.000477 0.930746 0.970235 2.078442 3.979424 0.004440
 0.000478 0.942516 0.970338 2.075731 3.988584 0.017268
 0.000478 0.957661 0.970204 2.073071 4.000935 0.047850
 0.000479 0.973448 0.969402 2.070398 4.013248 0.093520
 0.000479 0.988011 0.968026 2.067634 4.023671 0.144026
 0.000480 0.999448 0.966243 2.064854 4.030545 0.183283
 0.000480 1.006531 0.963780 2.062101 4.032412 0.194765
 0.000481 1.008381 0.961031 2.059324 4.028736 0.172498
 0.000481 1.004821 0.958787 2.056499 4.020107 0.125534
 0.000482 0.996460 0.956968 2.053663 4.007091 0.068788
 0.000482 0.983979 0.956165 2.050865 3.991009 0.022068
 0.000483 0.969068 0.956606 2.048006 3.973680 0.000677
 0.000483 0.953873 0.958258 2.045191 3.957322 0.008036
 0.000484 0.940691 0.960874 2.042509 3.944074 0.033607
 0.000484 0.931549 0.964084 2.039853 3.935486 0.059561
 0.000485 0.927602 0.967638 2.037291 3.932530 0.070200
 0.000485 0.929653 0.971315 2.034898 3.935866 0.058258
 0.000486 0.937177 0.974460 2.032607 3.944245 0.033166
 0.000486 0.948815 0.976783 2.030469 3.956067 0.009706
 0.000487 0.962926 0.977217 2.028436 3.968578 0.000101
 0.000487 0.977086 0.975511 2.026512 3.979109 0.004148
 0.000488 0.989251 0.971886 2.024730 3.985867 0.012588
 0.000488 0.998588 0.966516 2.023046 3.988150 0.016471
 0.000489 1.003929 0.960487 2.021406 3.985822 0.012517
 0.000489 1.004598 0.954417 2.019867 3.978882 0.003944
 0.000490 1.000609 0.949284 2.018464 3.968357 0.000135
 0.000490 0.992461 0.946266 2.017176 3.955904 0.009935
 0.000491 0.981415 0.946003 2.016012 3.943430 0.035298
 0.000491 0.968646 0.948676 2.014970 3.932292 0.071094
 0.000492 0.956244 0.954524 2.014139 3.924906 0.101671
 0.000492 0.945872 0.962705 2.013451 3.922027 0.115068
 0.000493 0.939066 0.971966 2.013010 3.924042 0.105608
 0.000493 0.936966 0.981347 2.012705 3.931018 0.075979
 0.000494 0.939660 0.989670 2.012542 3.941872 0.039558
 0.000494 0.946353 0.995910 2.012495 3.954757 0.011617
 0.000495 0.956126 0.998880 2.012496 3.967502 0.000312
 0.000495 0.967413 0.998303 2.012582 3.978298 0.003443
 0.000496 0.978666 0.993904 2.012643 3.985213 0.011572
 0.000496 0.988137 0.986222 2.012673 3.987032 0.014505
 0.000497 0.995115 0.976367 2.012805 3.984287 0.010205
 0.000497 0.998876 0.965194 2.012969 3.977039 0.002477
 0.000498 0.999337 0.954594 2.013086 3.967017 0.000445
 0.000498 0.996075 0.946440 2.013283 3.955798 0.010085
 0.000499 0.989594 0.941461 2.013449 3.944505 0.032500
 0.000499 0.980544 0.940213 2.013630 3.934387 0.063414
 0.000500 0.970052 0.943736 2.013904 3.927692 0.089498
