#! FIELDS time dAB dAC dAD rc bias
 0.000000 1.554418 0.986807 2.568730 5.109955 14.801853
 0.000000 1.557770 0.967973 2.570608 5.096350 14.070892
 0.000001 1.562013 0.951648 2.572559 5.086220 13.538599
 0.000001 1.566961 0.939655 2.574551 5.081167 13.276980
 0.000002 1.572051 0.933873 2.576556 5.082480 13.344697
 0.000002 1.577323 0.934681 2.578626 5.090630 13.769044
 0.000003 1.582636 0.941926 2.580637 5.105198 14.544163
 0.000003 1.587400 0.954164 2.582596 5.124161 15.584881
 0.000004 1.591023 0.969691 2.584550 5.145264 16.785332
 0.000004 1.592665 0.987062 2.586510 5.166237 18.022489
 0.000005 1.592661 1.004714 2.588395 5.185771 19.214332
 0.000005 1.590286 1.020971 2.590246 5.201503 20.201957
 0.000006 1.585339 1.034418 2.592037 5.211794 20.861383
 0.000006 1.578392 1.044767 2.593759 5.216918 21.193705
 0.000007 1.569429 1.051821 2.595400 5.216649 21.176195
 0.000007 1.558648 1.055223 2.596923 5.210793 20.796824
 0.000008 1.545938 1.055087 2.598358 5.199383 20.067436
 0.000008 1.531865 1.051214 2.599669 5.182748 19.027430
 0.000009 1.517618 1.043387 2.600967 5.161973 17.767420
 0.000009 1.504001 1.032049 2.602248 5.138299 16.384196
 0.000010 1.492029 1.018695 2.603536 5.114259 15.036976
 0.000010 1.482471 1.004448 2.604758 5.091677 13.824059
 0.000011 1.475615 0.989964 2.605956 5.071534 12.785223
 0.000011 1.472005 0.976346 2.607162 5.055514 11.987951
 0.000012 1.471647 0.965187 2.608401 5.045235 11.489941
 0.000012 1.474875 0.957564 2.609612 5.042051 11.337786
 0.000013 1.481962 0.954504 2.610848 5.047314 11.589795
 0.000013 1.492515 0.955932 2.612038 5.060485 12.232577
 0.000014 1.505085 0.961810 2.613233 5.080127 13.223436
 0.000014 1.518518 0.971163 2.614346 5.104028 14.481131
 0.000015 1.531935 0.982971 2.615392 5.130298 15.929387
 0.000015 1.544139 0.995788 2.616442 5.156369 17.434919
 0.000016 1.554575 1.008249 2.617453 5.180276 18.875249
 0.000016 1.562558 1.018983 2.618384 5.199925 20.101809
 0.000017 1.567489 1.027150 2.619158 5.213797 20.990998
 0.000017 1.568507 1.032629 2.619751 5.220887 21.452883
 0.000018 1.565703 1.035097 2.620331 5.221131 21.468839
 0.000018 1.559303 1.034116 2.620812 5.214231 21.019136
 0.000019 1.549658 1.029511 2.621224 5.200393 20.131479
 0.000019 1.537744 1.021776 2.621531 5.181052 18.922920
 0.000020 1.524424 1.011537 2.621783 5.157744 17.516200
 0.000020 1.511211 0.999888 2.622027 5.133126 16.089412
 0.000021 1.498985 0.987651 2.622234 5.108870 14.742861
 0.000021 1.488846 0.975733 2.622403 5.086983 13.578348
 0.000022 1.481472 0.965097 2.622548 5.069117 12.663300
 0.000022 1.476951 0.957085 2.622648 5.056684 12.045321
 0.000023 1.475542 0.952471 2.622794 5.050807 11.758590
 0.000023 1.477554 0.951861 2.622961 5.052376 11.834807
 0.000024 1.482992 0.955301 2.623102 5.061396 12.277698
 0.000024 1.491513 0.962261 2.623253 5.077027 13.064482
 0.000025 1.502896 0.971820 2.623400 5.098116 14.164710
 0.000025 1.516874 0.982480 2.623571 5.122925 15.515929
 0.000026 1.531851 0.992643 2.623694 5.148187 16.955100
 0.000026 1.547363 1.001458 2.623805 5.172626 18.408104
 0.000027 1.562102 1.007820 2.623861 5.193782 19.714184
 0.000027 1.575176 1.010901 2.623867 5.209944 20.742053
 0.000028 1.585932 1.010629 2.623838 5.220400 21.420986
 0.000028 1.593232 1.006833 2.623721 5.223787 21.643239
 0.000029 1.596662 0.999753 2.623515 5.219929 21.390208
 0.000029 1.596255 0.989922 2.623198 5.209375 20.705461
 0.000030 1.592607 0.978395 2.622776 5.193778 19.713915
 0.000030 1.585341 0.967259 2.622246 5.174846 18.543054
 0.000031 1.575411 0.957083 2.621584 5.154078 17.299899
 0.000031 1.563304 0.948967 2.620786 5.133057 16.085507
 0.000032 1.550011 0.944075 2.619908 5.113993 15.022392
 0.000032 1.536748 0.943896 2.618987 5.099631 14.245479
 0.000033 1.523881 0.948531 2.618043 5.090454 13.759839
 0.000033 1.512303 0.957564 2.617137 5.087004 13.579456
 0.000034 1.502031 0.969526 2.616174 5.087731 13.617374
 0.000034 1.494038 0.983202 2.615136 5.092375 13.860818
 0.000035 1.488552 0.997159 2.614011 5.099722 14.250332
 0.000035 1.485775 1.010687 2.612868 5.109330 14.767873
 0.000036 1.485344 1.021756 2.611725 5.118825 15.288399
 0.000036 1.487464 1.029519 2.610515 5.127498 15.771745
 0.000037 1.492184 1.033640 2.609214 5.135038 16.198056
 0.000037 1.499620 1.033622 2.607882 5.141124 16.546288
 0.000038 1.509300 1.029593 2.606477 5.145370 16.791483
 0.000038 1.520599 1.021572 2.604934 5.147105 16.892178
 0.000039 1.533140 1.009769 2.603249 5.146158 16.837177
 0.000039 1.546171 0.995416 2.601488 5.143075 16.658753
 0.000040 1.559152 0.979170 2.599638 5.137960 16.364808
 0.000040 1.571716 0.963134 2.597644 5.132493 16.053552
 0.000041 1.583732 0.948960 2.595543 5.128236 15.813205
 0.000041 1.594611 0.938053 2.593393 5.126057 15.690936
 0.000042 1.604112 0.932189 2.591241 5.127541 15.774160
 0.000042 1.611674 0.932014 2.589111 5.132799 16.070891
 0.000043 1.616876 0.937329 2.586915 5.141120 16.546085
 0.000043 1.619355 0.947141 2.584677 5.151172 17.129367
 0.000044 1.619137 0.959745 2.582296 5.161178 17.720046
 0.000044 1.616369 0.973407 2.579804 5.169580 18.223769
 0.000045 1.610903 0.986543 2.577223 5.174669 18.532291
 0.000045 1.603287 0.998104 2.574502 5.175892 18.606812
 0.000046 1.594224 1.007008 2.571714 5.172945 18.427514
 0.000046 1.584275 1.012251 2.568832 5.165358 17.969752
 0.000047 1.574080 1.013591 2.565903 5.153573 17.270200
 0.000047 1.564277 1.010836 2.562890 5.138004 16.367311
 0.000048 1.555052 1.004485 2.559822 5.119359 15.317920
 0.000048 1.547044 0.995504 2.556682 5.099230 14.224088
 0.000049 1.540689 0.984597 2.553539 5.078825 13.156567
 0.000049 1.536083 0.973209 2.550444 5.059735 12.195523
 0.000050 1.533540 0.962730 2.547289 5.043559 11.409717
 0.000050 1.533405 0.954658 2.544047 5.032110 10.869357
 0.000051 1.535388 0.949998 2.540734 5.026120 10.591872
 0.000051 1.539616 0.949670 2.537424 5.026710 10.619034
 0.000052 1.546163 0.953467 2.534079 5.033709 10.944032
 0.000052 1.554417 0.960592 2.530755 5.045764 11.515292
 0.000053 1.563716 0.970478 2.527571 5.061766 12.296016
 0.000053 1.573833 0.981549 2.524458 5.079839 13.208628
 0.000054 1.583892 0.992427 2.521359 5.097679 14.141436
 0.000054 1.592768 1.001545 2.518279 5.112592 14.945693
 0.000055 1.599571 1.008050 2.515215 5.122837 15.511030
 0.000055 1.603765 1.011868 2.512073 5.127706 15.783417
 0.000056 1.605383 1.012594 2.508898 5.126874 15.736738
 0.000056 1.603748 1.010080 2.505772 5.119601 15.331347
 0.000057 1.598580 1.004341 2.502571 5.105492 14.560016
 0.000057 1.590436 0.995900 2.499299 5.085635 13.508188
 0.000058 1.579691 0.985834 2.495978 5.061503 12.282997
 0.000058 1.567788 0.975353 2.492709 5.035851 11.044468
 0.000059 1.555536 0.965624 2.489573 5.010734 9.895545
 0.000059 1.543274 0.958190 2.486557 4.988021 8.910921
 0.000060 1.531937 0.953538 2.483684 4.969159 8.132437
 0.000060 1.522464 0.952796 2.480828 4.956088 7.613829
 0.000061 1.515568 0.956190 2.478123 4.949881 7.373534
 0.000061 1.511707 0.963119 2.475490 4.950316 7.390225
 0.000062 1.510944 0.972788 2.472983 4.956715 7.638300
 0.000062 1.513193 0.984075 2.470663 4.967931 8.082963
 0.000063 1.518543 0.995839 2.468536 4.982918 8.696798
 0.000063 1.526902 1.006642 2.466652 5.000196 9.432306
 0.000064 1.538054 1.015631 2.464881 5.018565 10.247016
 0.000064 1.551161 1.022034 2.463144 5.036338 11.067396
 0.000065 1.565345 1.025131 2.461487 5.051963 11.814688
 0.000065 1.580292 1.024862 2.459872 5.065026 12.458224
 0.000066 1.595089 1.020963 2.458331 5.074384 12.929708
 0.000066 1.608875 1.013577 2.456988 5.079439 13.188077
 0.000067 1.620716 1.003343 2.455862 5.079922 13.212857
 0.000067 1.630084 0.990690 2.454909 5.075684 12.995905
 0.000068 1.636443 0.976371 2.454128 5.066942 12.554051
 0.000068 1.639703 0.961720 2.453443 5.054866 11.956258
 0.000069 1.639821 0.948294 2.452823 5.040938 11.284836
 0.000069 1.637345 0.938304 2.452251 5.027900 10.673966
 0.000070 1.632684 0.933018 2.451725 5.017428 10.195586
 0.000070 1.625814 0.933204 2.451289 5.010307 9.876557
 0.000071 1.617081 0.938678 2.450938 5.006697 9.716781
 0.000071 1.607120 0.948196 2.450650 5.005965 9.684547
 0.000072 1.596354 0.960386 2.450486 5.007226 9.740102
 0.000072 1.585485 0.973563 2.450416 5.009464 9.839140
 0.000073 1.575150 0.986799 2.450549 5.012498 9.974204
 0.000073 1.566298 0.999013 2.450853 5.016164 10.138584
 0.000074 1.558842 1.009113 2.451243 5.019197 10.275645
 0.000074 1.552828 1.016540 2.451683 5.021051 10.359855
 0.000075 1.548151 1.021231 2.452189 5.021572 10.383582
 0.000075 1.544725 1.022750 2.452732 5.020207 10.321469
 0.000076 1.542855 1.021126 2.453343 5.017323 10.190855
 0.000076 1.543070 1.016607 2.454018 5.013695 10.027731
 0.000077 1.544916 1.009826 2.454748 5.009490 9.840293
 0.000077 1.548153 1.001089 2.455527 5.004770 9.631991
 0.000078 1.552355 0.991076 2.456344 4.999776 9.414046
 0.000078 1.557427 0.980649 2.457200 4.995275 9.219767
 0.000079 1.562702 0.971274 2.458111 4.992087 9.083365
 0.000079 1.568408 0.963783 2.459163 4.991354 9.052188
 0.000080 1.574066 0.959134 2.460243 4.993444 9.141296
 0.000080 1.578904 0.958037 2.461310 4.998252 9.348041
 0.000081 1.582732 0.960241 2.462440 5.005413 9.660269
 0.000081 1.585085 0.965733 2.463655 5.014473 10.062579
 0.000082 1.585980 0.973650 2.464894 5.024525 10.518580
 0.000082 1.584968 0.982546 2.466016 5.033531 10.935724
 0.000083 1.582338 0.991370 2.467072 5.040779 11.277328
 0.000083 1.578715 0.999533 2.468161 5.046409 11.546245
 0.000084 1.574299 1.006124 2.469229 5.049653 11.702663
 0.000084 1.569465 1.010435 2.470277 5.050177 11.728067
 0.000085 1.564875 1.012131 2.471348 5.048355 11.639956
 0.000085 1.561101 1.011331 2.472400 5.044832 11.470607
 0.000086 1.558249 1.007916 2.473528 5.039694 11.225825
 0.000086 1.556805 1.002196 2.474709 5.033710 10.944106
 0.000087 1.557329 0.994831 2.475988 5.028147 10.685354
 0.000087 1.560103 0.986714 2.477428 5.024245 10.505762
 0.000088 1.565327 0.978200 2.479045 5.022571 10.429168
 0.000088 1.572769 0.969266 2.480792 5.022828 10.440882
 0.000089 1.582164 0.961157 2.482737 5.026058 10.589006
 0.000089 1.593403 0.954824 2.484826 5.033053 10.913385
 0.000090 1.606498 0.950243 2.487050 5.043791 11.420796
 0.000090 1.620954 0.948008 2.489406 5.058368 12.128109
 0.000091 1.635717 0.948253 2.491826 5.075796 13.001627
 0.000091 1.650435 0.950620 2.494339 5.095394 14.020224
 0.000092 1.664443 0.954420 2.496883 5.115745 15.118584
 0.000092 1.676856 0.958497 2.499485 5.134838 16.186679
 0.000093 1.686909 0.962410 2.502108 5.151428 17.144368
 0.000093 1.694256 0.965989 2.504754 5.164999 17.948265
 0.000094 1.698101 0.968354 2.507409 5.173864 18.483323
 0.000094 1.698133 0.968962 2.510076 5.177172 18.684988
 0.000095 1.694399 0.968131 2.512741 5.175271 18.568949
 0.000095 1.687248 0.966059 2.515401 5.168708 18.171180
 0.000096 1.676513 0.963511 2.518110 5.158133 17.539271
 0.000096 1.663296 0.961499 2.520860 5.145655 16.807996
 0.000097 1.648726 0.960279 2.523682 5.132687 16.064549
 0.000097 1.633938 0.960102 2.526532 5.120573 15.385186
 0.000098 1.618844 0.961093 2.529433 5.109370 14.770022
 0.000098 1.604302 0.963405 2.532409 5.100116 14.271365
 0.000099 1.591411 0.966931 2.535415 5.093758 13.933689
 0.000099 1.580510 0.971535 2.538418 5.090463 13.760294
 0.000100 1.571694 0.976418 2.541482 5.089595 13.714787
 0.000100 1.565119 0.981299 2.544675 5.091093 13.793394
 0.000101 1.560645 0.985998 2.547905 5.094548 13.975467
 0.000101 1.558306 0.989298 2.551221 5.098825 14.202466
 0.000102 1.558553 0.991089 2.554488 5.104130 14.486608
 0.000102 1.561271 0.991537 2.557711 5.110519 14.832548
 0.000103 1.566571 0.990645 2.560945 5.118161 15.251733
 0.000103 1.574217 0.987916 2.564125 5.126258 15.702173
 0.000104 1.583692 0.983538 2.567239 5.134469 16.165673
 0.000104 1.594634 0.977790 2.570197 5.142620 16.632503
 0.000105 1.606319 0.970987 2.573122 5.150428 17.085866
 0.000105 1.617942 0.963989 2.575980 5.157911 17.526092
 0.000106 1.629007 0.957618 2.578785 5.165411 17.972935
 0.000106 1.638893 0.952512 2.581502 5.172907 18.425187
 0.000107 1.647195 0.949355 2.584144 5.180694 18.900935
 0.000107 1.653619 0.948713 2.586675 5.189008 19.415553
 0.000108 1.657867 0.950993 2.589051 5.197911 19.974303
 0.000108 1.659701 0.955940 2.591297 5.206938 20.548939
 0.000109 1.659186 0.962793 2.593366 5.215345 21.091417
 0.000109 1.656105 0.970945 2.595206 5.222257 21.542702
 0.000110 1.650915 0.979759 2.596929 5.227602 21.894995
 0.000110 1.643312 0.987686 2.598551 5.229549 22.024040
 0.000111 1.633411 0.993762 2.600016 5.227189 21.867657
 0.000111 1.621934 0.997822 2.601294 5.221050 21.463576
 0.000112 1.609430 0.999643 2.602390 5.211464 20.840064
 0.000112 1.596402 0.999133 2.603394 5.198929 20.038703
 0.000113 1.583384 0.996256 2.604251 5.183891 19.097963
 0.000113 1.571401 0.991179 2.604965 5.167546 18.101172
 0.000114 1.560668 0.984640 2.605505 5.150812 17.108332
 0.000114 1.551488 0.977344 2.605856 5.134687 16.178104
 0.000115 1.544496 0.970081 2.606085 5.120662 15.390170
 0.000115 1.540101 0.963900 2.606192 5.110193 14.814801
 0.000116 1.538406 0.959156 2.606143 5.103705 14.463732
 0.000116 1.539553 0.956647 2.605921 5.102121 14.378662
 0.000117 1.543143 0.956503 2.605625 5.105272 14.548135
 0.000117 1.548736 0.958315 2.605184 5.112235 14.926164
 0.000118 1.556050 0.962028 2.604591 5.122670 15.501736
 0.000118 1.564683 0.966902 2.603911 5.135495 16.224109
 0.000119 1.573775 0.972334 2.603077 5.149187 17.013377
 0.000119 1.582801 0.977588 2.602197 5.162586 17.803963
 0.000120 1.590761 0.982637 2.601168 5.174565 18.525988
 0.000120 1.597101 0.986736 2.599973 5.183811 19.093025
 0.000121 1.601247 0.989733 2.598635 5.189615 19.453410
 0.000121 1.601940 0.991310 2.597217 5.190467 19.506576
 0.000122 1.598468 0.991152 2.595679 5.185299 19.185108
 0.000122 1.590849 0.989883 2.593950 5.174681 18.533055
 0.000123 1.579216 0.987700 2.592126 5.159042 17.593109
 0.000123 1.564009 0.984689 2.590226 5.138923 16.419948
 0.000124 1.546383 0.981940 2.588149 5.116472 15.158560
 0.000124 1.527553 0.979887 2.585885 5.093324 13.910821
 0.000125 1.508196 0.978788 2.583496 5.070480 12.731964
 0.000125 1.489697 0.979392 2.581063 5.050153 11.726890
 0.000126 1.473023 0.981900 2.578656 5.033579 10.937933
 0.000126 1.458836 0.985756 2.576184 5.020777 10.347361
 0.000127 1.447580 0.990584 2.573662 5.011826 9.944174
 0.000127 1.439817 0.996490 2.571131 5.007439 9.749520
 0.000128 1.435397 1.002834 2.568612 5.006843 9.723209
 0.000128 1.434549 1.008660 2.566141 5.009350 9.834063
 0.000129 1.437357 1.013357 2.563645 5.014360 10.057502
 0.000129 1.443389 1.016578 2.561156 5.021123 10.363114
 0.000130 1.451982 1.018188 2.558704 5.028873 10.718957
 0.000130 1.462385 1.018240 2.556233 5.036858 11.091871
 0.000131 1.473528 1.016237 2.553765 5.043530 11.408351
 0.000131 1.484780 1.011873 2.551333 5.047986 11.622161
 0.000132 1.494947 1.005210 2.548886 5.049043 11.673184
 0.000132 1.503258 0.997329 2.546447 5.047035 11.576349
 0.000133 1.508767 0.988900 2.544026 5.041693 11.320758
 0.000133 1.511082 0.980544 2.541666 5.033292 10.924540
 0.000134 1.510384 0.972761 2.539374 5.022519 10.426779
 0.000134 1.506882 0.966612 2.537135 5.010628 9.890847
 0.000135 1.501143 0.963145 2.535023 4.999311 9.393901
 0.000135 1.493859 0.963069 2.532892 4.989820 8.987011
 0.000136 1.485868 0.966647 2.530863 4.983379 8.716002
 0.000136 1.478316 0.973531 2.529016 4.980864 8.611310
 0.000137 1.471924 0.983459 2.527349 4.982732 8.689010
 0.000137 1.467062 0.995448 2.525955 4.988465 8.929651
 0.000138 1.463774 1.008021 2.524766 4.996561 9.275089
 0.000138 1.461635 1.019943 2.523785 5.005363 9.658053
 0.000139 1.461090 1.030774 2.522958 5.014821 10.078207
 0.000139 1.461970 1.039992 2.522259 5.024221 10.504637
 0.000140 1.464081 1.047345 2.521656 5.033081 10.914665
 0.000140 1.467410 1.051873 2.521169 5.040453 11.261842
 0.000141 1.472055 1.053541 2.520815 5.046411 11.546374
 0.000141 1.477316 1.052200 2.520540 5.050057 11.722216
 0.000142 1.483509 1.047912 2.520252 5.051672 11.800582
 0.000142 1.490573 1.041171 2.519987 5.051731 11.803422
 0.000143 1.498348 1.032213 2.519945 5.050505 11.743960
 0.000143 1.506389 1.021531 2.520002 5.047922 11.619084
 0.000144 1.514105 1.009537 2.520194 5.043836 11.422945
 0.000144 1.520936 0.996705 2.520488 5.038129 11.151780
 0.000145 1.526440 0.983933 2.520926 5.031299 10.831572
 0.000145 1.530635 0.972268 2.521467 5.024370 10.511475
 0.000146 1.533595 0.963163 2.522093 5.018851 10.259946
 0.000146 1.535121 0.957935 2.522762 5.015818 10.123017
 0.000147 1.535342 0.956998 2.523513 5.015852 10.124551
 0.000147 1.534282 0.960401 2.524360 5.019043 10.268669
 0.000148 1.532107 0.967665 2.525266 5.025038 10.542134
 0.000148 1.529105 0.977772 2.526241 5.033118 10.916405
 0.000149 1.525111 0.989803 2.527290 5.042203 11.345042
 0.000149 1.520447 1.003226 2.528383 5.052056 11.819237
 0.000150 1.516012 1.016894 2.529476 5.062382 12.326592
 0.000150 1.511962 1.029591 2.530598 5.072152 12.816460
 0.000151 1.508657 1.040843 2.531605 5.081105 13.273750
 0.000151 1.506133 1.050022 2.532643 5.088797 13.673072
 0.000152 1.504537 1.056885 2.533719 5.095141 14.006809
 0.000152 1.504125 1.060908 2.534850 5.099883 14.258917
 0.000153 1.504828 1.062217 2.535943 5.102988 14.425205
 0.000153 1.506682 1.061018 2.536926 5.104626 14.513310
 0.000154 1.509495 1.057553 2.537944 5.104992 14.533057
 0.000154 1.513230 1.051846 2.538902 5.103978 14.478461
 0.000155 1.517589 1.043844 2.539895 5.101328 14.336185
 0.000155 1.522557 1.033583 2.540864 5.097004 14.105597
 0.000156 1.528067 1.022005 2.541793 5.091865 13.833958
 0.000156 1.534467 1.009963 2.542814 5.087245 13.591999
 0.000157 1.540809 0.997173 2.543868 5.081850 13.312158
 0.000157 1.546553 0.984518 2.545046 5.076117 13.017981
 0.000158 1.551472 0.973076 2.546201 5.070750 12.745575
 0.000158 1.555473 0.963929 2.547414 5.066816 12.547758
 0.000159 1.558583 0.957736 2.548711 5.065029 12.458402
 0.000159 1.560158 0.954837 2.550066 5.065061 12.459962
 0.000160 1.559874 0.955824 2.551442 5.067140 12.563991
 0.000160 1.558194 0.960622 2.552924 5.071740 12.795612
 0.000161 1.554923 0.968274 2.554545 5.077742 13.101044
 0.000161 1.550485 0.977914 2.556257 5.084655 13.457312
 0.000162 1.544964 0.988808 2.558001 5.091774 13.829146
 0.000162 1.538844 1.000146 2.559921 5.098911 14.207033
 0.000163 1.532059 1.010750 2.561979 5.104788 14.522040
 0.000163 1.524842 1.020107 2.564189 5.109139 14.757496
 0.000164 1.517405 1.027508 2.566460 5.111373 14.879092
 0.000164 1.510258 1.032733 2.568857 5.111847 14.905004
 0.000165 1.503208 1.035480 2.571370 5.110058 14.807462
 0.000165 1.496216 1.036299 2.573900 5.106415 14.609873
 0.000166 1.489537 1.035340 2.576464 5.101341 14.336872
 0.000166 1.483449 1.032480 2.579045 5.094974 13.997987
 0.000167 1.478380 1.027617 2.581724 5.087722 13.616868
 0.000167 1.474851 1.021070 2.584360 5.080281 13.231345
 0.000168 1.473402 1.013198 2.587004 5.073604 12.890080
 0.000168 1.474185 1.005012 2.589651 5.068847 12.649697
 0.000169 1.477478 0.997254 2.592221 5.066952 12.554579
 0.000169 1.482887 0.990429 2.594774 5.068089 12.611602
 0.000170 1.490274 0.985076 2.597269 5.072618 12.840084
 0.000170 1.499459 0.981809 2.599673 5.080941 13.265335
 0.000171 1.509930 0.981036 2.602014 5.092980 13.892648
 0.000171 1.521141 0.982626 2.604198 5.107964 14.693746
 0.000172 1.531935 0.986032 2.606291 5.124258 15.590304
 0.000172 1.541691 0.990457 2.608257 5.140405 16.504999
 0.000173 1.549491 0.995709 2.610096 5.155296 17.371624
 0.000173 1.554898 1.000846 2.611782 5.167526 18.099980
 0.000174 1.557338 1.005279 2.613267 5.175884 18.606360
 0.000174 1.557007 1.008146 2.614595 5.179747 18.842766
 0.000175 1.554184 1.010081 2.615731 5.179995 18.857987
 0.000175 1.549473 1.010503 2.616750 5.176727 18.657775
 0.000176 1.543163 1.009336 2.617596 5.170096 18.254903
 0.000176 1.536050 1.006479 2.618288 5.160817 17.698590
 0.000177 1.529406 1.002032 2.618805 5.150243 17.075052
 0.000177 1.523572 0.995890 2.619186 5.138648 16.404198
 0.000178 1.519089 0.988196 2.619369 5.126654 15.724359
 0.000178 1.516325 0.979629 2.619401 5.115355 15.097118
 0.000179 1.515619 0.970984 2.619231 5.105833 14.578453
 0.000179 1.517348 0.963340 2.618912 5.099601 14.243841
 0.000180 1.521524 0.957478 2.618419 5.097422 14.127777
 0.000180 1.527873 0.954008 2.617867 5.099748 14.251727
 0.000181 1.536778 0.953246 2.617270 5.107293 14.657380
 0.000181 1.547590 0.955036 2.616574 5.119200 15.309165
 0.000182 1.559774 0.959441 2.615829 5.135043 16.198348
 0.000182 1.573217 0.965977 2.614983 5.154177 17.305736
 0.000183 1.586805 0.973268 2.614013 5.174085 18.496782
 0.000183 1.599946 0.980569 2.612936 5.193451 19.693413
 0.000184 1.611832 0.987303 2.611656 5.210791 20.796686
 0.000184 1.621824 0.992447 2.610218 5.224489 21.689470
 0.000185 1.629623 0.995841 2.608590 5.234053 22.323969
 0.000185 1.634944 0.996542 2.606734 5.238220 22.603241
 0.000186 1.637323 0.994244 2.604738 5.236306 22.474740
 0.000186 1.637123 0.988859 2.602709 5.228692 21.967151
 0.000187 1.634645 0.981217 2.600673 5.216535 21.168751
 0.000187 1.630060 0.971975 2.598546 5.200581 20.143414
 0.000188 1.624037 0.962438 2.596436 5.182911 19.037494
 0.000188 1.616995 0.953998 2.594343 5.165337 17.968497
 0.000189 1.608968 0.948133 2.592195 5.149296 17.019729
 0.000189 1.600969 0.945195 2.590071 5.136234 16.266225
 0.000190 1.593276 0.945747 2.587941 5.126965 15.741819
 0.000190 1.586262 0.949535 2.585783 5.121580 15.441104
 0.000191 1.580333 0.955995 2.583726 5.120054 15.356448
 0.000191 1.575844 0.964127 2.581859 5.121830 15.455017
 0.000192 1.572615 0.972992 2.580129 5.125737 15.672982
 0.000192 1.570710 0.981703 2.578508 5.130921 15.964595
 0.000193 1.569992 0.989294 2.576897 5.136183 16.263274
 0.000193 1.571043 0.995386 2.575367 5.141796 16.585020
 0.000194 1.573547 0.999319 2.573838 5.146704 16.868853
 0.000194 1.577379 1.000594 2.572294 5.150267 17.076449
 0.000195 1.582043 0.999368 2.570779 5.152189 17.188985
 0.000195 1.587388 0.995910 2.569333 5.152632 17.214930
 0.000196 1.593028 0.990708 2.568010 5.151746 17.162994
 0.000196 1.598498 0.984753 2.566714 5.149965 17.058786
 0.000197 1.603063 0.978327 2.565483 5.146873 16.878680
 0.000197 1.606438 0.972054 2.564258 5.142750 16.639984
 0.000198 1.608350 0.966275 2.562969 5.137593 16.343837
 0.000198 1.608581 0.961846 2.561685 5.132112 16.031969
 0.000199 1.607002 0.959916 2.560466 5.127384 15.765321
 0.000199 1.603478 0.960185 2.559261 5.122924 15.515918
 0.000200 1.597588 0.962955 2.558043 5.118585 15.275155
 0.000200 1.589535 0.967851 2.556911 5.114298 15.039073
 0.000201 1.580008 0.973993 2.555821 5.109822 14.794620
 0.000201 1.569449 0.981428 2.554683 5.105561 14.563729
 0.000202 1.558075 0.989034 2.553525 5.100634 14.299066
 0.000202 1.546147 0.995718 2.552351 5.094216 13.957882
 0.000203 1.534812 1.001541 2.551068 5.087421 13.601210
 0.000203 1.524411 1.006427 2.549673 5.080511 13.243159
 0.000204 1.515235 1.009720 2.548271 5.073226 12.870884
 0.000204 1.507937 1.010975 2.546850 5.065761 12.494971
 0.000205 1.502685 1.010435 2.545404 5.058524 12.135803
 0.000205 1.499801 1.007849 2.543951 5.051601 11.797135
 0.000206 1.499653 1.003790 2.542469 5.045913 11.522421
 0.000206 1.502159 0.998534 2.540920 5.041613 11.316970
 0.000207 1.506986 0.992306 2.539333 5.038624 11.175207
 0.000207 1.514434 0.985099 2.537667 5.037201 11.108009
 0.000208 1.524006 0.977462 2.535969 5.037437 11.119143
 0.000208 1.535121 0.969658 2.534215 5.038994 11.192692
 0.000209 1.546548 0.962841 2.532471 5.041860 11.328684
 0.000209 1.557818 0.957667 2.530816 5.046301 11.541083
 0.000210 1.568285 0.954708 2.529171 5.052163 11.824426
 0.000210 1.577175 0.954361 2.527551 5.059086 12.163513
 0.000211 1.584120 0.956462 2.525908 5.066490 12.531392
 0.000211 1.588777 0.960693 2.524244 5.073714 12.895681
 0.000212 1.590663 0.967117 2.522547 5.080326 13.233677
 0.000212 1.589634 0.974427 2.520834 5.084895 13.469734
 0.000213 1.585625 0.981399 2.519042 5.086065 13.530580
 0.000213 1.578749 0.987888 2.517196 5.083834 13.414740
 0.000214 1.569740 0.992990 2.515364 5.078094 13.119059
 0.000214 1.559009 0.996393 2.513455 5.068858 12.650225
 0.000215 1.546661 0.998024 2.511492 5.056177 12.020450
 0.000215 1.533476 0.997601 2.509533 5.040610 11.269261
 0.000216 1.520455 0.995484 2.507508 5.023446 10.469154
 0.000216 1.508546 0.992203 2.505436 5.006186 9.694246
 0.000217 1.498204 0.987943 2.503267 4.989415 8.969840
 0.000217 1.490359 0.983379 2.501109 4.974846 8.363401
 0.000218 1.485066 0.978970 2.498934 4.962970 7.884749
 0.000218 1.482577 0.975137 2.496737 4.954451 7.550049
 0.000219 1.482633 0.972552 2.494462 4.949648 7.364578
 0.000219 1.485598 0.971328 2.492154 4.949080 7.342806
 0.000220 1.491291 0.971444 2.489834 4.952569 7.477111
 0.000220 1.499351 0.972780 2.487493 4.959625 7.752443
 0.000221 1.509267 0.974727 2.485168 4.969162 8.132556
 0.000221 1.520145 0.976338 2.482874 4.979357 8.548889
 0.000222 1.530854 0.977829 2.480598 4.989282 8.964207
 0.000222 1.540520 0.978607 2.478328 4.997454 9.313569
 0.000223 1.547981 0.978231 2.476008 5.002219 9.520378
 0.000223 1.552244 0.976865 2.473650 5.002758 9.543919
 0.000224 1.552870 0.974937 2.471205 4.999012 9.380950
 0.000224 1.549837 0.972604 2.468717 4.991157 9.043787
 0.000225 1.543725 0.970545 2.466328 4.980597 8.600274
 0.000225 1.534977 0.969480 2.464028 4.968486 8.105293
 0.000226 1.523536 0.969749 2.461833 4.955118 7.576026
 0.000226 1.511169 0.971724 2.459762 4.942655 7.098663
 0.000227 1.499047 0.975339 2.457795 4.932180 6.709454
 0.000227 1.488455 0.980346 2.456037 4.924837 6.443165
 0.000228 1.480374 0.986387 2.454419 4.921180 6.312545
 0.000228 1.475211 0.992781 2.452973 4.920965 6.304918
 0.000229 1.473484 0.998905 2.451650 4.924039 6.414551
 0.000229 1.475293 1.004602 2.450486 4.930380 6.643666
 0.000230 1.480757 1.009406 2.449377 4.939541 6.981780
 0.000230 1.489832 1.012877 2.448317 4.951026 7.417567
 0.000231 1.502299 1.014615 2.447482 4.964397 7.941493
 0.000231 1.517548 1.014340 2.446910 4.978798 8.525812
 0.000232 1.535140 1.011736 2.446461 4.993337 9.136754
 0.000232 1.553666 1.006851 2.446184 5.006701 9.716932
 0.000233 1.572081 1.000151 2.446146 5.018378 10.238526
 0.000233 1.589787 0.992347 2.446342 5.028476 10.700599
 0.000234 1.605941 0.983374 2.446822 5.036138 11.057952
 0.000234 1.620032 0.973763 2.447426 5.041221 11.298326
 0.000235 1.632047 0.965019 2.448214 5.045279 11.492042
 0.000235 1.640571 0.957873 2.449245 5.047689 11.607870
 0.000236 1.645486 0.953203 2.450495 5.049184 11.680026
 0.000236 1.646736 0.951544 2.451922 5.050202 11.729236
 0.000237 1.644289 0.952694 2.453510 5.050493 11.743361
 0.000237 1.638467 0.956640 2.455312 5.050418 11.739723
 0.000238 1.629769 0.962925 2.457290 5.049984 11.718705
 0.000238 1.618503 0.970552 2.459373 5.048427 11.643467
 0.000239 1.605027 0.978648 2.461608 5.045284 11.492260
 0.000239 1.590369 0.986119 2.464037 5.040524 11.265206
 0.000240 1.575319 0.992438 2.466632 5.034389 10.975875
 0.000240 1.560589 0.996869 2.469232 5.026690 10.618110
 0.000241 1.547108 0.999558 2.471923 5.018589 10.248081
 0.000241 1.535371 1.000347 2.474763 5.010482 9.884324
 0.000242 1.526208 0.999108 2.477690 5.003006 9.554759
 0.000242 1.520020 0.996295 2.480667 4.996983 9.293254
 0.000243 1.517542 0.992094 2.483714 4.993350 9.137295
 0.000243 1.518704 0.987346 2.486831 4.992880 9.117228
 0.000244 1.523248 0.982849 2.490043 4.996141 9.256981
 0.000244 1.531030 0.978653 2.493346 5.003029 9.555766
 0.000245 1.541899 0.975127 2.496723 5.013749 10.030116
 0.000245 1.555316 0.972426 2.500115 5.027857 10.671973
 0.000246 1.570201 0.970447 2.503428 5.044077 11.434456
 0.000246 1.585586 0.969509 2.506853 5.061947 12.305004
 0.000247 1.600579 0.969378 2.510394 5.080350 13.234915
 0.000247 1.614200 0.969622 2.513987 5.097809 14.148390
 0.000248 1.625370 0.970218 2.517556 5.113143 14.975828
 0.000248 1.633029 0.970858 2.521217 5.125105 15.637612
 0.000249 1.637181 0.970887 2.524906 5.132974 16.080820
 0.000249 1.638118 0.970391 2.528567 5.137076 16.314254
 0.000250 1.635522 0.968903 2.532185 5.136610 16.287665
 0.000250 1.629706 0.966620 2.535787 5.132113 16.031998
 0.000251 1.621121 0.963910 2.539309 5.124339 15.594848
 0.000251 1.610079 0.961014 2.542788 5.113882 15.016290
 0.000252 1.597736 0.958403 2.546184 5.102323 14.389510
 0.000252 1.584990 0.956655 2.549555 5.091200 13.798977
 0.000253 1.572766 0.955711 2.552973 5.081450 13.291553
 0.000253 1.561920 0.956060 2.556390 5.074370 12.929041
 0.000254 1.553293 0.957994 2.559821 5.071108 12.763685
 0.000254 1.547225 0.961399 2.563300 5.071924 12.804916
 0.000255 1.544072 0.966429 2.566752 5.077252 13.076001
 0.000255 1.543769 0.971755 2.570236 5.085760 13.514685
 0.000256 1.546208 0.977121 2.573653 5.096982 14.104417
 0.000256 1.551031 0.982514 2.577075 5.110620 14.838061
 0.000257 1.558626 0.987624 2.580496 5.126746 15.729548
 0.000257 1.568038 0.991946 2.583892 5.143876 16.705012
 0.000258 1.578425 0.994807 2.587171 5.160403 17.673917
 0.000258 1.589357 0.995352 2.590367 5.175077 18.557116
 0.000259 1.600708 0.993524 2.593524 5.187757 19.337639
 0.000259 1.611554 0.989240 2.596630 5.197424 19.943554
 0.000260 1.621675 0.982621 2.599647 5.203942 20.357305
 0.000260 1.630588 0.974341 2.602574 5.207504 20.585220
 0.000261 1.638225 0.964960 2.605423 5.208608 20.656121
 0.000261 1.643746 0.955942 2.608228 5.207916 20.611689
 0.000262 1.646640 0.948629 2.610955 5.206224 20.503145
 0.000262 1.647099 0.943461 2.613632 5.204192 20.373257
 0.000263 1.645178 0.940642 2.616151 5.201971 20.231745
 0.000263 1.640660 0.940938 2.618528 5.200126 20.114521
 0.000264 1.633565 0.944182 2.620789 5.198536 20.013798
 0.000264 1.623792 0.950028 2.622909 5.196729 19.899644
 0.000265 1.611365 0.957434 2.624965 5.193764 19.713063
 0.000265 1.596661 0.965308 2.626815 5.188783 19.401521
 0.000266 1.580055 0.972828 2.628493 5.181376 18.942885
 0.000266 1.562174 0.979063 2.630085 5.171322 18.329091
 0.000267 1.543444 0.983492 2.631564 5.158500 17.561004
 0.000267 1.524443 0.985818 2.632873 5.143135 16.662174
 0.000268 1.506143 0.985751 2.634070 5.125964 15.685706
 0.000268 1.489146 0.983887 2.635090 5.108124 14.702381
 0.000269 1.474635 0.980501 2.635926 5.091062 13.791767
 0.000269 1.463677 0.976478 2.636521 5.076676 13.046564
 0.000270 1.456605 0.972346 2.636950 5.065901 12.501937
 0.000270 1.453575 0.968522 2.637231 5.059328 12.175439
 0.000271 1.454501 0.965753 2.637343 5.057596 12.090126
 0.000271 1.459041 0.964599 2.637329 5.060969 12.256534
 0.000272 1.466564 0.965225 2.637187 5.068976 12.656168
 0.000272 1.476431 0.967979 2.636806 5.081215 13.279455
 0.000273 1.487276 0.972754 2.636245 5.096274 14.066844
 0.000273 1.498394 0.978626 2.635483 5.112503 14.940792
 0.000274 1.508679 0.984654 2.634506 5.127839 15.790897
 0.000274 1.516829 0.989992 2.633392 5.140214 16.494002
 0.000275 1.522062 0.994126 2.632070 5.148258 16.959239
 0.000275 1.523624 0.996844 2.630559 5.151027 17.120893
 0.000276 1.521521 0.997840 2.628925 5.148287 16.960952
 0.000276 1.516614 0.997111 2.627090 5.140815 16.528557
 0.000277 1.509504 0.994358 2.625072 5.128935 15.852560
 0.000277 1.501137 0.990219 2.622870 5.114226 15.035174
 0.000278 1.492561 0.984836 2.620542 5.097939 14.155287
 0.000278 1.484907 0.979228 2.618111 5.082246 13.332626
 0.000279 1.479461 0.973099 2.615622 5.068182 12.616259
 0.000279 1.476377 0.967044 2.613066 5.056487 12.035639
 0.000280 1.475508 0.961894 2.610518 5.047919 11.618956
 0.000280 1.476920 0.958145 2.607993 5.043058 11.385803
 0.000281 1.480597 0.955391 2.605522 5.041511 11.312081
 0.000281 1.486503 0.954355 2.603109 5.043967 11.429207
 0.000282 1.494753 0.954921 2.600770 5.050444 11.740986
 0.000282 1.504353 0.957083 2.598506 5.059942 12.205753
 0.000283 1.514918 0.960543 2.596367 5.071828 12.800092
 0.000283 1.526159 0.964724 2.594247 5.085131 13.481992
 0.000284 1.538088 0.969358 2.592221 5.099667 14.247399
 0.000284 1.550416 0.974298 2.590279 5.114993 15.077219
 0.000285 1.562700 0.979058 2.588300 5.130057 15.915822
 0.000285 1.574403 0.983412 2.586308 5.144123 16.719305
 0.000286 1.584931 0.987054 2.584236 5.156220 17.426140
 0.000286 1.593756 0.989825 2.582213 5.165793 17.995856
 0.000287 1.600044 0.991357 2.580228 5.171628 18.347608
 0.000287 1.603431 0.991936 2.578314 5.173681 18.472205
 0.000288 1.603164 0.991503 2.576405 5.171073 18.313983
 0.000288 1.598934 0.990154 2.574567 5.163655 17.867830
 0.000289 1.591043 0.988313 2.572768 5.152125 17.185189
 0.000289 1.579400 0.986263 2.570992 5.136655 16.290246
 0.000290 1.564923 0.984382 2.569287 5.118592 15.275531
 0.000290 1.548052 0.982882 2.567726 5.098660 14.193662
 0.000291 1.529670 0.982155 2.566307 5.078132 13.121046
 0.000291 1.511144 0.982276 2.564990 5.058410 12.130155
 0.000292 1.493184 0.983878 2.563757 5.040820 11.279242
 0.000292 1.476368 0.986744 2.562620 5.025732 10.574038
 0.000293 1.461481 0.990512 2.561591 5.013584 10.022745
 0.000293 1.449492 0.995158 2.560775 5.005425 9.660791
 0.000294 1.440894 1.000638 2.560072 5.001604 9.493563
 0.000294 1.436271 1.006449 2.559489 5.002209 9.519937
 0.000295 1.435566 1.012432 2.559061 5.007059 9.732716
 0.000295 1.438967 1.018377 2.558827 5.016171 10.138912
 0.000296 1.446511 1.024364 2.558754 5.029630 10.754017
 0.000296 1.457546 1.029807 2.558899 5.046251 11.538694
 0.000297 1.471557 1.034196 2.559258 5.065011 12.457501
 0.000297 1.487752 1.037638 2.559805 5.085195 13.485347
 0.000298 1.504738 1.040092 2.560501 5.105331 14.551311
 0.000298 1.521117 1.041298 2.561341 5.123756 15.562304
 0.000299 1.536292 1.040960 2.562363 5.139615 16.459600
 0.000299 1.549398 1.038517 2.563540 5.151456 17.146010
 0.000300 1.559607 1.034070 2.564776 5.158453 17.558185
 0.000300 1.566681 1.028090 2.566143 5.160913 17.704304
 0.000301 1.570231 1.020580 2.567598 5.158409 17.555620
 0.000301 1.570908 1.011731 2.569090 5.151730 17.162051
 0.000302 1.569019 1.002399 2.570680 5.142098 16.602404
 0.000302 1.565447 0.993085 2.572353 5.130885 15.962527
 0.000303 1.560845 0.984393 2.574072 5.119310 15.315226
 0.000303 1.555752 0.977567 2.575919 5.109238 14.762878
 0.000304 1.550768 0.972928 2.577884 5.101580 14.349691
 0.000304 1.546425 0.971726 2.579853 5.098005 14.158792
 0.000305 1.543154 0.973554 2.581859 5.098566 14.188674
 0.000305 1.541143 0.978274 2.583875 5.103291 14.441505
 0.000306 1.540218 0.985210 2.585969 5.111397 14.880408
 0.000306 1.540465 0.993458 2.588124 5.122047 15.467071
 0.000307 1.541841 1.002004 2.590303 5.134148 16.147436
 0.000307 1.544467 1.010124 2.592503 5.147094 16.891504
 0.000308 1.548010 1.017013 2.594762 5.159784 17.637189
 0.000308 1.552224 1.022303 2.596947 5.171474 18.338275
 0.000309 1.556689 1.025581 2.599043 5.181313 18.939007
 0.000309 1.561162 1.026387 2.601123 5.188672 19.394600
 0.000310 1.565668 1.024834 2.603148 5.193650 19.705908
 0.000310 1.569657 1.020596 2.605054 5.195308 19.810089
 0.000311 1.573189 1.014188 2.606888 5.194266 19.744563
 0.000311 1.575578 1.006201 2.608561 5.190340 19.498631
 0.000312 1.576599 0.997166 2.609938 5.183703 19.086374
 0.000312 1.576316 0.987710 2.611171 5.175197 18.564468
 0.000313 1.574517 0.978438 2.612255 5.165210 17.960872
 0.000313 1.571468 0.970730 2.613148 5.155346 17.374574
 0.000314 1.567267 0.965514 2.613905 5.146687 16.867862
 0.000314 1.561956 0.963221 2.614457 5.139634 16.460698
 0.000315 1.555254 0.964392 2.614898 5.134544 16.169975
 0.000315 1.547403 0.968938 2.615225 5.131566 16.001032
 0.000316 1.539147 0.976834 2.615343 5.131324 15.987334
 0.000316 1.530515 0.986955 2.615221 5.132691 16.064728
 0.000317 1.522136 0.998280 2.614940 5.135356 16.216182
 0.000317 1.514419 1.009916 2.614538 5.138872 16.417016
 0.000318 1.507991 1.021176 2.613964 5.143131 16.661962
 0.000318 1.502698 1.031178 2.613094 5.146971 16.884354
 0.000319 1.498995 1.039889 2.612065 5.150948 17.116302
 0.000319 1.497280 1.046816 2.610880 5.154976 17.352742
 0.000320 1.497390 1.051643 2.609538 5.158571 17.565180
 0.000320 1.499340 1.054306 2.608040 5.161686 17.750335
 0.000321 1.503271 1.054689 2.606412 5.164371 17.910676
 0.000321 1.509258 1.053282 2.604665 5.167204 18.080616
 0.000322 1.517058 1.049542 2.602818 5.169417 18.213952
 0.000322 1.526475 1.043617 2.600788 5.170880 18.302353
 0.000323 1.537102 1.035942 2.598642 5.171687 18.351169
 0.000323 1.548530 1.026768 2.596410 5.171707 18.352422
 0.000324 1.560929 1.016798 2.594015 5.171742 18.354509
 0.000324 1.573884 1.006468 2.591600 5.171952 18.367235
 0.000325 1.586697 0.996177 2.589206 5.172080 18.375003
 0.000325 1.599125 0.986415 2.586693 5.172233 18.384296
 0.000326 1.610772 0.978670 2.584042 5.173484 18.460248
 0.000326 1.621010 0.972731 2.581296 5.175036 18.554670
 0.000327 1.629318 0.968825 2.578524 5.176667 18.654156
 0.000327 1.635023 0.967584 2.575642 5.178249 18.750885
 0.000328 1.638061 0.969372 2.572738 5.180171 18.868757
 0.000328 1.638361 0.973712 2.569822 5.181896 18.974871
 0.000329 1.635670 0.979818 2.566842 5.182330 19.001647
 0.000329 1.630445 0.987067 2.563719 5.181231 18.933948
 0.000330 1.622821 0.994997 2.560491 5.178310 18.754594
 0.000330 1.613441 1.002591 2.557162 5.173194 18.442608
 0.000331 1.602238 1.008954 2.553738 5.164930 17.944141
 0.000331 1.590120 1.013785 2.550228 5.154133 17.303155
 0.000332 1.577481 1.017230 2.546637 5.141348 16.559195
 0.000332 1.565113 1.019451 2.543032 5.127596 15.777247
 0.000333 1.553780 1.020676 2.539354 5.113810 15.012345
 0.000333 1.543687 1.020965 2.535650 5.100302 14.281283
 0.000334 1.535915 1.020803 2.531818 5.088536 13.659393
 0.000334 1.530984 1.019979 2.527980 5.078943 13.162586
 0.000335 1.528702 1.018782 2.524184 5.071668 12.792000
 0.000335 1.529261 1.017334 2.520528 5.067123 12.563122
 0.000336 1.532812 1.015719 2.516960 5.065491 12.481440
 0.000336 1.539005 1.013654 2.513545 5.066205 12.517129
 0.000337 1.547884 1.010332 2.510194 5.068409 12.627666
 0.000337 1.559247 1.006039 2.506924 5.072210 12.819411
 0.000338 1.572529 1.001078 2.503785 5.077392 13.083130
 0.000338 1.586514 0.995582 2.500790 5.082886 13.365678
 0.000339 1.600640 0.989948 2.497928 5.088517 13.658408
 0.000339 1.614133 0.984650 2.495218 5.094002 13.946586
 0.000340 1.626712 0.979906 2.492712 5.099329 14.229364
 0.000340 1.637722 0.975923 2.490363 5.104009 14.480087
 0.000341 1.646741 0.973544 2.488050 5.108335 14.713838
 0.000341 1.653176 0.972786 2.485827 5.111789 14.901805
 0.000342 1.656682 0.973631 2.483687 5.114000 15.022785
 0.000342 1.657212 0.976026 2.481654 5.114892 15.071685
 0.000343 1.654940 0.979570 2.479729 5.114238 15.035824
 0.000343 1.649879 0.984070 2.477907 5.111857 14.905521
 0.000344 1.642509 0.989114 2.476133 5.107756 14.682455
 0.000344 1.633236 0.994067 2.474471 5.101774 14.360074
 0.000345 1.623101 0.998692 2.472859 5.094652 13.980914
 0.000345 1.612198 1.002703 2.471244 5.086145 13.534718
 0.000346 1.601269 1.005692 2.469798 5.076759 13.050797
 0.000346 1.590729 1.007671 2.468439 5.066839 12.548901
 0.000347 1.581273 1.008542 2.467199 5.057014 12.061500
 0.000347 1.573310 1.008059 2.466059 5.047428 11.595307
 0.000348 1.567120 1.006431 2.465029 5.038580 11.173118
 0.000348 1.562909 1.003369 2.464121 5.030399 10.789738
 0.000349 1.561414 0.999472 2.463420 5.024306 10.508526
 0.000349 1.562584 0.995113 2.462911 5.020608 10.339711
 0.000350 1.566460 0.989752 2.462512 5.018723 10.254173
 0.000350 1.572616 0.983938 2.462257 5.018811 10.258134
 0.000351 1.580627 0.978087 2.462160 5.020873 10.351751
 0.000351 1.590209 0.972427 2.462151 5.024786 10.530573
 0.000352 1.600511 0.966859 2.462307 5.029676 10.756182
 0.000352 1.610492 0.962165 2.462647 5.035304 11.018776
 0.000353 1.620106 0.958663 2.463078 5.041846 11.328045
 0.000353 1.628651 0.956972 2.463620 5.049244 11.682894
 0.000354 1.635196 0.957558 2.464277 5.057030 12.062318
 0.000354 1.639143 0.960671 2.464964 5.064777 12.445825
 0.000355 1.640000 0.966112 2.465735 5.071847 12.801017
 0.000355 1.637929 0.973311 2.466648 5.077889 13.108568
 0.000356 1.632461 0.981390 2.467645 5.081496 13.293895
 0.000356 1.623967 0.989628 2.468783 5.082378 13.339420
 0.000357 1.612758 0.997455 2.470045 5.080258 13.230170
 0.000357 1.599687 1.004453 2.471342 5.075483 12.985658
 0.000358 1.585937 1.010491 2.472749 5.069177 12.666300
 0.000358 1.571938 1.015117 2.474197 5.061252 12.270565
 0.000359 1.558300 1.017600 2.475796 5.051696 11.801732
 0.000359 1.546335 1.018058 2.477429 5.041823 11.326936
 0.000360 1.536322 1.016770 2.479112 5.032204 10.873744
 0.000360 1.529302 1.013759 2.480806 5.023867 10.488437
 0.000361 1.525379 1.009715 2.482606 5.017700 10.207880
 0.000361 1.524682 1.005018 2.484552 5.014251 10.052634
 0.000362 1.527316 0.999670 2.486625 5.013611 10.023936
 0.000362 1.533310 0.994234 2.488821 5.016365 10.147637
 0.000363 1.542201 0.989446 2.491084 5.022731 10.436449
 0.000363 1.553501 0.986030 2.493422 5.032954 10.908721
 0.000364 1.566896 0.983902 2.495918 5.046716 11.561012
 0.000364 1.582064 0.983297 2.498477 5.063838 12.399005
 0.000365 1.598106 0.984170 2.501116 5.083393 13.391904
 0.000365 1.614531 0.986144 2.503777 5.104453 14.504011
 0.000366 1.630342 0.988821 2.506364 5.125527 15.661254
 0.000366 1.644118 0.990889 2.508956 5.143963 16.710013
 0.000367 1.654605 0.992193 2.511489 5.158286 17.548323
 0.000367 1.661667 0.992274 2.513871 5.167813 18.117246
 0.000368 1.664847 0.990917 2.516161 5.171925 18.365608
 0.000368 1.663633 0.988391 2.518387 5.170411 18.273985
 0.000369 1.658105 0.984846 2.520540 5.163492 17.858058
 0.000369 1.648452 0.980362 2.522589 5.151402 17.142858
 0.000370 1.635212 0.975481 2.524513 5.135206 16.207597
 0.000370 1.619326 0.971088 2.526365 5.116779 15.175454
 0.000371 1.601891 0.967318 2.528104 5.097313 14.122007
 0.000371 1.583616 0.964903 2.529792 5.078310 13.130162
 0.000372 1.565303 0.964257 2.531512 5.061072 12.261656
 0.000372 1.548056 0.965168 2.533222 5.046446 11.548039
 0.000373 1.532810 0.968141 2.534866 5.035817 11.042875
 0.000373 1.520238 0.972509 2.536427 5.029175 10.732920
 0.000374 1.510935 0.978094 2.537890 5.026920 10.628712
 0.000374 1.505027 0.984104 2.539270 5.028400 10.697082
 0.000375 1.502810 0.990090 2.540457 5.033358 10.927629
 0.000375 1.504577 0.995105 2.541513 5.041194 11.297043
 0.000376 1.509972 0.998653 2.542441 5.051067 11.771177
 0.000376 1.518551 1.000253 2.543277 5.062081 12.311639
 0.000377 1.529447 0.999143 2.543988 5.072578 12.838067
 0.000377 1.542147 0.995600 2.544589 5.082336 13.337269
 0.000378 1.555948 0.989935 2.544987 5.090870 13.781654
 0.000378 1.569912 0.981881 2.545283 5.097077 14.109451
 0.000379 1.583456 0.972679 2.545430 5.101564 14.348847
 0.000379 1.595710 0.963108 2.545344 5.104162 14.488329
 0.000380 1.604967 0.953983 2.545115 5.104066 14.483154
 0.000380 1.610612 0.946229 2.544788 5.101629 14.352318
 0.000381 1.611914 0.940705 2.544324 5.096943 14.102347
 0.000381 1.608579 0.938668 2.543764 5.091012 13.789102
 0.000382 1.601397 0.940967 2.543171 5.085536 13.503050
 0.000382 1.591170 0.947301 2.542495 5.080966 13.266617
 0.000383 1.578595 0.956686 2.541684 5.076966 13.061354
 0.000383 1.564623 0.968231 2.540856 5.073710 12.895463
 0.000384 1.550443 0.980724 2.539992 5.071160 12.766276
 0.000384 1.537269 0.992584 2.539103 5.068957 12.655206
 0.000385 1.525727 1.002677 2.538245 5.066649 12.539371
 0.000385 1.516578 1.010314 2.537393 5.064285 12.421296
 0.000386 1.510278 1.015311 2.536579 5.062168 12.315956
 0.000386 1.506778 1.017385 2.535843 5.060006 12.208896
 0.000387 1.506514 1.016646 2.535117 5.058276 12.123582
 0.000387 1.509327 1.013079 2.534505 5.056911 12.056428
 0.000388 1.515314 1.006979 2.533976 5.056268 12.024907
 0.000388 1.524086 0.999110 2.533647 5.056842 12.053069
 0.000389 1.534676 0.989868 2.533451 5.057994 12.109716
 0.000389 1.547105 0.980327 2.533364 5.060797 12.248010
 0.000390 1.561214 0.971016 2.533360 5.065590 12.486406
 0.000390 1.576352 0.962821 2.533441 5.072614 12.839853
 0.000391 1.591683 0.956962 2.533693 5.082337 13.337312
 0.000391 1.606642 0.954122 2.534032 5.094796 13.988549
 0.000392 1.620788 0.954275 2.534454 5.109518 14.778075
 0.000392 1.633344 0.957357 2.535045 5.125746 15.673493
 0.000393 1.643157 0.962711 2.535676 5.141543 16.570451
 0.000393 1.649044 0.969429 2.536352 5.154825 17.343878
 0.000394 1.650284 0.976185 2.537141 5.163610 17.865155
 0.000394 1.646735 0.981968 2.537991 5.166693 18.049900
 0.000395 1.638384 0.986098 2.538914 5.163395 17.852296
 0.000395 1.625525 0.988248 2.539871 5.153644 17.274399
 0.000396 1.608513 0.987971 2.540914 5.137398 16.332691
 0.000396 1.588353 0.985467 2.541946 5.115766 15.119726
 0.000397 1.565988 0.981406 2.543040 5.090434 13.758793
 0.000397 1.542769 0.976438 2.544134 5.063340 12.374223
 0.000398 1.520086 0.970969 2.545257 5.036313 11.066196
 0.000398 1.498761 0.965704 2.546465 5.010930 9.904261
 0.000399 1.479822 0.961561 2.547796 4.989179 8.959875
 0.000399 1.464375 0.959561 2.549250 4.973186 8.295621
 0.000400 1.453032 0.960649 2.550887 4.964568 7.948324
 0.000400 1.446127 0.964230 2.552750 4.963107 7.890179
 0.000401 1.444130 0.969908 2.554732 4.968769 8.116708
 0.000401 1.446968 0.977431 2.556824 4.981223 8.626219
 0.000402 1.454168 0.985696 2.559089 4.998953 9.378385
 0.000402 1.465307 0.993946 2.561420 5.020673 10.342668
 0.000403 1.480026 1.001546 2.563844 5.045416 11.498591
 0.000403 1.497687 1.007620 2.566333 5.071641 12.790601
 0.000404 1.517309 1.011613 2.568808 5.097731 14.144211
 0.000404 1.537316 1.013006 2.571254 5.121576 15.440921
 0.000405 1.556764 1.011250 2.573658 5.141671 16.577820
 0.000405 1.574571 1.006316 2.576073 5.156960 17.469857
 0.000406 1.589672 0.998685 2.578419 5.166776 18.054851
 0.000406 1.600980 0.989034 2.580686 5.170700 18.291457
 0.000407 1.608065 0.977950 2.582811 5.168826 18.178292
 0.000407 1.610791 0.966275 2.584815 5.161881 17.761910
 0.000408 1.609000 0.955268 2.586737 5.151005 17.119620
 0.000408 1.602842 0.946372 2.588631 5.137844 16.358170
 0.000409 1.592938 0.940728 2.590519 5.124185 15.586210
 0.000409 1.580454 0.938857 2.592307 5.111619 14.892524
 0.000410 1.566212 0.941410 2.594057 5.101679 14.355002
 0.000410 1.550991 0.948490 2.595715 5.095197 14.009761
 0.000411 1.535853 0.958764 2.597269 5.091886 13.835051
 0.000411 1.521502 0.970665 2.598776 5.090943 13.785522
 0.000412 1.508893 0.982538 2.600233 5.091664 13.823379
 0.000412 1.497968 0.993514 2.601644 5.093126 13.900367
 0.000413 1.489259 1.002510 2.602994 5.094763 13.986801
 0.000413 1.483371 1.008944 2.604325 5.096640 14.086274
 0.000414 1.480291 1.012236 2.605585 5.098113 14.164540
 0.000414 1.479976 1.012441 2.606734 5.099151 14.219835
 0.000415 1.482703 1.009770 2.607849 5.100322 14.282347
 0.000415 1.488372 1.004182 2.608845 5.101398 14.339956
 0.000416 1.496578 0.996384 2.609718 5.102680 14.408665
 0.000416 1.506812 0.987269 2.610546 5.104627 14.513383
 0.000417 1.518628 0.977141 2.611316 5.107085 14.646122
 0.000417 1.531817 0.967084 2.611981 5.110882 14.852328
 0.000418 1.545880 0.958647 2.612571 5.117098 15.193071
 0.000418 1.560134 0.952757 2.613065 5.125956 15.685259
 0.000419 1.573845 0.949907 2.613523 5.137275 16.325611
 0.000419 1.585822 0.950221 2.613935 5.149978 17.059566
 0.000420 1.594994 0.953348 2.614237 5.162579 17.803536
 0.000420 1.600732 0.958797 2.614441 5.173970 18.489746
 0.000421 1.602522 0.965378 2.614573 5.182473 19.010447
 0.000421 1.600099 0.971812 2.614558 5.186469 19.257624
 0.000422 1.593201 0.977371 2.614475 5.185047 19.169482
 0.000422 1.581902 0.980965 2.614224 5.177092 18.680104
 0.000423 1.566615 0.982189 2.613853 5.162658 17.808258
 0.000423 1.548358 0.980925 2.613451 5.142734 16.639079
 0.000424 1.527918 0.977540 2.612995 5.118453 15.267830
 0.000424 1.506702 0.971987 2.612469 5.091158 13.796798
 0.000425 1.486198 0.965388 2.611936 5.063522 12.383252
 0.000425 1.467450 0.958473 2.611330 5.037252 11.110439
 0.000426 1.451303 0.952340 2.610698 5.014341 10.056674
 0.000426 1.438617 0.948160 2.610000 4.996777 9.284403
 0.000427 1.429815 0.947290 2.609349 4.986453 8.844837
 0.000427 1.425218 0.950630 2.608799 4.984646 8.769016
 0.000428 1.424898 0.957520 2.608371 4.990789 9.028152
 0.000428 1.428970 0.967072 2.608048 5.004091 9.602208
 0.000429 1.436810 0.978129 2.607872 5.022810 10.440091
 0.000429 1.447947 0.989396 2.607810 5.045152 11.485946
 0.000430 1.461906 0.999950 2.607744 5.069601 12.687629
 0.000430 1.477421 1.008909 2.607659 5.093988 13.945871
 0.000431 1.493313 1.015245 2.607546 5.116104 15.138305
 0.000431 1.508463 1.018168 2.607370 5.134001 16.139091
 0.000432 1.521424 1.017685 2.607145 5.146254 16.842754
 0.000432 1.531384 1.014050 2.606900 5.152335 17.197509
 0.000433 1.537743 1.006963 2.606706 5.151411 17.143398
 0.000433 1.539521 0.997009 2.606561 5.143091 16.659636
 0.000434 1.536899 0.985420 2.606459 5.128778 15.843723
 0.000434 1.530340 0.973601 2.606415 5.110356 14.823659
 0.000435 1.520458 0.963155 2.606473 5.090086 13.740541
 0.000435 1.507873 0.955547 2.606659 5.070079 12.711713
 0.000436 1.493925 0.951540 2.606980 5.052446 11.838185
 0.000436 1.479548 0.951754 2.607309 5.038611 11.174577
 0.000437 1.465538 0.956104 2.607670 5.029312 10.739284
 0.000437 1.452610 0.963899 2.608047 5.024556 10.520018
 0.000438 1.441622 0.974052 2.608407 5.024081 10.498226
 0.000438 1.433422 0.985498 2.608818 5.027738 10.666463
 0.000439 1.428527 0.997016 2.609255 5.034797 10.995009
 0.000439 1.427189 1.007249 2.609843 5.044281 11.444244
 0.000440 1.429695 1.015189 2.610508 5.055392 11.981964
 0.000440 1.435861 1.020351 2.611238 5.067450 12.579547
 0.000441 1.445228 1.022200 2.612027 5.079455 13.188873
 0.000441 1.456652 1.020050 2.612882 5.089584 13.714257
 0.000442 1.469522 1.014261 2.613762 5.097545 14.134320
 0.000442 1.482918 1.004939 2.614700 5.102557 14.402056
 0.000443 1.496223 0.992769 2.615630 5.104622 14.513117
 0.000443 1.508962 0.978591 2.616467 5.104019 14.480671
 0.000444 1.520274 0.963798 2.617256 5.101328 14.336184
 0.000444 1.529451 0.950219 2.618022 5.097692 14.142134
 0.000445 1.535834 0.939354 2.618740 5.093929 13.942715
 0.000445 1.539293 0.932974 2.619491 5.091758 13.828342
 0.000446 1.539992 0.932156 2.620181 5.092329 13.858378
 0.000446 1.538086 0.936833 2.620857 5.095775 14.040393
 0.000447 1.533363 0.946131 2.621454 5.100948 14.315835
 0.000447 1.526403 0.958351 2.621988 5.106742 14.627544
 0.000448 1.517556 0.972642 2.622381 5.112579 14.944959
 0.000448 1.507292 0.987343 2.622576 5.117211 15.199296
 0.000449 1.496151 1.000819 2.622677 5.119647 15.333893
 0.000449 1.484927 1.012184 2.622668 5.119779 15.341206
 0.000450 1.474171 1.020621 2.622588 5.117380 15.208576
 0.000450 1.464665 1.025361 2.622394 5.112419 14.936250
 0.000451 1.456577 1.026383 2.622150 5.105111 14.539461
 0.000451 1.450510 1.023685 2.621807 5.096003 14.052446
 0.000452 1.446976 1.017655 2.621426 5.086057 13.530128
 0.000452 1.446028 1.008428 2.621008 5.075465 12.984747
 0.000453 1.447662 0.997190 2.620612 5.065463 12.480071
 0.000453 1.452438 0.985045 2.620271 5.057753 12.097857
 0.000454 1.460235 0.973178 2.619930 5.053343 11.881865
 0.000454 1.470822 0.963164 2.619608 5.053594 11.894127
 0.000455 1.483653 0.956394 2.619385 5.059432 12.180554
 0.000455 1.498442 0.953810 2.619210 5.071462 12.781571
 0.000456 1.514555 0.955557 2.619160 5.089271 13.697866
 0.000456 1.530972 0.961398 2.619125 5.111495 14.885780
 0.000457 1.546747 0.970318 2.619078 5.136143 16.261031
 0.000457 1.560844 0.981011 2.619112 5.160967 17.707503
 0.000458 1.572363 0.992125 2.619242 5.183730 19.088023
 0.000458 1.580136 1.001891 2.619354 5.201381 20.194238
 0.000459 1.583562 1.009669 2.619455 5.212686 20.919029
 0.000459 1.582681 1.014614 2.619604 5.216900 21.192488
 0.000460 1.576898 1.016170 2.619801 5.212869 20.930905
 0.000460 1.566761 1.014685 2.620039 5.201484 20.200781
 0.000461 1.553081 1.010207 2.620275 5.183563 19.077711
 0.000461 1.537214 1.002948 2.620453 5.160616 17.686586
 0.000462 1.520310 0.993846 2.620579 5.134734 16.180770
 0.000462 1.503642 0.983961 2.620641 5.108245 14.708939
 0.000463 1.488154 0.973759 2.620731 5.082644 13.353190
 0.000463 1.474954 0.964551 2.620857 5.060362 12.226530
 0.000464 1.465797 0.957524 2.621026 5.044347 11.447376
 0.000464 1.460804 0.953748 2.621290 5.035843 11.044087
 0.000465 1.460137 0.953299 2.621562 5.034998 11.004438
 0.000465 1.463162 0.956068 2.621767 5.040997 11.287660
 0.000466 1.470039 0.961365 2.621952 5.053356 11.882507
 0.000466 1.480285 0.968257 2.622040 5.070582 12.737101
 0.000467 1.492979 0.976080 2.622059 5.091118 13.794678
 0.000467 1.507110 0.983912 2.622078 5.113101 14.973498
 0.000468 1.521771 0.990677 2.622021 5.134470 16.165724
 0.000468 1.536028 0.995302 2.621887 5.153217 17.249301
 0.000469 1.548691 0.997475 2.621691 5.167857 18.119911
 0.000469 1.559257 0.996598 2.621463 5.177318 18.693920
 0.000470 1.567213 0.993277 2.621157 5.181647 18.959532
 0.000470 1.572075 0.987633 2.620788 5.180496 18.888726
 0.000471 1.572764 0.980374 2.620233 5.173370 18.453319
 0.000471 1.569633 0.972108 2.619534 5.161275 17.725814
 0.000472 1.563066 0.963431 2.618725 5.145223 16.782943
 0.000472 1.553716 0.955737 2.617777 5.127231 15.756735
 0.000473 1.542265 0.950243 2.616735 5.109243 14.763134
 0.000473 1.529617 0.947924 2.615657 5.093198 13.904180
 0.000474 1.516399 0.948882 2.614523 5.079804 13.206814
 0.000474 1.503128 0.953053 2.613363 5.069545 12.684809
 0.000475 1.490311 0.959202 2.612152 5.061664 12.290990
 0.000475 1.479000 0.966957 2.610852 5.056809 12.051453
 0.000476 1.469197 0.975405 2.609476 5.054079 11.917771
 0.000476 1.460693 0.983493 2.607999 5.052185 11.825520
 0.000477 1.454061 0.990513 2.606468 5.051041 11.769922
 0.000477 1.449003 0.996097 2.604865 5.049965 11.717786
 0.000478 1.446084 1.000040 2.603213 5.049337 11.687410
 0.000478 1.445405 1.001650 2.601541 5.048597 11.651658
 0.000479 1.446969 1.001317 2.599795 5.048081 11.626762
 0.000479 1.450619 0.999631 2.598028 5.048278 11.636243
 0.000480 1.456577 0.997216 2.596151 5.049943 11.716725
 0.000480 1.464713 0.994288 2.594133 5.053134 11.871710
 0.000481 1.474947 0.990851 2.592098 5.057896 12.104866
 0.000481 1.486893 0.988006 2.590028 5.064927 12.453298
 0.000482 1.500240 0.985845 2.587929 5.074015 12.910951
 0.000482 1.514039 0.984163 2.585759 5.083961 13.421304
 0.000483 1.527553 0.983250 2.583491 5.094294 13.962020
 0.000483 1.539863 0.982700 2.581228 5.103792 14.468430
 0.000484 1.550469 0.982780 2.578880 5.112130 14.920431
 0.000484 1.558107 0.983411 2.576390 5.117907 15.237686
 0.000485 1.562227 0.984207 2.573822 5.120256 15.367612
 0.000485 1.562645 0.985312 2.571116 5.119074 15.302158
 0.000486 1.559021 0.986620 2.568354 5.113994 15.022442
 0.000486 1.551769 0.987889 2.565491 5.105150 14.541556
 0.000487 1.541618 0.988837 2.562447 5.092902 13.888564
 0.000487 1.529116 0.989392 2.559388 5.077896 13.108928
 0.000488 1.515288 0.989518 2.556389 5.061195 12.267752
 0.000488 1.501223 0.988926 2.553413 5.043562 11.409861
 0.000489 1.488407 0.987821 2.550535 5.026762 10.621457
 0.000489 1.477685 0.986135 2.547683 5.011504 9.929816
 0.000490 1.469732 0.984237 2.544916 4.998884 9.375420
 0.000490 1.464927 0.982331 2.542239 4.989497 8.973317
 0.000491 1.463881 0.980062 2.539682 4.983624 8.726265
 0.000491 1.467133 0.978069 2.537207 4.982409 8.675570
 0.000492 1.474709 0.976633 2.534878 4.986220 8.835032
 0.000492 1.485945 0.975841 2.532767 4.994554 9.188822
 0.000493 1.500427 0.975750 2.530750 5.006927 9.726920
 0.000493 1.517773 0.976152 2.528823 5.022748 10.437241
 0.000494 1.536744 0.977489 2.526972 5.041205 11.297552
 0.000494 1.556239 0.979933 2.525209 5.061382 12.276984
 0.000495 1.574938 0.983106 2.523563 5.081607 13.299660
 0.000495 1.591351 0.986335 2.522005 5.099691 14.248644
 0.000496 1.604594 0.989153 2.520453 5.114200 15.033747
 0.000496 1.613491 0.990966 2.518903 5.123360 15.540208
 0.000497 1.617199 0.991968 2.517434 5.126602 15.721436
 0.000497 1.615392 0.991822 2.516053 5.123267 15.535016
 0.000498 1.608574 0.990603 2.514733 5.113909 15.017795
 0.000498 1.597623 0.988443 2.513452 5.099518 14.239444
 0.000499 1.583191 0.985668 2.512198 5.081057 13.271285
 0.000499 1.566645 0.982937 2.510939 5.060520 12.234345
 0.000500 1.549652 0.981034 2.509762 5.040448 11.261581
