#! FIELDS time dAB dAC dAD rc bias
 0.000000 0.942576 1.016847 2.277005 4.236429 0.049620
 0.000000 0.970020 1.019090 2.275624 4.264734 0.000511
 0.000001 0.997239 1.016870 2.274035 4.288143 0.020427
 0.000001 1.020759 1.010233 2.272189 4.303181 0.062128
 0.000002 1.037976 0.999825 2.270025 4.307826 0.079580
 0.000002 1.047067 0.986969 2.267581 4.301617 0.056736
 0.000003 1.047352 0.973080 2.264954 4.285385 0.015233
 0.000003 1.039123 0.960130 2.262170 4.261423 0.002118
 0.000004 1.023071 0.949915 2.259149 4.232135 0.064067
 0.000004 1.001349 0.944228 2.255915 4.201492 0.220707
 0.000005 0.976487 0.944154 2.252503 4.173144 0.449233
 0.000005 0.951395 0.950174 2.248843 4.150412 0.690532
 0.000006 0.929912 0.960909 2.245007 4.135829 0.872552
 0.000006 0.915812 0.975605 2.241014 4.132431 0.918013
 0.000007 0.912160 0.992448 2.236962 4.141570 0.798359
 0.000007 0.919398 1.009099 2.232828 4.161325 0.568238
 0.000008 0.935923 1.023465 2.228557 4.187945 0.319886
 0.000008 0.958621 1.033915 2.224135 4.216670 0.131383
 0.000009 0.983689 1.038950 2.219525 4.242164 0.033197
 0.000009 1.007557 1.037722 2.214706 4.259985 0.003157
 0.000010 1.027334 1.029942 2.209694 4.266969 0.000046
 0.000010 1.041285 1.015732 2.204530 4.261547 0.002038
 0.000011 1.048500 0.996260 2.199191 4.243950 0.028754
 0.000011 1.048544 0.973699 2.193789 4.216032 0.134675
 0.000012 1.041395 0.950243 2.188176 4.179813 0.388238
 0.000012 1.027539 0.929181 2.182426 4.139146 0.829274
 0.000013 1.008472 0.913997 2.176509 4.098978 1.427249
 0.000013 0.986575 0.907423 2.170602 4.064600 2.067175
 0.000014 0.964308 0.910594 2.164651 4.039553 2.607832
 0.000014 0.944705 0.923567 2.158634 4.026906 2.904651
 0.000015 0.930338 0.943805 2.152646 4.026789 2.907466
 0.000015 0.923859 0.967924 2.146678 4.038462 2.632799
 0.000016 0.926275 0.992135 2.140819 4.059229 2.177826
 0.000016 0.937155 1.013839 2.135109 4.086102 1.653090
 0.000017 0.954006 1.031337 2.129472 4.114815 1.172221
 0.000017 0.973417 1.043382 2.123853 4.140653 0.809990
 0.000018 0.992583 1.048911 2.118300 4.159793 0.584689
 0.000018 1.009022 1.047463 2.112759 4.169244 0.486954
 0.000019 1.021138 1.039764 2.107244 4.168145 0.497858
 0.000019 1.027305 1.026654 2.101868 4.155827 0.628363
 0.000020 1.027325 1.009552 2.096579 4.133456 0.904182
 0.000020 1.021555 0.990400 2.091376 4.103330 1.354673
 0.000021 1.010720 0.971658 2.086321 4.068699 1.984673
 0.000021 0.996442 0.955888 2.081425 4.033755 2.741927
 0.000022 0.980552 0.945818 2.076770 4.003141 3.505698
 0.000022 0.964947 0.943082 2.072386 3.980415 4.133286
 0.000023 0.952418 0.948714 2.068279 3.969412 4.455695
 0.000023 0.945051 0.961681 2.064357 3.971088 4.405787
 0.000024 0.944025 0.980379 2.060741 3.985145 3.998405
 0.000024 0.949352 1.002089 2.057420 4.008861 3.355857
 0.000025 0.960592 1.024251 2.054300 4.039143 2.617195
 0.000025 0.975673 1.043955 2.051337 4.070966 1.939762
 0.000026 0.991983 1.059608 2.048596 4.100187 1.406900
 0.000026 1.007254 1.069363 2.046074 4.122691 1.054737
 0.000027 1.019661 1.072687 2.043793 4.136140 0.868443
 0.000027 1.027823 1.068905 2.041790 4.138518 0.837387
 0.000028 1.031286 1.058118 2.039953 4.129357 0.960142
 0.000028 1.029774 1.040916 2.038339 4.109029 1.262496
 0.000029 1.023417 1.018802 2.036915 4.079135 1.782199
 0.000029 1.012570 0.993932 2.035734 4.042235 2.546924
 0.000030 0.999236 0.969089 2.034913 4.003238 3.503125
 0.000030 0.985325 0.947868 2.034480 3.967673 4.507735
 0.000031 0.972237 0.932749 2.034416 3.939402 5.396577
 0.000031 0.961559 0.926345 2.034741 3.922644 5.961142
 0.000032 0.955010 0.929119 2.035472 3.919601 6.066675
 0.000032 0.953758 0.940255 2.036595 3.930608 5.689347
 0.000033 0.957782 0.957240 2.038066 3.953087 4.956330
 0.000033 0.966177 0.977000 2.039814 3.982991 4.059530
 0.000034 0.977206 0.996188 2.041913 4.015307 3.190941
 0.000034 0.988906 1.012165 2.044350 4.045421 2.475544
 0.000035 0.999556 1.023289 2.047074 4.069919 1.960447
 0.000035 1.008232 1.028865 2.050025 4.087122 1.634602
 0.000036 1.013476 1.028542 2.053164 4.095183 1.492097
 0.000036 1.014584 1.022710 2.056546 4.093841 1.515365
 0.000037 1.011536 1.012458 2.060168 4.084162 1.688554
 0.000037 1.004705 0.998733 2.063977 4.067415 2.010336
 0.000038 0.994966 0.983409 2.067948 4.046323 2.455514
 0.000038 0.983248 0.968520 2.072104 4.023871 2.978261
 0.000039 0.971150 0.956478 2.076444 4.004072 3.481075
 0.000039 0.960493 0.949484 2.080898 3.990876 3.837977
 0.000040 0.953237 0.948984 2.085555 3.987776 3.924330
 0.000040 0.950275 0.955111 2.090379 3.995766 3.703698
 0.000041 0.951862 0.967087 2.095279 4.014229 3.218231
 0.000041 0.957857 0.983125 2.100245 4.041227 2.569726
 0.000042 0.967451 1.001054 2.105289 4.073793 1.884474
 0.000042 0.978642 1.019072 2.110394 4.108108 1.277172
 0.000043 0.990057 1.035046 2.115486 4.140589 0.810801
 0.000043 0.999992 1.047239 2.120500 4.167731 0.501998
 0.000044 1.007161 1.054315 2.125422 4.186898 0.328319
 0.000044 1.010515 1.055431 2.130232 4.196178 0.257425
 0.000045 1.009267 1.049976 2.134779 4.194023 0.273122
 0.000045 1.003777 1.038431 2.139171 4.181379 0.374561
 0.000046 0.994757 1.021927 2.143436 4.160121 0.581152
 0.000046 0.983848 1.001798 2.147592 4.133238 0.907106
 0.000047 0.972345 0.980421 2.151612 4.104377 1.337489
 0.000047 0.962056 0.960538 2.155447 4.078041 1.802915
 0.000048 0.954407 0.944759 2.159153 4.058319 2.196863
 0.000048 0.950568 0.935454 2.162720 4.048742 2.402189
 0.000049 0.951558 0.934450 2.166247 4.052255 2.325800
 0.000049 0.956980 0.941958 2.169761 4.068699 1.984670
 0.000050 0.965589 0.956250 2.173317 4.095156 1.492555
 0.000050 0.976215 0.974170 2.176810 4.127194 0.990346
 0.000051 0.987268 0.992781 2.180261 4.160311 0.579103
 0.000051 0.997327 1.009086 2.183538 4.189951 0.304046
 0.000052 1.004753 1.021126 2.186601 4.212480 0.153741
 0.000052 1.008562 1.026821 2.189492 4.224876 0.092688
 0.000053 1.008129 1.025589 2.192159 4.225878 0.088425
 0.000053 1.003099 1.017582 2.194636 4.215317 0.138412
 0.000054 0.993677 1.003046 2.197004 4.193727 0.275310
 0.000054 0.980863 0.983544 2.199237 4.163643 0.543798
 0.000055 0.966529 0.961911 2.201409 4.129849 0.953338
 0.000055 0.952749 0.941756 2.203476 4.097980 1.444160
 0.000056 0.941928 0.926228 2.205537 4.073693 1.886430
 0.000056 0.935704 0.917978 2.207525 4.061206 2.136755
 0.000057 0.935082 0.918393 2.209520 4.062995 2.099946
 0.000057 0.940553 0.927029 2.211489 4.079071 1.783411
 0.000058 0.951099 0.942527 2.213465 4.107091 1.293482
 0.000058 0.964875 0.962326 2.215452 4.142652 0.784742
 0.000059 0.979205 0.983120 2.217413 4.179739 0.388891
 0.000059 0.992172 1.002299 2.219236 4.213708 0.147008
 0.000060 1.002276 1.018089 2.220924 4.241290 0.035488
 0.000060 1.008482 1.029060 2.222505 4.260047 0.003108
 0.000061 1.009600 1.034151 2.223936 4.267687 0.000003
 0.000061 1.005696 1.033385 2.225207 4.264288 0.000664
 0.000062 0.997086 1.027155 2.226389 4.250630 0.014967
 0.000062 0.984499 1.016366 2.227509 4.228375 0.078235
 0.000063 0.969745 1.002308 2.228519 4.200571 0.226867
 0.000063 0.955142 0.986690 2.229426 4.171259 0.467273
 0.000064 0.943176 0.971249 2.230285 4.144710 0.759173
 0.000064 0.935836 0.958449 2.231037 4.125322 1.016863
 0.000065 0.934552 0.949860 2.231735 4.116148 1.151911
 0.000065 0.939560 0.946768 2.232414 4.118742 1.112873
 0.000066 0.950626 0.950235 2.232939 4.133800 0.899555
 0.000066 0.965539 0.959133 2.233293 4.157966 0.604617
 0.000067 0.981988 0.971999 2.233549 4.187537 0.323160
 0.000067 0.997825 0.986803 2.233746 4.218374 0.122794
 0.000068 1.010591 1.001254 2.233775 4.245620 0.024889
 0.000068 1.018896 1.012960 2.233669 4.265526 0.000289
 0.000069 1.021161 1.020290 2.233463 4.274914 0.002438
 0.000069 1.017318 1.022446 2.233168 4.272932 0.001250
 0.000070 1.008309 1.019480 2.232678 4.260467 0.002786
 0.000070 0.995207 1.011077 2.231988 4.238271 0.043985
 0.000071 0.979331 0.998310 2.231186 4.208827 0.174662
 0.000071 0.962487 0.983108 2.230213 4.175808 0.424332
 0.000072 0.947204 0.967486 2.229138 4.143828 0.770080
 0.000072 0.935928 0.953642 2.227927 4.117497 1.131522
 0.000073 0.930585 0.943402 2.226579 4.100566 1.400548
 0.000073 0.932159 0.938103 2.225054 4.095316 1.489795
 0.000074 0.940306 0.938797 2.223414 4.102517 1.368083
 0.000074 0.953491 0.944615 2.221630 4.119736 1.098082
 0.000075 0.969237 0.953779 2.219638 4.142655 0.784709
 0.000075 0.985198 0.964013 2.217438 4.166648 0.512912
 0.000076 0.999050 0.973462 2.215010 4.187521 0.323286
 0.000076 1.009030 0.980288 2.212380 4.201697 0.219346
 0.000077 1.014231 0.983776 2.209497 4.207504 0.182573
 0.000077 1.013902 0.983970 2.206225 4.204098 0.203733
 0.000078 1.008116 0.980979 2.202619 4.191715 0.290445
 0.000078 0.997924 0.976105 2.198764 4.172792 0.452571
 0.000079 0.984832 0.971071 2.194666 4.150569 0.688695
 0.000079 0.970608 0.967152 2.190348 4.128108 0.977524
 0.000080 0.956641 0.965240 2.185882 4.107763 1.282685
 0.000080 0.945158 0.966372 2.181219 4.092749 1.534445
 0.000081 0.937891 0.971167 2.176412 4.085470 1.664605
 0.000081 0.936007 0.979071 2.171431 4.086509 1.645700
 0.000082 0.939950 0.989035 2.166321 4.095305 1.489984
 0.000082 0.949508 0.999716 2.161041 4.110264 1.242941
 0.000083 0.963208 1.009586 2.155611 4.128405 0.973376
 0.000083 0.978491 1.017272 2.150078 4.145841 0.745296
 0.000084 0.993373 1.022426 2.144514 4.160313 0.579077
 0.000084 1.006129 1.024264 2.138918 4.169310 0.486301
 0.000085 1.015443 1.022671 2.133113 4.171226 0.467591
 0.000085 1.020410 1.017828 2.127154 4.165391 0.525719
 0.000086 1.020738 1.010233 2.121099 4.152071 0.671175
 0.000086 1.016729 1.000862 2.114988 4.132580 0.916000
 0.000087 1.008705 0.990810 2.108770 4.108285 1.274339
 0.000087 0.998152 0.980808 2.102451 4.081410 1.739496
 0.000088 0.986505 0.971682 2.096065 4.054252 2.282930
 0.000088 0.975711 0.964939 2.089737 4.030388 2.821341
 0.000089 0.966829 0.962106 2.083461 4.012395 3.264928
 0.000089 0.960872 0.963726 2.077258 4.001856 3.539807
 0.000090 0.958974 0.969367 2.071126 3.999467 3.603655
 0.000090 0.961363 0.978540 2.065055 4.004958 3.457735
 0.000091 0.967442 0.989941 2.059191 4.016574 3.159017
 0.000091 0.976215 1.002087 2.053580 4.031881 2.785969
 0.000092 0.986241 1.013336 2.048107 4.047684 2.425427
 0.000092 0.995323 1.021978 2.042805 4.060106 2.159554
 0.000093 1.002604 1.026661 2.037720 4.066985 2.018965
 0.000093 1.007189 1.026617 2.032879 4.066685 2.024996
 0.000094 1.008694 1.021060 2.028333 4.058086 2.201746
 0.000094 1.007188 1.010157 2.024050 4.041394 2.565957
 0.000095 1.003268 0.994957 2.020031 4.018256 3.116882
 0.000095 0.996880 0.976910 2.016321 3.990111 3.859209
 0.000096 0.988952 0.958538 2.012841 3.960331 4.730893
 0.000096 0.980772 0.942857 2.009612 3.933241 5.600876
 0.000097 0.973830 0.932541 2.006720 3.913090 6.295598
 0.000097 0.968940 0.930133 2.004144 3.903217 6.650811
 0.000098 0.966778 0.936278 2.001849 3.904906 6.589364
 0.000098 0.967892 0.950650 1.999931 3.918474 6.106026
 0.000099 0.971754 0.970940 1.998460 3.941155 5.339144
 0.000099 0.977470 0.994122 1.997413 3.969005 4.467831
 0.000100 0.983897 1.017341 1.996784 3.998023 3.642524
 0.000100 0.990483 1.038257 1.996434 4.025174 2.946549
 0.000101 0.996654 1.054876 1.996363 4.047893 2.420844
 0.000101 1.001619 1.065371 1.996585 4.063576 2.088055
 0.000102 1.004492 1.068875 1.997123 4.070490 1.949141
 0.000102 1.005137 1.065689 1.997871 4.068696 1.984724
 0.000103 1.003531 1.057088 1.998932 4.059551 2.171120
 0.000103 1.000241 1.043330 2.000241 4.043812 2.511473
 0.000104 0.995496 1.025930 2.001843 4.023269 2.992978
 0.000104 0.989812 1.006592 2.003715 4.000119 3.586155
 0.000105 0.984263 0.987226 2.005897 3.977387 4.220805
 0.000105 0.979890 0.970253 2.008326 3.958470 4.788316
 0.000106 0.977385 0.957729 2.011120 3.946234 5.174457
 0.000106 0.977452 0.951676 2.014201 3.943329 5.268325
 0.000107 0.980162 0.952823 2.017578 3.950563 5.036122
 0.000107 0.984808 0.960543 2.021316 3.966667 4.537998
 0.000108 0.990548 0.973356 2.025338 3.989242 3.883388
 0.000108 0.996527 0.989187 2.029511 4.015225 3.193027
 0.000109 1.001602 1.006359 2.033945 4.041906 2.554368
 0.000109 1.005229 1.022730 2.038717 4.066676 2.025176
 0.000110 1.006824 1.035741 2.043597 4.086162 1.651993
 0.000110 1.005746 1.044107 2.048631 4.098484 1.435621
 0.000111 1.002136 1.047217 2.053791 4.103144 1.357732
 0.000111 0.996289 1.044546 2.059082 4.099918 1.411427
 0.000112 0.988463 1.035773 2.064579 4.088815 1.604128
 0.000112 0.979901 1.021224 2.070241 4.071366 1.931888
 0.000113 0.972110 1.002406 2.075972 4.050488 2.364071
 0.000113 0.965944 0.981003 2.081773 4.028720 2.861090
 0.000114 0.962408 0.959499 2.087744 4.009651 3.335432
 0.000114 0.961665 0.940914 2.093765 3.996344 3.687977
 0.000115 0.964024 0.927965 2.099900 3.991890 3.809937
 0.000115 0.968760 0.922517 2.106064 3.997340 3.660968
 0.000116 0.974780 0.925885 2.112279 4.012943 3.250936
 0.000116 0.981438 0.937120 2.118568 4.037127 2.663528
 0.000117 0.987622 0.954248 2.124956 4.066826 2.022155
 0.000117 0.991894 0.973972 2.131343 4.097209 1.457303
 0.000118 0.993805 0.992914 2.137655 4.124374 1.030432
 0.000118 0.993203 1.009047 2.143911 4.146160 0.741407
 0.000119 0.990155 1.020392 2.150112 4.160659 0.575368
 0.000119 0.985056 1.025730 2.156157 4.166943 0.509934
 0.000120 0.977811 1.025093 2.162075 4.164978 0.529962
 0.000120 0.969730 1.018317 2.167777 4.155825 0.628393
 0.000121 0.962729 1.006424 2.173345 4.142498 0.786676
 0.000121 0.957458 0.991631 2.178732 4.127822 0.981531
 0.000122 0.954891 0.975944 2.183928 4.114763 1.173018
 0.000122 0.955889 0.962088 2.188927 4.106904 1.296485
 0.000123 0.960351 0.952269 2.193731 4.106351 1.305408
 0.000123 0.967149 0.947896 2.198421 4.113466 1.192979
 0.000124 0.975476 0.949553 2.202883 4.127912 0.980273
 0.000124 0.983971 0.957219 2.207175 4.148365 0.714798
 0.000125 0.991246 0.969395 2.211248 4.171888 0.461213
 0.000125 0.996413 0.984128 2.215079 4.195620 0.261445
 0.000126 0.998926 0.998658 2.218659 4.216243 0.133583
 0.000126 0.998475 1.010897 2.221992 4.231363 0.066860
 0.000127 0.995043 1.019892 2.225011 4.239945 0.039160
 0.000127 0.989153 1.024550 2.227684 4.241387 0.035229
 0.000128 0.981125 1.024674 2.230095 4.235894 0.051319
 0.000128 0.971710 1.020657 2.232290 4.224656 0.093634
 0.000129 0.962669 1.012531 2.234287 4.209487 0.170786
 0.000129 0.954916 1.001220 2.236054 4.192190 0.286837
 0.000130 0.949955 0.987562 2.237513 4.175030 0.431532
 0.000130 0.948961 0.973201 2.238651 4.160814 0.573706
 0.000131 0.952143 0.959703 2.239570 4.151417 0.678782
 0.000131 0.959006 0.949273 2.240180 4.148460 0.713666
 0.000132 0.968033 0.943334 2.240440 4.151808 0.674233
 0.000132 0.977250 0.942739 2.240450 4.160439 0.577725
 0.000133 0.985428 0.947501 2.240227 4.173156 0.449117
 0.000133 0.991490 0.955854 2.239661 4.187005 0.327455
 0.000134 0.994725 0.966262 2.238845 4.199832 0.231873
 0.000134 0.994367 0.976952 2.237741 4.209059 0.173294
 0.000135 0.990321 0.986422 2.236351 4.213094 0.150354
 0.000135 0.982832 0.992927 2.234720 4.210479 0.165035
 0.000136 0.973180 0.995398 2.232768 4.201346 0.221681
 0.000136 0.962751 0.993288 2.230545 4.186584 0.330864
 0.000137 0.953145 0.987018 2.228039 4.168202 0.497294
 0.000137 0.945986 0.977249 2.225330 4.148566 0.712402
 0.000138 0.942294 0.965071 2.222481 4.129846 0.953372
 0.000138 0.943123 0.952687 2.219447 4.115256 1.165478
 0.000139 0.948276 0.942217 2.216219 4.106712 1.299577
 0.000139 0.957252 0.935703 2.212817 4.105772 1.314776
 0.000140 0.968950 0.934851 2.209309 4.113111 1.198468
 0.000140 0.981716 0.940296 2.205558 4.127569 0.985068
 0.000141 0.993659 0.951580 2.201611 4.146850 0.733037
 0.000141 1.003685 0.967225 2.197495 4.168405 0.495270
 0.000142 1.010290 0.984966 2.193241 4.188497 0.315486
 0.000142 1.012699 1.001959 2.188916 4.203573 0.207096
 0.000143 1.010582 1.016389 2.184458 4.211430 0.159621
 0.000143 1.004071 1.027276 2.179798 4.211145 0.161232
 0.000144 0.993903 1.033259 2.174933 4.202094 0.216724
 0.000144 0.981248 1.034502 2.169995 4.185745 0.337731
 0.000145 0.967798 1.030771 2.165041 4.163610 0.544142
 0.000145 0.955698 1.022825 2.159959 4.138482 0.837849
 0.000146 0.946978 1.011465 2.154753 4.113197 1.197132
 0.000146 0.943114 0.998451 2.149539 4.091104 1.563391
 0.000147 0.945369 0.984874 2.144334 4.074577 1.869296
 0.000147 0.953560 0.972382 2.139115 4.065057 2.057892
 0.000148 0.966167 0.962730 2.133786 4.062683 2.106342
 0.000148 0.981312 0.957314 2.128444 4.067070 2.017254
 0.000149 0.997164 0.956456 2.123108 4.076727 1.827952
 0.000149 1.011663 0.960316 2.117842 4.089821 1.586168
 0.000150 1.022938 0.967853 2.112638 4.103429 1.353048
 0.000150 1.029793 0.977885 2.107413 4.115091 1.167997
 0.000151 1.030968 0.988933 2.102222 4.122123 1.062993
 0.000151 1.026248 0.999786 2.097035 4.123068 1.049260
 0.000152 1.016253 1.009162 2.091881 4.117296 1.134548
 0.000152 1.001829 1.015666 2.086698 4.104193 1.340512
 0.000153 0.984394 1.018513 2.081548 4.084455 1.683168
 0.000153 0.966189 1.017759 2.076528 4.060475 2.151894
 0.000154 0.949935 1.013519 2.071546 4.035001 2.712822
 0.000154 0.938266 1.006181 2.066646 4.011093 3.298276
 0.000155 0.933037 0.996137 2.061847 3.991021 3.833957
 0.000155 0.935059 0.983805 2.057102 3.975966 4.262186
 0.000156 0.944410 0.970646 2.052473 3.967529 4.512084
 0.000156 0.959459 0.958029 2.047955 3.965443 4.574965
 0.000157 0.977844 0.947994 2.043471 3.969310 4.458738
 0.000157 0.997103 0.942196 2.039190 3.978489 4.188839
 0.000158 1.015016 0.941310 2.035148 3.991474 3.821416
 0.000158 1.030052 0.945869 2.031387 4.007308 3.396217
 0.000159 1.040725 0.955244 2.027808 4.023778 2.980547
 0.000159 1.046053 0.968225 2.024386 4.038664 2.628167
 0.000160 1.045400 0.983138 2.021163 4.049701 2.381224
 0.000160 1.039004 0.998181 2.018119 4.055304 2.260506
 0.000161 1.026854 1.011565 2.015277 4.053696 2.294838
 0.000161 1.010248 1.022225 2.012642 4.045115 2.482346
 0.000162 0.990983 1.029522 2.010246 4.030750 2.812739
 0.000162 0.971300 1.033194 2.008208 4.012701 3.257119
 0.000163 0.953925 1.033241 2.006386 3.993552 3.764190
 0.000163 0.941591 1.030216 2.004877 3.976684 4.241246
 0.000164 0.936292 1.024552 2.003698 3.964542 4.602252
 0.000164 0.938884 1.017313 2.002703 3.958900 4.775009
 0.000165 0.949096 1.009107 2.002038 3.960242 4.733637
 0.000165 0.965425 1.000950 2.001761 3.968137 4.493836
 0.000166 0.985567 0.993532 2.001837 3.980935 4.118340
 0.000166 1.006725 0.987445 2.002337 3.996508 3.683536
 0.000167 1.026668 0.983326 2.003158 4.013152 3.245611
 0.000167 1.043410 0.981374 2.004332 4.029116 2.851625
 0.000168 1.055244 0.981737 2.005788 4.042770 2.534883
 0.000168 1.061187 0.983847 2.007509 4.052543 2.319590
 0.000169 1.060538 0.987179 2.009450 4.057168 2.221055
 0.000169 1.053019 0.991294 2.011584 4.055898 2.247907
 0.000170 1.038937 0.995838 2.013940 4.048714 2.402801
 0.000170 1.019563 1.000408 2.016585 4.036556 2.676725
 0.000171 0.997066 1.004633 2.019558 4.021257 3.042413
 0.000171 0.973825 1.008031 2.022768 4.004625 3.466507
 0.000172 0.952787 1.009837 2.026209 3.988834 3.894754
 0.000172 0.936753 1.009917 2.030021 3.976691 4.241033
 0.000173 0.928284 1.008031 2.034138 3.970453 4.424657
 0.000173 0.928697 1.004372 2.038550 3.971619 4.390033
 0.000174 0.937265 0.998912 2.043185 3.979363 4.163589
 0.000174 0.952196 0.992013 2.048046 3.992256 3.799843
 0.000175 0.971167 0.984339 2.053102 4.008608 3.362410
 0.000175 0.991428 0.976303 2.058432 4.026163 2.922597
 0.000176 1.010239 0.968779 2.063960 4.042979 2.530182
 0.000176 1.025734 0.961876 2.069676 4.057287 2.218555
 0.000177 1.036411 0.956432 2.075592 4.068435 1.989929
 0.000177 1.041201 0.953142 2.081616 4.075959 1.842659
 0.000178 1.039798 0.952971 2.087680 4.080449 1.757472
 0.000178 1.032977 0.955111 2.093860 4.081948 1.729480
 0.000179 1.021076 0.959173 2.099958 4.080208 1.762001
 0.000179 1.005596 0.964600 2.106080 4.076276 1.836580
 0.000180 0.987730 0.970771 2.112174 4.070674 1.945508
 0.000180 0.969236 0.977559 2.118187 4.064982 2.059412
 0.000181 0.952446 0.983990 2.124128 4.060564 2.150050
 0.000181 0.940026 0.989762 2.130088 4.059876 2.164348
 0.000182 0.934094 0.995009 2.135971 4.065074 2.057553
 0.000182 0.935253 0.999567 2.141732 4.076553 1.831287
 0.000183 0.943379 1.002771 2.147390 4.093539 1.520621
 0.000183 0.957018 1.004617 2.153033 4.114667 1.174488
 0.000184 0.973970 1.005019 2.158551 4.137541 0.850077
 0.000184 0.991804 1.003618 2.163889 4.159312 0.589910
 0.000185 1.007925 1.000780 2.169086 4.177790 0.406270
 0.000185 1.020541 0.996639 2.174135 4.191314 0.293506
 0.000186 1.028355 0.991346 2.178958 4.198659 0.239930
 0.000186 1.030455 0.985228 2.183602 4.199286 0.235610
 0.000187 1.026923 0.978553 2.188040 4.193517 0.276875
 0.000187 1.018124 0.972439 2.192268 4.182831 0.362101
 0.000188 1.004705 0.967799 2.196249 4.168753 0.491813
 0.000188 0.988281 0.965607 2.199945 4.153832 0.650925
 0.000189 0.970931 0.965702 2.203435 4.140068 0.817450
 0.000189 0.954889 0.968429 2.206698 4.130016 0.951024
 0.000190 0.942248 0.973682 2.209726 4.125656 1.012103
 0.000190 0.934992 0.980489 2.212559 4.128039 0.978487
 0.000191 0.934294 0.987751 2.215186 4.137231 0.854123
 0.000191 0.939818 0.994356 2.217557 4.151731 0.675119
 0.000192 0.949507 0.999394 2.219719 4.168620 0.493130
 0.000192 0.961908 1.002166 2.221798 4.185872 0.336683
 0.000193 0.974716 1.002040 2.223745 4.200501 0.227339
 0.000193 0.985998 0.998651 2.225304 4.209953 0.168070
 0.000194 0.994453 0.992044 2.226611 4.213107 0.150282
 0.000194 0.999241 0.982714 2.227638 4.209593 0.170169
 0.000195 0.999972 0.971654 2.228407 4.200033 0.230510
 0.000195 0.996797 0.959713 2.228825 4.185336 0.341100
 0.000196 0.990343 0.948766 2.228944 4.168053 0.498777
 0.000196 0.981708 0.940314 2.228762 4.150784 0.686174
 0.000197 0.971976 0.935356 2.228355 4.135686 0.874431
 0.000197 0.962402 0.934431 2.227781 4.124614 1.026983
 0.000198 0.954579 0.937463 2.227057 4.119099 1.107548
 0.000198 0.949563 0.944433 2.226125 4.120121 1.092396
 0.000199 0.948377 0.953965 2.224996 4.127338 0.988317
 0.000199 0.951411 0.964700 2.223685 4.139797 0.820922
 0.000200 0.957923 0.975595 2.222173 4.155691 0.629886
 0.000200 0.966821 0.985422 2.220393 4.172635 0.454068
 0.000201 0.976714 0.993399 2.218479 4.188592 0.314732
 0.000201 0.986499 0.998974 2.216296 4.201769 0.218872
 0.000202 0.994582 1.001653 2.213800 4.210035 0.167599
 0.000202 1.000242 1.001908 2.211043 4.213193 0.149812
 0.000203 1.002694 0.999917 2.208014 4.210626 0.164196
 0.000203 1.001964 0.995519 2.204680 4.202162 0.216277
 0.000204 0.998206 0.989558 2.201159 4.188923 0.312116
 0.000204 0.991907 0.982848 2.197442 4.172197 0.458250
 0.000205 0.984049 0.976396 2.193510 4.153955 0.649530
 0.000205 0.975590 0.971101 2.189319 4.136010 0.870159
 0.000206 0.967760 0.967690 2.184892 4.120342 1.089122
 0.000206 0.961984 0.966782 2.180321 4.109087 1.261576
 0.000207 0.958899 0.968797 2.175629 4.103325 1.354758
 0.000207 0.959089 0.973385 2.170861 4.103335 1.354593
 0.000208 0.961899 0.980302 2.165973 4.108174 1.276123
 0.000208 0.967106 0.988524 2.160826 4.116455 1.147251
 0.000209 0.973641 0.997010 2.155462 4.126113 1.005611
 0.000209 0.980116 1.004276 2.149907 4.134299 0.892878
 0.000210 0.985487 1.009526 2.144214 4.139228 0.828226
 0.000210 0.989107 1.012429 2.138457 4.139993 0.818410
 0.000211 0.990458 1.012045 2.132638 4.135141 0.881662
 0.000211 0.989095 1.008651 2.126767 4.124513 1.028437
 0.000212 0.985113 1.002757 2.120852 4.108722 1.267372
 0.000212 0.979734 0.994992 2.114890 4.089615 1.589834
 0.000213 0.973788 0.986133 2.108873 4.068794 1.982785
 0.000213 0.968207 0.977295 2.102800 4.048302 2.411854
 0.000214 0.964315 0.969185 2.096781 4.030281 2.823880
 0.000214 0.962727 0.963112 2.090835 4.016674 3.156496
 0.000215 0.964167 0.959978 2.084934 4.009079 3.350209
 0.000215 0.968356 0.959896 2.079143 4.007394 3.393974
 0.000216 0.975099 0.961932 2.073481 4.010512 3.313232
 0.000216 0.983611 0.965443 2.067945 4.016999 3.148340
 0.000217 0.992124 0.969597 2.062518 4.024239 2.969297
 0.000217 0.999756 0.973518 2.057147 4.030420 2.820567
 0.000218 1.006010 0.977257 2.051949 4.035216 2.707804
 0.000218 1.010194 0.980568 2.046819 4.037581 2.653057
 0.000219 1.011660 0.983274 2.041785 4.036719 2.672948
 0.000219 1.011099 0.985735 2.036909 4.033743 2.742194
 0.000220 1.008340 0.987579 2.032251 4.028170 2.874278
 0.000220 1.004107 0.989245 2.027775 4.021127 3.045622
 0.000221 0.998663 0.990677 2.023538 4.012878 3.252593
 0.000221 0.992467 0.992075 2.019504 4.004045 3.481780
 0.000222 0.986338 0.993100 2.015782 3.995220 3.718571
 0.000222 0.981241 0.993959 2.012474 3.987674 3.927211
 0.000223 0.977383 0.994789 2.009548 3.981720 4.095827
 0.000223 0.975306 0.995865 2.006925 3.978096 4.200231
 0.000224 0.975724 0.997091 2.004660 3.977475 4.218233
 0.000224 0.978674 0.998826 2.002794 3.980295 4.136731
 0.000225 0.984009 1.001010 2.001290 3.986309 3.965546
 0.000225 0.990806 1.003088 2.000205 3.994099 3.749191
 0.000226 0.998169 1.004853 1.999601 4.002623 3.519408
 0.000226 1.004979 1.005918 1.999465 4.010362 3.317101
 0.000227 1.010342 1.006653 1.999716 4.016711 3.155568
 0.000227 1.013283 1.006946 2.000313 4.020542 3.060062
 0.000228 1.013324 1.006842 2.001230 4.021396 3.038964
 0.000228 1.010317 1.005680 2.002470 4.018468 3.111597
 0.000229 1.004923 1.003626 2.004127 4.012675 3.257774
 0.000229 0.997126 1.001013 2.006162 4.004301 3.475038
 0.000230 0.988195 0.998542 2.008511 3.995248 3.717789
 0.000230 0.979306 0.996360 2.011178 3.986844 3.950492
 0.000231 0.971629 0.994857 2.014133 3.980620 4.127396
 0.000231 0.966102 0.994408 2.017331 3.977841 4.207600
 0.000232 0.963297 0.994512 2.020825 3.978634 4.184631
 0.000232 0.963425 0.995069 2.024549 3.983043 4.058071
 0.000233 0.966505 0.995548 2.028571 3.990624 3.844954
 0.000233 0.972089 0.995618 2.032871 4.000578 3.573882
 0.000234 0.978876 0.994866 2.037443 4.011185 3.295914
 0.000234 0.985981 0.993098 2.042307 4.021385 3.039237
 0.000235 0.992770 0.990374 2.047386 4.030529 2.817982
 0.000235 0.998239 0.986807 2.052713 4.037759 2.648963
 0.000236 1.001709 0.982201 2.058233 4.042143 2.549001
 0.000236 1.002395 0.977006 2.063939 4.043340 2.522059
 0.000237 1.000628 0.971407 2.069809 4.041844 2.555765
 0.000237 0.997290 0.966370 2.075838 4.039498 2.609086
 0.000238 0.993009 0.962902 2.081969 4.037880 2.646164
 0.000238 0.988453 0.960969 2.088189 4.037611 2.652377
 0.000239 0.984108 0.960507 2.094495 4.039110 2.617954
 0.000239 0.980530 0.961747 2.100879 4.043157 2.526179
 0.000240 0.978299 0.964534 2.107322 4.050155 2.371313
 0.000240 0.977317 0.968717 2.113782 4.059816 2.165587
 0.000241 0.977864 0.973402 2.120224 4.071491 1.929442
 0.000241 0.979660 0.977868 2.126658 4.084187 1.688087
 0.000242 0.982130 0.981814 2.133071 4.097015 1.460611
 0.000242 0.984654 0.985628 2.139421 4.109703 1.251805
 0.000243 0.986831 0.988660 2.145624 4.121115 1.077751
 0.000243 0.988472 0.990834 2.151715 4.131021 0.937222
 0.000244 0.989064 0.991955 2.157723 4.138742 0.834496
 0.000244 0.988267 0.992610 2.163659 4.144536 0.761318
 0.000245 0.986166 0.992742 2.169469 4.148377 0.714661
 0.000245 0.982645 0.992185 2.175188 4.150018 0.695175
 0.000246 0.978069 0.990887 2.180853 4.149809 0.697642
 0.000246 0.973152 0.989535 2.186342 4.149029 0.706880
 0.000247 0.968724 0.987756 2.191699 4.148179 0.717027
 0.000247 0.965594 0.985613 2.196841 4.148048 0.718594
 0.000248 0.964145 0.983577 2.201708 4.149430 0.702122
 0.000248 0.964885 0.982365 2.206297 4.153547 0.654191
 0.000249 0.967163 0.981853 2.210650 4.159666 0.586061
 0.000249 0.970371 0.981414 2.214755 4.166540 0.514009
 0.000250 0.974065 0.981351 2.218664 4.174081 0.440395
 0.000250 0.977434 0.981323 2.222407 4.181165 0.376421
 0.000251 0.980004 0.981713 2.225948 4.187664 0.322139
 0.000251 0.981483 0.982720 2.229251 4.193454 0.277341
 0.000252 0.981446 0.983926 2.232350 4.197722 0.246464
 0.000252 0.979381 0.984567 2.235226 4.199174 0.236377
 0.000253 0.975471 0.984089 2.237864 4.197425 0.248556
 0.000253 0.970009 0.982625 2.240281 4.192915 0.281368
 0.000254 0.964063 0.980611 2.242447 4.187121 0.326510
 0.000254 0.958631 0.978063 2.244297 4.180991 0.377925
 0.000255 0.955046 0.975176 2.245915 4.176137 0.421305
 0.000255 0.953663 0.971936 2.247297 4.172896 0.451581
 0.000256 0.954904 0.968907 2.248471 4.172282 0.457432
 0.000256 0.959045 0.966159 2.249404 4.174608 0.435464
 0.000257 0.965319 0.963501 2.250182 4.179002 0.395418
 0.000257 0.973020 0.960646 2.250802 4.184468 0.348304
 0.000258 0.981577 0.958117 2.251207 4.190901 0.296678
 0.000258 0.989508 0.955991 2.251433 4.196931 0.252048
 0.000259 0.995875 0.954084 2.251400 4.201358 0.221597
 0.000259 0.999963 0.952267 2.251088 4.203319 0.208734
 0.000260 1.001217 0.951052 2.250544 4.202812 0.212022
 0.000260 0.999815 0.951190 2.249744 4.200749 0.225669
 0.000261 0.995758 0.953078 2.248706 4.197542 0.247733
 0.000261 0.988998 0.956610 2.247405 4.193013 0.280635
 0.000262 0.980490 0.961643 2.245827 4.187960 0.319767
 0.000262 0.971118 0.968083 2.243988 4.183189 0.359061
 0.000263 0.962168 0.975167 2.241864 4.179199 0.393673
 0.000263 0.954844 0.982176 2.239522 4.176542 0.417595
 0.000264 0.949977 0.988747 2.236968 4.175693 0.425396
 0.000264 0.948439 0.994464 2.234176 4.177078 0.412714
 0.000265 0.950597 0.998571 2.231128 4.180295 0.384003
 0.000265 0.956161 1.000536 2.227927 4.184623 0.347008
 0.000266 0.964253 1.000570 2.224506 4.189330 0.308909
 0.000266 0.973671 0.998460 2.220841 4.192972 0.280941
 0.000267 0.983179 0.994107 2.216946 4.194232 0.271577
 0.000267 0.991541 0.987792 2.212815 4.192148 0.287157
 0.000268 0.997724 0.980481 2.208337 4.186542 0.331211
 0.000268 1.000332 0.973414 2.203517 4.177264 0.411028
 0.000269 0.999143 0.967551 2.198428 4.165122 0.528486
 0.000269 0.994658 0.963737 2.193102 4.151496 0.677853
 0.000270 0.987108 0.962926 2.187572 4.137606 0.849227
 0.000270 0.977494 0.965295 2.181759 4.124548 1.027940
 0.000271 0.966848 0.970228 2.175808 4.112884 1.201982
 0.000271 0.956657 0.977137 2.169733 4.103526 1.351443
 0.000272 0.948606 0.985631 2.163576 4.097813 1.447005
 0.000272 0.943994 0.994696 2.157237 4.095927 1.479276
 0.000273 0.943820 1.003401 2.150746 4.097967 1.444392
 0.000273 0.948461 1.010913 2.144102 4.103475 1.352282
 0.000274 0.957089 1.015991 2.137289 4.110368 1.241299
 0.000274 0.968091 1.017684 2.130360 4.116135 1.152103
 0.000275 0.980187 1.015373 2.123323 4.118883 1.110761
 0.000275 0.991777 1.009058 2.116125 4.116960 1.139610
 0.000276 1.001449 0.998933 2.108845 4.109227 1.259344
 0.000276 1.009003 0.985654 2.101406 4.096063 1.476923
 0.000277 1.013825 0.970503 2.093901 4.078229 1.799341
 0.000277 1.015332 0.954928 2.086370 4.056629 2.232422
 0.000278 1.013739 0.941504 2.078801 4.034044 2.735160
 0.000278 1.009305 0.932601 2.071245 4.013151 3.245640
 0.000279 1.002840 0.930018 2.063756 3.996615 3.680626
 0.000279 0.995290 0.934051 2.056326 3.985667 3.983645
 0.000280 0.988015 0.944851 2.048981 3.981847 4.092207
 0.000280 0.981684 0.960745 2.041780 3.984209 4.024912
 0.000281 0.976495 0.979973 2.034751 3.991218 3.828497
 0.000281 0.973106 1.000670 2.027836 4.001612 3.546300
 0.000282 0.972422 1.019865 2.021087 4.013374 3.239969
 0.000282 0.973995 1.035824 2.014545 4.024363 2.966259
 0.000283 0.977615 1.046947 2.008240 4.032803 2.764269
 0.000283 0.982853 1.052511 2.002208 4.037572 2.653264
 0.000284 0.988421 1.052347 1.996499 4.037267 2.660297
 0.000284 0.994235 1.046429 1.991110 4.031774 2.788515
 0.000285 0.999799 1.035253 1.985985 4.021037 3.047833
 0.000285 1.004204 1.020037 1.981221 4.005462 3.444512
 0.000286 1.006940 1.002764 1.976938 3.986642 3.956170
 0.000286 1.008119 0.984854 1.973130 3.966103 4.554996
 0.000287 1.007319 0.968657 1.969856 3.945832 5.187392
 0.000287 1.004814 0.956595 1.967019 3.928428 5.763120
 0.000288 1.001094 0.950861 1.964667 3.916622 6.170909
 0.000288 0.996394 0.952526 1.962787 3.911706 6.344810
 0.000289 0.991025 0.961040 1.961494 3.913560 6.278940
 0.000289 0.985611 0.975415 1.960734 3.921759 5.991744
 0.000290 0.980948 0.993988 1.960564 3.935499 5.525537
 0.000290 0.977368 1.014509 1.960875 3.952752 4.966896
 0.000291 0.975055 1.034444 1.961648 3.971147 4.404034
 0.000291 0.974410 1.051535 1.962972 3.988917 3.892435
 0.000292 0.975474 1.064382 1.964922 4.004779 3.462460
 0.000292 0.977649 1.071948 1.967454 4.017051 3.147027
 0.000293 0.980726 1.073439 1.970492 4.024657 2.959114
 0.000293 0.983911 1.068430 1.973971 4.026312 2.918982
 0.000294 0.986994 1.057254 1.977946 4.022194 3.019335
 0.000294 0.989906 1.039848 1.982376 4.012130 3.271706
 0.000295 0.992315 1.017257 1.987291 3.996862 3.673914
 0.000295 0.993957 0.991587 1.992607 3.978151 4.198618
 0.000296 0.994956 0.965586 1.998327 3.958868 4.775993
 0.000296 0.995721 0.942895 2.004483 3.943099 5.275782
 0.000297 0.996674 0.926636 2.011029 3.934340 5.564162
 0.000297 0.998134 0.919477 2.017972 3.935584 5.522719
 0.000298 0.999926 0.922456 2.025251 3.947633 5.129540
 0.000298 1.001766 0.934599 2.032795 3.969159 4.463223
 0.000299 1.002906 0.953345 2.040473 3.996724 3.677665
 0.000299 1.003171 0.975605 2.048457 4.027233 2.896783
 0.000300 1.002126 0.998177 2.056592 4.056895 2.226816
 0.000300 0.999791 1.017917 2.064799 4.082507 1.719107
 0.000301 0.996237 1.032389 2.073036 4.101661 1.382282
 0.000301 0.991866 1.040559 2.081289 4.113714 1.189142
 0.000302 0.986376 1.041557 2.089525 4.117458 1.132112
 0.000302 0.980620 1.035582 2.097685 4.113886 1.186490
 0.000303 0.975694 1.023691 2.105823 4.105208 1.323936
 0.000303 0.971950 1.007193 2.113856 4.092999 1.530061
 0.000304 0.969301 0.988340 2.121722 4.079363 1.777897
 0.000304 0.968090 0.968918 2.129580 4.066588 2.026941
 0.000305 0.968669 0.951618 2.137333 4.057620 2.211539
 0.000305 0.970505 0.939319 2.144969 4.054793 2.271395
 0.000306 0.973845 0.934155 2.152585 4.060585 2.149624
 0.000306 0.978324 0.937086 2.160008 4.075418 1.853058
 0.000307 0.982794 0.947490 2.167250 4.097534 1.451754
 0.000307 0.986916 0.963180 2.174248 4.124344 1.030867
 0.000308 0.989247 0.981985 2.181034 4.152266 0.668916
 0.000308 0.989433 1.001111 2.187546 4.178091 0.403565
 0.000309 0.987535 1.018456 2.193753 4.199744 0.232474
 0.000309 0.983270 1.031797 2.199651 4.214718 0.141582
 0.000310 0.977130 1.040045 2.205180 4.222356 0.103855
 0.000310 0.969696 1.042595 2.210360 4.222650 0.102517
 0.000311 0.962080 1.039251 2.215147 4.216478 0.132371
 0.000311 0.954774 1.030323 2.219524 4.204621 0.200411
 0.000312 0.948440 1.016387 2.223521 4.188349 0.316669
 0.000312 0.944314 0.998989 2.227120 4.170423 0.475389
 0.000313 0.943155 0.979497 2.230386 4.153037 0.660029
 0.000313 0.945909 0.960167 2.233292 4.139368 0.826424
 0.000314 0.952256 0.943608 2.235811 4.131676 0.928277
 0.000314 0.961174 0.932642 2.237949 4.131765 0.927058
 0.000315 0.971251 0.928965 2.239828 4.140044 0.817755
 0.000315 0.981828 0.932961 2.241369 4.156158 0.624656
 0.000316 0.991819 0.943791 2.242491 4.178100 0.403478
 0.000316 0.999657 0.958955 2.243209 4.201822 0.218523
 0.000317 1.004658 0.975987 2.243586 4.224230 0.095488
 0.000317 1.006516 0.991515 2.243562 4.241593 0.034684
 0.000318 1.004352 1.003408 2.243193 4.250953 0.014413
 0.000318 0.998431 1.009609 2.242468 4.250507 0.015179
 0.000319 0.989307 1.009328 2.241450 4.240086 0.038768
 0.000319 0.978103 1.002656 2.240085 4.220844 0.110858
 0.000320 0.966242 0.990182 2.238356 4.194780 0.267553
 0.000320 0.955897 0.973835 2.236360 4.166092 0.518557
 0.000321 0.949035 0.955521 2.234063 4.138619 0.836085
 0.000321 0.946704 0.938649 2.231603 4.116956 1.139672
 0.000322 0.949208 0.926622 2.228888 4.104718 1.331917
 0.000322 0.955775 0.921381 2.226054 4.103210 1.356654
 0.000323 0.965971 0.924304 2.223086 4.113361 1.194594
 0.000323 0.978106 0.935395 2.219894 4.133394 0.905013
 0.000324 0.990370 0.952479 2.216537 4.159386 0.589098
 0.000324 1.000577 0.973020 2.213023 4.186620 0.330574
 0.000325 1.007645 0.994363 2.209253 4.211260 0.160579
 0.000325 1.011039 1.013630 2.205293 4.229962 0.072081
 0.000326 1.010157 1.028210 2.201154 4.239521 0.040357
 0.000326 1.004934 1.036922 2.196738 4.238595 0.043032
 0.000327 0.995916 1.039428 2.192080 4.227425 0.082038
 0.000327 0.983766 1.035469 2.187222 4.206457 0.188954
 0.000328 0.970089 1.025947 2.182258 4.178294 0.401740
 0.000328 0.957033 1.012159 2.177204 4.146396 0.738540
 0.000329 0.946420 0.995813 2.172080 4.114312 1.179934
 0.000329 0.939740 0.978671 2.166889 4.085301 1.667689
 0.000330 0.937906 0.963358 2.161748 4.063012 2.099587
 0.000330 0.941737 0.951998 2.156726 4.050460 2.364689
 0.000331 0.950133 0.946137 2.151739 4.048009 2.418286
 0.000331 0.961543 0.946453 2.146821 4.054817 2.270881
 0.000332 0.974467 0.953009 2.141957 4.069434 1.970063
 0.000332 0.987081 0.964214 2.137079 4.088374 1.612033
 0.000333 0.997901 0.978401 2.132124 4.108426 1.272091
 0.000333 1.005957 0.994060 2.127127 4.127145 0.991041
 0.000334 1.010616 1.009152 2.122114 4.141883 0.794405
 0.000334 1.011493 1.021527 2.117162 4.150181 0.693251
 0.000335 1.008680 1.029653 2.112298 4.150631 0.687970
 0.000335 1.002325 1.032630 2.107506 4.142461 0.787131
 0.000336 0.993068 1.029598 2.102867 4.125533 1.013862
 0.000336 0.982134 1.021093 2.098407 4.101633 1.382752
 0.000337 0.971444 1.007544 2.094087 4.073075 1.898445
 0.000337 0.962696 0.990144 2.089942 4.042782 2.534601
 0.000338 0.956943 0.971096 2.085973 4.014011 3.223762
 0.000338 0.955231 0.952354 2.082188 3.989772 3.868616
 0.000339 0.958332 0.937067 2.078627 3.974026 4.319001
 0.000339 0.966251 0.928066 2.075351 3.969668 4.448032
 0.000340 0.977735 0.926767 2.072397 3.976898 4.235001
 0.000340 0.991251 0.933113 2.069748 3.994112 3.748843
 0.000341 1.004957 0.946269 2.067389 4.018615 3.107920
 0.000341 1.016986 0.964213 2.065292 4.046491 2.451774
 0.000342 1.026241 0.984091 2.063466 4.073798 1.884391
 0.000342 1.032011 1.003177 2.061818 4.097006 1.460770
 0.000343 1.033281 1.019131 2.060347 4.112759 1.203919
 0.000343 1.029359 1.030461 2.059048 4.118869 1.110976
 0.000344 1.020295 1.036354 2.057990 4.114639 1.174926
 0.000344 1.007395 1.036308 2.057217 4.100921 1.394621
 0.000345 0.992063 1.030342 2.056681 4.079086 1.783119
 0.000345 0.975477 1.019688 2.056379 4.051544 2.341164
 0.000346 0.960118 1.005742 2.056331 4.022191 3.019405
 0.000346 0.948201 0.990658 2.056446 3.995305 3.716261
 0.000347 0.941762 0.976683 2.056844 3.975289 4.281965
 0.000347 0.941935 0.965661 2.057493 3.965089 4.585673
 0.000348 0.948159 0.958711 2.058423 3.965292 4.579510
 0.000348 0.958997 0.956730 2.059678 3.975406 4.278555
 0.000349 0.973241 0.960239 2.061223 3.994703 3.732672
 0.000349 0.988695 0.968787 2.063023 4.020505 3.060977
 0.000350 1.003409 0.981006 2.065058 4.049473 2.386204
 0.000350 1.015381 0.995212 2.067245 4.077837 1.806782
 0.000351 1.022871 1.009401 2.069606 4.101878 1.378682
 0.000351 1.025379 1.021835 2.072157 4.119370 1.103514
 0.000352 1.022589 1.031009 2.074846 4.128444 0.972836
 0.000352 1.014850 1.035938 2.077668 4.128456 0.972670
 0.000353 1.002690 1.036191 2.080626 4.119507 1.101484
 0.000353 0.987636 1.031894 2.083737 4.103267 1.355705
 0.000354 0.971534 1.023218 2.086969 4.081721 1.733712
 0.000354 0.956907 1.011487 2.090349 4.058744 2.187963
 0.000355 0.945882 0.997844 2.093769 4.037495 2.655038
 0.000355 0.940330 0.983225 2.097297 4.020853 3.052381
 0.000356 0.941110 0.969404 2.101006 4.011521 3.287306
 0.000356 0.948430 0.958198 2.104959 4.011587 3.285606
 0.000357 0.961383 0.951009 2.109050 4.021442 3.037842
 0.000357 0.978024 0.948153 2.113230 4.039408 2.611150
 0.000358 0.996097 0.949580 2.117424 4.063101 2.097758
 0.000358 1.013070 0.954370 2.121656 4.089096 1.599100
 0.000359 1.027193 0.961806 2.125927 4.114926 1.170533
 0.000359 1.036983 0.970445 2.130217 4.137645 0.848727
 0.000360 1.041553 0.978564 2.134384 4.154502 0.643310
 0.000360 1.040041 0.984951 2.138444 4.163436 0.545960
 0.000361 1.032579 0.988400 2.142480 4.163459 0.545716
 0.000361 1.019547 0.988431 2.146400 4.154378 0.644713
 0.000362 1.001953 0.985219 2.150197 4.137369 0.852324
 0.000362 0.982061 0.979676 2.153836 4.115573 1.160646
 0.000363 0.962215 0.973088 2.157364 4.092667 1.535877
 0.000363 0.945182 0.967135 2.160829 4.073146 1.897063
 0.000364 0.933604 0.962802 2.164245 4.060652 2.148227
 0.000364 0.929301 0.960779 2.167557 4.057636 2.211200
 0.000365 0.932884 0.961731 2.170671 4.065286 2.053250
 0.000365 0.943629 0.965703 2.173622 4.082954 1.710828
 0.000366 0.959100 0.972543 2.176386 4.108029 1.278437
 0.000366 0.976486 0.981301 2.178968 4.136755 0.860352
 0.000367 0.993279 0.990852 2.181371 4.165501 0.524592
 0.000367 1.006981 0.999266 2.183563 4.189810 0.305141
 0.000368 1.015897 1.005804 2.185590 4.207290 0.183868
 0.000368 1.019455 1.009410 2.187399 4.216264 0.133473
 0.000369 1.017482 1.009447 2.189022 4.215951 0.135094
 0.000369 1.010061 1.006371 2.190400 4.206832 0.186655
 0.000370 0.997777 1.000034 2.191506 4.189317 0.309007
 0.000370 0.982118 0.992136 2.192353 4.166607 0.513329
 0.000371 0.965133 0.983676 2.192991 4.141799 0.795462
 0.000371 0.948858 0.975729 2.193421 4.118008 1.123846
 0.000372 0.936007 0.969549 2.193657 4.099213 1.423288
 0.000372 0.928754 0.966091 2.193699 4.088544 1.608988
 0.000373 0.928811 0.965565 2.193587 4.087963 1.619421
 0.000373 0.936028 0.968362 2.193351 4.097741 1.448231
 0.000374 0.948731 0.974141 2.193036 4.115908 1.155547
 0.000374 0.965223 0.981906 2.192589 4.139718 0.821926
 0.000375 0.983031 0.990143 2.191937 4.165111 0.528594
 0.000375 0.999885 0.997717 2.191103 4.188706 0.313829
 0.000376 1.013595 1.002971 2.190067 4.206632 0.187877
 0.000376 1.022832 1.005177 2.188867 4.216877 0.130328
 0.000377 1.026864 1.003607 2.187515 4.217985 0.124728
 0.000377 1.025340 0.997801 2.185977 4.209118 0.172951
 0.000378 1.018557 0.988225 2.184284 4.191066 0.295413
 0.000378 1.007780 0.976102 2.182454 4.166336 0.516074
 0.000379 0.994116 0.962735 2.180581 4.137431 0.851508
 0.000379 0.978803 0.949502 2.178619 4.106924 1.296160
 0.000380 0.964108 0.938251 2.176585 4.078943 1.785816
 0.000380 0.952193 0.930675 2.174503 4.057372 2.216749
 0.000381 0.944690 0.928688 2.172437 4.045815 2.466774
 0.000381 0.943220 0.932824 2.170298 4.046343 2.455072
 0.000382 0.948487 0.942661 2.168190 4.059337 2.175567
 0.000382 0.958565 0.956870 2.166084 4.081519 1.737464
 0.000383 0.971595 0.973308 2.163903 4.108806 1.266032
 0.000383 0.985728 0.990055 2.161706 4.137489 0.850753
 0.000384 0.998547 1.004922 2.159423 4.162892 0.551661
 0.000384 1.008261 1.016238 2.157012 4.181511 0.373418
 0.000385 1.013760 1.023461 2.154481 4.191701 0.290548
 0.000385 1.014597 1.025603 2.151800 4.192000 0.288278
 0.000386 1.010476 1.022963 2.148967 4.182405 0.365732
 0.000386 1.002134 1.015577 2.146063 4.163775 0.542429
 0.000387 0.990775 1.004521 2.143096 4.138392 0.839017
 0.000387 0.977958 0.991242 2.140084 4.109285 1.258436
 0.000388 0.965343 0.977483 2.137016 4.079842 1.768875
 0.000388 0.954842 0.965522 2.133940 4.054305 2.281807
 0.000389 0.947880 0.957035 2.130882 4.035796 2.694323
 0.000389 0.945059 0.953377 2.127818 4.026254 2.920396
 0.000390 0.946900 0.955064 2.124765 4.026729 2.908920
 0.000390 0.952954 0.962237 2.121715 4.036906 2.668617
 0.000391 0.962265 0.974053 2.118651 4.054969 2.267643
 0.000391 0.973646 0.988702 2.115549 4.077897 1.805651
 0.000392 0.985449 1.003767 2.112405 4.101621 1.382943
 0.000392 0.995743 1.017584 2.109176 4.122503 1.057464
 0.000393 1.003139 1.029034 2.105867 4.138040 0.843579
 0.000393 1.007212 1.036426 2.102413 4.146052 0.742726
 0.000394 1.007757 1.038833 2.098819 4.145408 0.750589
 0.000394 1.005330 1.036139 2.095092 4.136560 0.862916
 0.000395 1.000400 1.028281 2.091284 4.119965 1.094697
 0.000395 0.993476 1.016200 2.087358 4.097033 1.460300
 0.000396 0.985813 1.001504 2.083451 4.070768 1.943668
 0.000396 0.978801 0.985258 2.079515 4.043573 2.516827
 0.000397 0.973277 0.968833 2.075572 4.017681 3.131254
 0.000397 0.969982 0.954582 2.071668 3.996232 3.691007
 0.000398 0.969233 0.944010 2.067867 3.981110 4.113309
 0.000398 0.971939 0.938698 2.064197 3.974834 4.295308
 0.000399 0.977428 0.939155 2.060586 3.977170 4.227108
 0.000399 0.984922 0.945233 2.057125 3.987279 3.938275
 0.000400 0.993535 0.955483 2.053804 4.002822 3.514127
 0.000400 1.002250 0.968822 2.050595 4.021666 3.032316
 0.000401 1.009504 0.983457 2.047471 4.040432 2.587786
 0.000401 1.014884 0.997464 2.044587 4.056934 2.225991
 0.000402 1.017703 1.008774 2.041908 4.068385 1.990922
 0.000402 1.017168 1.016097 2.039367 4.072632 1.907087
 0.000403 1.013432 1.018722 2.036965 4.069119 1.976320
 0.000403 1.006295 1.016452 2.034741 4.057488 2.214317
 0.000404 0.996726 1.010005 2.032568 4.039299 2.613631
 0.000404 0.986068 1.000353 2.030635 4.017056 3.146913
 0.000405 0.975547 0.988875 2.028923 3.993345 3.769883
 0.000405 0.966854 0.977192 2.027389 3.971435 4.395482
 0.000406 0.961177 0.967430 2.026053 3.954660 4.906947
 0.000406 0.959819 0.961219 2.024960 3.945998 5.182059
 0.000407 0.963000 0.960331 2.024168 3.947500 5.133812
 0.000407 0.969652 0.964225 2.023736 3.957614 4.814846
 0.000408 0.978504 0.972449 2.023640 3.974592 4.302386
 0.000408 0.988131 0.984084 2.023836 3.996051 3.695934
 0.000409 0.996830 0.997510 2.024296 4.018636 3.107390
 0.000409 1.003103 1.010939 2.024967 4.039009 2.620269
 0.000410 1.006484 1.022803 2.025899 4.055186 2.263016
 0.000410 1.006556 1.032202 2.027035 4.065793 2.042992
 0.000411 1.003017 1.037890 2.028398 4.069305 1.972618
 0.000411 0.996883 1.039705 2.029995 4.066584 2.027037
 0.000412 0.988725 1.037482 2.031811 4.058018 2.203166
 0.000412 0.979826 1.031456 2.033876 4.045158 2.481393
 0.000413 0.971863 1.022236 2.036186 4.030285 2.823788
 0.000413 0.966060 1.010717 2.038852 4.015630 3.182795
 0.000414 0.963021 0.998060 2.041814 4.002895 3.512200
 0.000414 0.963528 0.985606 2.045163 3.994297 3.743782
 0.000415 0.967813 0.974939 2.048815 3.991568 3.818832
 0.000415 0.975681 0.967606 2.052714 3.996001 3.697307
 0.000416 0.985648 0.964261 2.056805 4.006713 3.411740
 0.000416 0.996642 0.964529 2.061097 4.022268 3.017508
 0.000417 1.006499 0.967853 2.065677 4.040029 2.596970
 0.000417 1.014352 0.973852 2.070513 4.058717 2.188522
 0.000418 1.019354 0.981236 2.075516 4.076106 1.839849
 0.000418 1.020787 0.988715 2.080552 4.090054 1.582017
 0.000419 1.018381 0.994947 2.085599 4.098928 1.428105
 0.000419 1.012618 0.998440 2.090561 4.101619 1.382991
 0.000420 1.004051 0.998673 2.095530 4.098254 1.439514
 0.000420 0.993092 0.995443 2.100509 4.089044 1.600028
 0.000421 0.980984 0.989330 2.105416 4.075730 1.847059
 0.000421 0.969264 0.980762 2.110309 4.060334 2.154818
 0.000422 0.959704 0.970963 2.115234 4.045900 2.464879
 0.000422 0.953435 0.961138 2.120223 4.034796 2.717593
 0.000423 0.951876 0.952880 2.125252 4.030008 2.830380
 0.000423 0.955050 0.947649 2.130213 4.032912 2.761694
 0.000424 0.962345 0.946487 2.135065 4.043898 2.509547
 0.000424 0.972382 0.949401 2.139824 4.061607 2.128474
 0.000425 0.984094 0.956391 2.144550 4.085035 1.672545
 0.000425 0.996029 0.966478 2.149206 4.111714 1.220191
 0.000426 1.006156 0.978165 2.153665 4.137986 0.844288
 0.000426 1.012452 0.989803 2.157969 4.160225 0.580032
 0.000427 1.013336 1.000005 2.162025 4.175366 0.428412
 0.000427 1.009077 1.007850 2.165898 4.182826 0.362146
 0.000428 0.999991 1.012665 2.169587 4.182243 0.367123
 0.000428 0.986559 1.014015 2.173076 4.173650 0.444446
 0.000429 0.971230 1.011486 2.176473 4.159189 0.591236
 0.000429 0.956111 1.005342 2.179621 4.141075 0.804621
 0.000430 0.943219 0.996955 2.182422 4.122595 1.056126
 0.000430 0.934545 0.987463 2.185010 4.107018 1.294651
 0.000431 0.932082 0.978101 2.187394 4.097578 1.451013
 0.000431 0.936693 0.970104 2.189613 4.096410 1.470968
 0.000432 0.947247 0.964401 2.191606 4.103253 1.355935
 0.000432 0.961785 0.961863 2.193375 4.117023 1.138666
 0.000433 0.978116 0.962435 2.194933 4.135484 0.877109
 0.000433 0.994203 0.966099 2.196313 4.156615 0.619562
 0.000434 1.008226 0.972303 2.197512 4.178042 0.404006
 0.000434 1.018383 0.979728 2.198491 4.196602 0.254389
 0.000435 1.023536 0.987230 2.199221 4.209987 0.167876
 0.000435 1.022917 0.993873 2.199748 4.216537 0.132065
 0.000436 1.016563 0.998764 2.200090 4.215417 0.137887
 0.000436 1.005470 1.001189 2.200265 4.206924 0.186092
 0.000437 0.990540 1.001008 2.200187 4.191736 0.290287
 0.000437 0.973491 0.998079 2.199925 4.171495 0.464993
 0.000438 0.956652 0.992630 2.199527 4.148809 0.709506
 0.000438 0.942400 0.985366 2.198971 4.126737 0.996782
 0.000439 0.933565 0.976332 2.198261 4.108159 1.276354
 0.000439 0.931989 0.966457 2.197345 4.095790 1.481627
 0.000440 0.937994 0.957030 2.196310 4.091334 1.559331
 0.000440 0.950151 0.949256 2.195196 4.094603 1.502123
 0.000441 0.966696 0.943924 2.193904 4.104523 1.335105
 0.000441 0.985650 0.942073 2.192435 4.120158 1.091849
 0.000442 1.004198 0.943869 2.190805 4.138872 0.832812
 0.000442 1.019571 0.948912 2.189013 4.157496 0.609799
 0.000443 1.030079 0.956120 2.187109 4.173308 0.447678
 0.000443 1.034684 0.964783 2.185021 4.184488 0.348139
 0.000444 1.033004 0.973876 2.182816 4.189696 0.306033
 0.000444 1.024638 0.982365 2.180464 4.187467 0.323724
 0.000445 1.010000 0.989166 2.178046 4.177212 0.411496
 0.000445 0.990999 0.993790 2.175514 4.160303 0.579187
 0.000446 0.969284 0.996390 2.172921 4.138595 0.836392
 0.000446 0.947839 0.997059 2.170248 4.115146 1.167168
 0.000447 0.929717 0.995983 2.167542 4.093242 1.525814
 0.000447 0.918788 0.993787 2.164783 4.077358 1.815904
 0.000448 0.917198 0.991165 2.162020 4.070383 1.951264
 0.000448 0.925384 0.988348 2.159260 4.072992 1.900055
 0.000449 0.941691 0.985528 2.156569 4.083788 1.695435
 0.000449 0.962993 0.982993 2.153776 4.099762 1.414041
 0.000450 0.985791 0.981221 2.151066 4.118078 1.122799
 0.000450 1.007369 0.980327 2.148284 4.135980 0.870552
 0.000451 1.025039 0.980402 2.145373 4.150813 0.685827
 0.000451 1.036796 0.981344 2.142386 4.160526 0.576793
 0.000452 1.041710 0.982824 2.139323 4.163857 0.541573
 0.000452 1.039093 0.984641 2.136227 4.159961 0.582880
 0.000453 1.029450 0.986784 2.133151 4.149386 0.702652
 0.000453 1.013853 0.988918 2.130068 4.132839 0.912488
 0.000454 0.994127 0.991166 2.126864 4.112157 1.213270
 0.000454 0.972966 0.993167 2.123729 4.089863 1.585415
 0.000455 0.953000 0.995272 2.120679 4.068950 1.979664
 0.000455 0.937658 0.997151 2.117699 4.052508 2.320357
 0.000456 0.929555 0.998562 2.114824 4.042940 2.531039
 0.000456 0.929826 0.999363 2.112048 4.041238 2.569495
 0.000457 0.938748 0.999388 2.109301 4.047437 2.430878
 0.000457 0.954606 0.998085 2.106592 4.059284 2.176682
 0.000458 0.974547 0.995219 2.104059 4.073825 1.883851
 0.000458 0.995663 0.990382 2.101671 4.087715 1.623882
 0.000459 1.015616 0.983828 2.099351 4.098795 1.430342
 0.000459 1.031937 0.976005 2.097147 4.105088 1.325886
 0.000460 1.043324 0.967490 2.095068 4.105882 1.312987
 0.000460 1.049306 0.959220 2.093197 4.101723 1.381253
 0.000461 1.049085 0.952631 2.091409 4.093126 1.527842
 0.000461 1.042424 0.948913 2.089717 4.081055 1.746138
 0.000462 1.030058 0.948496 2.088165 4.066719 2.024310
 0.000462 1.012988 0.951621 2.086811 4.051420 2.343842
 0.000463 0.992887 0.958083 2.085655 4.036625 2.675135
 0.000463 0.971861 0.967236 2.084633 4.023730 2.981710
 0.000464 0.952455 0.978047 2.083790 4.014293 3.216622
 0.000464 0.936989 0.989011 2.083096 4.009097 3.349754
 0.000465 0.927770 0.999135 2.082604 4.009509 3.339099
 0.000465 0.926818 1.007881 2.082334 4.017033 3.147484
 0.000466 0.934307 1.014515 2.082229 4.031051 2.805615
 0.000466 0.948663 1.018553 2.082286 4.049503 2.385551
 0.000467 0.967268 1.019183 2.082558 4.069009 1.978490
 0.000467 0.987321 1.015998 2.083059 4.086378 1.648071
 0.000468 1.006254 1.009812 2.083691 4.099758 1.414116
 0.000468 1.021702 1.000922 2.084387 4.107010 1.294772
 0.000469 1.031831 0.990334 2.085030 4.107195 1.291798
 0.000469 1.036011 0.979527 2.085710 4.101249 1.389151
 0.000470 1.033913 0.970208 2.086501 4.090622 1.571922
 0.000470 1.025622 0.963431 2.087310 4.076362 1.834926
 0.000471 1.012159 0.960204 2.088256 4.060620 2.148901
 0.000471 0.995206 0.961205 2.089406 4.045817 2.466728
 0.000472 0.976587 0.966416 2.090614 4.033617 2.745164
 0.000472 0.959180 0.975313 2.091984 4.026477 2.914997
 0.000473 0.945625 0.986907 2.093535 4.026067 2.924922
 0.000473 0.937674 1.000059 2.095350 4.033083 2.757688
 0.000474 0.936900 1.012992 2.097344 4.047235 2.435327
 0.000474 0.943351 1.024173 2.099482 4.067006 2.018552
 0.000475 0.955715 1.032262 2.101763 4.089740 1.587603
 0.000475 0.971529 1.036012 2.104127 4.111668 1.220901
 0.000476 0.988918 1.034423 2.106551 4.129892 0.952739
 0.000476 1.005568 1.027674 2.109096 4.142338 0.788679
 0.000477 1.019355 1.015692 2.111760 4.146807 0.733556
 0.000477 1.028963 0.999355 2.114484 4.142802 0.782861
 0.000478 1.033817 0.980726 2.117313 4.131856 0.925824
 0.000478 1.033634 0.961658 2.120169 4.115461 1.162354
 0.000479 1.028270 0.944575 2.123075 4.095920 1.479382
 0.000479 1.018131 0.931739 2.126079 4.075950 1.842845
 0.000480 1.004398 0.925373 2.129166 4.058938 2.183908
 0.000480 0.988835 0.926737 2.132315 4.047887 2.420980
 0.000481 0.973234 0.935114 2.135558 4.043906 2.509368
 0.000481 0.959022 0.948568 2.138895 4.046485 2.451927
 0.000482 0.948357 0.965087 2.142327 4.055771 2.250586
 0.000482 0.942622 0.982318 2.145872 4.070812 1.942793
 0.000483 0.942552 0.998058 2.149472 4.090081 1.581532
 0.000483 0.947855 1.010798 2.153159 4.111812 1.218656
 0.000484 0.957270 1.019581 2.156951 4.133802 0.899532
 0.000484 0.969274 1.022973 2.160751 4.152999 0.660472
 0.000485 0.981920 1.020708 2.164551 4.167179 0.507544
 0.000485 0.992787 1.013414 2.168329 4.174529 0.436193
 0.000486 0.999968 1.001869 2.172062 4.173899 0.442099
 0.000486 1.002961 0.987044 2.175700 4.165705 0.522509
 0.000487 1.001921 0.971258 2.179250 4.152429 0.667033
 0.000487 0.996771 0.956758 2.182787 4.136316 0.866129
 0.000488 0.988166 0.946020 2.186279 4.120465 1.087310
 0.000488 0.977512 0.940034 2.189796 4.107341 1.289452
 0.000489 0.966401 0.940038 2.193231 4.099671 1.415572
 0.000489 0.956367 0.946498 2.196613 4.099477 1.418832
 0.000490 0.948861 0.958560 2.199847 4.107268 1.290632
 0.000490 0.945354 0.974446 2.202961 4.122761 1.053714
 0.000491 0.946032 0.991997 2.205959 4.143988 0.768094
 0.000491 0.950864 1.009062 2.208761 4.168687 0.492473
 0.000492 0.959080 1.023685 2.211380 4.194145 0.272217
 0.000492 0.969424 1.034177 2.213796 4.217397 0.127682
 0.000493 0.980333 1.039216 2.216103 4.235652 0.052098
 0.000493 0.989743 1.038081 2.218234 4.246058 0.023921
 0.000494 0.996381 1.030732 2.220257 4.247370 0.021139
 0.000494 0.999769 1.017678 2.222110 4.239557 0.040254
 0.000495 0.999589 1.000549 2.223749 4.223887 0.096995
 0.000495 0.996297 0.981143 2.225201 4.202641 0.213141
 0.000496 0.990415 0.962056 2.226502 4.178973 0.395674
 0.000496 0.983063 0.945486 2.227618 4.156166 0.624569
 0.000497 0.975502 0.933719 2.228673 4.137893 0.845494
 0.000497 0.968785 0.928885 2.229640 4.127311 0.988703
 0.000498 0.963837 0.931703 2.230483 4.126023 1.006892
 0.000498 0.961114 0.941326 2.231287 4.133727 0.900535
 0.000499 0.960909 0.955749 2.231902 4.148559 0.712478
 0.000499 0.962884 0.972276 2.232415 4.167575 0.503568
 0.000500 0.966705 0.988129 2.232755 4.187588 0.322749
