#! FIELDS time dAB dAC rc bias
 0.000000 3.194487 2.900627 6.095114 2.033455
 0.000000 3.194706 2.877464 6.072170 1.597067
 0.000001 3.194504 2.852149 6.046653 1.173592
 0.000001 3.194253 2.825575 6.019828 0.798592
 0.000002 3.194264 2.798604 5.992867 0.494206
 0.000002 3.195037 2.771797 5.966834 0.269270
 0.000003 3.196830 2.745294 5.942124 0.118467
 0.000003 3.199862 2.719774 5.919636 0.034289
 0.000004 3.204123 2.695663 5.899786 0.002009
 0.000004 3.209818 2.672955 5.882773 0.005698
 0.000005 3.216980 2.651670 5.868650 0.030747
 0.000005 3.225604 2.632401 5.858005 0.062812
 0.000006 3.235430 2.615302 5.850731 0.091238
 0.000006 3.246314 2.600118 5.846432 0.110525
 0.000007 3.258175 2.586651 5.844826 0.118206
 0.000007 3.270635 2.575492 5.846127 0.111965
 0.000008 3.283346 2.566960 5.850306 0.093062
 0.000008 3.296035 2.560818 5.856853 0.066959
 0.000009 3.308176 2.556591 5.864767 0.041131
 0.000009 3.319307 2.554299 5.873607 0.019684
 0.000010 3.329296 2.553558 5.882855 0.005611
 0.000010 3.338180 2.553719 5.891899 0.000120
 0.000011 3.346039 2.553981 5.900020 0.002159
 0.000011 3.352961 2.553543 5.906505 0.008523
 0.000012 3.358996 2.552250 5.911246 0.015837
 0.000012 3.364177 2.549838 5.914015 0.021149
 0.000013 3.368618 2.546394 5.915012 0.023250
 0.000013 3.372167 2.542020 5.914187 0.021505
 0.000014 3.374867 2.537475 5.912342 0.017848
 0.000014 3.376622 2.533909 5.910531 0.014591
 0.000015 3.377567 2.531146 5.908713 0.011651
 0.000015 3.377771 2.529770 5.907541 0.009931
 0.000016 3.377498 2.529644 5.907142 0.009376
 0.000016 3.376789 2.530332 5.907122 0.009348
 0.000017 3.375727 2.532256 5.907982 0.010562
 0.000017 3.374343 2.535703 5.910045 0.013773
 0.000018 3.372629 2.540370 5.912999 0.019111
 0.000018 3.370599 2.545825 5.916424 0.026395
 0.000019 3.368230 2.552070 5.920300 0.036050
 0.000019 3.365642 2.558720 5.924362 0.047782
 0.000020 3.363189 2.565491 5.928680 0.062062
 0.000020 3.361236 2.571489 5.932726 0.077136
 0.000021 3.360168 2.576225 5.936393 0.092213
 0.000021 3.360485 2.579024 5.939509 0.106078
 0.000022 3.362461 2.579866 5.942327 0.119455
 0.000022 3.366146 2.579314 5.945460 0.135262
 0.000023 3.371709 2.578243 5.949952 0.159632
 0.000023 3.378943 2.577616 5.956559 0.199147
 0.000024 3.387666 2.578045 5.965711 0.261094
 0.000024 3.397914 2.579803 5.977717 0.355061
 0.000025 3.409431 2.582870 5.992300 0.488587
 0.000025 3.421976 2.587184 6.009160 0.669457
 0.000026 3.435474 2.592751 6.028226 0.908250
 0.000026 3.449623 2.599322 6.048945 1.208966
 0.000027 3.464075 2.606969 6.071045 1.577024
 0.000027 3.478378 2.614948 6.093326 1.997562
 0.000028 3.492064 2.623280 6.115344 2.461879
 0.000028 3.504750 2.630999 6.135749 2.935489
 0.000029 3.516151 2.637032 6.153183 3.373097
 0.000029 3.526202 2.640898 6.167100 3.744260
 0.000030 3.534867 2.641356 6.176223 3.998080
 0.000030 3.542356 2.637578 6.179934 4.103710
 0.000031 3.548620 2.628740 6.177360 4.030294
 0.000031 3.553703 2.614611 6.168314 3.777561
 0.000032 3.557826 2.595895 6.153722 3.387110
 0.000032 3.561053 2.574343 6.135396 2.926935
 0.000033 3.563247 2.551807 6.115053 2.455441
 0.000033 3.564398 2.529957 6.094355 2.018175
 0.000034 3.564484 2.510531 6.075015 1.648332
 0.000034 3.563487 2.494441 6.057929 1.352688
 0.000035 3.561646 2.482997 6.044643 1.142990
 0.000035 3.559014 2.476553 6.035568 1.009894
 0.000036 3.555674 2.475940 6.031614 0.954490
 0.000036 3.551687 2.480922 6.032609 0.968284
 0.000037 3.546958 2.491314 6.038272 1.048700
 0.000037 3.541487 2.506865 6.048352 1.199763
 0.000038 3.535251 2.526150 6.061400 1.410397
 0.000038 3.528381 2.548152 6.076532 1.675987
 0.000039 3.521173 2.571464 6.092637 1.983809
 0.000039 3.514101 2.594066 6.108167 2.305201
 0.000040 3.507384 2.614159 6.121543 2.601364
 0.000040 3.501487 2.629942 6.131429 2.831745
 0.000041 3.496598 2.640621 6.137219 2.971212
 0.000041 3.492896 2.647065 6.139961 3.038424
 0.000042 3.490454 2.649946 6.140400 3.049256
 0.000042 3.489126 2.651326 6.140451 3.050529
 0.000043 3.488528 2.652030 6.140557 3.053148
 0.000043 3.488605 2.653128 6.141732 3.082251
 0.000044 3.489202 2.654992 6.144194 3.143671
 0.000044 3.490151 2.657591 6.147742 3.233259
 0.000045 3.491213 2.660879 6.152093 3.344847
 0.000045 3.492088 2.664661 6.156749 3.466354
 0.000046 3.492367 2.668516 6.160883 3.576053
 0.000046 3.491758 2.672163 6.163921 3.657786
 0.000047 3.490160 2.675235 6.165395 3.697760
 0.000047 3.487126 2.676988 6.164114 3.662992
 0.000048 3.482601 2.676996 6.159597 3.541749
 0.000048 3.476944 2.673991 6.150935 3.314958
 0.000049 3.470430 2.666768 6.137198 2.970700
 0.000049 3.463318 2.654184 6.117502 2.510006
 0.000050 3.455914 2.635199 6.091113 1.953568
 0.000050 3.448317 2.609515 6.057832 1.351094
 0.000051 3.440588 2.578332 6.018920 0.787154
 0.000051 3.432681 2.543950 5.976631 0.345966
 0.000052 3.424664 2.508753 5.933417 0.079875
 0.000052 3.416563 2.474866 5.891429 0.000204
 0.000053 3.408332 2.444074 5.852406 0.084222
 0.000053 3.400010 2.417904 5.817914 0.285273
 0.000054 3.391819 2.397771 5.789590 0.539329
 0.000054 3.383911 2.384046 5.767957 0.787404
 0.000055 3.376281 2.377068 5.753349 0.981396
 0.000055 3.369065 2.376916 5.745981 1.087330
 0.000056 3.362043 2.383310 5.745352 1.096620
 0.000056 3.355377 2.395871 5.751249 1.011037
 0.000057 3.349153 2.413386 5.762539 0.856859
 0.000057 3.343419 2.434213 5.777632 0.670673
 0.000058 3.338494 2.456105 5.794599 0.488555
 0.000058 3.334736 2.476157 5.810893 0.340766
 0.000059 3.332423 2.491455 5.823878 0.242000
 0.000059 3.331942 2.500831 5.832773 0.184077
 0.000060 3.333336 2.503896 5.837232 0.158012
 0.000060 3.336570 2.501415 5.837985 0.153810
 0.000061 3.341386 2.495889 5.837276 0.157769
 0.000061 3.347645 2.489599 5.837244 0.157948
 0.000062 3.354931 2.484211 5.839143 0.147455
 0.000062 3.362973 2.480513 5.843486 0.124811
 0.000063 3.371699 2.478979 5.850678 0.091464
 0.000063 3.380829 2.480015 5.860844 0.053152
 0.000064 3.390215 2.483732 5.873946 0.019017
 0.000064 3.399663 2.489746 5.889409 0.000816
 0.000065 3.408842 2.497979 5.906821 0.008942
 0.000065 3.417491 2.508459 5.925949 0.052816
 0.000066 3.425324 2.520518 5.945841 0.137251
 0.000066 3.431953 2.533779 5.965732 0.261248
 0.000067 3.437306 2.547351 5.984657 0.415947
 0.000067 3.441479 2.560476 6.001955 0.588683
 0.000068 3.444656 2.572353 6.017009 0.763364
 0.000068 3.447056 2.580983 6.028039 0.905738
 0.000069 3.449064 2.585315 6.034379 0.993068
 0.000069 3.450764 2.585044 6.035808 1.013312
 0.000070 3.452387 2.581067 6.033454 0.980087
 0.000070 3.454041 2.575213 6.029254 0.922161
 0.000071 3.455652 2.569084 6.024736 0.861828
 0.000071 3.457281 2.563943 6.021224 0.816333
 0.000072 3.458788 2.560404 6.019192 0.790576
 0.000072 3.460229 2.559012 6.019241 0.791186
 0.000073 3.461651 2.559653 6.021304 0.817349
 0.000073 3.463008 2.562331 6.025339 0.869761
 0.000074 3.464346 2.566847 6.031193 0.948681
 0.000074 3.465572 2.573092 6.038664 1.054375
 0.000075 3.466631 2.580523 6.047154 1.181269
 0.000075 3.467446 2.588978 6.056424 1.328051
 0.000076 3.468111 2.598466 6.066578 1.498691
 0.000076 3.468866 2.608456 6.077322 1.690472
 0.000077 3.469725 2.618185 6.087910 1.890776
 0.000077 3.470894 2.626376 6.097270 2.077166
 0.000078 3.472697 2.631837 6.104534 2.227855
 0.000078 3.475170 2.633498 6.108668 2.315986
 0.000079 3.478501 2.630979 6.109480 2.333488
 0.000079 3.482712 2.624597 6.107308 2.286804
 0.000080 3.487340 2.616048 6.103388 2.203743
 0.000080 3.492105 2.606325 6.098429 2.100864
 0.000081 3.496760 2.596573 6.093333 1.997705
 0.000081 3.501203 2.586983 6.088186 1.896131
 0.000082 3.505245 2.577812 6.083057 1.797573
 0.000082 3.508551 2.569793 6.078344 1.709316
 0.000083 3.510815 2.562788 6.073603 1.622783
 0.000083 3.511749 2.556657 6.068406 1.530513
 0.000084 3.511246 2.551540 6.062786 1.433760
 0.000084 3.509134 2.547881 6.057015 1.337704
 0.000085 3.505284 2.545667 6.050951 1.240357
 0.000085 3.499799 2.544762 6.044560 1.141744
 0.000086 3.492680 2.545053 6.037732 1.040895
 0.000086 3.484162 2.545658 6.029820 0.929863
 0.000087 3.474618 2.545628 6.020246 0.803884
 0.000087 3.464313 2.543924 6.008237 0.658824
 0.000088 3.453626 2.539871 5.993497 0.500486
 0.000088 3.442651 2.533044 5.975695 0.338226
 0.000089 3.431649 2.524713 5.956362 0.197907
 0.000089 3.420954 2.516405 5.937359 0.096409
 0.000090 3.410585 2.509777 5.920361 0.036216
 0.000090 3.400443 2.505608 5.906051 0.007942
 0.000091 3.390446 2.503971 5.894416 0.000047
 0.000091 3.380918 2.504615 5.885533 0.003133
 0.000092 3.371857 2.507552 5.879409 0.009856
 0.000092 3.363296 2.512538 5.875833 0.015514
 0.000093 3.355262 2.519453 5.874715 0.017547
 0.000093 3.347705 2.528577 5.876282 0.014733
 0.000094 3.340854 2.539480 5.880334 0.008599
 0.000094 3.334632 2.551786 5.886419 0.002471
 0.000095 3.329110 2.565456 5.894566 0.000063
 0.000095 3.324471 2.579840 5.904311 0.005900
 0.000096 3.320847 2.594484 5.915331 0.023943
 0.000096 3.318407 2.608216 5.926623 0.055028
 0.000097 3.317470 2.620076 5.937546 0.097231
 0.000097 3.318072 2.628696 5.946769 0.142153
 0.000098 3.320022 2.634197 5.954220 0.184659
 0.000098 3.323069 2.636854 5.959923 0.220942
 0.000099 3.327067 2.637200 5.964267 0.250767
 0.000099 3.331777 2.636071 5.967848 0.276766
 0.000100 3.336739 2.633381 5.970121 0.293933
 0.000100 3.341687 2.629318 5.971005 0.300750
 0.000101 3.346273 2.624239 5.970512 0.296939
 0.000101 3.350277 2.617907 5.968184 0.279271
 0.000102 3.353399 2.610574 5.963973 0.248687
 0.000102 3.355543 2.602626 5.958168 0.209434
 0.000103 3.356787 2.594540 5.951327 0.167496
 0.000103 3.356933 2.587102 5.944035 0.127951
 0.000104 3.355938 2.580915 5.936852 0.094196
 0.000104 3.353876 2.576109 5.929985 0.066746
 0.000105 3.350618 2.572777 5.923395 0.044840
 0.000105 3.346286 2.570556 5.916842 0.027364
 0.000106 3.341329 2.568654 5.909983 0.013670
 0.000106 3.336042 2.565694 5.901736 0.003434
 0.000107 3.330691 2.560879 5.891569 0.000177
 0.000107 3.325448 2.554304 5.879752 0.009379
 0.000108 3.320393 2.546671 5.867064 0.034805
 0.000108 3.315667 2.539894 5.855562 0.071770
 0.000109 3.311162 2.535976 5.847138 0.107232
 0.000109 3.306714 2.536080 5.842794 0.128293
 0.000110 3.302344 2.540663 5.843007 0.127217
 0.000110 3.298005 2.550158 5.848163 0.102539
 0.000111 3.293815 2.564401 5.858217 0.062064
 0.000111 3.289748 2.582746 5.872494 0.021955
 0.000112 3.285995 2.604952 5.890948 0.000313
 0.000112 3.282665 2.630475 5.913140 0.019388
 0.000113 3.279601 2.658351 5.937952 0.099028
 0.000113 3.277149 2.687736 5.964884 0.255156
 0.000114 3.275241 2.718072 5.993313 0.498650
 0.000114 3.273931 2.748237 6.022168 0.828438
 0.000115 3.273384 2.776825 6.050209 1.228704
 0.000115 3.273751 2.802556 6.076307 1.671862
 0.000116 3.274947 2.824501 6.099448 2.121801
 0.000116 3.277085 2.841243 6.118328 2.528536
 0.000117 3.280094 2.852527 6.132621 2.860178
 0.000117 3.283739 2.858361 6.142100 3.091388
 0.000118 3.287900 2.859635 6.147535 3.228001
 0.000118 3.292203 2.856469 6.148672 3.256951
 0.000119 3.296210 2.849276 6.145486 3.176161
 0.000119 3.299590 2.838498 6.138089 2.992448
 0.000120 3.302293 2.824481 6.126774 2.722040
 0.000120 3.304031 2.807426 6.111457 2.376398
 0.000121 3.304645 2.788159 6.092804 1.987137
 0.000121 3.304028 2.766956 6.070984 1.575940
 0.000122 3.302304 2.744477 6.046781 1.175549
 0.000122 3.299534 2.721328 6.020863 0.811721
 0.000123 3.295802 2.698689 5.994491 0.510478
 0.000123 3.291279 2.677242 5.968521 0.281799
 0.000124 3.286170 2.657495 5.943665 0.126084
 0.000124 3.280708 2.639672 5.920380 0.036266
 0.000125 3.275266 2.622670 5.897936 0.001007
 0.000125 3.270090 2.605785 5.875875 0.015440
 0.000126 3.265432 2.588727 5.854159 0.077184
 0.000126 3.261429 2.571475 5.832904 0.183281
 0.000127 3.258126 2.554603 5.812730 0.325776
 0.000127 3.255359 2.539694 5.795053 0.484081
 0.000128 3.252987 2.528278 5.781265 0.629249
 0.000128 3.251007 2.521081 5.772088 0.736412
 0.000129 3.249291 2.519091 5.768382 0.782073
 0.000129 3.247779 2.522640 5.770418 0.756819
 0.000130 3.246459 2.531787 5.778246 0.663582
 0.000130 3.245356 2.545742 5.791098 0.523777
 0.000131 3.244447 2.564057 5.808504 0.360778
 0.000131 3.243841 2.586147 5.829988 0.201360
 0.000132 3.243623 2.611066 5.854689 0.075114
 0.000132 3.243802 2.637617 5.881419 0.007236
 0.000133 3.244419 2.664652 5.909071 0.012204
 0.000133 3.245571 2.690805 5.936376 0.092139
 0.000134 3.247374 2.714780 5.962154 0.236024
 0.000134 3.249755 2.735568 5.985324 0.422053
 0.000135 3.252614 2.752020 6.004634 0.618118
 0.000135 3.255810 2.763409 6.019220 0.790921
 0.000136 3.259285 2.769790 6.029075 0.919729
 0.000136 3.262610 2.771038 6.033648 0.982797
 0.000137 3.265718 2.767424 6.033143 0.975724
 0.000137 3.268453 2.759878 6.028331 0.909666
 0.000138 3.270589 2.748715 6.019304 0.791985
 0.000138 3.271853 2.734676 6.006529 0.639363
 0.000139 3.272235 2.718381 5.990616 0.472080
 0.000139 3.271675 2.700650 5.972324 0.311071
 0.000140 3.270290 2.682423 5.952713 0.175613
 0.000140 3.268066 2.664155 5.932222 0.075170
 0.000141 3.265049 2.646777 5.911826 0.016887
 0.000141 3.261409 2.631301 5.892710 0.000027
 0.000142 3.257370 2.617710 5.875079 0.016871
 0.000142 3.253151 2.606498 5.859649 0.057120
 0.000143 3.248933 2.598103 5.847036 0.107703
 0.000143 3.244863 2.592100 5.836963 0.159528
 0.000144 3.241212 2.588576 5.829787 0.202635
 0.000144 3.238174 2.586855 5.825029 0.234062
 0.000145 3.235822 2.586494 5.822316 0.252989
 0.000145 3.234148 2.587551 5.821699 0.257397
 0.000146 3.233148 2.590318 5.823466 0.244878
 0.000146 3.232487 2.595816 5.828302 0.212199
 0.000147 3.232169 2.605082 5.837250 0.157911
 0.000147 3.232126 2.618104 5.850230 0.093392
 0.000148 3.232252 2.634920 5.867172 0.034522
 0.000148 3.232521 2.655481 5.888002 0.001483
 0.000149 3.233080 2.679451 5.912532 0.018209
 0.000149 3.233963 2.705686 5.939649 0.106725
 0.000150 3.235240 2.733343 5.968583 0.282259
 0.000150 3.236911 2.761491 5.998403 0.550771
 0.000151 3.238914 2.789632 6.028547 0.912580
 0.000151 3.241330 2.816997 6.058328 1.359263
 0.000152 3.244028 2.842931 6.086959 1.872326
 0.000152 3.246991 2.866537 6.113527 2.421742
 0.000153 3.250299 2.886687 6.136986 2.965538
 0.000153 3.253710 2.902579 6.156289 3.454264
 0.000154 3.257086 2.913913 6.170999 3.851714
 0.000154 3.260337 2.920160 6.180498 4.119868
 0.000155 3.263358 2.920974 6.184332 4.230661
 0.000155 3.265890 2.916068 6.181958 4.161888
 0.000156 3.267819 2.905792 6.173611 3.924560
 0.000156 3.268836 2.890614 6.159450 3.537858
 0.000157 3.268606 2.871209 6.139815 3.034823
 0.000157 3.267083 2.848122 6.115205 2.458800
 0.000158 3.264349 2.822871 6.087220 1.877381
 0.000158 3.260522 2.796378 6.056900 1.335816
 0.000159 3.255735 2.769337 6.025072 0.866244
 0.000159 3.250256 2.742856 5.993112 0.496644
 0.000160 3.244132 2.717620 5.961751 0.233264
 0.000160 3.237598 2.694227 5.931825 0.073639
 0.000161 3.230795 2.673698 5.904493 0.006099
 0.000161 3.224015 2.656387 5.880402 0.008511
 0.000162 3.217396 2.642390 5.859786 0.056658
 0.000162 3.211193 2.632130 5.843323 0.125627
 0.000163 3.205604 2.625098 5.830702 0.196857
 0.000163 3.200695 2.620768 5.821463 0.259090
 0.000164 3.196371 2.619236 5.815607 0.302967
 0.000164 3.192582 2.620586 5.813168 0.322249
 0.000165 3.189320 2.624626 5.813946 0.316034
 0.000165 3.186417 2.631822 5.818239 0.282821
 0.000166 3.183767 2.642264 5.826030 0.227260
 0.000166 3.181271 2.656624 5.837895 0.154310
 0.000167 3.178737 2.674770 5.853507 0.079767
 0.000167 3.176195 2.696215 5.872409 0.022132
 0.000168 3.173858 2.720688 5.894547 0.000060
 0.000168 3.171943 2.747534 5.919478 0.033876
 0.000169 3.170601 2.775461 5.946061 0.138407
 0.000169 3.169744 2.803635 5.973379 0.319446
 0.000170 3.169386 2.831073 6.000459 0.572563
 0.000170 3.169472 2.857065 6.026537 0.885630
 0.000171 3.169965 2.880746 6.050712 1.236589
 0.000171 3.170857 2.901266 6.072123 1.596233
 0.000172 3.171997 2.917772 6.089769 1.927093
 0.000172 3.173335 2.930047 6.103382 2.203608
 0.000173 3.174607 2.937585 6.112192 2.392440
 0.000173 3.175634 2.940232 6.115866 2.473472
 0.000174 3.176362 2.938204 6.114566 2.444649
 0.000174 3.176494 2.930794 6.107288 2.286380
 0.000175 3.175869 2.918182 6.094050 2.012060
 0.000175 3.174501 2.901242 6.075743 1.661560
 0.000176 3.172320 2.880514 6.052834 1.270193
 0.000176 3.169368 2.856546 6.025914 0.877358
 0.000177 3.165807 2.830378 5.996185 0.527741
 0.000177 3.161794 2.803415 5.965209 0.257477
 0.000178 3.157509 2.776329 5.933838 0.081565
 0.000178 3.153020 2.750079 5.903100 0.004658
 0.000179 3.148664 2.726002 5.874666 0.017639
 0.000179 3.144653 2.704741 5.849394 0.097040
 0.000180 3.141123 2.687125 5.828248 0.212556
 0.000180 3.138117 2.673864 5.811980 0.331851
 0.000181 3.135708 2.665222 5.800930 0.427981
 0.000181 3.134134 2.661027 5.795161 0.483020
 0.000182 3.133481 2.661306 5.794787 0.486706
 0.000182 3.133672 2.666173 5.799845 0.438081
 0.000183 3.134595 2.674663 5.809258 0.354396
 0.000183 3.136237 2.686681 5.822918 0.248723
 0.000184 3.138396 2.701314 5.839710 0.144389
 0.000184 3.140833 2.717975 5.858808 0.059998
 0.000185 3.143465 2.736767 5.880232 0.008734
 0.000185 3.146042 2.757414 5.903456 0.005008
 0.000186 3.148543 2.779517 5.928060 0.059898
 0.000186 3.151089 2.802735 5.953824 0.182259
 0.000187 3.153855 2.826627 5.980481 0.378738
 0.000187 3.156898 2.850562 6.007459 0.649926
 0.000188 3.160277 2.873397 6.033674 0.983164
 0.000188 3.164004 2.894416 6.058420 1.360783
 0.000189 3.168058 2.912861 6.080919 1.757264
 0.000189 3.172542 2.928320 6.100863 2.151042
 0.000190 3.177440 2.940014 6.117454 2.508920
 0.000190 3.182544 2.948078 6.130622 2.812574
 0.000191 3.187884 2.952088 6.139972 3.038688
 0.000191 3.193406 2.951813 6.145219 3.169426
 0.000192 3.199057 2.946991 6.146048 3.190323
 0.000192 3.204799 2.937227 6.142026 3.089549
 0.000193 3.210296 2.922630 6.132926 2.867472
 0.000193 3.215354 2.903433 6.118786 2.538863
 0.000194 3.219779 2.879728 6.099507 2.123012
 0.000194 3.223614 2.851490 6.075104 1.649937
 0.000195 3.226781 2.819939 6.046720 1.174604
 0.000195 3.229171 2.785992 6.015162 0.740714
 0.000196 3.230771 2.750616 5.981387 0.386664
 0.000196 3.231759 2.715127 5.946886 0.142781
 0.000197 3.232295 2.680683 5.912977 0.019069
 0.000197 3.232467 2.648201 5.880668 0.008167
 0.000198 3.232423 2.618723 5.851146 0.089474
 0.000198 3.232259 2.593273 5.825532 0.230631
 0.000199 3.231994 2.572253 5.804247 0.397846
 0.000199 3.231759 2.556211 5.787970 0.556283
 0.000200 3.231873 2.545430 5.777303 0.674486
 0.000200 3.232277 2.539302 5.771579 0.742604
 0.000201 3.232892 2.537141 5.770034 0.761560
 0.000201 3.233823 2.538091 5.771914 0.738525
 0.000202 3.235169 2.541121 5.776290 0.686299
 0.000202 3.236835 2.544983 5.781818 0.623061
 0.000203 3.238504 2.548878 5.787382 0.562504
 0.000203 3.240053 2.552585 5.792638 0.508136
 0.000204 3.241210 2.556013 5.797223 0.462968
 0.000204 3.241911 2.559635 5.801547 0.422296
 0.000205 3.242134 2.564464 5.806598 0.377148
 0.000205 3.241864 2.570727 5.812591 0.326896
 0.000206 3.241117 2.578507 5.819624 0.272500
 0.000206 3.239937 2.587817 5.827754 0.215788
 0.000207 3.238503 2.598994 5.837498 0.156524
 0.000207 3.236852 2.611261 5.848112 0.102768
 0.000208 3.234934 2.623875 5.858809 0.059995
 0.000208 3.232854 2.636661 5.869516 0.028639
 0.000209 3.230696 2.649174 5.879870 0.009218
 0.000209 3.228427 2.660856 5.889283 0.000867
 0.000210 3.225865 2.671134 5.896998 0.000630
 0.000210 3.223148 2.679048 5.902196 0.003826
 0.000211 3.220314 2.683873 5.904187 0.005766
 0.000211 3.217403 2.684734 5.902137 0.003775
 0.000212 3.214402 2.681216 5.895618 0.000235
 0.000212 3.211277 2.673507 5.884784 0.003753
 0.000213 3.207881 2.661889 5.869770 0.028033
 0.000213 3.204190 2.647549 5.851740 0.086979
 0.000214 3.200102 2.631411 5.831513 0.191797
 0.000214 3.195714 2.615253 5.810968 0.340153
 0.000215 3.191173 2.600069 5.791242 0.522304
 0.000215 3.186715 2.587220 5.773935 0.714176
 0.000216 3.182410 2.577171 5.759581 0.896018
 0.000216 3.178578 2.570410 5.748988 1.043445
 0.000217 3.175195 2.567819 5.743014 1.131529
 0.000217 3.172463 2.569648 5.742112 1.145141
 0.000218 3.170514 2.575943 5.746457 1.080321
 0.000218 3.169118 2.586958 5.756076 0.943561
 0.000219 3.168437 2.602009 5.770446 0.756476
 0.000219 3.168509 2.620467 5.788976 0.545720
 0.000220 3.169148 2.641470 5.810618 0.343044
 0.000220 3.170363 2.663873 5.834236 0.175305
 0.000221 3.172154 2.686735 5.858888 0.059719
 0.000221 3.174215 2.709214 5.883430 0.005018
 0.000222 3.176337 2.730282 5.906618 0.008672
 0.000222 3.178262 2.749466 5.927727 0.058752
 0.000223 3.179989 2.767488 5.947477 0.145954
 0.000223 3.181357 2.784696 5.966053 0.263574
 0.000224 3.182438 2.801166 5.983604 0.406406
 0.000224 3.183268 2.817087 6.000354 0.571444
 0.000225 3.183909 2.832477 6.016386 0.755687
 0.000225 3.184400 2.847564 6.031964 0.959328
 0.000226 3.184736 2.862119 6.046855 1.176683
 0.000226 3.184931 2.876205 6.061137 1.405967
 0.000227 3.185064 2.889712 6.074776 1.643990
 0.000227 3.185052 2.902053 6.087105 1.875148
 0.000228 3.184973 2.912951 6.097924 2.090518
 0.000228 3.184783 2.921940 6.106723 2.274305
 0.000229 3.184501 2.929560 6.114061 2.433507
 0.000229 3.183913 2.935592 6.119505 2.555087
 0.000230 3.183112 2.939641 6.122753 2.629034
 0.000230 3.182070 2.941401 6.123471 2.645524
 0.000231 3.180542 2.940134 6.120676 2.581622
 0.000231 3.178338 2.935890 6.114228 2.437174
 0.000232 3.175461 2.929277 6.104738 2.232178
 0.000232 3.171894 2.921171 6.093064 1.992324
 0.000233 3.167363 2.912253 6.079616 1.732927
 0.000233 3.162022 2.903453 6.065474 1.479651
 0.000234 3.156072 2.895746 6.051819 1.254057
 0.000234 3.149623 2.889718 6.039340 1.064226
 0.000235 3.142860 2.886179 6.029039 0.919242
 0.000235 3.135898 2.884984 6.020882 0.811967
 0.000236 3.128981 2.885835 6.014816 0.736502
 0.000236 3.122177 2.888703 6.010880 0.689511
 0.000237 3.115633 2.894111 6.009744 0.676236
 0.000237 3.109389 2.901515 6.010904 0.689788
 0.000238 3.103491 2.910423 6.013913 0.725593
 0.000238 3.098010 2.921068 6.019077 0.789134
 0.000239 3.092876 2.933026 6.025902 0.877194
 0.000239 3.087940 2.945651 6.033591 0.982004
 0.000240 3.083133 2.958814 6.041947 1.102599
 0.000240 3.078389 2.971351 6.049741 1.221364
 0.000241 3.073321 2.982813 6.056135 1.323342
 0.000241 3.067770 2.993230 6.061001 1.403689
 0.000242 3.061721 3.002339 6.064061 1.455428
 0.000242 3.055022 3.009748 6.064770 1.467548
 0.000243 3.047839 3.014788 6.062627 1.431078
 0.000243 3.040472 3.017531 6.058002 1.353901
 0.000244 3.033070 3.017779 6.050850 1.238765
 0.000244 3.025704 3.015378 6.041083 1.089797
 0.000245 3.018314 3.010044 6.028357 0.910022
 0.000245 3.010998 3.002015 6.013014 0.714792
 0.000246 3.003857 2.991631 5.995488 0.520604
 0.000246 2.997025 2.978871 5.975896 0.339881
 0.000247 2.990551 2.963954 5.954505 0.186399
 0.000247 2.984466 2.947314 5.931780 0.073464
 0.000248 2.978825 2.929720 5.908545 0.011396
 0.000248 2.973538 2.911632 5.885170 0.003427
 0.000249 2.968531 2.893220 5.861750 0.050238
 0.000249 2.963676 2.874548 5.838224 0.152484
 0.000250 2.958870 2.856329 5.815200 0.306143
 0.000250 2.953927 2.838831 5.792758 0.506922
 0.000251 2.948766 2.823047 5.771813 0.739762
 0.000251 2.943461 2.809205 5.752666 0.990985
 0.000252 2.938051 2.797491 5.735542 1.246715
 0.000252 2.932804 2.787815 5.720619 1.493500
 0.000253 2.927886 2.780996 5.708882 1.703230
 0.000253 2.923523 2.777301 5.700824 1.855215
 0.000254 2.919864 2.777397 5.697261 1.924472
 0.000254 2.917051 2.781127 5.698178 1.906525
 0.000255 2.915035 2.788301 5.703336 1.807136
 0.000255 2.913799 2.798607 5.712405 1.638830
 0.000256 2.913311 2.811667 5.724978 1.419112
 0.000256 2.913645 2.827132 5.740777 1.165427
 0.000257 2.914645 2.845361 5.760006 0.890341
 0.000257 2.916284 2.866110 5.782394 0.616648
 0.000258 2.918410 2.888410 5.806820 0.375224
 0.000258 2.920947 2.911856 5.832803 0.183893
 0.000259 2.923570 2.936086 5.859655 0.057099
 0.000259 2.926024 2.960257 5.886281 0.002568
 0.000260 2.928080 2.984100 5.912180 0.017543
 0.000260 2.929583 3.006898 5.936481 0.092591
 0.000261 2.930525 3.028230 5.958755 0.213247
 0.000261 2.931015 3.047771 5.978786 0.364128
 0.000262 2.931118 3.064599 5.995718 0.522952
 0.000262 2.930914 3.078261 6.009175 0.669631
 0.000263 2.930722 3.088622 6.019344 0.792489
 0.000263 2.930478 3.095475 6.025953 0.877870
 0.000264 2.930307 3.098734 6.029042 0.919277
 0.000264 2.930277 3.098699 6.028975 0.918380
 0.000265 2.930346 3.095284 6.025630 0.873604
 0.000265 2.930653 3.089340 6.019994 0.800687
 0.000266 2.931210 3.081536 6.012746 0.711603
 0.000266 2.931860 3.072508 6.004368 0.615158
 0.000267 2.932541 3.063122 5.995663 0.522393
 0.000267 2.933151 3.054024 5.987175 0.439237
 0.000268 2.933562 3.046010 5.979572 0.370864
 0.000268 2.933645 3.039580 5.973224 0.318210
 0.000269 2.933163 3.035197 5.968359 0.280583
 0.000269 2.932057 3.032270 5.964328 0.251194
 0.000270 2.930061 3.031090 5.961150 0.229177
 0.000270 2.927147 3.031359 5.958506 0.211627
 0.000271 2.923466 3.032348 5.955814 0.194474
 0.000271 2.919076 3.033506 5.952582 0.174837
 0.000272 2.914270 3.034772 5.949042 0.154534
 0.000272 2.909219 3.036034 5.945253 0.134185
 0.000273 2.903919 3.037425 5.941344 0.114699
 0.000273 2.898547 3.038855 5.937401 0.096594
 0.000274 2.893059 3.040284 5.933343 0.079580
 0.000274 2.887584 3.041921 5.929505 0.065006
 0.000275 2.882119 3.044371 5.926489 0.054586
 0.000275 2.876621 3.047857 5.924477 0.048140
 0.000276 2.871100 3.052966 5.924066 0.046871
 0.000276 2.865599 3.059194 5.924793 0.049124
 0.000277 2.860001 3.067043 5.927044 0.056434
 0.000277 2.854295 3.076388 5.930683 0.069320
 0.000278 2.848369 3.086252 5.934621 0.084760
 0.000278 2.842260 3.096347 5.938607 0.101963
 0.000279 2.835847 3.106086 5.941932 0.117535
 0.000279 2.829056 3.115167 5.944223 0.128903
 0.000280 2.821982 3.122664 5.944646 0.131058
 0.000280 2.814524 3.128215 5.942739 0.121477
 0.000281 2.806797 3.131630 5.938426 0.101150
 0.000281 2.799090 3.133355 5.932445 0.076038
 0.000282 2.791331 3.133271 5.924602 0.048527
 0.000282 2.783579 3.131265 5.914844 0.022889
 0.000283 2.775930 3.127545 5.903475 0.005027
 0.000283 2.768466 3.122240 5.890706 0.000376
 0.000284 2.761288 3.115987 5.877275 0.013079
 0.000284 2.754496 3.109009 5.863505 0.044831
 0.000285 2.747951 3.102408 5.850359 0.092835
 0.000285 2.741601 3.096750 5.838351 0.151788
 0.000286 2.735536 3.092695 5.828230 0.212671
 0.000286 2.729903 3.090612 5.820515 0.265965
 0.000287 2.724643 3.090203 5.814846 0.308919
 0.000287 2.719745 3.091927 5.811673 0.334364
 0.000288 2.715061 3.096190 5.811251 0.337821
 0.000288 2.710630 3.102607 5.813236 0.321698
 0.000289 2.706376 3.110585 5.816961 0.292513
 0.000289 2.702347 3.119856 5.822204 0.253790
 0.000290 2.698681 3.130286 5.828967 0.207894
 0.000290 2.695385 3.141798 5.837184 0.158285
 0.000291 2.692631 3.154345 5.846975 0.107986
 0.000291 2.690389 3.167541 5.857930 0.063077
 0.000292 2.688773 3.181733 5.870506 0.026318
 0.000292 2.687768 3.197359 5.885127 0.003462
 0.000293 2.687276 3.214028 5.901304 0.003086
 0.000293 2.687221 3.231361 5.918582 0.031585
 0.000294 2.687683 3.249399 5.937082 0.095195
 0.000294 2.688606 3.268106 5.956713 0.200120
 0.000295 2.689901 3.287467 5.977368 0.352125
 0.000295 2.691380 3.307154 5.998534 0.552152
 0.000296 2.693000 3.326645 6.019645 0.796277
 0.000296 2.694567 3.345002 6.039569 1.067565
 0.000297 2.695981 3.361553 6.057534 1.346208
 0.000297 2.697022 3.375973 6.072995 1.611847
 0.000298 2.697419 3.387530 6.084949 1.833630
 0.000298 2.697158 3.396057 6.093215 1.995339
 0.000299 2.696221 3.401117 6.097338 2.078554
 0.000299 2.694711 3.402165 6.096876 2.069140
 0.000300 2.692895 3.399269 6.092164 1.974404
 0.000300 2.690773 3.392430 6.083202 1.800326
 0.000301 2.688592 3.381674 6.070265 1.563212
 0.000301 2.686465 3.367777 6.054241 1.292721
 0.000302 2.684507 3.351271 6.035778 1.012888
 0.000302 2.682792 3.332922 6.015713 0.747439
 0.000303 2.681406 3.313619 5.995025 0.515891
 0.000303 2.680301 3.293428 5.973729 0.322249
 0.000304 2.679495 3.272976 5.952471 0.174184
 0.000304 2.679022 3.252618 5.931640 0.072931
 0.000305 2.678948 3.232943 5.911891 0.017007
 0.000305 2.679233 3.213821 5.893054 0.000008
 0.000306 2.679684 3.195628 5.875313 0.016445
 0.000306 2.680275 3.179168 5.859443 0.057820
 0.000307 2.680851 3.164693 5.845544 0.114742
 0.000307 2.681225 3.152430 5.833656 0.178758
 0.000308 2.681404 3.142551 5.823955 0.241466
 0.000308 2.681355 3.135267 5.816622 0.295117
 0.000309 2.681237 3.130858 5.812095 0.330914
 0.000309 2.681220 3.129005 5.810225 0.346308
 0.000310 2.681384 3.130108 5.811492 0.335842
 0.000310 2.681818 3.133825 5.815643 0.302685
 0.000311 2.682636 3.139976 5.822612 0.250887
 0.000311 2.683995 3.148602 5.832597 0.185145
 0.000312 2.685838 3.159009 5.844847 0.118104
 0.000312 2.688065 3.170867 5.858932 0.059569
 0.000313 2.690724 3.183674 5.874398 0.018146
 0.000313 2.693744 3.196671 5.890415 0.000460
 0.000314 2.697191 3.208319 5.905509 0.007274
 0.000314 2.700951 3.217934 5.918885 0.032351
 0.000315 2.704887 3.225250 5.930138 0.067305
 0.000315 2.708897 3.230086 5.938983 0.103670
 0.000316 2.712718 3.231933 5.944651 0.131086
 0.000316 2.716121 3.230729 5.946850 0.142587
 0.000317 2.718942 3.226433 5.945375 0.134819
 0.000317 2.721077 3.218993 5.940070 0.108681
 0.000318 2.722722 3.208670 5.931392 0.071988
 0.000318 2.724093 3.195788 5.919880 0.034932
 0.000319 2.725338 3.180490 5.905829 0.007664
 0.000319 2.726615 3.163276 5.889891 0.000633
 0.000320 2.728027 3.145222 5.873248 0.020402
 0.000320 2.729681 3.126746 5.856428 0.068526
 0.000321 2.731651 3.107978 5.839629 0.144825
 0.000321 2.733941 3.089030 5.822971 0.248350
 0.000322 2.736641 3.070007 5.806648 0.376712
 0.000322 2.739859 3.051047 5.790906 0.525742
 0.000323 2.743417 3.032216 5.775633 0.694023
 0.000323 2.747276 3.013969 5.761245 0.873889
 0.000324 2.751493 2.996596 5.748089 1.056472
 0.000324 2.755845 2.979786 5.735631 1.245317
 0.000325 2.760202 2.963774 5.723976 1.436039
 0.000325 2.764292 2.949548 5.713840 1.612952
 0.000326 2.767910 2.937293 5.705203 1.771822
 0.000326 2.770955 2.927050 5.698006 1.909892
 0.000327 2.773307 2.919418 5.692725 2.014494
 0.000327 2.775152 2.914982 5.690134 2.066831
 0.000328 2.776774 2.914099 5.690873 2.051835
 0.000328 2.778163 2.916825 5.694988 1.969328
 0.000329 2.779489 2.923286 5.702775 1.817816
 0.000329 2.780899 2.933470 5.714369 1.603462
 0.000330 2.782564 2.947604 5.730168 1.333017
 0.000330 2.784501 2.965454 5.749955 1.029522
 0.000331 2.786506 2.986802 5.773308 0.721682
 0.000331 2.788433 3.010555 5.798988 0.446138
 0.000332 2.790221 3.035560 5.825782 0.228939
 0.000332 2.791907 3.061218 5.853125 0.081299
 0.000333 2.793407 3.087015 5.880422 0.008485
 0.000333 2.794665 3.112474 5.907139 0.009372
 0.000334 2.795488 3.136502 5.931991 0.074275
 0.000334 2.795687 3.158540 5.954228 0.184706
 0.000335 2.795222 3.178277 5.973499 0.320408
 0.000335 2.793824 3.195484 5.989307 0.459449
 0.000336 2.791458 3.209893 6.001351 0.582147
 0.000336 2.788117 3.221869 6.009986 0.679055
 0.000337 2.783852 3.231747 6.015599 0.746036
 0.000337 2.779013 3.240048 6.019061 0.788922
 0.000338 2.773752 3.247082 6.020833 0.811348
 0.000338 2.768310 3.253534 6.021844 0.824272
 0.000339 2.762785 3.260175 6.022959 0.838657
 0.000339 2.757139 3.267014 6.024153 0.854182
 0.000340 2.751559 3.273913 6.025472 0.871513
 0.000340 2.745986 3.280356 6.026342 0.883032
 0.000341 2.740613 3.285579 6.026192 0.881039
 0.000341 2.735392 3.289543 6.024934 0.864431
 0.000342 2.730185 3.291546 6.021732 0.822833
 0.000342 2.725076 3.291725 6.016801 0.760793
 0.000343 2.720099 3.289846 6.009946 0.678580
 0.000343 2.715052 3.285429 6.000481 0.572795
 0.000344 2.709856 3.278997 5.988853 0.455107
 0.000344 2.704353 3.271041 5.975395 0.335763
 0.000345 2.698408 3.262464 5.960872 0.227296
 0.000345 2.692058 3.253548 5.945606 0.136021
 0.000346 2.685381 3.244659 5.930040 0.066948
 0.000346 2.678473 3.237355 5.915828 0.025044
 0.000347 2.671572 3.232233 5.903804 0.005362
 0.000347 2.664832 3.229811 5.894643 0.000071
 0.000348 2.658404 3.230550 5.888954 0.001010
 0.000348 2.652331 3.234644 5.886974 0.002096
 0.000349 2.646781 3.241700 5.888481 0.001233
 0.000349 2.641783 3.250893 5.892676 0.000030
 0.000350 2.637376 3.261016 5.898392 0.001222
 0.000350 2.633403 3.271455 5.904858 0.006509
 0.000351 2.629766 3.281307 5.911073 0.015531
 0.000351 2.626524 3.290179 5.916703 0.027038
 0.000352 2.623548 3.297256 5.920804 0.037418
 0.000352 2.620653 3.302298 5.922951 0.043520
 0.000353 2.617864 3.304690 5.922553 0.042355
 0.000353 2.615267 3.304519 5.919787 0.034686
 0.000354 2.612692 3.301917 5.914609 0.022388
 0.000354 2.609983 3.297265 5.907248 0.009522
 0.000355 2.607165 3.290633 5.897798 0.000946
 0.000355 2.604310 3.283213 5.887522 0.001756
 0.000356 2.601369 3.275677 5.877046 0.013452
 0.000356 2.598637 3.268937 5.867574 0.033473
 0.000357 2.596243 3.263441 5.859684 0.057000
 0.000357 2.594472 3.258859 5.853331 0.080471
 0.000358 2.593264 3.255424 5.848687 0.100176
 0.000358 2.592769 3.253015 5.845784 0.113595
 0.000359 2.592949 3.251240 5.844189 0.121324
 0.000359 2.593718 3.249328 5.843046 0.127020
 0.000360 2.595065 3.246685 5.841750 0.133636
 0.000360 2.597083 3.243739 5.840821 0.138479
 0.000361 2.599768 3.240248 5.840016 0.142753
 0.000361 2.602918 3.236165 5.839084 0.147775
 0.000362 2.606526 3.231815 5.838342 0.151837
 0.000362 2.610307 3.227632 5.837939 0.154063
 0.000363 2.614224 3.223866 5.838091 0.153224
 0.000363 2.618095 3.220859 5.838954 0.148481
 0.000364 2.621998 3.219141 5.841139 0.136815
 0.000364 2.625932 3.219471 5.845402 0.115421
 0.000365 2.629956 3.222261 5.852217 0.085002
 0.000365 2.634209 3.228321 5.862530 0.047798
 0.000366 2.638702 3.237911 5.876612 0.014172
 0.000366 2.643491 3.251182 5.894673 0.000075
 0.000367 2.648477 3.267284 5.915761 0.024894
 0.000367 2.653890 3.285626 5.939516 0.106112
 0.000368 2.659669 3.305144 5.964813 0.254645
 0.000368 2.665743 3.324591 5.990334 0.469340
 0.000369 2.672136 3.342674 6.014810 0.736435
 0.000369 2.678775 3.358796 6.037571 1.038567
 0.000370 2.685544 3.371904 6.057448 1.344794
 0.000370 2.692548 3.381478 6.074026 1.630408
 0.000371 2.699545 3.386555 6.086100 1.855738
 0.000371 2.706190 3.387105 6.093294 1.996920
 0.000372 2.712395 3.382860 6.095255 2.036294
 0.000372 2.718176 3.373862 6.092037 1.971877
 0.000373 2.723359 3.360419 6.083779 1.811284
 0.000373 2.727892 3.343735 6.071626 1.587374
 0.000374 2.731792 3.324438 6.056230 1.324894
 0.000374 2.735086 3.303654 6.038740 1.055478
 0.000375 2.737938 3.282441 6.020379 0.805572
 0.000375 2.740631 3.261368 6.001999 0.589165
 0.000376 2.743186 3.240423 5.983609 0.406444
 0.000376 2.745872 3.220088 5.965960 0.262899
 0.000377 2.748550 3.200055 5.948606 0.152117
 0.000377 2.751215 3.179754 5.930969 0.070389
 0.000378 2.754014 3.159660 5.913674 0.020454
 0.000378 2.756971 3.139476 5.896447 0.000450
 0.000379 2.759985 3.119366 5.879351 0.009937
 0.000379 2.763137 3.099729 5.862866 0.046763
 0.000380 2.766445 3.080628 5.847073 0.107532
 0.000380 2.769710 3.062843 5.832552 0.185415
 0.000381 2.772783 3.046373 5.819156 0.275966
 0.000381 2.775559 3.031495 5.807054 0.373199
 0.000382 2.778016 3.019131 5.797148 0.463691
 0.000382 2.780135 3.009649 5.789784 0.537313
 0.000383 2.781942 3.003034 5.784977 0.588305
 0.000383 2.783675 2.999491 5.783165 0.608116
 0.000384 2.785294 2.999095 5.784389 0.594695
 0.000384 2.786927 3.001700 5.788627 0.549379
 0.000385 2.788807 3.006722 5.795530 0.479403
 0.000385 2.790843 3.014255 5.805098 0.390286
 0.000386 2.793222 3.023696 5.816917 0.292850
 0.000386 2.795758 3.034638 5.830396 0.198778
 0.000387 2.798400 3.046950 5.845349 0.115675
 0.000387 2.801331 3.059479 5.860810 0.053264
 0.000388 2.804331 3.071180 5.875511 0.016087
 0.000388 2.807330 3.081215 5.888546 0.001202
 0.000389 2.810030 3.088884 5.898914 0.001494
 0.000389 2.812407 3.093729 5.906136 0.008049
 0.000390 2.814312 3.095611 5.909924 0.013572
 0.000390 2.815810 3.094221 5.910031 0.013749
 0.000391 2.816698 3.089821 5.906519 0.008542
 0.000391 2.816874 3.082830 5.899705 0.001957
 0.000392 2.816240 3.073734 5.889974 0.000604
 0.000392 2.814916 3.063586 5.878502 0.011170
 0.000393 2.813077 3.053185 5.866262 0.036955
 0.000393 2.810921 3.043075 5.853996 0.077824
 0.000394 2.808680 3.033564 5.842245 0.131091
 0.000394 2.806506 3.025336 5.831842 0.189764
 0.000395 2.804393 3.018381 5.822774 0.249740
 0.000395 2.802224 3.012624 5.814848 0.308897
 0.000396 2.800002 3.008377 5.808380 0.361832
 0.000396 2.797596 3.005325 5.802921 0.409759
 0.000397 2.795180 3.003584 5.798764 0.448260
 0.000397 2.792687 3.002786 5.795473 0.479959
 0.000398 2.790060 3.002582 5.792642 0.508095
 0.000398 2.787238 3.003208 5.790446 0.530475
 0.000399 2.784240 3.004658 5.788898 0.546539
 0.000399 2.780873 3.007024 5.787897 0.557053
 0.000400 2.777147 3.010455 5.787602 0.560167
 0.000400 2.772871 3.015471 5.788342 0.552371
 0.000401 2.767990 3.022508 5.790498 0.529935
 0.000401 2.762660 3.031994 5.794654 0.488015
 0.000402 2.756995 3.044253 5.801248 0.425044
 0.000402 2.751207 3.059950 5.811157 0.338595
 0.000403 2.745347 3.079053 5.824400 0.238383
 0.000403 2.739491 3.101660 5.841151 0.136751
 0.000404 2.733745 3.127274 5.861019 0.052583
 0.000404 2.728235 3.155245 5.883480 0.004968
 0.000405 2.722813 3.184042 5.906855 0.008987
 0.000405 2.717586 3.212148 5.929733 0.065830
 0.000406 2.712532 3.238479 5.951011 0.165673
 0.000406 2.707670 3.261662 5.969332 0.287915
 0.000407 2.702952 3.280418 5.983369 0.404290
 0.000407 2.698385 3.294326 5.992710 0.492649
 0.000408 2.694159 3.302940 5.997099 0.537172
 0.000408 2.690168 3.306950 5.997118 0.537375
 0.000409 2.686408 3.306713 5.993120 0.496725
 0.000409 2.683041 3.302314 5.985355 0.422345
 0.000410 2.680090 3.294477 5.974568 0.329017
 0.000410 2.677495 3.283980 5.961476 0.231385
 0.000411 2.675225 3.272062 5.947288 0.144936
 0.000411 2.673310 3.260435 5.933744 0.081188
 0.000412 2.671831 3.250572 5.922403 0.041918
 0.000412 2.670766 3.243949 5.914715 0.022614
 0.000413 2.670251 3.241261 5.911513 0.016316
 0.000413 2.670301 3.241522 5.911823 0.016881
 0.000414 2.670864 3.243896 5.914760 0.022709
 0.000414 2.672122 3.247422 5.919545 0.034051
 0.000415 2.674084 3.251174 5.925258 0.050594
 0.000415 2.676717 3.254312 5.931029 0.070614
 0.000416 2.680095 3.256413 5.936508 0.092705
 0.000416 2.684059 3.256874 5.940933 0.112740
 0.000417 2.688706 3.255172 5.943878 0.127160
 0.000417 2.693857 3.251319 5.945176 0.133789
 0.000418 2.699423 3.245472 5.944895 0.132338
 0.000418 2.705364 3.238134 5.943498 0.125247
 0.000419 2.711554 3.230027 5.941581 0.115838
 0.000419 2.717855 3.221324 5.939179 0.104565
 0.000420 2.724261 3.213042 5.937303 0.096163
 0.000420 2.730695 3.206229 5.936924 0.094507
 0.000421 2.737044 3.201622 5.938667 0.102236
 0.000421 2.743376 3.200222 5.943598 0.125748
 0.000422 2.749744 3.202325 5.952069 0.171818
 0.000422 2.756296 3.207398 5.963693 0.246718
 0.000423 2.762853 3.214658 5.977512 0.353332
 0.000423 2.769455 3.223094 5.992549 0.491049
 0.000424 2.776124 3.231303 6.007427 0.649561
 0.000424 2.782571 3.237618 6.020190 0.803167
 0.000425 2.788820 3.241369 6.030189 0.934900
 0.000425 2.794809 3.241728 6.036537 1.023717
 0.000426 2.800467 3.238422 6.038890 1.057661
 0.000426 2.805836 3.231492 6.037328 1.035072
 0.000427 2.810890 3.220842 6.031732 0.956122
 0.000427 2.815543 3.206393 6.021935 0.825447
 0.000428 2.819753 3.189221 6.008974 0.667310
 0.000428 2.823441 3.170095 5.993536 0.500882
 0.000429 2.826847 3.150094 5.976942 0.348557
 0.000429 2.830003 3.130009 5.960012 0.221538
 0.000430 2.833014 3.110430 5.943445 0.124983
 0.000430 2.835942 3.092858 5.928801 0.062489
 0.000431 2.839025 3.077528 5.916553 0.026692
 0.000431 2.842436 3.064462 5.906898 0.009044
 0.000432 2.846297 3.053521 5.899818 0.002029
 0.000432 2.850380 3.044380 5.894760 0.000086
 0.000433 2.854594 3.036710 5.891304 0.000230
 0.000433 2.858846 3.030195 5.889041 0.000971
 0.000434 2.863101 3.024630 5.887731 0.001634
 0.000434 2.867334 3.019548 5.886882 0.002156
 0.000435 2.871666 3.014354 5.886020 0.002759
 0.000435 2.876109 3.008899 5.885009 0.003561
 0.000436 2.880476 3.003140 5.883616 0.004834
 0.000436 2.884667 2.997279 5.881946 0.006615
 0.000437 2.888817 2.991434 5.880252 0.008708
 0.000437 2.893021 2.986171 5.879192 0.010162
 0.000438 2.897214 2.981549 5.878764 0.010782
 0.000438 2.901544 2.977760 5.879303 0.010004
 0.000439 2.906149 2.975124 5.881273 0.007412
 0.000439 2.911261 2.973605 5.884866 0.003682
 0.000440 2.916913 2.972538 5.889451 0.000799
 0.000440 2.923154 2.971859 5.895013 0.000122
 0.000441 2.929949 2.971254 5.901203 0.003007
 0.000441 2.937233 2.970831 5.908065 0.010682
 0.000442 2.944662 2.970378 5.915040 0.023311
 0.000442 2.952128 2.969131 5.921259 0.038673
 0.000443 2.959520 2.966700 5.926221 0.053702
 0.000443 2.966803 2.962687 5.929490 0.064950
 0.000444 2.973769 2.956648 5.930417 0.068333
 0.000444 2.980557 2.948577 5.929134 0.063674
 0.000445 2.987031 2.938551 5.925582 0.051629
 0.000445 2.993296 2.926696 5.919992 0.035229
 0.000446 2.999490 2.913322 5.912812 0.018747
 0.000446 3.005413 2.899030 5.904443 0.006044
 0.000447 3.011130 2.883798 5.894928 0.000110
 0.000447 3.016648 2.868157 5.884805 0.003735
 0.000448 3.022159 2.852098 5.874257 0.018415
 0.000448 3.027852 2.835878 5.863731 0.044157
 0.000449 3.033735 2.819172 5.852908 0.082177
 0.000449 3.039733 2.801465 5.841198 0.136504
 0.000450 3.046067 2.782577 5.828645 0.209974
 0.000450 3.052753 2.762565 5.815318 0.305214
 0.000451 3.059722 2.742651 5.802373 0.414738
 0.000451 3.066709 2.723818 5.790527 0.529637
 0.000452 3.073541 2.707215 5.780756 0.634975
 0.000452 3.080219 2.693897 5.774116 0.712007
 0.000453 3.086653 2.684596 5.771250 0.746625
 0.000453 3.092900 2.679559 5.772459 0.731919
 0.000454 3.098847 2.678900 5.777747 0.669345
 0.000454 3.104546 2.682662 5.787207 0.564360
 0.000455 3.109957 2.690725 5.800682 0.430278
 0.000455 3.115052 2.702809 5.817861 0.285674
 0.000456 3.119668 2.718401 5.838070 0.153340
 0.000456 3.123922 2.737084 5.861006 0.052625
 0.000457 3.127675 2.757933 5.885608 0.003074
 0.000457 3.131093 2.780201 5.911294 0.015923
 0.000458 3.134051 2.802992 5.937043 0.095026
 0.000458 3.136598 2.824892 5.961489 0.231480
 0.000459 3.138945 2.844866 5.983811 0.408271
 0.000459 3.140939 2.861905 6.002844 0.598368
 0.000460 3.142603 2.875696 6.018300 0.779392
 0.000460 3.143759 2.886513 6.030272 0.936041
 0.000461 3.144255 2.894548 6.038802 1.056392
 0.000461 3.143994 2.899611 6.043605 1.127350
 0.000462 3.143044 2.901683 6.044727 1.144270
 0.000462 3.141265 2.901064 6.042329 1.108278
 0.000463 3.138741 2.897573 6.036314 1.020526
 0.000463 3.135556 2.891070 6.026627 0.886826
 0.000464 3.131601 2.881626 6.013226 0.717341
 0.000464 3.126958 2.869976 5.996934 0.535466
 0.000465 3.121573 2.856746 5.978319 0.360156
 0.000465 3.115557 2.842107 5.957664 0.206184
 0.000466 3.109234 2.827205 5.936439 0.092411
 0.000466 3.102587 2.812070 5.914657 0.022491
 0.000467 3.095878 2.796651 5.892529 0.000042
 0.000467 3.089198 2.781342 5.870540 0.026240
 0.000468 3.082826 2.765872 5.848698 0.100131
 0.000468 3.076804 2.750345 5.827149 0.219780
 0.000469 3.071077 2.734846 5.805924 0.383027
 0.000469 3.065569 2.720295 5.785863 0.578726
 0.000470 3.060152 2.707145 5.767297 0.795702
 0.000470 3.054675 2.697375 5.752050 0.999679
 0.000471 3.049292 2.692106 5.741398 1.155960
 0.000471 3.043890 2.691816 5.735706 1.244133
 0.000472 3.038506 2.696716 5.735223 1.251768
 0.000472 3.033317 2.706735 5.740053 1.176511
 0.000473 3.028322 2.721328 5.749651 1.033890
 0.000473 3.023540 2.740517 5.764057 0.837105
 0.000474 3.019018 2.763811 5.782829 0.611835
 0.000474 3.014708 2.789911 5.804619 0.394532
 0.000475 3.010708 2.818330 5.829038 0.207433
 0.000475 3.007020 2.848431 5.855451 0.072189
 0.000476 3.003779 2.879407 5.883186 0.005266
 0.000476 3.000816 2.910785 5.911601 0.016476
 0.000477 2.998163 2.941687 5.939850 0.107655
 0.000477 2.995773 2.971070 5.966843 0.269340
 0.000478 2.993467 2.999080 5.992548 0.491036
 0.000478 2.991225 3.024868 6.016093 0.752091
 0.000479 2.988975 3.047958 6.036933 1.029395
 0.000479 2.986590 3.067969 6.054559 1.297829
 0.000480 2.984098 3.084242 6.068340 1.529354
 0.000480 2.981608 3.096371 6.077979 1.702589
 0.000481 2.979026 3.103728 6.082755 1.791849
 0.000481 2.976334 3.106441 6.082774 1.792217
 0.000482 2.973672 3.104332 6.078004 1.703038
 0.000482 2.971078 3.098173 6.069251 1.545325
 0.000483 2.968702 3.088131 6.056833 1.334727
 0.000483 2.966642 3.074283 6.040925 1.087463
 0.000484 2.964916 3.057543 6.022460 0.832199
 0.000484 2.963714 3.038786 6.002500 0.594614
 0.000485 2.962998 3.019023 5.982020 0.392251
 0.000485 2.962961 2.998878 5.961839 0.233864
 0.000486 2.963508 2.979438 5.942945 0.122497
 0.000486 2.964618 2.961698 5.926316 0.054015
 0.000487 2.966258 2.945788 5.912046 0.017293
 0.000487 2.968334 2.932034 5.900368 0.002394
 0.000488 2.970646 2.920650 5.891296 0.000232
 0.000488 2.973023 2.912198 5.885221 0.003384
 0.000489 2.975541 2.906454 5.881994 0.006560
 0.000489 2.978345 2.903112 5.881458 0.007189
 0.000490 2.981167 2.901841 5.883007 0.005451
 0.000490 2.983899 2.902554 5.886453 0.002447
 0.000491 2.986697 2.905109 5.891806 0.000135
 0.000491 2.989573 2.909044 5.898616 0.001335
 0.000492 2.992616 2.914361 5.906976 0.009151
 0.000492 2.995748 2.921118 5.916865 0.027418
 0.000493 2.998910 2.928758 5.927668 0.058549
 0.000493 3.001992 2.937236 5.939228 0.104788
 0.000494 3.005178 2.946457 5.951636 0.169289
 0.000494 3.008375 2.956262 5.964638 0.253398
 0.000495 3.011461 2.966625 5.978086 0.358174
 0.000495 3.014506 2.976991 5.991497 0.480680
 0.000496 3.017344 2.987001 6.004346 0.614913
 0.000496 3.019778 2.996431 6.016209 0.753510
 0.000497 3.021755 3.004633 6.026388 0.883645
 0.000497 3.023336 3.011779 6.035116 1.003482
 0.000498 3.024405 3.016590 6.040995 1.088500
 0.000498 3.024836 3.018425 6.043261 1.122187
 0.000499 3.024634 3.016895 6.041529 1.096396
 0.000499 3.023930 3.011790 6.035721 1.012072
 0.000500 3.022858 3.003000 6.025858 0.876616
