#! FIELDS time dAB dAC rc bias
 0.000000 2.654905 2.295041 4.949946 6.391476
 0.000000 2.657570 2.304508 4.962078 6.832596
 0.000001 2.659522 2.311087 4.970609 7.151577
 0.000001 2.660716 2.314742 4.975458 7.336136
 0.000002 2.660841 2.314969 4.975810 7.349640
 0.000002 2.659983 2.311735 4.971718 7.193582
 0.000003 2.658227 2.305277 4.963505 6.885420
 0.000003 2.655704 2.296071 4.951775 6.457014
 0.000004 2.652379 2.285036 4.937415 5.951297
 0.000004 2.648554 2.272286 4.920839 5.393168
 0.000005 2.644319 2.258235 4.902554 4.809362
 0.000005 2.639825 2.243134 4.882959 4.220836
 0.000006 2.635237 2.227622 4.862860 3.657049
 0.000006 2.630787 2.212079 4.842866 3.136308
 0.000007 2.626396 2.197293 4.823688 2.674399
 0.000007 2.622197 2.183037 4.805234 2.264616
 0.000008 2.618363 2.169752 4.788116 1.914960
 0.000008 2.614913 2.157853 4.772766 1.626343
 0.000009 2.611724 2.147668 4.759392 1.394084
 0.000009 2.608811 2.138839 4.747649 1.204901
 0.000010 2.606244 2.130849 4.737093 1.046606
 0.000010 2.604161 2.123247 4.727408 0.911172
 0.000011 2.602258 2.115825 4.718083 0.789639
 0.000011 2.600579 2.108856 4.709435 0.684702
 0.000012 2.599301 2.102342 4.701643 0.596551
 0.000012 2.598379 2.096444 4.694824 0.524389
 0.000013 2.597827 2.091863 4.689690 0.473132
 0.000013 2.597889 2.088947 4.686836 0.445781
 0.000014 2.598689 2.088020 4.686709 0.444580
 0.000014 2.600142 2.089407 4.689548 0.471756
 0.000015 2.602270 2.093775 4.696045 0.536966
 0.000015 2.605070 2.100977 4.706047 0.645622
 0.000016 2.608524 2.110248 4.718772 0.798319
 0.000016 2.612545 2.121607 4.734152 1.004488
 0.000017 2.617057 2.135193 4.752250 1.277386
 0.000017 2.621888 2.149856 4.771743 1.607951
 0.000018 2.627053 2.164936 4.791989 1.991513
 0.000018 2.632271 2.179358 4.811628 2.402749
 0.000019 2.637444 2.192399 4.829843 2.818626
 0.000019 2.642345 2.203582 4.845926 3.213432
 0.000020 2.646813 2.211898 4.858711 3.545720
 0.000020 2.650619 2.217233 4.867852 3.793314
 0.000021 2.653775 2.219717 4.873493 3.950266
 0.000021 2.656229 2.219405 4.875634 4.010674
 0.000022 2.658003 2.216549 4.874552 3.980102
 0.000022 2.659333 2.211594 4.870927 3.878491
 0.000023 2.660323 2.204945 4.865268 3.722473
 0.000023 2.661139 2.197148 4.858287 3.534427
 0.000024 2.661782 2.188644 4.850426 3.328516
 0.000024 2.662461 2.180347 4.842808 3.134868
 0.000025 2.663162 2.172607 4.835769 2.961095
 0.000025 2.664001 2.165691 4.829692 2.815045
 0.000026 2.665169 2.160030 4.825199 2.709437
 0.000026 2.666613 2.156089 4.822702 2.651624
 0.000027 2.668437 2.153797 4.822234 2.640876
 0.000027 2.670437 2.152529 4.822966 2.657706
 0.000028 2.672549 2.152172 4.824721 2.698341
 0.000028 2.674695 2.152725 4.827420 2.761391
 0.000029 2.676653 2.154094 4.830747 2.840140
 0.000029 2.678204 2.156017 4.834220 2.923523
 0.000030 2.679101 2.157946 4.837047 2.992275
 0.000030 2.679317 2.159891 4.839208 3.045371
 0.000031 2.679045 2.161527 4.840571 3.079110
 0.000031 2.678448 2.162335 4.840783 3.084374
 0.000032 2.677557 2.162768 4.840325 3.073003
 0.000032 2.676665 2.162900 4.839565 3.054182
 0.000033 2.675787 2.162646 4.838433 3.026273
 0.000033 2.675100 2.162501 4.837601 3.005843
 0.000034 2.674612 2.162669 4.837280 2.997985
 0.000034 2.674312 2.162681 4.836993 2.990955
 0.000035 2.674096 2.162838 4.836933 2.989490
 0.000035 2.673928 2.163477 4.837405 3.001031
 0.000036 2.673745 2.164865 4.838610 3.030633
 0.000036 2.673474 2.166534 4.840008 3.065137
 0.000037 2.673028 2.168387 4.841415 3.100076
 0.000037 2.672347 2.169972 4.842319 3.122640
 0.000038 2.671194 2.170964 4.842159 3.118623
 0.000038 2.669407 2.171052 4.840459 3.076324
 0.000039 2.666848 2.169606 4.836454 2.977783
 0.000039 2.663484 2.166268 4.829753 2.816490
 0.000040 2.659363 2.160588 4.819952 2.588671
 0.000040 2.654590 2.152949 4.807539 2.313944
 0.000041 2.649383 2.143629 4.793012 2.011987
 0.000041 2.643958 2.132620 4.776578 1.695819
 0.000042 2.638479 2.120384 4.758863 1.385268
 0.000042 2.633318 2.107746 4.741064 1.104846
 0.000043 2.628662 2.095879 4.724541 0.872881
 0.000043 2.624519 2.085524 4.710043 0.691832
 0.000044 2.621052 2.077452 4.698503 0.562750
 0.000044 2.618176 2.071849 4.690025 0.476397
 0.000045 2.615936 2.069366 4.685302 0.431408
 0.000045 2.614372 2.070517 4.684889 0.427586
 0.000046 2.613488 2.075050 4.688539 0.461998
 0.000046 2.613307 2.083137 4.696444 0.541110
 0.000047 2.613593 2.094298 4.707891 0.666747
 0.000047 2.614168 2.107677 4.721844 0.837615
 0.000048 2.614972 2.122774 4.737746 1.056069
 0.000048 2.615602 2.138634 4.754236 1.309329
 0.000049 2.615943 2.154344 4.770287 1.581952
 0.000049 2.616105 2.169088 4.785194 1.858203
 0.000050 2.616003 2.181902 4.797906 2.111344
 0.000050 2.615838 2.192569 4.808407 2.332657
 0.000051 2.615739 2.200815 4.816554 2.511952
 0.000051 2.615711 2.206977 4.822689 2.651329
 0.000052 2.615722 2.210652 4.826374 2.736858
 0.000052 2.615916 2.212390 4.828306 2.782258
 0.000053 2.616267 2.212544 4.828811 2.794188
 0.000053 2.616868 2.211527 4.828395 2.784354
 0.000054 2.617587 2.209216 4.826803 2.746921
 0.000054 2.618355 2.205829 4.824183 2.685857
 0.000055 2.619106 2.201661 4.820767 2.607254
 0.000055 2.619915 2.196985 4.816900 2.519704
 0.000056 2.620519 2.192128 4.812647 2.425134
 0.000056 2.620791 2.186666 4.807457 2.312189
 0.000057 2.620529 2.180556 4.801085 2.177184
 0.000057 2.619525 2.173942 4.793467 2.021110
 0.000058 2.617726 2.166761 4.784487 1.844605
 0.000058 2.615046 2.158442 4.773488 1.639392
 0.000059 2.611636 2.148588 4.760223 1.407999
 0.000059 2.607744 2.137610 4.745353 1.169524
 0.000060 2.603394 2.125515 4.728909 0.931547
 0.000060 2.598676 2.112658 4.711334 0.707102
 0.000061 2.593758 2.099765 4.693523 0.511156
 0.000061 2.588848 2.087806 4.676654 0.354818
 0.000062 2.583947 2.077639 4.661587 0.239244
 0.000062 2.579165 2.069748 4.648913 0.159608
 0.000063 2.574489 2.064799 4.639288 0.109859
 0.000063 2.570052 2.063540 4.633592 0.084781
 0.000064 2.565885 2.066769 4.632655 0.080966
 0.000064 2.561950 2.074563 4.636513 0.097237
 0.000065 2.558165 2.087048 4.645212 0.139383
 0.000065 2.554279 2.103657 4.657937 0.214663
 0.000066 2.550358 2.124100 4.674458 0.336566
 0.000066 2.546381 2.147202 4.693583 0.511763
 0.000067 2.542177 2.171949 4.714126 0.740691
 0.000067 2.537681 2.197070 4.734751 1.012996
 0.000068 2.532818 2.221765 4.754584 1.314953
 0.000068 2.527540 2.245289 4.772830 1.627493
 0.000069 2.522064 2.266886 4.788951 1.931335
 0.000069 2.516381 2.285990 4.802370 2.204090
 0.000070 2.510804 2.302717 4.813522 2.444432
 0.000070 2.505491 2.316736 4.822228 2.640723
 0.000071 2.500464 2.328077 4.828541 2.787807
 0.000071 2.495708 2.336786 4.832494 2.881919
 0.000072 2.491233 2.342963 4.834195 2.922913
 0.000072 2.487253 2.347076 4.834329 2.926144
 0.000073 2.483701 2.349128 4.832829 2.889967
 0.000073 2.480508 2.349755 4.830263 2.828601
 0.000074 2.477744 2.349105 4.826849 2.747998
 0.000074 2.475198 2.347616 4.822814 2.654216
 0.000075 2.472901 2.345856 4.818756 2.561549
 0.000075 2.470771 2.343769 4.814540 2.467007
 0.000076 2.468774 2.341701 4.810475 2.377537
 0.000076 2.466795 2.339706 4.806501 2.291663
 0.000077 2.464586 2.337873 4.802459 2.205952
 0.000077 2.462202 2.336406 4.798608 2.125803
 0.000078 2.459767 2.334041 4.793807 2.027964
 0.000078 2.457323 2.331425 4.788748 1.927348
 0.000079 2.455005 2.328982 4.783987 1.835007
 0.000079 2.452895 2.326892 4.779787 1.755440
 0.000080 2.451149 2.325349 4.776498 1.694352
 0.000080 2.449764 2.325090 4.774855 1.664235
 0.000081 2.448787 2.326381 4.775167 1.669943
 0.000081 2.448209 2.329329 4.777538 1.713542
 0.000082 2.448154 2.334174 4.782328 1.803362
 0.000082 2.448583 2.340742 4.789325 1.938700
 0.000083 2.449397 2.349079 4.798476 2.123086
 0.000083 2.450619 2.358932 4.809551 2.357429
 0.000084 2.452043 2.370067 4.822110 2.638017
 0.000084 2.453470 2.382313 4.835783 2.961423
 0.000085 2.454912 2.394820 4.849732 3.310626
 0.000085 2.456230 2.407355 4.863585 3.676689
 0.000086 2.457386 2.418974 4.876360 4.031283
 0.000086 2.458217 2.428724 4.886941 4.337322
 0.000087 2.458420 2.436008 4.894428 4.560641
 0.000087 2.458067 2.440307 4.898374 4.680582
 0.000088 2.457202 2.441427 4.898629 4.688380
 0.000088 2.455828 2.438624 4.894453 4.561380
 0.000089 2.454159 2.431761 4.885920 4.307296
 0.000089 2.452289 2.420661 4.872949 3.935013
 0.000090 2.450321 2.406181 4.856502 3.487134
 0.000090 2.448328 2.388736 4.837064 2.992694
 0.000091 2.446255 2.369559 4.815814 2.495387
 0.000091 2.444011 2.349625 4.793636 2.024519
 0.000092 2.441534 2.329280 4.770814 1.591330
 0.000092 2.438853 2.309290 4.748143 1.212582
 0.000093 2.435892 2.290462 4.726354 0.897004
 0.000093 2.432721 2.273698 4.706419 0.649854
 0.000094 2.429430 2.259254 4.688685 0.463403
 0.000094 2.426010 2.247307 4.673318 0.327273
 0.000095 2.422360 2.238697 4.661057 0.235596
 0.000095 2.418596 2.233916 4.652512 0.180589
 0.000096 2.414580 2.232292 4.646872 0.148286
 0.000096 2.410328 2.233471 4.643799 0.132021
 0.000097 2.405990 2.237034 4.643024 0.128067
 0.000097 2.401677 2.242036 4.643714 0.131583
 0.000098 2.397668 2.247725 4.645392 0.140336
 0.000098 2.394203 2.253748 4.647951 0.154218
 0.000099 2.391357 2.260376 4.651732 0.175935
 0.000099 2.389132 2.268257 4.657389 0.211087
 0.000100 2.387595 2.277804 4.665399 0.266344
 0.000100 2.386710 2.289467 4.676177 0.350815
 0.000101 2.386384 2.303251 4.689635 0.472601
 0.000101 2.386586 2.319368 4.705954 0.644573
 0.000102 2.387121 2.337673 4.724794 0.876226
 0.000102 2.387989 2.357560 4.745548 1.172509
 0.000103 2.389018 2.378034 4.767051 1.524913
 0.000103 2.390246 2.398311 4.788557 1.923610
 0.000104 2.391290 2.418064 4.809354 2.353149
 0.000104 2.391933 2.436455 4.828388 2.784180
 0.000105 2.392231 2.453190 4.845421 3.200622
 0.000105 2.392233 2.467072 4.859305 3.561543
 0.000106 2.391824 2.477447 4.869271 3.832484
 0.000106 2.391179 2.483584 4.874763 3.986053
 0.000107 2.390389 2.485540 4.875928 4.019025
 0.000107 2.389603 2.483124 4.872727 3.928787
 0.000108 2.389054 2.476001 4.865056 3.716675
 0.000108 2.388709 2.464673 4.853382 3.405217
 0.000109 2.388644 2.450335 4.838979 3.039716
 0.000109 2.388853 2.433700 4.822553 2.648208
 0.000110 2.389226 2.415467 4.804693 2.253114
 0.000110 2.389888 2.396396 4.786284 1.879281
 0.000111 2.390757 2.377508 4.768265 1.546186
 0.000111 2.391662 2.359360 4.751022 1.257826
 0.000112 2.392580 2.342649 4.735229 1.019806
 0.000112 2.393472 2.328246 4.721718 0.835973
 0.000113 2.394250 2.316835 4.711085 0.704141
 0.000113 2.394785 2.308921 4.703706 0.619296
 0.000114 2.395071 2.304196 4.699266 0.570873
 0.000114 2.395153 2.302731 4.697884 0.556201
 0.000115 2.394996 2.304279 4.699275 0.570970
 0.000115 2.394775 2.308373 4.703148 0.613100
 0.000116 2.394453 2.314467 4.708920 0.678684
 0.000116 2.394249 2.321827 4.716077 0.764627
 0.000117 2.394244 2.329423 4.723667 0.861369
 0.000117 2.394721 2.336813 4.731534 0.967722
 0.000118 2.395712 2.343552 4.739264 1.078251
 0.000118 2.397100 2.350152 4.747252 1.198746
 0.000119 2.398812 2.356638 4.755450 1.329045
 0.000119 2.400871 2.363412 4.764283 1.476947
 0.000120 2.403066 2.370510 4.773576 1.640990
 0.000120 2.405252 2.378406 4.783658 1.828713
 0.000121 2.407252 2.387142 4.794394 2.039806
 0.000121 2.408917 2.396222 4.805139 2.262593
 0.000122 2.410131 2.405004 4.815135 2.480233
 0.000122 2.410907 2.413114 4.824022 2.682111
 0.000123 2.411160 2.420331 4.831491 2.857897
 0.000123 2.410697 2.426554 4.837251 2.997251
 0.000124 2.409490 2.431297 4.840788 3.084477
 0.000124 2.407565 2.434401 4.841966 3.113815
 0.000125 2.405053 2.435593 4.840647 3.080980
 0.000125 2.402225 2.435037 4.837262 2.997536
 0.000126 2.399224 2.432174 4.831398 2.855673
 0.000126 2.396137 2.426365 4.822502 2.647018
 0.000127 2.393115 2.416914 4.810029 2.367810
 0.000127 2.390233 2.403901 4.794134 2.034545
 0.000128 2.387548 2.388044 4.775593 1.677725
 0.000128 2.385146 2.370309 4.755456 1.329131
 0.000129 2.382984 2.351586 4.734571 1.010431
 0.000129 2.381047 2.332834 4.713881 0.737711
 0.000130 2.379277 2.314914 4.694191 0.517925
 0.000130 2.377597 2.299001 4.676598 0.354349
 0.000131 2.375930 2.285224 4.661154 0.236263
 0.000131 2.374232 2.274030 4.648262 0.155952
 0.000132 2.372382 2.266151 4.638533 0.106348
 0.000132 2.370427 2.261961 4.632388 0.079896
 0.000133 2.368369 2.261072 4.629440 0.068548
 0.000133 2.366306 2.263168 4.629474 0.068673
 0.000134 2.364390 2.267890 4.632280 0.079465
 0.000134 2.362712 2.274723 4.637435 0.101347
 0.000135 2.361301 2.282836 4.644137 0.133763
 0.000135 2.360522 2.290875 4.651397 0.173952
 0.000136 2.360553 2.298095 4.658647 0.219345
 0.000136 2.361419 2.303783 4.665202 0.264909
 0.000137 2.363252 2.307802 4.671055 0.309219
 0.000137 2.365931 2.310495 4.676426 0.352903
 0.000138 2.369370 2.312756 4.682126 0.402416
 0.000138 2.373578 2.315180 4.688758 0.464110
 0.000139 2.378424 2.317994 4.696418 0.540847
 0.000139 2.383647 2.321186 4.704833 0.631899
 0.000140 2.389184 2.324805 4.713989 0.739025
 0.000140 2.394792 2.328468 4.723261 0.856048
 0.000141 2.400280 2.332022 4.732302 0.978440
 0.000141 2.405661 2.335259 4.740920 1.102704
 0.000142 2.410811 2.338264 4.749075 1.227136
 0.000142 2.415847 2.340542 4.756389 1.344393
 0.000143 2.420868 2.342246 4.763114 1.456922
 0.000143 2.425924 2.343367 4.769291 1.564273
 0.000144 2.431181 2.343153 4.774334 1.654754
 0.000144 2.436549 2.340966 4.777515 1.713116
 0.000145 2.441994 2.336165 4.778159 1.725062
 0.000145 2.447786 2.328775 4.776560 1.695498
 0.000146 2.453803 2.317955 4.771758 1.608214
 0.000146 2.460049 2.304382 4.764431 1.479494
 0.000147 2.466548 2.288700 4.755248 1.325742
 0.000147 2.473039 2.272306 4.745345 1.169398
 0.000148 2.479384 2.256869 4.736253 1.034489
 0.000148 2.485516 2.243169 4.728685 0.928486
 0.000149 2.491361 2.232404 4.723765 0.862652
 0.000149 2.496854 2.225640 4.722494 0.846049
 0.000150 2.501705 2.222849 4.724555 0.873059
 0.000150 2.505942 2.224100 4.730042 0.947080
 0.000151 2.509632 2.229219 4.738851 1.072190
 0.000151 2.512713 2.238371 4.751084 1.258809
 0.000152 2.515199 2.251387 4.766587 1.516810
 0.000152 2.517288 2.267578 4.784866 1.851890
 0.000153 2.519106 2.286297 4.805403 2.268222
 0.000153 2.520617 2.306130 4.826747 2.745601
 0.000154 2.522034 2.325627 4.847662 3.257570
 0.000154 2.523473 2.343159 4.866632 3.759789
 0.000155 2.525075 2.357168 4.882243 4.200037
 0.000155 2.526822 2.366516 4.893337 4.527751
 0.000156 2.528828 2.370902 4.899730 4.722167
 0.000156 2.531115 2.370752 4.901867 4.788060
 0.000157 2.533478 2.367000 4.900478 4.745176
 0.000157 2.535826 2.360821 4.896647 4.627906
 0.000158 2.538094 2.352813 4.890907 4.454913
 0.000158 2.540227 2.343277 4.883504 4.236683
 0.000159 2.542042 2.332869 4.874911 3.990228
 0.000159 2.543513 2.321485 4.864998 3.715102
 0.000160 2.544661 2.309781 4.854442 3.432933
 0.000160 2.545526 2.297852 4.843378 3.149149
 0.000161 2.546189 2.286374 4.832562 2.883568
 0.000161 2.546658 2.275478 4.822136 2.638614
 0.000162 2.547029 2.265111 4.812139 2.413964
 0.000162 2.547360 2.255561 4.802921 2.215674
 0.000163 2.547871 2.246288 4.794159 2.035063
 0.000163 2.548684 2.236344 4.785028 1.855013
 0.000164 2.549867 2.224660 4.774527 1.658263
 0.000164 2.551617 2.209937 4.761555 1.430434
 0.000165 2.554022 2.191524 4.745545 1.172464
 0.000165 2.557001 2.168909 4.725910 0.891060
 0.000166 2.560544 2.142624 4.703168 0.613324
 0.000166 2.564443 2.114857 4.679300 0.377462
 0.000167 2.568666 2.088008 4.656675 0.206473
 0.000167 2.572962 2.064290 4.637253 0.100526
 0.000168 2.577193 2.045662 4.622855 0.046334
 0.000168 2.581279 2.033123 4.614402 0.024174
 0.000169 2.585066 2.026989 4.612055 0.019289
 0.000169 2.588411 2.027936 4.616346 0.028639
 0.000170 2.591295 2.035622 4.626916 0.059522
 0.000170 2.593877 2.049585 4.643462 0.130296
 0.000171 2.596180 2.068907 4.665087 0.264072
 0.000171 2.598359 2.091995 4.690353 0.479606
 0.000172 2.600396 2.117725 4.718122 0.790122
 0.000172 2.602398 2.144223 4.746621 1.188993
 0.000173 2.604456 2.169442 4.773899 1.646836
 0.000173 2.606643 2.191012 4.797655 2.106200
 0.000174 2.609165 2.207337 4.816502 2.510787
 0.000174 2.611800 2.217927 4.829727 2.815872
 0.000175 2.614700 2.222586 4.837286 2.998125
 0.000175 2.617741 2.222341 4.840082 3.066989
 0.000176 2.620782 2.218466 4.839248 3.046354
 0.000176 2.623615 2.212407 4.836022 2.967241
 0.000177 2.626076 2.205676 4.831751 2.864124
 0.000177 2.628055 2.198565 4.826620 2.742625
 0.000178 2.629533 2.191668 4.821201 2.617186
 0.000178 2.630615 2.185513 4.816128 2.502391
 0.000179 2.631282 2.180460 4.811741 2.405231
 0.000179 2.631544 2.177025 4.808569 2.336156
 0.000180 2.631476 2.175131 4.806608 2.293954
 0.000180 2.631244 2.174975 4.806218 2.285621
 0.000181 2.630913 2.176669 4.807582 2.314875
 0.000181 2.630634 2.179660 4.810294 2.373592
 0.000182 2.630584 2.183222 4.813807 2.450739
 0.000182 2.630898 2.186596 4.817495 2.533069
 0.000183 2.631580 2.188907 4.820487 2.600871
 0.000183 2.632783 2.188400 4.821184 2.616780
 0.000184 2.634487 2.184260 4.818748 2.561348
 0.000184 2.636601 2.176803 4.813404 2.441833
 0.000185 2.639226 2.167349 4.806575 2.293252
 0.000185 2.642189 2.157356 4.799545 2.145173
 0.000186 2.645138 2.148880 4.794018 2.032204
 0.000186 2.648084 2.142926 4.791009 1.972012
 0.000187 2.650933 2.139949 4.790881 1.969469
 0.000187 2.653465 2.140164 4.793629 2.024370
 0.000188 2.655609 2.144257 4.799866 2.151820
 0.000188 2.657535 2.151863 4.809398 2.354104
 0.000189 2.659265 2.162896 4.822161 2.639199
 0.000189 2.660885 2.176468 4.837352 2.999743
 0.000190 2.662268 2.191783 4.854051 3.422696
 0.000190 2.663398 2.208467 4.871866 3.904663
 0.000191 2.664606 2.225479 4.890085 4.430408
 0.000191 2.665866 2.240809 4.906675 4.938000
 0.000192 2.667225 2.253636 4.920862 5.393898
 0.000192 2.668764 2.262889 4.931654 5.754181
 0.000193 2.670472 2.267351 4.937823 5.965364
 0.000193 2.672281 2.265641 4.937922 5.968791
 0.000194 2.674077 2.257461 4.931538 5.750262
 0.000194 2.675793 2.243602 4.919395 5.345837
 0.000195 2.677456 2.225001 4.902457 4.806334
 0.000195 2.678910 2.203098 4.882009 4.193258
 0.000196 2.679841 2.179474 4.859314 3.561798
 0.000196 2.680065 2.155124 4.835188 2.946975
 0.000197 2.679649 2.131714 4.811363 2.396937
 0.000197 2.678471 2.110493 4.788964 1.931600
 0.000198 2.676568 2.092208 4.768776 1.555187
 0.000198 2.673961 2.077661 4.751622 1.267363
 0.000199 2.670885 2.067656 4.738541 1.067660
 0.000199 2.667602 2.062311 4.729913 0.945300
 0.000200 2.664070 2.061148 4.725219 0.881856
 0.000200 2.660461 2.064781 4.725242 0.882164
 0.000201 2.656732 2.072123 4.728856 0.930822
 0.000201 2.652961 2.081274 4.734235 1.005665
 0.000202 2.649329 2.090520 4.739850 1.086868
 0.000202 2.646008 2.098268 4.744275 1.153095
 0.000203 2.642969 2.103182 4.746150 1.181745
 0.000203 2.640229 2.104750 4.744980 1.163819
 0.000204 2.637575 2.104061 4.741636 1.113366
 0.000204 2.635048 2.102661 4.737709 1.055536
 0.000205 2.632400 2.102465 4.734865 1.014616
 0.000205 2.629477 2.104624 4.734102 1.003773
 0.000206 2.626275 2.109838 4.736112 1.032462
 0.000206 2.622777 2.118509 4.741286 1.108145
 0.000207 2.619005 2.130600 4.749605 1.235453
 0.000207 2.615040 2.145355 4.760395 1.410876
 0.000208 2.610880 2.162574 4.773454 1.638781
 0.000208 2.606687 2.181483 4.788170 1.916034
 0.000209 2.602677 2.201465 4.804143 2.241457
 0.000209 2.599104 2.222183 4.821288 2.619167
 0.000210 2.596039 2.243140 4.839179 3.044653
 0.000210 2.593556 2.262944 4.856500 3.487064
 0.000211 2.591712 2.280940 4.872652 3.926662
 0.000211 2.590602 2.295409 4.886010 4.309942
 0.000212 2.590356 2.305297 4.895653 4.597701
 0.000212 2.590857 2.309589 4.900446 4.744188
 0.000213 2.591962 2.307850 4.899811 4.724659
 0.000213 2.593574 2.300530 4.894104 4.550839
 0.000214 2.595581 2.288899 4.884481 4.265151
 0.000214 2.597557 2.273824 4.871382 3.891153
 0.000215 2.599338 2.256352 4.855690 3.465708
 0.000215 2.600835 2.237462 4.838297 3.022932
 0.000216 2.602054 2.218138 4.820191 2.594128
 0.000216 2.603015 2.199223 4.802238 2.201309
 0.000217 2.603717 2.180977 4.784694 1.848592
 0.000217 2.604234 2.163859 4.768094 1.543174
 0.000218 2.604692 2.148599 4.753290 1.294058
 0.000218 2.605169 2.135739 4.740908 1.102531
 0.000219 2.605720 2.126193 4.731913 0.972998
 0.000219 2.606475 2.120318 4.726793 0.902883
 0.000220 2.607443 2.118205 4.725648 0.887563
 0.000220 2.608626 2.118920 4.727546 0.913029
 0.000221 2.610103 2.121123 4.731226 0.963438
 0.000221 2.611839 2.123107 4.734946 1.015774
 0.000222 2.613886 2.123588 4.737474 1.052129
 0.000222 2.616062 2.121695 4.737757 1.056235
 0.000223 2.618104 2.117549 4.735653 1.025876
 0.000223 2.619905 2.112011 4.731916 0.973047
 0.000224 2.621304 2.106450 4.727754 0.915846
 0.000224 2.622086 2.102502 4.724589 0.873510
 0.000225 2.622161 2.101146 4.723307 0.856655
 0.000225 2.621512 2.103065 4.724578 0.873365
 0.000226 2.620084 2.108568 4.728652 0.928045
 0.000226 2.618088 2.117734 4.735822 1.028302
 0.000227 2.615659 2.130806 4.746465 1.186586
 0.000227 2.612917 2.147704 4.760621 1.414685
 0.000228 2.610009 2.167502 4.777512 1.713059
 0.000228 2.606994 2.189216 4.796210 2.076638
 0.000229 2.604022 2.212313 4.816335 2.507033
 0.000229 2.601257 2.235547 4.836804 2.986329
 0.000230 2.598709 2.258280 4.856989 3.500009
 0.000230 2.596342 2.279284 4.875626 4.010455
 0.000231 2.594316 2.297557 4.891874 4.483807
 0.000231 2.592496 2.311751 4.904247 4.861988
 0.000232 2.590951 2.320899 4.911850 5.101982
 0.000232 2.589642 2.324799 4.914441 5.185068
 0.000233 2.588360 2.323480 4.911841 5.101684
 0.000233 2.586782 2.317494 4.904276 4.862904
 0.000234 2.584899 2.307785 4.892683 4.508091
 0.000234 2.582445 2.295356 4.877800 4.072274
 0.000235 2.579514 2.280848 4.860362 3.589813
 0.000235 2.576285 2.265649 4.841934 3.113015
 0.000236 2.572862 2.250148 4.823010 2.658734
 0.000236 2.569380 2.235137 4.804517 2.249391
 0.000237 2.566117 2.221635 4.787752 1.907857
 0.000237 2.563180 2.210057 4.773237 1.634849
 0.000238 2.560595 2.200579 4.761174 1.424000
 0.000238 2.558546 2.193909 4.752455 1.280655
 0.000239 2.557002 2.190032 4.747034 1.195371
 0.000239 2.555993 2.188855 4.744848 1.161807
 0.000240 2.555545 2.190134 4.745679 1.174512
 0.000240 2.555712 2.193008 4.748720 1.221578
 0.000241 2.556452 2.196175 4.752627 1.283414
 0.000241 2.557798 2.198595 4.756393 1.344467
 0.000242 2.559656 2.199870 4.759526 1.396324
 0.000242 2.561769 2.199770 4.761539 1.430168
 0.000243 2.563655 2.198867 4.762522 1.446844
 0.000243 2.565184 2.197668 4.762851 1.452448
 0.000244 2.566337 2.197241 4.763578 1.464857
 0.000244 2.567064 2.198037 4.765101 1.491036
 0.000245 2.567354 2.200377 4.767731 1.536802
 0.000245 2.567358 2.204677 4.772036 1.613201
 0.000246 2.567283 2.210899 4.778183 1.725502
 0.000246 2.567060 2.218900 4.785960 1.872998
 0.000247 2.566747 2.228195 4.794942 2.050876
 0.000247 2.566292 2.238236 4.804528 2.249624
 0.000248 2.565819 2.248779 4.814598 2.468295
 0.000248 2.565343 2.259363 4.824705 2.697966
 0.000249 2.564898 2.269029 4.833927 2.916429
 0.000249 2.564377 2.277206 4.841583 3.104273
 0.000250 2.563835 2.282638 4.846473 3.227295
 0.000250 2.563190 2.284565 4.847755 3.259945
 0.000251 2.562284 2.282407 4.844691 3.182180
 0.000251 2.561023 2.276051 4.837074 2.992925
 0.000252 2.559156 2.265342 4.824498 2.693144
 0.000252 2.556429 2.251071 4.807500 2.313100
 0.000253 2.552638 2.234113 4.786751 1.888339
 0.000253 2.547952 2.215528 4.763480 1.463186
 0.000254 2.542441 2.196523 4.738964 1.073855
 0.000254 2.536245 2.178685 4.714929 0.750503
 0.000255 2.529621 2.163136 4.692757 0.503439
 0.000255 2.522590 2.150751 4.673341 0.327461
 0.000256 2.515452 2.142324 4.657776 0.213613
 0.000256 2.508356 2.138176 4.646531 0.146436
 0.000257 2.501236 2.138203 4.639439 0.110568
 0.000257 2.494381 2.142397 4.636778 0.098409
 0.000258 2.487901 2.150832 4.638732 0.107271
 0.000258 2.481826 2.163249 4.645075 0.138660
 0.000259 2.476225 2.178672 4.654897 0.195208
 0.000259 2.471095 2.196078 4.667173 0.279448
 0.000260 2.466578 2.214580 4.681158 0.393775
 0.000260 2.462605 2.232961 4.695566 0.532021
 0.000261 2.458944 2.251015 4.709959 0.690841
 0.000261 2.455444 2.268344 4.723787 0.862949
 0.000262 2.451864 2.284379 4.736243 1.034346
 0.000262 2.448014 2.299129 4.747142 1.197043
 0.000263 2.443858 2.312700 4.756558 1.347165
 0.000263 2.439495 2.325338 4.764833 1.486414
 0.000264 2.434913 2.337610 4.772523 1.621964
 0.000264 2.430442 2.349468 4.779910 1.757742
 0.000265 2.426260 2.360350 4.786610 1.885599
 0.000265 2.422588 2.369898 4.792486 2.001435
 0.000266 2.419423 2.378224 4.797647 2.106030
 0.000266 2.416779 2.385304 4.802083 2.198054
 0.000267 2.414759 2.391140 4.805899 2.278804
 0.000267 2.413452 2.395551 4.809003 2.345549
 0.000268 2.412903 2.398801 4.811703 2.404393
 0.000268 2.413238 2.400347 4.813586 2.445847
 0.000269 2.414428 2.400167 4.814595 2.468227
 0.000269 2.416390 2.397775 4.814165 2.458679
 0.000270 2.418994 2.392332 4.811326 2.396129
 0.000270 2.422043 2.384320 4.806363 2.288706
 0.000271 2.425313 2.373700 4.799012 2.134149
 0.000271 2.428574 2.361032 4.789605 1.944228
 0.000272 2.431644 2.346754 4.778398 1.729504
 0.000272 2.434243 2.331916 4.766160 1.509379
 0.000273 2.436382 2.317730 4.754113 1.307325
 0.000273 2.438097 2.305088 4.743185 1.136597
 0.000274 2.439667 2.295189 4.734856 1.014496
 0.000274 2.441129 2.288743 4.729872 0.944738
 0.000275 2.442547 2.286104 4.728651 0.928027
 0.000275 2.444117 2.287124 4.731241 0.963653
 0.000276 2.445851 2.291840 4.737691 1.055273
 0.000276 2.447780 2.300455 4.748235 1.214017
 0.000277 2.450053 2.312684 4.762737 1.450495
 0.000277 2.452667 2.327556 4.780222 1.763602
 0.000278 2.455510 2.344177 4.799687 2.148113
 0.000278 2.458414 2.361802 4.820216 2.594691
 0.000279 2.461436 2.379771 4.841207 3.094901
 0.000279 2.464517 2.397227 4.861743 3.626924
 0.000280 2.467518 2.413020 4.880537 4.150763
 0.000280 2.470194 2.426809 4.897003 4.638723
 0.000281 2.472079 2.438516 4.910595 5.061971
 0.000281 2.473006 2.448417 4.921423 5.412343
 0.000282 2.472630 2.456263 4.928892 5.660888
 0.000282 2.471205 2.462231 4.933437 5.814840
 0.000283 2.468809 2.466351 4.935160 5.873735
 0.000283 2.465745 2.468591 4.934335 5.845517
 0.000284 2.462229 2.468941 4.931169 5.737759
 0.000284 2.458504 2.467444 4.925948 5.562248
 0.000285 2.454582 2.463666 4.918247 5.308371
 0.000285 2.450579 2.457969 4.908549 4.997067
 0.000286 2.446554 2.450657 4.897211 4.645060
 0.000286 2.442577 2.441816 4.884393 4.262595
 0.000287 2.438707 2.431416 4.870123 3.856133
 0.000287 2.435008 2.419364 4.854372 3.431115
 0.000288 2.431589 2.405715 4.837304 2.998555
 0.000288 2.428531 2.390478 4.819010 2.567288
 0.000289 2.425648 2.373662 4.799310 2.140293
 0.000289 2.422608 2.355996 4.778604 1.733343
 0.000290 2.419306 2.337177 4.756483 1.345930
 0.000290 2.415471 2.317912 4.733383 0.993620
 0.000291 2.410984 2.298770 4.709754 0.688439
 0.000291 2.405810 2.279987 4.685797 0.436022
 0.000292 2.400076 2.262687 4.662762 0.247447
 0.000292 2.394005 2.247651 4.641656 0.121242
 0.000293 2.387920 2.235431 4.623350 0.047853
 0.000293 2.381995 2.226534 4.608529 0.012984
 0.000294 2.376564 2.221546 4.598110 0.001622
 0.000294 2.371864 2.220668 4.592532 0.000001
 0.000295 2.367992 2.223354 4.591346 0.000057
 0.000295 2.365003 2.229768 4.594771 0.000278
 0.000296 2.362915 2.239715 4.602631 0.005219
 0.000296 2.361697 2.252835 4.614532 0.024461
 0.000297 2.361383 2.267763 4.629146 0.067461
 0.000297 2.362053 2.283374 4.645427 0.140518
 0.000298 2.363738 2.298834 4.662572 0.246110
 0.000298 2.366448 2.313263 4.679711 0.381037
 0.000299 2.369990 2.326034 4.696024 0.536750
 0.000299 2.374139 2.336753 4.710893 0.701861
 0.000300 2.378774 2.345291 4.724065 0.866606
 0.000300 2.383448 2.351187 4.734635 1.011343
 0.000301 2.387918 2.354962 4.742881 1.132013
 0.000301 2.392127 2.356707 4.748834 1.223358
 0.000302 2.396259 2.357021 4.753280 1.293903
 0.000302 2.400406 2.355893 4.756299 1.342915
 0.000303 2.404790 2.353591 4.758381 1.377255
 0.000303 2.409505 2.350356 4.759860 1.401915
 0.000304 2.414703 2.346473 4.761176 1.424027
 0.000304 2.420646 2.341741 4.762387 1.444548
 0.000305 2.427319 2.336534 4.763853 1.469571
 0.000305 2.434820 2.330872 4.765691 1.501258
 0.000306 2.443099 2.325247 4.768346 1.547615
 0.000306 2.452339 2.319080 4.771419 1.602149
 0.000307 2.462464 2.312601 4.775065 1.668067
 0.000307 2.473206 2.305921 4.779127 1.743086
 0.000308 2.484672 2.298984 4.783656 1.828685
 0.000308 2.496420 2.291999 4.788419 1.920900
 0.000309 2.508230 2.285029 4.793260 2.016951
 0.000309 2.519832 2.278555 4.798387 2.121248
 0.000310 2.530611 2.273232 4.803843 2.235106
 0.000310 2.540437 2.269477 4.809914 2.365309
 0.000311 2.549131 2.267520 4.816651 2.514114
 0.000311 2.556757 2.267689 4.824446 2.691948
 0.000312 2.563392 2.270008 4.833400 2.903720
 0.000312 2.569379 2.274738 4.844117 3.167720
 0.000313 2.574892 2.281597 4.856489 3.486782
 0.000313 2.580146 2.290104 4.870250 3.859654
 0.000314 2.585245 2.299643 4.884888 4.277059
 0.000314 2.590184 2.310177 4.900361 4.741576
 0.000315 2.594959 2.321517 4.916476 5.250802
 0.000315 2.599534 2.332590 4.932125 5.770170
 0.000316 2.603938 2.343103 4.947041 6.288016
 0.000316 2.608110 2.352620 4.960730 6.782848
 0.000317 2.611969 2.360688 4.972657 7.229226
 0.000317 2.615480 2.366586 4.982067 7.591469
 0.000318 2.618418 2.370030 4.988448 7.842152
 0.000318 2.620612 2.370597 4.991208 7.951851
 0.000319 2.621702 2.368268 4.989970 7.902532
 0.000319 2.621477 2.363152 4.984629 7.691650
 0.000320 2.619802 2.355069 4.974871 7.313691
 0.000320 2.616541 2.343993 4.960534 6.775641
 0.000321 2.611704 2.329935 4.941639 6.097900
 0.000321 2.605714 2.313235 4.918949 5.331256
 0.000322 2.598967 2.294514 4.893482 4.532090
 0.000322 2.591581 2.274161 4.865742 3.735420
 0.000323 2.584006 2.253009 4.837015 2.991477
 0.000323 2.576494 2.231232 4.807726 2.317975
 0.000324 2.569122 2.209696 4.778818 1.737328
 0.000324 2.561879 2.188763 4.750642 1.251809
 0.000325 2.554988 2.168654 4.723641 0.861035
 0.000325 2.548515 2.150249 4.698763 0.565512
 0.000326 2.542380 2.133913 4.676293 0.351788
 0.000326 2.536593 2.119903 4.656496 0.205325
 0.000327 2.531175 2.108563 4.639738 0.111980
 0.000327 2.526020 2.100335 4.626355 0.057600
 0.000328 2.521130 2.094979 4.616109 0.028072
 0.000328 2.516236 2.092588 4.608824 0.013464
 0.000329 2.511138 2.092566 4.603704 0.006374
 0.000329 2.505748 2.094531 4.600278 0.003093
 0.000330 2.500115 2.098174 4.598290 0.001726
 0.000330 2.494363 2.103170 4.597533 0.001310
 0.000331 2.488749 2.109369 4.598118 0.001627
 0.000331 2.483811 2.116626 4.600437 0.003218
 0.000332 2.479683 2.124729 4.604412 0.007198
 0.000332 2.476312 2.133864 4.610176 0.015774
 0.000333 2.473993 2.144311 4.618304 0.033514
 0.000333 2.472639 2.156140 4.628779 0.066120
 0.000334 2.472279 2.168828 4.641107 0.118549
 0.000334 2.472984 2.182414 4.655398 0.198351
 0.000335 2.474657 2.196981 4.671638 0.313822
 0.000335 2.477070 2.212069 4.689139 0.467786
 0.000336 2.480288 2.227372 4.707660 0.664083
 0.000336 2.484214 2.242494 4.726708 0.901751
 0.000337 2.488886 2.256766 4.745652 1.174097
 0.000337 2.493923 2.269644 4.763566 1.464661
 0.000338 2.499203 2.280200 4.779403 1.748251
 0.000338 2.504322 2.288389 4.792711 2.005954
 0.000339 2.509025 2.294452 4.803478 2.227397
 0.000339 2.513258 2.297901 4.811159 2.392481
 0.000340 2.517149 2.299086 4.816235 2.504795
 0.000340 2.520983 2.298040 4.819023 2.567585
 0.000341 2.525006 2.294876 4.819882 2.587088
 0.000341 2.529415 2.289770 4.819185 2.571254
 0.000342 2.534282 2.283448 4.817730 2.538371
 0.000342 2.539773 2.276742 4.816515 2.511058
 0.000343 2.545859 2.270309 4.816168 2.503299
 0.000343 2.552574 2.263987 4.816561 2.512098
 0.000344 2.559640 2.258748 4.818387 2.553201
 0.000344 2.567003 2.254522 4.821526 2.624610
 0.000345 2.574734 2.251594 4.826328 2.735787
 0.000345 2.582580 2.250663 4.833243 2.899931
 0.000346 2.590356 2.251992 4.842349 3.123369
 0.000346 2.597952 2.255278 4.853230 3.401261
 0.000347 2.605190 2.260343 4.865534 3.729719
 0.000347 2.611545 2.267026 4.878571 4.094299
 0.000348 2.616808 2.274525 4.891333 4.467635
 0.000348 2.620713 2.282241 4.902954 4.821776
 0.000349 2.623204 2.289845 4.913049 5.140346
 0.000349 2.624355 2.296671 4.921025 5.399282
 0.000350 2.624568 2.302062 4.926629 5.585005
 0.000350 2.624148 2.305357 4.929505 5.681508
 0.000351 2.623335 2.306253 4.929587 5.684304
 0.000351 2.622295 2.304929 4.927224 5.604879
 0.000352 2.621284 2.301541 4.922825 5.458588
 0.000352 2.620375 2.296443 4.916818 5.261918
 0.000353 2.619577 2.290169 4.909746 5.034994
 0.000353 2.618977 2.283071 4.902047 4.793651
 0.000354 2.618484 2.275883 4.894367 4.558782
 0.000354 2.617894 2.268413 4.886308 4.318676
 0.000355 2.617344 2.260884 4.878228 4.084484
 0.000355 2.616726 2.253315 4.870041 3.853848
 0.000356 2.615975 2.246085 4.862060 3.635461
 0.000356 2.614952 2.238687 4.853639 3.411924
 0.000357 2.613370 2.231182 4.844552 3.178683
 0.000357 2.611083 2.223017 4.834100 2.920620
 0.000358 2.607875 2.214254 4.822129 2.638452
 0.000358 2.603990 2.204780 4.808770 2.340510
 0.000359 2.599654 2.194000 4.793654 2.024875
 0.000359 2.595021 2.181527 4.776548 1.695268
 0.000360 2.590539 2.167069 4.757607 1.364447
 0.000360 2.586602 2.150672 4.737275 1.049236
 0.000361 2.583262 2.133211 4.716473 0.769531
 0.000361 2.580566 2.115040 4.695606 0.532434
 0.000362 2.578627 2.097254 4.675881 0.348341
 0.000362 2.577389 2.081410 4.658799 0.220350
 0.000363 2.577001 2.068899 4.645900 0.143037
 0.000363 2.577384 2.060448 4.637832 0.103140
 0.000364 2.578448 2.056326 4.634774 0.089719
 0.000364 2.580163 2.056745 4.636908 0.098988
 0.000365 2.582294 2.061096 4.643390 0.129928
 0.000365 2.584727 2.069380 4.654107 0.190305
 0.000366 2.587219 2.081100 4.668319 0.288077
 0.000366 2.589574 2.095328 4.684901 0.427695
 0.000367 2.591565 2.111132 4.702697 0.608120
 0.000367 2.593092 2.127039 4.720131 0.815582
 0.000368 2.594178 2.142206 4.736385 1.036379
 0.000368 2.594961 2.155684 4.750645 1.251851
 0.000369 2.595691 2.166747 4.762438 1.445419
 0.000369 2.596563 2.175199 4.771762 1.608291
 0.000370 2.597923 2.180342 4.778265 1.727029
 0.000370 2.599843 2.182006 4.781849 1.794281
 0.000371 2.602308 2.181271 4.783579 1.827214
 0.000371 2.605307 2.178970 4.784277 1.840574
 0.000372 2.608859 2.175374 4.784232 1.839720
 0.000372 2.612898 2.170863 4.783762 1.830698
 0.000373 2.617334 2.166252 4.783585 1.827328
 0.000373 2.622216 2.162100 4.784316 1.841324
 0.000374 2.627424 2.158488 4.785912 1.872087
 0.000374 2.632840 2.155358 4.788198 1.916572
 0.000375 2.638266 2.152836 4.791102 1.973842
 0.000375 2.643528 2.150969 4.794497 2.041883
 0.000376 2.648296 2.149861 4.798157 2.116514
 0.000376 2.652416 2.149291 4.801706 2.190171
 0.000377 2.655691 2.149015 4.804706 2.253396
 0.000377 2.658074 2.148352 4.806427 2.290081
 0.000378 2.659676 2.146811 4.806488 2.291380
 0.000378 2.660683 2.143595 4.804279 2.244334
 0.000379 2.661409 2.138695 4.800103 2.156748
 0.000379 2.662069 2.132653 4.794722 2.046423
 0.000380 2.662591 2.125922 4.788513 1.922742
 0.000380 2.663067 2.119214 4.782280 1.802462
 0.000381 2.663806 2.113150 4.776956 1.702797
 0.000381 2.664944 2.108661 4.773605 1.641513
 0.000382 2.666303 2.106403 4.772706 1.625259
 0.000382 2.667819 2.106834 4.774653 1.660560
 0.000383 2.669425 2.110220 4.779644 1.752763
 0.000383 2.671076 2.116550 4.787626 1.905396
 0.000384 2.672624 2.125481 4.798105 2.115449
 0.000384 2.673785 2.136714 4.810499 2.378048
 0.000385 2.674462 2.149975 4.824437 2.691737
 0.000385 2.674301 2.164793 4.839094 3.042544
 0.000386 2.673251 2.180041 4.853292 3.402862
 0.000386 2.671276 2.195035 4.866311 3.750988
 0.000387 2.668339 2.208033 4.876371 4.031595
 0.000387 2.664472 2.217983 4.882456 4.206214
 0.000388 2.659920 2.223991 4.883911 4.248533
 0.000388 2.655096 2.225681 4.880777 4.157668
 0.000389 2.650295 2.222948 4.873243 3.943247
 0.000389 2.645607 2.215603 4.861210 3.612567
 0.000390 2.641009 2.204969 4.845979 3.214754
 0.000390 2.636566 2.192266 4.828832 2.794687
 0.000391 2.632314 2.178849 4.811162 2.392544
 0.000391 2.628298 2.165877 4.794175 2.035370
 0.000392 2.624570 2.154076 4.778646 1.734124
 0.000392 2.621129 2.144456 4.765585 1.499416
 0.000393 2.617734 2.137385 4.755119 1.323652
 0.000393 2.614474 2.133187 4.747661 1.205085
 0.000394 2.611290 2.131840 4.743131 1.135777
 0.000394 2.608074 2.133828 4.741902 1.117338
 0.000395 2.604519 2.138460 4.742980 1.133503
 0.000395 2.600475 2.145466 4.745941 1.178531
 0.000396 2.595956 2.154121 4.750076 1.242875
 0.000396 2.590978 2.163141 4.754119 1.307424
 0.000397 2.585737 2.170824 4.756561 1.347210
 0.000397 2.580494 2.175749 4.756243 1.342008
 0.000398 2.575560 2.177362 4.752922 1.288148
 0.000398 2.571305 2.175864 4.747169 1.197463
 0.000399 2.567873 2.171768 4.739641 1.083795
 0.000399 2.565344 2.166523 4.731867 0.972361
 0.000400 2.563507 2.161765 4.725272 0.882564
 0.000400 2.562293 2.158513 4.720806 0.824225
 0.000401 2.561667 2.157800 4.719467 0.807124
 0.000401 2.561434 2.160073 4.721507 0.833257
 0.000402 2.561549 2.165233 4.726783 0.902748
 0.000402 2.561969 2.173092 4.735062 1.017421
 0.000403 2.562616 2.183790 4.746406 1.185680
 0.000403 2.563391 2.196730 4.760122 1.406297
 0.000404 2.563980 2.211644 4.775624 1.678298
 0.000404 2.564345 2.228028 4.792373 1.999183
 0.000405 2.564239 2.245310 4.809549 2.357388
 0.000405 2.563539 2.262184 4.825723 2.721656
 0.000406 2.562160 2.276892 4.839052 3.041518
 0.000406 2.560386 2.288374 4.848760 3.285669
 0.000407 2.558452 2.295483 4.853935 3.419667
 0.000407 2.556469 2.297681 4.854151 3.425314
 0.000408 2.554666 2.295049 4.849714 3.310179
 0.000408 2.553103 2.287750 4.840853 3.086100
 0.000409 2.551964 2.276613 4.828577 2.788660
 0.000409 2.551121 2.263037 4.814158 2.458523
 0.000410 2.550562 2.248154 4.798716 2.128033
 0.000410 2.550526 2.233048 4.783573 1.827101
 0.000411 2.550883 2.218856 4.769739 1.572210
 0.000411 2.551560 2.206621 4.758181 1.373939
 0.000412 2.552430 2.196577 4.749007 1.226072
 0.000412 2.553440 2.188880 4.742320 1.123598
 0.000413 2.554362 2.184132 4.738494 1.066977
 0.000413 2.554875 2.182854 4.737730 1.055833
 0.000414 2.554876 2.185044 4.739920 1.087909
 0.000414 2.554288 2.190635 4.744923 1.162956
 0.000415 2.553034 2.199319 4.752353 1.279032
 0.000415 2.551053 2.209713 4.760766 1.417120
 0.000416 2.548559 2.220750 4.769309 1.564596
 0.000416 2.545875 2.231521 4.777396 1.710920
 0.000417 2.543335 2.240615 4.783950 1.834315
 0.000417 2.541204 2.246792 4.787996 1.912614
 0.000418 2.539517 2.249760 4.789277 1.937758
 0.000418 2.538351 2.250179 4.788530 1.923071
 0.000419 2.537937 2.249522 4.787459 1.902129
 0.000419 2.538005 2.248934 4.786940 1.892019
 0.000420 2.538374 2.249910 4.788284 1.918254
 0.000420 2.538944 2.253031 4.791976 1.991249
 0.000421 2.539705 2.258890 4.798595 2.125530
 0.000421 2.540566 2.267211 4.807777 2.319071
 0.000422 2.541269 2.277054 4.818323 2.551755
 0.000422 2.541708 2.288579 4.830287 2.829193
 0.000423 2.541908 2.301102 4.843010 3.139915
 0.000423 2.541579 2.314305 4.855884 3.470833
 0.000424 2.540565 2.328009 4.868573 3.813206
 0.000424 2.538693 2.341117 4.879810 4.129827
 0.000425 2.536165 2.352563 4.888728 4.390112
 0.000425 2.533241 2.361353 4.894594 4.565641
 0.000426 2.530189 2.366320 4.896509 4.623695
 0.000426 2.527342 2.365743 4.893085 4.520169
 0.000427 2.524844 2.359698 4.884541 4.266921
 0.000427 2.522729 2.347785 4.870514 3.866994
 0.000428 2.521007 2.331296 4.852303 3.377127
 0.000428 2.519805 2.312029 4.831834 2.866097
 0.000429 2.519032 2.291960 4.810993 2.388834
 0.000429 2.518648 2.272507 4.791155 1.974908
 0.000430 2.518555 2.254878 4.773433 1.638394
 0.000430 2.518728 2.239758 4.758486 1.378999
 0.000431 2.519043 2.227917 4.746961 1.194234
 0.000431 2.519389 2.220228 4.739616 1.083430
 0.000432 2.519458 2.216838 4.736296 1.035109
 0.000432 2.519334 2.217003 4.736337 1.035701
 0.000433 2.518802 2.220863 4.739665 1.084143
 0.000433 2.517816 2.228410 4.746226 1.182916
 0.000434 2.516299 2.239381 4.755680 1.332792
 0.000434 2.514483 2.252284 4.766767 1.519945
 0.000435 2.512575 2.265566 4.778140 1.724717
 0.000435 2.510750 2.277534 4.788283 1.918238
 0.000436 2.509404 2.286743 4.796147 2.075353
 0.000436 2.508709 2.292548 4.801256 2.180759
 0.000437 2.508710 2.294699 4.803409 2.225941
 0.000437 2.509443 2.293724 4.803166 2.220833
 0.000438 2.510672 2.290703 4.801376 2.183254
 0.000438 2.512262 2.287039 4.799301 2.140113
 0.000439 2.514134 2.283262 4.797396 2.100885
 0.000439 2.516241 2.279689 4.795930 2.070943
 0.000440 2.518276 2.277130 4.795406 2.060286
 0.000440 2.520211 2.275243 4.795453 2.061255
 0.000441 2.521934 2.274078 4.796012 2.072614
 0.000441 2.523292 2.273449 4.796741 2.087476
 0.000442 2.524204 2.273309 4.797514 2.103300
 0.000442 2.524614 2.273556 4.798170 2.116783
 0.000443 2.524335 2.274355 4.798690 2.127490
 0.000443 2.523275 2.275990 4.799264 2.139358
 0.000444 2.521429 2.277762 4.799191 2.137843
 0.000444 2.518927 2.279184 4.798111 2.115571
 0.000445 2.516172 2.279340 4.795512 2.062435
 0.000445 2.513307 2.277158 4.790465 1.961209
 0.000446 2.510602 2.272051 4.782652 1.809531
 0.000446 2.508324 2.263716 4.772040 1.613273
 0.000447 2.506499 2.253130 4.759630 1.398056
 0.000447 2.505032 2.241124 4.746156 1.181837
 0.000448 2.503997 2.229084 4.733081 0.989364
 0.000448 2.503381 2.218896 4.722277 0.843226
 0.000449 2.502892 2.211671 4.714563 0.746026
 0.000449 2.502658 2.207952 4.710610 0.698523
 0.000450 2.502420 2.207956 4.710377 0.695764
 0.000450 2.502116 2.212254 4.714371 0.743678
 0.000451 2.501544 2.220330 4.721874 0.838001
 0.000451 2.500596 2.232422 4.733019 0.988485
 0.000452 2.499029 2.247790 4.746820 1.192056
 0.000452 2.496885 2.265850 4.762734 1.450450
 0.000453 2.494200 2.285820 4.780020 1.759797
 0.000453 2.491224 2.306656 4.797880 2.110826
 0.000454 2.488164 2.327021 4.815185 2.481353
 0.000454 2.485352 2.344991 4.830343 2.830511
 0.000455 2.483115 2.359612 4.842727 3.132833
 0.000455 2.481587 2.369712 4.851299 3.351085
 0.000456 2.480845 2.374623 4.855468 3.459876
 0.000456 2.480870 2.374927 4.855797 3.468525
 0.000457 2.481582 2.371675 4.853257 3.401952
 0.000457 2.482686 2.366011 4.848697 3.284053
 0.000458 2.484155 2.359089 4.843245 3.145812
 0.000458 2.485787 2.351943 4.837730 3.008994
 0.000459 2.487483 2.345143 4.832626 2.885096
 0.000459 2.489108 2.339286 4.828394 2.784333
 0.000460 2.490589 2.334793 4.825382 2.713718
 0.000460 2.491699 2.331279 4.822978 2.658002
 0.000461 2.492362 2.329257 4.821618 2.626735
 0.000461 2.492404 2.329221 4.821625 2.626900
 0.000462 2.491887 2.330928 4.822815 2.654239
 0.000462 2.491019 2.333877 4.824896 2.702407
 0.000463 2.489970 2.337968 4.827938 2.773592
 0.000463 2.488787 2.342482 4.831269 2.852585
 0.000464 2.487795 2.346094 4.833888 2.915500
 0.000464 2.487135 2.347573 4.834708 2.935324
 0.000465 2.486886 2.346139 4.833024 2.894671
 0.000465 2.487153 2.341255 4.828408 2.784657
 0.000466 2.487772 2.333745 4.821517 2.624406
 0.000466 2.488732 2.325674 4.814406 2.464028
 0.000467 2.489971 2.318384 4.808355 2.331536
 0.000467 2.491168 2.313149 4.804317 2.245158
 0.000468 2.492292 2.310559 4.802851 2.214182
 0.000468 2.493092 2.310782 4.803874 2.235767
 0.000469 2.493412 2.314109 4.807521 2.313558
 0.000469 2.493173 2.320484 4.813658 2.447444
 0.000470 2.492348 2.329769 4.822118 2.638191
 0.000470 2.490776 2.341512 4.832287 2.876967
 0.000471 2.488483 2.355051 4.843534 3.153069
 0.000471 2.485459 2.369826 4.855284 3.455047
 0.000472 2.481787 2.385562 4.867349 3.779469
 0.000472 2.477844 2.401550 4.879394 4.117879
 0.000473 2.473765 2.416870 4.890636 4.446811
 0.000473 2.469720 2.430103 4.899823 4.725034
 0.000474 2.465878 2.439679 4.905558 4.902961
 0.000474 2.462356 2.445138 4.907494 4.963778
 0.000475 2.459277 2.445725 4.905003 4.885587
 0.000475 2.456496 2.441024 4.897519 4.654468
 0.000476 2.454054 2.432730 4.886784 4.332693
 0.000476 2.452021 2.421859 4.873880 3.961173
 0.000477 2.450091 2.409294 4.859385 3.563691
 0.000477 2.448145 2.395834 4.843979 3.164247
 0.000478 2.446012 2.382109 4.828122 2.777909
 0.000478 2.443743 2.368518 4.812261 2.416649
 0.000479 2.441139 2.355594 4.796733 2.087317
 0.000479 2.438303 2.343652 4.781955 1.796301
 0.000480 2.435190 2.333411 4.768601 1.552097
 0.000480 2.431820 2.324609 4.756429 1.345055
 0.000481 2.428292 2.317067 4.745360 1.169621
 0.000481 2.424906 2.310751 4.735657 1.025930
 0.000482 2.421889 2.305221 4.727109 0.907144
 0.000482 2.419488 2.299892 4.719380 0.806019
 0.000483 2.417850 2.293926 4.711775 0.712359
 0.000483 2.417287 2.285920 4.703207 0.613754
 0.000484 2.418007 2.275574 4.693581 0.511742
 0.000484 2.420008 2.263093 4.683101 0.411213
 0.000485 2.423279 2.249150 4.672429 0.320123
 0.000485 2.427582 2.235108 4.662690 0.246937
 0.000486 2.432676 2.222211 4.654887 0.195143
 0.000486 2.438426 2.211096 4.649522 0.163067
 0.000487 2.444702 2.202883 4.647584 0.152190
 0.000487 2.451210 2.198017 4.649228 0.161391
 0.000488 2.457861 2.196339 4.654200 0.190877
 0.000488 2.464622 2.198010 4.662632 0.246530
 0.000489 2.471237 2.203028 4.674265 0.334983
 0.000489 2.477505 2.210672 4.688177 0.458529
 0.000490 2.483541 2.220711 4.704252 0.625385
 0.000490 2.489314 2.232436 4.721750 0.836395
 0.000491 2.494987 2.244529 4.739516 1.081952
 0.000491 2.500605 2.256460 4.757065 1.355502
 0.000492 2.506182 2.267242 4.773424 1.638235
 0.000492 2.511799 2.275615 4.787414 1.901247
 0.000493 2.517638 2.280821 4.798460 2.122748
 0.000493 2.523586 2.282127 4.805713 2.274825
 0.000494 2.529632 2.279412 4.809044 2.346441
 0.000494 2.535742 2.273502 4.809244 2.350760
 0.000495 2.541744 2.265625 4.807369 2.310287
 0.000495 2.547504 2.257274 4.804779 2.254943
 0.000496 2.552782 2.249520 4.802301 2.202639
 0.000496 2.557598 2.243335 4.800932 2.174002
 0.000497 2.561856 2.239517 4.801373 2.183192
 0.000497 2.565529 2.238633 4.804162 2.241856
 0.000498 2.568438 2.241046 4.809484 2.355971
 0.000498 2.570751 2.246560 4.817311 2.528948
 0.000499 2.572417 2.255303 4.827720 2.768460
 0.000499 2.573548 2.267125 4.840674 3.081652
 0.000500 2.574221 2.281563 4.855784 3.468200
