#! FIELDS time dAB dAC rc bias
 0.000000 1.819280 2.490233 4.309513 20.845175
 0.000000 1.812518 2.491513 4.304031 20.539793
 0.000001 1.806847 2.492517 4.299364 20.281525
 0.000001 1.802313 2.493156 4.295469 20.067304
 0.000002 1.798788 2.493515 4.292303 19.893977
 0.000002 1.796323 2.493496 4.289819 19.758521
 0.000003 1.795539 2.493204 4.288743 19.699971
 0.000003 1.796539 2.492597 4.289136 19.721335
 0.000004 1.799360 2.491626 4.290986 19.822110
 0.000004 1.803262 2.490316 4.293579 19.963719
 0.000005 1.807961 2.488717 4.296678 20.133694
 0.000005 1.813458 2.486778 4.300236 20.329668
 0.000006 1.819602 2.484724 4.304326 20.556154
 0.000006 1.825638 2.482550 4.308188 20.771186
 0.000007 1.831586 2.480268 4.311854 20.976302
 0.000007 1.837078 2.477844 4.314922 21.148758
 0.000008 1.841859 2.475362 4.317220 21.278408
 0.000008 1.845344 2.472733 4.318076 21.326780
 0.000009 1.846832 2.470002 4.316834 21.256567
 0.000009 1.846265 2.467247 4.313512 21.069412
 0.000010 1.843424 2.464327 4.307750 20.746754
 0.000010 1.837901 2.461350 4.299252 20.275347
 0.000011 1.829968 2.458389 4.288357 19.679012
 0.000011 1.820043 2.455450 4.275493 18.986261
 0.000012 1.808712 2.452503 4.261215 18.231942
 0.000012 1.796527 2.449569 4.246096 17.449869
 0.000013 1.783865 2.446599 4.230463 16.659250
 0.000013 1.770905 2.443611 4.214516 15.871608
 0.000014 1.758809 2.440616 4.199425 15.143808
 0.000014 1.747874 2.437635 4.185510 14.487854
 0.000015 1.738092 2.434589 4.172681 13.895981
 0.000015 1.729989 2.431595 4.161584 13.393976
 0.000016 1.723866 2.428637 4.152503 12.990036
 0.000016 1.720166 2.425647 4.145813 12.696407
 0.000017 1.719144 2.422727 4.141871 12.524948
 0.000017 1.721020 2.419881 4.140901 12.482958
 0.000018 1.725453 2.417109 4.142563 12.554943
 0.000018 1.731995 2.414560 4.146555 12.728785
 0.000019 1.741036 2.412185 4.153220 13.021714
 0.000019 1.752394 2.409922 4.162316 13.426823
 0.000020 1.765423 2.407712 4.173135 13.916705
 0.000020 1.779945 2.405574 4.185519 14.488289
 0.000021 1.794922 2.403529 4.198451 15.097424
 0.000021 1.809636 2.401542 4.211177 15.709128
 0.000022 1.823468 2.399543 4.223011 16.288818
 0.000022 1.835340 2.397662 4.233003 16.786433
 0.000023 1.844812 2.395945 4.240758 17.177830
 0.000023 1.851370 2.394337 4.245707 17.429973
 0.000024 1.855087 2.392880 4.247967 17.545738
 0.000024 1.856349 2.391619 4.247969 17.545816
 0.000025 1.855209 2.390397 4.245605 17.424773
 0.000025 1.852533 2.389334 4.241867 17.234172
 0.000026 1.848517 2.388428 4.236945 16.984834
 0.000026 1.843267 2.387595 4.230862 16.679172
 0.000027 1.837625 2.386777 4.224403 16.357672
 0.000027 1.832714 2.386043 4.218757 16.079201
 0.000028 1.828718 2.385364 4.214082 15.850415
 0.000028 1.825852 2.384819 4.210671 15.684539
 0.000029 1.824240 2.384354 4.208594 15.583954
 0.000029 1.823784 2.383920 4.207704 15.540949
 0.000030 1.824841 2.383517 4.208358 15.572555
 0.000030 1.827741 2.383212 4.210953 15.698241
 0.000031 1.832698 2.383026 4.215724 15.930611
 0.000031 1.839113 2.382790 4.221903 16.234084
 0.000032 1.846762 2.382521 4.229284 16.600342
 0.000032 1.855256 2.382174 4.237430 17.009328
 0.000033 1.864189 2.381803 4.245992 17.444582
 0.000033 1.872614 2.381353 4.253967 17.854878
 0.000034 1.880285 2.380970 4.261255 18.234069
 0.000034 1.887274 2.380609 4.267882 18.582308
 0.000035 1.893104 2.380222 4.273326 18.870790
 0.000035 1.896479 2.379833 4.276311 19.029976
 0.000036 1.896899 2.379370 4.276269 19.027717
 0.000036 1.894132 2.378885 4.273017 18.854396
 0.000037 1.888585 2.378407 4.266991 18.535297
 0.000037 1.880450 2.377928 4.258378 18.083894
 0.000038 1.870378 2.377481 4.247859 17.540192
 0.000038 1.859030 2.377041 4.236071 16.940771
 0.000039 1.846716 2.376681 4.223398 16.307924
 0.000039 1.834346 2.376394 4.210741 15.687936
 0.000040 1.822865 2.376156 4.199021 15.124552
 0.000040 1.812377 2.376155 4.188532 14.629085
 0.000041 1.803495 2.376423 4.179917 14.228332
 0.000041 1.796694 2.376828 4.173522 13.934403
 0.000042 1.791823 2.377375 4.169198 13.737443
 0.000042 1.789467 2.378125 4.167591 13.664598
 0.000043 1.789821 2.379089 4.168909 13.724322
 0.000043 1.792761 2.380279 4.173040 13.912391
 0.000044 1.798159 2.381631 4.179789 14.222402
 0.000044 1.805839 2.383200 4.189039 14.652872
 0.000045 1.815609 2.384907 4.200516 15.195846
 0.000045 1.827511 2.386669 4.214180 15.855204
 0.000046 1.840543 2.388577 4.229120 16.592181
 0.000046 1.853694 2.390539 4.244233 17.354692
 0.000047 1.866592 2.392662 4.259254 18.129568
 0.000047 1.878436 2.394968 4.273404 18.874977
 0.000048 1.888229 2.397402 4.285630 19.531118
 0.000048 1.895178 2.399903 4.295081 20.045981
 0.000049 1.899351 2.402560 4.301911 20.422264
 0.000049 1.900261 2.405435 4.305696 20.632315
 0.000050 1.898049 2.408474 4.306523 20.678314
 0.000050 1.893373 2.411674 4.305048 20.596258
 0.000051 1.886884 2.414931 4.301815 20.416966
 0.000051 1.879272 2.418226 4.297498 20.178778
 0.000052 1.871305 2.421459 4.292764 19.919154
 0.000052 1.863590 2.424730 4.288320 19.676975
 0.000053 1.856554 2.427954 4.284508 19.470404
 0.000053 1.850444 2.431185 4.281630 19.315187
 0.000054 1.845564 2.434404 4.279969 19.225872
 0.000054 1.842358 2.437658 4.280016 19.228416
 0.000055 1.841603 2.440893 4.282496 19.361850
 0.000055 1.843109 2.444022 4.287131 19.612418
 0.000056 1.846868 2.446977 4.293845 19.978289
 0.000056 1.852415 2.449951 4.302366 20.447469
 0.000057 1.859521 2.452949 4.312470 21.010851
 0.000057 1.867827 2.455844 4.323671 21.644378
 0.000058 1.877426 2.458735 4.336161 22.361914
 0.000058 1.887397 2.461561 4.348958 23.109208
 0.000059 1.896797 2.464385 4.361182 23.834491
 0.000059 1.904947 2.467116 4.372062 24.489512
 0.000060 1.911438 2.469726 4.381164 25.044260
 0.000060 1.915513 2.472137 4.387651 25.443417
 0.000061 1.916724 2.474500 4.391225 25.664702
 0.000061 1.914655 2.476815 4.391470 25.679910
 0.000062 1.909150 2.478872 4.388022 25.466347
 0.000062 1.900869 2.480641 4.381511 25.065520
 0.000063 1.889776 2.482161 4.371936 24.481875
 0.000063 1.876829 2.483475 4.360304 23.782035
 0.000064 1.862835 2.484806 4.347640 23.031702
 0.000064 1.848949 2.486020 4.334969 22.292943
 0.000065 1.835468 2.487078 4.322546 21.580352
 0.000065 1.823267 2.487989 4.311256 20.942794
 0.000066 1.812852 2.488775 4.301627 20.406578
 0.000066 1.805153 2.489493 4.294646 20.022149
 0.000067 1.800164 2.490052 4.290216 19.780101
 0.000067 1.798169 2.490451 4.288620 19.693259
 0.000068 1.799229 2.490609 4.289838 19.759510
 0.000068 1.803201 2.490528 4.293730 19.971968
 0.000069 1.809545 2.490054 4.299599 20.294512
 0.000069 1.818120 2.489351 4.307471 20.731153
 0.000070 1.828766 2.488449 4.317215 21.278096
 0.000070 1.840444 2.487278 4.327721 21.875789
 0.000071 1.851934 2.485876 4.337810 22.457549
 0.000071 1.862506 2.484213 4.346719 22.977570
 0.000072 1.871776 2.482305 4.354081 23.411803
 0.000072 1.878931 2.480140 4.359071 23.708444
 0.000073 1.882868 2.477742 4.360610 23.800298
 0.000073 1.883278 2.475091 4.358369 23.666605
 0.000074 1.880277 2.472303 4.352580 23.322972
 0.000074 1.873672 2.469231 4.342903 22.754091
 0.000075 1.863788 2.465981 4.329769 21.993268
 0.000075 1.851709 2.462488 4.314197 21.107922
 0.000076 1.838515 2.458830 4.297345 20.170368
 0.000076 1.825192 2.455009 4.280201 19.238335
 0.000077 1.812250 2.450947 4.263197 18.335775
 0.000077 1.800325 2.446715 4.247040 17.498226
 0.000078 1.790529 2.442399 4.232928 16.782670
 0.000078 1.783166 2.438006 4.221172 16.198009
 0.000079 1.778501 2.433622 4.212123 15.755052
 0.000079 1.777175 2.429219 4.206394 15.477763
 0.000080 1.779200 2.424927 4.204128 15.368771
 0.000080 1.784404 2.420785 4.205189 15.419777
 0.000081 1.792624 2.416624 4.209247 15.615573
 0.000081 1.803480 2.412496 4.215976 15.942924
 0.000082 1.816314 2.408462 4.224776 16.376171
 0.000082 1.830842 2.404617 4.235459 16.909929
 0.000083 1.846099 2.400887 4.246985 17.495412
 0.000083 1.861047 2.397249 4.258296 18.079618
 0.000084 1.874968 2.393631 4.268600 18.620205
 0.000084 1.886975 2.390136 4.277111 19.072722
 0.000085 1.896083 2.386749 4.282832 19.379937
 0.000085 1.901683 2.383488 4.285171 19.506263
 0.000086 1.903446 2.380375 4.283821 19.433314
 0.000086 1.901252 2.377327 4.278579 19.151315
 0.000087 1.895629 2.374274 4.269903 18.689136
 0.000087 1.887010 2.371237 4.258247 18.077058
 0.000088 1.876209 2.368286 4.244496 17.368096
 0.000088 1.864402 2.365248 4.229650 16.618613
 0.000089 1.852323 2.362149 4.214472 15.869484
 0.000089 1.840793 2.359037 4.199830 15.163104
 0.000090 1.830476 2.355879 4.186355 14.527285
 0.000090 1.821702 2.352664 4.174365 13.972999
 0.000091 1.814742 2.349374 4.164117 13.507731
 0.000091 1.810227 2.346177 4.156404 13.162794
 0.000092 1.808236 2.342948 4.151185 12.931904
 0.000092 1.809159 2.339739 4.148898 12.831369
 0.000093 1.812513 2.336509 4.149022 12.836826
 0.000093 1.818108 2.333357 4.151465 12.944256
 0.000094 1.825807 2.330312 4.156119 13.150130
 0.000094 1.835020 2.327182 4.162202 13.421690
 0.000095 1.845292 2.324106 4.169398 13.746514
 0.000095 1.855828 2.321116 4.176944 14.091293
 0.000096 1.866102 2.318136 4.184238 14.428625
 0.000096 1.875468 2.315157 4.190624 14.727258
 0.000097 1.883316 2.312063 4.195380 14.951616
 0.000097 1.889027 2.308949 4.197976 15.074829
 0.000098 1.891443 2.306012 4.197456 15.050106
 0.000098 1.890713 2.303060 4.193773 14.875632
 0.000099 1.887525 2.300134 4.187659 14.588214
 0.000099 1.881829 2.297174 4.179003 14.186139
 0.000100 1.874072 2.294127 4.168199 13.692136
 0.000100 1.864802 2.291159 4.155961 13.143120
 0.000101 1.854803 2.288311 4.143113 12.578850
 0.000101 1.844490 2.285599 4.130088 12.019441
 0.000102 1.834559 2.282985 4.117544 11.492708
 0.000102 1.825922 2.280392 4.106313 11.031126
 0.000103 1.818985 2.277981 4.096966 10.654193
 0.000103 1.813673 2.275701 4.089374 10.352830
 0.000104 1.809591 2.273421 4.083012 10.103638
 0.000104 1.807368 2.271128 4.078496 9.928614
 0.000105 1.807357 2.268802 4.076159 9.838611
 0.000105 1.809518 2.266516 4.076034 9.833830
 0.000106 1.813737 2.264305 4.078042 9.911101
 0.000106 1.819630 2.262033 4.081663 10.051195
 0.000107 1.826978 2.259773 4.086751 10.249727
 0.000107 1.835568 2.257458 4.093027 10.497290
 0.000108 1.844877 2.255038 4.099916 10.772432
 0.000108 1.854916 2.252565 4.107480 11.078646
 0.000109 1.864629 2.250067 4.114696 11.374750
 0.000109 1.873533 2.247557 4.121089 11.640376
 0.000110 1.880761 2.245093 4.125854 11.840334
 0.000110 1.885795 2.242700 4.128495 11.951899
 0.000111 1.888119 2.240300 4.128419 11.948654
 0.000111 1.887586 2.237876 4.125462 11.823792
 0.000112 1.884818 2.235435 4.120254 11.605485
 0.000112 1.879713 2.232948 4.112661 11.290844
 0.000113 1.872530 2.230425 4.102955 10.894967
 0.000113 1.863596 2.228021 4.091618 10.441446
 0.000114 1.853867 2.225780 4.079647 9.973087
 0.000114 1.843888 2.223681 4.067569 9.511385
 0.000115 1.834397 2.221692 4.056089 9.082736
 0.000115 1.825783 2.219885 4.045669 8.702173
 0.000116 1.818233 2.218213 4.036446 8.372142
 0.000116 1.812064 2.216624 4.028688 8.099494
 0.000117 1.807408 2.215231 4.022639 7.890029
 0.000117 1.804895 2.213939 4.018834 7.759667
 0.000118 1.804363 2.212870 4.017233 7.705139
 0.000118 1.805685 2.211995 4.017679 7.720309
 0.000119 1.808789 2.211431 4.020220 7.807022
 0.000119 1.814074 2.211152 4.025226 7.979254
 0.000120 1.820512 2.211119 4.031631 8.202400
 0.000120 1.828148 2.211339 4.039486 8.480242
 0.000121 1.837006 2.211784 4.048790 8.815292
 0.000121 1.846999 2.212433 4.059433 9.206554
 0.000122 1.857635 2.213311 4.070946 9.639376
 0.000122 1.868407 2.214578 4.082985 10.102620
 0.000123 1.878926 2.216153 4.095079 10.578877
 0.000123 1.889022 2.217955 4.106977 11.058148
 0.000124 1.897605 2.219874 4.117479 11.489985
 0.000124 1.903732 2.222005 4.125737 11.835376
 0.000125 1.907389 2.224430 4.131819 12.093038
 0.000125 1.908033 2.227104 4.135137 12.234748
 0.000126 1.905561 2.229949 4.135510 12.250761
 0.000126 1.900271 2.232930 4.133201 12.151961
 0.000127 1.892859 2.236023 4.128882 11.968258
 0.000127 1.884117 2.239217 4.123334 11.734349
 0.000128 1.873927 2.242501 4.116428 11.446406
 0.000128 1.862560 2.245815 4.108375 11.115162
 0.000129 1.850860 2.249121 4.099981 10.775057
 0.000129 1.838930 2.252517 4.091447 10.434700
 0.000130 1.827537 2.255932 4.083469 10.121456
 0.000130 1.816562 2.259342 4.075904 9.828825
 0.000131 1.806545 2.262793 4.069337 9.578316
 0.000131 1.797512 2.266211 4.063724 9.366712
 0.000132 1.789284 2.269656 4.058940 9.188265
 0.000132 1.781960 2.273004 4.054964 9.041241
 0.000133 1.775991 2.276305 4.052296 8.943271
 0.000133 1.771579 2.279660 4.051239 8.904592
 0.000134 1.768799 2.282903 4.051703 8.921536
 0.000134 1.767482 2.286060 4.053542 8.988953
 0.000135 1.767173 2.289090 4.056263 9.089157
 0.000135 1.768311 2.292088 4.060399 9.242518
 0.000136 1.770859 2.294874 4.065733 9.442195
 0.000136 1.774711 2.297522 4.072233 9.688381
 0.000137 1.779398 2.300120 4.079517 9.968067
 0.000137 1.784372 2.302537 4.086909 10.255920
 0.000138 1.789453 2.304815 4.094267 10.546578
 0.000138 1.794478 2.306857 4.101335 10.829563
 0.000139 1.799255 2.308666 4.107921 11.096618
 0.000139 1.803460 2.310250 4.113710 11.334069
 0.000140 1.806711 2.311565 4.118277 11.523143
 0.000140 1.808565 2.312591 4.121155 11.643134
 0.000141 1.809387 2.313415 4.122802 11.712032
 0.000141 1.809123 2.314036 4.123159 11.727009
 0.000142 1.807761 2.314469 4.122230 11.688067
 0.000142 1.805426 2.314625 4.120051 11.597037
 0.000143 1.802488 2.314469 4.116957 11.468339
 0.000143 1.799434 2.313954 4.113388 11.320805
 0.000144 1.796640 2.313156 4.109796 11.173244
 0.000144 1.794791 2.312169 4.106960 11.057441
 0.000145 1.794056 2.310984 4.105040 10.979398
 0.000145 1.794576 2.309643 4.104218 10.946085
 0.000146 1.796677 2.308302 4.104979 10.976927
 0.000146 1.800155 2.306892 4.107047 11.061001
 0.000147 1.805201 2.305408 4.110609 11.206548
 0.000147 1.811877 2.303859 4.115736 11.417746
 0.000148 1.820148 2.302173 4.122322 11.691920
 0.000148 1.829683 2.300600 4.130284 12.027744
 0.000149 1.840554 2.299249 4.139804 12.435496
 0.000149 1.852850 2.298113 4.150963 12.922138
 0.000150 1.866466 2.297111 4.163577 13.483446
 0.000150 1.880748 2.296167 4.176916 14.089996
 0.000151 1.895774 2.295295 4.191069 14.748200
 0.000151 1.911272 2.294567 4.205839 15.451038
 0.000152 1.926455 2.294019 4.220474 16.163645
 0.000152 1.940853 2.293707 4.234560 16.864686
 0.000153 1.954272 2.293578 4.247850 17.539737
 0.000153 1.965627 2.293642 4.259269 18.130322
 0.000154 1.974636 2.293953 4.268588 18.619593
 0.000154 1.980862 2.294387 4.275249 18.973238
 0.000155 1.983815 2.294914 4.278729 19.159353
 0.000155 1.983384 2.295584 4.278968 19.172181
 0.000156 1.979473 2.296376 4.275850 19.005315
 0.000156 1.972100 2.297307 4.269407 18.662857
 0.000157 1.961268 2.298391 4.259659 18.150671
 0.000157 1.947742 2.299572 4.247314 17.512275
 0.000158 1.931400 2.300962 4.232362 16.754320
 0.000158 1.913103 2.302473 4.215576 15.923382
 0.000159 1.893889 2.304045 4.197933 15.072807
 0.000159 1.874278 2.305836 4.180115 14.237443
 0.000160 1.854813 2.307866 4.162679 13.443094
 0.000160 1.836023 2.309990 4.146013 12.705108
 0.000161 1.817928 2.312121 4.130049 12.017755
 0.000161 1.801188 2.314238 4.115426 11.404913
 0.000162 1.786360 2.316434 4.102794 10.888448
 0.000162 1.773817 2.318711 4.092528 10.477500
 0.000163 1.763757 2.321027 4.084784 10.172766
 0.000163 1.756748 2.323342 4.080089 9.990199
 0.000164 1.753138 2.325645 4.078783 9.939699
 0.000164 1.752447 2.327912 4.080359 10.000617
 0.000165 1.754605 2.330232 4.084837 10.174838
 0.000165 1.759296 2.332653 4.091949 10.454555
 0.000166 1.765892 2.335154 4.101046 10.817911
 0.000166 1.774613 2.337700 4.112312 11.276505
 0.000167 1.785474 2.340183 4.125656 11.832000
 0.000167 1.798014 2.342624 4.140638 12.471551
 0.000168 1.811078 2.345005 4.156083 13.148556
 0.000168 1.823857 2.347176 4.171034 13.820882
 0.000169 1.836308 2.349234 4.185543 14.489396
 0.000169 1.848124 2.351151 4.199275 15.136657
 0.000170 1.858913 2.352963 4.211877 15.743080
 0.000170 1.867828 2.354777 4.222605 16.268744
 0.000171 1.874899 2.356618 4.231517 16.711960
 0.000171 1.880392 2.358358 4.238750 17.076097
 0.000172 1.883938 2.360051 4.243990 17.342289
 0.000172 1.886121 2.361734 4.247854 17.539955
 0.000173 1.886802 2.363422 4.250224 17.661736
 0.000173 1.886437 2.364945 4.251382 17.721375
 0.000174 1.885100 2.366420 4.251520 17.728499
 0.000174 1.882889 2.367938 4.250827 17.692760
 0.000175 1.880241 2.369317 4.249558 17.627442
 0.000175 1.877904 2.370710 4.248614 17.578937
 0.000176 1.875392 2.372163 4.247554 17.524578
 0.000176 1.873086 2.373669 4.246755 17.483602
 0.000177 1.871361 2.375230 4.246592 17.475261
 0.000177 1.870162 2.376750 4.246911 17.491621
 0.000178 1.869412 2.378261 4.247674 17.530700
 0.000178 1.869098 2.379763 4.248860 17.591596
 0.000179 1.869398 2.381220 4.250618 17.682002
 0.000179 1.870690 2.382829 4.253519 17.831736
 0.000180 1.872605 2.384650 4.257255 18.025455
 0.000180 1.874869 2.386705 4.261574 18.250746
 0.000181 1.877668 2.388906 4.266574 18.513296
 0.000181 1.881129 2.391377 4.272505 18.827175
 0.000182 1.884709 2.394050 4.278759 19.160978
 0.000182 1.888181 2.396901 4.285081 19.501429
 0.000183 1.891785 2.399829 4.291614 19.856352
 0.000183 1.895235 2.402857 4.298092 20.211453
 0.000184 1.897998 2.406015 4.304013 20.538801
 0.000184 1.899741 2.409391 4.309132 20.823894
 0.000185 1.900296 2.412866 4.313162 21.049721
 0.000185 1.899695 2.416590 4.316284 21.225549
 0.000186 1.897766 2.420477 4.318243 21.336211
 0.000186 1.895058 2.424479 4.319537 21.409485
 0.000187 1.891364 2.428694 4.320058 21.439021
 0.000187 1.886871 2.433258 4.320129 21.443037
 0.000188 1.881733 2.437845 4.319578 21.411825
 0.000188 1.876180 2.442531 4.318710 21.362665
 0.000189 1.870788 2.447443 4.318231 21.335521
 0.000189 1.865929 2.452492 4.318421 21.346280
 0.000190 1.861723 2.457621 4.319343 21.398503
 0.000190 1.858340 2.462771 4.321111 21.498786
 0.000191 1.856123 2.468004 4.324127 21.670374
 0.000191 1.855306 2.473307 4.328614 21.926936
 0.000192 1.855947 2.478480 4.334427 22.261630
 0.000192 1.857742 2.483545 4.341287 22.659786
 0.000193 1.860305 2.488656 4.348961 23.109372
 0.000193 1.864449 2.493635 4.358084 23.649663
 0.000194 1.869971 2.498365 4.368336 24.264191
 0.000194 1.876383 2.502912 4.379295 24.929818
 0.000195 1.883576 2.507197 4.390774 25.636712
 0.000195 1.890794 2.511343 4.402137 26.346215
 0.000196 1.897980 2.515093 4.413073 27.038213
 0.000196 1.904813 2.518612 4.423425 27.701474
 0.000197 1.910660 2.521816 4.432476 28.288018
 0.000197 1.915367 2.524704 4.440071 28.784904
 0.000198 1.918445 2.527247 4.445692 29.155428
 0.000198 1.920016 2.529408 4.449424 29.402741
 0.000199 1.919378 2.531326 4.450704 29.487827
 0.000199 1.916702 2.532781 4.449484 29.406704
 0.000200 1.911628 2.533715 4.445343 29.132383
 0.000200 1.904034 2.534227 4.438260 28.666016
 0.000201 1.894313 2.534154 4.428467 28.027435
 0.000201 1.882902 2.533609 4.416512 27.257638
 0.000202 1.870126 2.532568 4.402693 26.381217
 0.000202 1.856394 2.531112 4.387506 25.434473
 0.000203 1.841783 2.529355 4.371138 24.433502
 0.000203 1.827148 2.527204 4.354353 23.427920
 0.000204 1.812833 2.524756 4.337589 22.444672
 0.000204 1.799650 2.522101 4.321751 21.535109
 0.000205 1.787517 2.519159 4.306677 20.686897
 0.000205 1.777053 2.516012 4.293065 19.935583
 0.000206 1.768405 2.512614 4.281019 19.282323
 0.000206 1.761513 2.509122 4.270635 18.727916
 0.000207 1.756805 2.505636 4.262441 18.296136
 0.000207 1.754611 2.502256 4.256867 18.005272
 0.000208 1.754644 2.498991 4.253635 17.837731
 0.000208 1.757122 2.495694 4.252816 17.795405
 0.000209 1.761803 2.492382 4.254185 17.866162
 0.000209 1.768634 2.489225 4.257859 18.056871
 0.000210 1.777326 2.486220 4.263546 18.354089
 0.000210 1.787281 2.483361 4.270642 18.728291
 0.000211 1.798416 2.480531 4.278947 19.171064
 0.000211 1.809888 2.477770 4.287658 19.641025
 0.000212 1.821503 2.475053 4.296556 20.126982
 0.000212 1.832967 2.472368 4.305335 20.612227
 0.000213 1.844134 2.469748 4.313882 21.090217
 0.000213 1.854495 2.467258 4.321754 21.535293
 0.000214 1.863030 2.464970 4.327999 21.891725
 0.000214 1.869547 2.462880 4.332426 22.146130
 0.000215 1.874169 2.460760 4.334929 22.290621
 0.000215 1.876406 2.458791 4.335198 22.306177
 0.000216 1.876457 2.456973 4.333430 22.204003
 0.000216 1.874496 2.455281 4.329777 21.993698
 0.000217 1.870827 2.453813 4.324640 21.699639
 0.000217 1.865750 2.452424 4.318174 21.332307
 0.000218 1.859483 2.451120 4.310603 20.906186
 0.000218 1.852681 2.449856 4.302538 20.456979
 0.000219 1.845322 2.448579 4.293901 19.981343
 0.000219 1.838121 2.447298 4.285418 19.519644
 0.000220 1.831346 2.446064 4.277410 19.088696
 0.000220 1.824814 2.444906 4.269720 18.679433
 0.000221 1.818765 2.443767 4.262533 18.300930
 0.000221 1.813113 2.442704 4.255817 17.950788
 0.000222 1.807872 2.441653 4.249525 17.625767
 0.000222 1.803279 2.440590 4.243870 17.336163
 0.000223 1.799230 2.439474 4.238704 17.073728
 0.000223 1.795719 2.438344 4.234064 16.839717
 0.000224 1.793221 2.437170 4.230391 16.655657
 0.000224 1.791270 2.435922 4.227192 16.496114
 0.000225 1.789433 2.434593 4.224027 16.339046
 0.000225 1.787620 2.433273 4.220893 16.184260
 0.000226 1.785709 2.431959 4.217668 16.025770
 0.000226 1.784355 2.430538 4.214893 15.890030
 0.000227 1.782735 2.429029 4.211764 15.737629
 0.000227 1.780619 2.427492 4.208111 15.560623
 0.000228 1.777949 2.425795 4.203744 15.350360
 0.000228 1.774405 2.423994 4.198399 15.094946
 0.000229 1.770014 2.422155 4.192169 14.799973
 0.000229 1.765356 2.420286 4.185642 14.494030
 0.000230 1.759908 2.418440 4.178348 14.155916
 0.000230 1.754099 2.416447 4.170546 13.798694
 0.000231 1.748332 2.414545 4.162878 13.452019
 0.000231 1.742806 2.412887 4.155693 13.131238
 0.000232 1.737749 2.411370 4.149119 12.841082
 0.000232 1.733519 2.409922 4.143441 12.593098
 0.000233 1.730291 2.408648 4.138939 12.398167
 0.000233 1.728422 2.407568 4.135990 12.271330
 0.000234 1.728202 2.406656 4.134858 12.222811
 0.000234 1.729507 2.405896 4.135403 12.246168
 0.000235 1.732415 2.405324 4.137739 12.346495
 0.000235 1.737238 2.404917 4.142155 12.537282
 0.000236 1.743884 2.404590 4.148473 12.812766
 0.000236 1.751856 2.404484 4.156340 13.159961
 0.000237 1.761095 2.404580 4.165675 13.577969
 0.000237 1.771673 2.404747 4.176420 14.067225
 0.000238 1.783300 2.405029 4.188329 14.619599
 0.000238 1.795898 2.405439 4.201337 15.235088
 0.000239 1.809273 2.405879 4.215152 15.902635
 0.000239 1.822919 2.406309 4.229228 16.597545
 0.000240 1.835925 2.406794 4.242719 17.277522
 0.000240 1.847853 2.407334 4.255187 17.918115
 0.000241 1.858361 2.407849 4.266210 18.494115
 0.000241 1.866928 2.408357 4.275285 18.975182
 0.000242 1.872947 2.408919 4.281866 19.327890
 0.000242 1.876305 2.409495 4.285800 19.540296
 0.000243 1.877084 2.410055 4.287139 19.612872
 0.000243 1.874988 2.410681 4.285669 19.533216
 0.000244 1.870074 2.411298 4.281372 19.301304
 0.000244 1.862191 2.411905 4.274095 18.911772
 0.000245 1.851623 2.412634 4.264257 18.391370
 0.000245 1.838671 2.413549 4.252220 17.764589
 0.000246 1.823571 2.414738 4.238309 17.053757
 0.000246 1.807074 2.416111 4.223186 16.297439
 0.000247 1.789682 2.417671 4.207353 15.524047
 0.000247 1.772130 2.419306 4.191436 14.765454
 0.000248 1.755258 2.421167 4.176425 14.067450
 0.000248 1.739384 2.423212 4.162596 13.439389
 0.000249 1.724841 2.425328 4.150168 12.887176
 0.000249 1.712249 2.427606 4.139855 12.437711
 0.000250 1.701981 2.430146 4.132126 12.106140
 0.000250 1.694127 2.432949 4.127076 11.891885
 0.000251 1.689298 2.435973 4.125271 11.815751
 0.000251 1.687048 2.439135 4.126183 11.854186
 0.000252 1.687450 2.442417 4.129868 12.010073
 0.000252 1.690297 2.445799 4.136096 12.275874
 0.000253 1.695728 2.449224 4.144952 12.658829
 0.000253 1.703055 2.452843 4.155898 13.140325
 0.000254 1.711962 2.456734 4.168695 13.714625
 0.000254 1.722467 2.460695 4.183162 14.378639
 0.000255 1.733897 2.464634 4.198531 15.101242
 0.000255 1.746043 2.468471 4.214514 15.871502
 0.000256 1.758893 2.472229 4.231122 16.692198
 0.000256 1.771390 2.475764 4.247154 17.504070
 0.000257 1.783421 2.479114 4.262535 18.301058
 0.000257 1.794254 2.482228 4.276481 19.039067
 0.000258 1.803475 2.485118 4.288593 19.691786
 0.000258 1.811051 2.487686 4.298737 20.246986
 0.000259 1.816809 2.489994 4.306802 20.693904
 0.000259 1.820801 2.492118 4.312918 21.036040
 0.000260 1.823149 2.493916 4.317065 21.269629
 0.000260 1.823769 2.495564 4.319333 21.397906
 0.000261 1.823016 2.496987 4.320003 21.435922
 0.000261 1.821289 2.498230 4.319519 21.408464
 0.000262 1.818978 2.499170 4.318148 21.330838
 0.000262 1.816112 2.499782 4.315893 21.203496
 0.000263 1.812922 2.500221 4.313143 21.048693
 0.000263 1.809476 2.500443 4.309919 20.867911
 0.000264 1.806375 2.500470 4.306845 20.696249
 0.000264 1.803661 2.500380 4.304041 20.540337
 0.000265 1.801244 2.500279 4.301523 20.400809
 0.000265 1.799372 2.500132 4.299503 20.289234
 0.000266 1.798281 2.500020 4.298301 20.222954
 0.000266 1.797696 2.499854 4.297550 20.181610
 0.000267 1.797743 2.499716 4.297459 20.176597
 0.000267 1.798840 2.499542 4.298381 20.227385
 0.000268 1.800683 2.499447 4.300130 20.323809
 0.000268 1.803033 2.499477 4.302510 20.455433
 0.000269 1.805914 2.499686 4.305600 20.626967
 0.000269 1.809141 2.499982 4.309124 20.823425
 0.000270 1.812480 2.500302 4.312782 21.028374
 0.000270 1.815295 2.500713 4.316008 21.209954
 0.000271 1.816658 2.501196 4.317854 21.314215
 0.000271 1.816417 2.501775 4.318191 21.333294
 0.000272 1.814798 2.502410 4.317207 21.277665
 0.000272 1.811663 2.503059 4.314723 21.137536
 0.000273 1.806747 2.503595 4.310342 20.891554
 0.000273 1.800484 2.504070 4.304554 20.568840
 0.000274 1.793020 2.504569 4.297590 20.183813
 0.000274 1.785621 2.504913 4.290534 19.797431
 0.000275 1.778556 2.505150 4.283706 19.427114
 0.000275 1.772277 2.505378 4.277655 19.101849
 0.000276 1.767010 2.505583 4.272592 18.831796
 0.000276 1.763289 2.505662 4.268951 18.638787
 0.000277 1.761996 2.505639 4.267635 18.569255
 0.000277 1.762888 2.505554 4.268442 18.611835
 0.000278 1.766113 2.505308 4.271421 18.769611
 0.000278 1.771708 2.504896 4.276604 19.045596
 0.000279 1.779683 2.504220 4.283904 19.437778
 0.000279 1.789795 2.503337 4.293132 19.939278
 0.000280 1.801352 2.502256 4.303607 20.516275
 0.000280 1.814064 2.500994 4.315058 21.156439
 0.000281 1.827627 2.499615 4.327242 21.848335
 0.000281 1.841496 2.498069 4.339565 22.559516
 0.000282 1.855356 2.496485 4.351840 23.279217
 0.000282 1.868433 2.494693 4.363126 23.950866
 0.000283 1.880468 2.492855 4.373323 24.565997
 0.000283 1.891199 2.491053 4.382252 25.110999
 0.000284 1.899804 2.489232 4.389036 25.529105
 0.000284 1.905777 2.487340 4.393117 25.782229
 0.000285 1.908762 2.485394 4.394156 25.846908
 0.000285 1.908749 2.483356 4.392105 25.719353
 0.000286 1.905223 2.481349 4.386572 25.376844
 0.000286 1.898280 2.479411 4.377691 24.831847
 0.000287 1.887827 2.477369 4.365196 24.075105
 0.000287 1.874475 2.475269 4.349744 23.155495
 0.000288 1.858407 2.473110 4.331517 22.093788
 0.000288 1.840598 2.470796 4.311394 20.950513
 0.000289 1.821903 2.468429 4.290331 19.786395
 0.000289 1.803116 2.466043 4.269159 18.649765
 0.000290 1.784535 2.463696 4.248231 17.559284
 0.000290 1.766909 2.461342 4.228251 16.548862
 0.000291 1.751057 2.459043 4.210100 15.656852
 0.000291 1.736840 2.456739 4.193579 14.866451
 0.000292 1.724879 2.454312 4.179191 14.194785
 0.000292 1.716007 2.451815 4.167822 13.675035
 0.000293 1.710434 2.449239 4.159673 13.308449
 0.000293 1.707918 2.446659 4.154577 13.081754
 0.000294 1.708866 2.444099 4.152965 13.010428
 0.000294 1.713378 2.441407 4.154785 13.090953
 0.000295 1.721024 2.438665 4.159689 13.309178
 0.000295 1.731463 2.435895 4.167358 13.654016
 0.000296 1.744252 2.433095 4.177346 14.109802
 0.000296 1.758725 2.430226 4.188951 14.648737
 0.000297 1.774390 2.427327 4.201717 15.253238
 0.000297 1.790264 2.424392 4.214656 15.878444
 0.000298 1.805205 2.421489 4.226694 16.471344
 0.000298 1.818284 2.418652 4.236936 16.984407
 0.000299 1.828731 2.415931 4.244661 17.376562
 0.000299 1.836656 2.413386 4.250042 17.652335
 0.000300 1.841912 2.411022 4.252933 17.801451
 0.000300 1.844505 2.408836 4.253341 17.822504
 0.000301 1.844595 2.406842 4.251437 17.724207
 0.000301 1.842436 2.405059 4.247495 17.521543
 0.000302 1.838731 2.403592 4.242324 17.257429
 0.000302 1.834314 2.402316 4.236630 16.968951
 0.000303 1.829900 2.401254 4.231154 16.693801
 0.000303 1.825758 2.400386 4.226144 16.444031
 0.000304 1.821847 2.399681 4.221528 16.215591
 0.000304 1.818353 2.399185 4.217539 16.019439
 0.000305 1.815217 2.399082 4.214300 15.861052
 0.000305 1.812984 2.399245 4.212230 15.760246
 0.000306 1.811813 2.399685 4.211498 15.724698
 0.000306 1.811110 2.400323 4.211433 15.721521
 0.000307 1.810858 2.401110 4.211968 15.747507
 0.000307 1.811474 2.402067 4.213541 15.824057
 0.000308 1.812527 2.403125 4.215653 15.927111
 0.000308 1.813927 2.404373 4.218300 16.056771
 0.000309 1.815598 2.405804 4.221403 16.209417
 0.000309 1.817483 2.407489 4.224971 16.385859
 0.000310 1.819180 2.409348 4.228528 16.562664
 0.000310 1.820605 2.411410 4.232016 16.736948
 0.000311 1.821250 2.413546 4.234796 16.876568
 0.000311 1.820667 2.415710 4.236377 16.956206
 0.000312 1.818549 2.417903 4.236453 16.960001
 0.000312 1.814388 2.420053 4.234442 16.858736
 0.000313 1.807941 2.422114 4.230055 16.638869
 0.000313 1.799364 2.424061 4.223426 16.309307
 0.000314 1.789221 2.425884 4.215105 15.900381
 0.000314 1.777718 2.427605 4.205322 15.426195
 0.000315 1.765407 2.429088 4.194495 14.909755
 0.000315 1.753238 2.430401 4.183639 14.400766
 0.000316 1.741837 2.431616 4.173453 13.931279
 0.000316 1.731901 2.432763 4.164665 13.532407
 0.000317 1.724120 2.433701 4.157821 13.225847
 0.000317 1.718714 2.434411 4.153125 13.017497
 0.000318 1.715706 2.434856 4.150563 12.904511
 0.000318 1.715076 2.435347 4.150423 12.898369
 0.000319 1.716805 2.435733 4.152538 12.991585
 0.000319 1.721051 2.435901 4.156952 13.187162
 0.000320 1.727356 2.435859 4.163215 13.467176
 0.000320 1.735566 2.435729 4.171296 13.832819
 0.000321 1.745624 2.435428 4.181052 14.280811
 0.000321 1.757036 2.434968 4.192004 14.792178
 0.000322 1.769385 2.434349 4.203734 15.349868
 0.000322 1.782218 2.433512 4.215731 15.930928
 0.000323 1.795540 2.432532 4.228073 16.539959
 0.000323 1.808368 2.431317 4.239685 17.123408
 0.000324 1.820354 2.429891 4.250245 17.662791
 0.000324 1.831073 2.428198 4.259271 18.130466
 0.000325 1.840622 2.426323 4.266945 18.532832
 0.000325 1.848705 2.424316 4.273021 18.854603
 0.000326 1.854954 2.422287 4.277241 19.079668
 0.000326 1.859615 2.420151 4.279766 19.215002
 0.000327 1.862396 2.417903 4.280299 19.243605
 0.000327 1.864035 2.415480 4.279515 19.201525
 0.000328 1.864600 2.413029 4.277629 19.100445
 0.000328 1.864194 2.410529 4.274724 18.945237
 0.000329 1.863343 2.407999 4.271342 18.765396
 0.000329 1.862420 2.405468 4.267888 18.582583
 0.000330 1.861306 2.403092 4.264398 18.398807
 0.000330 1.859606 2.400929 4.260536 18.196453
 0.000331 1.857554 2.398898 4.256453 17.983774
 0.000331 1.855369 2.396932 4.252301 17.768775
 0.000332 1.853105 2.395135 4.248240 17.559742
 0.000332 1.850851 2.393544 4.244395 17.362960
 0.000333 1.848741 2.392147 4.240888 17.184466
 0.000333 1.846824 2.390897 4.237721 17.024061
 0.000334 1.845282 2.389798 4.235080 16.890837
 0.000334 1.843857 2.388876 4.232733 16.772925
 0.000335 1.842814 2.388218 4.231031 16.687671
 0.000335 1.841902 2.387832 4.229734 16.622811
 0.000336 1.840593 2.387759 4.228352 16.553877
 0.000336 1.838550 2.388086 4.226636 16.468482
 0.000337 1.836092 2.388592 4.224684 16.371625
 0.000337 1.833089 2.389351 4.222440 16.260592
 0.000338 1.829169 2.390399 4.219569 16.119108
 0.000338 1.824014 2.391734 4.215747 15.931742
 0.000339 1.817897 2.393325 4.211222 15.711270
 0.000339 1.810864 2.395231 4.206095 15.463378
 0.000340 1.803675 2.397503 4.201178 15.227476
 0.000340 1.796423 2.400059 4.196482 15.003878
 0.000341 1.789344 2.402887 4.192230 14.802857
 0.000341 1.782605 2.406033 4.188638 14.634067
 0.000342 1.776283 2.409492 4.185775 14.500230
 0.000342 1.770601 2.413317 4.183918 14.413762
 0.000343 1.765618 2.417440 4.183058 14.373779
 0.000343 1.761284 2.421859 4.183143 14.377756
 0.000344 1.757771 2.426432 4.184203 14.427029
 0.000344 1.755222 2.431044 4.186267 14.523173
 0.000345 1.753645 2.435795 4.189440 14.671669
 0.000345 1.753345 2.440625 4.193970 14.884949
 0.000346 1.753769 2.445359 4.199128 15.129670
 0.000346 1.754694 2.450029 4.204723 15.397371
 0.000347 1.756068 2.454665 4.210732 15.687526
 0.000347 1.758347 2.459269 4.217616 16.023218
 0.000348 1.761370 2.463838 4.225208 16.397603
 0.000348 1.764821 2.468208 4.233029 16.787774
 0.000349 1.768417 2.472281 4.240698 17.174801
 0.000349 1.772454 2.475969 4.248423 17.569135
 0.000350 1.777257 2.479311 4.256569 17.989783
 0.000350 1.782220 2.482357 4.264577 18.408206
 0.000351 1.787158 2.485166 4.272324 18.817553
 0.000351 1.791785 2.487737 4.279522 19.201874
 0.000352 1.796277 2.489909 4.286186 19.561217
 0.000352 1.800691 2.491693 4.292384 19.898400
 0.000353 1.805405 2.493070 4.298475 20.232564
 0.000353 1.809678 2.494136 4.303814 20.527724
 0.000354 1.813550 2.494866 4.308416 20.783877
 0.000354 1.816750 2.495402 4.312152 20.993012
 0.000355 1.819252 2.495810 4.315062 21.156659
 0.000355 1.821481 2.496008 4.317489 21.293608
 0.000356 1.823288 2.495977 4.319265 21.394092
 0.000356 1.824638 2.495916 4.320554 21.467179
 0.000357 1.825362 2.495842 4.321204 21.504069
 0.000357 1.825525 2.495736 4.321261 21.507320
 0.000358 1.824668 2.495597 4.320264 21.450726
 0.000358 1.823230 2.495532 4.318762 21.365606
 0.000359 1.821426 2.495559 4.316986 21.265142
 0.000359 1.819156 2.495756 4.314912 21.148166
 0.000360 1.816946 2.496116 4.313062 21.044134
 0.000360 1.814664 2.496675 4.311339 20.947438
 0.000361 1.812123 2.497431 4.309555 20.847529
 0.000361 1.809531 2.498418 4.307949 20.757824
 0.000362 1.807077 2.499730 4.306807 20.694142
 0.000362 1.804854 2.501272 4.306126 20.656239
 0.000363 1.802935 2.503037 4.305972 20.647666
 0.000363 1.801372 2.504950 4.306323 20.667185
 0.000364 1.800620 2.507165 4.307785 20.748667
 0.000364 1.800696 2.509683 4.310379 20.893642
 0.000365 1.801224 2.512542 4.313767 21.083723
 0.000365 1.802158 2.515707 4.317865 21.314862
 0.000366 1.803274 2.519134 4.322408 21.572497
 0.000366 1.804519 2.522779 4.327298 21.851527
 0.000367 1.805720 2.526666 4.332386 22.143810
 0.000367 1.806877 2.530732 4.337609 22.445865
 0.000368 1.807983 2.534914 4.342897 22.753726
 0.000368 1.808993 2.539202 4.348195 23.064299
 0.000369 1.810044 2.543721 4.353765 23.393106
 0.000369 1.810475 2.548324 4.358799 23.692216
 0.000370 1.810071 2.553031 4.363102 23.949468
 0.000370 1.808720 2.557901 4.366621 24.160825
 0.000371 1.806207 2.562776 4.368983 24.303217
 0.000371 1.802813 2.567671 4.370484 24.393982
 0.000372 1.798767 2.572595 4.371362 24.447068
 0.000372 1.794098 2.577574 4.371672 24.465859
 0.000373 1.789042 2.582534 4.371576 24.460081
 0.000373 1.783510 2.587410 4.370920 24.420329
 0.000374 1.777886 2.592133 4.370019 24.365830
 0.000374 1.771982 2.596731 4.368713 24.286968
 0.000375 1.766142 2.601038 4.367180 24.194501
 0.000375 1.760166 2.605071 4.365237 24.077578
 0.000376 1.754457 2.608819 4.363276 23.959902
 0.000376 1.749109 2.612329 4.361439 23.849860
 0.000377 1.744600 2.615434 4.360034 23.765925
 0.000377 1.740886 2.618230 4.359117 23.711196
 0.000378 1.738025 2.620629 4.358653 23.683542
 0.000378 1.736009 2.622564 4.358573 23.678780
 0.000379 1.734853 2.624037 4.358889 23.697636
 0.000379 1.734749 2.625034 4.359783 23.750955
 0.000380 1.735394 2.625488 4.360882 23.816609
 0.000380 1.736461 2.625391 4.361852 23.874588
 0.000381 1.737856 2.624713 4.362569 23.917508
 0.000381 1.739464 2.623481 4.362945 23.940071
 0.000382 1.741332 2.621711 4.363042 23.945880
 0.000382 1.743373 2.619311 4.362685 23.924459
 0.000383 1.745312 2.616249 4.361561 23.857180
 0.000383 1.747695 2.612729 4.360423 23.789180
 0.000384 1.750072 2.608754 4.358827 23.693895
 0.000384 1.752686 2.604390 4.357076 23.589623
 0.000385 1.755346 2.599566 4.354912 23.461114
 0.000385 1.757846 2.594341 4.352187 23.299714
 0.000386 1.760587 2.588757 4.349344 23.131950
 0.000386 1.763440 2.582690 4.346130 22.943025
 0.000387 1.766540 2.576237 4.342777 22.746717
 0.000387 1.769994 2.569520 4.339514 22.556517
 0.000388 1.773984 2.562563 4.336548 22.384324
 0.000388 1.778512 2.555317 4.333829 22.227077
 0.000389 1.783435 2.547957 4.331392 22.086586
 0.000389 1.788575 2.540439 4.329014 21.949907
 0.000390 1.794413 2.532722 4.327134 21.842172
 0.000390 1.800673 2.524826 4.325499 21.748667
 0.000391 1.807699 2.516829 4.324528 21.693259
 0.000391 1.814930 2.508820 4.323749 21.648867
 0.000392 1.822494 2.500797 4.323291 21.622724
 0.000392 1.829661 2.492813 4.322475 21.576280
 0.000393 1.835581 2.484877 4.320458 21.461713
 0.000393 1.840166 2.477066 4.317231 21.279025
 0.000394 1.843284 2.469522 4.312806 21.029743
 0.000394 1.845332 2.462125 4.307457 20.730396
 0.000395 1.846191 2.454936 4.301127 20.378886
 0.000395 1.846117 2.448084 4.294200 19.997750
 0.000396 1.844921 2.441528 4.286449 19.575440
 0.000396 1.842419 2.435180 4.277599 19.098855
 0.000397 1.838699 2.429065 4.267764 18.576048
 0.000397 1.833721 2.423233 4.256954 18.009826
 0.000398 1.827341 2.417712 4.245053 17.396575
 0.000398 1.819836 2.412592 4.232428 16.757600
 0.000399 1.811771 2.407843 4.219614 16.121329
 0.000399 1.803364 2.403429 4.206793 15.497014
 0.000400 1.795195 2.399375 4.194570 14.913327
 0.000400 1.787409 2.395701 4.183111 14.376232
 0.000401 1.780405 2.392283 4.172688 13.896290
 0.000401 1.774448 2.389271 4.163719 13.489822
 0.000402 1.769390 2.386587 4.155977 13.143839
 0.000402 1.765616 2.384322 4.149938 12.877039
 0.000403 1.763178 2.382385 4.145563 12.685495
 0.000403 1.762041 2.380740 4.142782 12.564458
 0.000404 1.762052 2.379309 4.141361 12.502846
 0.000404 1.763475 2.378046 4.141521 12.509804
 0.000405 1.766648 2.376984 4.143632 12.601382
 0.000405 1.771672 2.376054 4.147726 12.780026
 0.000406 1.777816 2.375269 4.153085 13.015741
 0.000406 1.785084 2.374535 4.159619 13.306049
 0.000407 1.793131 2.373832 4.166963 13.636167
 0.000407 1.801544 2.373180 4.174724 13.989429
 0.000408 1.809746 2.372569 4.182315 14.339335
 0.000408 1.817617 2.371925 4.189541 14.676419
 0.000409 1.824848 2.371260 4.196108 14.986146
 0.000409 1.831191 2.370513 4.201703 15.252602
 0.000410 1.836676 2.369630 4.206306 15.473559
 0.000410 1.841568 2.368667 4.210235 15.663417
 0.000411 1.846093 2.367519 4.213612 15.827545
 0.000411 1.850001 2.366155 4.216156 15.951714
 0.000412 1.852967 2.364634 4.217600 16.022463
 0.000412 1.855081 2.362973 4.218054 16.044687
 0.000413 1.856421 2.361103 4.217524 16.018717
 0.000413 1.857089 2.358919 4.216008 15.944469
 0.000414 1.857083 2.356532 4.213614 15.827634
 0.000414 1.856612 2.353845 4.210456 15.674134
 0.000415 1.855664 2.350972 4.206636 15.489442
 0.000415 1.853771 2.347948 4.201719 15.253362
 0.000416 1.851218 2.344844 4.196062 14.983958
 0.000416 1.848511 2.341623 4.190134 14.704214
 0.000417 1.845634 2.338363 4.183998 14.417450
 0.000417 1.842564 2.335097 4.177662 14.124306
 0.000418 1.839625 2.331815 4.171439 13.839363
 0.000418 1.836341 2.328473 4.164814 13.539159
 0.000419 1.832897 2.325144 4.158040 13.235605
 0.000419 1.829141 2.321861 4.151002 12.923867
 0.000420 1.825249 2.318777 4.144026 12.618547
 0.000420 1.821163 2.315894 4.137057 12.317161
 0.000421 1.816806 2.313194 4.130000 12.015672
 0.000421 1.812343 2.310617 4.122960 11.718659
 0.000422 1.807553 2.308266 4.115819 11.421202
 0.000422 1.802585 2.306203 4.108788 11.132037
 0.000423 1.797620 2.304347 4.101967 10.855040
 0.000423 1.793137 2.302594 4.095732 10.604899
 0.000424 1.789760 2.300968 4.090728 10.406258
 0.000424 1.787716 2.299611 4.087327 10.272330
 0.000425 1.787152 2.298444 4.085596 10.204514
 0.000425 1.788141 2.297452 4.085593 10.204368
 0.000426 1.790811 2.296680 4.087491 10.278756
 0.000426 1.795269 2.296154 4.091423 10.433742
 0.000427 1.801228 2.295861 4.097089 10.659121
 0.000427 1.808511 2.295817 4.104327 10.950501
 0.000428 1.817098 2.296152 4.113250 11.315107
 0.000428 1.826589 2.296761 4.123350 11.735043
 0.000429 1.836682 2.297638 4.134320 12.199814
 0.000429 1.847585 2.298732 4.146317 12.718414
 0.000430 1.859091 2.300057 4.159148 13.284995
 0.000430 1.870561 2.301678 4.172239 13.875820
 0.000431 1.881556 2.303460 4.185016 14.464832
 0.000431 1.891870 2.305382 4.197252 15.040441
 0.000432 1.901459 2.307478 4.208937 15.600539
 0.000432 1.910104 2.309575 4.219679 16.124534
 0.000433 1.917220 2.311774 4.228994 16.585869
 0.000433 1.922788 2.313955 4.236743 16.974646
 0.000434 1.926461 2.316151 4.242612 17.272116
 0.000434 1.928251 2.318484 4.246735 17.482579
 0.000435 1.928257 2.320781 4.249037 17.600697
 0.000435 1.926395 2.323114 4.249508 17.624901
 0.000436 1.922846 2.325428 4.248274 17.561465
 0.000436 1.916984 2.327696 4.244680 17.377520
 0.000437 1.909827 2.329997 4.239824 17.130464
 0.000437 1.901280 2.332256 4.233536 16.813204
 0.000438 1.891777 2.334438 4.226214 16.447542
 0.000438 1.882166 2.336547 4.218713 16.077054
 0.000439 1.872237 2.338648 4.210885 15.694924
 0.000439 1.862197 2.340660 4.202857 15.307823
 0.000440 1.852617 2.342604 4.195221 14.944120
 0.000440 1.843454 2.344443 4.187896 14.599322
 0.000441 1.834984 2.346188 4.181172 14.286365
 0.000441 1.827212 2.347868 4.175079 14.005707
 0.000442 1.820738 2.349382 4.170119 13.779287
 0.000442 1.815751 2.350795 4.166546 13.617297
 0.000443 1.812139 2.352048 4.164187 13.510884
 0.000443 1.809785 2.353209 4.162994 13.457258
 0.000444 1.808939 2.354234 4.163174 13.465315
 0.000444 1.808776 2.355173 4.163948 13.500159
 0.000445 1.809168 2.356098 4.165266 13.559517
 0.000445 1.810131 2.357034 4.167165 13.645313
 0.000446 1.811739 2.357928 4.169667 13.758735
 0.000446 1.813818 2.358852 4.172670 13.895481
 0.000447 1.815858 2.359688 4.175546 14.027096
 0.000447 1.817998 2.360579 4.178577 14.166466
 0.000448 1.820253 2.361504 4.181757 14.313436
 0.000448 1.822486 2.362534 4.185020 14.465033
 0.000449 1.824575 2.363641 4.188216 14.614292
 0.000449 1.826642 2.364902 4.191544 14.770508
 0.000450 1.829111 2.366437 4.195548 14.959606
 0.000450 1.831977 2.368130 4.200108 15.176375
 0.000451 1.835524 2.370067 4.205591 15.439140
 0.000451 1.839756 2.372172 4.211928 15.745598
 0.000452 1.844442 2.374458 4.218900 16.086245
 0.000452 1.849485 2.376893 4.226378 16.455664
 0.000453 1.855235 2.379412 4.234647 16.869065
 0.000453 1.861200 2.382070 4.243270 17.305600
 0.000454 1.867255 2.384930 4.252185 17.762800
 0.000454 1.873022 2.387997 4.261019 18.221694
 0.000455 1.878135 2.391307 4.269442 18.664741
 0.000455 1.882827 2.394902 4.277729 19.105770
 0.000456 1.886803 2.398720 4.285523 19.525312
 0.000456 1.889641 2.402639 4.292279 19.892674
 0.000457 1.891357 2.406623 4.297979 20.205258
 0.000457 1.892272 2.410561 4.302833 20.473352
 0.000458 1.892203 2.414660 4.306863 20.697293
 0.000458 1.890676 2.418781 4.309458 20.842102
 0.000459 1.887412 2.422980 4.310393 20.894419
 0.000459 1.882541 2.427261 4.309802 20.861371
 0.000460 1.876021 2.431525 4.307546 20.735347
 0.000460 1.868031 2.435805 4.303836 20.528971
 0.000461 1.858431 2.440092 4.298523 20.235189
 0.000461 1.847710 2.444408 4.292118 19.883854
 0.000462 1.835854 2.448735 4.284590 19.474833
 0.000462 1.822860 2.453017 4.275878 19.006812
 0.000463 1.808917 2.457303 4.266221 18.494667
 0.000463 1.794825 2.461541 4.256367 17.979299
 0.000464 1.781130 2.465748 4.246878 17.489917
 0.000464 1.768427 2.469845 4.238272 17.051918
 0.000465 1.756511 2.473873 4.230384 16.655297
 0.000465 1.745983 2.477919 4.223902 16.332862
 0.000466 1.736913 2.481865 4.218778 16.080246
 0.000466 1.729730 2.485694 4.215423 15.915906
 0.000467 1.724916 2.489452 4.214368 15.864396
 0.000467 1.722675 2.493150 4.215825 15.935565
 0.000468 1.722748 2.496766 4.219514 16.116397
 0.000468 1.725193 2.500143 4.225336 16.403939
 0.000469 1.729908 2.503346 4.233254 16.799052
 0.000469 1.736505 2.506378 4.242882 17.285862
 0.000470 1.744363 2.509279 4.253642 17.838060
 0.000470 1.753565 2.512007 4.265572 18.460524
 0.000471 1.763442 2.514468 4.277910 19.115478
 0.000471 1.773892 2.516722 4.290614 19.801801
 0.000472 1.784500 2.518622 4.303122 20.489363
 0.000472 1.794882 2.520218 4.315100 21.158762
 0.000473 1.804610 2.521418 4.326028 21.778896
 0.000473 1.813482 2.522196 4.335678 22.333949
 0.000474 1.821013 2.522563 4.343576 22.793455
 0.000474 1.827164 2.522628 4.349791 23.158303
 0.000475 1.831445 2.522364 4.353809 23.395696
 0.000475 1.833528 2.521782 4.355310 23.484722
 0.000476 1.833552 2.520910 4.354463 23.434442
 0.000476 1.831993 2.519775 4.351768 23.274939
 0.000477 1.828835 2.518275 4.347110 23.000537
 0.000477 1.823963 2.516449 4.340412 22.608801
 0.000478 1.817867 2.514240 4.332108 22.127773
 0.000478 1.811171 2.511777 4.322947 21.603175
 0.000479 1.803785 2.509070 4.312855 21.032507
 0.000479 1.796087 2.506102 4.302190 20.437719
 0.000480 1.788257 2.502934 4.291191 19.833247
 0.000480 1.780632 2.499516 4.280147 19.235476
 0.000481 1.773336 2.495871 4.269207 18.652301
 0.000481 1.766821 2.492005 4.258826 18.107250
 0.000482 1.761417 2.487915 4.249332 17.615857
 0.000482 1.757325 2.483584 4.240909 17.185515
 0.000483 1.754438 2.479096 4.233534 16.813109
 0.000483 1.752790 2.474459 4.227250 16.499001
 0.000484 1.753027 2.469749 4.222775 16.277168
 0.000484 1.754390 2.465190 4.219579 16.119629
 0.000485 1.756955 2.460698 4.217653 16.025043
 0.000485 1.760364 2.456338 4.216703 15.978476
 0.000486 1.764886 2.452212 4.217098 15.997820
 0.000486 1.770170 2.448242 4.218412 16.062294
 0.000487 1.775961 2.444457 4.220418 16.160887
 0.000487 1.781865 2.440875 4.222740 16.275404
 0.000488 1.787837 2.437468 4.225305 16.402420
 0.000488 1.793355 2.434376 4.227731 16.522943
 0.000489 1.798332 2.431655 4.229987 16.635463
 0.000489 1.802363 2.429264 4.231627 16.717504
 0.000490 1.805657 2.427230 4.232887 16.780639
 0.000490 1.808604 2.425534 4.234137 16.843431
 0.000491 1.811478 2.424155 4.235633 16.918685
 0.000491 1.814190 2.423080 4.237270 17.001257
 0.000492 1.816771 2.422342 4.239113 17.094444
 0.000492 1.819320 2.421862 4.241182 17.199382
 0.000493 1.822026 2.421687 4.243713 17.328185
 0.000493 1.824830 2.421732 4.246562 17.473747
 0.000494 1.828158 2.422009 4.250166 17.658751
 0.000494 1.831966 2.422380 4.254346 17.874495
 0.000495 1.836399 2.422854 4.259254 18.129532
 0.000495 1.841401 2.423240 4.264642 18.411604
 0.000496 1.846779 2.423628 4.270407 18.715839
 0.000496 1.852653 2.424109 4.276762 19.054052
 0.000497 1.859050 2.424543 4.283593 19.421026
 0.000497 1.865492 2.424797 4.290289 19.784093
 0.000498 1.871893 2.424830 4.296723 20.136165
 0.000498 1.878026 2.424719 4.302745 20.468457
 0.000499 1.883731 2.424490 4.308220 20.772984
 0.000499 1.889076 2.424162 4.313239 21.054048
 0.000500 1.893597 2.423722 4.317318 21.283930
