#! FIELDS time dAB dAC dAD rc bias
 0.000000 1.804804 1.820139 3.024295 6.649237 0.472084
 0.000000 1.802335 1.829910 3.022342 6.654587 0.525499
 0.000001 1.799668 1.838665 3.020373 6.658706 0.568578
 0.000001 1.797386 1.846013 3.018320 6.661719 0.601154
 0.000002 1.794899 1.851704 3.016281 6.662884 0.614004
 0.000002 1.792258 1.854906 3.014283 6.661447 0.598175
 0.000003 1.789194 1.855209 3.012310 6.656713 0.547519
 0.000003 1.785939 1.852708 3.010326 6.648973 0.469521
 0.000004 1.782548 1.848001 3.008398 6.638947 0.377391
 0.000004 1.779223 1.841504 3.006480 6.627207 0.282284
 0.000005 1.775965 1.833441 3.004583 6.613988 0.191700
 0.000005 1.772973 1.824732 3.002670 6.600374 0.116670
 0.000006 1.770560 1.816125 3.000840 6.587525 0.062856
 0.000006 1.768223 1.808129 2.999073 6.575425 0.027275
 0.000007 1.766220 1.801483 2.997405 6.565108 0.008500
 0.000007 1.765385 1.796871 2.995867 6.558123 0.001833
 0.000008 1.765663 1.794611 2.994545 6.554819 0.000378
 0.000008 1.766949 1.794977 2.993277 6.555204 0.000491
 0.000009 1.769027 1.797905 2.992082 6.559013 0.002411
 0.000009 1.771991 1.803032 2.991009 6.566032 0.009749
 0.000010 1.775491 1.810214 2.990076 6.575781 0.028112
 0.000010 1.779029 1.818921 2.989350 6.587300 0.062062
 0.000011 1.782175 1.828801 2.988806 6.599782 0.113827
 0.000011 1.784939 1.838946 2.988384 6.612269 0.181203
 0.000012 1.787329 1.848977 2.988083 6.624388 0.261506
 0.000012 1.789793 1.857844 2.987958 6.635594 0.348821
 0.000013 1.791337 1.864881 2.987969 6.644187 0.424290
 0.000013 1.791997 1.869205 2.988073 6.649275 0.472447
 0.000014 1.792093 1.870434 2.988174 6.650702 0.486424
 0.000014 1.791439 1.868165 2.988345 6.647949 0.459652
 0.000015 1.790430 1.862613 2.988588 6.641631 0.401064
 0.000015 1.789469 1.854506 2.988844 6.632819 0.326027
 0.000016 1.789578 1.844837 2.989211 6.623626 0.256020
 0.000016 1.791124 1.834042 2.989774 6.614940 0.197640
 0.000017 1.794009 1.823045 2.990467 6.607522 0.153750
 0.000017 1.798196 1.812766 2.991219 6.602181 0.125562
 0.000018 1.803838 1.803710 2.992037 6.599585 0.112889
 0.000018 1.810987 1.796057 2.993013 6.600057 0.115143
 0.000019 1.819532 1.790657 2.994056 6.604246 0.136120
 0.000019 1.829078 1.787896 2.995138 6.612112 0.180258
 0.000020 1.838633 1.787707 2.996324 6.622664 0.249182
 0.000020 1.848046 1.789784 2.997540 6.635370 0.346951
 0.000021 1.856546 1.793620 2.998818 6.648984 0.469630
 0.000021 1.863305 1.798886 3.000110 6.662301 0.607557
 0.000022 1.868329 1.805581 3.001480 6.675390 0.760405
 0.000022 1.871379 1.812965 3.002939 6.687283 0.914145
 0.000023 1.872043 1.820251 3.004358 6.696652 1.045220
 0.000023 1.870322 1.826848 3.005935 6.703106 1.140605
 0.000024 1.866263 1.832150 3.007594 6.706008 1.184863
 0.000024 1.860419 1.835907 3.009200 6.705527 1.177466
 0.000025 1.853298 1.837672 3.010789 6.701758 1.120347
 0.000025 1.845241 1.836810 3.012385 6.694435 1.013411
 0.000026 1.837048 1.833444 3.014073 6.684565 0.877755
 0.000026 1.829320 1.827976 3.015765 6.673062 0.731961
 0.000027 1.822569 1.820862 3.017352 6.660784 0.590950
 0.000027 1.817527 1.812926 3.018922 6.649374 0.473417
 0.000028 1.814465 1.804820 3.020529 6.639814 0.384960
 0.000028 1.813708 1.797286 3.022124 6.633118 0.328448
 0.000029 1.815484 1.790908 3.023764 6.630156 0.304876
 0.000029 1.819677 1.786384 3.025410 6.631472 0.315241
 0.000030 1.826240 1.784010 3.027034 6.637283 0.363073
 0.000030 1.834647 1.784412 3.028620 6.647679 0.457061
 0.000031 1.844262 1.788049 3.030234 6.662545 0.610251
 0.000031 1.854238 1.794579 3.031846 6.680663 0.826826
 0.000032 1.863290 1.803396 3.033410 6.700095 1.095589
 0.000032 1.870831 1.814032 3.034935 6.719799 1.406666
 0.000033 1.875489 1.826103 3.036339 6.737931 1.727236
 0.000033 1.877133 1.839111 3.037690 6.753934 2.037477
 0.000034 1.875693 1.852419 3.038952 6.767064 2.311135
 0.000034 1.871452 1.865183 3.040084 6.776719 2.523393
 0.000035 1.864452 1.876796 3.041119 6.782366 2.651846
 0.000035 1.854973 1.886774 3.042068 6.783815 2.685302
 0.000036 1.843980 1.894686 3.042830 6.781495 2.631819
 0.000036 1.832333 1.900662 3.043446 6.776441 2.517150
 0.000037 1.820480 1.904807 3.043972 6.769259 2.358577
 0.000037 1.809396 1.906894 3.044390 6.760680 2.175928
 0.000038 1.799822 1.907374 3.044630 6.751825 1.995128
 0.000038 1.792508 1.906332 3.044636 6.743477 1.831851
 0.000039 1.787794 1.904611 3.044428 6.736832 1.706875
 0.000039 1.786323 1.902150 3.044020 6.732493 1.627640
 0.000040 1.788406 1.899424 3.043571 6.731400 1.607977
 0.000040 1.794063 1.896816 3.042937 6.733816 1.651599
 0.000041 1.803282 1.894745 3.042160 6.740188 1.769434
 0.000041 1.815492 1.893448 3.041266 6.750207 1.962938
 0.000042 1.829978 1.893435 3.040219 6.763631 2.237924
 0.000042 1.846019 1.894837 3.039091 6.779948 2.596434
 0.000043 1.862403 1.896947 3.037848 6.797198 3.004409
 0.000043 1.877893 1.899869 3.036551 6.814313 3.438593
 0.000044 1.891404 1.903044 3.035061 6.829509 3.848650
 0.000044 1.902064 1.906738 3.033442 6.842244 4.210087
 0.000045 1.909205 1.910683 3.031691 6.851579 4.485311
 0.000045 1.911850 1.914587 3.029915 6.856353 4.629441
 0.000046 1.910190 1.917781 3.028057 6.856027 4.619516
 0.000046 1.904418 1.920645 3.026057 6.851120 4.471589
 0.000047 1.895248 1.923086 3.023974 6.842308 4.211924
 0.000047 1.883422 1.924892 3.021802 6.830115 3.865492
 0.000048 1.869623 1.925629 3.019493 6.814745 3.449937
 0.000048 1.854952 1.925780 3.017024 6.797757 3.018119
 0.000049 1.840499 1.925588 3.014346 6.780433 2.607496
 0.000049 1.827154 1.924764 3.011568 6.763487 2.234872
 0.000050 1.816304 1.923443 3.008718 6.748466 1.928583
 0.000050 1.808265 1.922554 3.005888 6.736707 1.704553
 0.000051 1.803623 1.921753 3.002996 6.728372 1.554139
 0.000051 1.802736 1.921045 3.000049 6.723829 1.475083
 0.000052 1.805160 1.920777 2.997009 6.722947 1.459960
 0.000052 1.810429 1.920768 2.993854 6.725051 1.496134
 0.000053 1.818520 1.920717 2.990629 6.729865 1.580578
 0.000053 1.829158 1.920157 2.987312 6.736627 1.703089
 0.000054 1.841379 1.919558 2.983936 6.744873 1.858677
 0.000054 1.854761 1.918924 2.980503 6.754189 2.042624
 0.000055 1.868471 1.918284 2.976979 6.763734 2.240109
 0.000055 1.880960 1.917468 2.973335 6.771763 2.413282
 0.000056 1.891137 1.916375 2.969695 6.777207 2.534347
 0.000056 1.897815 1.915030 2.966082 6.778928 2.573256
 0.000057 1.900151 1.913456 2.962475 6.776082 2.509088
 0.000057 1.897679 1.911305 2.958828 6.767812 2.327247
 0.000058 1.890377 1.908962 2.955191 6.754530 2.049527
 0.000058 1.878888 1.906589 2.951582 6.737059 1.711065
 0.000059 1.864249 1.904461 2.948043 6.716754 1.356052
 0.000059 1.847615 1.903128 2.944473 6.695216 1.024549
 0.000060 1.830207 1.902995 2.940870 6.674073 0.744244
 0.000060 1.813164 1.904189 2.937271 6.654624 0.525881
 0.000061 1.797638 1.907133 2.933758 6.638530 0.373772
 0.000061 1.784394 1.912219 2.930279 6.626892 0.279924
 0.000062 1.774559 1.919412 2.926847 6.620818 0.236319
 0.000062 1.768438 1.928538 2.923501 6.620476 0.233979
 0.000063 1.766653 1.939105 2.920211 6.625970 0.273065
 0.000063 1.769190 1.950349 2.917057 6.636596 0.357241
 0.000064 1.775571 1.961709 2.913896 6.651176 0.491112
 0.000064 1.785192 1.972688 2.910670 6.668551 0.678399
 0.000065 1.797217 1.982672 2.907444 6.687333 0.914816
 0.000065 1.810374 1.991109 2.904271 6.705754 1.180951
 0.000066 1.823324 1.997441 2.901163 6.721928 1.442612
 0.000066 1.835200 2.001455 2.897949 6.734604 1.665952
 0.000067 1.844957 2.002958 2.894762 6.742677 1.816572
 0.000067 1.851640 2.001932 2.891622 6.745194 1.864864
 0.000068 1.854745 1.998790 2.888469 6.742005 1.803778
 0.000068 1.853422 1.993957 2.885442 6.732821 1.633564
 0.000069 1.847594 1.987149 2.882504 6.717246 1.364178
 0.000069 1.837903 1.978726 2.879652 6.696282 1.039872
 0.000070 1.824939 1.969827 2.876910 6.671676 0.715289
 0.000070 1.810225 1.960887 2.874179 6.645291 0.434515
 0.000071 1.795552 1.952213 2.871487 6.619252 0.225677
 0.000071 1.781941 1.944712 2.868907 6.595560 0.094574
 0.000072 1.770255 1.939125 2.866416 6.575796 0.028149
 0.000072 1.761545 1.935730 2.864010 6.561286 0.004247
 0.000073 1.756415 1.934519 2.861743 6.552677 0.000018
 0.000073 1.755033 1.935291 2.859526 6.549850 0.000246
 0.000074 1.756931 1.937574 2.857359 6.551864 0.000002
 0.000074 1.762512 1.941195 2.855301 6.559008 0.002407
 0.000075 1.771616 1.945997 2.853354 6.570966 0.017856
 0.000075 1.783417 1.951746 2.851438 6.586601 0.059622
 0.000076 1.796729 1.957337 2.849452 6.603518 0.132352
 0.000076 1.810328 1.961944 2.847473 6.619745 0.229004
 0.000077 1.823575 1.964900 2.845544 6.634019 0.335789
 0.000077 1.835701 1.965511 2.843621 6.644834 0.430265
 0.000078 1.845536 1.963942 2.841726 6.651205 0.491400
 0.000078 1.852136 1.959331 2.839823 6.651290 0.492243
 0.000079 1.855002 1.951393 2.837873 6.644268 0.425035
 0.000079 1.853924 1.941219 2.835947 6.631090 0.312216
 0.000080 1.849421 1.929880 2.834062 6.613362 0.187844
 0.000080 1.841872 1.918011 2.832239 6.592122 0.080211
 0.000081 1.832567 1.905984 2.830494 6.569044 0.014408
 0.000081 1.822546 1.894528 2.828755 6.545829 0.001947
 0.000082 1.813059 1.884682 2.827139 6.524879 0.036964
 0.000082 1.805161 1.876849 2.825623 6.507633 0.098727
 0.000083 1.799240 1.871787 2.824195 6.495223 0.161573
 0.000083 1.796261 1.870054 2.822867 6.489182 0.197738
 0.000084 1.796395 1.871500 2.821619 6.489514 0.195658
 0.000084 1.799909 1.876167 2.820413 6.496488 0.154462
 0.000085 1.806830 1.883531 2.819230 6.509590 0.090221
 0.000085 1.816606 1.892759 2.818170 6.527535 0.030096
 0.000086 1.828932 1.903238 2.817183 6.549353 0.000369
 0.000086 1.842940 1.913714 2.816213 6.572867 0.021627
 0.000087 1.857501 1.922902 2.815291 6.595694 0.095157
 0.000087 1.871122 1.929794 2.814425 6.615341 0.200168
 0.000088 1.883142 1.933472 2.813545 6.630159 0.304903
 0.000088 1.893360 1.933185 2.812780 6.639324 0.380673
 0.000089 1.900942 1.929083 2.811980 6.642005 0.404422
 0.000089 1.905581 1.921417 2.811232 6.638230 0.371185
 0.000090 1.906969 1.910756 2.810528 6.628253 0.290199
 0.000090 1.905568 1.898045 2.809872 6.613485 0.188598
 0.000091 1.902431 1.884570 2.809256 6.596257 0.097629
 0.000091 1.898025 1.871164 2.808725 6.577913 0.033397
 0.000092 1.892699 1.858895 2.808320 6.559914 0.003077
 0.000092 1.887159 1.848647 2.808046 6.543852 0.003376
 0.000093 1.882554 1.840531 2.807869 6.530953 0.022293
 0.000093 1.879472 1.835211 2.807754 6.522438 0.043901
 0.000094 1.878518 1.832865 2.807624 6.519007 0.054654
 0.000094 1.880273 1.834030 2.807609 6.521911 0.045475
 0.000095 1.884542 1.838437 2.807637 6.530615 0.023013
 0.000095 1.891438 1.845997 2.807752 6.545187 0.002368
 0.000096 1.900516 1.856012 2.807955 6.564483 0.007706
 0.000096 1.911319 1.867724 2.808360 6.587403 0.062425
 0.000097 1.922684 1.879729 2.808892 6.611305 0.175447
 0.000097 1.933795 1.890992 2.809488 6.634276 0.337896
 0.000098 1.944140 1.900911 2.810100 6.655151 0.531300
 0.000098 1.952975 1.908479 2.810661 6.672115 0.720551
 0.000099 1.959904 1.912771 2.811326 6.684002 0.870311
 0.000099 1.964028 1.912992 2.812003 6.689022 0.937811
 0.000100 1.965251 1.908643 2.812699 6.686593 0.904837
 0.000100 1.963837 1.900396 2.813457 6.677689 0.789016
 0.000101 1.959945 1.888451 2.814313 6.662709 0.612066
 0.000101 1.953885 1.873482 2.815266 6.642632 0.410087
 0.000102 1.946385 1.856485 2.816458 6.619327 0.226185
 0.000102 1.937965 1.839074 2.817821 6.594860 0.091552
 0.000103 1.929642 1.821989 2.819319 6.570950 0.017825
 0.000103 1.922589 1.806601 2.820942 6.550133 0.000187
 0.000104 1.917066 1.793932 2.822665 6.533663 0.016940
 0.000104 1.913453 1.784523 2.824557 6.522533 0.043619
 0.000105 1.912495 1.778826 2.826619 6.517939 0.058241
 0.000105 1.914167 1.777495 2.828845 6.520506 0.049810
 0.000106 1.918371 1.779986 2.831126 6.529482 0.025507
 0.000106 1.924679 1.786289 2.833517 6.544484 0.002876
 0.000107 1.933054 1.796394 2.836019 6.565467 0.008975
 0.000107 1.942894 1.809134 2.838534 6.590562 0.074087
 0.000108 1.952757 1.823423 2.841072 6.617252 0.212438
 0.000108 1.962125 1.837575 2.843743 6.643443 0.417463
 0.000109 1.970156 1.850812 2.846511 6.667479 0.665975
 0.000109 1.975756 1.862025 2.849405 6.687186 0.912836
 0.000110 1.978889 1.869962 2.852415 6.701266 1.112989
 0.000110 1.979303 1.873512 2.855485 6.708299 1.220391
 0.000111 1.976887 1.872580 2.858543 6.708010 1.215886
 0.000111 1.971715 1.867294 2.861684 6.700693 1.104459
 0.000112 1.964564 1.858248 2.864912 6.687724 0.920108
 0.000112 1.956558 1.846286 2.868206 6.671049 0.707813
 0.000113 1.947897 1.832748 2.871483 6.652127 0.500578
 0.000113 1.939868 1.819019 2.874747 6.633634 0.332640
 0.000114 1.933617 1.806478 2.878048 6.618143 0.218286
 0.000114 1.930181 1.795979 2.881401 6.607560 0.153963
 0.000115 1.929561 1.788437 2.884755 6.602754 0.128447
 0.000115 1.931984 1.784005 2.888076 6.604065 0.135178
 0.000116 1.937184 1.782984 2.891415 6.611582 0.177092
 0.000116 1.945130 1.785515 2.894811 6.625456 0.269285
 0.000117 1.955132 1.791592 2.898268 6.644993 0.431742
 0.000117 1.966714 1.800845 2.901701 6.669259 0.686674
 0.000118 1.978906 1.812263 2.905106 6.696276 1.039779
 0.000118 1.991004 1.824556 2.908449 6.724009 1.478164
 0.000119 2.002138 1.837661 2.911792 6.751591 1.990453
 0.000119 2.011942 1.850117 2.915050 6.777109 2.532157
 0.000120 2.019293 1.860815 2.918255 6.798363 3.033047
 0.000120 2.023651 1.868284 2.921355 6.813290 3.411825
 0.000121 2.024587 1.872090 2.924392 6.821070 3.618080
 0.000121 2.021785 1.871922 2.927283 6.820990 3.615937
 0.000122 2.015895 1.868129 2.930141 6.814166 3.434733
 0.000122 2.007511 1.861243 2.932916 6.801670 3.115034
 0.000123 1.997852 1.851497 2.935584 6.784932 2.711271
 0.000123 1.987737 1.840191 2.938230 6.766157 2.291679
 0.000124 1.977660 1.828013 2.940766 6.746439 1.888995
 0.000124 1.968476 1.816324 2.943288 6.728087 1.549124
 0.000125 1.960867 1.806130 2.945798 6.712796 1.291659
 0.000125 1.955862 1.797656 2.948323 6.701841 1.121585
 0.000126 1.953767 1.791407 2.950905 6.696078 1.036929
 0.000126 1.954809 1.787530 2.953438 6.695776 1.032584
 0.000127 1.959033 1.787077 2.955890 6.702000 1.123959
 0.000127 1.966599 1.789551 2.958237 6.714387 1.317363
 0.000128 1.976900 1.794563 2.960525 6.731988 1.618538
 0.000128 1.989424 1.801852 2.962708 6.753984 2.038478
 0.000129 2.003165 1.811008 2.964740 6.778913 2.572905
 0.000129 2.017092 1.821266 2.966692 6.805050 3.199974
 0.000130 2.030124 1.831285 2.968452 6.829861 3.858423
 0.000130 2.041621 1.840356 2.970022 6.851998 4.497883
 0.000131 2.050142 1.847904 2.971494 6.869540 5.039396
 0.000131 2.054730 1.853040 2.972762 6.880533 5.394422
 0.000132 2.054921 1.855237 2.973908 6.884066 5.511108
 0.000132 2.050550 1.854025 2.974953 6.879528 5.361480
 0.000133 2.041922 1.849552 2.975876 6.867350 4.970093
 0.000133 2.029840 1.842377 2.976650 6.848867 4.404455
 0.000134 2.015169 1.832544 2.977246 6.824959 3.723460
 0.000134 1.999189 1.820865 2.977765 6.797819 3.019661
 0.000135 1.983175 1.808041 2.978215 6.769431 2.362305
 0.000135 1.968527 1.795517 2.978526 6.742570 1.814540
 0.000136 1.956721 1.783956 2.978684 6.719362 1.399350
 0.000136 1.948107 1.773985 2.978762 6.700854 1.106843
 0.000137 1.943042 1.766823 2.978726 6.688591 0.931911
 0.000137 1.942016 1.763094 2.978537 6.683648 0.865654
 0.000138 1.945373 1.763260 2.978222 6.686855 0.908368
 0.000138 1.952898 1.766792 2.977716 6.697405 1.056134
 0.000139 1.963857 1.773141 2.977058 6.714056 1.311983
 0.000139 1.977774 1.781861 2.976307 6.735942 1.690457
 0.000140 1.993524 1.791902 2.975396 6.760821 2.178876
 0.000140 2.010082 1.801928 2.974272 6.786282 2.742793
 0.000141 2.026269 1.811321 2.972910 6.810500 3.339329
 0.000141 2.040891 1.819179 2.971431 6.831501 3.904122
 0.000142 2.052719 1.824197 2.969797 6.846714 4.340780
 0.000142 2.060939 1.825670 2.968068 6.854676 4.578565
 0.000143 2.064676 1.822911 2.966209 6.853796 4.551962
 0.000143 2.064007 1.815721 2.964348 6.844076 4.263392
 0.000144 2.059754 1.804524 2.962389 6.826668 3.770227
 0.000144 2.052738 1.789947 2.960314 6.803000 3.148307
 0.000145 2.043181 1.773634 2.958211 6.775026 2.485486
 0.000145 2.032278 1.756762 2.956095 6.745135 1.863718
 0.000146 2.021131 1.740368 2.954023 6.715522 1.335843
 0.000146 2.010529 1.725926 2.952007 6.688461 0.930145
 0.000147 2.001119 1.714641 2.949950 6.665710 0.645715
 0.000147 1.993472 1.707086 2.947879 6.648437 0.464342
 0.000148 1.987918 1.703720 2.945812 6.637450 0.364492
 0.000148 1.984882 1.704683 2.943732 6.633297 0.329899
 0.000149 1.984805 1.709829 2.941597 6.636232 0.354172
 0.000149 1.987538 1.718865 2.939451 6.645854 0.439778
 0.000150 1.992280 1.730531 2.937347 6.660157 0.584151
 0.000150 1.998671 1.743544 2.935308 6.677523 0.786932
 0.000151 2.006099 1.756308 2.933338 6.695745 1.032139
 0.000151 2.013646 1.767781 2.931467 6.712894 1.293234
 0.000152 2.020618 1.776169 2.929762 6.726549 1.522164
 0.000152 2.025882 1.780467 2.928142 6.734491 1.663898
 0.000153 2.028403 1.779727 2.926551 6.734681 1.667361
 0.000153 2.027147 1.773890 2.924993 6.726029 1.513110
 0.000154 2.022165 1.763850 2.923427 6.709442 1.238318
 0.000154 2.012893 1.750257 2.921948 6.685099 0.884847
 0.000155 1.999696 1.734490 2.920630 6.654815 0.527842
 0.000155 1.983394 1.718371 2.919421 6.621187 0.238867
 0.000156 1.965265 1.703066 2.918290 6.586621 0.059691
 0.000156 1.946928 1.690401 2.917289 6.554619 0.000325
 0.000157 1.929780 1.681542 2.916552 6.527874 0.029270
 0.000157 1.914490 1.677562 2.916038 6.508090 0.096707
 0.000158 1.901829 1.678967 2.915670 6.496466 0.154582
 0.000158 1.892325 1.685397 2.915464 6.493185 0.173366
 0.000159 1.886190 1.696574 2.915442 6.498206 0.145063
 0.000159 1.883398 1.711544 2.915569 6.510511 0.086353
 0.000160 1.883611 1.729619 2.915863 6.529093 0.026394
 0.000160 1.886612 1.749833 2.916323 6.552768 0.000024
 0.000161 1.892179 1.770978 2.916833 6.579991 0.038982
 0.000161 1.899746 1.792427 2.917413 6.609585 0.165406
 0.000162 1.908429 1.812267 2.918103 6.638799 0.376102
 0.000162 1.917164 1.828895 2.918894 6.664953 0.637140
 0.000163 1.924665 1.840639 2.919681 6.684986 0.883341
 0.000163 1.930554 1.846970 2.920511 6.698035 1.065302
 0.000164 1.934205 1.847500 2.921342 6.703046 1.139711
 0.000164 1.935446 1.842198 2.922125 6.699769 1.090759
 0.000165 1.934120 1.831791 2.922878 6.688789 0.934624
 0.000165 1.930602 1.817524 2.923592 6.671718 0.715800
 0.000166 1.925311 1.800922 2.924318 6.650551 0.484937
 0.000166 1.918793 1.783097 2.925023 6.626914 0.280087
 0.000167 1.912046 1.766203 2.925706 6.603955 0.134606
 0.000167 1.905833 1.751517 2.926394 6.583744 0.050167
 0.000168 1.900853 1.740248 2.927110 6.568211 0.013029
 0.000168 1.897711 1.732910 2.927802 6.558424 0.002019
 0.000169 1.896469 1.730717 2.928532 6.555718 0.000666
 0.000169 1.897208 1.733517 2.929295 6.560020 0.003161
 0.000170 1.899829 1.740996 2.930058 6.570884 0.017699
 0.000170 1.904546 1.753318 2.930784 6.588649 0.066905
 0.000171 1.911006 1.769658 2.931471 6.612135 0.180394
 0.000171 1.918217 1.789397 2.932150 6.639764 0.384525
 0.000172 1.925531 1.811373 2.932784 6.669688 0.691706
 0.000172 1.932657 1.834468 2.933354 6.700479 1.101283
 0.000173 1.938976 1.856964 2.933929 6.729869 1.580647
 0.000173 1.943622 1.877461 2.934361 6.755443 2.068053
 0.000174 1.945908 1.894164 2.934651 6.774723 2.478738
 0.000174 1.945326 1.905868 2.934807 6.786000 2.736195
 0.000175 1.941803 1.911956 2.934796 6.788555 2.796286
 0.000175 1.935525 1.912421 2.934666 6.782612 2.657511
 0.000176 1.926621 1.907082 2.934435 6.768138 2.334288
 0.000176 1.915141 1.896425 2.934115 6.745680 1.874260
 0.000177 1.901849 1.882346 2.933674 6.717869 1.374483
 0.000177 1.887447 1.866620 2.933133 6.687200 0.913022
 0.000178 1.872353 1.850356 2.932444 6.655153 0.531319
 0.000178 1.857187 1.834910 2.931735 6.623832 0.257500
 0.000179 1.842478 1.821434 2.930946 6.594858 0.091545
 0.000179 1.828308 1.810719 2.930089 6.569116 0.014530
 0.000180 1.815395 1.803191 2.929150 6.547736 0.000939
 0.000180 1.804524 1.799440 2.928291 6.532255 0.019630
 0.000181 1.795991 1.799776 2.927490 6.523256 0.041508
 0.000181 1.789964 1.804171 2.926796 6.520931 0.048479
 0.000182 1.785772 1.813005 2.926178 6.524955 0.036760
 0.000182 1.783406 1.825918 2.925612 6.534935 0.014678
 0.000183 1.782252 1.841540 2.925115 6.548906 0.000500
 0.000183 1.782194 1.859163 2.924767 6.566124 0.009877
 0.000184 1.782051 1.877372 2.924579 6.584003 0.050989
 0.000184 1.780903 1.894365 2.924513 6.599781 0.113822
 0.000185 1.778020 1.908688 2.924592 6.611299 0.175411
 0.000185 1.773178 1.918874 2.924777 6.616829 0.209693
 0.000186 1.766428 1.923982 2.925043 6.615452 0.200873
 0.000186 1.757680 1.923903 2.925388 6.606971 0.150709
 0.000187 1.747286 1.919128 2.925872 6.592287 0.080874
 0.000187 1.735846 1.910271 2.926418 6.572535 0.020944
 0.000188 1.724596 1.898320 2.927064 6.549981 0.000218
 0.000188 1.714593 1.885037 2.927870 6.527500 0.030180
 0.000189 1.706687 1.871739 2.928741 6.507167 0.100810
 0.000189 1.701352 1.859842 2.929761 6.490955 0.186744
 0.000190 1.699243 1.850150 2.930882 6.480275 0.257717
 0.000190 1.700676 1.843438 2.932192 6.476306 0.287000
 0.000191 1.705980 1.840401 2.933645 6.480026 0.259510
 0.000191 1.714833 1.841286 2.935336 6.491456 0.183699
 0.000192 1.726782 1.845887 2.937117 6.509787 0.089390
 0.000192 1.740598 1.854044 2.939006 6.533647 0.016968
 0.000193 1.755661 1.865059 2.941059 6.561779 0.004715
 0.000193 1.771227 1.878060 2.943296 6.592582 0.082067
 0.000194 1.786285 1.892483 2.945642 6.624411 0.261666
 0.000194 1.799427 1.907167 2.948078 6.654672 0.526370
 0.000195 1.810437 1.921109 2.950606 6.682153 0.846087
 0.000195 1.818499 1.933340 2.953219 6.705058 1.170284
 0.000196 1.822972 1.942563 2.955829 6.721364 1.433035
 0.000196 1.823906 1.947893 2.958397 6.730196 1.586466
 0.000197 1.821702 1.948278 2.960986 6.730966 1.600214
 0.000197 1.817033 1.943738 2.963534 6.724305 1.483271
 0.000198 1.810666 1.934529 2.966089 6.711284 1.267468
 0.000198 1.803052 1.920919 2.968640 6.692611 0.987603
 0.000199 1.795078 1.904133 2.971139 6.670351 0.699533
 0.000199 1.787940 1.885633 2.973751 6.647324 0.453678
 0.000200 1.782279 1.866886 2.976434 6.625600 0.270340
 0.000200 1.778580 1.848838 2.979241 6.606659 0.149001
 0.000201 1.777764 1.832649 2.982219 6.592632 0.082269
 0.000201 1.779828 1.818982 2.985276 6.584086 0.051255
 0.000202 1.784629 1.808692 2.988361 6.581681 0.043844
 0.000202 1.792194 1.802529 2.991483 6.586207 0.058269
 0.000203 1.801881 1.800918 2.994605 6.597405 0.102767
 0.000203 1.813088 1.803558 2.997638 6.614283 0.193532
 0.000204 1.824960 1.810422 3.000623 6.636005 0.352262
 0.000204 1.836332 1.821453 3.003590 6.661375 0.597393
 0.000205 1.845980 1.835522 3.006466 6.687969 0.923444
 0.000205 1.853460 1.852020 3.009240 6.714720 1.322762
 0.000206 1.858566 1.869800 3.011970 6.740336 1.772224
 0.000206 1.860217 1.887431 3.014645 6.762294 2.209728
 0.000207 1.858118 1.903847 3.017302 6.779268 2.580965
 0.000207 1.852041 1.917160 3.019860 6.789060 2.808247
 0.000208 1.842492 1.926649 3.022243 6.791383 2.863570
 0.000208 1.830322 1.931530 3.024598 6.786450 2.746731
 0.000209 1.816769 1.931878 3.026816 6.775464 2.495257
 0.000209 1.802557 1.927714 3.028900 6.759171 2.144570
 0.000210 1.789326 1.919554 3.030983 6.739864 1.763346
 0.000210 1.778302 1.908600 3.033065 6.719967 1.409489
 0.000211 1.770186 1.896300 3.034996 6.701483 1.116232
 0.000211 1.765616 1.883285 3.036872 6.685774 0.893850
 0.000212 1.765132 1.870868 3.038767 6.674767 0.752735
 0.000212 1.768763 1.859920 3.040660 6.669343 0.687659
 0.000213 1.776717 1.851471 3.042500 6.670688 0.703526
 0.000213 1.788772 1.846201 3.044254 6.679227 0.808457
 0.000214 1.804175 1.844539 3.045942 6.694655 1.016545
 0.000214 1.822101 1.846317 3.047519 6.715937 1.342637
 0.000215 1.841493 1.851314 3.048993 6.741799 1.799878
 0.000215 1.861355 1.859406 3.050209 6.770970 2.395874
 0.000216 1.880323 1.869585 3.051233 6.801141 3.101834
 0.000216 1.896902 1.880984 3.052033 6.829919 3.860026
 0.000217 1.909578 1.892666 3.052638 6.854883 4.584809
 0.000217 1.917562 1.903565 3.053082 6.874208 5.188686
 0.000218 1.920514 1.912862 3.053333 6.886709 5.599186
 0.000218 1.918433 1.920044 3.053416 6.891894 5.774036
 0.000219 1.911459 1.924934 3.053164 6.889557 5.694900
 0.000219 1.900300 1.927057 3.052629 6.879987 5.376498
 0.000220 1.886373 1.926107 3.051928 6.864407 4.877765
 0.000220 1.871038 1.922808 3.051055 6.844902 4.287546
 0.000221 1.855263 1.917586 3.050042 6.822891 3.667236
 0.000221 1.839973 1.910974 3.048864 6.799812 3.068821
 0.000222 1.826153 1.903625 3.047689 6.777467 2.540212
 0.000222 1.815221 1.896027 3.046454 6.757702 2.114248
 0.000223 1.807797 1.888917 3.045109 6.741823 1.800331
 0.000223 1.804309 1.882936 3.043667 6.730912 1.599250
 0.000224 1.805435 1.878510 3.042062 6.726007 1.512717
 0.000224 1.810728 1.875584 3.040390 6.726701 1.524825
 0.000225 1.819827 1.874293 3.038612 6.732733 1.631967
 0.000225 1.832618 1.874564 3.036655 6.743837 1.838754
 0.000226 1.848303 1.875552 3.034581 6.758435 2.129354
 0.000226 1.865752 1.877064 3.032429 6.775245 2.490381
 0.000227 1.884029 1.878376 3.030134 6.792538 2.891279
 0.000227 1.901947 1.879283 3.027708 6.808938 3.299082
 0.000228 1.918831 1.879248 3.025178 6.823257 3.677142
 0.000228 1.932552 1.877752 3.022527 6.832831 3.941372
 0.000229 1.941821 1.874722 3.019697 6.836239 4.037625
 0.000229 1.945943 1.870006 3.016704 6.832654 3.936391
 0.000230 1.944459 1.863469 3.013533 6.821461 3.628611
 0.000230 1.937372 1.855540 3.010149 6.803061 3.149855
 0.000231 1.924813 1.846670 3.006649 6.778133 2.555240
 0.000231 1.908400 1.837810 3.002974 6.749184 1.942716
 0.000232 1.889679 1.829346 2.999176 6.718200 1.379978
 0.000232 1.870372 1.821473 2.995286 6.687131 0.912090
 0.000233 1.852159 1.814898 2.991271 6.658329 0.564557
 0.000233 1.836367 1.809970 2.987179 6.633515 0.331676
 0.000234 1.824046 1.807114 2.983106 6.614266 0.193423
 0.000234 1.815997 1.806581 2.978940 6.601518 0.122260
 0.000235 1.812745 1.807779 2.974729 6.595253 0.093243
 0.000235 1.814550 1.810948 2.970605 6.596103 0.096951
 0.000236 1.821552 1.815335 2.966560 6.603447 0.131988
 0.000236 1.833042 1.820095 2.962579 6.615716 0.202550
 0.000237 1.848636 1.824230 2.958609 6.631475 0.315265
 0.000237 1.867681 1.826956 2.954604 6.649241 0.472119
 0.000238 1.888729 1.827981 2.950655 6.667366 0.664665
 0.000238 1.910557 1.826988 2.946725 6.684270 0.873854
 0.000239 1.931656 1.823677 2.942757 6.698089 1.066099
 0.000239 1.950696 1.817866 2.938825 6.707387 1.206185
 0.000240 1.966884 1.809803 2.934928 6.711614 1.272727
 0.000240 1.978771 1.800572 2.931022 6.710366 1.252893
 0.000241 1.985723 1.790312 2.927168 6.703203 1.142079
 0.000241 1.987077 1.779707 2.923312 6.690095 0.952562
 0.000242 1.983414 1.769563 2.919401 6.672379 0.723721
 0.000242 1.975318 1.760504 2.915490 6.651311 0.492450
 0.000243 1.963989 1.753090 2.911804 6.628883 0.295018
 0.000243 1.950150 1.747716 2.908255 6.606122 0.146087
 0.000244 1.935326 1.745161 2.904898 6.585385 0.055499
 0.000244 1.921123 1.745760 2.901887 6.568770 0.013947
 0.000245 1.908670 1.749544 2.899123 6.557337 0.001387
 0.000245 1.898859 1.756411 2.896546 6.551816 0.000003
 0.000246 1.892396 1.765613 2.894127 6.552136 0.000000
 0.000246 1.889834 1.776955 2.891876 6.558665 0.002175
 0.000247 1.891338 1.789730 2.889787 6.570855 0.017646
 0.000247 1.896374 1.803019 2.887834 6.587227 0.061804
 0.000248 1.904361 1.815838 2.886113 6.606312 0.147116
 0.000248 1.914811 1.827433 2.884614 6.626858 0.279673
 0.000249 1.927403 1.836842 2.883225 6.647469 0.455062
 0.000249 1.941471 1.843210 2.881929 6.666609 0.655976
 0.000250 1.956011 1.845583 2.880723 6.682317 0.848233
 0.000250 1.969664 1.843758 2.879633 6.693054 0.993840
 0.000251 1.981240 1.838048 2.878656 6.697945 1.063984
 0.000251 1.989722 1.828808 2.877774 6.696304 1.040184
 0.000252 1.994431 1.816279 2.877008 6.687718 0.920033
 0.000252 1.995152 1.801351 2.876451 6.672954 0.730654
 0.000253 1.992060 1.785008 2.875988 6.653056 0.509919
 0.000253 1.985434 1.768397 2.875633 6.629464 0.299502
 0.000254 1.975588 1.752942 2.875456 6.603986 0.134768
 0.000254 1.963415 1.739491 2.875400 6.578306 0.034419
 0.000255 1.950076 1.728444 2.875514 6.554035 0.000193
 0.000255 1.936675 1.720471 2.875814 6.532960 0.018258
 0.000256 1.924296 1.716166 2.876209 6.516671 0.062652
 0.000256 1.914025 1.716029 2.876715 6.506769 0.102606
 0.000257 1.906591 1.720257 2.877326 6.504175 0.114694
 0.000257 1.902718 1.728348 2.878000 6.509066 0.092464
 0.000258 1.902336 1.739555 2.878754 6.520646 0.049370
 0.000258 1.905217 1.752969 2.879612 6.537797 0.010184
 0.000259 1.911180 1.767324 2.880598 6.559102 0.002473
 0.000259 1.919686 1.781226 2.881633 6.582546 0.046441
 0.000260 1.930000 1.793016 2.882661 6.605677 0.143689
 0.000260 1.941443 1.801422 2.883723 6.626588 0.277657
 0.000261 1.953348 1.805714 2.884860 6.643922 0.421852
 0.000261 1.964643 1.805266 2.886007 6.655916 0.539206
 0.000262 1.974297 1.799378 2.887119 6.660794 0.591061
 0.000262 1.981537 1.788615 2.888167 6.658319 0.564450
 0.000263 1.986134 1.773946 2.889141 6.649221 0.471928
 0.000263 1.987979 1.756791 2.890012 6.634782 0.342073
 0.000264 1.986938 1.738676 2.890843 6.616457 0.207290
 0.000264 1.983961 1.720852 2.891683 6.596496 0.098688
 0.000265 1.979778 1.704715 2.892432 6.576925 0.030891
 0.000265 1.974813 1.691786 2.893087 6.559685 0.002900
 0.000266 1.969333 1.682977 2.893736 6.546046 0.001814
 0.000266 1.964063 1.678731 2.894421 6.537215 0.011032
 0.000267 1.959596 1.679823 2.895182 6.534601 0.015257
 0.000267 1.955973 1.686022 2.895950 6.537945 0.009974
 0.000268 1.954037 1.697266 2.896723 6.548026 0.000817
 0.000268 1.953892 1.713195 2.897561 6.564648 0.007911
 0.000269 1.955339 1.733074 2.898410 6.586823 0.060393
 0.000269 1.958262 1.756183 2.899216 6.613661 0.189681
 0.000270 1.962533 1.781035 2.900010 6.643578 0.418694
 0.000270 1.967719 1.805599 2.900773 6.674091 0.744468
 0.000271 1.973151 1.828386 2.901429 6.702966 1.138500
 0.000271 1.978590 1.847765 2.901987 6.728343 1.553619
 0.000272 1.983958 1.862585 2.902444 6.748986 1.938820
 0.000272 1.988499 1.872045 2.902847 6.763391 2.232852
 0.000273 1.991553 1.875791 2.903166 6.770510 2.385819
 0.000273 1.993343 1.873598 2.903508 6.770449 2.384494
 0.000274 1.993948 1.866330 2.903849 6.764127 2.248440
 0.000274 1.993589 1.855051 2.904107 6.752747 2.013578
 0.000275 1.992718 1.841337 2.904331 6.738386 1.735703
 0.000275 1.991447 1.826567 2.904575 6.722588 1.453844
 0.000276 1.990345 1.811813 2.904889 6.707047 1.200911
 0.000276 1.989517 1.797916 2.905257 6.692690 0.988713
 0.000277 1.988943 1.785814 2.905710 6.680467 0.824299
 0.000277 1.988792 1.776125 2.906184 6.671101 0.708431
 0.000278 1.989431 1.769435 2.906711 6.665577 0.644203
 0.000278 1.990632 1.765705 2.907320 6.663657 0.622597
 0.000279 1.991973 1.765076 2.907970 6.665019 0.637884
 0.000279 1.993559 1.767559 2.908588 6.669705 0.691917
 0.000280 1.995600 1.773157 2.909246 6.678003 0.792972
 0.000280 1.997799 1.781531 2.909990 6.689319 0.941881
 0.000281 1.999634 1.792170 2.910810 6.702614 1.133196
 0.000281 2.000796 1.804485 2.911654 6.716936 1.359049
 0.000282 2.000568 1.817247 2.912534 6.730348 1.589177
 0.000282 1.999153 1.829474 2.913486 6.742113 1.805830
 0.000283 1.996594 1.839786 2.914497 6.750877 1.976230
 0.000283 1.992497 1.846911 2.915593 6.755002 2.059082
 0.000284 1.987520 1.849763 2.916772 6.754055 2.039928
 0.000284 1.981982 1.848352 2.917889 6.748223 1.923814
 0.000285 1.975828 1.842338 2.918975 6.737140 1.712566
 0.000285 1.969279 1.831754 2.920081 6.721115 1.428820
 0.000286 1.962517 1.817879 2.921301 6.701697 1.119434
 0.000286 1.956226 1.802033 2.922513 6.680773 0.828230
 0.000287 1.950475 1.785462 2.923711 6.659648 0.578667
 0.000287 1.946107 1.769248 2.924819 6.640174 0.388128
 0.000288 1.943415 1.754520 2.925919 6.623854 0.257653
 0.000288 1.942746 1.742490 2.927028 6.612264 0.181172
 0.000289 1.944123 1.734310 2.928212 6.606645 0.148930
 0.000289 1.947342 1.730406 2.929408 6.607157 0.151733
 0.000290 1.952054 1.731561 2.930606 6.614221 0.193144
 0.000290 1.957705 1.738001 2.931837 6.627543 0.284816
 0.000291 1.963908 1.749307 2.933099 6.646314 0.444107
 0.000291 1.969477 1.764532 2.934503 6.668512 0.677952
 0.000292 1.973968 1.783259 2.935958 6.693185 0.995682
 0.000292 1.976955 1.804294 2.937431 6.718681 1.387974
 0.000293 1.977021 1.826288 2.938872 6.742181 1.807134
 0.000293 1.973762 1.848402 2.940246 6.762410 2.212158
 0.000294 1.966835 1.868960 2.941534 6.777329 2.537105
 0.000294 1.956607 1.887328 2.942771 6.786705 2.752703
 0.000295 1.943327 1.902771 2.943904 6.790002 2.830616
 0.000295 1.928039 1.914850 2.945052 6.787941 2.781772
 0.000296 1.911225 1.923503 2.946108 6.780837 2.616738
 0.000296 1.893891 1.928961 2.947086 6.769938 2.373353
 0.000297 1.877325 1.931639 2.947979 6.756943 2.098673
 0.000297 1.862147 1.932185 2.948791 6.743124 1.825098
 0.000298 1.849002 1.931393 2.949479 6.729874 1.580733
 0.000298 1.838582 1.929601 2.950069 6.718252 1.380847
 0.000299 1.831261 1.927541 2.950632 6.709434 1.238191
 0.000299 1.827316 1.925519 2.951077 6.703912 1.152811
 0.000300 1.826625 1.923938 2.951450 6.702013 1.124161
 0.000300 1.829187 1.923555 2.951736 6.704479 1.161440
 0.000301 1.835242 1.924518 2.951975 6.711734 1.274649
 0.000301 1.844134 1.926829 2.952155 6.723118 1.462887
 0.000302 1.854386 1.930439 2.952253 6.737078 1.711421
 0.000302 1.865493 1.935228 2.952288 6.753010 2.018856
 0.000303 1.876465 1.940405 2.952252 6.769122 2.355604
 0.000303 1.885864 1.945638 2.952130 6.783632 2.681067
 0.000304 1.892818 1.950507 2.951876 6.795201 2.955658
 0.000304 1.896417 1.954214 2.951469 6.802100 3.125781
 0.000305 1.895915 1.956802 2.950970 6.803687 3.165578
 0.000305 1.891522 1.958203 2.950336 6.800061 3.075002
 0.000306 1.883328 1.958010 2.949581 6.790919 2.852461
 0.000306 1.871553 1.956264 2.948615 6.776433 2.516967
 0.000307 1.856700 1.952592 2.947557 6.756850 2.096756
 0.000307 1.839522 1.947389 2.946481 6.733392 1.643905
 0.000308 1.821330 1.940382 2.945310 6.707021 1.200513
 0.000308 1.802924 1.931580 2.944085 6.678588 0.800351
 0.000309 1.785296 1.921193 2.942826 6.649315 0.472841
 0.000309 1.769359 1.909940 2.941492 6.620791 0.236136
 0.000310 1.756136 1.898687 2.940216 6.595039 0.092320
 0.000310 1.746086 1.888011 2.938892 6.572989 0.021882
 0.000311 1.740005 1.878512 2.937526 6.556043 0.000790
 0.000311 1.738099 1.870546 2.936103 6.544748 0.002680
 0.000312 1.740667 1.864862 2.934650 6.540179 0.007069
 0.000312 1.746706 1.861589 2.933223 6.541518 0.005566
 0.000313 1.755950 1.860762 2.931869 6.548582 0.000608
 0.000313 1.767349 1.862050 2.930494 6.559892 0.003060
 0.000314 1.779727 1.865206 2.929011 6.573944 0.023925
 0.000314 1.791831 1.870235 2.927495 6.589562 0.070286
 0.000315 1.801931 1.876326 2.925893 6.604151 0.135626
 0.000315 1.808440 1.883203 2.924299 6.615942 0.203988
 0.000316 1.810537 1.889769 2.922752 6.623058 0.251969
 0.000316 1.807628 1.895912 2.921132 6.624672 0.263562
 0.000317 1.799924 1.901767 2.919510 6.621201 0.238965
 0.000317 1.787657 1.907772 2.917788 6.613217 0.186956
 0.000318 1.771312 1.913826 2.915975 6.601113 0.120267
 0.000318 1.751609 1.919851 2.914150 6.585610 0.056250
 0.000319 1.730502 1.925781 2.912339 6.568621 0.013699
 0.000319 1.709697 1.932446 2.910548 6.552691 0.000019
 0.000320 1.690304 1.940429 2.908791 6.539524 0.007869
 0.000320 1.673716 1.950254 2.907129 6.531098 0.021989
 0.000321 1.660737 1.961825 2.905528 6.528089 0.028752
 0.000321 1.652022 1.975245 2.903976 6.531243 0.021687
 0.000322 1.647940 1.990255 2.902428 6.540624 0.006549
 0.000322 1.648133 2.006195 2.900964 6.555292 0.000519
 0.000323 1.652211 2.023129 2.899533 6.574873 0.026001
 0.000323 1.659832 2.040841 2.898157 6.598829 0.109327
 0.000324 1.670113 2.058436 2.896874 6.625424 0.269047
 0.000324 1.681935 2.075722 2.895611 6.653267 0.512057
 0.000325 1.694382 2.092163 2.894342 6.680887 0.829707
 0.000325 1.706653 2.107167 2.893070 6.706889 1.198465
 0.000326 1.717813 2.120358 2.891780 6.729950 1.582085
 0.000326 1.726344 2.131365 2.890399 6.748109 1.921588
 0.000327 1.731092 2.139835 2.888945 6.759871 2.159094
 0.000327 1.731571 2.146030 2.887413 6.765014 2.267277
 0.000328 1.727680 2.149394 2.885802 6.762875 2.221957
 0.000328 1.719356 2.149847 2.884210 6.753413 2.026974
 0.000329 1.707377 2.147281 2.882580 6.737238 1.714382
 0.000329 1.692917 2.142371 2.880915 6.716203 1.346994
 0.000330 1.677377 2.135001 2.879282 6.691660 0.974278
 0.000330 1.661816 2.125410 2.877728 6.664953 0.637144
 0.000331 1.647794 2.113955 2.876293 6.638042 0.369570
 0.000331 1.636516 2.101682 2.874907 6.613105 0.186268
 0.000332 1.628362 2.089354 2.873629 6.591346 0.077133
 0.000332 1.624138 2.076898 2.872507 6.573543 0.023057
 0.000333 1.624479 2.064368 2.871488 6.560334 0.003416
 0.000333 1.629536 2.051970 2.870596 6.552101 0.000000
 0.000334 1.639552 2.039924 2.869809 6.549285 0.000387
 0.000334 1.654423 2.028821 2.869158 6.552402 0.000006
 0.000335 1.672930 2.018254 2.868675 6.559860 0.003035
 0.000335 1.694267 2.008219 2.868314 6.570800 0.017542
 0.000336 1.717432 1.998439 2.868102 6.583972 0.050891
 0.000336 1.740932 1.988819 2.868011 6.597762 0.104392
 0.000337 1.763404 1.979199 2.868073 6.610676 0.171738
 0.000337 1.782989 1.969469 2.868299 6.620756 0.235898
 0.000338 1.797954 1.959834 2.868640 6.626428 0.276465
 0.000338 1.808010 1.950291 2.869116 6.627417 0.283869
 0.000339 1.813117 1.940864 2.869652 6.623633 0.256067
 0.000339 1.813263 1.931782 2.870279 6.615325 0.200065
 0.000340 1.809181 1.923141 2.871041 6.603364 0.131559
 0.000340 1.801939 1.915093 2.871975 6.589007 0.068219
 0.000341 1.793200 1.908665 2.873093 6.574958 0.026196
 0.000341 1.784316 1.904386 2.874399 6.563102 0.006086
 0.000342 1.776800 1.902068 2.875888 6.554756 0.000361
 0.000342 1.771331 1.901802 2.877571 6.550704 0.000093
 0.000343 1.768480 1.903558 2.879452 6.551490 0.000017
 0.000343 1.769342 1.907582 2.881462 6.558386 0.001995
 0.000344 1.773954 1.913741 2.883599 6.571294 0.018481
 0.000344 1.781973 1.921714 2.885784 6.589471 0.069946
 0.000345 1.793326 1.930790 2.888087 6.612204 0.180809
 0.000345 1.807919 1.940154 2.890577 6.638650 0.374815
 0.000346 1.824503 1.948711 2.893169 6.666382 0.653378
 0.000346 1.842152 1.956531 2.895740 6.694423 1.013236
 0.000347 1.859934 1.963380 2.898278 6.721592 1.436910
 0.000347 1.877393 1.968608 2.900743 6.746744 1.894913
 0.000348 1.893394 1.972165 2.903243 6.768802 2.348659
 0.000348 1.906720 1.973830 2.905709 6.786258 2.742233
 0.000349 1.916717 1.973592 2.908099 6.798408 3.034154
 0.000349 1.922811 1.971624 2.910484 6.804918 3.196630
 0.000350 1.924993 1.968525 2.912755 6.806273 3.230993
 0.000350 1.923338 1.964493 2.915029 6.802859 3.144792
 0.000351 1.917974 1.959743 2.917231 6.794949 2.949535
 0.000351 1.909369 1.954720 2.919363 6.783452 2.676898
 0.000352 1.898610 1.949718 2.921406 6.769734 2.368893
 0.000352 1.886249 1.945476 2.923342 6.755067 2.060417
 0.000353 1.872853 1.942218 2.925108 6.740179 1.769271
 0.000353 1.859505 1.939775 2.926721 6.726001 1.512614
 0.000354 1.847082 1.938742 2.928288 6.714112 1.312904
 0.000354 1.836226 1.939133 2.929793 6.705152 1.171716
 0.000355 1.827112 1.940281 2.931156 6.698549 1.072824
 0.000355 1.820526 1.942349 2.932451 6.695325 1.026119
 0.000356 1.816682 1.945594 2.933781 6.696057 1.036626
 0.000356 1.815811 1.949451 2.934943 6.700204 1.097201
 0.000357 1.817548 1.952703 2.935981 6.706231 1.188296
 0.000357 1.821938 1.954928 2.936979 6.713845 1.308579
 0.000358 1.828903 1.955472 2.937954 6.722329 1.449418
 0.000358 1.838276 1.953444 2.938847 6.730567 1.593072
 0.000359 1.848769 1.948310 2.939618 6.736698 1.704391
 0.000359 1.859777 1.940023 2.940186 6.739986 1.765645
 0.000360 1.870551 1.928867 2.940598 6.740015 1.766191
 0.000360 1.879915 1.915150 2.940816 6.735880 1.689325
 0.000361 1.887132 1.899462 2.940853 6.727447 1.537869
 0.000361 1.892323 1.882488 2.940765 6.715576 1.336735
 0.000362 1.894656 1.865238 2.940547 6.700441 1.100707
 0.000362 1.893762 1.848227 2.940218 6.682208 0.846807
 0.000363 1.889814 1.832544 2.939824 6.662182 0.606240
 0.000363 1.883709 1.819161 2.939412 6.642281 0.406912
 0.000364 1.876299 1.808957 2.938886 6.624142 0.259727
 0.000364 1.867916 1.802347 2.938365 6.608627 0.159940
 0.000365 1.859214 1.799550 2.937824 6.596588 0.099098
 0.000365 1.850978 1.801021 2.937304 6.589303 0.069318
 0.000366 1.844169 1.806786 2.936777 6.587732 0.063592
 0.000366 1.839257 1.816285 2.936342 6.591884 0.079263
 0.000367 1.836447 1.829193 2.935989 6.601630 0.122814
 0.000367 1.836077 1.844097 2.935603 6.615777 0.202936
 0.000368 1.838390 1.860225 2.935173 6.633788 0.333904
 0.000368 1.843222 1.876561 2.934687 6.654471 0.524308
 0.000369 1.850199 1.892039 2.934138 6.676376 0.772609
 0.000369 1.859107 1.905446 2.933581 6.698134 1.066745
 0.000370 1.869027 1.915232 2.932971 6.717230 1.363904
 0.000370 1.879702 1.921138 2.932324 6.733163 1.639760
 0.000371 1.890480 1.922561 2.931745 6.744786 1.856984
 0.000371 1.901062 1.919525 2.931117 6.751704 1.992712
 0.000372 1.910364 1.912559 2.930418 6.753341 2.025523
 0.000372 1.917801 1.902577 2.929725 6.750103 1.960878
 0.000373 1.923453 1.890066 2.929111 6.742630 1.815669
 0.000373 1.927224 1.876439 2.928484 6.732146 1.621391
 0.000374 1.929068 1.863042 2.927894 6.720005 1.410121
 0.000374 1.929019 1.850296 2.927313 6.706628 1.194431
 0.000375 1.927315 1.839172 2.926825 6.693312 0.997474
 0.000375 1.924520 1.830465 2.926365 6.681350 0.835677
 0.000376 1.921276 1.824827 2.925993 6.672096 0.720326
 0.000376 1.918086 1.822604 2.925764 6.666454 0.654198
 0.000377 1.915136 1.823610 2.925650 6.664397 0.630878
 0.000377 1.912843 1.827813 2.925619 6.666275 0.652156
 0.000378 1.911637 1.835487 2.925702 6.672825 0.729102
 0.000378 1.911333 1.846093 2.925817 6.683243 0.860331
 0.000379 1.912353 1.858666 2.925963 6.696981 1.049979
 0.000379 1.914335 1.872213 2.926146 6.712694 1.290024
 0.000380 1.916747 1.885883 2.926373 6.729003 1.565283
 0.000380 1.920050 1.898756 2.926686 6.745492 1.870629
 0.000381 1.923728 1.909573 2.927083 6.760383 2.169734
 0.000381 1.927398 1.916666 2.927447 6.771511 2.407739
 0.000382 1.930368 1.918921 2.927785 6.777073 2.531349
 0.000382 1.932489 1.916011 2.928125 6.776624 2.521257
 0.000383 1.933286 1.907949 2.928421 6.769655 2.367182
 0.000383 1.932640 1.894629 2.928622 6.755892 2.077186
 0.000384 1.931200 1.876832 2.928821 6.736854 1.707270
 0.000384 1.929083 1.855732 2.929002 6.713818 1.308131
 0.000385 1.926145 1.832888 2.929195 6.688228 0.926969
 0.000385 1.922928 1.809685 2.929326 6.661940 0.603577
 0.000386 1.919999 1.787669 2.929460 6.637129 0.361758
 0.000386 1.917711 1.768133 2.929663 6.615507 0.201222
 0.000387 1.916544 1.752132 2.929977 6.598653 0.108502
 0.000387 1.916614 1.740608 2.930333 6.587555 0.062961
 0.000388 1.917798 1.733883 2.930727 6.582408 0.046023
 0.000388 1.920167 1.732189 2.931085 6.583442 0.049213
 0.000389 1.923599 1.735527 2.931464 6.590591 0.074198
 0.000389 1.927584 1.744140 2.931871 6.603595 0.132745
 0.000390 1.931433 1.757239 2.932367 6.621039 0.237844
 0.000390 1.935033 1.774154 2.932908 6.642095 0.405239
 0.000391 1.936872 1.793142 2.933404 6.663418 0.619927
 0.000391 1.936645 1.812721 2.933847 6.683213 0.859940
 0.000392 1.934006 1.831914 2.934246 6.700166 1.096640
 0.000392 1.929006 1.848738 2.934544 6.712288 1.283513
 0.000393 1.921474 1.861908 2.934736 6.718117 1.378592
 0.000393 1.911947 1.870190 2.934753 6.716889 1.358290
 0.000394 1.901069 1.873390 2.934559 6.709018 1.231657
 0.000394 1.889729 1.871397 2.934265 6.695391 1.027055
 0.000395 1.878799 1.864098 2.933791 6.676688 0.776494
 0.000395 1.869393 1.852701 2.933158 6.655253 0.532344
 0.000396 1.861548 1.839207 2.932339 6.633093 0.328248
 0.000396 1.855726 1.824669 2.931456 6.611851 0.178693
 0.000397 1.852724 1.810178 2.930446 6.593348 0.085198
 0.000397 1.852578 1.797146 2.929407 6.579131 0.036619
 0.000398 1.855616 1.787140 2.928174 6.570930 0.017787
 0.000398 1.861248 1.780773 2.926845 6.568866 0.014108
 0.000399 1.869303 1.779060 2.925539 6.573902 0.023834
 0.000399 1.879188 1.782087 2.924241 6.585517 0.055937
 0.000400 1.889835 1.789757 2.922967 6.602560 0.127468
 0.000400 1.900037 1.801577 2.921538 6.623152 0.252643
 0.000401 1.909550 1.817034 2.920000 6.646584 0.446658
 0.000401 1.916983 1.835516 2.918408 6.670907 0.706124
 0.000402 1.921445 1.855559 2.916763 6.693767 1.003917
 0.000402 1.922660 1.876334 2.915083 6.714077 1.312332
 0.000403 1.920582 1.897135 2.913376 6.731092 1.602466
 0.000403 1.915178 1.916698 2.911613 6.743488 1.832065
 0.000404 1.907124 1.933947 2.909819 6.750890 1.976485
 0.000404 1.896788 1.947802 2.907971 6.752560 2.009839
 0.000405 1.884517 1.957944 2.905977 6.748438 1.928041
 0.000405 1.871474 1.963745 2.903879 6.739098 1.749000
 0.000406 1.858386 1.965144 2.901662 6.725191 1.498570
 0.000406 1.846349 1.962647 2.899379 6.708376 1.221588
 0.000407 1.836351 1.956631 2.897040 6.690021 0.951540
 0.000407 1.829139 1.948124 2.894601 6.671864 0.717543
 0.000408 1.825156 1.938537 2.892077 6.655770 0.537700
 0.000408 1.824616 1.928516 2.889521 6.642652 0.410268
 0.000409 1.827654 1.919226 2.887041 6.633921 0.334986
 0.000409 1.834206 1.911200 2.884603 6.630009 0.303733
 0.000410 1.844104 1.904966 2.882182 6.631251 0.313493
 0.000410 1.856758 1.900624 2.879820 6.637201 0.362377
 0.000411 1.871416 1.898277 2.877490 6.647183 0.452330
 0.000411 1.887018 1.898239 2.875175 6.660432 0.587130
 0.000412 1.902693 1.900580 2.872913 6.676186 0.770254
 0.000412 1.916983 1.904688 2.870730 6.692401 0.984655
 0.000413 1.928749 1.910333 2.868541 6.707624 1.209862
 0.000413 1.937126 1.917427 2.866385 6.720938 1.425841
 0.000414 1.941551 1.925078 2.864283 6.730913 1.599259
 0.000414 1.941288 1.932449 2.862328 6.736065 1.692724
 0.000415 1.936619 1.938992 2.860443 6.736055 1.692538
 0.000415 1.927716 1.944276 2.858630 6.730622 1.594056
 0.000416 1.915551 1.948118 2.856885 6.720553 1.419342
 0.000416 1.900961 1.949951 2.855087 6.705999 1.184722
 0.000417 1.884848 1.949253 2.853215 6.687316 0.914592
 0.000417 1.868574 1.945669 2.851299 6.665541 0.643795
 0.000418 1.853143 1.939636 2.849355 6.642134 0.405588
 0.000418 1.839430 1.931224 2.847415 6.618069 0.217801
 0.000419 1.828604 1.921252 2.845516 6.595372 0.093757
 0.000419 1.821715 1.910181 2.843722 6.575618 0.027728
 0.000420 1.819130 1.898678 2.842005 6.559813 0.002998
 0.000420 1.821135 1.887807 2.840374 6.549316 0.000379
 0.000421 1.827673 1.878066 2.838886 6.544625 0.002771
 0.000421 1.837979 1.869893 2.837467 6.545340 0.002264
 0.000422 1.851139 1.863671 2.836160 6.550970 0.000060
 0.000422 1.866462 1.859748 2.834904 6.561114 0.004091
 0.000423 1.882446 1.858015 2.833749 6.574209 0.024510
 0.000423 1.897735 1.858818 2.832733 6.589285 0.069253
 0.000424 1.910658 1.862029 2.831804 6.604490 0.137400
 0.000424 1.920014 1.867214 2.830885 6.618113 0.218088
 0.000425 1.924888 1.873647 2.830066 6.628602 0.292862
 0.000425 1.924335 1.880508 2.829434 6.634277 0.337912
 0.000426 1.917954 1.887789 2.828843 6.634586 0.340455
 0.000426 1.906530 1.894706 2.828365 6.629600 0.300553
 0.000427 1.891204 1.901252 2.828056 6.620512 0.234219
 0.000427 1.873000 1.907283 2.827806 6.608089 0.156914
 0.000428 1.853719 1.912528 2.827625 6.593872 0.087373
 0.000428 1.835187 1.916699 2.827607 6.579493 0.037605
 0.000429 1.818647 1.919700 2.827684 6.566031 0.009747
 0.000429 1.805224 1.921984 2.827973 6.555181 0.000484
 0.000430 1.795588 1.923855 2.828388 6.547831 0.000898
 0.000430 1.790394 1.925436 2.828954 6.544783 0.002654
 0.000431 1.790320 1.926675 2.829751 6.546746 0.001417
 0.000431 1.795471 1.927731 2.830703 6.553906 0.000169
 0.000432 1.805306 1.928994 2.831838 6.566138 0.009896
 0.000432 1.819343 1.929948 2.833153 6.582444 0.046133
 0.000433 1.836223 1.930559 2.834647 6.601429 0.121820
 0.000433 1.855617 1.931238 2.836204 6.623059 0.251979
 0.000434 1.876286 1.932048 2.837833 6.646168 0.442727
 0.000434 1.897003 1.932703 2.839545 6.669251 0.686580
 0.000435 1.916386 1.933183 2.841259 6.690827 0.962694
 0.000435 1.932520 1.933515 2.843020 6.709055 1.232237
 0.000436 1.944537 1.932844 2.844831 6.722211 1.447422
 0.000436 1.951407 1.931933 2.846678 6.730018 1.583291
 0.000437 1.952927 1.930819 2.848517 6.732263 1.623493
 0.000437 1.948710 1.929516 2.850333 6.728559 1.557431
 0.000438 1.939321 1.928263 2.852159 6.719743 1.405727
 0.000438 1.925722 1.927256 2.854042 6.707020 1.200497
 0.000439 1.908724 1.926777 2.855946 6.691447 0.971316
 0.000439 1.889623 1.927384 2.857998 6.675005 0.755665
 0.000440 1.869637 1.929145 2.860161 6.658943 0.571101
 0.000440 1.849733 1.932264 2.862380 6.644377 0.426036
 0.000441 1.831320 1.936588 2.864689 6.632597 0.324236
 0.000441 1.815248 1.942167 2.867110 6.624525 0.262497
 0.000442 1.802608 1.948664 2.869708 6.620980 0.237436
 0.000442 1.793928 1.955984 2.872350 6.622262 0.246356
 0.000443 1.788978 1.963721 2.874997 6.627696 0.285975
 0.000443 1.787964 1.971057 2.877707 6.636728 0.358355
 0.000444 1.791171 1.977447 2.880482 6.649100 0.470749
 0.000444 1.798145 1.982170 2.883323 6.663638 0.622386
 0.000445 1.808295 1.985076 2.886167 6.679538 0.812412
 0.000445 1.819975 1.985696 2.888913 6.694584 1.015525
 0.000446 1.832339 1.983657 2.891542 6.707539 1.208541
 0.000446 1.845052 1.979149 2.894103 6.718305 1.381714
 0.000447 1.857175 1.972222 2.896655 6.726052 1.513512
 0.000447 1.867493 1.963338 2.899177 6.730007 1.583105
 0.000448 1.874966 1.953256 2.901628 6.729850 1.580306
 0.000448 1.879271 1.942786 2.903895 6.725952 1.511771
 0.000449 1.879919 1.932496 2.906098 6.718513 1.385183
 0.000449 1.876934 1.923489 2.908233 6.708656 1.225973
 0.000450 1.870339 1.915957 2.910296 6.696592 1.044342
 0.000450 1.860670 1.910079 2.912275 6.683024 0.857467
 0.000451 1.848805 1.906585 2.914272 6.669663 0.691412
 0.000451 1.836012 1.906047 2.916248 6.658307 0.564321
 0.000452 1.823722 1.908246 2.918149 6.650117 0.480672
 0.000452 1.812885 1.913120 2.919981 6.645986 0.441022
 0.000453 1.803980 1.920590 2.921742 6.646312 0.444090
 0.000453 1.797613 1.929979 2.923389 6.650981 0.489182
 0.000454 1.794136 1.940430 2.924880 6.659446 0.576490
 0.000454 1.793583 1.951676 2.926223 6.671483 0.712986
 0.000455 1.796350 1.963036 2.927401 6.686788 0.907456
 0.000455 1.802402 1.973565 2.928459 6.704426 1.160636
 0.000456 1.811220 1.982656 2.929284 6.723160 1.463611
 0.000456 1.822294 1.989193 2.929939 6.741426 1.792804
 0.000457 1.835018 1.992322 2.930510 6.757850 2.117296
 0.000457 1.848905 1.991520 2.930902 6.771327 2.403707
 0.000458 1.863144 1.986535 2.931062 6.780740 2.614524
 0.000458 1.876746 1.978002 2.931068 6.785817 2.731899
 0.000459 1.889125 1.966434 2.930951 6.786510 2.748135
 0.000459 1.899381 1.952417 2.930630 6.782428 2.653269
 0.000460 1.907308 1.937302 2.930130 6.774740 2.479127
 0.000460 1.912541 1.922332 2.929521 6.764394 2.254100
 0.000461 1.914939 1.908262 2.928777 6.751978 1.998187
 0.000461 1.914110 1.895894 2.927910 6.737913 1.726902
 0.000462 1.910179 1.886034 2.926915 6.723128 1.463062
 0.000462 1.903821 1.878897 2.925906 6.708624 1.225473
 0.000463 1.895842 1.874884 2.924880 6.695606 1.030144
 0.000463 1.887069 1.874130 2.923905 6.685104 0.884918
 0.000464 1.878285 1.877124 2.922890 6.678300 0.796708
 0.000464 1.869718 1.883531 2.921914 6.675164 0.757618
 0.000465 1.861932 1.893096 2.920911 6.675939 0.767193
 0.000465 1.855682 1.905082 2.919889 6.680653 0.826692
 0.000466 1.851246 1.918734 2.918912 6.688891 0.936019
 0.000466 1.848241 1.933028 2.917995 6.699264 1.083317
 0.000467 1.846818 1.947030 2.917250 6.711098 1.264510
 0.000467 1.847196 1.959727 2.916537 6.723461 1.468763
 0.000468 1.848822 1.970200 2.915962 6.734984 1.672889
 0.000468 1.851660 1.977256 2.915528 6.744445 1.850418
 0.000469 1.855328 1.980414 2.915118 6.750860 1.975901
 0.000469 1.859303 1.978681 2.914729 6.752712 2.012885
 0.000470 1.863152 1.971521 2.914470 6.749144 1.941920
 0.000470 1.866283 1.959463 2.914242 6.739987 1.765659
 0.000471 1.868544 1.943157 2.914104 6.725805 1.509212
 0.000471 1.869988 1.923909 2.914208 6.708105 1.217369
 0.000472 1.870281 1.903023 2.914439 6.687743 0.920369
 0.000472 1.869118 1.882272 2.914777 6.666168 0.650924
 0.000473 1.866807 1.862944 2.915234 6.644986 0.431676
 0.000473 1.863797 1.846225 2.915832 6.625855 0.272219
 0.000474 1.860806 1.832824 2.916542 6.610172 0.168797
 0.000474 1.858155 1.823376 2.917414 6.598945 0.109868
 0.000475 1.856474 1.818691 2.918468 6.593632 0.086376
 0.000475 1.855862 1.818785 2.919657 6.594304 0.089189
 0.000476 1.856305 1.823444 2.921120 6.600869 0.119074
 0.000476 1.857555 1.832323 2.922723 6.612601 0.183208
 0.000477 1.859639 1.844848 2.924417 6.628903 0.295175
 0.000477 1.862393 1.859947 2.926196 6.648536 0.465296
 0.000478 1.865584 1.876401 2.928053 6.670039 0.695841
 0.000478 1.869010 1.892454 2.930008 6.691472 0.971661
 0.000479 1.872816 1.906311 2.932107 6.711233 1.266659
 0.000479 1.876696 1.916204 2.934324 6.727223 1.533953
 0.000480 1.880744 1.920526 2.936665 6.737935 1.727305
 0.000480 1.884607 1.918272 2.938997 6.741877 1.801361
 0.000481 1.888164 1.909141 2.941309 6.738614 1.739957
 0.000481 1.891851 1.893470 2.943618 6.728938 1.564138
 0.000482 1.895950 1.872846 2.945910 6.714706 1.322542
 0.000482 1.901183 1.848590 2.948246 6.698018 1.065060
 0.000483 1.907239 1.822301 2.950551 6.680091 0.819479
 0.000483 1.914315 1.796049 2.952928 6.663292 0.618526
 0.000484 1.922482 1.771189 2.955373 6.649044 0.470212
 0.000484 1.931490 1.748966 2.957813 6.638269 0.371525
 0.000485 1.941264 1.730745 2.960300 6.632308 0.321918
 0.000485 1.951743 1.717222 2.962802 6.631767 0.317592
 0.000486 1.962323 1.708976 2.965306 6.636606 0.357322
 0.000486 1.972773 1.705891 2.967814 6.646478 0.445654
 0.000487 1.982143 1.707558 2.970283 6.659984 0.582277
 0.000487 1.989569 1.713646 2.972682 6.675896 0.766658
 0.000488 1.994622 1.723647 2.974923 6.693192 0.995789
 0.000488 1.997442 1.736569 2.977068 6.711078 1.264197
 0.000489 1.997619 1.751867 2.979081 6.728567 1.557575
 0.000489 1.994985 1.767943 2.981040 6.743968 1.841261
 0.000490 1.989332 1.782396 2.982813 6.754542 2.049757
 0.000490 1.981258 1.794049 2.984422 6.759729 2.156138
 0.000491 1.971194 1.801686 2.985869 6.758749 2.135832
 0.000491 1.959606 1.803714 2.987130 6.750450 1.967753
 0.000492 1.947336 1.799526 2.988172 6.735034 1.673811
 0.000492 1.935105 1.789524 2.989115 6.713744 1.306945
 0.000493 1.923479 1.774650 2.989960 6.688089 0.925072
 0.000493 1.912824 1.755921 2.990581 6.659327 0.575209
 0.000494 1.903841 1.734854 2.990985 6.629680 0.301172
 0.000494 1.897263 1.713601 2.991254 6.602118 0.125245
 0.000495 1.893035 1.693910 2.991455 6.578400 0.034666
 0.000495 1.891546 1.676543 2.991592 6.559682 0.002898
 0.000496 1.892791 1.662975 2.991667 6.547433 0.001075
 0.000496 1.896766 1.653778 2.991604 6.542147 0.004922
 0.000497 1.902892 1.649411 2.991374 6.543677 0.003521
 0.000497 1.910580 1.650256 2.991071 6.551906 0.000001
 0.000498 1.918764 1.656003 2.990626 6.565392 0.008876
 0.000498 1.926049 1.665957 2.990056 6.582062 0.044978
 0.000499 1.931225 1.679255 2.989350 6.599830 0.114054
 0.000499 1.933206 1.694932 2.988502 6.616640 0.208474
 0.000500 1.931312 1.711339 2.987477 6.630128 0.304661
