#! FIELDS time dAB dAC rc bias
 0.000000 2.857810 2.679607 5.537417 6.252499
 0.000000 2.856084 2.663331 5.519415 5.632110
 0.000001 2.853468 2.646382 5.499850 4.994605
 0.000001 2.850167 2.629563 5.479730 4.378930
 0.000002 2.846261 2.613481 5.459742 3.807384
 0.000002 2.841955 2.598235 5.440190 3.286972
 0.000003 2.837356 2.584096 5.421453 2.824109
 0.000003 2.832424 2.571353 5.403777 2.419636
 0.000004 2.827104 2.560252 5.387356 2.071896
 0.000004 2.821479 2.550386 5.371865 1.768555
 0.000005 2.815522 2.541887 5.357409 1.507122
 0.000005 2.809315 2.534204 5.343519 1.275617
 0.000006 2.802659 2.527244 5.329903 1.067402
 0.000006 2.795569 2.521577 5.317145 0.889141
 0.000007 2.788160 2.517836 5.305995 0.746668
 0.000007 2.780619 2.517131 5.297750 0.649310
 0.000008 2.772972 2.519694 5.292666 0.592662
 0.000008 2.765319 2.525511 5.290830 0.572849
 0.000009 2.757749 2.534745 5.292494 0.590794
 0.000009 2.750350 2.547699 5.298049 0.652720
 0.000010 2.743260 2.563914 5.307174 0.761145
 0.000010 2.736488 2.582810 5.319298 0.918072
 0.000011 2.730024 2.603586 5.333611 1.122263
 0.000011 2.723766 2.625768 5.349533 1.373491
 0.000012 2.717704 2.648035 5.365740 1.655232
 0.000012 2.711792 2.669845 5.381638 1.957122
 0.000013 2.705878 2.690770 5.396649 2.265373
 0.000013 2.699718 2.709823 5.409540 2.548086
 0.000014 2.693347 2.725776 5.419123 2.768999
 0.000014 2.686797 2.737626 5.424424 2.895151
 0.000015 2.679991 2.744922 5.424913 2.906930
 0.000015 2.672808 2.747438 5.420246 2.795494
 0.000016 2.664987 2.744680 5.409667 2.550956
 0.000016 2.656824 2.736532 5.393356 2.195838
 0.000017 2.648403 2.723322 5.371725 1.765912
 0.000017 2.639755 2.706021 5.345776 1.311927
 0.000018 2.631064 2.685179 5.316243 0.877144
 0.000018 2.622381 2.661553 5.283934 0.501412
 0.000019 2.613904 2.635837 5.249741 0.217455
 0.000019 2.605740 2.608990 5.214730 0.047854
 0.000020 2.597995 2.582443 5.180438 0.000563
 0.000020 2.590855 2.557246 5.148101 0.063696
 0.000021 2.584485 2.533880 5.118365 0.214040
 0.000021 2.578929 2.512993 5.091922 0.422016
 0.000022 2.574237 2.495469 5.069706 0.650792
 0.000022 2.570200 2.481867 5.052067 0.867583
 0.000023 2.566797 2.472469 5.039266 1.044399
 0.000023 2.564141 2.467059 5.031200 1.164229
 0.000024 2.561947 2.465624 5.027571 1.220260
 0.000024 2.560251 2.468343 5.028594 1.204343
 0.000025 2.559049 2.474658 5.033707 1.126285
 0.000025 2.558211 2.484264 5.042474 0.998550
 0.000026 2.557657 2.497236 5.054893 0.830765
 0.000026 2.557651 2.513438 5.071090 0.635104
 0.000027 2.557946 2.532386 5.090332 0.436748
 0.000027 2.558554 2.553709 5.112263 0.255826
 0.000028 2.559511 2.577108 5.136619 0.111268
 0.000028 2.560746 2.602190 5.162936 0.021750
 0.000029 2.562135 2.628408 5.190543 0.002278
 0.000029 2.563604 2.654477 5.218082 0.058785
 0.000030 2.565049 2.679593 5.244641 0.185124
 0.000030 2.566305 2.703013 5.269318 0.365724
 0.000031 2.567429 2.724098 5.291527 0.580330
 0.000031 2.568379 2.742691 5.311070 0.809970
 0.000032 2.569135 2.758150 5.327285 1.029495
 0.000032 2.569648 2.770142 5.339790 1.216751
 0.000033 2.569664 2.778734 5.348397 1.354729
 0.000033 2.569074 2.784073 5.353146 1.434025
 0.000034 2.567844 2.786165 5.354009 1.448678
 0.000034 2.565947 2.785266 5.351212 1.401460
 0.000035 2.563491 2.782278 5.345769 1.311818
 0.000035 2.560609 2.777160 5.337769 1.185433
 0.000036 2.557281 2.770362 5.327643 1.034635
 0.000036 2.553612 2.761983 5.315595 0.868591
 0.000037 2.549733 2.752912 5.302645 0.706287
 0.000037 2.545667 2.743111 5.288778 0.551095
 0.000038 2.541524 2.732695 5.274219 0.408838
 0.000038 2.537503 2.722141 5.259644 0.287669
 0.000039 2.533632 2.711666 5.245298 0.189143
 0.000039 2.529905 2.701265 5.231171 0.112233
 0.000040 2.526299 2.691922 5.218221 0.059265
 0.000040 2.522972 2.684098 5.207070 0.027091
 0.000041 2.520010 2.677975 5.197985 0.010070
 0.000041 2.517418 2.674441 5.191859 0.003253
 0.000042 2.515073 2.674086 5.189159 0.001440
 0.000042 2.513047 2.677313 5.190359 0.002156
 0.000043 2.511239 2.684125 5.195364 0.006694
 0.000043 2.509613 2.694288 5.203901 0.020216
 0.000044 2.508074 2.707633 5.215707 0.050926
 0.000044 2.506810 2.723965 5.230775 0.110363
 0.000045 2.505896 2.742785 5.248681 0.210521
 0.000045 2.505407 2.763793 5.269200 0.364717
 0.000046 2.505386 2.786740 5.292126 0.586800
 0.000046 2.505820 2.810788 5.316608 0.881985
 0.000047 2.506757 2.834819 5.341576 1.244772
 0.000047 2.508187 2.857929 5.366116 1.662085
 0.000048 2.510064 2.879183 5.389247 2.110567
 0.000048 2.512406 2.897687 5.410093 2.560572
 0.000049 2.514960 2.912490 5.427450 2.968444
 0.000049 2.517753 2.922564 5.440316 3.290205
 0.000050 2.520778 2.927564 5.448343 3.499324
 0.000050 2.523822 2.927603 5.451425 3.581330
 0.000051 2.526879 2.922547 5.449426 3.528036
 0.000051 2.529753 2.912490 5.442243 3.339809
 0.000052 2.532382 2.898221 5.430602 3.045741
 0.000052 2.534764 2.880471 5.415235 2.678273
 0.000053 2.536881 2.860149 5.397030 2.273508
 0.000053 2.538811 2.837221 5.376032 1.847788
 0.000054 2.540590 2.812148 5.352738 1.427118
 0.000054 2.542189 2.785442 5.327632 1.034479
 0.000055 2.543800 2.757463 5.301263 0.689964
 0.000055 2.545438 2.729032 5.274470 0.411115
 0.000056 2.547287 2.700430 5.247717 0.204314
 0.000056 2.549531 2.672402 5.221933 0.072733
 0.000057 2.552240 2.645495 5.197735 0.009719
 0.000057 2.555484 2.620256 5.175740 0.003243
 0.000058 2.559231 2.597012 5.156243 0.037950
 0.000058 2.563386 2.576195 5.139581 0.097736
 0.000059 2.567809 2.558680 5.126489 0.164187
 0.000059 2.572410 2.545147 5.117557 0.219359
 0.000060 2.577296 2.535814 5.113110 0.249807
 0.000060 2.582385 2.530663 5.113048 0.250243
 0.000061 2.587545 2.529573 5.117118 0.222275
 0.000061 2.592657 2.532662 5.125319 0.170961
 0.000062 2.597605 2.539006 5.136611 0.111305
 0.000062 2.602481 2.547790 5.150270 0.056188
 0.000063 2.607377 2.557963 5.165340 0.017026
 0.000063 2.612195 2.568680 5.180876 0.000426
 0.000064 2.616914 2.579394 5.196308 0.007831
 0.000064 2.621590 2.589814 5.211404 0.038119
 0.000065 2.626195 2.600031 5.226226 0.090026
 0.000065 2.630709 2.609970 5.240679 0.161799
 0.000066 2.634977 2.619487 5.254464 0.249719
 0.000066 2.639012 2.628257 5.267269 0.348412
 0.000067 2.642729 2.635858 5.278587 0.449298
 0.000067 2.646082 2.641614 5.287696 0.539796
 0.000068 2.648962 2.645587 5.294548 0.613334
 0.000068 2.651331 2.647264 5.298595 0.658974
 0.000069 2.653216 2.647108 5.300325 0.678978
 0.000069 2.654424 2.644984 5.299409 0.668348
 0.000070 2.655076 2.640744 5.295819 0.627495
 0.000070 2.655153 2.634407 5.289560 0.559334
 0.000071 2.654543 2.625804 5.280347 0.466133
 0.000071 2.653415 2.615207 5.268622 0.359798
 0.000072 2.651807 2.602059 5.253866 0.245513
 0.000072 2.649802 2.586096 5.235899 0.135749
 0.000073 2.647565 2.567340 5.214905 0.048398
 0.000073 2.644991 2.545980 5.190972 0.002576
 0.000074 2.642461 2.523452 5.165913 0.015985
 0.000074 2.640132 2.501325 5.141457 0.089618
 0.000075 2.638099 2.481779 5.119878 0.204257
 0.000075 2.636239 2.465867 5.102106 0.333643
 0.000076 2.634735 2.455053 5.089788 0.441850
 0.000076 2.633587 2.450184 5.083771 0.500220
 0.000077 2.632805 2.451687 5.084492 0.493033
 0.000077 2.632384 2.459524 5.091908 0.422146
 0.000078 2.632333 2.473454 5.105786 0.304254
 0.000078 2.632683 2.493112 5.125795 0.168190
 0.000079 2.633368 2.517884 5.151251 0.052948
 0.000079 2.634354 2.546818 5.181172 0.000344
 0.000080 2.635626 2.579362 5.214988 0.048655
 0.000080 2.637189 2.613841 5.251030 0.226037
 0.000081 2.638966 2.648661 5.287627 0.539077
 0.000081 2.641042 2.682495 5.323538 0.976427
 0.000082 2.643456 2.713924 5.357380 1.506627
 0.000082 2.646247 2.742191 5.388438 2.093975
 0.000083 2.649420 2.766971 5.416391 2.705092
 0.000083 2.652781 2.787638 5.440418 3.292828
 0.000084 2.656228 2.804336 5.460564 3.830108
 0.000084 2.659653 2.816970 5.476623 4.287480
 0.000085 2.663024 2.825115 5.488140 4.631349
 0.000085 2.666317 2.828607 5.494924 4.840121
 0.000086 2.669537 2.827218 5.496755 4.897271
 0.000086 2.672529 2.820995 5.493525 4.796687
 0.000087 2.675360 2.810097 5.485457 4.550044
 0.000087 2.678169 2.795183 5.473352 4.192214
 0.000088 2.680793 2.776926 5.457719 3.751769
 0.000088 2.683082 2.755841 5.438923 3.254562
 0.000089 2.685102 2.732571 5.417673 2.734989
 0.000089 2.686853 2.707774 5.394627 2.222554
 0.000090 2.688426 2.682050 5.370476 1.742520
 0.000090 2.689978 2.655251 5.345229 1.303080
 0.000091 2.691425 2.627349 5.318774 0.910997
 0.000091 2.692797 2.598636 5.291433 0.579318
 0.000092 2.694044 2.569635 5.263679 0.319086
 0.000092 2.695193 2.541150 5.236344 0.138078
 0.000093 2.696079 2.515346 5.211425 0.038176
 0.000093 2.696758 2.493741 5.190499 0.002249
 0.000094 2.697313 2.476834 5.174147 0.004653
 0.000094 2.697662 2.465384 5.163046 0.021523
 0.000095 2.697800 2.460141 5.157941 0.033417
 0.000095 2.697763 2.461463 5.159226 0.030177
 0.000096 2.697776 2.469273 5.167048 0.014019
 0.000096 2.697665 2.483109 5.180774 0.000456
 0.000097 2.697442 2.502326 5.199768 0.012759
 0.000097 2.696932 2.526084 5.223016 0.076922
 0.000098 2.696239 2.553619 5.249859 0.218234
 0.000098 2.695305 2.583789 5.279094 0.454109
 0.000099 2.693913 2.615459 5.309372 0.788497
 0.000099 2.692128 2.646897 5.339025 1.204848
 0.000100 2.689966 2.676536 5.366502 1.669122
 0.000100 2.687452 2.703347 5.390798 2.142555
 0.000101 2.684523 2.725920 5.410443 2.568512
 0.000101 2.681181 2.743962 5.425143 2.912484
 0.000102 2.677261 2.757486 5.434747 3.148882
 0.000102 2.672737 2.766335 5.439072 3.258356
 0.000103 2.667673 2.770985 5.438659 3.247822
 0.000103 2.662198 2.771142 5.433340 3.113694
 0.000104 2.656432 2.767107 5.423539 2.873902
 0.000104 2.650396 2.759092 5.409487 2.546893
 0.000105 2.644289 2.747420 5.391708 2.161437
 0.000105 2.638209 2.732224 5.370433 1.741724
 0.000106 2.632178 2.714301 5.346479 1.323337
 0.000106 2.626199 2.694395 5.320594 0.935731
 0.000107 2.620475 2.673487 5.293962 0.606858
 0.000107 2.615030 2.652384 5.267413 0.349618
 0.000108 2.609924 2.631779 5.241703 0.167681
 0.000108 2.605244 2.611902 5.217146 0.055620
 0.000109 2.600871 2.592873 5.193744 0.004951
 0.000109 2.596765 2.574605 5.171370 0.007716
 0.000110 2.593165 2.557450 5.150615 0.055039
 0.000110 2.590051 2.541772 5.131823 0.135043
 0.000111 2.587522 2.527888 5.115409 0.233817
 0.000111 2.585704 2.516046 5.101749 0.336561
 0.000112 2.584640 2.506933 5.091573 0.425228
 0.000112 2.584277 2.501303 5.085580 0.482287
 0.000113 2.584611 2.500435 5.085046 0.487548
 0.000113 2.585707 2.504109 5.089817 0.441578
 0.000114 2.587555 2.512189 5.099744 0.353214
 0.000114 2.590181 2.524530 5.114712 0.238612
 0.000115 2.593508 2.540662 5.134169 0.123125
 0.000115 2.597557 2.560071 5.157628 0.034231
 0.000116 2.602391 2.581808 5.184200 0.000008
 0.000116 2.607847 2.605131 5.212977 0.042586
 0.000117 2.613726 2.629063 5.242789 0.174026
 0.000117 2.620082 2.652820 5.272902 0.397019
 0.000118 2.626993 2.675105 5.302097 0.699794
 0.000118 2.634298 2.694843 5.329142 1.056311
 0.000119 2.641674 2.711301 5.352975 1.431119
 0.000119 2.649084 2.723990 5.373074 1.791364
 0.000120 2.656493 2.732311 5.388803 2.101455
 0.000120 2.663801 2.735986 5.399787 2.332671
 0.000121 2.670820 2.734951 5.405771 2.463715
 0.000121 2.677606 2.728860 5.406466 2.479159
 0.000122 2.684182 2.718366 5.402549 2.392696
 0.000122 2.690446 2.704115 5.394561 2.221151
 0.000123 2.696390 2.687059 5.383448 1.993111
 0.000123 2.702057 2.667981 5.370038 1.734354
 0.000124 2.707449 2.646994 5.354443 1.456066
 0.000124 2.712540 2.625130 5.337670 1.183907
 0.000125 2.717375 2.603254 5.320629 0.936206
 0.000125 2.721945 2.582296 5.304241 0.725386
 0.000126 2.726242 2.563187 5.289430 0.557953
 0.000126 2.730162 2.546186 5.276348 0.428323
 0.000127 2.733829 2.531897 5.265727 0.335655
 0.000127 2.737372 2.520043 5.257416 0.271013
 0.000128 2.740477 2.510593 5.251070 0.226309
 0.000128 2.743173 2.503628 5.246801 0.198501
 0.000129 2.745372 2.499100 5.244472 0.184095
 0.000129 2.747164 2.496801 5.243965 0.181032
 0.000130 2.748632 2.496781 5.245412 0.189846
 0.000130 2.749801 2.499406 5.249207 0.213951
 0.000131 2.750819 2.504612 5.255432 0.256603
 0.000131 2.751568 2.513256 5.264824 0.328300
 0.000132 2.752127 2.525436 5.277563 0.439639
 0.000132 2.752558 2.540625 5.293182 0.598298
 0.000133 2.752921 2.558622 5.311543 0.816001
 0.000133 2.753203 2.579269 5.332473 1.105279
 0.000134 2.753425 2.601686 5.355111 1.467492
 0.000134 2.753697 2.624981 5.378677 1.898994
 0.000135 2.753934 2.648204 5.402137 2.383710
 0.000135 2.753971 2.670499 5.424470 2.896264
 0.000136 2.753743 2.690618 5.444361 3.394788
 0.000136 2.753277 2.708323 5.461600 3.858825
 0.000137 2.752604 2.722733 5.475337 4.249904
 0.000137 2.751629 2.732791 5.484420 4.518821
 0.000138 2.750355 2.738063 5.488418 4.639824
 0.000138 2.748730 2.738064 5.486794 4.590476
 0.000139 2.746926 2.732308 5.479234 4.364268
 0.000139 2.745030 2.720508 5.465538 3.968996
 0.000140 2.743041 2.703189 5.446230 3.443654
 0.000140 2.740996 2.680914 5.421911 2.834999
 0.000141 2.738905 2.654150 5.393055 2.189525
 0.000141 2.736837 2.624165 5.361002 1.570155
 0.000142 2.734860 2.592009 5.326869 1.023530
 0.000142 2.733020 2.558768 5.291788 0.583148
 0.000143 2.731285 2.525322 5.256607 0.265091
 0.000143 2.729808 2.492634 5.222442 0.074687
 0.000144 2.728531 2.461622 5.190153 0.002022
 0.000144 2.727411 2.433523 5.160935 0.026125
 0.000145 2.726507 2.409180 5.135687 0.115710
 0.000145 2.725811 2.389112 5.114923 0.237154
 0.000146 2.725381 2.374038 5.099420 0.355945
 0.000146 2.725187 2.364532 5.089719 0.442492
 0.000147 2.725309 2.360215 5.085524 0.482839
 0.000147 2.725848 2.360608 5.086456 0.473723
 0.000148 2.726773 2.364434 5.091207 0.428609
 0.000148 2.728101 2.370407 5.098508 0.363681
 0.000149 2.729922 2.377530 5.107453 0.291393
 0.000149 2.732311 2.385094 5.117405 0.220370
 0.000150 2.735307 2.393238 5.128544 0.152622
 0.000150 2.738886 2.402505 5.141391 0.089898
 0.000151 2.742718 2.413468 5.156186 0.038108
 0.000151 2.746933 2.426399 5.173333 0.005471
 0.000152 2.751493 2.441813 5.193305 0.004524
 0.000152 2.756261 2.459443 5.215704 0.050916
 0.000153 2.761139 2.478449 5.239587 0.155651
 0.000153 2.766034 2.498233 5.264267 0.323801
 0.000154 2.770969 2.517796 5.288765 0.550959
 0.000154 2.775750 2.536295 5.312044 0.822421
 0.000155 2.780265 2.553537 5.333802 1.125137
 0.000155 2.784455 2.568738 5.353193 1.434812
 0.000156 2.788382 2.581203 5.369586 1.725945
 0.000156 2.792000 2.590575 5.382575 1.975714
 0.000157 2.795359 2.596145 5.391504 2.157187
 0.000157 2.798354 2.597664 5.396018 2.251961
 0.000158 2.801012 2.594902 5.395914 2.249767
 0.000158 2.803495 2.587688 5.391183 2.150523
 0.000159 2.806012 2.576316 5.382328 1.970807
 0.000159 2.808444 2.561310 5.369754 1.729078
 0.000160 2.810709 2.543495 5.354204 1.452000
 0.000160 2.812843 2.523742 5.336585 1.167264
 0.000161 2.814863 2.503471 5.318335 0.905070
 0.000161 2.816733 2.483478 5.300211 0.677652
 0.000162 2.818562 2.464464 5.283027 0.492364
 0.000162 2.820266 2.447113 5.267379 0.349331
 0.000163 2.821774 2.432306 5.254080 0.247011
 0.000163 2.822987 2.420345 5.243332 0.177246
 0.000164 2.823921 2.412132 5.236053 0.136553
 0.000164 2.824555 2.407702 5.232258 0.117440
 0.000165 2.824741 2.407384 5.232125 0.116800
 0.000165 2.824542 2.410920 5.235462 0.133482
 0.000166 2.824105 2.417970 5.242075 0.169840
 0.000166 2.823171 2.427804 5.250975 0.225670
 0.000167 2.821869 2.439328 5.261197 0.299567
 0.000167 2.820240 2.451739 5.271978 0.388832
 0.000168 2.818291 2.463795 5.282086 0.483072
 0.000168 2.816196 2.475048 5.291244 0.577287
 0.000169 2.813986 2.485215 5.299201 0.665947
 0.000169 2.811637 2.495326 5.306963 0.758539
 0.000170 2.809220 2.505186 5.314407 0.852998
 0.000170 2.806731 2.515057 5.321788 0.952130
 0.000171 2.804276 2.524913 5.329189 1.057004
 0.000171 2.801778 2.534683 5.336462 1.165385
 0.000172 2.799066 2.544007 5.343073 1.268505
 0.000172 2.796283 2.552588 5.348871 1.362540
 0.000173 2.793531 2.560298 5.353829 1.445611
 0.000173 2.790604 2.566821 5.357425 1.507407
 0.000174 2.787478 2.572543 5.360020 1.552803
 0.000174 2.784184 2.577668 5.361852 1.585247
 0.000175 2.780727 2.581416 5.362143 1.590439
 0.000175 2.777051 2.583545 5.360596 1.562971
 0.000176 2.773216 2.584249 5.357465 1.508096
 0.000176 2.769222 2.583144 5.352367 1.420855
 0.000177 2.765304 2.579676 5.344980 1.299061
 0.000177 2.761461 2.573892 5.335353 1.148517
 0.000178 2.757827 2.565771 5.323598 0.977270
 0.000178 2.754481 2.555780 5.310261 0.799705
 0.000179 2.751647 2.544478 5.296125 0.630919
 0.000179 2.749093 2.532902 5.281995 0.482176
 0.000180 2.746805 2.521662 5.268467 0.358486
 0.000180 2.744753 2.511437 5.256190 0.262066
 0.000181 2.742953 2.502684 5.245638 0.191237
 0.000181 2.741378 2.495435 5.236813 0.140554
 0.000182 2.740058 2.490256 5.230314 0.108208
 0.000182 2.739067 2.486814 5.225881 0.088569
 0.000183 2.738323 2.485596 5.223919 0.080504
 0.000183 2.737806 2.486642 5.224449 0.082643
 0.000184 2.737571 2.490026 5.227597 0.095937
 0.000184 2.737723 2.496003 5.233726 0.124663
 0.000185 2.738212 2.503601 5.241813 0.168313
 0.000185 2.738876 2.512398 5.251274 0.227685
 0.000186 2.739869 2.521740 5.261608 0.302759
 0.000186 2.741305 2.530780 5.272085 0.389773
 0.000187 2.743162 2.538736 5.281897 0.481223
 0.000187 2.745395 2.545462 5.290858 0.573144
 0.000188 2.747929 2.551229 5.299158 0.665455
 0.000188 2.750647 2.556530 5.307177 0.761178
 0.000189 2.753408 2.561690 5.315097 0.862041
 0.000189 2.756077 2.566518 5.322594 0.963288
 0.000190 2.758570 2.571120 5.329690 1.064300
 0.000190 2.760757 2.574719 5.335476 1.150388
 0.000191 2.762535 2.577083 5.339618 1.214074
 0.000191 2.763976 2.578494 5.342470 1.258919
 0.000192 2.764829 2.579142 5.343971 1.282845
 0.000192 2.765098 2.579041 5.344139 1.285536
 0.000193 2.764788 2.578350 5.343137 1.269530
 0.000193 2.763887 2.576745 5.340631 1.229911
 0.000194 2.762388 2.574672 5.337060 1.174534
 0.000194 2.760232 2.572050 5.332281 1.102438
 0.000195 2.757595 2.568490 5.326085 1.012343
 0.000195 2.754475 2.563321 5.317796 0.897843
 0.000196 2.751032 2.556244 5.307277 0.762409
 0.000196 2.747226 2.547201 5.294427 0.611987
 0.000197 2.743000 2.536852 5.279852 0.461364
 0.000197 2.738365 2.525780 5.264145 0.322825
 0.000198 2.733356 2.515175 5.248532 0.209554
 0.000198 2.728064 2.505708 5.233772 0.124894
 0.000199 2.722464 2.498161 5.220626 0.067832
 0.000199 2.716548 2.492922 5.209470 0.032964
 0.000200 2.710331 2.489760 5.200092 0.013282
 0.000200 2.703913 2.489386 5.193299 0.004518
 0.000201 2.697465 2.491293 5.188758 0.001233
 0.000201 2.691096 2.495642 5.186737 0.000433
 0.000202 2.684624 2.502144 5.186768 0.000442
 0.000202 2.678195 2.510702 5.188897 0.001303
 0.000203 2.672190 2.520968 5.193157 0.004384
 0.000203 2.666488 2.532509 5.198996 0.011557
 0.000204 2.661142 2.544751 5.205892 0.024419
 0.000204 2.656134 2.556082 5.212216 0.040392
 0.000205 2.651653 2.565498 5.217151 0.055637
 0.000205 2.647767 2.572299 5.220067 0.065789
 0.000206 2.644546 2.576097 5.220643 0.067897
 0.000206 2.642031 2.576953 5.218984 0.061921
 0.000207 2.640285 2.575315 5.215600 0.050585
 0.000207 2.639247 2.571793 5.211040 0.037119
 0.000208 2.638923 2.566864 5.205787 0.024186
 0.000208 2.639322 2.560960 5.200282 0.013594
 0.000209 2.640456 2.554506 5.194962 0.006238
 0.000209 2.642246 2.547756 5.190002 0.001927
 0.000210 2.644691 2.541085 5.185775 0.000196
 0.000210 2.647804 2.534488 5.182292 0.000113
 0.000211 2.651474 2.527894 5.179368 0.000979
 0.000211 2.655687 2.522007 5.177694 0.001860
 0.000212 2.660529 2.517203 5.177732 0.001837
 0.000212 2.665875 2.513634 5.179509 0.000918
 0.000213 2.671786 2.511337 5.183123 0.000022
 0.000213 2.678142 2.509441 5.187583 0.000718
 0.000214 2.685027 2.507017 5.192044 0.003404
 0.000214 2.692350 2.503604 5.195954 0.007394
 0.000215 2.700152 2.498771 5.198923 0.011446
 0.000215 2.708430 2.491793 5.200224 0.013498
 0.000216 2.717236 2.482950 5.200186 0.013437
 0.000216 2.726391 2.473149 5.199540 0.012398
 0.000217 2.735823 2.464026 5.199849 0.012889
 0.000217 2.745358 2.457051 5.202409 0.017328
 0.000218 2.754920 2.452526 5.207446 0.027974
 0.000218 2.764451 2.451390 5.215841 0.051352
 0.000219 2.773888 2.453619 5.227507 0.095546
 0.000219 2.783017 2.458954 5.241971 0.169233
 0.000220 2.791781 2.467328 5.259109 0.283624
 0.000220 2.800134 2.478494 5.278628 0.449685
 0.000221 2.808036 2.492147 5.300183 0.677334
 0.000221 2.815306 2.507885 5.323191 0.971586
 0.000222 2.821909 2.525094 5.347003 1.331870
 0.000222 2.827891 2.542603 5.370493 1.742848
 0.000223 2.833192 2.559351 5.392543 2.178829
 0.000223 2.837891 2.573847 5.411738 2.597949
 0.000224 2.842145 2.585107 5.427253 2.963630
 0.000224 2.845774 2.591151 5.436925 3.203799
 0.000225 2.849036 2.591656 5.440691 3.299835
 0.000225 2.851793 2.587219 5.439012 3.256825
 0.000226 2.853864 2.578925 5.432788 3.099935
 0.000226 2.855296 2.568352 5.423648 2.876530
 0.000227 2.856059 2.557073 5.413132 2.629824
 0.000227 2.856118 2.545706 5.401825 2.376889
 0.000228 2.855247 2.535086 5.390333 2.132944
 0.000228 2.853651 2.525946 5.379597 1.916967
 0.000229 2.851367 2.519010 5.370377 1.740671
 0.000229 2.848516 2.514561 5.363077 1.607138
 0.000230 2.844897 2.513046 5.357943 1.516415
 0.000230 2.840619 2.514351 5.354970 1.465075
 0.000231 2.835619 2.518301 5.353920 1.447153
 0.000231 2.830086 2.524621 5.354706 1.460565
 0.000232 2.824038 2.532878 5.356916 1.498578
 0.000232 2.817579 2.541662 5.359240 1.539086
 0.000233 2.810945 2.550299 5.361244 1.574441
 0.000233 2.804133 2.557861 5.361994 1.587778
 0.000234 2.797327 2.563003 5.360330 1.558267
 0.000234 2.790565 2.565557 5.356122 1.484865
 0.000235 2.783714 2.565890 5.349604 1.374659
 0.000235 2.776808 2.565041 5.341849 1.249078
 0.000236 2.769849 2.564369 5.334217 1.131374
 0.000236 2.762768 2.564628 5.327396 1.031086
 0.000237 2.755428 2.566370 5.321799 0.952277
 0.000237 2.748127 2.570539 5.318666 0.909537
 0.000238 2.740875 2.576875 5.317750 0.897219
 0.000238 2.733632 2.584989 5.318621 0.908932
 0.000239 2.726239 2.594601 5.320840 0.939098
 0.000239 2.718787 2.605532 5.324319 0.987371
 0.000240 2.711386 2.617838 5.329224 1.057507
 0.000240 2.704199 2.630712 5.334911 1.141828
 0.000241 2.697338 2.643946 5.341285 1.240177
 0.000241 2.690859 2.656619 5.347478 1.339632
 0.000242 2.684761 2.667668 5.352429 1.421905
 0.000242 2.679059 2.676047 5.355106 1.467413
 0.000243 2.673799 2.680953 5.354752 1.461354
 0.000243 2.669037 2.682137 5.351174 1.400815
 0.000244 2.664775 2.679539 5.344315 1.288361
 0.000244 2.661080 2.673158 5.334238 1.131683
 0.000245 2.657698 2.663661 5.321359 0.946216
 0.000245 2.654619 2.652045 5.306663 0.754851
 0.000246 2.651820 2.638991 5.290811 0.572646
 0.000246 2.649126 2.625407 5.274532 0.411681
 0.000247 2.646601 2.611818 5.258418 0.278447
 0.000247 2.644321 2.598624 5.242944 0.174943
 0.000248 2.642412 2.586632 5.229044 0.102382
 0.000248 2.640708 2.576608 5.217316 0.056190
 0.000249 2.639196 2.568534 5.207730 0.028649
 0.000249 2.637763 2.562723 5.200485 0.013932
 0.000250 2.636489 2.559665 5.196154 0.007639
 0.000250 2.635384 2.559165 5.194549 0.005784
 0.000251 2.634509 2.560717 5.195225 0.006535
 0.000251 2.633722 2.563643 5.197365 0.009210
 0.000252 2.633080 2.566807 5.199887 0.012950
 0.000252 2.632662 2.569840 5.202502 0.017502
 0.000253 2.632363 2.571951 5.204315 0.021056
 0.000253 2.632312 2.572726 5.205037 0.022565
 0.000254 2.632231 2.572842 5.205073 0.022641
 0.000254 2.631869 2.573144 5.205014 0.022515
 0.000255 2.631262 2.574352 5.205615 0.023809
 0.000255 2.630394 2.577093 5.207486 0.028069
 0.000256 2.629167 2.581702 5.210869 0.036655
 0.000256 2.627592 2.588444 5.216036 0.051979
 0.000257 2.625508 2.596633 5.222140 0.073526
 0.000257 2.623135 2.605729 5.228864 0.101569
 0.000258 2.620367 2.615133 5.235499 0.133677
 0.000258 2.617257 2.625012 5.242270 0.170975
 0.000259 2.613777 2.635384 5.249161 0.213647
 0.000259 2.609992 2.645797 5.255789 0.259171
 0.000260 2.605915 2.655865 5.261779 0.304094
 0.000260 2.601503 2.665090 5.266593 0.342791
 0.000261 2.596922 2.673409 5.270331 0.374441
 0.000261 2.592153 2.680965 5.273117 0.398941
 0.000262 2.587261 2.687426 5.274688 0.413090
 0.000262 2.582235 2.692714 5.274949 0.415469
 0.000263 2.576968 2.696571 5.273539 0.402716
 0.000263 2.571459 2.699465 5.270924 0.379592
 0.000264 2.565638 2.701378 5.267016 0.346302
 0.000264 2.559596 2.702932 5.262528 0.309961
 0.000265 2.553234 2.704326 5.257560 0.272081
 0.000265 2.546597 2.705542 5.252139 0.233558
 0.000266 2.539709 2.706657 5.246365 0.195764
 0.000266 2.532605 2.707040 5.239645 0.155973
 0.000267 2.525432 2.707065 5.232497 0.118601
 0.000267 2.518293 2.707632 5.225925 0.088757
 0.000268 2.511217 2.707911 5.219128 0.062428
 0.000268 2.504118 2.708407 5.212525 0.041275
 0.000269 2.497155 2.709676 5.206831 0.026538
 0.000269 2.490388 2.712253 5.202641 0.017763
 0.000270 2.483835 2.716297 5.200133 0.013349
 0.000270 2.477615 2.722541 5.200157 0.013388
 0.000271 2.471665 2.731016 5.202681 0.017838
 0.000271 2.466023 2.741979 5.208002 0.029303
 0.000272 2.460578 2.754987 5.215564 0.050471
 0.000272 2.455347 2.770295 5.225642 0.087568
 0.000273 2.450215 2.787321 5.237536 0.144414
 0.000273 2.445161 2.805121 5.250282 0.221042
 0.000274 2.440352 2.823123 5.263475 0.317461
 0.000274 2.435817 2.840573 5.276391 0.428716
 0.000275 2.431487 2.856956 5.288443 0.547580
 0.000275 2.427490 2.871135 5.298625 0.659321
 0.000276 2.423823 2.882501 5.306324 0.750688
 0.000276 2.420435 2.891055 5.311490 0.815322
 0.000277 2.417423 2.896690 5.314113 0.849161
 0.000277 2.414780 2.899458 5.314239 0.850802
 0.000278 2.412550 2.899733 5.312283 0.825488
 0.000278 2.410675 2.898297 5.308972 0.783489
 0.000279 2.409100 2.895861 5.304961 0.734085
 0.000279 2.407762 2.893299 5.301061 0.687584
 0.000280 2.406717 2.890899 5.297616 0.647778
 0.000280 2.405829 2.889562 5.295391 0.622707
 0.000281 2.405056 2.889561 5.294617 0.614097
 0.000281 2.404279 2.890110 5.294389 0.611576
 0.000282 2.403366 2.891045 5.294411 0.611816
 0.000282 2.402398 2.891833 5.294231 0.609825
 0.000283 2.401392 2.891519 5.292912 0.595341
 0.000283 2.400434 2.889842 5.290276 0.566934
 0.000284 2.399615 2.886550 5.286166 0.524006
 0.000284 2.398980 2.881317 5.280297 0.465654
 0.000285 2.398603 2.874060 5.272663 0.394891
 0.000285 2.398419 2.864911 5.263330 0.316307
 0.000286 2.398563 2.854132 5.252695 0.237374
 0.000286 2.398926 2.842126 5.241052 0.163931
 0.000287 2.399649 2.829568 5.229217 0.103167
 0.000287 2.400693 2.817267 5.217961 0.058372
 0.000288 2.402094 2.805947 5.208041 0.029398
 0.000288 2.403900 2.795874 5.199774 0.012769
 0.000289 2.406061 2.787341 5.193402 0.004616
 0.000289 2.408620 2.780995 5.189615 0.001695
 0.000290 2.411463 2.777327 5.188791 0.001249
 0.000290 2.414402 2.775590 5.189992 0.001921
 0.000291 2.417334 2.775701 5.193035 0.004271
 0.000291 2.420208 2.777026 5.197234 0.009032
 0.000292 2.423006 2.779189 5.202195 0.016931
 0.000292 2.425738 2.781669 5.207407 0.027881
 0.000293 2.428346 2.783925 5.212272 0.040551
 0.000293 2.431014 2.785568 5.216582 0.053756
 0.000294 2.433776 2.786106 5.219882 0.065120
 0.000294 2.436581 2.785372 5.221953 0.072807
 0.000295 2.439632 2.783497 5.223129 0.077364
 0.000295 2.442841 2.780646 5.223487 0.078781
 0.000296 2.446111 2.776773 5.222884 0.076405
 0.000296 2.449666 2.772507 5.222173 0.073651
 0.000297 2.453519 2.767793 5.221312 0.070383
 0.000297 2.457628 2.762536 5.220164 0.066143
 0.000298 2.462011 2.757031 5.219043 0.062127
 0.000298 2.466684 2.751376 5.218060 0.058710
 0.000299 2.471440 2.745296 5.216736 0.054263
 0.000299 2.476273 2.738803 5.215076 0.048931
 0.000300 2.480946 2.731673 5.212619 0.041545
 0.000300 2.485462 2.724016 5.209478 0.032987
 0.000301 2.489741 2.715933 5.205673 0.023937
 0.000301 2.493720 2.707619 5.201340 0.015394
 0.000302 2.497484 2.699580 5.197063 0.008805
 0.000302 2.501050 2.692069 5.193119 0.004348
 0.000303 2.504650 2.685810 5.190461 0.002223
 0.000303 2.508356 2.681006 5.189361 0.001550
 0.000304 2.512246 2.677992 5.190238 0.002077
 0.000304 2.516389 2.676692 5.193081 0.004313
 0.000305 2.520836 2.677078 5.197914 0.009970
 0.000305 2.525680 2.679311 5.204990 0.022466
 0.000306 2.530990 2.683373 5.214362 0.046724
 0.000306 2.536659 2.689196 5.225854 0.088457
 0.000307 2.542766 2.696072 5.238838 0.151496
 0.000307 2.549251 2.703216 5.252467 0.235805
 0.000308 2.556122 2.710421 5.266542 0.342373
 0.000308 2.563347 2.716942 5.280289 0.465571
 0.000309 2.570814 2.722417 5.293231 0.598831
 0.000309 2.578257 2.726771 5.305028 0.734891
 0.000310 2.585542 2.730310 5.315852 0.871984
 0.000310 2.592506 2.733180 5.325686 1.006682
 0.000311 2.599156 2.735074 5.334230 1.131570
 0.000311 2.605498 2.736175 5.341673 1.246310
 0.000312 2.611525 2.737198 5.348723 1.360098
 0.000312 2.617241 2.738038 5.355279 1.470367
 0.000313 2.622854 2.738772 5.361626 1.581219
 0.000313 2.628287 2.739211 5.367499 1.687386
 0.000314 2.633725 2.739675 5.373399 1.797523
 0.000314 2.639213 2.739468 5.378681 1.899069
 0.000315 2.644786 2.738700 5.383487 1.993879
 0.000315 2.650355 2.737268 5.387623 2.077334
 0.000316 2.656152 2.734710 5.390863 2.143891
 0.000316 2.661991 2.731272 5.393263 2.193882
 0.000317 2.667815 2.726343 5.394158 2.212665
 0.000317 2.673506 2.719486 5.392992 2.188212
 0.000318 2.679043 2.710266 5.389310 2.111853
 0.000318 2.684372 2.698260 5.382632 1.976845
 0.000319 2.689096 2.683830 5.372925 1.788549
 0.000319 2.692936 2.667932 5.360868 1.567771
 0.000320 2.696113 2.651721 5.347834 1.345477
 0.000320 2.698532 2.635949 5.334481 1.135342
 0.000321 2.700160 2.621041 5.321201 0.944046
 0.000321 2.701009 2.607845 5.308854 0.782013
 0.000322 2.701246 2.597065 5.298311 0.655716
 0.000322 2.700987 2.589036 5.290023 0.564235
 0.000323 2.700372 2.583962 5.284334 0.505422
 0.000323 2.699565 2.581724 5.281289 0.475271
 0.000324 2.698554 2.582316 5.280870 0.471193
 0.000324 2.697399 2.585679 5.283078 0.492875
 0.000325 2.696374 2.591558 5.287931 0.542239
 0.000325 2.695319 2.599442 5.294761 0.615697
 0.000326 2.694318 2.608318 5.302637 0.706190
 0.000326 2.693469 2.617121 5.310591 0.803881
 0.000327 2.692515 2.625170 5.317685 0.896354
 0.000327 2.691506 2.631593 5.323099 0.970307
 0.000328 2.690221 2.635935 5.326156 1.013359
 0.000328 2.688445 2.637971 5.326416 1.017060
 0.000329 2.685959 2.638266 5.324225 0.986062
 0.000329 2.682799 2.637689 5.320488 0.934270
 0.000330 2.678915 2.636276 5.315192 0.863281
 0.000330 2.674373 2.633952 5.308324 0.775403
 0.000331 2.669561 2.631191 5.300752 0.683968
 0.000331 2.664559 2.628557 5.293116 0.597571
 0.000332 2.659326 2.626354 5.285680 0.519052
 0.000332 2.654161 2.624908 5.279069 0.453872
 0.000333 2.649319 2.624133 5.273452 0.401935
 0.000333 2.644653 2.623967 5.268620 0.359783
 0.000334 2.640294 2.624182 5.264476 0.325487
 0.000334 2.636364 2.624270 5.260634 0.295223
 0.000335 2.632874 2.624154 5.257028 0.268167
 0.000335 2.629873 2.623330 5.253203 0.240889
 0.000336 2.627378 2.621579 5.248957 0.212315
 0.000336 2.625398 2.618915 5.244313 0.183135
 0.000337 2.623704 2.615218 5.238922 0.151957
 0.000337 2.621951 2.610184 5.232135 0.116849
 0.000338 2.620097 2.604512 5.224609 0.083297
 0.000338 2.617989 2.599005 5.216994 0.055114
 0.000339 2.615570 2.593910 5.209480 0.032992
 0.000339 2.612877 2.589987 5.202864 0.018185
 0.000340 2.610050 2.587714 5.197765 0.009760
 0.000340 2.607243 2.588006 5.195250 0.006563
 0.000341 2.604614 2.591127 5.195741 0.007138
 0.000341 2.602178 2.596495 5.198673 0.011070
 0.000342 2.600004 2.603910 5.203914 0.020243
 0.000342 2.598402 2.613292 5.211694 0.038922
 0.000343 2.597375 2.624474 5.221848 0.072410
 0.000343 2.596817 2.636700 5.233517 0.123625
 0.000344 2.596695 2.650370 5.247066 0.200170
 0.000344 2.597015 2.664683 5.261698 0.303456
 0.000345 2.597869 2.679433 5.277302 0.437198
 0.000345 2.599071 2.694223 5.293294 0.599521
 0.000346 2.600481 2.708762 5.309243 0.786887
 0.000346 2.601897 2.722424 5.324321 0.987409
 0.000347 2.603114 2.734786 5.337901 1.187456
 0.000347 2.604142 2.745855 5.349996 1.381177
 0.000348 2.604895 2.755845 5.360740 1.565514
 0.000348 2.605282 2.764348 5.369630 1.726760
 0.000349 2.605353 2.771161 5.376514 1.857068
 0.000349 2.605107 2.775957 5.381063 1.945780
 0.000350 2.604786 2.778838 5.383624 1.996610
 0.000350 2.604520 2.779793 5.384313 2.010415
 0.000351 2.604330 2.779248 5.383578 1.995703
 0.000351 2.604281 2.776870 5.381151 1.947510
 0.000352 2.604495 2.773159 5.377653 1.879092
 0.000352 2.604873 2.768215 5.373088 1.791633
 0.000353 2.605560 2.762547 5.368107 1.698575
 0.000353 2.606627 2.755968 5.362595 1.598498
 0.000354 2.607958 2.749014 5.356972 1.499548
 0.000354 2.609430 2.741878 5.351307 1.403053
 0.000355 2.610928 2.734749 5.345677 1.310322
 0.000355 2.612370 2.727542 5.339912 1.218650
 0.000356 2.613572 2.720538 5.334110 1.129759
 0.000356 2.614471 2.713740 5.328211 1.042821
 0.000357 2.614791 2.707223 5.322014 0.955248
 0.000357 2.614329 2.701551 5.315880 0.872345
 0.000358 2.613179 2.696554 5.309733 0.793037
 0.000358 2.611405 2.692218 5.303623 0.717956
 0.000359 2.609280 2.688442 5.297722 0.648990
 0.000359 2.606844 2.685440 5.292283 0.588506
 0.000360 2.604189 2.683122 5.287311 0.535797
 0.000360 2.601571 2.681300 5.282871 0.490824
 0.000361 2.599043 2.679665 5.278709 0.450447
 0.000361 2.596558 2.678023 5.274581 0.412121
 0.000362 2.594186 2.676448 5.270634 0.377066
 0.000362 2.591788 2.675187 5.266975 0.345962
 0.000363 2.589328 2.674031 5.263360 0.316541
 0.000363 2.586986 2.672811 5.259797 0.288828
 0.000364 2.584685 2.671454 5.256139 0.261698
 0.000364 2.582359 2.669700 5.252059 0.233008
 0.000365 2.579795 2.667483 5.247278 0.201519
 0.000365 2.576971 2.664512 5.241483 0.166408
 0.000366 2.573660 2.660777 5.234437 0.128239
 0.000366 2.569747 2.656102 5.225849 0.088434
 0.000367 2.565319 2.650654 5.215973 0.051779
 0.000367 2.560597 2.644465 5.205063 0.022620
 0.000368 2.555743 2.637487 5.193230 0.004453
 0.000368 2.550992 2.630120 5.181112 0.000359
 0.000369 2.546518 2.622350 5.168868 0.011138
 0.000369 2.542384 2.614440 5.156824 0.036368
 0.000370 2.538672 2.606482 5.145154 0.074648
 0.000370 2.535446 2.598922 5.134368 0.122144
 0.000371 2.532886 2.591664 5.124550 0.175489
 0.000371 2.531051 2.584483 5.115534 0.232963
 0.000372 2.529831 2.577858 5.107690 0.289585
 0.000372 2.529107 2.572329 5.101436 0.339136
 0.000373 2.529001 2.567913 5.096914 0.377399
 0.000373 2.529414 2.564594 5.094007 0.403074
 0.000374 2.530242 2.562614 5.092856 0.413478
 0.000374 2.531311 2.561733 5.093043 0.411775
 0.000375 2.532426 2.562154 5.094581 0.397943
 0.000375 2.533489 2.563949 5.097439 0.372855
 0.000376 2.534345 2.567252 5.101597 0.337812
 0.000376 2.535041 2.571979 5.107021 0.294701
 0.000377 2.535829 2.577411 5.113241 0.248882
 0.000377 2.536866 2.584070 5.120937 0.197546
 0.000378 2.538247 2.591916 5.130162 0.143812
 0.000378 2.540166 2.600775 5.140941 0.091813
 0.000379 2.542710 2.610604 5.153314 0.046449
 0.000379 2.545973 2.621284 5.167257 0.013673
 0.000380 2.550003 2.633068 5.183071 0.000026
 0.000380 2.554841 2.645727 5.200568 0.014070
 0.000381 2.560412 2.658664 5.219075 0.062241
 0.000381 2.566687 2.671695 5.238381 0.148994
 0.000382 2.573567 2.684514 5.258080 0.275931
 0.000382 2.580918 2.697199 5.278117 0.444853
 0.000383 2.588724 2.709083 5.297807 0.649956
 0.000383 2.596724 2.719910 5.316634 0.882334
 0.000384 2.604677 2.729591 5.334269 1.132144
 0.000384 2.612472 2.738215 5.350687 1.392679
 0.000385 2.619839 2.744822 5.364661 1.635661
 0.000385 2.626514 2.749145 5.375659 1.840618
 0.000386 2.632647 2.751401 5.384047 2.005090
 0.000386 2.638191 2.751704 5.389895 2.123904
 0.000387 2.643435 2.750307 5.393743 2.203947
 0.000387 2.648559 2.747318 5.395877 2.248987
 0.000388 2.653546 2.742862 5.396408 2.260250
 0.000388 2.658460 2.737173 5.395634 2.243820
 0.000389 2.663325 2.730461 5.393786 2.204853
 0.000389 2.668248 2.722667 5.390915 2.144979
 0.000390 2.673257 2.714172 5.387429 2.073371
 0.000390 2.678409 2.704837 5.383246 1.989070
 0.000391 2.683658 2.694700 5.378357 1.892765
 0.000391 2.689008 2.684039 5.373047 1.790843
 0.000392 2.694285 2.673383 5.367668 1.690499
 0.000392 2.699270 2.662814 5.362083 1.589369
 0.000393 2.703891 2.652530 5.356421 1.490016
 0.000393 2.708004 2.642530 5.350534 1.390122
 0.000394 2.711354 2.632781 5.344136 1.285485
 0.000394 2.713766 2.623358 5.337124 1.175526
 0.000395 2.715284 2.614798 5.330082 1.070024
 0.000395 2.715914 2.607111 5.323025 0.969282
 0.000396 2.715853 2.600487 5.316339 0.878422
 0.000396 2.715282 2.594296 5.309578 0.791089
 0.000397 2.714494 2.588743 5.303237 0.713344
 0.000397 2.713785 2.583473 5.297259 0.643723
 0.000398 2.713420 2.579064 5.292484 0.590682
 0.000398 2.713395 2.575708 5.289103 0.554514
 0.000399 2.713653 2.573020 5.286673 0.529209
 0.000399 2.714292 2.571220 5.285512 0.517336
 0.000400 2.715257 2.570050 5.285307 0.515253
 0.000400 2.716506 2.569470 5.285975 0.522059
 0.000401 2.718086 2.568938 5.287024 0.532829
 0.000401 2.719950 2.568305 5.288256 0.545621
 0.000402 2.722021 2.567473 5.289495 0.558642
 0.000402 2.724053 2.566405 5.290458 0.568872
 0.000403 2.725841 2.564859 5.290700 0.571458
 0.000403 2.727332 2.562643 5.289975 0.563730
 0.000404 2.728407 2.559857 5.288263 0.545703
 0.000404 2.728998 2.556265 5.285263 0.514808
 0.000405 2.729155 2.551795 5.280950 0.471969
 0.000405 2.728926 2.546041 5.274968 0.415639
 0.000406 2.728579 2.539221 5.267799 0.352850
 0.000406 2.728342 2.532065 5.260407 0.293484
 0.000407 2.728335 2.524470 5.252805 0.238129
 0.000407 2.728795 2.516590 5.245385 0.189678
 0.000408 2.729864 2.508763 5.238628 0.150342
 0.000408 2.731486 2.501798 5.233284 0.122467
 0.000409 2.733750 2.496085 5.229834 0.105990
 0.000409 2.736510 2.492040 5.228550 0.100158
 0.000410 2.739603 2.489516 5.229119 0.102721
 0.000410 2.743047 2.488759 5.231806 0.115261
 0.000411 2.746747 2.489776 5.236523 0.139022
 0.000411 2.750454 2.492608 5.243062 0.175638
 0.000412 2.754167 2.497455 5.251622 0.230037
 0.000412 2.757517 2.503215 5.260732 0.295978
 0.000413 2.760341 2.509686 5.270027 0.371817
 0.000413 2.762610 2.516524 5.279134 0.454494
 0.000414 2.764323 2.523260 5.287584 0.538623
 0.000414 2.765541 2.529381 5.294922 0.617478
 0.000415 2.766436 2.534388 5.300824 0.684812
 0.000415 2.767315 2.538060 5.305375 0.739110
 0.000416 2.768320 2.540645 5.308965 0.783397
 0.000416 2.769517 2.542463 5.311979 0.821587
 0.000417 2.771201 2.543491 5.314692 0.856722
 0.000417 2.773325 2.543778 5.317104 0.888587
 0.000418 2.775876 2.543656 5.319532 0.921253
 0.000418 2.778893 2.543440 5.322333 0.959665
 0.000419 2.782241 2.543283 5.325524 1.004377
 0.000419 2.786084 2.543272 5.329356 1.059434
 0.000420 2.790123 2.543152 5.333275 1.117244
 0.000420 2.794099 2.542721 5.336819 1.170853
 0.000421 2.798102 2.541377 5.339478 1.211897
 0.000421 2.801822 2.539053 5.340875 1.233731
 0.000422 2.805197 2.535585 5.340782 1.232275
 0.000422 2.807986 2.530651 5.338637 1.198835
 0.000423 2.810026 2.524029 5.334056 1.128940
 0.000423 2.811463 2.515532 5.326995 1.025343
 0.000424 2.812224 2.505649 5.317873 0.898870
 0.000424 2.812701 2.494085 5.306786 0.756368
 0.000425 2.813081 2.481269 5.294350 0.611143
 0.000425 2.813599 2.467503 5.281102 0.473455
 0.000426 2.814392 2.453384 5.267776 0.352660
 0.000426 2.815590 2.439833 5.255423 0.256544
 0.000427 2.817345 2.427519 5.244864 0.186484
 0.000427 2.819563 2.417184 5.236747 0.140207
 0.000428 2.822170 2.409214 5.231384 0.113246
 0.000428 2.825037 2.403724 5.228761 0.101106
 0.000429 2.828166 2.400997 5.229164 0.102925
 0.000429 2.831539 2.401218 5.232758 0.119878
 0.000430 2.835094 2.404318 5.239412 0.154673
 0.000430 2.838675 2.410030 5.248705 0.210677
 0.000431 2.841985 2.418351 5.260336 0.292937
 0.000431 2.844832 2.428550 5.273382 0.401309
 0.000432 2.847126 2.440114 5.287240 0.535068
 0.000432 2.848712 2.451681 5.300393 0.679780
 0.000433 2.849575 2.462649 5.312224 0.824726
 0.000433 2.849905 2.472333 5.322238 0.958356
 0.000434 2.849808 2.479903 5.329710 1.064591
 0.000434 2.849741 2.484764 5.334504 1.135696
 0.000435 2.849970 2.487029 5.337000 1.173611
 0.000435 2.850426 2.487492 5.337917 1.187716
 0.000436 2.850997 2.486267 5.337264 1.177671
 0.000436 2.851781 2.483685 5.335466 1.150228
 0.000437 2.852749 2.480142 5.332891 1.111507
 0.000437 2.853981 2.475904 5.329886 1.067150
 0.000438 2.855375 2.471153 5.326528 1.018669
 0.000438 2.856893 2.466443 5.323335 0.973601
 0.000439 2.858495 2.461785 5.320279 0.931423
 0.000439 2.860031 2.457455 5.317486 0.893689
 0.000440 2.861342 2.453310 5.314652 0.856207
 0.000440 2.862300 2.449772 5.312072 0.822779
 0.000441 2.862690 2.446549 5.309239 0.786833
 0.000441 2.862513 2.443502 5.306015 0.746910
 0.000442 2.861875 2.440406 5.302282 0.701979
 0.000442 2.860733 2.437127 5.297860 0.650564
 0.000443 2.859316 2.433808 5.293124 0.597665
 0.000443 2.857823 2.430126 5.287949 0.542425
 0.000444 2.856433 2.426537 5.282970 0.491802
 0.000444 2.855412 2.423303 5.278715 0.450508
 0.000445 2.854689 2.421086 5.275775 0.423033
 0.000445 2.854196 2.420689 5.274885 0.414890
 0.000446 2.854101 2.421873 5.275974 0.424864
 0.000446 2.854292 2.425263 5.279555 0.458514
 0.000447 2.854645 2.431072 5.285718 0.519430
 0.000447 2.855299 2.438928 5.294227 0.609784
 0.000448 2.856007 2.448715 5.304722 0.731184
 0.000448 2.856646 2.460757 5.317403 0.892583
 0.000449 2.857010 2.474958 5.331968 1.097784
 0.000449 2.857043 2.490072 5.347115 1.333704
 0.000450 2.856600 2.505551 5.362151 1.590582
 0.000450 2.855447 2.521277 5.376724 1.861116
 0.000451 2.853608 2.536376 5.389984 2.125725
 0.000451 2.851081 2.550158 5.401239 2.364128
 0.000452 2.847989 2.561716 5.409705 2.551818
 0.000452 2.844401 2.570562 5.414963 2.671978
 0.000453 2.840555 2.576206 5.416761 2.713694
 0.000453 2.836629 2.578945 5.415574 2.686112
 0.000454 2.832713 2.579139 5.411852 2.600539
 0.000454 2.828941 2.576719 5.405660 2.461254
 0.000455 2.825398 2.571853 5.397251 2.278217
 0.000455 2.822217 2.565084 5.387301 2.070771
 0.000456 2.819369 2.556637 5.376006 1.847297
 0.000456 2.816820 2.546404 5.363224 1.609771
 0.000457 2.814563 2.534636 5.349199 1.367955
 0.000457 2.812611 2.522051 5.334663 1.138082
 0.000458 2.810950 2.509150 5.320100 0.928981
 0.000458 2.809480 2.495917 5.305397 0.739374
 0.000459 2.808180 2.482570 5.290750 0.571984
 0.000459 2.806781 2.468784 5.275565 0.421108
 0.000460 2.805178 2.455266 5.260444 0.293769
 0.000460 2.803203 2.441905 5.245108 0.187975
 0.000461 2.801000 2.429081 5.230081 0.107127
 0.000461 2.798709 2.416769 5.215477 0.050195
 0.000462 2.796523 2.404855 5.201378 0.015462
 0.000462 2.794593 2.393563 5.188156 0.000952
 0.000463 2.793025 2.383017 5.176042 0.003004
 0.000463 2.791872 2.373760 5.165632 0.016492
 0.000464 2.791170 2.366150 5.157320 0.035042
 0.000464 2.790920 2.361087 5.152007 0.050517
 0.000465 2.791119 2.359058 5.150177 0.056502
 0.000465 2.791860 2.360323 5.152183 0.049961
 0.000466 2.792892 2.364670 5.157562 0.034404
 0.000466 2.794131 2.371791 5.165922 0.015969
 0.000467 2.795599 2.381791 5.177391 0.002050
 0.000467 2.797052 2.393818 5.190871 0.002505
 0.000468 2.798472 2.407466 5.205938 0.024520
 0.000468 2.799630 2.422998 5.222628 0.075408
 0.000469 2.800311 2.439780 5.240092 0.158477
 0.000469 2.800571 2.456636 5.257206 0.269475
 0.000470 2.800283 2.473020 5.273303 0.400604
 0.000470 2.799566 2.488717 5.288283 0.545911
 0.000471 2.798590 2.503098 5.301688 0.694956
 0.000471 2.797409 2.515509 5.312917 0.833654
 0.000472 2.796101 2.525470 5.321571 0.949131
 0.000472 2.794884 2.533303 5.328188 1.042490
 0.000473 2.793879 2.538894 5.332773 1.109749
 0.000473 2.793213 2.542095 5.335309 1.147849
 0.000474 2.792790 2.543060 5.335850 1.156069
 0.000474 2.792544 2.542041 5.334584 1.136902
 0.000475 2.792595 2.539270 5.331865 1.096262
 0.000475 2.792778 2.535495 5.328272 1.043710
 0.000476 2.793143 2.530287 5.323430 0.974922
 0.000476 2.793674 2.523572 5.317246 0.890485
 0.000477 2.794347 2.516321 5.310668 0.804856
 0.000477 2.794848 2.508858 5.303705 0.718946
 0.000478 2.795129 2.501507 5.296635 0.636669
 0.000478 2.794983 2.494987 5.289969 0.563667
 0.000479 2.794500 2.489649 5.284149 0.503564
 0.000479 2.793802 2.485331 5.279133 0.454486
 0.000480 2.792868 2.482324 5.275192 0.417688
 0.000480 2.791898 2.480330 5.272228 0.391037
 0.000481 2.791034 2.479247 5.270281 0.374006
 0.000481 2.790402 2.479200 5.269603 0.368163
 0.000482 2.790064 2.480115 5.270179 0.373129
 0.000482 2.790033 2.482242 5.272275 0.391451
 0.000483 2.790458 2.486097 5.276555 0.430241
 0.000483 2.791240 2.491274 5.282514 0.487294
 0.000484 2.792508 2.497689 5.290197 0.566095
 0.000484 2.794080 2.505004 5.299084 0.664603
 0.000485 2.795925 2.513168 5.309093 0.785008
 0.000485 2.798088 2.522463 5.320551 0.935132
 0.000486 2.800427 2.532073 5.332500 1.105691
 0.000486 2.802731 2.541670 5.344401 1.289739
 0.000487 2.804873 2.550947 5.355819 1.479652
 0.000487 2.806778 2.559572 5.366350 1.666348
 0.000488 2.808455 2.567371 5.375826 1.843829
 0.000488 2.809847 2.574275 5.384122 2.006578
 0.000489 2.810970 2.579832 5.390802 2.142641
 0.000489 2.812009 2.583271 5.395279 2.236323
 0.000490 2.813033 2.584033 5.397066 2.274266
 0.000490 2.814072 2.581704 5.395776 2.246839
 0.000491 2.815327 2.575849 5.391176 2.150393
 0.000491 2.816776 2.566853 5.383629 1.996726
 0.000492 2.818547 2.555084 5.373631 1.801929
 0.000492 2.820699 2.541131 5.361830 1.584849
 0.000493 2.823191 2.525348 5.348539 1.357064
 0.000493 2.825965 2.508223 5.334188 1.130928
 0.000494 2.828875 2.490060 5.318936 0.913177
 0.000494 2.831910 2.471721 5.303631 0.718056
 0.000495 2.835071 2.453569 5.288640 0.549641
 0.000495 2.838276 2.436034 5.274311 0.409670
 0.000496 2.841315 2.419870 5.261185 0.299473
 0.000496 2.844095 2.405584 5.249680 0.217053
 0.000497 2.846645 2.393330 5.239974 0.157816
 0.000497 2.849144 2.383288 5.232432 0.118288
 0.000498 2.851579 2.375111 5.226690 0.092007
 0.000498 2.853979 2.368051 5.222031 0.073105
 0.000499 2.856431 2.361631 5.218061 0.058715
 0.000499 2.859179 2.355346 5.214525 0.047223
 0.000500 2.862261 2.348524 5.210785 0.036428
