#! FIELDS time dAB dAC rc bias
 0.000000 1.391111 1.437877 2.828988 0.831891
 0.000000 1.396272 1.446663 2.842935 1.021527
 0.000001 1.401237 1.448501 2.849738 1.121072
 0.000001 1.405884 1.443189 2.849074 1.111147
 0.000002 1.410139 1.431250 2.841389 0.999545
 0.000002 1.413918 1.413043 2.826961 0.805956
 0.000003 1.417175 1.389695 2.806870 0.571062
 0.000003 1.419733 1.362985 2.782717 0.342109
 0.000004 1.421502 1.334739 2.756241 0.158151
 0.000004 1.422489 1.306952 2.729441 0.043338
 0.000005 1.422646 1.282008 2.704654 0.001083
 0.000005 1.422079 1.262430 2.684508 0.011999
 0.000006 1.420802 1.249961 2.670763 0.042740
 0.000006 1.418884 1.246003 2.664887 0.061646
 0.000007 1.416292 1.251332 2.667624 0.052410
 0.000007 1.413007 1.265115 2.678122 0.023933
 0.000008 1.409050 1.285755 2.694805 0.001349
 0.000008 1.404388 1.311123 2.715511 0.012030
 0.000009 1.399115 1.338527 2.737643 0.070849
 0.000009 1.393137 1.365884 2.759021 0.174177
 0.000010 1.386651 1.391314 2.777965 0.303926
 0.000010 1.379777 1.413449 2.793226 0.434554
 0.000011 1.372641 1.431025 2.803666 0.537334
 0.000011 1.365370 1.443353 2.808723 0.591040
 0.000012 1.358040 1.449797 2.807837 0.581443
 0.000012 1.350963 1.449985 2.800949 0.509534
 0.000013 1.344171 1.443453 2.787624 0.383896
 0.000013 1.337867 1.430559 2.768426 0.234103
 0.000014 1.332226 1.412179 2.744405 0.098590
 0.000014 1.327421 1.389327 2.716748 0.014025
 0.000015 1.323614 1.363744 2.687358 0.007991
 0.000015 1.320844 1.336966 2.657810 0.088998
 0.000016 1.319121 1.311402 2.630523 0.241350
 0.000016 1.318513 1.289077 2.607590 0.426979
 0.000017 1.319049 1.272483 2.591532 0.588268
 0.000017 1.320870 1.263427 2.584297 0.669361
 0.000018 1.324030 1.262433 2.586464 0.644526
 0.000018 1.328609 1.269728 2.598337 0.516768
 0.000019 1.334325 1.284400 2.618724 0.330285
 0.000019 1.340861 1.305027 2.645888 0.146405
 0.000020 1.348134 1.329332 2.677466 0.025389
 0.000020 1.356012 1.355377 2.711388 0.006485
 0.000021 1.364336 1.381127 2.745463 0.103344
 0.000021 1.372823 1.404361 2.777184 0.297870
 0.000022 1.381318 1.423319 2.804637 0.547449
 0.000022 1.389607 1.436709 2.826316 0.797791
 0.000023 1.397420 1.443867 2.841287 0.998095
 0.000023 1.404566 1.444179 2.848745 1.106253
 0.000024 1.411034 1.437895 2.848930 1.109005
 0.000024 1.416782 1.425294 2.842076 1.009275
 0.000025 1.421856 1.406894 2.828750 0.828825
 0.000025 1.426010 1.383425 2.809435 0.598802
 0.000026 1.429186 1.356347 2.785533 0.365797
 0.000026 1.431526 1.327676 2.759201 0.175239
 0.000027 1.433124 1.299803 2.732926 0.054207
 0.000027 1.434099 1.274885 2.708984 0.004035
 0.000028 1.434403 1.255432 2.689835 0.005166
 0.000028 1.434189 1.243588 2.677777 0.024694
 0.000029 1.433505 1.241282 2.674787 0.031785
 0.000029 1.432336 1.248576 2.680911 0.018219
 0.000030 1.430822 1.264783 2.695605 0.000966
 0.000030 1.428861 1.287528 2.716389 0.013430
 0.000031 1.426558 1.315137 2.741695 0.086924
 0.000031 1.423648 1.344491 2.768139 0.232144
 0.000032 1.420170 1.372663 2.792833 0.430896
 0.000032 1.416036 1.397748 2.813784 0.647344
 0.000033 1.411349 1.418320 2.829668 0.840690
 0.000033 1.406003 1.433314 2.839317 0.970463
 0.000034 1.400068 1.442254 2.842322 1.012776
 0.000034 1.393633 1.444352 2.837985 0.951993
 0.000035 1.386803 1.439771 2.826574 0.801052
 0.000035 1.379826 1.428569 2.808395 0.587473
 0.000036 1.372874 1.411795 2.784669 0.358440
 0.000036 1.366103 1.390380 2.756483 0.159515
 0.000037 1.359664 1.365779 2.725443 0.032367
 0.000037 1.353895 1.339553 2.693448 0.002146
 0.000038 1.348939 1.313515 2.662455 0.070482
 0.000038 1.344860 1.290051 2.634911 0.211829
 0.000039 1.341617 1.271690 2.613307 0.375782
 0.000039 1.339329 1.260239 2.599568 0.504327
 0.000040 1.338048 1.256815 2.594864 0.552682
 0.000040 1.338013 1.262171 2.600185 0.498155
 0.000041 1.339205 1.275945 2.615150 0.359973
 0.000041 1.341501 1.296376 2.637877 0.192964
 0.000042 1.344789 1.321477 2.666266 0.056897
 0.000042 1.348867 1.348769 2.697635 0.000280
 0.000043 1.353606 1.376135 2.729741 0.044227
 0.000043 1.358873 1.400863 2.759736 0.178418
 0.000044 1.364425 1.421105 2.785530 0.365766
 0.000044 1.370188 1.435910 2.806098 0.562840
 0.000045 1.376023 1.443939 2.819962 0.719540
 0.000045 1.381855 1.445364 2.827219 0.809236
 0.000046 1.387633 1.440025 2.827658 0.814833
 0.000046 1.393318 1.428026 2.821344 0.736217
 0.000047 1.398853 1.409414 2.808267 0.586091
 0.000047 1.404193 1.385542 2.789735 0.402619
 0.000048 1.409394 1.357988 2.767383 0.227020
 0.000048 1.414368 1.328485 2.742853 0.091819
 0.000049 1.418964 1.299397 2.718360 0.016855
 0.000049 1.423257 1.273009 2.696266 0.000697
 0.000050 1.427121 1.251907 2.679028 0.021991
 0.000050 1.430680 1.238680 2.669360 0.046941
 0.000051 1.433941 1.234908 2.668849 0.048520
 0.000051 1.436912 1.241251 2.678164 0.023841
 0.000052 1.439477 1.256634 2.696111 0.000756
 0.000052 1.441602 1.279172 2.720774 0.021578
 0.000053 1.443160 1.307096 2.750256 0.126281
 0.000053 1.444104 1.336932 2.781036 0.328343
 0.000054 1.444402 1.366398 2.810800 0.613834
 0.000054 1.444248 1.393306 2.837555 0.946065
 0.000055 1.443525 1.415857 2.859383 1.270140
 0.000055 1.442255 1.432215 2.874471 1.522000
 0.000056 1.440294 1.441820 2.882115 1.658285
 0.000056 1.437760 1.444446 2.882206 1.659950
 0.000057 1.434874 1.439834 2.874708 1.526153
 0.000057 1.431704 1.428244 2.859948 1.279165
 0.000058 1.428492 1.410511 2.839003 0.966085
 0.000058 1.425114 1.387354 2.812468 0.632452
 0.000059 1.421594 1.360707 2.782301 0.338675
 0.000059 1.418128 1.332482 2.750609 0.128065
 0.000060 1.414571 1.305002 2.719573 0.019155
 0.000060 1.411005 1.280186 2.691191 0.003880
 0.000061 1.407500 1.260773 2.668273 0.050331
 0.000061 1.404267 1.249072 2.653339 0.108865
 0.000062 1.401326 1.246646 2.647972 0.135347
 0.000062 1.398671 1.253344 2.652015 0.115128
 0.000063 1.396493 1.268345 2.664837 0.061821
 0.000063 1.394724 1.290182 2.684906 0.011392
 0.000064 1.393349 1.316542 2.709891 0.004891
 0.000064 1.392188 1.344778 2.736967 0.068327
 0.000065 1.391360 1.372721 2.764081 0.205320
 0.000065 1.390815 1.398138 2.788954 0.395638
 0.000066 1.390476 1.419156 2.809632 0.600954
 0.000066 1.390181 1.434347 2.824527 0.775354
 0.000067 1.389895 1.443383 2.833277 0.888144
 0.000067 1.389460 1.445518 2.834977 0.910941
 0.000068 1.388962 1.440226 2.829188 0.834481
 0.000068 1.388449 1.428088 2.816538 0.679052
 0.000069 1.387822 1.410027 2.797849 0.478725
 0.000069 1.387121 1.387024 2.774145 0.274877
 0.000070 1.386309 1.360293 2.746602 0.108588
 0.000070 1.385448 1.331972 2.717420 0.015174
 0.000071 1.384602 1.304289 2.688890 0.006171
 0.000071 1.383829 1.279441 2.663269 0.067457
 0.000072 1.383255 1.260124 2.643379 0.160299
 0.000072 1.383090 1.248563 2.631653 0.233564
 0.000073 1.383228 1.246147 2.629375 0.249393
 0.000073 1.383612 1.253545 2.637157 0.197462
 0.000074 1.384325 1.269540 2.653865 0.106424
 0.000074 1.385250 1.292048 2.677297 0.025770
 0.000075 1.386366 1.319127 2.705494 0.001509
 0.000075 1.387694 1.348130 2.735823 0.064165
 0.000076 1.389051 1.376351 2.765402 0.213870
 0.000076 1.390367 1.401423 2.791790 0.421268
 0.000077 1.391444 1.422160 2.813604 0.645295
 0.000077 1.392213 1.437160 2.829373 0.836865
 0.000078 1.392703 1.445725 2.838428 0.958113
 0.000078 1.392783 1.447167 2.839950 0.979298
 0.000079 1.392323 1.441341 2.833664 0.893309
 0.000079 1.391360 1.428435 2.819795 0.717541
 0.000080 1.390028 1.409624 2.799651 0.496518
 0.000080 1.388216 1.385806 2.774022 0.273966
 0.000081 1.386067 1.358432 2.744499 0.099006
 0.000081 1.383759 1.329431 2.713190 0.008699
 0.000082 1.381319 1.300961 2.682279 0.015701
 0.000082 1.378937 1.275574 2.654511 0.103462
 0.000083 1.376717 1.255896 2.632612 0.227055
 0.000083 1.374708 1.244215 2.618923 0.328674
 0.000084 1.372793 1.241724 2.614517 0.365371
 0.000084 1.371262 1.248948 2.620210 0.318324
 0.000085 1.370164 1.264676 2.634841 0.212288
 0.000085 1.369552 1.287349 2.656901 0.092875
 0.000086 1.369318 1.314309 2.683627 0.013404
 0.000086 1.369250 1.342788 2.712038 0.007246
 0.000087 1.369180 1.370795 2.739976 0.079903
 0.000087 1.369152 1.396219 2.765372 0.213672
 0.000088 1.369124 1.417824 2.786948 0.377999
 0.000088 1.369045 1.434174 2.803219 0.532710
 0.000089 1.368762 1.444590 2.813352 0.642436
 0.000089 1.368421 1.448538 2.816959 0.683975
 0.000090 1.368059 1.445643 2.813702 0.646406
 0.000090 1.367465 1.435815 2.803280 0.533341
 0.000091 1.366900 1.419881 2.786781 0.376550
 0.000091 1.366578 1.399045 2.765623 0.215320
 0.000092 1.366396 1.374748 2.741144 0.084639
 0.000092 1.366333 1.347722 2.714055 0.009877
 0.000093 1.366543 1.320297 2.686841 0.008658
 0.000093 1.367178 1.294609 2.661787 0.073012
 0.000094 1.368176 1.273350 2.641526 0.170959
 0.000094 1.369372 1.258783 2.628155 0.258085
 0.000095 1.370796 1.252665 2.623461 0.292914
 0.000095 1.372478 1.255644 2.628122 0.258323
 0.000096 1.374379 1.267467 2.641845 0.169098
 0.000096 1.376306 1.286365 2.662671 0.069672
 0.000097 1.378306 1.310226 2.688531 0.006577
 0.000097 1.380176 1.336909 2.717085 0.014595
 0.000098 1.381898 1.364489 2.746387 0.107589
 0.000098 1.383374 1.390599 2.773973 0.273599
 0.000099 1.384693 1.413274 2.797967 0.479878
 0.000099 1.385799 1.430759 2.816558 0.679283
 0.000100 1.386731 1.442092 2.828822 0.829760
 0.000100 1.387410 1.446497 2.833907 0.896553
 0.000101 1.387851 1.444141 2.831992 0.871091
 0.000101 1.388114 1.435743 2.823857 0.767030
 0.000102 1.388219 1.421310 2.809529 0.599831
 0.000102 1.388244 1.401518 2.789761 0.402856
 0.000103 1.388236 1.377150 2.765386 0.213770
 0.000103 1.388319 1.350134 2.738453 0.073933
 0.000104 1.388444 1.322020 2.710465 0.005476
 0.000104 1.388644 1.295465 2.684108 0.012627
 0.000105 1.389098 1.272889 2.661987 0.072250
 0.000105 1.389740 1.256759 2.646499 0.143117
 0.000106 1.390702 1.249219 2.639921 0.180476
 0.000106 1.392029 1.250819 2.642848 0.163320
 0.000107 1.393589 1.260946 2.654535 0.103354
 0.000107 1.395281 1.278885 2.674166 0.033370
 0.000108 1.397006 1.301952 2.698958 0.000054
 0.000108 1.398773 1.328131 2.726904 0.036190
 0.000109 1.400631 1.355119 2.755750 0.155402
 0.000109 1.402285 1.380605 2.782889 0.343533
 0.000110 1.404010 1.403231 2.807241 0.575029
 0.000110 1.405662 1.421247 2.826909 0.805292
 0.000111 1.407076 1.433228 2.840304 0.984259
 0.000111 1.408227 1.439065 2.847292 1.084745
 0.000112 1.408962 1.438045 2.847007 1.080552
 0.000112 1.409397 1.430606 2.840003 0.980041
 0.000113 1.409469 1.417219 2.826688 0.802496
 0.000113 1.409128 1.398488 2.807615 0.579054
 0.000114 1.408411 1.375233 2.783644 0.349814
 0.000114 1.407376 1.348829 2.756206 0.157955
 0.000115 1.406074 1.321300 2.727374 0.037467
 0.000115 1.404411 1.295298 2.699709 0.000004
 0.000116 1.402463 1.273217 2.675679 0.029575
 0.000116 1.400238 1.257467 2.657705 0.089442
 0.000117 1.397774 1.249884 2.647659 0.136981
 0.000117 1.395061 1.251538 2.646600 0.142580
 0.000118 1.392215 1.262065 2.654279 0.104519
 0.000118 1.389342 1.279858 2.669200 0.047431
 0.000119 1.386558 1.302891 2.689449 0.005566
 0.000119 1.383797 1.329296 2.713094 0.008573
 0.000120 1.381112 1.356584 2.737696 0.071049
 0.000120 1.378581 1.382395 2.760976 0.185903
 0.000121 1.376126 1.405232 2.781358 0.330955
 0.000121 1.373815 1.423637 2.797451 0.474838
 0.000122 1.371473 1.436857 2.808330 0.586764
 0.000122 1.369167 1.444414 2.813581 0.645031
 0.000123 1.366954 1.445963 2.812916 0.637506
 0.000123 1.364741 1.441507 2.806248 0.564435
 0.000124 1.362479 1.431151 2.793629 0.438322
 0.000124 1.360149 1.415097 2.775247 0.283102
 0.000125 1.357937 1.394192 2.752129 0.135869
 0.000125 1.355859 1.369958 2.725816 0.033324
 0.000126 1.353875 1.344360 2.698235 0.000156
 0.000126 1.352139 1.319270 2.671410 0.040870
 0.000127 1.350819 1.296115 2.646933 0.140804
 0.000127 1.349963 1.277124 2.627086 0.265819
 0.000128 1.349636 1.264756 2.614392 0.366436
 0.000128 1.349767 1.260286 2.610053 0.404521
 0.000129 1.350353 1.264099 2.614452 0.365920
 0.000129 1.351408 1.276413 2.627821 0.260490
 0.000130 1.352889 1.295254 2.648143 0.134455
 0.000130 1.354536 1.318543 2.673079 0.036238
 0.000131 1.356374 1.344124 2.700498 0.000012
 0.000131 1.358298 1.369903 2.728202 0.039766
 0.000132 1.360022 1.393841 2.753863 0.145061
 0.000132 1.361521 1.414259 2.775780 0.287130
 0.000133 1.362724 1.429910 2.792634 0.429054
 0.000133 1.363528 1.439982 2.803510 0.535718
 0.000134 1.363940 1.443800 2.807739 0.580389
 0.000134 1.364018 1.441360 2.805378 0.555225
 0.000135 1.363679 1.432475 2.796154 0.462277
 0.000135 1.362952 1.417880 2.780831 0.326685
 0.000136 1.362013 1.398513 2.760526 0.183171
 0.000136 1.361000 1.375402 2.736402 0.066255
 0.000137 1.360153 1.350281 2.710434 0.005444
 0.000137 1.359509 1.325156 2.684666 0.011757
 0.000138 1.359100 1.302239 2.661339 0.074734
 0.000138 1.358919 1.283554 2.642473 0.165470
 0.000139 1.359146 1.271193 2.630338 0.242638
 0.000139 1.359936 1.266102 2.626038 0.273520
 0.000140 1.361324 1.268475 2.629799 0.246410
 0.000140 1.363264 1.278014 2.641278 0.172412
 0.000141 1.365572 1.293748 2.659320 0.082745
 0.000141 1.368225 1.313705 2.681930 0.016327
 0.000142 1.371274 1.336208 2.707481 0.002799
 0.000142 1.374464 1.359523 2.733987 0.057757
 0.000143 1.377785 1.381536 2.759322 0.175953
 0.000143 1.381100 1.400891 2.781991 0.336127
 0.000144 1.384439 1.416159 2.800599 0.506005
 0.000144 1.387462 1.426267 2.813729 0.646712
 0.000145 1.390388 1.430382 2.820770 0.729275
 0.000145 1.393185 1.428633 2.821818 0.741981
 0.000146 1.395851 1.421027 2.816878 0.683027
 0.000146 1.398306 1.408173 2.806478 0.566882
 0.000147 1.400574 1.390346 2.790921 0.413327
 0.000147 1.402526 1.368715 2.771242 0.253770
 0.000148 1.404254 1.344548 2.748801 0.119079
 0.000148 1.405843 1.319501 2.725343 0.032114
 0.000149 1.407103 1.296157 2.703260 0.000531
 0.000149 1.408044 1.276559 2.684603 0.011853
 0.000150 1.408720 1.263038 2.671758 0.039880
 0.000150 1.409058 1.256842 2.665900 0.058139
 0.000151 1.409029 1.258495 2.667524 0.052735
 0.000151 1.408655 1.267711 2.676365 0.027930
 0.000152 1.407890 1.283664 2.691554 0.003566
 0.000152 1.406659 1.304174 2.710833 0.005868
 0.000153 1.404860 1.327292 2.732152 0.051689
 0.000153 1.402363 1.351025 2.753387 0.142511
 0.000154 1.399312 1.373739 2.773051 0.266825
 0.000154 1.395843 1.394097 2.789940 0.404460
 0.000155 1.391794 1.410652 2.802446 0.524756
 0.000155 1.387370 1.422072 2.809442 0.598873
 0.000156 1.382683 1.428015 2.810698 0.612701
 0.000156 1.377756 1.428106 2.805862 0.560339
 0.000157 1.372628 1.422173 2.794801 0.449360
 0.000157 1.367524 1.411042 2.778566 0.308629
 0.000158 1.362447 1.395656 2.758102 0.168794
 0.000158 1.357421 1.377024 2.734445 0.059324
 0.000159 1.352687 1.356340 2.709027 0.004074
 0.000159 1.348355 1.335236 2.683591 0.013462
 0.000160 1.344510 1.315167 2.659677 0.081297
 0.000160 1.341319 1.297392 2.638711 0.187817
 0.000161 1.338812 1.283657 2.622469 0.300556
 0.000161 1.337028 1.275561 2.612588 0.382041
 0.000162 1.335942 1.273858 2.609801 0.406794
 0.000162 1.335761 1.278885 2.614646 0.364270
 0.000163 1.336262 1.290005 2.626268 0.271822
 0.000163 1.337546 1.305568 2.643114 0.161798
 0.000164 1.339552 1.324642 2.664194 0.064102
 0.000164 1.342397 1.345579 2.687975 0.007230
 0.000165 1.345864 1.366720 2.712585 0.007919
 0.000165 1.349932 1.386093 2.736024 0.064888
 0.000166 1.354368 1.402550 2.756918 0.161981
 0.000166 1.359183 1.415331 2.774514 0.277620
 0.000167 1.364231 1.423748 2.787979 0.387019
 0.000167 1.369144 1.426880 2.796024 0.461030
 0.000168 1.373984 1.424246 2.798229 0.482451
 0.000168 1.378714 1.416134 2.794848 0.449808
 0.000169 1.383204 1.402897 2.786100 0.370665
 0.000169 1.387199 1.385232 2.772432 0.262316
 0.000170 1.390697 1.364098 2.754795 0.150124
 0.000170 1.393636 1.340912 2.734548 0.059678
 0.000171 1.396035 1.317591 2.713626 0.009283
 0.000171 1.397771 1.295869 2.693641 0.002022
 0.000172 1.399097 1.278047 2.677144 0.026119
 0.000172 1.400047 1.265838 2.665885 0.058192
 0.000173 1.400729 1.260800 2.661529 0.074001
 0.000173 1.401168 1.263439 2.664607 0.062635
 0.000174 1.401387 1.273223 2.674611 0.032231
 0.000174 1.401534 1.289328 2.690862 0.004175
 0.000175 1.401486 1.309918 2.711405 0.006503
 0.000175 1.401520 1.333136 2.734655 0.060050
 0.000176 1.401630 1.356834 2.758463 0.170898
 0.000176 1.401623 1.378643 2.780266 0.322133
 0.000177 1.401501 1.397013 2.798514 0.485251
 0.000177 1.401350 1.411082 2.812433 0.632054
 0.000178 1.401105 1.420116 2.821221 0.734721
 0.000178 1.400643 1.423025 2.823668 0.764688
 0.000179 1.399988 1.419873 2.819861 0.718335
 0.000179 1.399229 1.410937 2.810166 0.606825
 0.000180 1.398262 1.396669 2.794931 0.450593
 0.000180 1.397244 1.378391 2.775635 0.286033
 0.000181 1.396291 1.357067 2.753358 0.142354
 0.000181 1.395519 1.334334 2.729853 0.044560
 0.000182 1.394830 1.312334 2.707164 0.002566
 0.000182 1.394337 1.292927 2.687264 0.008110
 0.000183 1.394141 1.277471 2.671612 0.040295
 0.000183 1.394290 1.267644 2.661934 0.072449
 0.000184 1.394868 1.264608 2.659476 0.082109
 0.000184 1.395748 1.269146 2.664894 0.061623
 0.000185 1.396798 1.280238 2.677036 0.026367
 0.000185 1.398020 1.296820 2.694840 0.001331
 0.000186 1.399277 1.317393 2.716670 0.013894
 0.000186 1.400353 1.340050 2.740403 0.081621
 0.000187 1.401353 1.362803 2.764155 0.205796
 0.000187 1.402142 1.383556 2.785699 0.367213
 0.000188 1.402489 1.400915 2.803404 0.534622
 0.000188 1.402225 1.413881 2.816106 0.674030
 0.000189 1.401399 1.421709 2.823108 0.757783
 0.000189 1.399918 1.424148 2.824066 0.769624
 0.000190 1.397799 1.421087 2.818886 0.706698
 0.000190 1.395089 1.412994 2.808084 0.584104
 0.000191 1.391968 1.399790 2.791758 0.420974
 0.000191 1.388464 1.382502 2.770966 0.251810
 0.000192 1.384743 1.362147 2.746890 0.109931
 0.000192 1.381099 1.340287 2.721386 0.022867
 0.000193 1.377642 1.318947 2.696588 0.000582
 0.000193 1.374422 1.299892 2.674314 0.032989
 0.000194 1.371464 1.284616 2.656081 0.096446
 0.000194 1.368774 1.274343 2.643117 0.161781
 0.000195 1.366435 1.270350 2.636784 0.199811
 0.000195 1.364461 1.273389 2.637850 0.193132
 0.000196 1.362775 1.283407 2.646182 0.144818
 0.000196 1.361438 1.298853 2.660290 0.078843
 0.000197 1.360348 1.318761 2.679109 0.021822
 0.000197 1.359523 1.341292 2.700816 0.000033
 0.000198 1.358859 1.364269 2.723127 0.026744
 0.000198 1.358362 1.385905 2.744266 0.097975
 0.000199 1.357882 1.404605 2.762487 0.195230
 0.000199 1.357545 1.419317 2.776862 0.295389
 0.000200 1.357231 1.429335 2.786567 0.374691
 0.000200 1.357054 1.434223 2.791276 0.416566
 0.000201 1.357088 1.433348 2.790436 0.408936
 0.000201 1.357272 1.426844 2.784115 0.353769
 0.000202 1.357722 1.414568 2.772290 0.261294
 0.000202 1.358573 1.397499 2.756072 0.157205
 0.000203 1.359729 1.377268 2.736997 0.068441
 0.000203 1.361130 1.354753 2.715884 0.012615
 0.000204 1.362884 1.331023 2.693907 0.001856
 0.000204 1.364975 1.308180 2.673155 0.036033
 0.000205 1.367392 1.288619 2.656011 0.096752
 0.000205 1.370002 1.274415 2.644418 0.154469
 0.000206 1.372668 1.266751 2.639419 0.183501
 0.000206 1.375571 1.266339 2.641911 0.168719
 0.000207 1.378762 1.273366 2.652128 0.114588
 0.000207 1.382012 1.286939 2.668951 0.048201
 0.000208 1.385272 1.305450 2.690723 0.004304
 0.000208 1.388547 1.327569 2.716116 0.012986
 0.000209 1.391619 1.351035 2.742654 0.090970
 0.000209 1.394547 1.373720 2.768267 0.233016
 0.000210 1.397360 1.394056 2.791415 0.417837
 0.000210 1.400143 1.410426 2.810570 0.611283
 0.000211 1.402916 1.421867 2.824783 0.778537
 0.000211 1.405634 1.427428 2.833062 0.885275
 0.000212 1.408177 1.426845 2.835022 0.911541
 0.000212 1.410552 1.420359 2.830911 0.856888
 0.000213 1.412713 1.408407 2.821119 0.733495
 0.000213 1.414517 1.391488 2.806004 0.561847
 0.000214 1.415988 1.370526 2.786514 0.374232
 0.000214 1.417196 1.346707 2.763904 0.204183
 0.000215 1.418002 1.321885 2.739886 0.079546
 0.000215 1.418502 1.298117 2.716619 0.013810
 0.000216 1.418680 1.278052 2.696732 0.000534
 0.000216 1.418576 1.263213 2.681789 0.016581
 0.000217 1.418313 1.255429 2.673743 0.034472
 0.000217 1.417934 1.255908 2.673842 0.034212
 0.000218 1.417413 1.264593 2.682006 0.016189
 0.000218 1.416718 1.280281 2.696999 0.000450
 0.000219 1.415725 1.301113 2.716838 0.014176
 0.000219 1.414513 1.325503 2.740016 0.080063
 0.000220 1.413082 1.350875 2.763957 0.204522
 0.000220 1.411328 1.375124 2.786452 0.373696
 0.000221 1.409069 1.396331 2.805400 0.555455
 0.000221 1.406275 1.413312 2.819588 0.715059
 0.000222 1.402999 1.424984 2.827982 0.818973
 0.000222 1.399310 1.430436 2.829746 0.841702
 0.000223 1.394934 1.429943 2.824877 0.779718
 0.000223 1.389763 1.423822 2.813585 0.645075
 0.000224 1.384071 1.412251 2.796321 0.463888
 0.000224 1.377798 1.396028 2.773826 0.272516
 0.000225 1.371228 1.376009 2.747236 0.111564
 0.000225 1.364429 1.353927 2.718357 0.016848
 0.000226 1.357613 1.331599 2.689212 0.005819
 0.000226 1.350895 1.310507 2.661402 0.074491
 0.000227 1.344461 1.292158 2.636620 0.200853
 0.000227 1.338651 1.278759 2.617410 0.341053
 0.000228 1.333538 1.271558 2.605096 0.450338
 0.000228 1.329225 1.271699 2.600924 0.490802
 0.000229 1.325837 1.279027 2.604863 0.452550
 0.000229 1.323527 1.293057 2.616584 0.347911
 0.000230 1.322403 1.312450 2.634853 0.212208
 0.000230 1.322529 1.335115 2.657643 0.089704
 0.000231 1.323771 1.359071 2.682843 0.014718
 0.000231 1.326195 1.382521 2.708716 0.003799
 0.000232 1.329678 1.403730 2.733408 0.055804
 0.000232 1.334085 1.421202 2.755287 0.152832
 0.000233 1.339120 1.433881 2.773001 0.266460
 0.000233 1.344622 1.440922 2.785543 0.365883
 0.000234 1.350412 1.441881 2.792293 0.425899
 0.000234 1.356425 1.436794 2.793220 0.434494
 0.000235 1.362601 1.425958 2.788559 0.392138
 0.000235 1.368686 1.409792 2.778478 0.307936
 0.000236 1.374800 1.388707 2.763507 0.201654
 0.000236 1.380832 1.364463 2.745295 0.102583
 0.000237 1.386806 1.338537 2.725343 0.032114
 0.000237 1.392655 1.312576 2.705231 0.001368
 0.000238 1.398265 1.289161 2.687427 0.007904
 0.000238 1.403716 1.270281 2.673998 0.033806
 0.000239 1.408886 1.258258 2.667143 0.053978
 0.000239 1.413672 1.254330 2.668002 0.051194
 0.000240 1.418132 1.258639 2.676770 0.026981
 0.000240 1.422121 1.270339 2.692460 0.002842
 0.000241 1.425609 1.288012 2.713622 0.009278
 0.000241 1.428431 1.309943 2.738374 0.073630
 0.000242 1.430532 1.334080 2.764612 0.208733
 0.000242 1.431923 1.357878 2.789801 0.403209
 0.000243 1.432492 1.379470 2.811963 0.626781
 0.000243 1.432094 1.397194 2.829288 0.835772
 0.000244 1.430806 1.410508 2.841314 0.998480
 0.000244 1.428665 1.418361 2.847025 1.080825
 0.000245 1.425745 1.420302 2.846047 1.066487
 0.000245 1.422166 1.416060 2.838226 0.955327
 0.000246 1.418019 1.406489 2.824507 0.775102
 0.000246 1.413411 1.391796 2.805207 0.553431
 0.000247 1.408508 1.372815 2.781323 0.330671
 0.000247 1.403325 1.351032 2.754357 0.147732
 0.000248 1.398109 1.328342 2.726451 0.034984
 0.000248 1.392971 1.306317 2.699288 0.000025
 0.000249 1.388196 1.287051 2.675248 0.030634
 0.000249 1.383696 1.272147 2.655843 0.097493
 0.000250 1.379640 1.263371 2.643011 0.162387
 0.000250 1.375966 1.261803 2.637769 0.193634
 0.000251 1.372792 1.267278 2.640070 0.179581
 0.000251 1.369999 1.279372 2.649371 0.128163
 0.000252 1.367718 1.297144 2.664862 0.061735
 0.000252 1.366057 1.318568 2.684625 0.011819
 0.000253 1.364936 1.341706 2.706642 0.002206
 0.000253 1.364399 1.364934 2.729333 0.043021
 0.000254 1.364293 1.386308 2.750601 0.128021
 0.000254 1.364660 1.404510 2.769170 0.239224
 0.000255 1.365475 1.418139 2.783614 0.349564
 0.000255 1.366813 1.426693 2.793506 0.437168
 0.000256 1.368580 1.429650 2.798230 0.482457
 0.000256 1.370660 1.426595 2.797255 0.472925
 0.000257 1.373001 1.417751 2.790752 0.411800
 0.000257 1.375523 1.403545 2.779068 0.312586
 0.000258 1.378376 1.384641 2.763017 0.198557
 0.000258 1.381316 1.362070 2.743386 0.094116
 0.000259 1.384295 1.337282 2.721577 0.023279
 0.000259 1.387316 1.312689 2.700005 0.000000
 0.000260 1.390196 1.290317 2.680513 0.018987
 0.000260 1.392850 1.272391 2.665242 0.060407
 0.000261 1.395210 1.260852 2.656062 0.096525
 0.000261 1.397174 1.256949 2.654123 0.105233
 0.000262 1.398927 1.261277 2.660204 0.079186
 0.000262 1.400623 1.273062 2.673685 0.034624
 0.000263 1.402014 1.290975 2.692988 0.002458
 0.000263 1.403019 1.312916 2.715935 0.012696
 0.000264 1.403649 1.336943 2.740592 0.082387
 0.000264 1.403922 1.360924 2.764846 0.210247
 0.000265 1.403795 1.382868 2.786663 0.375526
 0.000265 1.403330 1.401811 2.805141 0.552733
 0.000266 1.402561 1.416071 2.818632 0.703678
 0.000266 1.401443 1.424656 2.826098 0.795040
 0.000267 1.399946 1.427429 2.827375 0.811215
 0.000267 1.398100 1.424212 2.822312 0.748010
 0.000268 1.396029 1.415120 2.811149 0.617700
 0.000268 1.393766 1.400916 2.794682 0.448229
 0.000269 1.391400 1.382399 2.773799 0.272318
 0.000269 1.388836 1.360352 2.749187 0.120970
 0.000270 1.386197 1.336067 2.722264 0.024784
 0.000270 1.383658 1.311563 2.695222 0.001142
 0.000271 1.381312 1.289063 2.670375 0.043882
 0.000271 1.379273 1.271103 2.650376 0.123126
 0.000272 1.377566 1.259485 2.637052 0.198124
 0.000272 1.376192 1.255352 2.631544 0.234309
 0.000273 1.375221 1.259087 2.634307 0.215776
 0.000273 1.374653 1.270381 2.645034 0.151063
 0.000274 1.374419 1.288049 2.662468 0.070433
 0.000274 1.374608 1.310317 2.684925 0.011363
 0.000275 1.375142 1.334882 2.710023 0.005024
 0.000275 1.375946 1.359814 2.735759 0.063937
 0.000276 1.377059 1.383127 2.760187 0.181123
 0.000276 1.378330 1.403044 2.781374 0.331089
 0.000277 1.379522 1.418272 2.797795 0.478188
 0.000277 1.380676 1.427645 2.808321 0.586668
 0.000278 1.381550 1.431227 2.812777 0.635936
 0.000278 1.382263 1.428669 2.810932 0.615293
 0.000279 1.382754 1.419746 2.802499 0.525305
 0.000279 1.383019 1.405031 2.788051 0.387647
 0.000280 1.383171 1.385271 2.768441 0.234209
 0.000280 1.383184 1.361487 2.744671 0.099777
 0.000281 1.382989 1.335672 2.718661 0.017412
 0.000281 1.382691 1.309669 2.692360 0.002918
 0.000282 1.382349 1.286054 2.668403 0.049918
 0.000282 1.382015 1.267474 2.649489 0.127569
 0.000283 1.381587 1.255832 2.637419 0.195817
 0.000283 1.381307 1.252137 2.633444 0.221487
 0.000284 1.381299 1.256948 2.638247 0.190672
 0.000284 1.381594 1.269674 2.651268 0.118740
 0.000285 1.382203 1.288729 2.670932 0.042249
 0.000285 1.382887 1.311948 2.694835 0.001334
 0.000286 1.383641 1.337002 2.720643 0.021306
 0.000286 1.384534 1.362010 2.746544 0.108317
 0.000287 1.385301 1.385059 2.770359 0.247522
 0.000287 1.385848 1.404291 2.790139 0.406251
 0.000288 1.386090 1.418616 2.804706 0.548165
 0.000288 1.386037 1.427537 2.813574 0.644948
 0.000289 1.385602 1.430814 2.816416 0.677631
 0.000289 1.384912 1.428311 2.813223 0.640976
 0.000290 1.384041 1.419644 2.803684 0.537524
 0.000290 1.383018 1.405101 2.788119 0.388250
 0.000291 1.381974 1.385601 2.767575 0.228318
 0.000291 1.381051 1.362429 2.743480 0.094528
 0.000292 1.380217 1.337284 2.717501 0.015315
 0.000292 1.379451 1.312628 2.692079 0.003137
 0.000293 1.378924 1.290328 2.669253 0.047270
 0.000293 1.378701 1.272364 2.651065 0.119730
 0.000294 1.378874 1.260741 2.639615 0.182319
 0.000294 1.379396 1.256678 2.636074 0.204327
 0.000295 1.380111 1.260563 2.640674 0.175981
 0.000295 1.380898 1.272143 2.653041 0.110258
 0.000296 1.381746 1.290032 2.671778 0.039825
 0.000296 1.382614 1.312170 2.694784 0.001360
 0.000297 1.383312 1.336583 2.719896 0.019792
 0.000297 1.383892 1.361501 2.745394 0.103029
 0.000298 1.384336 1.384540 2.768876 0.237195
 0.000298 1.384582 1.404117 2.788699 0.393379
 0.000299 1.384594 1.419101 2.803695 0.537637
 0.000299 1.384465 1.428591 2.813056 0.639083
 0.000300 1.384194 1.432157 2.816351 0.676880
 0.000300 1.383827 1.429967 2.813794 0.647457
 0.000301 1.383351 1.421831 2.805182 0.553163
 0.000301 1.382844 1.408417 2.791261 0.416433
 0.000302 1.382329 1.390416 2.772745 0.264592
 0.000302 1.381936 1.368659 2.750595 0.127991
 0.000303 1.381579 1.344561 2.726141 0.034167
 0.000303 1.381337 1.319953 2.701290 0.000083
 0.000304 1.381211 1.296873 2.678084 0.024015
 0.000304 1.381339 1.277322 2.658661 0.085444
 0.000305 1.381550 1.263276 2.644826 0.152206
 0.000305 1.381908 1.256493 2.638401 0.189720
 0.000306 1.382407 1.257964 2.640371 0.177782
 0.000306 1.383009 1.267326 2.650334 0.123335
 0.000307 1.383612 1.283238 2.666850 0.054946
 0.000307 1.384136 1.303977 2.688113 0.007065
 0.000308 1.384577 1.327688 2.712265 0.007521
 0.000308 1.384973 1.352089 2.737061 0.068677
 0.000309 1.385251 1.375220 2.760471 0.182834
 0.000309 1.385211 1.395603 2.780814 0.326545
 0.000310 1.384979 1.412136 2.797115 0.471566
 0.000310 1.384657 1.423948 2.808605 0.589752
 0.000311 1.384078 1.430192 2.814270 0.652881
 0.000311 1.383277 1.430331 2.813608 0.645341
 0.000312 1.382230 1.424588 2.806818 0.570506
 0.000312 1.381070 1.412987 2.794057 0.442334
 0.000313 1.379626 1.396349 2.775975 0.288610
 0.000313 1.377929 1.375440 2.753368 0.142410
 0.000314 1.375801 1.351791 2.727593 0.038068
 0.000314 1.373358 1.327399 2.700756 0.000029
 0.000315 1.370797 1.304154 2.674951 0.031373
 0.000315 1.368192 1.284387 2.652578 0.112441
 0.000316 1.365350 1.269794 2.635145 0.210310
 0.000316 1.362356 1.262113 2.624469 0.285249
 0.000317 1.359315 1.261978 2.621293 0.309742
 0.000317 1.356406 1.269274 2.625680 0.276171
 0.000318 1.353703 1.283498 2.637201 0.197184
 0.000318 1.351136 1.303297 2.654433 0.103817
 0.000319 1.348758 1.326314 2.675071 0.031072
 0.000319 1.346717 1.350783 2.697500 0.000312
 0.000320 1.345114 1.374805 2.719919 0.019838
 0.000320 1.343834 1.396474 2.740308 0.081238
 0.000321 1.342749 1.414483 2.757232 0.163772
 0.000321 1.342076 1.427759 2.769835 0.243844
 0.000322 1.341732 1.435860 2.777592 0.301028
 0.000322 1.341695 1.438075 2.779770 0.318164
 0.000323 1.341812 1.434023 2.775835 0.287550
 0.000323 1.342067 1.424451 2.766518 0.221230
 0.000324 1.342642 1.410093 2.752735 0.139050
 0.000324 1.343644 1.391418 2.735062 0.061467
 0.000325 1.344978 1.369428 2.714406 0.010377
 0.000325 1.346549 1.345515 2.692065 0.003149
 0.000326 1.348437 1.321312 2.669749 0.045757
 0.000326 1.350787 1.298871 2.649659 0.126711
 0.000327 1.353522 1.280368 2.633890 0.218528
 0.000327 1.356624 1.267690 2.624315 0.286415
 0.000328 1.360196 1.261851 2.622047 0.303835
 0.000328 1.364122 1.264262 2.628385 0.256439
 0.000329 1.368303 1.274357 2.642660 0.164394
 0.000329 1.372590 1.290945 2.663535 0.066484
 0.000330 1.376896 1.312243 2.689139 0.005898
 0.000330 1.381127 1.335736 2.716863 0.014219
 0.000331 1.385248 1.359568 2.744817 0.100427
 0.000331 1.389087 1.381792 2.770878 0.251187
 0.000332 1.392633 1.400975 2.793609 0.438128
 0.000332 1.395818 1.415858 2.811676 0.623572
 0.000333 1.398480 1.425962 2.824443 0.774299
 0.000333 1.400657 1.430448 2.831105 0.859426
 0.000334 1.402554 1.429012 2.831567 0.865489
 0.000334 1.403970 1.421290 2.825261 0.784510
 0.000335 1.405154 1.407891 2.813044 0.638948
 0.000335 1.406159 1.389668 2.795828 0.459147
 0.000336 1.407179 1.367608 2.774788 0.279660
 0.000336 1.408200 1.343284 2.751484 0.132531
 0.000337 1.409124 1.318336 2.727460 0.037703
 0.000337 1.410202 1.294672 2.704875 0.001188
 0.000338 1.411357 1.274677 2.686034 0.009752
 0.000338 1.412634 1.260579 2.673213 0.035877
 0.000339 1.414071 1.253490 2.667561 0.052615
 0.000339 1.415526 1.254398 2.669924 0.045227
 0.000340 1.417046 1.263387 2.680433 0.019143
 0.000340 1.418640 1.279265 2.697906 0.000219
 0.000341 1.420317 1.300376 2.720693 0.021411
 0.000341 1.421890 1.324319 2.746208 0.106761
 0.000342 1.423206 1.349066 2.772272 0.261164
 0.000342 1.424111 1.372553 2.796664 0.467193
 0.000343 1.424657 1.393309 2.817966 0.695801
 0.000343 1.424768 1.409916 2.834684 0.906996
 0.000344 1.424268 1.420952 2.845220 1.054443
 0.000344 1.423238 1.425708 2.848946 1.109245
 0.000345 1.421715 1.423983 2.845698 1.061390
 0.000345 1.419549 1.415925 2.835474 0.917662
 0.000346 1.416607 1.402616 2.819223 0.710703
 0.000346 1.413121 1.384676 2.797797 0.478208
 0.000347 1.409143 1.363274 2.772417 0.262208
 0.000347 1.404673 1.340331 2.745004 0.101267
 0.000348 1.399751 1.317519 2.717270 0.014913
 0.000348 1.394412 1.296358 2.690770 0.004260
 0.000349 1.388865 1.278927 2.667792 0.051869
 0.000349 1.383023 1.267357 2.650380 0.123109
 0.000350 1.377012 1.262822 2.639834 0.180996
 0.000350 1.370932 1.265895 2.636826 0.199545
 0.000351 1.364846 1.275952 2.640798 0.175245
 0.000351 1.358888 1.292277 2.651165 0.119244
 0.000352 1.353220 1.313106 2.666325 0.056699
 0.000352 1.347835 1.336206 2.684041 0.012734
 0.000353 1.342812 1.360061 2.702874 0.000413
 0.000353 1.338239 1.382739 2.720978 0.022003
 0.000354 1.334202 1.402469 2.736670 0.067236
 0.000354 1.330716 1.418211 2.748927 0.119693
 0.000355 1.327882 1.428953 2.756835 0.161509
 0.000355 1.325936 1.434256 2.760192 0.181155
 0.000356 1.324899 1.434023 2.758923 0.173594
 0.000356 1.324845 1.428022 2.752868 0.139750
 0.000357 1.325719 1.416704 2.742423 0.089985
 0.000357 1.327425 1.400995 2.728420 0.040384
 0.000358 1.330203 1.381615 2.711819 0.006984
 0.000358 1.334026 1.359857 2.693882 0.001871
 0.000359 1.338890 1.336977 2.675867 0.029120
 0.000359 1.344738 1.314536 2.659274 0.082929
 0.000360 1.351419 1.294659 2.646078 0.145377
 0.000360 1.358755 1.279328 2.638082 0.191690
 0.000361 1.366525 1.269994 2.636519 0.201493
 0.000361 1.374595 1.267657 2.642252 0.166742
 0.000362 1.382840 1.272306 2.655146 0.100592
 0.000362 1.391164 1.282964 2.674128 0.033468
 0.000363 1.399343 1.298613 2.697955 0.000209
 0.000363 1.407431 1.317288 2.724719 0.030552
 0.000364 1.415291 1.336847 2.752138 0.135921
 0.000364 1.422699 1.355931 2.778629 0.309130
 0.000365 1.429628 1.373351 2.802980 0.530242
 0.000365 1.435801 1.387879 2.823680 0.764839
 0.000366 1.441051 1.398381 2.839432 0.972060
 0.000366 1.445545 1.404140 2.849684 1.120270
 0.000367 1.449035 1.404615 2.853650 1.180410
 0.000367 1.451401 1.399400 2.850801 1.137048
 0.000368 1.452504 1.389143 2.841648 1.003205
 0.000368 1.452345 1.374532 2.826877 0.804884
 0.000369 1.451003 1.356117 2.807121 0.573740
 0.000369 1.448420 1.335901 2.784320 0.355497
 0.000370 1.444844 1.315328 2.760172 0.181035
 0.000370 1.440304 1.296062 2.736366 0.066125
 0.000371 1.434969 1.280175 2.715144 0.011467
 0.000371 1.428986 1.269353 2.698339 0.000138
 0.000372 1.422446 1.264789 2.687235 0.008147
 0.000372 1.415455 1.266828 2.682282 0.015696
 0.000373 1.408153 1.275066 2.683219 0.014080
 0.000373 1.400779 1.288770 2.689549 0.005461
 0.000374 1.393388 1.306675 2.700062 0.000000
 0.000374 1.386102 1.327290 2.713391 0.008967
 0.000375 1.379076 1.348761 2.727837 0.038744
 0.000375 1.372422 1.369313 2.741735 0.087090
 0.000376 1.366164 1.387590 2.753754 0.144477
 0.000376 1.360425 1.401955 2.762380 0.194565
 0.000377 1.355210 1.411903 2.767112 0.225203
 0.000377 1.350617 1.416895 2.767512 0.227892
 0.000378 1.346729 1.416723 2.763452 0.201310
 0.000378 1.343675 1.411865 2.755541 0.154240
 0.000379 1.341498 1.402506 2.744004 0.096818
 0.000379 1.340314 1.389105 2.729419 0.043275
 0.000380 1.340254 1.372453 2.712707 0.008074
 0.000380 1.341414 1.353605 2.695020 0.001240
 0.000381 1.343814 1.333859 2.677674 0.024923
 0.000381 1.347242 1.315054 2.662297 0.071077
 0.000382 1.351723 1.298987 2.650710 0.121477
 0.000382 1.357350 1.287123 2.644473 0.154162
 0.000383 1.363969 1.280489 2.644458 0.154245
 0.000383 1.371259 1.279629 2.650888 0.120600
 0.000384 1.379084 1.285025 2.664110 0.064406
 0.000384 1.387290 1.295761 2.683051 0.014364
 0.000385 1.395636 1.310408 2.706044 0.001827
 0.000385 1.403766 1.327674 2.731440 0.049422
 0.000386 1.411655 1.346266 2.757922 0.167746
 0.000386 1.418911 1.364370 2.783281 0.346788
 0.000387 1.425348 1.380287 2.805635 0.557937
 0.000387 1.430797 1.392890 2.823686 0.764914
 0.000388 1.435228 1.401583 2.836811 0.935859
 0.000388 1.438427 1.405593 2.844020 1.037086
 0.000389 1.440284 1.404333 2.844617 1.045697
 0.000389 1.440945 1.397977 2.838923 0.964978
 0.000390 1.440364 1.386757 2.827121 0.807985
 0.000390 1.438653 1.371563 2.810216 0.607380
 0.000391 1.435810 1.353442 2.789252 0.398297
 0.000391 1.431802 1.334009 2.765811 0.216555
 0.000392 1.426858 1.314821 2.741678 0.086854
 0.000392 1.421138 1.297576 2.718714 0.017511
 0.000393 1.414716 1.283620 2.698336 0.000139
 0.000393 1.407806 1.274352 2.682157 0.015918
 0.000394 1.400545 1.271200 2.671744 0.039919
 0.000394 1.392949 1.274541 2.667490 0.052844
 0.000395 1.385205 1.283915 2.669120 0.047679
 0.000395 1.377495 1.298204 2.675698 0.029529
 0.000396 1.369928 1.316158 2.686086 0.009680
 0.000396 1.362649 1.335841 2.698490 0.000114
 0.000397 1.355680 1.356140 2.711820 0.006986
 0.000397 1.349319 1.375842 2.725161 0.031654
 0.000398 1.343590 1.393005 2.736595 0.066960
 0.000398 1.338678 1.406734 2.745412 0.103113
 0.000399 1.334764 1.416671 2.751434 0.132275
 0.000399 1.331866 1.422132 2.753997 0.145785
 0.000400 1.330086 1.422692 2.752778 0.139276
 0.000400 1.329532 1.418264 2.747796 0.114221
 0.000401 1.330230 1.409152 2.739381 0.077545
 0.000401 1.332101 1.396039 2.728140 0.039592
 0.000402 1.335211 1.379837 2.715048 0.011322
 0.000402 1.339659 1.361201 2.700861 0.000037
 0.000403 1.345245 1.341573 2.686818 0.008688
 0.000403 1.351848 1.322056 2.673904 0.034051
 0.000404 1.359303 1.303981 2.663285 0.067401
 0.000404 1.367660 1.289503 2.657164 0.091747
 0.000405 1.376587 1.279806 2.656393 0.095080
 0.000405 1.385968 1.275329 2.661297 0.074895
 0.000406 1.395539 1.276821 2.672360 0.038198
 0.000406 1.405147 1.283801 2.688949 0.006107
 0.000407 1.414588 1.295580 2.710168 0.005170
 0.000407 1.423789 1.311509 2.735298 0.062297
 0.000408 1.432549 1.329689 2.762238 0.193681
 0.000408 1.440833 1.348106 2.788939 0.395509
 0.000409 1.448459 1.365064 2.813524 0.644382
 0.000409 1.455303 1.379565 2.834868 0.909468
 0.000410 1.461396 1.390414 2.851810 1.152321
 0.000410 1.466498 1.396906 2.863404 1.335042
 0.000411 1.470299 1.398304 2.868603 1.421341
 0.000411 1.472812 1.394164 2.866976 1.394042
 0.000412 1.474220 1.385039 2.859259 1.268179
 0.000412 1.474374 1.371727 2.846101 1.067273
 0.000413 1.473255 1.355157 2.828412 0.824480
 0.000413 1.470804 1.336664 2.807468 0.577470
 0.000414 1.467138 1.317351 2.784489 0.356916
 0.000414 1.462022 1.298661 2.760683 0.184124
 0.000415 1.455699 1.282550 2.738249 0.073148
 0.000415 1.448292 1.270609 2.718902 0.017863
 0.000416 1.439783 1.264496 2.704279 0.000916
 0.000416 1.430202 1.264999 2.695200 0.001152
 0.000417 1.419599 1.272386 2.691984 0.003213
 0.000417 1.408322 1.285857 2.694179 0.001694
 0.000418 1.396518 1.303879 2.700397 0.000008
 0.000418 1.384151 1.324785 2.708937 0.003993
 0.000419 1.371455 1.346969 2.718424 0.016972
 0.000419 1.358752 1.368937 2.727689 0.038333
 0.000420 1.346253 1.389167 2.735420 0.062729
 0.000420 1.334186 1.406493 2.740679 0.082738
 0.000421 1.322612 1.419640 2.742252 0.089262
 0.000421 1.311854 1.428173 2.740027 0.080107
 0.000422 1.302213 1.431525 2.733739 0.056916
 0.000422 1.294011 1.429650 2.723661 0.027993
 0.000423 1.287272 1.423179 2.710451 0.005462
 0.000423 1.282320 1.412090 2.694410 0.001562
 0.000424 1.279245 1.397543 2.676789 0.026939
 0.000424 1.278106 1.380332 2.658437 0.086373
 0.000425 1.279109 1.361134 2.640243 0.178542
 0.000425 1.282292 1.341232 2.623524 0.292430
 0.000426 1.287519 1.322574 2.610093 0.404165
 0.000426 1.294773 1.306719 2.601492 0.485190
 0.000427 1.303855 1.294489 2.598344 0.516694
 0.000427 1.314587 1.287085 2.601672 0.483420
 0.000428 1.326728 1.285074 2.611803 0.388937
 0.000428 1.339888 1.288732 2.628620 0.254756
 0.000429 1.353641 1.297594 2.651235 0.118902
 0.000429 1.367819 1.310557 2.678377 0.023379
 0.000430 1.382210 1.325832 2.708042 0.003233
 0.000430 1.396562 1.341764 2.738326 0.073443
 0.000431 1.410500 1.356969 2.767469 0.227602
 0.000431 1.423815 1.370254 2.794069 0.442450
 0.000432 1.436232 1.380675 2.816907 0.683364
 0.000432 1.447617 1.387644 2.835260 0.914767
 0.000433 1.457664 1.390192 2.847856 1.093067
 0.000433 1.466349 1.388246 2.854595 1.194982
 0.000434 1.473413 1.381878 2.855292 1.205773
 0.000434 1.478751 1.371029 2.849779 1.121692
 0.000435 1.482423 1.356585 2.839009 0.966169
 0.000435 1.484517 1.339567 2.824084 0.769842
 0.000436 1.485052 1.321376 2.806429 0.566354
 0.000436 1.483936 1.303734 2.787671 0.384307
 0.000437 1.481235 1.288332 2.769567 0.241979
 0.000437 1.477090 1.276563 2.753653 0.143932
 0.000438 1.471535 1.269278 2.740813 0.083285
 0.000438 1.464835 1.267692 2.732527 0.052900
 0.000439 1.457003 1.271706 2.728709 0.041212
 0.000439 1.448107 1.280926 2.729033 0.042145
 0.000440 1.438210 1.294501 2.732711 0.053500
 0.000440 1.427485 1.310940 2.738425 0.073824
 0.000441 1.415990 1.329425 2.745414 0.103124
 0.000441 1.403865 1.348562 2.752427 0.137430
 0.000442 1.391311 1.366728 2.758039 0.168424
 0.000442 1.378618 1.382730 2.761348 0.188181
 0.000443 1.366030 1.395487 2.761516 0.189214
 0.000443 1.353657 1.404298 2.757955 0.167940
 0.000444 1.341720 1.408973 2.750693 0.128491
 0.000444 1.330491 1.409527 2.740019 0.080075
 0.000445 1.320431 1.405982 2.726414 0.034884
 0.000445 1.311724 1.398210 2.709934 0.004934
 0.000446 1.304833 1.386919 2.691752 0.003402
 0.000446 1.299900 1.372669 2.672569 0.037623
 0.000447 1.297023 1.356698 2.653720 0.107090
 0.000447 1.296353 1.340397 2.636750 0.200026
 0.000448 1.297960 1.324975 2.622935 0.296953
 0.000448 1.301807 1.311836 2.613643 0.372880
 0.000449 1.307729 1.302094 2.609824 0.406588
 0.000449 1.315646 1.296291 2.611937 0.387751
 0.000450 1.325436 1.294758 2.620195 0.318442
 0.000450 1.336837 1.297543 2.634381 0.215296
 0.000451 1.349554 1.304086 2.653640 0.107461
 0.000451 1.363073 1.314010 2.677083 0.026260
 0.000452 1.377160 1.326030 2.703190 0.000509
 0.000452 1.391436 1.339031 2.730467 0.046411
 0.000453 1.405548 1.352039 2.757587 0.165814
 0.000453 1.419406 1.363528 2.782934 0.343899
 0.000454 1.432979 1.372358 2.805336 0.554788
 0.000454 1.445925 1.377814 2.823738 0.765559
 0.000455 1.458045 1.379430 2.837475 0.944968
 0.000455 1.469290 1.377751 2.847041 1.081059
 0.000456 1.479553 1.372598 2.852151 1.157495
 0.000456 1.488626 1.364116 2.852742 1.166510
 0.000457 1.496339 1.352463 2.848802 1.107106
 0.000457 1.502626 1.338373 2.840999 0.994031
 0.000458 1.507520 1.322959 2.830478 0.851227
 0.000458 1.510924 1.307446 2.818371 0.700581
 0.000459 1.512520 1.293019 2.805538 0.556918
 0.000459 1.512531 1.281142 2.793673 0.438736
 0.000460 1.510827 1.273358 2.784184 0.354350
 0.000460 1.507540 1.270425 2.777965 0.303929
 0.000461 1.502580 1.272908 2.775488 0.284918
 0.000461 1.495969 1.280227 2.776197 0.290297
 0.000462 1.487964 1.291304 2.779269 0.314175
 0.000462 1.478704 1.305385 2.784088 0.353541
 0.000463 1.468108 1.321155 2.789263 0.398397
 0.000463 1.456457 1.337342 2.793799 0.439909
 0.000464 1.443883 1.352434 2.796317 0.463845
 0.000464 1.430634 1.365606 2.796240 0.463107
 0.000465 1.416799 1.375690 2.792489 0.427712
 0.000465 1.402508 1.382456 2.784964 0.360942
 0.000466 1.388133 1.386097 2.774230 0.275508
 0.000466 1.373872 1.386601 2.760473 0.182850
 0.000467 1.359902 1.384106 2.744008 0.096836
 0.000467 1.346579 1.378486 2.725065 0.031413
 0.000468 1.334228 1.369932 2.704160 0.000865
 0.000468 1.323105 1.359793 2.682898 0.014624
 0.000469 1.313386 1.348910 2.662296 0.071081
 0.000469 1.305392 1.338215 2.643607 0.159009
 0.000470 1.299315 1.329010 2.628325 0.256864
 0.000470 1.295314 1.321413 2.616728 0.346715
 0.000471 1.293542 1.316375 2.609917 0.405747
 0.000471 1.294146 1.314296 2.608442 0.419146
 0.000472 1.297080 1.315320 2.612400 0.383688
 0.000472 1.302263 1.319264 2.621528 0.307895
 0.000473 1.309508 1.326074 2.635581 0.207487
 0.000473 1.318691 1.334841 2.653532 0.107965
 0.000474 1.329510 1.345115 2.674626 0.032193
 0.000474 1.341716 1.355456 2.697172 0.000400
 0.000475 1.354868 1.365006 2.719874 0.019749
 0.000475 1.368781 1.373017 2.741798 0.087354
 0.000476 1.383118 1.378842 2.761959 0.191948
 0.000476 1.397595 1.382016 2.779611 0.316893
 0.000477 1.411892 1.381794 2.793686 0.438849
 0.000477 1.425764 1.378233 2.803997 0.540774
 0.000478 1.438874 1.371662 2.810536 0.610915
 0.000478 1.451176 1.362016 2.813193 0.640630
 0.000479 1.462286 1.350085 2.812371 0.631363
 0.000479 1.472091 1.336519 2.808610 0.589807
 0.000480 1.480519 1.322088 2.802607 0.526411
 0.000480 1.487376 1.307743 2.795119 0.452379
 0.000481 1.492497 1.295010 2.787507 0.382874
 0.000481 1.495876 1.285205 2.781081 0.328708
 0.000482 1.497478 1.278914 2.776392 0.291790
 0.000482 1.497299 1.276594 2.773893 0.273005
 0.000483 1.495417 1.278922 2.774339 0.276317
 0.000483 1.492133 1.285836 2.777969 0.303957
 0.000484 1.487584 1.296896 2.784480 0.356842
 0.000484 1.481663 1.310887 2.792551 0.428281
 0.000485 1.474462 1.326308 2.800769 0.507723
 0.000485 1.466092 1.341781 2.807873 0.581834
 0.000486 1.456733 1.356472 2.813205 0.640769
 0.000486 1.446260 1.369260 2.815520 0.667240
 0.000487 1.434820 1.379224 2.814043 0.650292
 0.000487 1.422647 1.385736 2.808383 0.587340
 0.000488 1.409964 1.388882 2.798846 0.488522
 0.000488 1.396859 1.388198 2.785057 0.361739
 0.000489 1.383608 1.383818 2.767426 0.227312
 0.000489 1.370492 1.376417 2.746909 0.110023
 0.000490 1.357769 1.366355 2.724124 0.029097
 0.000490 1.345832 1.354689 2.700521 0.000014
 0.000491 1.334875 1.342464 2.677339 0.025677
 0.000491 1.325100 1.330719 2.655819 0.097599
 0.000492 1.316830 1.320332 2.637162 0.197428
 0.000492 1.310187 1.312600 2.622787 0.298093
 0.000493 1.305409 1.308424 2.613832 0.371244
 0.000493 1.302682 1.307932 2.610614 0.399490
 0.000494 1.302122 1.311556 2.613679 0.372568
 0.000494 1.303443 1.318524 2.621967 0.304458
 0.000495 1.306728 1.327896 2.634624 0.213703
 0.000495 1.311730 1.339211 2.650941 0.120339
 0.000496 1.318220 1.351473 2.669693 0.045926
 0.000496 1.326034 1.363149 2.689183 0.005850
 0.000497 1.334895 1.373375 2.708270 0.003420
 0.000497 1.344539 1.381500 2.726039 0.033902
 0.000498 1.354709 1.386685 2.741394 0.085673
 0.000498 1.365131 1.388424 2.753555 0.143405
 0.000499 1.375416 1.386869 2.762285 0.193971
 0.000499 1.385502 1.381494 2.766996 0.224422
 0.000500 1.395292 1.372561 2.767853 0.230203
