#! FIELDS time dAB dAC dAD rc bias
 0.000000 1.975672 1.810590 3.010054 6.796315 1.050325
 0.000000 1.966840 1.813724 3.009838 6.790402 0.966361
 0.000001 1.956620 1.816848 3.009676 6.783144 0.868097
 0.000001 1.945253 1.820324 3.009523 6.775099 0.765334
 0.000002 1.933399 1.824256 3.009394 6.767049 0.668973
 0.000002 1.921451 1.828860 3.009309 6.759621 0.585813
 0.000003 1.909479 1.834041 3.009270 6.752790 0.514205
 0.000003 1.898243 1.839898 3.009282 6.747423 0.461220
 0.000004 1.887935 1.846508 3.009349 6.743792 0.427002
 0.000004 1.878758 1.854075 3.009471 6.742304 0.413366
 0.000005 1.870418 1.861848 3.009633 6.741900 0.409699
 0.000005 1.863538 1.869556 3.009792 6.742886 0.418673
 0.000006 1.858032 1.876879 3.010010 6.744921 0.437501
 0.000006 1.853463 1.883568 3.010238 6.747270 0.459748
 0.000007 1.849709 1.889574 3.010477 6.749760 0.483935
 0.000007 1.846316 1.894847 3.010781 6.751945 0.505669
 0.000008 1.843341 1.898721 3.011010 6.753072 0.517067
 0.000008 1.841112 1.901116 3.011126 6.753354 0.519947
 0.000009 1.839015 1.902199 3.011197 6.752411 0.510371
 0.000009 1.837189 1.902658 3.011229 6.751076 0.496970
 0.000010 1.835842 1.902605 3.011300 6.749748 0.483819
 0.000010 1.834652 1.902407 3.011354 6.748413 0.470780
 0.000011 1.833600 1.902227 3.011377 6.747204 0.459121
 0.000011 1.832632 1.902265 3.011464 6.746361 0.451075
 0.000012 1.831586 1.902579 3.011545 6.745710 0.444915
 0.000012 1.830223 1.903428 3.011660 6.745312 0.441165
 0.000013 1.828318 1.905186 3.011715 6.745218 0.440284
 0.000013 1.826278 1.907727 3.011820 6.745826 0.446006
 0.000014 1.823966 1.910876 3.011864 6.746705 0.454352
 0.000014 1.822002 1.914782 3.011826 6.748610 0.472692
 0.000015 1.820358 1.919242 3.011719 6.751319 0.499398
 0.000015 1.819147 1.923812 3.011583 6.754542 0.532129
 0.000016 1.818116 1.928677 3.011360 6.758154 0.570039
 0.000016 1.817320 1.932931 3.011083 6.761334 0.604507
 0.000017 1.817410 1.936697 3.010809 6.764916 0.644525
 0.000017 1.818512 1.940030 3.010512 6.769055 0.692377
 0.000018 1.820396 1.942686 3.010225 6.773307 0.743323
 0.000018 1.823255 1.944615 3.009845 6.777715 0.798038
 0.000019 1.826774 1.945307 3.009394 6.781476 0.846254
 0.000019 1.830901 1.944852 3.008928 6.784680 0.888460
 0.000020 1.835336 1.943129 3.008461 6.786926 0.918649
 0.000020 1.839766 1.941119 3.008005 6.788890 0.945456
 0.000021 1.844177 1.938440 3.007639 6.790255 0.964327
 0.000021 1.848562 1.935251 3.007235 6.791048 0.975368
 0.000022 1.852734 1.931468 3.006769 6.790970 0.974281
 0.000022 1.856588 1.927608 3.006263 6.790459 0.967160
 0.000023 1.859960 1.924304 3.005808 6.790071 0.961774
 0.000023 1.862940 1.921942 3.005332 6.790214 0.963759
 0.000024 1.865583 1.920488 3.004823 6.790894 0.973220
 0.000024 1.867463 1.920544 3.004336 6.792343 0.993533
 0.000025 1.868416 1.922096 3.003881 6.794393 1.022647
 0.000025 1.868878 1.924877 3.003479 6.797234 1.063676
 0.000026 1.868753 1.928759 3.003084 6.800596 1.113285
 0.000026 1.868006 1.933688 3.002642 6.804336 1.169788
 0.000027 1.866702 1.939249 3.002244 6.808195 1.229553
 0.000027 1.865033 1.945120 3.001815 6.811968 1.289439
 0.000028 1.862533 1.950950 3.001342 6.814826 1.335735
 0.000028 1.859359 1.956287 3.000940 6.816586 1.364662
 0.000029 1.855910 1.960952 3.000619 6.817480 1.379470
 0.000029 1.852291 1.965093 3.000355 6.817739 1.383777
 0.000030 1.848636 1.968613 2.999969 6.817219 1.375143
 0.000030 1.845281 1.971136 2.999503 6.815920 1.353683
 0.000031 1.842478 1.972565 2.999103 6.814145 1.324641
 0.000031 1.840227 1.972566 2.998735 6.811528 1.282382
 0.000032 1.838268 1.970981 2.998420 6.807670 1.221333
 0.000032 1.836426 1.967934 2.998112 6.802473 1.141458
 0.000033 1.834764 1.964114 2.997820 6.796697 1.055868
 0.000033 1.833366 1.959608 2.997484 6.790458 0.967141
 0.000034 1.831735 1.954563 2.997174 6.783471 0.872417
 0.000034 1.830869 1.949273 2.996923 6.777066 0.789859
 0.000035 1.830289 1.944330 2.996625 6.771245 0.718383
 0.000035 1.830211 1.939869 2.996285 6.766365 0.661089
 0.000036 1.830870 1.935990 2.995959 6.762819 0.620935
 0.000036 1.831917 1.932963 2.995644 6.760523 0.595622
 0.000037 1.833345 1.930398 2.995323 6.759066 0.579817
 0.000037 1.834547 1.928311 2.995018 6.757876 0.567075
 0.000038 1.835592 1.926792 2.994765 6.757148 0.559355
 0.000038 1.836686 1.925837 2.994526 6.757049 0.558301
 0.000039 1.837794 1.925650 2.994274 6.757717 0.565389
 0.000039 1.837952 1.926095 2.994098 6.758145 0.569949
 0.000040 1.837207 1.926720 2.993940 6.757867 0.566981
 0.000040 1.836254 1.927835 2.993758 6.757848 0.566776
 0.000041 1.834791 1.929395 2.993615 6.757802 0.566286
 0.000041 1.832685 1.930684 2.993540 6.756909 0.556823
 0.000042 1.830410 1.931456 2.993497 6.755363 0.540629
 0.000042 1.828621 1.931666 2.993516 6.753803 0.524528
 0.000043 1.827596 1.931476 2.993633 6.752705 0.513342
 0.000043 1.826708 1.930683 2.993794 6.751185 0.498054
 0.000044 1.826620 1.929129 2.993958 6.749707 0.483415
 0.000044 1.827358 1.927016 2.994082 6.748456 0.471192
 0.000045 1.829171 1.924540 2.994220 6.747931 0.466113
 0.000045 1.831390 1.922067 2.994385 6.747842 0.465253
 0.000046 1.833996 1.919357 2.994563 6.747916 0.465966
 0.000046 1.837080 1.916846 2.994836 6.748762 0.474169
 0.000047 1.840929 1.914934 2.995203 6.751066 0.496871
 0.000047 1.845169 1.912977 2.995515 6.753661 0.523073
 0.000048 1.849360 1.910641 2.995869 6.755870 0.545919
 0.000048 1.853145 1.908537 2.996330 6.758012 0.568523
 0.000049 1.856199 1.907010 2.996807 6.760016 0.590095
 0.000049 1.858518 1.905884 2.997314 6.761716 0.608711
 0.000050 1.859984 1.905319 2.997856 6.763159 0.624734
 0.000050 1.860739 1.904412 2.998415 6.763567 0.629303
 0.000051 1.860918 1.903503 2.998983 6.763404 0.627478
 0.000051 1.860716 1.903193 2.999546 6.763455 0.628047
 0.000052 1.860234 1.903401 3.000119 6.763754 0.631398
 0.000052 1.859510 1.904133 3.000636 6.764280 0.637324
 0.000053 1.858892 1.905069 3.001143 6.765104 0.646662
 0.000053 1.858664 1.906422 3.001609 6.766695 0.664882
 0.000054 1.858638 1.907786 3.002069 6.768493 0.685784
 0.000054 1.858275 1.908985 3.002606 6.769867 0.701963
 0.000055 1.858293 1.909422 3.003307 6.771022 0.715723
 0.000055 1.858543 1.909468 3.004022 6.772033 0.727865
 0.000056 1.858599 1.908901 3.004746 6.772246 0.730441
 0.000056 1.858855 1.907660 3.005456 6.771971 0.727119
 0.000057 1.859017 1.905891 3.006158 6.771067 0.716254
 0.000057 1.859262 1.903447 3.006923 6.769632 0.699180
 0.000058 1.859389 1.900661 3.007711 6.767760 0.677229
 0.000058 1.859686 1.897636 3.008505 6.765827 0.654915
 0.000059 1.859943 1.894171 3.009304 6.763418 0.627633
 0.000059 1.860262 1.890381 3.010189 6.760832 0.598994
 0.000060 1.860389 1.886449 3.011138 6.757976 0.568140
 0.000060 1.860367 1.882440 3.012103 6.754910 0.535931
 0.000061 1.860085 1.878606 3.013091 6.751782 0.504030
 0.000061 1.859646 1.874594 3.014096 6.748336 0.470030
 0.000062 1.859195 1.870522 3.015119 6.744835 0.436702
 0.000062 1.858879 1.866895 3.016198 6.741973 0.410359
 0.000063 1.858642 1.864087 3.017253 6.739982 0.392523
 0.000063 1.858210 1.861796 3.018250 6.738256 0.377377
 0.000064 1.857730 1.860038 3.019258 6.737026 0.366767
 0.000064 1.857182 1.858536 3.020353 6.736072 0.358639
 0.000065 1.856353 1.857126 3.021556 6.735035 0.349913
 0.000065 1.855478 1.855360 3.022821 6.733658 0.338492
 0.000066 1.854275 1.853489 3.024064 6.731828 0.323596
 0.000066 1.852938 1.851653 3.025351 6.729942 0.308606
 0.000067 1.851025 1.849089 3.026726 6.726840 0.284719
 0.000067 1.848559 1.845743 3.028133 6.722435 0.252448
 0.000068 1.846054 1.841957 3.029523 6.717535 0.218827
 0.000068 1.843515 1.837733 3.030873 6.712120 0.184473
 0.000069 1.840776 1.833044 3.032227 6.706047 0.149426
 0.000069 1.838197 1.828240 3.033552 6.699989 0.118145
 0.000070 1.836337 1.823386 3.034982 6.694706 0.093861
 0.000070 1.834871 1.818652 3.036538 6.690061 0.074814
 0.000071 1.833939 1.813938 3.038201 6.686079 0.060202
 0.000071 1.833393 1.809522 3.039911 6.682825 0.049443
 0.000072 1.833198 1.805535 3.041704 6.680437 0.042217
 0.000072 1.833512 1.802252 3.043557 6.679321 0.039038
 0.000073 1.833995 1.799645 3.045508 6.679148 0.038554
 0.000073 1.834737 1.797942 3.047470 6.680149 0.041385
 0.000074 1.835615 1.797028 3.049435 6.682078 0.047120
 0.000074 1.836363 1.796570 3.051423 6.684356 0.054372
 0.000075 1.837382 1.796740 3.053486 6.687608 0.065625
 0.000075 1.838399 1.797775 3.055591 6.691765 0.081550
 0.000076 1.839130 1.799645 3.057626 6.696401 0.101347
 0.000076 1.839799 1.802075 3.059673 6.701547 0.125840
 0.000077 1.840489 1.804651 3.061749 6.706888 0.154063
 0.000077 1.840797 1.807362 3.063806 6.711965 0.183531
 0.000078 1.840743 1.810032 3.065885 6.716659 0.213074
 0.000078 1.840221 1.812466 3.068025 6.720711 0.240347
 0.000079 1.839858 1.814199 3.070107 6.724163 0.264877
 0.000079 1.839617 1.815157 3.072139 6.726913 0.285267
 0.000080 1.839393 1.815612 3.074168 6.729173 0.302594
 0.000080 1.839508 1.815519 3.076116 6.731144 0.318120
 0.000081 1.840390 1.814851 3.077966 6.733207 0.334789
 0.000081 1.841845 1.814222 3.079787 6.735853 0.356793
 0.000082 1.844268 1.813999 3.081530 6.739797 0.390886
 0.000082 1.847864 1.813916 3.083199 6.744978 0.438037
 0.000083 1.852260 1.814297 3.084857 6.751415 0.500358
 0.000083 1.857489 1.815639 3.086460 6.759588 0.585456
 0.000084 1.863148 1.817444 3.087999 6.768590 0.686923
 0.000084 1.869068 1.819764 3.089509 6.778341 0.805966
 0.000085 1.875136 1.822632 3.091046 6.788814 0.944413
 0.000085 1.881350 1.825735 3.092503 6.799587 1.098280
 0.000086 1.887471 1.828614 3.093921 6.810006 1.258114
 0.000086 1.893248 1.831339 3.095243 6.819830 1.418777
 0.000087 1.898307 1.833943 3.096508 6.828758 1.573161
 0.000087 1.902627 1.836063 3.097712 6.836402 1.711662
 0.000088 1.906603 1.837078 3.098853 6.842534 1.827003
 0.000088 1.909643 1.837390 3.099889 6.846923 1.911858
 0.000089 1.912411 1.837182 3.100860 6.850453 1.981524
 0.000089 1.914813 1.836473 3.101672 6.852957 2.031688
 0.000090 1.916598 1.835102 3.102339 6.854040 2.053560
 0.000090 1.917901 1.833214 3.102854 6.853969 2.052120
 0.000091 1.918952 1.831303 3.103273 6.853527 2.043187
 0.000091 1.919853 1.829626 3.103577 6.853056 2.033665
 0.000092 1.920767 1.827999 3.103745 6.852511 2.022703
 0.000092 1.921727 1.826457 3.103802 6.851986 2.012143
 0.000093 1.922743 1.825485 3.103727 6.851955 2.011535
 0.000093 1.923625 1.824897 3.103492 6.852015 2.012731
 0.000094 1.924491 1.824931 3.103149 6.852571 2.023903
 0.000094 1.925740 1.825924 3.102701 6.854366 2.060185
 0.000095 1.927103 1.826811 3.102112 6.856026 2.094015
 0.000095 1.928176 1.827415 3.101455 6.857047 2.114961
 0.000096 1.928836 1.827860 3.100688 6.857384 2.121899
 0.000096 1.928752 1.827860 3.099783 6.856395 2.101577
 0.000097 1.927838 1.827481 3.098695 6.854014 2.053049
 0.000097 1.926155 1.826494 3.097526 6.850175 1.975989
 0.000098 1.923726 1.824625 3.096376 6.844727 1.869161
 0.000098 1.920429 1.821940 3.095093 6.837462 1.731339
 0.000099 1.916317 1.818815 3.093739 6.828871 1.575168
 0.000099 1.911229 1.815611 3.092290 6.819129 1.407003
 0.000100 1.905707 1.812870 3.090776 6.809353 1.247782
 0.000100 1.900027 1.810905 3.089306 6.800238 1.107952
 0.000101 1.894463 1.809983 3.087786 6.792232 0.991981
 0.000101 1.888929 1.809491 3.086286 6.784705 0.888792
 0.000102 1.884119 1.809703 3.084767 6.778590 0.809122
 0.000102 1.879942 1.810539 3.083190 6.773672 0.747772
 0.000103 1.876676 1.811701 3.081501 6.769878 0.702095
 0.000103 1.874440 1.813510 3.079782 6.767731 0.676889
 0.000104 1.872950 1.815425 3.078013 6.766388 0.661354
 0.000104 1.872453 1.817154 3.076126 6.765733 0.653837
 0.000105 1.872814 1.818674 3.074201 6.765690 0.653343
 0.000105 1.873694 1.819653 3.072224 6.765572 0.651995
 0.000106 1.875285 1.820324 3.070223 6.765833 0.654982
 0.000106 1.877045 1.820950 3.068174 6.766168 0.658827
 0.000107 1.879008 1.821598 3.066118 6.766723 0.665212
 0.000107 1.881002 1.822345 3.064106 6.767453 0.673657
 0.000108 1.882774 1.822723 3.062083 6.767580 0.675134
 0.000108 1.884129 1.822843 3.060050 6.767022 0.668665
 0.000109 1.885038 1.822843 3.058070 6.765951 0.656329
 0.000109 1.885495 1.822451 3.056107 6.764053 0.634767
 0.000110 1.885342 1.822395 3.054102 6.761840 0.610077
 0.000110 1.884867 1.822700 3.052096 6.759664 0.586279
 0.000111 1.884536 1.823813 3.050009 6.758358 0.572222
 0.000111 1.883931 1.825387 3.047958 6.757275 0.560698
 0.000112 1.883339 1.827404 3.045853 6.756597 0.553533
 0.000112 1.882914 1.829567 3.043795 6.756276 0.550169
 0.000113 1.882737 1.832236 3.041782 6.756755 0.555204
 0.000113 1.882979 1.835282 3.039920 6.758181 0.570327
 0.000114 1.883573 1.838522 3.038113 6.760208 0.592181
 0.000114 1.884403 1.841654 3.036248 6.762304 0.615219
 0.000115 1.885141 1.844648 3.034467 6.764256 0.637054
 0.000115 1.885708 1.847138 3.032781 6.765626 0.652619
 0.000116 1.886015 1.849284 3.031285 6.766584 0.663611
 0.000116 1.885885 1.850638 3.029923 6.766446 0.662013
 0.000117 1.885178 1.851440 3.028690 6.765308 0.648986
 0.000117 1.883665 1.850743 3.027547 6.761955 0.611345
 0.000118 1.881723 1.848996 3.026470 6.757189 0.559790
 0.000118 1.879408 1.846617 3.025539 6.751563 0.501843
 0.000119 1.876737 1.843497 3.024641 6.744875 0.437071
 0.000119 1.874107 1.840234 3.023835 6.738177 0.376691
 0.000120 1.871667 1.836641 3.023127 6.731435 0.320444
 0.000120 1.869387 1.832462 3.022505 6.724354 0.266268
 0.000121 1.867313 1.828077 3.021925 6.717315 0.217378
 0.000121 1.865289 1.823850 3.021417 6.710555 0.175090
 0.000122 1.863641 1.819933 3.020981 6.704555 0.141382
 0.000122 1.861954 1.816648 3.020660 6.699261 0.114635
 0.000123 1.860591 1.814065 3.020386 6.695042 0.095321
 0.000123 1.859410 1.812492 3.020151 6.692054 0.082722
 0.000124 1.858514 1.811847 3.019993 6.690354 0.075952
 0.000124 1.857872 1.812159 3.019977 6.690007 0.074605
 0.000125 1.857279 1.813336 3.020050 6.690664 0.077166
 0.000125 1.857002 1.815000 3.020133 6.692134 0.083049
 0.000126 1.857158 1.817328 3.020358 6.694844 0.094457
 0.000126 1.857543 1.819939 3.020661 6.698143 0.109343
 0.000127 1.858271 1.822502 3.020945 6.701718 0.126699
 0.000127 1.859053 1.824839 3.021345 6.705237 0.145032
 0.000128 1.860196 1.826935 3.021779 6.708911 0.165495
 0.000128 1.861786 1.829008 3.022303 6.713096 0.190447
 0.000129 1.863825 1.830436 3.022834 6.717095 0.215929
 0.000129 1.865856 1.831551 3.023363 6.720771 0.240761
 0.000130 1.868082 1.832322 3.023918 6.724322 0.266031
 0.000130 1.870084 1.832755 3.024531 6.727369 0.288725
 0.000131 1.872368 1.832908 3.025041 6.730316 0.311551
 0.000131 1.875167 1.833185 3.025528 6.733881 0.340325
 0.000132 1.878225 1.833689 3.025991 6.737905 0.374339
 0.000132 1.881432 1.834324 3.026412 6.742168 0.412130
 0.000133 1.884504 1.835521 3.026875 6.746900 0.456213
 0.000133 1.887385 1.837382 3.027303 6.752070 0.506927
 0.000134 1.890310 1.840420 3.027623 6.758353 0.572172
 0.000134 1.893267 1.844902 3.027865 6.766034 0.657288
 0.000135 1.896260 1.850220 3.028056 6.774535 0.758372
 0.000135 1.899191 1.856161 3.028160 6.783512 0.872958
 0.000136 1.902162 1.862205 3.028215 6.792582 0.996916
 0.000136 1.905463 1.868263 3.028228 6.801955 1.133649
 0.000137 1.908818 1.874518 3.028186 6.811521 1.282274
 0.000137 1.912008 1.880596 3.028041 6.820644 1.432533
 0.000138 1.914860 1.886417 3.027845 6.829123 1.579632
 0.000138 1.916929 1.891706 3.027575 6.836210 1.708116
 0.000139 1.918384 1.896116 3.027138 6.841639 1.809929
 0.000139 1.919379 1.899951 3.026625 6.845955 1.892981
 0.000140 1.920339 1.903023 3.026022 6.849383 1.960281
 0.000140 1.920626 1.905110 3.025287 6.851024 1.992900
 0.000141 1.920142 1.906604 3.024451 6.851197 1.996349
 0.000141 1.919458 1.907367 3.023497 6.850322 1.978909
 0.000142 1.918492 1.907120 3.022542 6.848154 1.936011
 0.000142 1.917356 1.905919 3.021574 6.844849 1.871528
 0.000143 1.915597 1.903902 3.020636 6.840134 1.781424
 0.000143 1.913246 1.900742 3.019682 6.833670 1.661487
 0.000144 1.910207 1.896581 3.018721 6.825509 1.516051
 0.000144 1.906412 1.891750 3.017692 6.815855 1.352608
 0.000145 1.902379 1.886087 3.016668 6.805133 1.182017
 0.000145 1.898249 1.879981 3.015698 6.793928 1.016007
 0.000146 1.894044 1.873769 3.014644 6.782457 0.859063
 0.000146 1.889413 1.867810 3.013634 6.770858 0.713752
 0.000147 1.884532 1.862081 3.012702 6.759315 0.582503
 0.000147 1.879468 1.856503 3.011892 6.747863 0.465459
 0.000148 1.874377 1.851218 3.011196 6.736790 0.364752
 0.000148 1.869354 1.846751 3.010629 6.726733 0.283913
 0.000149 1.864916 1.843545 3.010149 6.718610 0.225999
 0.000149 1.860736 1.841224 3.009650 6.711610 0.181387
 0.000150 1.856959 1.839827 3.009213 6.705999 0.149164
 0.000150 1.853760 1.839117 3.008909 6.701785 0.127039
 0.000151 1.850513 1.838742 3.008714 6.697969 0.108531
 0.000151 1.847010 1.838324 3.008527 6.693862 0.090237
 0.000152 1.843487 1.837587 3.008339 6.689413 0.072328
 0.000152 1.839638 1.836512 3.008245 6.684396 0.054504
 0.000153 1.835728 1.834742 3.008281 6.678751 0.037459
 0.000153 1.831997 1.832023 3.008444 6.672464 0.022229
 0.000154 1.828622 1.828830 3.008759 6.666211 0.010999
 0.000154 1.825871 1.825702 3.009161 6.660735 0.004376
 0.000155 1.823480 1.822645 3.009602 6.655728 0.000946
 0.000155 1.821492 1.819975 3.010166 6.651634 0.000003
 0.000156 1.819921 1.817993 3.010857 6.648771 0.000340
 0.000156 1.818819 1.816625 3.011731 6.647174 0.000884
 0.000157 1.818304 1.816200 3.012715 6.647219 0.000865
 0.000157 1.818542 1.817156 3.013794 6.649492 0.000178
 0.000158 1.819467 1.819920 3.015046 6.654433 0.000466
 0.000158 1.820390 1.823846 3.016509 6.660745 0.004386
 0.000159 1.821301 1.829014 3.018034 6.668349 0.014398
 0.000159 1.821835 1.835446 3.019708 6.676989 0.032793
 0.000160 1.822305 1.842799 3.021575 6.686680 0.062307
 0.000160 1.822567 1.849779 3.023458 6.695805 0.098680
 0.000161 1.822396 1.856119 3.025331 6.703846 0.137637
 0.000161 1.821604 1.862191 3.027245 6.711040 0.177971
 0.000162 1.820685 1.868137 3.029211 6.718033 0.222139
 0.000162 1.819661 1.873448 3.031201 6.724311 0.265949
 0.000163 1.818264 1.878155 3.033246 6.729664 0.306426
 0.000163 1.816922 1.882399 3.035386 6.734708 0.347181
 0.000164 1.815755 1.886468 3.037545 6.739767 0.390622
 0.000164 1.815062 1.890321 3.039778 6.745161 0.439749
 0.000165 1.814698 1.894291 3.042010 6.750999 0.496205
 0.000165 1.814451 1.898167 3.044291 6.756909 0.556827
 0.000166 1.814678 1.902170 3.046637 6.763484 0.628378
 0.000166 1.815770 1.906428 3.048905 6.771104 0.716698
 0.000167 1.817419 1.911198 3.051107 6.779724 0.823619
 0.000167 1.819750 1.915969 3.053305 6.789024 0.947302
 0.000168 1.822653 1.920710 3.055504 6.798866 1.087621
 0.000168 1.826318 1.925548 3.057544 6.809410 1.248682
 0.000169 1.830295 1.930440 3.059472 6.820207 1.425141
 0.000169 1.834267 1.935162 3.061354 6.830783 1.609277
 0.000170 1.837763 1.939205 3.063179 6.840147 1.781658
 0.000170 1.840240 1.942140 3.064852 6.847232 1.917912
 0.000171 1.841308 1.943891 3.066379 6.851578 2.003980
 0.000171 1.841492 1.944160 3.067784 6.853435 2.041331
 0.000172 1.840832 1.943042 3.069030 6.852905 2.030626
 0.000172 1.839440 1.940828 3.070138 6.850405 1.980566
 0.000173 1.837098 1.937904 3.071077 6.846079 1.895391
 0.000173 1.834579 1.934377 3.071801 6.840757 1.793200
 0.000174 1.831913 1.929961 3.072370 6.834244 1.671981
 0.000174 1.829401 1.924556 3.072806 6.826762 1.537959
 0.000175 1.826911 1.918525 3.073163 6.818599 1.398126
 0.000175 1.824830 1.911899 3.073427 6.810155 1.260493
 0.000176 1.823481 1.904700 3.073550 6.801731 1.130283
 0.000176 1.823177 1.897918 3.073464 6.794559 1.025017
 0.000177 1.823850 1.891800 3.073173 6.788823 0.944543
 0.000177 1.825620 1.885955 3.072654 6.784229 0.882450
 0.000178 1.828304 1.880853 3.072062 6.781219 0.842920
 0.000178 1.831411 1.876343 3.071326 6.779079 0.815367
 0.000179 1.835225 1.873001 3.070377 6.778603 0.809300
 0.000179 1.839387 1.870823 3.069209 6.779418 0.819701
 0.000180 1.843254 1.869702 3.067833 6.780788 0.837337
 0.000180 1.846252 1.869141 3.066269 6.781663 0.848689
 0.000181 1.848328 1.868981 3.064486 6.781794 0.850401
 0.000181 1.849652 1.869236 3.062476 6.781364 0.844807
 0.000182 1.849959 1.870011 3.060346 6.780315 0.831227
 0.000182 1.849401 1.871274 3.058073 6.778748 0.811138
 0.000183 1.847939 1.872791 3.055686 6.776417 0.781717
 0.000183 1.845410 1.874401 3.053203 6.773014 0.739746
 0.000184 1.842328 1.875679 3.050658 6.768666 0.687808
 0.000184 1.838888 1.876366 3.048003 6.763256 0.625825
 0.000185 1.835075 1.876610 3.045256 6.756941 0.557165
 0.000185 1.831606 1.876783 3.042464 6.750853 0.494748
 0.000186 1.828831 1.876889 3.039545 6.745265 0.440723
 0.000186 1.826915 1.877135 3.036498 6.740548 0.397552
 0.000187 1.825866 1.877760 3.033372 6.736998 0.366531
 0.000187 1.826021 1.878613 3.030084 6.734717 0.347262
 0.000188 1.827203 1.879932 3.026767 6.733903 0.340505
 0.000188 1.829726 1.881955 3.023495 6.735177 0.351100
 0.000189 1.833111 1.884807 3.020178 6.738095 0.375982
 0.000189 1.837288 1.888564 3.016808 6.742659 0.416602
 0.000190 1.842073 1.893099 3.013389 6.748561 0.472215
 0.000190 1.847116 1.898356 3.009894 6.755366 0.540665
 0.000191 1.852111 1.904043 3.006379 6.762532 0.617750
 0.000191 1.856616 1.910312 3.002863 6.769791 0.701063
 0.000192 1.860230 1.917025 2.999353 6.776608 0.784110
 0.000192 1.862891 1.923841 2.995928 6.782659 0.861720
 0.000193 1.864213 1.930722 2.992602 6.787537 0.926948
 0.000193 1.863730 1.937541 2.989354 6.790625 0.969462
 0.000194 1.861609 1.943681 2.986174 6.791464 0.981183
 0.000194 1.857903 1.949256 2.983050 6.790209 0.963688
 0.000195 1.852837 1.954515 2.979955 6.787307 0.923814
 0.000195 1.847149 1.959548 2.976949 6.783646 0.874729
 0.000196 1.841141 1.963845 2.974032 6.779018 0.814576
 0.000196 1.835650 1.967532 2.971161 6.774343 0.755999
 0.000197 1.831053 1.970874 2.968398 6.770325 0.707405
 0.000197 1.827425 1.973752 2.965717 6.766894 0.667178
 0.000198 1.825371 1.976152 2.963135 6.764657 0.641593
 0.000198 1.824353 1.977697 2.960697 6.762747 0.620142
 0.000199 1.824702 1.978462 2.958340 6.761504 0.606367
 0.000199 1.826570 1.978682 2.956101 6.761353 0.604714
 0.000200 1.830394 1.978054 2.954036 6.762483 0.617206
 0.000200 1.835683 1.976161 2.952179 6.764024 0.634437
 0.000201 1.842223 1.972962 2.950460 6.765645 0.652836
 0.000201 1.849332 1.968641 2.948768 6.766741 0.665415
 0.000202 1.856477 1.962987 2.947079 6.766543 0.663131
 0.000202 1.863573 1.956387 2.945513 6.765473 0.650872
 0.000203 1.870158 1.948503 2.944073 6.762734 0.619998
 0.000203 1.875874 1.939531 2.942713 6.758117 0.569648
 0.000204 1.880391 1.929971 2.941490 6.751853 0.504743
 0.000204 1.883630 1.920325 2.940450 6.744405 0.432692
 0.000205 1.885512 1.911170 2.939529 6.736211 0.359821
 0.000205 1.886179 1.902616 2.938785 6.727580 0.290328
 0.000206 1.885719 1.895158 2.938173 6.719050 0.228965
 0.000206 1.884077 1.889034 2.937649 6.710760 0.176301
 0.000207 1.881384 1.884244 2.937219 6.702847 0.132447
 0.000207 1.878237 1.881032 2.936858 6.696127 0.100116
 0.000208 1.875699 1.879948 2.936586 6.692233 0.083451
 0.000208 1.873683 1.880752 2.936345 6.690780 0.077621
 0.000209 1.871898 1.883038 2.936059 6.690995 0.078468
 0.000209 1.871166 1.886360 2.935734 6.693260 0.087699
 0.000210 1.871901 1.890555 2.935424 6.697880 0.108114
 0.000210 1.874136 1.895295 2.935120 6.704552 0.141365
 0.000211 1.877186 1.900078 2.934860 6.712125 0.184501
 0.000211 1.881332 1.904076 2.934619 6.720027 0.235627
 0.000212 1.886392 1.907030 2.934354 6.727777 0.291828
 0.000212 1.891851 1.909196 2.934098 6.735145 0.350836
 0.000213 1.897517 1.910146 2.933804 6.741467 0.405793
 0.000213 1.903474 1.909846 2.933562 6.746882 0.456042
 0.000214 1.909056 1.908307 2.933283 6.750647 0.492699
 0.000214 1.913826 1.905699 2.932995 6.752520 0.511472
 0.000215 1.918122 1.902553 2.932612 6.753287 0.519256
 0.000215 1.921774 1.899347 2.932134 6.753255 0.518936
 0.000216 1.924719 1.896673 2.931591 6.752983 0.516164
 0.000216 1.926899 1.894955 2.930949 6.752802 0.514330
 0.000217 1.928349 1.893988 2.930221 6.752558 0.511859
 0.000217 1.929103 1.893694 2.929457 6.752254 0.508787
 0.000218 1.929684 1.894155 2.928624 6.752462 0.510883
 0.000218 1.930058 1.895786 2.927739 6.753583 0.522280
 0.000219 1.930060 1.898456 2.926823 6.755339 0.540379
 0.000219 1.929385 1.901528 2.925896 6.756809 0.555769
 0.000220 1.928821 1.904997 2.924959 6.758777 0.576716
 0.000220 1.928521 1.908976 2.923972 6.761469 0.605990
 0.000221 1.928203 1.913479 2.922962 6.764644 0.641446
 0.000221 1.928110 1.917956 2.921790 6.767856 0.678337
 0.000222 1.928028 1.922210 2.920534 6.770771 0.712724
 0.000222 1.927743 1.926373 2.919222 6.773338 0.743691
 0.000223 1.927514 1.930125 2.917836 6.775475 0.769985
 0.000223 1.927274 1.933422 2.916365 6.777061 0.789795
 0.000224 1.926981 1.935727 2.914833 6.777541 0.795842
 0.000224 1.926784 1.936739 2.913315 6.776838 0.786994
 0.000225 1.926639 1.936837 2.911718 6.775194 0.766506
 0.000225 1.925982 1.935876 2.910062 6.771920 0.726498
 0.000226 1.925101 1.934284 2.908337 6.767721 0.676771
 0.000226 1.924142 1.932329 2.906598 6.763069 0.623731
 0.000227 1.923805 1.929951 2.904777 6.758533 0.574098
 0.000227 1.923752 1.926982 2.903002 6.753736 0.523844
 0.000228 1.923847 1.923806 2.901327 6.748980 0.476299
 0.000228 1.924140 1.920777 2.899661 6.744578 0.434302
 0.000229 1.924602 1.917737 2.898048 6.740387 0.396117
 0.000229 1.924862 1.914486 2.896524 6.735873 0.356957
 0.000230 1.924867 1.911223 2.895076 6.731166 0.318293
 0.000230 1.924640 1.908161 2.893775 6.726577 0.282732
 0.000231 1.924215 1.905331 2.892535 6.722081 0.249936
 0.000231 1.923404 1.902883 2.891393 6.717679 0.219782
 0.000232 1.922578 1.900741 2.890285 6.713604 0.193597
 0.000232 1.921933 1.898985 2.889254 6.710172 0.172829
 0.000233 1.921097 1.897704 2.888271 6.707073 0.155089
 0.000233 1.919830 1.896682 2.887484 6.703996 0.138425
 0.000234 1.918009 1.896116 2.886869 6.700994 0.123081
 0.000234 1.916179 1.895529 2.886394 6.698102 0.109152
 0.000235 1.914339 1.894801 2.885999 6.695139 0.095745
 0.000235 1.912427 1.893806 2.885769 6.692002 0.082510
 0.000236 1.911069 1.893127 2.885718 6.689914 0.074246
 0.000236 1.910642 1.892567 2.885758 6.688966 0.070639
 0.000237 1.911012 1.891745 2.885994 6.688752 0.069835
 0.000237 1.911828 1.890570 2.886363 6.688762 0.069873
 0.000238 1.912672 1.889354 2.886959 6.688986 0.070714
 0.000238 1.914025 1.888308 2.887692 6.690024 0.074671
 0.000239 1.915981 1.887823 2.888617 6.692421 0.084219
 0.000239 1.918787 1.887756 2.889773 6.696316 0.100964
 0.000240 1.922231 1.888127 2.891114 6.701472 0.125462
 0.000240 1.926257 1.888626 2.892626 6.707508 0.157522
 0.000241 1.930523 1.889541 2.894318 6.714382 0.198468
 0.000241 1.934739 1.891244 2.896163 6.722147 0.250400
 0.000242 1.938967 1.893332 2.898235 6.730535 0.313278
 0.000242 1.942726 1.896149 2.900458 6.739333 0.386791
 0.000243 1.945969 1.898761 2.902806 6.747537 0.462315
 0.000243 1.948644 1.901517 2.905280 6.755441 0.541445
 0.000244 1.950763 1.904421 2.907892 6.763076 0.623811
 0.000244 1.952759 1.907355 2.910573 6.770687 0.711715
 0.000245 1.954346 1.909985 2.913358 6.777689 0.797712
 0.000245 1.955880 1.912251 2.916205 6.784336 0.883867
 0.000246 1.957197 1.914347 2.919127 6.790672 0.970121
 0.000246 1.958432 1.916160 2.922083 6.796675 1.055543
 0.000247 1.959704 1.917404 2.925062 6.802169 1.136883
 0.000247 1.961398 1.918107 2.928008 6.807513 1.218882
 0.000248 1.963381 1.918438 2.931037 6.812856 1.303731
 0.000248 1.965582 1.918719 2.934186 6.818487 1.396254
 0.000249 1.968261 1.918717 2.937387 6.824365 1.496195
 0.000249 1.971317 1.918515 2.940533 6.830365 1.601789
 0.000250 1.974764 1.918139 2.943635 6.836538 1.714188
 0.000250 1.977921 1.917602 2.946701 6.842224 1.821083
 0.000251 1.981190 1.917074 2.949775 6.848039 1.933750
 0.000251 1.984547 1.915684 2.952730 6.852962 2.031774
 0.000252 1.987222 1.913938 2.955668 6.856828 2.110456
 0.000252 1.989232 1.911849 2.958581 6.859662 2.169082
 0.000253 1.990334 1.909274 2.961405 6.861013 2.197305
 0.000253 1.990676 1.906204 2.964134 6.861014 2.197330
 0.000254 1.989816 1.902499 2.966701 6.859017 2.155671
 0.000254 1.988111 1.898374 2.969161 6.855646 2.086241
 0.000255 1.985597 1.893801 2.971475 6.850874 1.989905
 0.000255 1.981783 1.888997 2.973755 6.844535 1.865465
 0.000256 1.976851 1.884053 2.975989 6.836892 1.720755
 0.000256 1.970928 1.878755 2.978209 6.827892 1.557841
 0.000257 1.963964 1.873083 2.980308 6.817355 1.377404
 0.000257 1.956585 1.867809 2.982268 6.806663 1.205657
 0.000258 1.949501 1.862893 2.984079 6.796473 1.052608
 0.000258 1.941991 1.858430 2.985743 6.786164 0.908346
 0.000259 1.934304 1.854594 2.987388 6.776286 0.780085
 0.000259 1.926617 1.851185 2.989071 6.766873 0.666934
 0.000260 1.919280 1.847951 2.990697 6.757928 0.567630
 0.000260 1.912395 1.845277 2.992221 6.749893 0.485245
 0.000261 1.906338 1.842672 2.993672 6.742682 0.416810
 0.000261 1.900913 1.840184 2.995070 6.736167 0.359446
 0.000262 1.896349 1.837453 2.996470 6.730272 0.311200
 0.000262 1.892295 1.834691 2.997877 6.724864 0.269997
 0.000263 1.888395 1.831306 2.999152 6.718852 0.227631
 0.000263 1.885015 1.827097 3.000369 6.712481 0.186674
 0.000264 1.882049 1.822389 3.001531 6.705969 0.149004
 0.000264 1.879372 1.817185 3.002716 6.699273 0.114689
 0.000265 1.876848 1.811542 3.003962 6.692351 0.083934
 0.000265 1.874418 1.805382 3.005207 6.685007 0.056541
 0.000266 1.871989 1.799026 3.006510 6.677525 0.034179
 0.000266 1.869331 1.792818 3.007796 6.669945 0.017234
 0.000267 1.866177 1.786984 3.009142 6.662303 0.005967
 0.000267 1.863141 1.781770 3.010544 6.655455 0.000831
 0.000268 1.859788 1.777356 3.011943 6.649088 0.000263
 0.000268 1.855978 1.773841 3.013340 6.643160 0.003378
 0.000269 1.851743 1.771095 3.014717 6.637554 0.009557
 0.000269 1.847211 1.769268 3.016132 6.632612 0.017610
 0.000270 1.842652 1.768374 3.017591 6.628617 0.025905
 0.000270 1.838318 1.768341 3.019168 6.625828 0.032644
 0.000271 1.834935 1.769001 3.020829 6.624765 0.035415
 0.000271 1.832331 1.769933 3.022449 6.624714 0.035552
 0.000272 1.830542 1.771164 3.024176 6.625882 0.032505
 0.000272 1.829462 1.772669 3.025946 6.628077 0.027150
 0.000273 1.829282 1.774408 3.027783 6.631473 0.019812
 0.000273 1.829898 1.775942 3.029689 6.635529 0.012561
 0.000274 1.831311 1.777366 3.031687 6.640365 0.006066
 0.000274 1.832980 1.778646 3.033807 6.645432 0.001768
 0.000275 1.834791 1.779597 3.035986 6.650374 0.000051
 0.000275 1.836913 1.779914 3.038239 6.655065 0.000679
 0.000276 1.839022 1.779673 3.040581 6.659275 0.003117
 0.000276 1.840789 1.778520 3.043003 6.662311 0.005976
 0.000277 1.842685 1.776748 3.045427 6.664860 0.009087
 0.000277 1.844347 1.774615 3.047808 6.666770 0.011843
 0.000278 1.845511 1.772664 3.050202 6.668377 0.014447
 0.000278 1.846185 1.770906 3.052573 6.669665 0.016718
 0.000279 1.846208 1.769902 3.054893 6.671003 0.019255
 0.000279 1.845582 1.769603 3.057236 6.672420 0.022135
 0.000280 1.844197 1.769738 3.059612 6.673547 0.024571
 0.000280 1.842245 1.770309 3.061962 6.674516 0.026764
 0.000281 1.839807 1.771514 3.064293 6.675614 0.029365
 0.000281 1.837695 1.772956 3.066542 6.677193 0.033318
 0.000282 1.836069 1.774498 3.068733 6.679300 0.038978
 0.000282 1.834538 1.776302 3.070910 6.681749 0.046115
 0.000283 1.832773 1.778710 3.073113 6.684596 0.055169
 0.000283 1.831312 1.781661 3.075289 6.688262 0.068017
 0.000284 1.829996 1.785138 3.077473 6.692606 0.084981
 0.000284 1.828973 1.788311 3.079588 6.696872 0.103477
 0.000285 1.828338 1.791082 3.081595 6.701015 0.123184
 0.000285 1.827907 1.794009 3.083583 6.705499 0.146447
 0.000286 1.827702 1.796879 3.085669 6.710250 0.173289
 0.000286 1.828000 1.799669 3.087728 6.715396 0.204909
 0.000287 1.828246 1.802135 3.089765 6.720146 0.236446
 0.000287 1.828320 1.804029 3.091781 6.724130 0.264633
 0.000288 1.828528 1.804918 3.093777 6.727224 0.287621
 0.000288 1.828476 1.804927 3.095758 6.729161 0.302500
 0.000289 1.828492 1.804660 3.097715 6.730867 0.315917
 0.000289 1.828107 1.804502 3.099692 6.732301 0.327419
 0.000290 1.827057 1.804708 3.101665 6.733430 0.336612
 0.000290 1.825569 1.805714 3.103569 6.734852 0.348381
 0.000291 1.824025 1.807432 3.105448 6.736905 0.365731
 0.000291 1.822826 1.809708 3.107324 6.739858 0.391428
 0.000292 1.821947 1.812915 3.109152 6.744014 0.429062
 0.000292 1.821309 1.817027 3.110957 6.749293 0.479357
 0.000293 1.820683 1.822048 3.112736 6.755468 0.541718
 0.000293 1.820029 1.827655 3.114552 6.762236 0.614460
 0.000294 1.819685 1.833692 3.116355 6.769733 0.700375
 0.000294 1.819768 1.839425 3.118148 6.777341 0.793318
 0.000295 1.820111 1.844914 3.119865 6.784891 0.891267
 0.000295 1.821066 1.850112 3.121557 6.792735 0.999071
 0.000296 1.822088 1.855263 3.123172 6.800524 1.112201
 0.000296 1.823071 1.859833 3.124780 6.807684 1.221562
 0.000297 1.824403 1.863563 3.126345 6.814312 1.327349
 0.000297 1.825657 1.866833 3.127917 6.820406 1.428509
 0.000298 1.826977 1.869325 3.129503 6.825805 1.521222
 0.000298 1.828538 1.871076 3.130996 6.830610 1.606183
 0.000299 1.830505 1.872484 3.132420 6.835408 1.693326
 0.000299 1.832461 1.873234 3.133752 6.839447 1.768482
 0.000300 1.833847 1.873450 3.134974 6.842272 1.821998
 0.000300 1.834799 1.873376 3.136148 6.844323 1.861371
 0.000301 1.835523 1.873543 3.137304 6.846370 1.901077
 0.000301 1.835936 1.874245 3.138410 6.848590 1.944607
 0.000302 1.835931 1.875698 3.139503 6.851132 1.995053
 0.000302 1.835299 1.877838 3.140498 6.853635 2.045375
 0.000303 1.834556 1.880618 3.141511 6.856684 2.107503
 0.000303 1.833485 1.883982 3.142442 6.859909 2.174226
 0.000304 1.832102 1.887924 3.143257 6.863283 2.245167
 0.000304 1.830494 1.892320 3.143950 6.866764 2.319536
 0.000305 1.828942 1.896949 3.144595 6.870487 2.400399
 0.000305 1.827319 1.901829 3.145165 6.874313 2.484979
 0.000306 1.825437 1.906870 3.145685 6.877992 2.567672
 0.000306 1.823721 1.911535 3.146164 6.881420 2.645929
 0.000307 1.822391 1.915703 3.146546 6.884639 2.720515
 0.000307 1.821303 1.919335 3.146831 6.887469 2.786918
 0.000308 1.820288 1.922128 3.147045 6.889461 2.834133
 0.000308 1.819321 1.923755 3.147179 6.890254 2.853067
 0.000309 1.818903 1.924535 3.147248 6.890686 2.863375
 0.000309 1.819034 1.924724 3.147176 6.890934 2.869323
 0.000310 1.819606 1.924580 3.146958 6.891144 2.874350
 0.000310 1.820605 1.924114 3.146614 6.891333 2.878878
 0.000311 1.822166 1.923313 3.146169 6.891648 2.886460
 0.000311 1.823863 1.921798 3.145541 6.891202 2.875741
 0.000312 1.825550 1.919991 3.144698 6.890238 2.852680
 0.000312 1.827317 1.918091 3.143613 6.889021 2.823673
 0.000313 1.828612 1.916280 3.142330 6.887222 2.781086
 0.000313 1.828978 1.914302 3.140961 6.884241 2.711234
 0.000314 1.828792 1.912326 3.139513 6.880631 2.627825
 0.000314 1.828101 1.910495 3.137874 6.876470 2.533292
 0.000315 1.826821 1.909105 3.136062 6.871988 2.433414
 0.000315 1.825510 1.908213 3.134219 6.867942 2.344964
 0.000316 1.824423 1.908034 3.132173 6.864631 2.273814
 0.000316 1.823384 1.908538 3.129926 6.861848 2.214846
 0.000317 1.822709 1.909694 3.127442 6.859844 2.172883
 0.000317 1.822368 1.911715 3.124725 6.858808 2.151333
 0.000318 1.822298 1.914105 3.121897 6.858300 2.140800
 0.000318 1.822205 1.916591 3.118981 6.857777 2.129995
 0.000319 1.822628 1.919219 3.115970 6.857817 2.130823
 0.000319 1.823500 1.921847 3.112848 6.858195 2.138631
 0.000320 1.824620 1.924101 3.109625 6.858346 2.141770
 0.000320 1.826196 1.925712 3.106353 6.858261 2.140007
 0.000321 1.828094 1.926244 3.103089 6.857427 2.122773
 0.000321 1.830617 1.925796 3.099705 6.856119 2.095908
 0.000322 1.833486 1.923855 3.096256 6.853596 2.044584
 0.000322 1.836253 1.920543 3.092772 6.849568 1.963933
 0.000323 1.838772 1.916195 3.089298 6.844265 1.860248
 0.000323 1.841218 1.911084 3.085751 6.838053 1.742354
 0.000324 1.843254 1.905292 3.082182 6.830727 1.608288
 0.000324 1.844704 1.899294 3.078647 6.822645 1.466605
 0.000325 1.845902 1.893027 3.075164 6.814092 1.323774
 0.000325 1.847000 1.886496 3.071749 6.805245 1.183730
 0.000326 1.847562 1.880032 3.068319 6.795914 1.044520
 0.000326 1.847967 1.874470 3.064939 6.787376 0.924758
 0.000327 1.848074 1.869396 3.061568 6.779038 0.814834
 0.000327 1.847859 1.865113 3.058147 6.771119 0.716880
 0.000328 1.847430 1.862083 3.054743 6.764257 0.637066
 0.000328 1.846330 1.860031 3.051474 6.757835 0.566642
 0.000329 1.844779 1.859135 3.048345 6.752259 0.508831
 0.000329 1.843061 1.859399 3.045292 6.747752 0.464383
 0.000330 1.841285 1.860633 3.042383 6.744301 0.431717
 0.000330 1.839344 1.862493 3.039638 6.741474 0.405854
 0.000331 1.837189 1.864291 3.037021 6.738501 0.379511
 0.000331 1.835276 1.866027 3.034547 6.735851 0.356770
 0.000332 1.833235 1.867418 3.032206 6.732858 0.331940
 0.000332 1.831156 1.868331 3.029958 6.729445 0.304711
 0.000333 1.829361 1.868518 3.027851 6.725730 0.276401
 0.000333 1.827182 1.867316 3.025818 6.720316 0.237614
 0.000334 1.824986 1.864439 3.023912 6.713337 0.191935
 0.000334 1.822638 1.860200 3.022067 6.704906 0.143253
 0.000335 1.820277 1.854799 3.020315 6.695391 0.096853
 0.000335 1.818089 1.848421 3.018690 6.685200 0.057193
 0.000336 1.816693 1.841607 3.017252 6.675553 0.029217
 0.000336 1.815971 1.834756 3.015930 6.666658 0.011671
 0.000337 1.815943 1.828506 3.014708 6.659157 0.003025
 0.000337 1.816432 1.823107 3.013571 6.653110 0.000150
 0.000338 1.817570 1.818757 3.012474 6.648801 0.000332
 0.000338 1.818775 1.815569 3.011454 6.645799 0.001557
 0.000339 1.819577 1.813388 3.010486 6.643451 0.003143
 0.000339 1.820341 1.812756 3.009602 6.642698 0.003768
 0.000340 1.821356 1.813416 3.008784 6.643556 0.003060
 0.000340 1.821982 1.815571 3.007935 6.645488 0.001735
 0.000341 1.822589 1.819173 3.007049 6.648810 0.000330
 0.000341 1.822998 1.823678 3.006151 6.652827 0.000105
 0.000342 1.823161 1.828382 3.005242 6.656784 0.001461
 0.000342 1.823396 1.832943 3.004300 6.660639 0.004287
 0.000343 1.824131 1.836694 3.003316 6.664141 0.008144
 0.000343 1.825594 1.839432 3.002321 6.667347 0.012748
 0.000344 1.827780 1.841361 3.001365 6.670506 0.018292
 0.000344 1.830696 1.842240 3.000401 6.673337 0.024108
 0.000345 1.834322 1.841468 2.999351 6.675141 0.028230
 0.000345 1.838642 1.839137 2.998159 6.675938 0.030156
 0.000346 1.843787 1.834892 2.996840 6.675520 0.029138
 0.000346 1.849323 1.828901 2.995469 6.673693 0.024895
 0.000347 1.855661 1.821948 2.994071 6.671680 0.020605
 0.000347 1.862784 1.814578 2.992608 6.669970 0.017281
 0.000348 1.870368 1.807291 2.991094 6.668753 0.015092
 0.000348 1.878014 1.800478 2.989531 6.668022 0.013849
 0.000349 1.885838 1.794740 2.987889 6.668467 0.014600
 0.000349 1.893820 1.790886 2.986183 6.670889 0.019032
 0.000350 1.901591 1.789032 2.984431 6.675053 0.028022
 0.000350 1.908736 1.789291 2.982685 6.680712 0.043020
 0.000351 1.914991 1.791312 2.980842 6.687145 0.063961
 0.000351 1.920213 1.795157 2.978859 6.694229 0.091807
 0.000352 1.924659 1.800078 2.976880 6.701616 0.126186
 0.000352 1.928013 1.806018 2.974884 6.708915 0.165517
 0.000353 1.930132 1.812637 2.972862 6.715631 0.206414
 0.000353 1.930626 1.819110 2.970795 6.720531 0.239095
 0.000354 1.929489 1.825464 2.968684 6.723637 0.261059
 0.000354 1.926763 1.831206 2.966690 6.724660 0.268500
 0.000355 1.922701 1.835785 2.964808 6.723294 0.258586
 0.000355 1.918022 1.839173 2.962862 6.720057 0.235833
 0.000356 1.912715 1.841022 2.960963 6.714700 0.200473
 0.000356 1.906951 1.841315 2.959181 6.707447 0.157180
 0.000357 1.901300 1.839986 2.957425 6.698711 0.112013
 0.000357 1.896024 1.838002 2.955612 6.689638 0.073187
 0.000358 1.891771 1.835646 2.953842 6.681259 0.044641
 0.000358 1.888380 1.833326 2.952067 6.673773 0.025075
 0.000359 1.886367 1.831956 2.950398 6.668721 0.015037
 0.000359 1.886378 1.832151 2.948797 6.667325 0.012714
 0.000360 1.887914 1.833999 2.947334 6.669247 0.015962
 0.000360 1.890673 1.837333 2.946042 6.674047 0.025692
 0.000361 1.894121 1.842243 2.944889 6.681253 0.044622
 0.000361 1.898139 1.848931 2.943882 6.690951 0.078298
 0.000362 1.902121 1.856838 2.942916 6.701875 0.127491
 0.000362 1.905786 1.865332 2.942024 6.713142 0.190732
 0.000363 1.908770 1.874064 2.941283 6.724117 0.264536
 0.000363 1.910526 1.883313 2.940579 6.734418 0.344775
 0.000364 1.911325 1.892549 2.939932 6.743806 0.427132
 0.000364 1.910970 1.901621 2.939431 6.752021 0.506439
 0.000365 1.908972 1.910034 2.939008 6.758015 0.568558
 0.000365 1.905852 1.917696 2.938594 6.762142 0.613415
 0.000366 1.901995 1.924281 2.938302 6.764579 0.640704
 0.000366 1.898014 1.930313 2.938112 6.766439 0.661938
 0.000367 1.894195 1.935597 2.938007 6.767798 0.677671
 0.000367 1.890707 1.939772 2.937961 6.768440 0.685165
 0.000368 1.888640 1.943102 2.937889 6.769632 0.699187
 0.000368 1.888293 1.945740 2.937823 6.771857 0.725744
 0.000369 1.889575 1.947567 2.937787 6.774928 0.763217
 0.000369 1.892823 1.949450 2.937831 6.780104 0.828506
 0.000370 1.898070 1.951769 2.937935 6.787775 0.930183
 0.000370 1.905079 1.954132 2.938165 6.797376 1.065755
 0.000371 1.913613 1.956580 2.938431 6.808623 1.236281
 0.000371 1.923509 1.959261 2.938632 6.821402 1.445382
 0.000372 1.934049 1.961988 2.938793 6.834830 1.682707
 0.000372 1.944351 1.964583 2.938892 6.847826 1.929569
 0.000373 1.954078 1.966497 2.938974 6.859549 2.166731
 0.000373 1.963578 1.967850 2.939030 6.870458 2.399768
 0.000374 1.972569 1.968530 2.938968 6.880067 2.614912
 0.000374 1.980336 1.969332 2.938884 6.888553 2.812573
 0.000375 1.987100 1.969416 2.938758 6.895274 2.974220
 0.000375 1.992700 1.969035 2.938492 6.900226 3.096227
 0.000376 1.997213 1.967833 2.938093 6.903140 3.169164
 0.000376 2.000273 1.965881 2.937561 6.903715 3.183657
 0.000377 2.002433 1.963606 2.936908 6.902948 3.164328
 0.000377 2.003816 1.961543 2.936137 6.901496 3.127929
 0.000378 2.004808 1.959260 2.935285 6.899353 3.074551
 0.000378 2.006002 1.956944 2.934292 6.897238 3.022321
 0.000379 2.007337 1.954562 2.933188 6.895087 2.969684
 0.000379 2.008905 1.952399 2.931841 6.893145 2.922535
 0.000380 2.010486 1.950394 2.930394 6.891273 2.877458
 0.000380 2.012212 1.948100 2.928906 6.889218 2.828371
 0.000381 2.013924 1.945513 2.927334 6.886771 2.770465
 0.000381 2.015784 1.942693 2.925647 6.884124 2.708502
 0.000382 2.018089 1.939531 2.923872 6.881492 2.647594
 0.000382 2.020435 1.936145 2.922016 6.878597 2.581386
 0.000383 2.022816 1.932768 2.920141 6.875725 2.516547
 0.000383 2.025247 1.929124 2.918203 6.872573 2.446342
 0.000384 2.027306 1.925058 2.916217 6.868581 2.358825
 0.000384 2.028227 1.921060 2.914162 6.863448 2.248660
 0.000385 2.028162 1.916967 2.912082 6.857210 2.118316
 0.000385 2.027240 1.912505 2.910037 6.849781 1.968163
 0.000386 2.024930 1.907598 2.907984 6.840513 1.788569
 0.000386 2.020931 1.901902 2.905869 6.828703 1.572176
 0.000387 2.015702 1.895602 2.903727 6.815030 1.339077
 0.000387 2.009310 1.889811 2.901570 6.800691 1.114698
 0.000388 2.001684 1.884840 2.899305 6.785828 0.903828
 0.000388 1.993193 1.880653 2.896956 6.770802 0.713088
 0.000389 1.983807 1.877780 2.894537 6.756124 0.548569
 0.000389 1.973926 1.875846 2.891984 6.741756 0.408396
 0.000390 1.963952 1.874565 2.889364 6.727881 0.292625
 0.000390 1.954004 1.874222 2.886709 6.714936 0.201971
 0.000391 1.944394 1.875115 2.884069 6.703579 0.136239
 0.000391 1.935755 1.877214 2.881416 6.694386 0.092478
 0.000392 1.928340 1.880408 2.878695 6.687443 0.065030
 0.000392 1.922509 1.884139 2.875914 6.682561 0.048616
 0.000393 1.918394 1.888028 2.873156 6.679578 0.039758
 0.000393 1.916181 1.891674 2.870423 6.678278 0.036177
 0.000394 1.915494 1.894931 2.867668 6.678093 0.035680
 0.000394 1.916274 1.897504 2.864832 6.678610 0.037075
 0.000395 1.918177 1.898885 2.862063 6.679125 0.038490
 0.000395 1.920654 1.899482 2.859341 6.679477 0.039474
 0.000396 1.923464 1.899218 2.856671 6.679353 0.039127
 0.000396 1.926424 1.898114 2.854012 6.678549 0.036911
 0.000397 1.928730 1.896372 2.851417 6.676519 0.031600
 0.000397 1.929946 1.894043 2.848869 6.672858 0.023067
 0.000398 1.929866 1.891376 2.846450 6.667692 0.013305
 0.000398 1.928357 1.888863 2.844036 6.661256 0.004878
 0.000399 1.925242 1.886252 2.841643 6.653136 0.000154
 0.000399 1.921088 1.884087 2.839371 6.644546 0.002335
 0.000400 1.916321 1.883157 2.837285 6.636763 0.010682
 0.000400 1.911115 1.883640 2.835327 6.630082 0.022679
 0.000401 1.905445 1.885402 2.833494 6.624342 0.036550
 0.000401 1.899792 1.889164 2.831832 6.620788 0.046791
 0.000402 1.894785 1.894723 2.830286 6.619794 0.049882
 0.000402 1.891061 1.901655 2.828827 6.621543 0.044510
 0.000403 1.888701 1.909608 2.827412 6.625721 0.032918
 0.000403 1.887557 1.917719 2.826123 6.631398 0.019962
 0.000404 1.888117 1.926063 2.824913 6.639093 0.007548
 0.000404 1.890601 1.934249 2.823781 6.648630 0.000378
 0.000405 1.894489 1.941785 2.822768 6.659041 0.002935
 0.000405 1.899137 1.947861 2.821822 6.668821 0.015210
 0.000406 1.904226 1.952704 2.821015 6.677945 0.035288
 0.000406 1.909484 1.956234 2.820280 6.685999 0.059925
 0.000407 1.914503 1.958407 2.819635 6.692545 0.084732
 0.000407 1.919046 1.959544 2.819100 6.697690 0.107234
 0.000408 1.923035 1.959725 2.818699 6.701460 0.125402
 0.000408 1.925519 1.959094 2.818391 6.703004 0.133256
 0.000409 1.926465 1.957810 2.818219 6.702494 0.130634
 0.000409 1.926111 1.956711 2.818113 6.700935 0.122786
 0.000410 1.924632 1.956173 2.817989 6.698794 0.112408
 0.000410 1.922200 1.956311 2.817911 6.696423 0.101445
 0.000411 1.918908 1.957341 2.817923 6.694172 0.091561
 0.000411 1.915035 1.960149 2.817963 6.693147 0.087229
 0.000412 1.911146 1.964825 2.818019 6.693989 0.090779
 0.000412 1.907667 1.970757 2.818138 6.696562 0.102075
 0.000413 1.904722 1.978133 2.818392 6.701246 0.124337
 0.000413 1.902631 1.986564 2.818772 6.707967 0.160107
 0.000414 1.901158 1.995906 2.819285 6.716349 0.211053
 0.000414 1.900334 2.005981 2.819867 6.726182 0.279769
 0.000415 1.900219 2.015739 2.820496 6.736454 0.361886
 0.000415 1.900574 2.024493 2.821191 6.746257 0.450093
 0.000416 1.901299 2.032108 2.822006 6.755413 0.541153
 0.000416 1.901683 2.038454 2.822941 6.763078 0.623824
 0.000417 1.901594 2.042640 2.823963 6.768198 0.682325
 0.000417 1.901212 2.044844 2.825096 6.771152 0.717271
 0.000418 1.899868 2.044832 2.826395 6.771094 0.716581
 0.000418 1.897567 2.042697 2.827764 6.768027 0.680339
 0.000419 1.894827 2.038717 2.829141 6.762685 0.619453
 0.000419 1.891931 2.033391 2.830560 6.755881 0.546033
 0.000420 1.888765 2.026972 2.832002 6.747738 0.464254
 0.000420 1.885410 2.019461 2.833550 6.738421 0.378810
 0.000421 1.881893 2.011171 2.835115 6.728179 0.294906
 0.000421 1.878398 2.003150 2.836701 6.718248 0.223573
 0.000422 1.875473 1.995555 2.838405 6.709433 0.168511
 0.000422 1.873195 1.989044 2.840196 6.702434 0.130329
 0.000423 1.871872 1.983542 2.841942 6.697356 0.105691
 0.000423 1.871017 1.979522 2.843740 6.694279 0.092018
 0.000424 1.870831 1.977071 2.845610 6.693512 0.088760
 0.000424 1.871367 1.976270 2.847547 6.695184 0.095942
 0.000425 1.872686 1.977417 2.849579 6.699682 0.116659
 0.000425 1.874618 1.980287 2.851674 6.706579 0.152350
 0.000426 1.876474 1.984470 2.853871 6.714815 0.201202
 0.000426 1.878550 1.989539 2.856162 6.724251 0.265511
 0.000427 1.880362 1.995158 2.858542 6.734062 0.341819
 0.000427 1.881225 2.000413 2.861044 6.742682 0.416812
 0.000428 1.881159 2.004746 2.863630 6.749534 0.481720
 0.000428 1.879755 2.008125 2.866270 6.754151 0.528099
 0.000429 1.877463 2.009910 2.868941 6.756314 0.550561
 0.000429 1.874083 2.009671 2.871607 6.755360 0.540601
 0.000430 1.870021 2.007492 2.874318 6.751831 0.504528
 0.000430 1.865773 2.003296 2.877129 6.746198 0.449528
 0.000431 1.861636 1.997469 2.879990 6.739095 0.384705
 0.000431 1.857501 1.990720 2.882962 6.731183 0.318429
 0.000432 1.853874 1.983377 2.885989 6.723240 0.258199
 0.000432 1.850943 1.975948 2.889025 6.715917 0.208254
 0.000433 1.849105 1.969100 2.892154 6.710359 0.173929
 0.000433 1.848667 1.963266 2.895466 6.707399 0.156909
 0.000434 1.849861 1.958823 2.898991 6.707675 0.158459
 0.000434 1.852477 1.955630 2.902647 6.710754 0.176266
 0.000435 1.856228 1.953777 2.906414 6.716419 0.211510
 0.000435 1.860566 1.953215 2.910255 6.724036 0.263951
 0.000436 1.864804 1.953797 2.914180 6.732780 0.331302
 0.000436 1.868217 1.955376 2.918262 6.741854 0.409285
 0.000437 1.870638 1.957628 2.922530 6.750795 0.494174
 0.000437 1.871963 1.960118 2.926884 6.758965 0.578731
 0.000438 1.872081 1.962532 2.931355 6.765968 0.656534
 0.000438 1.871303 1.964253 2.935879 6.771435 0.720668
 0.000439 1.869258 1.965143 2.940444 6.774845 0.762190
 0.000439 1.866377 1.964371 2.945008 6.775757 0.773491
 0.000440 1.862975 1.961930 2.949511 6.774415 0.756893
 0.000440 1.859525 1.957479 2.953966 6.770970 0.715097
 0.000441 1.856101 1.950926 2.958409 6.765436 0.650444
 0.000441 1.852695 1.942606 2.962838 6.758138 0.569876
 0.000442 1.850003 1.932704 2.967334 6.750041 0.486710
 0.000442 1.848384 1.921499 2.971814 6.741697 0.407860
 0.000443 1.848054 1.909324 2.976355 6.733732 0.339102
 0.000443 1.848822 1.897134 2.980863 6.726819 0.284558
 0.000444 1.851314 1.886054 2.985310 6.722678 0.254174
 0.000444 1.855292 1.876176 2.989670 6.721139 0.243317
 0.000445 1.860596 1.867745 2.993981 6.722322 0.251647
 0.000445 1.867712 1.860867 2.998185 6.726763 0.284137
 0.000446 1.875773 1.856054 3.002274 6.734101 0.342143
 0.000446 1.884166 1.853403 3.006336 6.743906 0.428056
 0.000447 1.892324 1.852514 3.010320 6.755159 0.538507
 0.000447 1.899604 1.853303 3.014216 6.767123 0.669824
 0.000448 1.905297 1.854749 3.018061 6.778107 0.802991
 0.000448 1.908640 1.856457 3.021869 6.786966 0.919187
 0.000449 1.909690 1.857904 3.025610 6.793204 1.005710
 0.000449 1.908619 1.858731 3.029300 6.796650 1.055172
 0.000450 1.905393 1.859263 3.032908 6.797563 1.068481
 0.000450 1.900674 1.859012 3.036481 6.796168 1.048181
 0.000451 1.894672 1.858135 3.040041 6.792847 1.000661
 0.000451 1.887951 1.856975 3.043593 6.788519 0.940365
 0.000452 1.880946 1.855654 3.047132 6.783731 0.875854
 0.000452 1.874682 1.854103 3.050637 6.779422 0.819747
 0.000453 1.869996 1.852771 3.054094 6.776861 0.787288
 0.000453 1.867571 1.851528 3.057452 6.776551 0.783399
 0.000454 1.867573 1.850671 3.060813 6.779058 0.815093
 0.000454 1.870403 1.849891 3.064151 6.784445 0.885325
 0.000455 1.875742 1.849515 3.067460 6.792717 0.998812
 0.000455 1.883266 1.849541 3.070760 6.803567 1.158054
 0.000456 1.892903 1.849527 3.074016 6.816446 1.362349
 0.000456 1.903923 1.849459 3.077184 6.830566 1.605391
 0.000457 1.915905 1.849545 3.080246 6.845696 1.887940
 0.000457 1.928223 1.849288 3.083084 6.860595 2.188568
 0.000458 1.939949 1.848698 3.085813 6.874459 2.488236
 0.000458 1.950412 1.847750 3.088390 6.886552 2.765306
 0.000459 1.958959 1.846844 3.090835 6.896638 3.007591
 0.000459 1.965423 1.845968 3.093176 6.904568 3.205216
 0.000460 1.969436 1.844779 3.095426 6.909641 3.334945
 0.000460 1.970923 1.843534 3.097505 6.911961 3.395142
 0.000461 1.969642 1.842461 3.099454 6.911557 3.384628
 0.000461 1.966305 1.841503 3.101366 6.909175 3.322918
 0.000462 1.961352 1.840477 3.103152 6.904981 3.215684
 0.000462 1.954829 1.839775 3.104750 6.899355 3.074607
 0.000463 1.947130 1.839461 3.106212 6.892803 2.914279
 0.000463 1.939364 1.840206 3.107470 6.887041 2.776812
 0.000464 1.932480 1.841605 3.108579 6.882665 2.674647
 0.000464 1.926348 1.843069 3.109518 6.878934 2.589066
 0.000465 1.921201 1.845030 3.110247 6.876478 2.533467
 0.000465 1.917737 1.847245 3.110778 6.875759 2.517312
 0.000466 1.916151 1.849101 3.111213 6.876464 2.533163
 0.000466 1.916053 1.850231 3.111511 6.877794 2.563184
 0.000467 1.917475 1.850577 3.111654 6.879707 2.606667
 0.000467 1.920153 1.849836 3.111656 6.881646 2.651131
 0.000468 1.924210 1.847460 3.111579 6.883248 2.688160
 0.000468 1.929368 1.843789 3.111410 6.884567 2.718819
 0.000469 1.934966 1.838955 3.111142 6.885063 2.730401
 0.000469 1.940429 1.833245 3.110793 6.884467 2.716500
 0.000470 1.945412 1.826428 3.110284 6.882125 2.662178
 0.000470 1.949305 1.819448 3.109591 6.878345 2.575671
 0.000471 1.952195 1.812431 3.108780 6.873407 2.464805
 0.000471 1.953543 1.805404 3.107826 6.866773 2.319722
 0.000472 1.952722 1.798471 3.106791 6.857984 2.134278
 0.000472 1.949910 1.792139 3.105626 6.847675 1.926608
 0.000473 1.945226 1.786380 3.104418 6.836025 1.704698
 0.000473 1.938948 1.781533 3.103148 6.823629 1.483489
 0.000474 1.931014 1.777902 3.101807 6.810724 1.269531
 0.000474 1.922106 1.775704 3.100444 6.798254 1.078606
 0.000475 1.912933 1.775103 3.099103 6.787139 0.921537
 0.000475 1.903689 1.775965 3.097721 6.777375 0.793750
 0.000476 1.894845 1.778101 3.096394 6.769340 0.695736
 0.000476 1.886869 1.781662 3.095162 6.763692 0.630710
 0.000477 1.880353 1.786139 3.093921 6.760412 0.594411
 0.000477 1.874913 1.790805 3.092674 6.758392 0.572590
 0.000478 1.870794 1.795553 3.091385 6.757733 0.565551
 0.000478 1.868138 1.800145 3.090079 6.758362 0.572262
 0.000479 1.867221 1.804539 3.088740 6.760500 0.595362
 0.000479 1.867894 1.808376 3.087378 6.763647 0.630203
 0.000480 1.869988 1.811281 3.086018 6.767287 0.671735
 0.000480 1.873233 1.813039 3.084754 6.771026 0.715765
 0.000481 1.877040 1.813371 3.083535 6.773945 0.751120
 0.000481 1.880511 1.812315 3.082321 6.775147 0.765922
 0.000482 1.883290 1.809631 3.081100 6.774021 0.752053
 0.000482 1.884896 1.805998 3.079956 6.770849 0.713653
 0.000483 1.885393 1.801790 3.078904 6.766087 0.657894
 0.000483 1.884381 1.797666 3.077832 6.759879 0.588606
 0.000484 1.882137 1.793804 3.076714 6.752655 0.512837
 0.000484 1.878753 1.790464 3.075556 6.744774 0.436125
 0.000485 1.874475 1.787605 3.074371 6.736451 0.361858
 0.000485 1.869612 1.785682 3.073237 6.728531 0.297619
 0.000486 1.864687 1.785642 3.072151 6.722480 0.252765
 0.000486 1.860081 1.787567 3.070978 6.718627 0.226113
 0.000487 1.856823 1.791015 3.069733 6.717571 0.219065
 0.000487 1.854831 1.795938 3.068520 6.719289 0.230585
 0.000488 1.854479 1.802408 3.067302 6.724189 0.265064
 0.000488 1.855708 1.810133 3.066046 6.731887 0.324073
 0.000489 1.858332 1.818078 3.064737 6.741148 0.402916
 0.000489 1.862514 1.825911 3.063452 6.751877 0.504990
 0.000490 1.867553 1.833240 3.062019 6.762811 0.620849
 0.000490 1.872844 1.839648 3.060530 6.773022 0.739843
 0.000491 1.878018 1.844719 3.059002 6.781739 0.849682
 0.000491 1.882668 1.848058 3.057422 6.788148 0.935282
 0.000492 1.886339 1.849195 3.055776 6.791310 0.979034
 0.000492 1.888678 1.847481 3.053997 6.790155 0.962942
 0.000493 1.889397 1.843523 3.052196 6.785117 0.894283
 0.000493 1.888607 1.838091 3.050349 6.777047 0.789624
 0.000494 1.886092 1.831489 3.048465 6.766046 0.657422
 0.000494 1.881891 1.823955 3.046502 6.752347 0.509725
 0.000495 1.876146 1.816312 3.044497 6.736955 0.366164
 0.000495 1.869020 1.809160 3.042506 6.720687 0.240176
 0.000496 1.860847 1.802503 3.040465 6.703815 0.137476
 0.000496 1.852159 1.797190 3.038394 6.687743 0.066116
 0.000497 1.842771 1.793749 3.036355 6.672874 0.023100
 0.000497 1.833615 1.792811 3.034329 6.660755 0.004395
 0.000498 1.825388 1.794213 3.032309 6.651910 0.000014
 0.000498 1.818073 1.797876 3.030248 6.646197 0.001343
 0.000499 1.812315 1.803517 3.028219 6.644051 0.002685
 0.000499 1.807895 1.811069 3.026227 6.645191 0.001915
 0.000500 1.804804 1.820139 3.024295 6.649237 0.000229
