#! FIELDS time dAB dAC rc bias
 0.000000 2.883245 4.444890 7.328135 0.000417
 0.000000 2.883471 4.444936 7.328407 0.000488
 0.000001 2.883944 4.444982 7.328926 0.000638
 0.000001 2.884418 4.444993 7.329411 0.000797
 0.000002 2.884937 4.445027 7.329964 0.001000
 0.000002 2.885229 4.445011 7.330240 0.001110
 0.000003 2.885417 4.445041 7.330458 0.001200
 0.000003 2.885425 4.445040 7.330465 0.001204
 0.000004 2.885550 4.444932 7.330481 0.001210
 0.000004 2.885803 4.444743 7.330545 0.001238
 0.000005 2.886065 4.444469 7.330534 0.001233
 0.000005 2.886856 4.444017 7.330873 0.001383
 0.000006 2.887782 4.443424 7.331206 0.001539
 0.000006 2.888441 4.442839 7.331280 0.001575
 0.000007 2.888678 4.442296 7.330974 0.001429
 0.000007 2.888561 4.441789 7.330350 0.001155
 0.000008 2.888161 4.441340 7.329501 0.000829
 0.000008 2.887884 4.440964 7.328848 0.000614
 0.000009 2.887504 4.440655 7.328160 0.000423
 0.000009 2.886975 4.440398 7.327373 0.000248
 0.000010 2.886183 4.440146 7.326328 0.000088
 0.000010 2.885395 4.439913 7.325309 0.000010
 0.000011 2.884687 4.439728 7.324416 0.000006
 0.000011 2.883988 4.439588 7.323576 0.000056
 0.000012 2.883318 4.439449 7.322767 0.000155
 0.000012 2.882776 4.439371 7.322147 0.000264
 0.000013 2.882925 4.439328 7.322254 0.000243
 0.000013 2.883320 4.439292 7.322613 0.000179
 0.000014 2.884100 4.439288 7.323387 0.000075
 0.000014 2.884847 4.439281 7.324128 0.000017
 0.000015 2.885938 4.439269 7.325207 0.000006
 0.000015 2.887104 4.439198 7.326302 0.000085
 0.000016 2.887844 4.439052 7.326896 0.000165
 0.000016 2.888087 4.438838 7.326926 0.000169
 0.000017 2.887825 4.438629 7.326454 0.000103
 0.000017 2.887173 4.438500 7.325673 0.000029
 0.000018 2.886037 4.438359 7.324396 0.000006
 0.000018 2.884736 4.438220 7.322956 0.000128
 0.000019 2.882985 4.438090 7.321075 0.000520
 0.000019 2.880898 4.437894 7.318792 0.001354
 0.000020 2.878947 4.437737 7.316685 0.002470
 0.000020 2.877506 4.437616 7.315122 0.003512
 0.000021 2.875951 4.437542 7.313493 0.004794
 0.000021 2.874689 4.437551 7.312240 0.005915
 0.000022 2.873958 4.437518 7.311476 0.006657
 0.000022 2.873809 4.437427 7.311236 0.006899
 0.000023 2.874374 4.437389 7.311764 0.006373
 0.000023 2.875175 4.437378 7.312552 0.005625
 0.000024 2.876270 4.437321 7.313591 0.004711
 0.000024 2.877886 4.437206 7.315092 0.003534
 0.000025 2.879716 4.437054 7.316769 0.002418
 0.000025 2.881477 4.437091 7.318568 0.001456
 0.000026 2.883036 4.437244 7.320281 0.000766
 0.000026 2.884290 4.437403 7.321693 0.000362
 0.000027 2.885283 4.437651 7.322933 0.000131
 0.000027 2.885875 4.438003 7.323878 0.000032
 0.000028 2.886186 4.438272 7.324457 0.000004
 0.000028 2.886301 4.438443 7.324744 0.000000
 0.000029 2.886201 4.438578 7.324779 0.000000
 0.000029 2.885631 4.438603 7.324234 0.000012
 0.000030 2.884850 4.438507 7.323358 0.000078
 0.000030 2.883929 4.438421 7.322350 0.000225
 0.000031 2.883237 4.438278 7.321515 0.000405
 0.000031 2.882541 4.438084 7.320625 0.000654
 0.000032 2.881988 4.437883 7.319871 0.000911
 0.000032 2.882075 4.437605 7.319679 0.000983
 0.000033 2.882731 4.437221 7.319952 0.000882
 0.000033 2.883570 4.436890 7.320460 0.000706
 0.000034 2.884332 4.436531 7.320864 0.000581
 0.000034 2.885168 4.436061 7.321228 0.000478
 0.000035 2.885787 4.435552 7.321339 0.000449
 0.000035 2.886317 4.435056 7.321373 0.000440
 0.000036 2.887446 4.434633 7.322079 0.000278
 0.000036 2.888885 4.434195 7.323080 0.000111
 0.000037 2.890532 4.433697 7.324229 0.000012
 0.000037 2.892676 4.433191 7.325868 0.000043
 0.000038 2.895153 4.432513 7.327666 0.000308
 0.000038 2.897892 4.431811 7.329703 0.000901
 0.000039 2.900323 4.431225 7.331548 0.001708
 0.000039 2.902783 4.430616 7.333399 0.002773
 0.000040 2.904793 4.430044 7.334837 0.003778
 0.000040 2.906300 4.429471 7.335771 0.004513
 0.000041 2.907515 4.428881 7.336396 0.005042
 0.000041 2.908669 4.428255 7.336924 0.005512
 0.000042 2.909461 4.427591 7.337052 0.005629
 0.000042 2.909837 4.426828 7.336665 0.005279
 0.000043 2.910442 4.426049 7.336491 0.005125
 0.000043 2.911223 4.425221 7.336444 0.005085
 0.000044 2.911856 4.424374 7.336230 0.004899
 0.000044 2.912719 4.423536 7.336255 0.004921
 0.000045 2.913484 4.422593 7.336077 0.004769
 0.000045 2.914313 4.421652 7.335965 0.004675
 0.000046 2.915659 4.420627 7.336286 0.004947
 0.000046 2.917323 4.419483 7.336807 0.005406
 0.000047 2.919137 4.418261 7.337398 0.005951
 0.000047 2.920792 4.417104 7.337897 0.006432
 0.000048 2.922236 4.416057 7.338293 0.006827
 0.000048 2.923249 4.415154 7.338403 0.006939
 0.000049 2.924147 4.414343 7.338489 0.007027
 0.000049 2.924764 4.413639 7.338403 0.006939
 0.000050 2.924970 4.412996 7.337966 0.006500
 0.000050 2.925204 4.412408 7.337612 0.006156
 0.000051 2.925231 4.411832 7.337063 0.005640
 0.000051 2.925384 4.411202 7.336586 0.005209
 0.000052 2.926269 4.410576 7.336845 0.005441
 0.000052 2.927510 4.410065 7.337574 0.006119
 0.000053 2.928988 4.409629 7.338617 0.007160
 0.000053 2.930462 4.409236 7.339698 0.008323
 0.000054 2.932178 4.408855 7.341033 0.009882
 0.000054 2.934280 4.408554 7.342834 0.012196
 0.000055 2.936741 4.408328 7.345069 0.015406
 0.000055 2.938866 4.408080 7.346946 0.018391
 0.000056 2.940749 4.407832 7.348581 0.021208
 0.000056 2.942520 4.407537 7.350057 0.023922
 0.000057 2.943875 4.407198 7.351073 0.025886
 0.000057 2.944705 4.406756 7.351462 0.026656
 0.000058 2.945222 4.406279 7.351501 0.026736
 0.000058 2.945697 4.405679 7.351376 0.026485
 0.000059 2.946487 4.404908 7.351395 0.026523
 0.000059 2.946988 4.404027 7.351015 0.025771
 0.000060 2.947465 4.403114 7.350578 0.024920
 0.000060 2.948040 4.402164 7.350204 0.024202
 0.000061 2.948395 4.401222 7.349616 0.023094
 0.000061 2.948759 4.400202 7.348961 0.021891
 0.000062 2.949404 4.399087 7.348491 0.021048
 0.000062 2.950417 4.397901 7.348318 0.020741
 0.000063 2.951827 4.396689 7.348516 0.021091
 0.000063 2.953274 4.395300 7.348574 0.021195
 0.000064 2.954962 4.393887 7.348849 0.021689
 0.000064 2.957007 4.392486 7.349493 0.022866
 0.000065 2.959535 4.390956 7.350491 0.024750
 0.000065 2.961945 4.389320 7.351265 0.026265
 0.000066 2.964040 4.387611 7.351651 0.027036
 0.000066 2.966038 4.385911 7.351949 0.027640
 0.000067 2.967732 4.384103 7.351836 0.027410
 0.000067 2.968495 4.382208 7.350703 0.025161
 0.000068 2.968594 4.380282 7.348876 0.021737
 0.000068 2.968154 4.378398 7.346552 0.017743
 0.000069 2.967222 4.376511 7.343733 0.013443
 0.000069 2.966124 4.374543 7.340666 0.009440
 0.000070 2.964764 4.372555 7.337319 0.005877
 0.000070 2.963193 4.370507 7.333700 0.002970
 0.000071 2.961751 4.368594 7.330344 0.001153
 0.000071 2.960093 4.366743 7.326836 0.000155
 0.000072 2.958115 4.364904 7.323019 0.000119
 0.000072 2.956369 4.363050 7.319419 0.001086
 0.000073 2.955375 4.361130 7.316506 0.002580
 0.000073 2.954909 4.359189 7.314098 0.004295
 0.000074 2.954972 4.357325 7.312297 0.005862
 0.000074 2.955460 4.355491 7.310951 0.007192
 0.000075 2.956799 4.353729 7.310528 0.007638
 0.000075 2.959039 4.351976 7.311015 0.007126
 0.000076 2.962120 4.350153 7.312273 0.005885
 0.000076 2.965406 4.348256 7.313661 0.004653
 0.000077 2.968785 4.346298 7.315084 0.003540
 0.000077 2.971926 4.344432 7.316359 0.002672
 0.000078 2.974578 4.342683 7.317261 0.002132
 0.000078 2.976276 4.340881 7.317157 0.002191
 0.000079 2.977099 4.339146 7.316245 0.002745
 0.000079 2.976742 4.337567 7.314309 0.004127
 0.000080 2.975288 4.336131 7.311419 0.006714
 0.000080 2.972887 4.334760 7.307646 0.011034
 0.000081 2.970385 4.333438 7.303823 0.016501
 0.000081 2.968117 4.332231 7.300347 0.022423
 0.000082 2.965723 4.331122 7.296845 0.029306
 0.000082 2.963449 4.330078 7.293528 0.036674
 0.000083 2.961781 4.329254 7.291035 0.042753
 0.000083 2.960495 4.328473 7.288968 0.048147
 0.000084 2.959843 4.327758 7.287601 0.051890
 0.000084 2.960085 4.327025 7.287109 0.053273
 0.000085 2.960569 4.326242 7.286811 0.054119
 0.000085 2.961463 4.325554 7.287017 0.053534
 0.000086 2.963128 4.324996 7.288123 0.050444
 0.000086 2.965268 4.324576 7.289844 0.045822
 0.000087 2.967833 4.324242 7.292075 0.040160
 0.000087 2.970633 4.324006 7.294639 0.034114
 0.000088 2.973281 4.323748 7.297029 0.028921
 0.000088 2.975995 4.323410 7.299405 0.024184
 0.000089 2.978473 4.323194 7.301668 0.020066
 0.000089 2.980537 4.323229 7.303767 0.016590
 0.000090 2.981649 4.323396 7.305045 0.014635
 0.000090 2.982051 4.323596 7.305647 0.013756
 0.000091 2.981597 4.323798 7.305395 0.014121
 0.000091 2.980145 4.323861 7.304006 0.016214
 0.000092 2.978354 4.323894 7.302248 0.019071
 0.000092 2.976214 4.323985 7.300199 0.022696
 0.000093 2.974187 4.324107 7.298294 0.026347
 0.000093 2.972017 4.324215 7.296232 0.030605
 0.000094 2.970254 4.324279 7.294534 0.034352
 0.000094 2.968968 4.324354 7.293322 0.037158
 0.000095 2.968044 4.324349 7.292393 0.039383
 0.000095 2.967608 4.324291 7.291899 0.040593
 0.000096 2.967855 4.324190 7.292045 0.040232
 0.000096 2.968753 4.324057 7.292810 0.038375
 0.000097 2.970265 4.324062 7.294327 0.034823
 0.000097 2.972487 4.324203 7.296690 0.029632
 0.000098 2.975272 4.324395 7.299667 0.023688
 0.000098 2.978521 4.324540 7.303062 0.017721
 0.000099 2.981996 4.324738 7.306735 0.012239
 0.000099 2.985681 4.324979 7.310660 0.007498
 0.000100 2.988964 4.325167 7.314131 0.004268
 0.000100 2.991953 4.325325 7.317278 0.002122
 0.000101 2.994577 4.325393 7.319970 0.000875
 0.000101 2.997111 4.325465 7.322576 0.000185
 0.000102 2.999335 4.325647 7.324982 0.000001
 0.000102 3.000902 4.325836 7.326738 0.000141
 0.000103 3.001768 4.326015 7.327783 0.000334
 0.000103 3.002446 4.326170 7.328616 0.000546
 0.000104 3.002660 4.326265 7.328925 0.000638
 0.000104 3.002151 4.326303 7.328454 0.000501
 0.000105 3.001118 4.326343 7.327462 0.000266
 0.000105 3.000015 4.326428 7.326443 0.000101
 0.000106 2.999180 4.326506 7.325686 0.000029
 0.000106 2.998732 4.326526 7.325259 0.000008
 0.000107 2.998885 4.326545 7.325430 0.000015
 0.000107 2.999465 4.326487 7.325952 0.000050
 0.000108 3.000529 4.326561 7.327090 0.000197
 0.000108 3.002227 4.326642 7.328869 0.000621
 0.000109 3.004759 4.326730 7.331489 0.001678
 0.000109 3.008138 4.326857 7.334995 0.003898
 0.000110 3.012195 4.326897 7.339092 0.007660
 0.000110 3.016557 4.326941 7.343498 0.013110
 0.000111 3.020807 4.327097 7.347903 0.020016
 0.000111 3.024455 4.327267 7.351722 0.027180
 0.000112 3.027526 4.327496 7.355021 0.034250
 0.000112 3.030147 4.327652 7.357799 0.040834
 0.000113 3.032179 4.327802 7.359981 0.046413
 0.000113 3.033419 4.328035 7.361454 0.050383
 0.000114 3.033910 4.328313 7.362223 0.052518
 0.000114 3.033788 4.328773 7.362561 0.053472
 0.000115 3.033001 4.329308 7.362309 0.052759
 0.000115 3.031346 4.329892 7.361238 0.049790
 0.000116 3.029742 4.330513 7.360255 0.047140
 0.000116 3.028273 4.331119 7.359392 0.044872
 0.000117 3.026986 4.331757 7.358743 0.043205
 0.000117 3.026189 4.332443 7.358632 0.042922
 0.000118 3.026192 4.333195 7.359386 0.044858
 0.000118 3.026809 4.333873 7.360682 0.048282
 0.000119 3.028570 4.334418 7.362988 0.054687
 0.000119 3.030864 4.334875 7.365738 0.062848
 0.000120 3.033121 4.335155 7.368275 0.070879
 0.000120 3.035667 4.335475 7.371142 0.080536
 0.000121 3.038895 4.335783 7.374679 0.093296
 0.000121 3.042082 4.336026 7.378108 0.106567
 0.000122 3.045284 4.336179 7.381464 0.120405
 0.000122 3.048581 4.336233 7.384814 0.135064
 0.000123 3.051834 4.336141 7.387975 0.149665
 0.000123 3.054890 4.336068 7.390957 0.164130
 0.000124 3.057554 4.335831 7.393385 0.176395
 0.000124 3.059927 4.335460 7.395387 0.186843
 0.000125 3.061956 4.334936 7.396892 0.194895
 0.000125 3.063657 4.334185 7.397842 0.200066
 0.000126 3.064983 4.333309 7.398293 0.202545
 0.000126 3.065703 4.332327 7.398030 0.201099
 0.000127 3.065854 4.331142 7.396996 0.195460
 0.000127 3.065825 4.329735 7.395561 0.187764
 0.000128 3.065604 4.328145 7.393749 0.178273
 0.000128 3.065329 4.326521 7.391850 0.168590
 0.000129 3.065238 4.324952 7.390189 0.160341
 0.000129 3.065227 4.323296 7.388523 0.152273
 0.000130 3.065016 4.321684 7.386699 0.143682
 0.000130 3.065017 4.320043 7.385060 0.136173
 0.000131 3.065494 4.318365 7.383859 0.130798
 0.000131 3.066790 4.316771 7.383561 0.129481
 0.000132 3.068546 4.315268 7.383814 0.130599
 0.000132 3.070863 4.313747 7.384610 0.134147
 0.000133 3.073486 4.312174 7.385659 0.138895
 0.000133 3.076063 4.310634 7.386697 0.143671
 0.000134 3.078355 4.309093 7.387448 0.147180
 0.000134 3.080238 4.307483 7.387721 0.148463
 0.000135 3.081683 4.305888 7.387571 0.147757
 0.000135 3.082349 4.304238 7.386587 0.143161
 0.000136 3.082552 4.302573 7.385125 0.136467
 0.000136 3.082013 4.300941 7.382954 0.126823
 0.000137 3.080758 4.299400 7.380158 0.114920
 0.000137 3.078957 4.297936 7.376893 0.101763
 0.000138 3.076723 4.296471 7.373194 0.087823
 0.000138 3.074155 4.295037 7.369193 0.073901
 0.000139 3.071700 4.293641 7.365342 0.061637
 0.000139 3.069241 4.292293 7.361534 0.050601
 0.000140 3.066771 4.290856 7.357627 0.040410
 0.000140 3.064297 4.289353 7.353650 0.031212
 0.000141 3.062114 4.287941 7.350055 0.023919
 0.000141 3.060670 4.286627 7.347298 0.018981
 0.000142 3.060116 4.285367 7.345483 0.016042
 0.000142 3.059948 4.284180 7.344128 0.014009
 0.000143 3.060510 4.283067 7.343577 0.013221
 0.000143 3.061931 4.282085 7.344016 0.013846
 0.000144 3.063894 4.281052 7.344946 0.015220
 0.000144 3.066354 4.280031 7.346385 0.017472
 0.000145 3.068744 4.279149 7.347893 0.019998
 0.000145 3.070421 4.278243 7.348664 0.021356
 0.000146 3.071529 4.277446 7.348976 0.021917
 0.000146 3.071979 4.276810 7.348789 0.021580
 0.000147 3.071825 4.276238 7.348063 0.020294
 0.000147 3.071510 4.275741 7.347251 0.018902
 0.000148 3.070440 4.275320 7.345760 0.016474
 0.000148 3.068747 4.274921 7.343668 0.013350
 0.000149 3.066612 4.274560 7.341171 0.010051
 0.000149 3.064303 4.274357 7.338660 0.007204
 0.000150 3.061918 4.274325 7.336243 0.004910
 0.000150 3.059501 4.274537 7.334038 0.003200
 0.000151 3.057428 4.274848 7.332276 0.002096
 0.000151 3.055837 4.275224 7.331061 0.001470
 0.000152 3.054462 4.275717 7.330179 0.001085
 0.000152 3.053421 4.276270 7.329691 0.000897
 0.000153 3.053080 4.276802 7.329882 0.000969
 0.000153 3.053541 4.277333 7.330875 0.001384
 0.000154 3.054587 4.277885 7.332472 0.002207
 0.000154 3.056274 4.278498 7.334772 0.003729
 0.000155 3.058599 4.279056 7.337655 0.006197
 0.000155 3.061179 4.279559 7.340738 0.009526
 0.000156 3.063964 4.280072 7.344037 0.013877
 0.000156 3.066831 4.280485 7.347316 0.019011
 0.000157 3.069275 4.280816 7.350091 0.023987
 0.000157 3.071737 4.281061 7.352798 0.029395
 0.000158 3.073783 4.281248 7.355031 0.034272
 0.000158 3.075501 4.281255 7.356756 0.038294
 0.000159 3.076863 4.281070 7.357933 0.041166
 0.000159 3.077631 4.280716 7.358347 0.042203
 0.000160 3.077989 4.280316 7.358305 0.042096
 0.000160 3.077928 4.279764 7.357692 0.040571
 0.000161 3.077513 4.279181 7.356694 0.038147
 0.000161 3.076778 4.278468 7.355246 0.034761
 0.000162 3.076264 4.277727 7.353991 0.031954
 0.000162 3.076055 4.277010 7.353065 0.029958
 0.000163 3.075722 4.276311 7.352033 0.027812
 0.000163 3.075374 4.275626 7.351000 0.025742
 0.000164 3.075043 4.274960 7.350003 0.023819
 0.000164 3.074810 4.274193 7.349003 0.021967
 0.000165 3.074759 4.273337 7.348095 0.020350
 0.000165 3.075026 4.272422 7.347448 0.019234
 0.000166 3.075598 4.271502 7.347100 0.018649
 0.000166 3.076563 4.270706 7.347269 0.018932
 0.000167 3.078010 4.270023 7.348033 0.020242
 0.000167 3.079482 4.269449 7.348932 0.021838
 0.000168 3.080784 4.268882 7.349666 0.023188
 0.000168 3.082116 4.268402 7.350518 0.024803
 0.000169 3.083581 4.268014 7.351594 0.026923
 0.000169 3.085017 4.267603 7.352619 0.029021
 0.000170 3.086805 4.267315 7.354121 0.032239
 0.000170 3.089141 4.267074 7.356215 0.037009
 0.000171 3.091336 4.266862 7.358198 0.041827
 0.000171 3.093094 4.266775 7.359869 0.046118
 0.000172 3.094305 4.266763 7.361068 0.049326
 0.000172 3.094954 4.266727 7.361680 0.051006
 0.000173 3.095067 4.266692 7.361760 0.051226
 0.000173 3.094832 4.266677 7.361508 0.050531
 0.000174 3.094279 4.266624 7.360904 0.048880
 0.000174 3.093398 4.266527 7.359925 0.046265
 0.000175 3.092467 4.266318 7.358785 0.043312
 0.000175 3.091637 4.266124 7.357762 0.040743
 0.000176 3.090845 4.265785 7.356630 0.037992
 0.000176 3.090426 4.265368 7.355794 0.036022
 0.000177 3.090217 4.264802 7.355019 0.034244
 0.000177 3.089974 4.264085 7.354059 0.032104
 0.000178 3.090009 4.263403 7.353412 0.030700
 0.000178 3.090334 4.262820 7.353154 0.030148
 0.000179 3.090842 4.262257 7.353099 0.030031
 0.000179 3.091082 4.261553 7.352635 0.029054
 0.000180 3.091654 4.260754 7.352408 0.028583
 0.000180 3.092695 4.259843 7.352538 0.028853
 0.000181 3.093700 4.258807 7.352507 0.028789
 0.000181 3.094758 4.257646 7.352404 0.028574
 0.000182 3.095666 4.256354 7.352020 0.027784
 0.000182 3.096315 4.255091 7.351406 0.026546
 0.000183 3.096395 4.253878 7.350273 0.024333
 0.000183 3.095849 4.252673 7.348521 0.021101
 0.000184 3.094936 4.251561 7.346496 0.017653
 0.000184 3.093815 4.250461 7.344276 0.014224
 0.000185 3.092560 4.249392 7.341952 0.011032
 0.000185 3.091689 4.248307 7.339996 0.008660
 0.000186 3.091153 4.247404 7.338557 0.007097
 0.000186 3.091012 4.246490 7.337503 0.006051
 0.000187 3.090671 4.245530 7.336202 0.004875
 0.000187 3.090356 4.244616 7.334972 0.003880
 0.000188 3.089928 4.243720 7.333647 0.002935
 0.000188 3.089406 4.242742 7.332148 0.002025
 0.000189 3.088718 4.241819 7.330537 0.001234
 0.000189 3.088353 4.240906 7.329259 0.000746
 0.000190 3.088119 4.239867 7.327986 0.000381
 0.000190 3.088130 4.238624 7.326753 0.000143
 0.000191 3.088046 4.237160 7.325207 0.000006
 0.000191 3.087934 4.235610 7.323545 0.000059
 0.000192 3.087438 4.234010 7.321448 0.000421
 0.000192 3.086864 4.232409 7.319274 0.001145
 0.000193 3.086165 4.230793 7.316959 0.002306
 0.000193 3.085462 4.229081 7.314543 0.003945
 0.000194 3.084726 4.227202 7.311929 0.006213
 0.000194 3.084023 4.225206 7.309229 0.009092
 0.000195 3.083025 4.223158 7.306183 0.012997
 0.000195 3.082261 4.221031 7.303292 0.017346
 0.000196 3.081730 4.218954 7.300683 0.021811
 0.000196 3.081835 4.216970 7.298805 0.025340
 0.000197 3.082279 4.215084 7.297363 0.028229
 0.000197 3.082616 4.213245 7.295861 0.031405
 0.000198 3.082868 4.211542 7.294410 0.034633
 0.000198 3.083325 4.209902 7.293226 0.037383
 0.000199 3.084283 4.208433 7.292716 0.038601
 0.000199 3.085573 4.207067 7.292640 0.038785
 0.000200 3.087110 4.205793 7.292903 0.038153
 0.000200 3.088892 4.204676 7.293567 0.036580
 0.000201 3.090895 4.203805 7.294700 0.033975
 0.000201 3.092867 4.203163 7.296030 0.031040
 0.000202 3.094913 4.202762 7.297675 0.027590
 0.000202 3.096537 4.202632 7.299169 0.024636
 0.000203 3.097815 4.202897 7.300712 0.021759
 0.000203 3.099315 4.203333 7.302648 0.018402
 0.000204 3.101125 4.204001 7.305125 0.014516
 0.000204 3.103200 4.204812 7.308012 0.010569
 0.000205 3.105637 4.205723 7.311360 0.006774
 0.000205 3.107910 4.206755 7.314665 0.003852
 0.000206 3.109959 4.207883 7.317842 0.001815
 0.000206 3.111738 4.209005 7.320742 0.000617
 0.000207 3.113545 4.210102 7.323648 0.000050
 0.000207 3.115325 4.211194 7.326518 0.000111
 0.000208 3.116861 4.212320 7.329181 0.000720
 0.000208 3.118283 4.213395 7.331679 0.001774
 0.000209 3.119853 4.214438 7.334291 0.003378
 0.000209 3.121639 4.215524 7.337163 0.005732
 0.000210 3.123871 4.216702 7.340573 0.009329
 0.000210 3.126036 4.217881 7.343917 0.013705
 0.000211 3.128590 4.218984 7.347574 0.019450
 0.000211 3.131676 4.220034 7.351710 0.027156
 0.000212 3.134947 4.220998 7.355945 0.036375
 0.000212 3.138137 4.221867 7.360004 0.046475
 0.000213 3.141315 4.222718 7.364033 0.057722
 0.000213 3.144084 4.223572 7.367656 0.068873
 0.000214 3.147090 4.224372 7.371462 0.081650
 0.000214 3.150187 4.225144 7.375330 0.095750
 0.000215 3.153057 4.225842 7.378899 0.109749
 0.000215 3.155377 4.226465 7.381842 0.122017
 0.000216 3.157183 4.227110 7.384293 0.132726
 0.000216 3.158296 4.227733 7.386029 0.140587
 0.000217 3.158976 4.228297 7.387273 0.146357
 0.000217 3.159134 4.228723 7.387857 0.149107
 0.000218 3.158862 4.229126 7.387988 0.149727
 0.000218 3.157698 4.229452 7.387149 0.145779
 0.000219 3.155978 4.229612 7.385590 0.138578
 0.000219 3.154124 4.229675 7.383799 0.130532
 0.000220 3.152257 4.229640 7.381897 0.122251
 0.000220 3.150671 4.229661 7.380331 0.115639
 0.000221 3.149434 4.229715 7.379150 0.110772
 0.000221 3.148694 4.229711 7.378405 0.107755
 0.000222 3.148461 4.229666 7.378126 0.106639
 0.000222 3.148734 4.229694 7.378428 0.107849
 0.000223 3.148798 4.229823 7.378621 0.108627
 0.000223 3.148674 4.229898 7.378572 0.108429
 0.000224 3.148280 4.229860 7.378140 0.106694
 0.000224 3.147372 4.229851 7.377223 0.103056
 0.000225 3.145378 4.229960 7.375338 0.095779
 0.000225 3.143194 4.230146 7.373341 0.088358
 0.000226 3.140985 4.230341 7.371325 0.081173
 0.000226 3.138667 4.230513 7.369180 0.073859
 0.000227 3.136194 4.230676 7.366870 0.066372
 0.000227 3.132828 4.230730 7.363558 0.056332
 0.000228 3.129052 4.230767 7.359819 0.045988
 0.000228 3.125177 4.230620 7.355797 0.036030
 0.000229 3.121163 4.230361 7.351524 0.026781
 0.000229 3.117322 4.230067 7.347389 0.019136
 0.000230 3.113714 4.229702 7.343416 0.012996
 0.000230 3.110214 4.229361 7.339575 0.008186
 0.000231 3.106960 4.229110 7.336070 0.004763
 0.000231 3.103985 4.229023 7.333007 0.002526
 0.000232 3.101037 4.229054 7.330091 0.001050
 0.000232 3.098794 4.229106 7.327900 0.000360
 0.000233 3.097040 4.229265 7.326305 0.000085
 0.000233 3.095316 4.229560 7.324877 0.000000
 0.000234 3.093570 4.229985 7.323555 0.000058
 0.000234 3.092448 4.230401 7.322849 0.000143
 0.000235 3.091464 4.230906 7.322370 0.000221
 0.000235 3.090460 4.231603 7.322064 0.000281
 0.000236 3.089244 4.232444 7.321687 0.000363
 0.000236 3.087842 4.233353 7.321195 0.000487
 0.000237 3.085813 4.234347 7.320159 0.000808
 0.000237 3.083259 4.235535 7.318794 0.001353
 0.000238 3.080103 4.236983 7.317086 0.002232
 0.000238 3.076693 4.238508 7.315201 0.003455
 0.000239 3.072985 4.240285 7.313269 0.004986
 0.000239 3.069223 4.242261 7.311483 0.006650
 0.000240 3.065613 4.244339 7.309952 0.008267
 0.000240 3.062312 4.246573 7.308886 0.009498
 0.000241 3.059381 4.248794 7.308175 0.010365
 0.000241 3.056545 4.251101 7.307645 0.011036
 0.000242 3.054273 4.253504 7.307777 0.010867
 0.000242 3.052398 4.256045 7.308444 0.010033
 0.000243 3.051348 4.258755 7.310103 0.008100
 0.000243 3.051033 4.261457 7.312490 0.005683
 0.000244 3.050917 4.264082 7.314999 0.003602
 0.000244 3.050854 4.266587 7.317441 0.002031
 0.000245 3.050818 4.268933 7.319751 0.000956
 0.000245 3.051262 4.271136 7.322399 0.000216
 0.000246 3.051894 4.273271 7.325165 0.000005
 0.000246 3.052306 4.275135 7.327441 0.000262
 0.000247 3.052597 4.276897 7.329495 0.000827
 0.000247 3.052532 4.278574 7.331106 0.001491
 0.000248 3.052328 4.280123 7.332451 0.002195
 0.000248 3.051904 4.281465 7.333368 0.002753
 0.000249 3.051062 4.282510 7.333572 0.002885
 0.000249 3.049625 4.283425 7.333050 0.002552
 0.000250 3.047595 4.284199 7.331793 0.001834
 0.000250 3.045236 4.284805 7.330040 0.001030
 0.000251 3.042803 4.285229 7.328032 0.000392
 0.000251 3.040023 4.285551 7.325574 0.000022
 0.000252 3.037314 4.285798 7.323112 0.000107
 0.000252 3.035247 4.286046 7.321292 0.000461
 0.000253 3.033826 4.286283 7.320109 0.000825
 0.000253 3.032502 4.286540 7.319043 0.001243
 0.000254 3.031140 4.286771 7.317912 0.001779
 0.000254 3.030140 4.286968 7.317108 0.002219
 0.000255 3.029557 4.287290 7.316847 0.002372
 0.000255 3.029423 4.287614 7.317036 0.002260
 0.000256 3.029921 4.287896 7.317817 0.001828
 0.000256 3.031049 4.288091 7.319141 0.001201
 0.000257 3.032861 4.288261 7.321121 0.000507
 0.000257 3.034871 4.288392 7.323263 0.000089
 0.000258 3.036507 4.288506 7.325012 0.000002
 0.000258 3.038060 4.288616 7.326676 0.000132
 0.000259 3.039641 4.288888 7.328529 0.000521
 0.000259 3.041075 4.289204 7.330279 0.001126
 0.000260 3.042225 4.289535 7.331760 0.001816
 0.000260 3.043052 4.289802 7.332854 0.002433
 0.000261 3.043418 4.290005 7.333423 0.002788
 0.000261 3.043652 4.290077 7.333729 0.002990
 0.000262 3.043811 4.290112 7.333923 0.003121
 0.000262 3.044096 4.290009 7.334105 0.003247
 0.000263 3.044235 4.289801 7.334037 0.003199
 0.000263 3.044467 4.289493 7.333960 0.003147
 0.000264 3.044784 4.289147 7.333931 0.003126
 0.000264 3.045270 4.288775 7.334045 0.003205
 0.000265 3.045850 4.288502 7.334352 0.003422
 0.000265 3.046633 4.288345 7.334977 0.003884
 0.000266 3.047683 4.288145 7.335829 0.004561
 0.000266 3.049096 4.287891 7.336987 0.005570
 0.000267 3.050858 4.287560 7.338418 0.006954
 0.000267 3.052995 4.287308 7.340302 0.009012
 0.000268 3.055410 4.287070 7.342480 0.011722
 0.000268 3.057960 4.286918 7.344878 0.015117
 0.000269 3.060454 4.286875 7.347329 0.019034
 0.000269 3.063148 4.286995 7.350143 0.024084
 0.000270 3.065329 4.287167 7.352496 0.028764
 0.000270 3.067093 4.287439 7.354533 0.033151
 0.000271 3.068176 4.287793 7.355969 0.036431
 0.000271 3.068707 4.288345 7.357052 0.039007
 0.000272 3.068592 4.289090 7.357682 0.040545
 0.000272 3.067930 4.290122 7.358052 0.041464
 0.000273 3.067232 4.291260 7.358492 0.042569
 0.000273 3.066462 4.292473 7.358935 0.043694
 0.000274 3.065852 4.293629 7.359481 0.045105
 0.000274 3.065045 4.294758 7.359803 0.045946
 0.000275 3.064592 4.295847 7.360438 0.047628
 0.000275 3.064361 4.296917 7.361278 0.049899
 0.000276 3.064499 4.297827 7.362326 0.052809
 0.000276 3.065413 4.298636 7.364048 0.057766
 0.000277 3.066819 4.299175 7.365994 0.063634
 0.000277 3.068614 4.299545 7.368159 0.070501
 0.000278 3.070902 4.299784 7.370686 0.078957
 0.000278 3.073445 4.299821 7.373266 0.088084
 0.000279 3.076274 4.299674 7.375948 0.098104
 0.000279 3.079104 4.299353 7.378457 0.107966
 0.000280 3.081610 4.298770 7.380380 0.115842
 0.000280 3.083886 4.298018 7.381904 0.122282
 0.000281 3.085449 4.297058 7.382507 0.124880
 0.000281 3.086521 4.295971 7.382492 0.124814
 0.000282 3.087000 4.294651 7.381651 0.121200
 0.000282 3.086480 4.293112 7.379591 0.112578
 0.000283 3.085109 4.291422 7.376531 0.100355
 0.000283 3.082777 4.289597 7.372374 0.084874
 0.000284 3.079894 4.287812 7.367706 0.069035
 0.000284 3.076662 4.285983 7.362645 0.053708
 0.000285 3.073395 4.284104 7.357499 0.040097
 0.000285 3.070116 4.282239 7.352355 0.028473
 0.000286 3.066966 4.280327 7.347293 0.018972
 0.000286 3.063686 4.278366 7.342052 0.011161
 0.000287 3.061137 4.276522 7.337659 0.006201
 0.000287 3.059456 4.274882 7.334338 0.003411
 0.000288 3.058952 4.273377 7.332329 0.002126
 0.000288 3.059397 4.271852 7.331250 0.001560
 0.000289 3.060561 4.270422 7.330983 0.001434
 0.000289 3.062528 4.269113 7.331641 0.001755
 0.000290 3.065411 4.267905 7.333316 0.002719
 0.000290 3.068880 4.266834 7.335714 0.004467
 0.000291 3.072666 4.265908 7.338574 0.007115
 0.000291 3.076353 4.265128 7.341481 0.010434
 0.000292 3.079592 4.264475 7.344067 0.013920
 0.000292 3.081730 4.264041 7.345771 0.016492
 0.000293 3.082692 4.263683 7.346375 0.017455
 0.000293 3.082700 4.263391 7.346091 0.017000
 0.000294 3.081604 4.263141 7.344744 0.014917
 0.000294 3.079660 4.262859 7.342519 0.011773
 0.000295 3.077057 4.262649 7.339706 0.008332
 0.000295 3.073878 4.262479 7.336357 0.005009
 0.000296 3.070303 4.262323 7.332626 0.002297
 0.000296 3.066528 4.262227 7.328755 0.000587
 0.000297 3.062720 4.262138 7.324857 0.000000
 0.000297 3.059026 4.262110 7.321135 0.000504
 0.000298 3.055436 4.262028 7.317464 0.002018
 0.000298 3.052313 4.261861 7.314174 0.004234
 0.000299 3.049894 4.261669 7.311562 0.006571
 0.000299 3.048361 4.261513 7.309874 0.008355
 0.000300 3.047801 4.261439 7.309240 0.009080
 0.000300 3.047898 4.261424 7.309323 0.008983
 0.000301 3.048557 4.261387 7.309944 0.008276
 0.000301 3.049539 4.261376 7.310915 0.007230
 0.000302 3.051130 4.261453 7.312583 0.005597
 0.000302 3.053142 4.261622 7.314764 0.003777
 0.000303 3.055388 4.261825 7.317214 0.002158
 0.000303 3.057235 4.262176 7.319411 0.001089
 0.000304 3.058315 4.262743 7.321058 0.000525
 0.000304 3.058730 4.263488 7.322218 0.000250
 0.000305 3.058019 4.264391 7.322410 0.000214
 0.000305 3.056372 4.265354 7.321726 0.000354
 0.000306 3.053841 4.266410 7.320251 0.000776
 0.000306 3.050488 4.267529 7.318017 0.001725
 0.000307 3.046433 4.268797 7.315230 0.003435
 0.000307 3.041693 4.270331 7.312024 0.006121
 0.000308 3.036876 4.272023 7.308899 0.009481
 0.000308 3.032495 4.273676 7.306171 0.013015
 0.000309 3.029015 4.275253 7.304268 0.015809
 0.000309 3.026220 4.276699 7.302918 0.017955
 0.000310 3.023945 4.277980 7.301925 0.019622
 0.000310 3.022616 4.279193 7.301809 0.019822
 0.000311 3.022382 4.280378 7.302761 0.018215
 0.000311 3.022579 4.281511 7.304089 0.016085
 0.000312 3.023608 4.282552 7.306160 0.013030
 0.000312 3.025678 4.283457 7.309136 0.009201
 0.000313 3.028929 4.284359 7.313288 0.004970
 0.000313 3.032565 4.285226 7.317791 0.001842
 0.000314 3.035994 4.286032 7.322026 0.000289
 0.000314 3.038770 4.286728 7.325498 0.000018
 0.000315 3.041161 4.287258 7.328419 0.000491
 0.000315 3.043055 4.287643 7.330699 0.001305
 0.000316 3.044157 4.287934 7.332091 0.001994
 0.000316 3.044447 4.288078 7.332524 0.002238
 0.000317 3.043731 4.288084 7.331815 0.001845
 0.000317 3.042265 4.287948 7.330213 0.001099
 0.000318 3.040311 4.287701 7.328012 0.000387
 0.000318 3.037914 4.287391 7.325305 0.000010
 0.000319 3.035457 4.286891 7.322348 0.000225
 0.000319 3.032528 4.286286 7.318814 0.001344
 0.000320 3.029770 4.285644 7.315414 0.003303
 0.000320 3.027182 4.285002 7.312184 0.005969
 0.000321 3.025044 4.284325 7.309369 0.008930
 0.000321 3.023907 4.283593 7.307499 0.011224
 0.000322 3.023657 4.282676 7.306332 0.012790
 0.000322 3.024493 4.281653 7.306146 0.013049
 0.000323 3.026218 4.280668 7.306886 0.012035
 0.000323 3.028777 4.279636 7.308413 0.010070
 0.000324 3.032245 4.278489 7.310734 0.007419
 0.000324 3.035962 4.277367 7.313329 0.004934
 0.000325 3.040009 4.276391 7.316401 0.002646
 0.000325 3.044362 4.275552 7.319914 0.000895
 0.000326 3.048412 4.274751 7.323163 0.000100
 0.000326 3.052554 4.273921 7.326475 0.000105
 0.000327 3.055959 4.273214 7.329173 0.000717
 0.000327 3.058269 4.272597 7.330865 0.001380
 0.000328 3.060029 4.271955 7.331985 0.001936
 0.000328 3.061220 4.271421 7.332641 0.002306
 0.000329 3.061664 4.270959 7.332623 0.002295
 0.000329 3.061628 4.270544 7.332172 0.002038
 0.000330 3.061009 4.270172 7.331182 0.001527
 0.000330 3.059713 4.269744 7.329457 0.000813
 0.000331 3.057977 4.269352 7.327328 0.000240
 0.000331 3.056064 4.269124 7.325188 0.000006
 0.000332 3.054168 4.268962 7.323130 0.000105
 0.000332 3.052382 4.268725 7.321108 0.000511
 0.000333 3.050909 4.268524 7.319433 0.001080
 0.000333 3.049649 4.268382 7.318031 0.001718
 0.000334 3.048760 4.268177 7.316936 0.002319
 0.000334 3.048536 4.267822 7.316358 0.002672
 0.000335 3.048950 4.267518 7.316468 0.002603
 0.000335 3.050063 4.267191 7.317254 0.002136
 0.000336 3.051361 4.266961 7.318322 0.001574
 0.000336 3.052930 4.266744 7.319674 0.000985
 0.000337 3.054722 4.266652 7.321374 0.000440
 0.000337 3.056473 4.266588 7.323061 0.000113
 0.000338 3.058145 4.266560 7.324706 0.000000
 0.000338 3.059368 4.266627 7.325995 0.000054
 0.000339 3.060027 4.266751 7.326778 0.000147
 0.000339 3.059805 4.266961 7.326766 0.000145
 0.000340 3.058665 4.267250 7.325915 0.000047
 0.000340 3.056908 4.267604 7.324512 0.000003
 0.000341 3.054254 4.267999 7.322253 0.000243
 0.000341 3.051057 4.268487 7.319545 0.001036
 0.000342 3.047512 4.269043 7.316554 0.002550
 0.000342 3.043695 4.269689 7.313385 0.004887
 0.000343 3.040034 4.270212 7.310247 0.007942
 0.000343 3.036746 4.270639 7.307384 0.011374
 0.000344 3.033620 4.271069 7.304689 0.015167
 0.000344 3.030942 4.271425 7.302367 0.018872
 0.000345 3.029183 4.271809 7.300992 0.021256
 0.000345 3.028416 4.272245 7.300661 0.021851
 0.000346 3.028700 4.272714 7.301414 0.020509
 0.000346 3.030062 4.273054 7.303117 0.017631
 0.000347 3.032093 4.273357 7.305450 0.014041
 0.000347 3.035139 4.273544 7.308682 0.009742
 0.000348 3.038793 4.273589 7.312382 0.005783
 0.000348 3.043039 4.273558 7.316597 0.002523
 0.000349 3.047530 4.273412 7.320942 0.000558
 0.000349 3.052344 4.273228 7.325572 0.000022
 0.000350 3.056769 4.272932 7.329701 0.000901
 0.000350 3.061072 4.272594 7.333666 0.002948
 0.000351 3.064443 4.272104 7.336547 0.005174
 0.000351 3.066885 4.271609 7.338494 0.007032
 0.000352 3.068213 4.271074 7.339287 0.007870
 0.000352 3.068626 4.270482 7.339108 0.007677
 0.000353 3.068019 4.269900 7.337919 0.006454
 0.000353 3.066404 4.269368 7.335771 0.004514
 0.000354 3.064221 4.268803 7.333024 0.002536
 0.000354 3.062003 4.268205 7.330208 0.001097
 0.000355 3.059504 4.267521 7.327025 0.000186
 0.000355 3.057728 4.266890 7.324618 0.000001
 0.000356 3.056611 4.266247 7.322858 0.000141
 0.000356 3.056690 4.265590 7.322280 0.000238
 0.000357 3.057811 4.265021 7.322832 0.000145
 0.000357 3.059839 4.264600 7.324439 0.000005
 0.000358 3.062766 4.264368 7.327134 0.000204
 0.000358 3.066816 4.264320 7.331137 0.001506
 0.000359 3.071556 4.264514 7.336071 0.004764
 0.000359 3.076951 4.264929 7.341880 0.010940
 0.000360 3.082491 4.265495 7.347986 0.020160
 0.000360 3.088033 4.266285 7.354318 0.032674
 0.000361 3.093397 4.267359 7.360755 0.048479
 0.000361 3.098065 4.268651 7.366716 0.065885
 0.000362 3.101875 4.270222 7.372096 0.083886
 0.000362 3.105184 4.272011 7.377195 0.102946
 0.000363 3.107765 4.273880 7.381645 0.121177
 0.000363 3.109482 4.275796 7.385278 0.137159
 0.000364 3.110256 4.277801 7.388057 0.150056
 0.000364 3.109948 4.279905 7.389853 0.158695
 0.000365 3.108863 4.282100 7.390963 0.164159
 0.000365 3.106886 4.284383 7.391269 0.165678
 0.000366 3.104003 4.286619 7.390622 0.162471
 0.000366 3.101061 4.288812 7.389873 0.158794
 0.000367 3.098598 4.290804 7.389401 0.156499
 0.000367 3.096564 4.292678 7.389243 0.155733
 0.000368 3.094627 4.294313 7.388940 0.154272
 0.000368 3.093489 4.295647 7.389136 0.155215
 0.000369 3.093552 4.296730 7.390282 0.160794
 0.000369 3.094700 4.297624 7.392324 0.170982
 0.000370 3.096664 4.298314 7.394978 0.184688
 0.000370 3.099017 4.298713 7.397730 0.199456
 0.000371 3.102095 4.298978 7.401073 0.218157
 0.000371 3.105319 4.299043 7.404362 0.237378
 0.000372 3.108815 4.298991 7.407806 0.258377
 0.000372 3.111924 4.298777 7.410701 0.276713
 0.000373 3.114256 4.298439 7.412696 0.289713
 0.000373 3.115413 4.298030 7.413443 0.294661
 0.000374 3.115331 4.297558 7.412888 0.290983
 0.000374 3.114296 4.297032 7.411328 0.280765
 0.000375 3.112542 4.296438 7.408980 0.265735
 0.000375 3.110001 4.295845 7.405846 0.246316
 0.000376 3.106495 4.295300 7.401796 0.222313
 0.000376 3.102680 4.294777 7.397457 0.197965
 0.000377 3.098109 4.294374 7.392483 0.171788
 0.000377 3.093364 4.294064 7.387428 0.147085
 0.000378 3.088830 4.293870 7.382700 0.125715
 0.000378 3.084517 4.293687 7.378205 0.106953
 0.000379 3.080528 4.293624 7.374153 0.091339
 0.000379 3.077507 4.293615 7.371123 0.080467
 0.000380 3.075122 4.293741 7.368863 0.072809
 0.000380 3.073329 4.293984 7.367313 0.067776
 0.000381 3.072430 4.294249 7.366679 0.065769
 0.000381 3.072269 4.294484 7.366754 0.066004
 0.000382 3.072429 4.294704 7.367133 0.067204
 0.000382 3.073082 4.294915 7.367997 0.069974
 0.000383 3.074200 4.295147 7.369347 0.074417
 0.000383 3.075866 4.295307 7.371173 0.080641
 0.000384 3.077978 4.295524 7.373502 0.088945
 0.000384 3.080344 4.295610 7.375954 0.098126
 0.000385 3.083055 4.295583 7.378638 0.108696
 0.000385 3.085566 4.295405 7.380970 0.118316
 0.000386 3.087109 4.295143 7.382252 0.123778
 0.000386 3.087888 4.294678 7.382566 0.125134
 0.000387 3.087727 4.293944 7.381671 0.121287
 0.000387 3.086253 4.292970 7.379223 0.111070
 0.000388 3.083842 4.291870 7.375712 0.097202
 0.000388 3.080540 4.290620 7.371160 0.080597
 0.000389 3.076224 4.289155 7.365380 0.061752
 0.000389 3.070517 4.287526 7.358043 0.041442
 0.000390 3.063999 4.285733 7.349732 0.023309
 0.000390 3.057686 4.283823 7.341510 0.010471
 0.000391 3.052295 4.282003 7.334298 0.003383
 0.000391 3.047945 4.280008 7.327953 0.000373
 0.000392 3.044758 4.277832 7.322590 0.000183
 0.000392 3.042823 4.275531 7.318354 0.001558
 0.000393 3.041822 4.273203 7.315025 0.003583
 0.000393 3.042312 4.270842 7.313154 0.005086
 0.000394 3.043599 4.268489 7.312088 0.006060
 0.000394 3.045462 4.266225 7.311686 0.006449
 0.000395 3.047799 4.264054 7.311853 0.006286
 0.000395 3.050016 4.261902 7.311918 0.006223
 0.000396 3.052160 4.259838 7.311997 0.006146
 0.000396 3.053672 4.257976 7.311649 0.006486
 0.000397 3.054672 4.256373 7.311045 0.007095
 0.000397 3.054724 4.255051 7.309775 0.008466
 0.000398 3.053432 4.254027 7.307460 0.011276
 0.000398 3.050794 4.253219 7.304013 0.016204
 0.000399 3.046595 4.252551 7.299146 0.024681
 0.000399 3.041263 4.252158 7.293421 0.036925
 0.000400 3.035468 4.251976 7.287444 0.052331
 0.000400 3.029384 4.251963 7.281346 0.070808
 0.000401 3.023323 4.252135 7.275458 0.091299
 0.000401 3.017818 4.252468 7.270285 0.111444
 0.000402 3.013127 4.252932 7.266059 0.129393
 0.000402 3.009698 4.253476 7.263174 0.142418
 0.000403 3.007093 4.254175 7.261267 0.151365
 0.000403 3.005089 4.255109 7.260198 0.156502
 0.000404 3.004057 4.255928 7.259985 0.157537
 0.000404 3.003948 4.256718 7.260665 0.154248
 0.000405 3.004535 4.257508 7.262043 0.147692
 0.000405 3.005802 4.258242 7.264043 0.138427
 0.000406 3.007884 4.258889 7.266773 0.126269
 0.000406 3.011055 4.259338 7.270394 0.111002
 0.000407 3.014327 4.259626 7.273953 0.096955
 0.000407 3.017121 4.259833 7.276954 0.085845
 0.000408 3.019004 4.259990 7.278994 0.078683
 0.000408 3.020088 4.260085 7.280173 0.074685
 0.000409 3.020220 4.260054 7.280274 0.074345
 0.000409 3.019910 4.259943 7.279852 0.075761
 0.000410 3.019515 4.259912 7.279427 0.077203
 0.000410 3.018148 4.259873 7.278021 0.082060
 0.000411 3.016446 4.259898 7.276344 0.088049
 0.000411 3.014746 4.259926 7.274672 0.094231
 0.000412 3.012612 4.259861 7.272473 0.102679
 0.000412 3.010385 4.259775 7.270159 0.111960
 0.000413 3.008335 4.259764 7.268099 0.120563
 0.000413 3.006609 4.259860 7.266469 0.127595
 0.000414 3.005739 4.260120 7.265859 0.130278
 0.000414 3.005905 4.260576 7.266481 0.127540
 0.000415 3.006851 4.261245 7.268097 0.120573
 0.000415 3.008592 4.262149 7.270741 0.109590
 0.000416 3.011673 4.263241 7.274914 0.093322
 0.000416 3.015802 4.264416 7.280218 0.074535
 0.000417 3.020695 4.265682 7.286376 0.055364
 0.000417 3.025815 4.266957 7.292772 0.038467
 0.000418 3.030866 4.268297 7.299162 0.024648
 0.000418 3.035636 4.269757 7.305393 0.014124
 0.000419 3.040115 4.271246 7.311361 0.006773
 0.000419 3.044657 4.272812 7.317470 0.002015
 0.000420 3.048261 4.274400 7.322661 0.000172
 0.000420 3.050652 4.276087 7.326740 0.000141
 0.000421 3.051807 4.277748 7.329554 0.000848
 0.000421 3.051958 4.279378 7.331336 0.001602
 0.000422 3.051413 4.280923 7.332336 0.002130
 0.000422 3.050711 4.282386 7.333098 0.002582
 0.000423 3.049201 4.283688 7.332889 0.002454
 0.000423 3.047618 4.284799 7.332417 0.002176
 0.000424 3.046519 4.285919 7.332439 0.002188
 0.000424 3.045657 4.286915 7.332572 0.002265
 0.000425 3.045282 4.287865 7.333148 0.002613
 0.000425 3.045910 4.288781 7.334691 0.003669
 0.000426 3.047537 4.289527 7.337064 0.005640
 0.000426 3.050214 4.290176 7.340390 0.009114
 0.000427 3.053666 4.290764 7.344430 0.014450
 0.000427 3.057938 4.291296 7.349235 0.022390
 0.000428 3.062607 4.291766 7.354373 0.032796
 0.000428 3.067549 4.292300 7.359849 0.046066
 0.000429 3.072630 4.292890 7.365520 0.062180
 0.000429 3.077314 4.293609 7.370923 0.079775
 0.000430 3.081751 4.294306 7.376057 0.098522
 0.000430 3.085778 4.294961 7.380739 0.117342
 0.000431 3.088697 4.295660 7.384357 0.133016
 0.000431 3.090481 4.296462 7.386942 0.144813
 0.000432 3.091411 4.297407 7.388818 0.153684
 0.000432 3.091676 4.298447 7.390123 0.160016
 0.000433 3.091414 4.299738 7.391152 0.165097
 0.000433 3.090625 4.301113 7.391738 0.168024
 0.000434 3.089351 4.302582 7.391933 0.169007
 0.000434 3.087999 4.304160 7.392159 0.170149
 0.000435 3.086364 4.305716 7.392080 0.169747
 0.000435 3.084899 4.307285 7.392183 0.170270
 0.000436 3.083868 4.308781 7.392649 0.172629
 0.000436 3.083340 4.310198 7.393537 0.177181
 0.000437 3.083695 4.311566 7.395261 0.186181
 0.000437 3.084999 4.312874 7.397874 0.200242
 0.000438 3.087060 4.314009 7.401070 0.218140
 0.000438 3.090045 4.314911 7.404957 0.240941
 0.000439 3.093476 4.315740 7.409216 0.267229
 0.000439 3.097385 4.316343 7.413728 0.296560
 0.000440 3.101094 4.316782 7.417876 0.324871
 0.000440 3.104580 4.316975 7.421554 0.351053
 0.000441 3.107518 4.316840 7.424357 0.371688
 0.000441 3.109759 4.316447 7.426206 0.385619
 0.000442 3.111051 4.315663 7.426714 0.389493
 0.000442 3.111240 4.314555 7.425795 0.382501
 0.000443 3.110690 4.313127 7.423817 0.367663
 0.000443 3.109391 4.311473 7.420865 0.346065
 0.000444 3.107167 4.309546 7.416713 0.316802
 0.000444 3.103617 4.307369 7.410985 0.278547
 0.000445 3.099157 4.305053 7.404211 0.236476
 0.000445 3.094231 4.302564 7.396795 0.194373
 0.000446 3.088969 4.299934 7.388903 0.154095
 0.000446 3.084280 4.297142 7.381422 0.120227
 0.000447 3.079691 4.294397 7.374088 0.091099
 0.000447 3.075213 4.291683 7.366896 0.066454
 0.000448 3.071094 4.289020 7.360113 0.046764
 0.000448 3.067470 4.286427 7.353897 0.031749
 0.000449 3.064458 4.283767 7.348224 0.020576
 0.000449 3.062349 4.281081 7.343430 0.013015
 0.000450 3.061272 4.278482 7.339755 0.008386
 0.000450 3.061268 4.275715 7.336983 0.005566
 0.000451 3.062389 4.273072 7.335461 0.004262
 0.000451 3.063969 4.270608 7.334577 0.003585
 0.000452 3.065670 4.268265 7.333935 0.003129
 0.000452 3.067617 4.266045 7.333663 0.002945
 0.000453 3.069087 4.264008 7.333095 0.002580
 0.000453 3.069783 4.262114 7.331897 0.001889
 0.000454 3.069351 4.260426 7.329777 0.000929
 0.000454 3.067921 4.258969 7.326890 0.000164
 0.000455 3.065351 4.257736 7.323087 0.000110
 0.000455 3.061730 4.256739 7.318469 0.001503
 0.000456 3.056849 4.255865 7.312714 0.005478
 0.000456 3.050821 4.255167 7.305989 0.013270
 0.000457 3.044396 4.254710 7.299106 0.024756
 0.000457 3.037714 4.254440 7.292154 0.039966
 0.000458 3.031140 4.254318 7.285458 0.058042
 0.000458 3.024960 4.254251 7.279211 0.077937
 0.000459 3.019130 4.254349 7.273479 0.098770
 0.000459 3.014234 4.254530 7.268764 0.117750
 0.000460 3.010701 4.254691 7.265392 0.132347
 0.000460 3.008305 4.254909 7.263214 0.142233
 0.000461 3.006563 4.255225 7.261788 0.148895
 0.000461 3.005703 4.255619 7.261322 0.151103
 0.000462 3.006052 4.256157 7.262210 0.146909
 0.000462 3.007382 4.256746 7.264128 0.138040
 0.000463 3.009335 4.257362 7.266697 0.126598
 0.000463 3.011457 4.258025 7.269482 0.114752
 0.000464 3.013793 4.258839 7.272633 0.102054
 0.000464 3.015639 4.259804 7.275443 0.091355
 0.000465 3.016645 4.260895 7.277540 0.083755
 0.000465 3.016681 4.262083 7.278763 0.079477
 0.000466 3.015654 4.263402 7.279057 0.078466
 0.000466 3.013239 4.264891 7.278130 0.081678
 0.000467 3.009496 4.266474 7.275970 0.089414
 0.000467 3.004860 4.268278 7.273138 0.100087
 0.000468 2.999715 4.270165 7.269880 0.113109
 0.000468 2.994581 4.272107 7.266688 0.126639
 0.000469 2.989136 4.274174 7.263310 0.141788
 0.000469 2.983385 4.276367 7.259752 0.158671
 0.000470 2.977783 4.278641 7.256423 0.175326
 0.000470 2.972667 4.280941 7.253608 0.190062
 0.000471 2.969008 4.283288 7.252296 0.197132
 0.000471 2.966749 4.285571 7.252320 0.197000
 0.000472 2.965884 4.287898 7.253782 0.189135
 0.000472 2.966315 4.290280 7.256594 0.174450
 0.000473 2.967940 4.292587 7.260528 0.154910
 0.000473 2.971067 4.294847 7.265914 0.130034
 0.000474 2.975393 4.297104 7.272497 0.102586
 0.000474 2.980030 4.299422 7.279452 0.077118
 0.000475 2.984739 4.301768 7.286507 0.054989
 0.000475 2.989765 4.304179 7.293945 0.035702
 0.000476 2.994343 4.306414 7.300757 0.021678
 0.000476 2.998025 4.308476 7.306501 0.012557
 0.000477 3.000366 4.310428 7.310794 0.007356
 0.000477 3.000955 4.312290 7.313245 0.005007
 0.000478 2.999689 4.314041 7.313730 0.004595
 0.000478 2.997243 4.315665 7.312908 0.005303
 0.000479 2.994104 4.317065 7.311169 0.006968
 0.000479 2.990895 4.318378 7.309273 0.009041
 0.000480 2.987719 4.319654 7.307373 0.011389
 0.000480 2.984229 4.320797 7.305026 0.014664
 0.000481 2.980863 4.321845 7.302708 0.018302
 0.000481 2.978151 4.322764 7.300916 0.021392
 0.000482 2.976386 4.323512 7.299898 0.023253
 0.000482 2.975909 4.324220 7.300129 0.022825
 0.000483 2.976658 4.324835 7.301493 0.020371
 0.000483 2.978378 4.325469 7.303847 0.016463
 0.000484 2.980660 4.326199 7.306858 0.012071
 0.000484 2.983698 4.327024 7.310722 0.007432
 0.000485 2.987875 4.327802 7.315677 0.003121
 0.000485 2.992811 4.328678 7.321489 0.000411
 0.000486 2.998206 4.329601 7.327807 0.000339
 0.000486 3.003889 4.330525 7.334414 0.003466
 0.000487 3.009544 4.331473 7.341016 0.009861
 0.000487 3.014546 4.332481 7.347027 0.018526
 0.000488 3.018906 4.333488 7.352394 0.028554
 0.000488 3.022312 4.334444 7.356756 0.038295
 0.000489 3.024519 4.335314 7.359833 0.046024
 0.000489 3.025009 4.336098 7.361107 0.049433
 0.000490 3.023825 4.336810 7.360634 0.048154
 0.000490 3.021210 4.337485 7.358695 0.043083
 0.000491 3.017022 4.338136 7.355158 0.034560
 0.000491 3.012058 4.338664 7.350722 0.025199
 0.000492 3.007077 4.339050 7.346126 0.017056
 0.000492 3.002358 4.339284 7.341642 0.010637
 0.000493 2.997917 4.339253 7.337170 0.005738
 0.000493 2.994206 4.338991 7.333197 0.002644
 0.000494 2.991599 4.338554 7.330152 0.001074
 0.000494 2.990647 4.337932 7.328579 0.000536
 0.000495 2.991261 4.337230 7.328490 0.000511
 0.000495 2.993715 4.336393 7.330109 0.001057
 0.000496 2.997814 4.335503 7.333317 0.002720
 0.000496 3.003076 4.334416 7.337492 0.006040
 0.000497 3.009375 4.333289 7.342664 0.011967
 0.000497 3.016162 4.332058 7.348221 0.020570
 0.000498 3.023317 4.330786 7.354103 0.032200
 0.000498 3.030577 4.329434 7.360012 0.046495
 0.000499 3.037354 4.328126 7.365480 0.062058
 0.000499 3.043388 4.326815 7.370203 0.077302
 0.000500 3.047876 4.325478 7.373354 0.088407
