#! FIELDS time dAB dAC dAD rc bias
 0.000000 1.738356 1.536930 2.831541 6.106827 10.059918
 0.000000 1.751253 1.538853 2.834974 6.125081 10.895333
 0.000001 1.760697 1.542047 2.838107 6.140852 11.643964
 0.000001 1.765569 1.546600 2.841040 6.153208 12.247898
 0.000002 1.765150 1.552058 2.843721 6.160929 12.633033
 0.000002 1.759375 1.558421 2.846179 6.163975 12.786598
 0.000003 1.748565 1.565645 2.848298 6.162509 12.712545
 0.000003 1.733157 1.573115 2.850158 6.156430 12.407866
 0.000004 1.713472 1.580373 2.851793 6.145638 11.876099
 0.000004 1.691010 1.587825 2.853198 6.132033 11.222280
 0.000005 1.666936 1.595292 2.854384 6.116612 10.503613
 0.000005 1.642640 1.602642 2.855296 6.100579 9.781606
 0.000006 1.619187 1.609914 2.856040 6.085142 9.110721
 0.000006 1.597278 1.616996 2.856556 6.070829 8.510017
 0.000007 1.578112 1.623737 2.856799 6.058649 8.014929
 0.000007 1.562383 1.629825 2.856691 6.048899 7.629310
 0.000008 1.550370 1.635324 2.856322 6.042015 7.362792
 0.000008 1.542575 1.640269 2.855769 6.038612 7.232793
 0.000009 1.539709 1.644234 2.855064 6.039007 7.247824
 0.000009 1.541566 1.647334 2.854141 6.043041 7.402220
 0.000010 1.547458 1.649891 2.852943 6.050293 7.683872
 0.000010 1.557328 1.652083 2.851471 6.060882 8.104581
 0.000011 1.570386 1.653895 2.849839 6.074120 8.646316
 0.000011 1.585835 1.655434 2.847977 6.089245 9.286739
 0.000012 1.603435 1.656380 2.845872 6.105687 10.008848
 0.000012 1.621652 1.656585 2.843560 6.121797 10.742606
 0.000013 1.639371 1.656328 2.840959 6.136658 11.442464
 0.000013 1.654941 1.655136 2.838110 6.148186 12.000597
 0.000014 1.667169 1.653151 2.835005 6.155325 12.352913
 0.000014 1.674800 1.650567 2.831605 6.156972 12.434904
 0.000015 1.677245 1.648149 2.828007 6.153401 12.257435
 0.000015 1.673962 1.645672 2.824222 6.143856 11.789413
 0.000016 1.665316 1.643232 2.820229 6.128776 11.068531
 0.000016 1.651967 1.641282 2.815998 6.109247 10.168746
 0.000017 1.635118 1.639687 2.811606 6.086411 9.164979
 0.000017 1.615842 1.638836 2.807039 6.061717 8.138244
 0.000018 1.595155 1.639066 2.802340 6.036562 7.155010
 0.000018 1.574461 1.640289 2.797610 6.012360 6.268791
 0.000019 1.555178 1.642203 2.792841 5.990222 5.509406
 0.000019 1.537857 1.645088 2.788039 5.970984 4.889333
 0.000020 1.523629 1.649416 2.783237 5.956282 4.440385
 0.000020 1.513150 1.654517 2.778468 5.946135 4.143158
 0.000021 1.506834 1.660162 2.773723 5.940719 3.988712
 0.000021 1.505019 1.665841 2.769130 5.939990 3.968154
 0.000022 1.507445 1.671338 2.764679 5.943462 4.066565
 0.000022 1.513976 1.676487 2.760336 5.950798 4.278465
 0.000023 1.524133 1.680152 2.756151 5.960436 4.565047
 0.000023 1.537065 1.681756 2.752097 5.970918 4.887267
 0.000024 1.552174 1.681667 2.748213 5.982054 5.241607
 0.000024 1.569025 1.680000 2.744442 5.993467 5.617667
 0.000025 1.586546 1.676541 2.740765 6.003852 5.971127
 0.000025 1.603354 1.671176 2.737297 6.011826 6.249887
 0.000026 1.617671 1.664299 2.733967 6.015938 6.396107
 0.000026 1.628547 1.656119 2.730813 6.015478 6.379683
 0.000027 1.634549 1.646983 2.727821 6.009354 6.162788
 0.000027 1.634605 1.637916 2.724992 5.997514 5.754128
 0.000028 1.628615 1.629006 2.722270 5.979891 5.171809
 0.000028 1.616823 1.621013 2.719833 5.957669 4.481801
 0.000029 1.600495 1.614107 2.717672 5.932274 3.753742
 0.000029 1.581410 1.608558 2.715788 5.905757 3.062346
 0.000030 1.560831 1.604556 2.714167 5.879554 2.448195
 0.000030 1.540699 1.603040 2.712768 5.856507 1.964788
 0.000031 1.522522 1.603964 2.711734 5.838220 1.618993
 0.000031 1.506970 1.607306 2.711004 5.825279 1.394509
 0.000032 1.494748 1.612580 2.710485 5.817813 1.272600
 0.000032 1.486976 1.619547 2.710245 5.816768 1.255985
 0.000033 1.484467 1.627570 2.710399 5.822435 1.347417
 0.000033 1.486719 1.636082 2.710899 5.833700 1.538689
 0.000034 1.493533 1.644074 2.711644 5.849251 1.823580
 0.000034 1.504576 1.650434 2.712752 5.867762 2.194221
 0.000035 1.519406 1.654095 2.714170 5.887671 2.631111
 0.000035 1.537271 1.653754 2.715907 5.906932 3.091494
 0.000036 1.557277 1.649156 2.717841 5.924273 3.537735
 0.000036 1.577880 1.640675 2.719968 5.938522 3.926898
 0.000037 1.597426 1.628446 2.722288 5.948159 4.201616
 0.000037 1.614965 1.612956 2.724720 5.952642 4.332562
 0.000038 1.629188 1.595229 2.727214 5.951630 4.302840
 0.000038 1.639234 1.576370 2.729826 5.945430 4.122881
 0.000039 1.645121 1.557703 2.732512 5.935336 3.838123
 0.000039 1.646675 1.540672 2.735198 5.922546 3.491923
 0.000040 1.644315 1.526167 2.737820 5.908302 3.125664
 0.000040 1.639250 1.515312 2.740461 5.895023 2.802462
 0.000041 1.632199 1.508914 2.743120 5.884233 2.552828
 0.000041 1.624620 1.507320 2.745684 5.877624 2.405672
 0.000042 1.617475 1.510691 2.748179 5.876344 2.377694
 0.000042 1.611465 1.518831 2.750481 5.880777 2.475341
 0.000043 1.607549 1.531387 2.752739 5.891675 2.723765
 0.000043 1.605920 1.548002 2.754959 5.908881 3.140159
 0.000044 1.606895 1.567779 2.757067 5.931741 3.739167
 0.000044 1.610058 1.588869 2.758991 5.957918 4.489275
 0.000045 1.615526 1.610083 2.760645 5.986254 5.378472
 0.000045 1.622740 1.630114 2.762089 6.014943 6.360558
 0.000046 1.631463 1.647465 2.763273 6.042201 7.369934
 0.000046 1.641128 1.660259 2.764228 6.065616 8.296280
 0.000047 1.651157 1.667152 2.764956 6.083265 9.030781
 0.000047 1.661141 1.668483 2.765416 6.095040 9.538139
 0.000048 1.670677 1.663786 2.765586 6.100049 9.758190
 0.000048 1.679753 1.653848 2.765387 6.098988 9.711367
 0.000049 1.687803 1.639996 2.764831 6.092630 9.433179
 0.000049 1.694081 1.623342 2.763929 6.081352 8.949671
 0.000050 1.698115 1.605457 2.762676 6.066248 8.322073
 0.000050 1.699686 1.587735 2.761040 6.048461 7.612234
 0.000051 1.698699 1.571769 2.759008 6.029476 6.889474
 0.000051 1.695665 1.558567 2.756725 6.010958 6.219234
 0.000052 1.690871 1.548953 2.754187 5.994011 5.635898
 0.000052 1.684658 1.543499 2.751450 5.979607 5.162691
 0.000053 1.677624 1.542711 2.748498 5.968834 4.822317
 0.000053 1.669977 1.546942 2.745288 5.962207 4.618699
 0.000054 1.662591 1.556382 2.741782 5.960755 4.574682
 0.000054 1.655389 1.570407 2.738119 5.963915 4.670763
 0.000055 1.648871 1.588782 2.734331 5.971984 4.920638
 0.000055 1.643315 1.610875 2.730381 5.984570 5.323405
 0.000056 1.638867 1.635853 2.726258 6.000979 5.872255
 0.000056 1.635694 1.662568 2.721976 6.020239 6.550877
 0.000057 1.633647 1.689518 2.717559 6.040724 7.313332
 0.000057 1.632484 1.715019 2.712898 6.060402 8.085253
 0.000058 1.632320 1.737558 2.708128 6.078007 8.808695
 0.000058 1.633172 1.754939 2.703156 6.091267 9.374065
 0.000059 1.634832 1.765911 2.698156 6.098900 9.707462
 0.000059 1.637080 1.770061 2.692988 6.100129 9.761722
 0.000060 1.639662 1.766765 2.687859 6.094287 9.505276
 0.000060 1.642975 1.756521 2.682751 6.082248 8.987604
 0.000061 1.646788 1.739874 2.677656 6.064318 8.243493
 0.000061 1.651322 1.718089 2.672649 6.042061 7.364537
 0.000062 1.656839 1.692867 2.667640 6.017345 6.446537
 0.000062 1.663464 1.666059 2.662675 5.992198 5.575211
 0.000063 1.670455 1.639392 2.657720 5.967566 4.783035
 0.000063 1.678225 1.614387 2.652848 5.945461 4.123767
 0.000064 1.686987 1.592560 2.648102 5.927649 3.628085
 0.000064 1.696626 1.574724 2.643425 5.914775 3.289589
 0.000065 1.707246 1.561701 2.638950 5.907896 3.115519
 0.000065 1.718765 1.554137 2.634712 5.907613 3.108461
 0.000066 1.730407 1.552039 2.630699 5.913146 3.247928
 0.000066 1.741777 1.555296 2.626850 5.923923 3.528412
 0.000067 1.751904 1.564198 2.623189 5.939292 3.948501
 0.000067 1.760337 1.577831 2.619690 5.957859 4.487490
 0.000068 1.766740 1.595669 2.616279 5.978688 5.133204
 0.000068 1.771374 1.617235 2.612977 6.001587 5.893114
 0.000069 1.773230 1.641089 2.609741 6.024060 6.689917
 0.000069 1.772401 1.665808 2.606661 6.044870 7.472748
 0.000070 1.769158 1.689845 2.603729 6.062731 8.179203
 0.000070 1.764149 1.711326 2.600960 6.076435 8.742848
 0.000071 1.757808 1.728390 2.598281 6.084480 9.082489
 0.000071 1.750844 1.739373 2.595717 6.085933 9.144538
 0.000072 1.743739 1.743667 2.593205 6.080611 8.918349
 0.000072 1.736575 1.741082 2.590768 6.068425 8.411125
 0.000073 1.729575 1.731643 2.588540 6.049758 7.662931
 0.000073 1.723496 1.716451 2.586551 6.026498 6.779395
 0.000074 1.719073 1.697282 2.584843 6.001198 5.879775
 0.000074 1.717077 1.676050 2.583314 5.976441 5.061448
 0.000075 1.717856 1.654865 2.581964 5.954685 4.392920
 0.000075 1.721617 1.635560 2.580807 5.937985 3.911847
 0.000076 1.728316 1.619142 2.579768 5.927226 3.616714
 0.000076 1.738031 1.606510 2.578889 5.923431 3.515359
 0.000077 1.750028 1.598347 2.578251 5.926626 3.600601
 0.000077 1.763460 1.594906 2.577798 5.936164 3.861078
 0.000078 1.777538 1.596323 2.577652 5.951513 4.299402
 0.000078 1.791180 1.602744 2.577791 5.971715 4.912206
 0.000079 1.802747 1.613496 2.578088 5.994331 5.646643
 0.000079 1.811140 1.628528 2.578547 6.018216 6.477833
 0.000080 1.815384 1.646627 2.579156 6.041168 7.330320
 0.000080 1.814449 1.666845 2.579905 6.061199 8.117350
 0.000081 1.808340 1.688436 2.580827 6.077603 8.791764
 0.000081 1.796706 1.710089 2.581807 6.088601 9.259005
 0.000082 1.780303 1.730966 2.582862 6.094131 9.498501
 0.000082 1.759998 1.749733 2.584040 6.093771 9.482784
 0.000083 1.737613 1.765741 2.585277 6.088632 9.260305
 0.000083 1.714491 1.778182 2.586597 6.079270 8.861798
 0.000084 1.692107 1.786417 2.587963 6.066488 8.331856
 0.000084 1.671611 1.790222 2.589386 6.051219 7.720209
 0.000085 1.653870 1.789350 2.590886 6.034107 7.062443
 0.000085 1.639355 1.784222 2.592404 6.015981 6.397664
 0.000086 1.628784 1.775427 2.593900 5.998111 5.774411
 0.000086 1.622497 1.764202 2.595347 5.982046 5.241351
 0.000087 1.620617 1.750949 2.596751 5.968317 4.806274
 0.000087 1.622989 1.736832 2.598189 5.958009 4.492009
 0.000088 1.629540 1.722890 2.599624 5.952054 4.315286
 0.000088 1.640297 1.709398 2.601104 5.950799 4.278480
 0.000089 1.654527 1.696984 2.602628 5.954139 4.376753
 0.000089 1.671760 1.686061 2.604174 5.961995 4.612272
 0.000090 1.690951 1.677283 2.605741 5.973976 4.983320
 0.000090 1.710954 1.670740 2.607311 5.989006 5.469112
 0.000091 1.730454 1.666821 2.608893 6.006168 6.051434
 0.000091 1.747662 1.665390 2.610454 6.023506 6.669648
 0.000092 1.761119 1.666206 2.611842 6.039167 7.253897
 0.000092 1.769132 1.668482 2.613120 6.050734 7.701154
 0.000093 1.770959 1.672181 2.614355 6.057495 7.968793
 0.000093 1.766318 1.677222 2.615528 6.059068 8.031721
 0.000094 1.755303 1.682759 2.616617 6.054679 7.856760
 0.000094 1.738849 1.688439 2.617606 6.044894 7.473667
 0.000095 1.718171 1.693684 2.618450 6.030304 6.920261
 0.000095 1.694614 1.698439 2.619153 6.012206 6.263322
 0.000096 1.669511 1.702319 2.619770 5.991600 5.555259
 0.000096 1.644335 1.704980 2.620264 5.969579 4.845479
 0.000097 1.620543 1.706436 2.620650 5.947630 4.186281
 0.000097 1.599292 1.707066 2.620952 5.927310 3.618956
 0.000098 1.581507 1.706464 2.621110 5.909081 3.145162
 0.000098 1.568272 1.704635 2.621169 5.894077 2.780109
 0.000099 1.560078 1.701849 2.621155 5.883082 2.526898
 0.000099 1.557191 1.698227 2.621031 5.876449 2.379971
 0.000100 1.560097 1.693995 2.620848 5.874940 2.347171
 0.000100 1.568200 1.689303 2.620553 5.878055 2.415144
 0.000101 1.580916 1.684338 2.620097 5.885351 2.578160
 0.000101 1.597707 1.679179 2.619548 5.896433 2.835943
 0.000102 1.617781 1.673896 2.618908 5.910585 3.182998
 0.000102 1.639588 1.668739 2.618145 5.926473 3.596479
 0.000103 1.661698 1.663941 2.617236 5.942875 4.049821
 0.000103 1.682270 1.659813 2.616224 5.958307 4.500923
 0.000104 1.699648 1.655901 2.615146 5.970694 4.880252
 0.000104 1.712411 1.652491 2.613970 5.978872 5.139099
 0.000105 1.719358 1.649750 2.612667 5.981775 5.232570
 0.000105 1.719981 1.647930 2.611263 5.979174 5.148792
 0.000106 1.713853 1.647279 2.609783 5.970916 4.887186
 0.000106 1.701715 1.647914 2.608142 5.957771 4.484877
 0.000107 1.684454 1.650044 2.606443 5.940941 3.994976
 0.000107 1.663988 1.653345 2.604694 5.922027 3.478228
 0.000108 1.641873 1.657812 2.602992 5.902677 2.986592
 0.000108 1.619705 1.663608 2.601297 5.884610 2.561352
 0.000109 1.599157 1.670881 2.599634 5.869671 2.234404
 0.000109 1.581233 1.679585 2.598035 5.858853 2.011560
 0.000110 1.566602 1.689450 2.596555 5.852607 1.888234
 0.000110 1.555656 1.699747 2.595183 5.850586 1.849151
 0.000111 1.548663 1.709738 2.593926 5.852327 1.882800
 0.000111 1.545911 1.718786 2.592798 5.857495 1.984421
 0.000112 1.547534 1.726503 2.591837 5.865874 2.154849
 0.000112 1.553624 1.732326 2.591033 5.876983 2.391645
 0.000113 1.563575 1.735825 2.590424 5.889823 2.680714
 0.000113 1.577252 1.736882 2.590014 5.904149 3.022675
 0.000114 1.593282 1.735289 2.589821 5.918391 3.383003
 0.000114 1.610558 1.731650 2.589857 5.932065 3.748018
 0.000115 1.628343 1.725877 2.590177 5.944397 4.093252
 0.000115 1.644963 1.718539 2.590739 5.954241 4.379782
 0.000116 1.659143 1.709878 2.591560 5.960581 4.569428
 0.000116 1.669225 1.700761 2.592582 5.962568 4.629682
 0.000117 1.674105 1.691711 2.593902 5.959717 4.543335
 0.000117 1.673316 1.683167 2.595420 5.951902 4.310828
 0.000118 1.666448 1.675528 2.597154 5.939129 3.943935
 0.000118 1.653854 1.669643 2.599058 5.922555 3.492167
 0.000119 1.636854 1.665632 2.601242 5.903728 3.012333
 0.000119 1.616715 1.664208 2.603769 5.884692 2.563209
 0.000120 1.594726 1.666109 2.606675 5.867510 2.188942
 0.000120 1.572936 1.671325 2.609828 5.854089 1.917132
 0.000121 1.552672 1.679709 2.613306 5.845687 1.756155
 0.000121 1.535135 1.690687 2.617018 5.842840 1.703193
 0.000122 1.521195 1.703608 2.621068 5.845870 1.759587
 0.000122 1.511099 1.718276 2.625463 5.854838 1.931841
 0.000123 1.505008 1.733997 2.630233 5.869237 2.225230
 0.000123 1.503003 1.749022 2.635312 5.887336 2.623432
 0.000124 1.505068 1.762246 2.640637 5.907950 3.116865
 0.000124 1.511231 1.772513 2.646123 5.929867 3.688090
 0.000125 1.520620 1.779069 2.651838 5.951527 4.299807
 0.000125 1.532808 1.781181 2.657665 5.971654 4.910281
 0.000126 1.547089 1.778574 2.663591 5.989254 5.477335
 0.000126 1.561975 1.771278 2.669671 6.002924 5.939130
 0.000127 1.576617 1.759814 2.675947 6.012379 6.269453
 0.000127 1.590816 1.744987 2.682377 6.018180 6.476548
 0.000128 1.602993 1.727697 2.688851 6.019540 6.525596
 0.000128 1.612005 1.709392 2.695383 6.016781 6.426281
 0.000129 1.617693 1.690975 2.701961 6.010629 6.207638
 0.000129 1.619668 1.673610 2.708677 6.001954 5.905750
 0.000130 1.617774 1.657762 2.715470 5.991006 5.535467
 0.000130 1.612387 1.644477 2.722327 5.979191 5.149329
 0.000131 1.604180 1.634594 2.729271 5.968045 4.797835
 0.000131 1.593971 1.628316 2.736291 5.958578 4.509073
 0.000132 1.582468 1.625873 2.743347 5.951689 4.304555
 0.000132 1.571075 1.627356 2.750373 5.948803 4.220305
 0.000133 1.560748 1.632417 2.757373 5.950538 4.270852
 0.000133 1.552193 1.641373 2.764188 5.957754 4.484368
 0.000134 1.545794 1.653862 2.770867 5.970524 4.874937
 0.000134 1.541448 1.668753 2.777381 5.987581 5.422102
 0.000135 1.539242 1.685102 2.783740 6.008084 6.118297
 0.000135 1.539406 1.701771 2.789900 6.031077 6.949029
 0.000136 1.541761 1.717486 2.795763 6.055009 7.869864
 0.000136 1.546014 1.730986 2.801353 6.078354 8.823263
 0.000137 1.551892 1.740680 2.806640 6.099212 9.721241
 0.000137 1.558928 1.745084 2.811615 6.115627 10.458485
 0.000138 1.566657 1.743651 2.816282 6.126590 10.965888
 0.000138 1.574819 1.736096 2.820710 6.131625 11.202961
 0.000139 1.583354 1.723465 2.824879 6.131699 11.206474
 0.000139 1.592127 1.706581 2.828810 6.127518 11.009388
 0.000140 1.600456 1.686552 2.832401 6.119409 10.632170
 0.000140 1.607919 1.664855 2.835730 6.108504 10.135265
 0.000141 1.614469 1.643458 2.838878 6.096805 9.615400
 0.000141 1.619486 1.623732 2.841664 6.084882 9.099656
 0.000142 1.622688 1.606280 2.844139 6.073107 8.604253
 0.000142 1.624374 1.592356 2.846238 6.062968 8.188770
 0.000143 1.624409 1.582705 2.847983 6.055097 7.873361
 0.000143 1.622859 1.577698 2.849410 6.049967 7.671106
 0.000144 1.620047 1.577742 2.850581 6.048369 7.608652
 0.000144 1.616427 1.582825 2.851560 6.050813 7.704258
 0.000145 1.612313 1.592326 2.852338 6.056977 7.948139
 0.000145 1.607959 1.606124 2.852845 6.066928 8.349810
 0.000146 1.603022 1.623649 2.853026 6.079697 8.879793
 0.000146 1.597310 1.643974 2.852916 6.094199 9.501465
 0.000147 1.591781 1.666234 2.852536 6.110552 10.227680
 0.000147 1.586588 1.689033 2.851861 6.127482 11.007735
 0.000148 1.581461 1.711606 2.850871 6.143938 11.793374
 0.000148 1.576851 1.732919 2.849626 6.159395 12.556031
 0.000149 1.572415 1.751363 2.848137 6.171915 13.191244
 0.000149 1.568233 1.766122 2.846331 6.180687 13.645654
 0.000150 1.564291 1.776377 2.844240 6.184908 13.867055
 0.000150 1.560393 1.781434 2.841893 6.183720 13.804585
 0.000151 1.556901 1.781064 2.839349 6.177315 13.470075
 0.000151 1.553943 1.775674 2.836576 6.166193 12.898985
 0.000152 1.551680 1.765163 2.833641 6.150484 12.113422
 0.000152 1.550160 1.750488 2.830521 6.131170 11.181442
 0.000153 1.549555 1.732504 2.827194 6.109253 10.169013
 0.000153 1.550338 1.712723 2.823791 6.086852 9.183865
 0.000154 1.553086 1.692004 2.820191 6.065281 8.282653
 0.000154 1.557629 1.671354 2.816488 6.045471 7.495995
 0.000155 1.563665 1.651616 2.812737 6.028019 6.835504
 0.000155 1.571757 1.633399 2.808854 6.014010 6.327352
 0.000156 1.581156 1.617572 2.805024 6.003752 5.967691
 0.000156 1.591877 1.604645 2.801231 5.997753 5.762231
 0.000157 1.603362 1.594736 2.797400 5.995497 5.685919
 0.000157 1.614664 1.588418 2.793578 5.996660 5.725204
 0.000158 1.625071 1.585582 2.789784 6.000437 5.853696
 0.000158 1.633968 1.585599 2.786086 6.005653 6.033530
 0.000159 1.640402 1.588394 2.782339 6.011134 6.225456
 0.000159 1.643884 1.593508 2.778613 6.016005 6.398521
 0.000160 1.643825 1.600182 2.774967 6.018974 6.505164
 0.000160 1.639883 1.607939 2.771402 6.019224 6.514178
 0.000161 1.632750 1.616030 2.767921 6.016701 6.423420
 0.000161 1.622397 1.623240 2.764556 6.010194 6.192305
 0.000162 1.609525 1.627925 2.761268 5.998717 5.795023
 0.000162 1.595329 1.629096 2.757998 5.982423 5.253583
 0.000163 1.580865 1.626480 2.754748 5.962093 4.615241
 0.000163 1.567366 1.620246 2.751583 5.939195 3.945764
 0.000164 1.555609 1.610226 2.748630 5.914464 3.281618
 0.000164 1.546442 1.597564 2.745904 5.889910 2.682716
 0.000165 1.540857 1.582855 2.743418 5.867129 2.180992
 0.000165 1.539097 1.567454 2.741150 5.847701 1.794085
 0.000166 1.541300 1.552600 2.739114 5.833013 1.526659
 0.000166 1.547476 1.539638 2.737345 5.824459 1.380844
 0.000167 1.557402 1.529113 2.735767 5.822283 1.344915
 0.000167 1.570811 1.521946 2.734453 5.827209 1.426924
 0.000168 1.586773 1.518527 2.733424 5.838724 1.628085
 0.000168 1.604273 1.519031 2.732711 5.856015 1.955036
 0.000169 1.622253 1.523348 2.732106 5.877707 2.407496
 0.000169 1.639722 1.531152 2.731663 5.902537 2.983187
 0.000170 1.654938 1.541656 2.731444 5.928037 3.638562
 0.000170 1.666569 1.553975 2.731431 5.951975 4.312951
 0.000171 1.674172 1.567358 2.731591 5.973121 4.956381
 0.000171 1.676995 1.581159 2.731945 5.990100 5.505358
 0.000172 1.675355 1.594221 2.732542 6.002118 5.911361
 0.000172 1.669673 1.605994 2.733330 6.008997 6.150264
 0.000173 1.660932 1.615769 2.734228 6.010929 6.218195
 0.000173 1.649817 1.623192 2.735283 6.008291 6.125545
 0.000174 1.637221 1.628017 2.736535 6.001774 5.899534
 0.000174 1.624203 1.629987 2.737909 5.992099 5.571899
 0.000175 1.611561 1.629563 2.739407 5.980531 5.192405
 0.000175 1.599972 1.626817 2.741023 5.967811 4.790612
 0.000176 1.590425 1.622122 2.742746 5.955293 4.410944
 0.000176 1.583419 1.616051 2.744666 5.944137 4.085818
 0.000177 1.579693 1.609518 2.746734 5.935945 3.855020
 0.000177 1.579187 1.603387 2.748883 5.931458 3.731413
 0.000178 1.582244 1.598220 2.751138 5.931601 3.735329
 0.000178 1.588723 1.594470 2.753580 5.936773 3.878039
 0.000179 1.598300 1.591880 2.756077 5.946257 4.146646
 0.000179 1.610258 1.590207 2.758594 5.959058 4.523509
 0.000180 1.624309 1.589036 2.761151 5.974496 4.999770
 0.000180 1.639494 1.588378 2.763669 5.991542 5.553312
 0.000181 1.655180 1.587979 2.766069 6.009228 6.158387
 0.000181 1.670011 1.587820 2.768494 6.026324 6.772988
 0.000182 1.683411 1.587983 2.770812 6.042206 7.370111
 0.000182 1.694148 1.587804 2.773005 6.054957 7.867802
 0.000183 1.701103 1.587128 2.775098 6.063329 8.203398
 0.000183 1.703494 1.585935 2.777045 6.066474 8.331301
 0.000184 1.700460 1.584505 2.778827 6.063792 8.222166
 0.000184 1.692254 1.582981 2.780419 6.055654 7.895477
 0.000185 1.679755 1.581932 2.781865 6.043553 7.421908
 0.000185 1.663499 1.580703 2.783192 6.027394 6.812425
 0.000186 1.644821 1.579793 2.784345 6.008960 6.148959
 0.000186 1.624751 1.579373 2.785254 5.989379 5.481452
 0.000187 1.604774 1.579967 2.785955 5.970696 4.880313
 0.000187 1.586237 1.581806 2.786478 5.954521 4.388052
 0.000188 1.570397 1.585279 2.786744 5.942420 4.036892
 0.000188 1.558120 1.590329 2.786772 5.935221 3.834927
 0.000189 1.550202 1.597182 2.786592 5.933976 3.800527
 0.000189 1.546529 1.605173 2.786161 5.937864 3.908463
 0.000190 1.547605 1.613884 2.785449 5.946937 4.166269
 0.000190 1.552712 1.622619 2.784528 5.959859 4.547617
 0.000191 1.561727 1.631146 2.783507 5.976380 5.059521
 0.000191 1.574342 1.639151 2.782241 5.995735 5.693934
 0.000192 1.589015 1.646258 2.780791 6.016063 6.400599
 0.000192 1.605395 1.652384 2.779138 6.036917 7.168466
 0.000193 1.622010 1.657004 2.777190 6.056205 7.917376
 0.000193 1.638149 1.660086 2.775019 6.073254 8.610348
 0.000194 1.652545 1.660944 2.772740 6.086229 9.157183
 0.000194 1.663902 1.659732 2.770270 6.093904 9.488597
 0.000195 1.671389 1.657308 2.767613 6.096310 9.593692
 0.000195 1.674988 1.654373 2.764780 6.094142 9.498948
 0.000196 1.674742 1.651061 2.761782 6.087584 9.215284
 0.000196 1.671046 1.647378 2.758637 6.077062 8.769079
 0.000197 1.664541 1.644083 2.755294 6.063918 8.227267
 0.000197 1.655774 1.641693 2.751779 6.049246 7.642878
 0.000198 1.645753 1.640458 2.748181 6.034393 7.073190
 0.000198 1.635399 1.640755 2.744521 6.020674 6.566625
 0.000199 1.625732 1.643345 2.740828 6.009905 6.182149
 0.000199 1.617365 1.648170 2.737103 6.002638 5.929259
 0.000200 1.611145 1.655226 2.733217 5.999588 5.824701
 0.000200 1.607290 1.664255 2.729281 6.000826 5.867022
 0.000201 1.605772 1.674539 2.725298 6.005609 6.032026
 0.000201 1.606637 1.686143 2.721385 6.014165 6.332865
 0.000202 1.610135 1.698121 2.717562 6.025817 6.754336
 0.000202 1.616110 1.710077 2.713782 6.039968 7.284459
 0.000203 1.624243 1.721099 2.709980 6.055321 7.882226
 0.000203 1.633621 1.730553 2.706180 6.070354 8.490406
 0.000204 1.644201 1.737911 2.702436 6.084548 9.085394
 0.000204 1.655274 1.742401 2.698684 6.096359 9.595855
 0.000205 1.666215 1.743272 2.694896 6.104382 9.950540
 0.000205 1.676691 1.740731 2.691136 6.108559 10.137724
 0.000206 1.686099 1.734706 2.687450 6.108255 10.124054
 0.000206 1.694220 1.725829 2.683869 6.103918 9.929849
 0.000207 1.700288 1.714926 2.680255 6.095469 9.556904
 0.000207 1.704467 1.702691 2.676749 6.083907 9.058083
 0.000208 1.706339 1.690291 2.673357 6.069987 8.475283
 0.000208 1.705708 1.678132 2.669978 6.053818 7.822697
 0.000209 1.702939 1.667213 2.666568 6.036719 7.160978
 0.000209 1.697842 1.657865 2.663184 6.018891 6.502163
 0.000210 1.691137 1.650856 2.659875 6.001868 5.902785
 0.000210 1.683752 1.646851 2.656693 5.987295 5.412683
 0.000211 1.675695 1.646036 2.653718 5.975449 5.029948
 0.000211 1.667615 1.648143 2.650985 5.966744 4.757631
 0.000212 1.660228 1.652977 2.648407 5.961612 4.600649
 0.000212 1.653621 1.660426 2.646060 5.960108 4.555128
 0.000213 1.648066 1.669944 2.643886 5.961895 4.609236
 0.000213 1.644079 1.681191 2.641877 5.967147 4.770080
 0.000214 1.641852 1.693320 2.640081 5.975253 5.023727
 0.000214 1.641446 1.705295 2.638474 5.985214 5.344439
 0.000215 1.642556 1.716248 2.636935 5.995739 5.694053
 0.000215 1.645136 1.725255 2.635475 6.005865 6.040927
 0.000216 1.649001 1.731802 2.634226 6.015029 6.363639
 0.000216 1.653678 1.735142 2.633128 6.021948 6.612866
 0.000217 1.658809 1.735104 2.632201 6.026113 6.765207
 0.000217 1.663822 1.732176 2.631452 6.027449 6.814451
 0.000218 1.668285 1.726140 2.630902 6.025328 6.736348
 0.000218 1.671928 1.716978 2.630537 6.019443 6.522088
 0.000219 1.674233 1.706239 2.630283 6.010756 6.212097
 0.000219 1.675578 1.694737 2.630135 6.000449 5.854132
 0.000220 1.675965 1.683310 2.629968 5.989243 5.476965
 0.000220 1.675176 1.672866 2.629862 5.977905 5.108132
 0.000221 1.673723 1.664048 2.629845 5.967617 4.784584
 0.000221 1.671667 1.657292 2.629935 5.958893 4.518548
 0.000222 1.669238 1.652703 2.630155 5.952097 4.316535
 0.000222 1.666673 1.650903 2.630525 5.948101 4.199938
 0.000223 1.664207 1.651819 2.630984 5.947010 4.168359
 0.000223 1.662056 1.655764 2.631535 5.949354 4.236329
 0.000224 1.660351 1.662166 2.632114 5.954631 4.391318
 0.000224 1.659045 1.670730 2.632777 5.962552 4.629188
 0.000225 1.658508 1.680983 2.633512 5.973003 4.952651
 0.000225 1.658248 1.692171 2.634329 5.984748 5.329217
 0.000226 1.657961 1.704026 2.635260 5.997247 5.745078
 0.000226 1.657435 1.715710 2.636230 6.009376 6.163552
 0.000227 1.656436 1.726153 2.637249 6.019838 6.536374
 0.000227 1.655319 1.735203 2.638240 6.028762 6.862987
 0.000228 1.653963 1.742225 2.639223 6.035410 7.111526
 0.000228 1.652385 1.746179 2.640268 6.038832 7.241157
 0.000229 1.650395 1.746444 2.641339 6.038178 7.216286
 0.000229 1.648205 1.742874 2.642413 6.033492 7.039340
 0.000230 1.646169 1.734900 2.643312 6.024382 6.701677
 0.000230 1.644153 1.723111 2.644096 6.011360 6.233415
 0.000231 1.642821 1.708210 2.644810 5.995841 5.697501
 0.000231 1.642575 1.691281 2.645562 5.979419 5.156634
 0.000232 1.643547 1.673054 2.646166 5.962767 4.635734
 0.000232 1.645935 1.654684 2.646645 5.947264 4.175701
 0.000233 1.649589 1.636650 2.646956 5.933196 3.779054
 0.000233 1.654464 1.619815 2.647150 5.921429 3.462489
 0.000234 1.660394 1.605094 2.647140 5.912628 3.234738
 0.000234 1.666858 1.593321 2.646991 5.907170 3.097415
 0.000235 1.673103 1.584743 2.646675 5.904521 3.031843
 0.000235 1.678879 1.580051 2.646238 5.905167 3.047772
 0.000236 1.683507 1.579169 2.645634 5.908309 3.125833
 0.000236 1.686424 1.581958 2.644864 5.913246 3.250491
 0.000237 1.687172 1.587578 2.643891 5.918640 3.389479
 0.000237 1.685275 1.595605 2.642720 5.923600 3.519846
 0.000238 1.680852 1.605359 2.641424 5.927635 3.627717
 0.000238 1.674267 1.615792 2.639858 5.929916 3.689411
 0.000239 1.665853 1.626445 2.638154 5.930452 3.703989
 0.000239 1.656078 1.636038 2.636326 5.928442 3.649492
 0.000240 1.645188 1.643582 2.634366 5.923136 3.507558
 0.000240 1.634147 1.648294 2.632233 5.914674 3.286999
 0.000241 1.623391 1.649458 2.630022 5.902871 2.991335
 0.000241 1.613559 1.647035 2.627720 5.888314 2.645870
 0.000242 1.605377 1.640963 2.625328 5.871668 2.276809
 0.000242 1.599139 1.631568 2.622969 5.853676 1.909057
 0.000243 1.595538 1.619386 2.620677 5.835601 1.572212
 0.000243 1.594940 1.605565 2.618371 5.818877 1.289635
 0.000244 1.597642 1.591347 2.616078 5.805067 1.077379
 0.000244 1.603233 1.577463 2.613943 5.794638 0.929735
 0.000245 1.611340 1.565029 2.611831 5.788200 0.844020
 0.000245 1.621501 1.554870 2.609812 5.786183 0.818006
 0.000246 1.633062 1.547406 2.607933 5.788401 0.846622
 0.000246 1.644943 1.543478 2.606149 5.794569 0.928796
 0.000247 1.656216 1.543560 2.604489 5.804265 1.065644
 0.000247 1.666413 1.547232 2.602958 5.816603 1.253374
 0.000248 1.674468 1.553936 2.601567 5.829972 1.473971
 0.000248 1.679541 1.563337 2.600286 5.843163 1.709160
 0.000249 1.681588 1.575259 2.599122 5.855968 1.954113
 0.000249 1.680062 1.588720 2.598171 5.866953 2.177308
 0.000250 1.675418 1.602817 2.597409 5.875645 2.362460
 0.000250 1.668494 1.616865 2.596887 5.882247 2.508156
 0.000251 1.659827 1.629788 2.596581 5.886196 2.597382
 0.000251 1.650285 1.641046 2.596479 5.887809 2.634282
 0.000252 1.640618 1.649924 2.596494 5.887036 2.616561
 0.000252 1.631910 1.656274 2.596779 5.884963 2.569346
 0.000253 1.625122 1.659735 2.597262 5.882118 2.505274
 0.000253 1.620443 1.660717 2.597970 5.879130 2.438823
 0.000254 1.618996 1.659093 2.598834 5.876923 2.390324
 0.000254 1.620397 1.655149 2.599934 5.875480 2.358887
 0.000255 1.624884 1.649530 2.601280 5.875694 2.363543
 0.000255 1.632244 1.642655 2.602898 5.877797 2.409478
 0.000256 1.642360 1.634715 2.604770 5.881845 2.499150
 0.000256 1.655165 1.626457 2.606987 5.888609 2.652657
 0.000257 1.670242 1.618655 2.609432 5.898330 2.881293
 0.000257 1.686831 1.611785 2.612111 5.910728 3.186595
 0.000258 1.704113 1.605969 2.614943 5.925025 3.557756
 0.000258 1.720485 1.601713 2.617925 5.940123 3.971879
 0.000259 1.734918 1.598999 2.621164 5.955081 4.404661
 0.000259 1.746444 1.597675 2.624626 5.968744 4.819523
 0.000260 1.754468 1.597991 2.628266 5.980726 5.198689
 0.000260 1.758456 1.599788 2.632068 5.990312 5.512388
 0.000261 1.758256 1.602995 2.636049 5.997300 5.746878
 0.000261 1.754077 1.607392 2.640194 6.001663 5.895732
 0.000262 1.746277 1.612870 2.644541 6.003688 5.965492
 0.000262 1.735486 1.619522 2.649039 6.004047 5.977875
 0.000263 1.722251 1.627376 2.653674 6.003300 5.952098
 0.000263 1.708018 1.635931 2.658475 6.002424 5.921895
 0.000264 1.693226 1.644692 2.663420 6.001337 5.884552
 0.000264 1.678682 1.653252 2.668548 6.000482 5.855251
 0.000265 1.665495 1.661932 2.673769 6.001196 5.879709
 0.000265 1.654143 1.670491 2.679062 6.003696 5.965752
 0.000266 1.645254 1.678318 2.684444 6.008015 6.115881
 0.000266 1.639351 1.684770 2.689902 6.014023 6.327810
 0.000267 1.636518 1.689921 2.695428 6.021867 6.609909
 0.000267 1.636599 1.693347 2.701013 6.030959 6.944650
 0.000268 1.640035 1.694970 2.706589 6.041593 7.346606
 0.000268 1.646920 1.694581 2.712101 6.053603 7.814158
 0.000269 1.656836 1.692099 2.717540 6.066475 8.331325
 0.000269 1.668861 1.687656 2.722958 6.079475 8.870438
 0.000270 1.682591 1.681649 2.728353 6.092594 9.431606
 0.000270 1.697015 1.674552 2.733611 6.105178 9.986078
 0.000271 1.711558 1.666497 2.738726 6.116781 10.511354
 0.000271 1.725195 1.657871 2.743641 6.126707 10.971405
 0.000272 1.737405 1.648794 2.748334 6.134533 11.341047
 0.000272 1.747615 1.640149 2.752776 6.140540 11.628917
 0.000273 1.754968 1.631692 2.756943 6.143603 11.777111
 0.000273 1.759322 1.623500 2.760833 6.143655 11.779624
 0.000274 1.760606 1.616525 2.764587 6.141719 11.685840
 0.000274 1.759182 1.610939 2.768155 6.138276 11.520000
 0.000275 1.755126 1.606954 2.771517 6.133597 11.296525
 0.000275 1.748923 1.604884 2.774595 6.128402 11.050937
 0.000276 1.741228 1.604805 2.777406 6.123440 10.818881
 0.000276 1.732732 1.606619 2.779927 6.119278 10.626147
 0.000277 1.724213 1.610198 2.782229 6.116640 10.504864
 0.000277 1.715759 1.615267 2.784322 6.115348 10.445761
 0.000278 1.707500 1.621311 2.786244 6.115055 10.432379
 0.000278 1.699749 1.628056 2.787929 6.115734 10.463405
 0.000279 1.693370 1.635132 2.789410 6.117912 10.563272
 0.000279 1.688543 1.641733 2.790672 6.120948 10.703260
 0.000280 1.685331 1.647935 2.791634 6.124901 10.886963
 0.000280 1.683566 1.653216 2.792344 6.129126 11.084990
 0.000281 1.683095 1.657141 2.792768 6.133004 11.268337
 0.000281 1.684184 1.659475 2.792917 6.136577 11.438589
 0.000282 1.686138 1.660025 2.792821 6.138984 11.554030
 0.000282 1.689095 1.659302 2.792423 6.140820 11.642428
 0.000283 1.692675 1.657279 2.791773 6.141726 11.686214
 0.000283 1.696829 1.653709 2.790955 6.141493 11.674955
 0.000284 1.700679 1.647998 2.789957 6.138635 11.537232
 0.000284 1.704240 1.640734 2.788809 6.133783 11.305346
 0.000285 1.707001 1.631898 2.787460 6.126360 10.955116
 0.000285 1.708663 1.622300 2.785899 6.116862 10.515067
 0.000286 1.708654 1.611932 2.784109 6.104695 9.964517
 0.000286 1.706883 1.601290 2.782147 6.090320 9.333113
 0.000287 1.703219 1.590922 2.780065 6.074206 8.649879
 0.000287 1.697783 1.581428 2.777904 6.057115 7.953623
 0.000288 1.690376 1.573586 2.775712 6.039674 7.273227
 0.000288 1.681415 1.567558 2.773485 6.022458 6.631418
 0.000289 1.671425 1.563926 2.771146 6.006496 6.062869
 0.000289 1.660977 1.563165 2.768733 5.992875 5.597836
 0.000290 1.650722 1.565724 2.766282 5.982729 5.263487
 0.000290 1.640780 1.571377 2.763812 5.975969 5.046457
 0.000291 1.631965 1.579582 2.761363 5.972910 4.949740
 0.000291 1.624359 1.589609 2.758947 5.972915 4.949879
 0.000292 1.618013 1.600852 2.756468 5.975333 5.026251
 0.000292 1.613788 1.612742 2.754096 5.980626 5.195470
 0.000293 1.611234 1.624730 2.751797 5.987761 5.428028
 0.000293 1.610341 1.634841 2.749605 5.994786 5.661960
 0.000294 1.610964 1.642039 2.747434 6.000438 5.853732
 0.000294 1.612338 1.645702 2.745289 6.003328 5.953057
 0.000295 1.613943 1.645191 2.743316 6.002450 5.922795
 0.000295 1.615896 1.640129 2.741482 5.997507 5.753886
 0.000296 1.618304 1.630949 2.739746 5.988998 5.468867
 0.000296 1.621081 1.618417 2.738113 5.977611 5.098754
 0.000297 1.624155 1.603691 2.736590 5.964437 4.686721
 0.000297 1.627341 1.588072 2.735133 5.950546 4.271086
 0.000298 1.630556 1.573253 2.733795 5.937605 3.901232
 0.000298 1.633141 1.560004 2.732622 5.925767 3.577568
 0.000299 1.635066 1.549392 2.731602 5.916061 3.322652
 0.000299 1.636433 1.542181 2.730804 5.909418 3.153612
 0.000300 1.637250 1.538993 2.730152 5.906396 3.078169
 0.000300 1.637511 1.539614 2.729595 5.906719 3.086200
 0.000301 1.636633 1.543620 2.729151 5.909404 3.153269
 0.000301 1.634911 1.550958 2.728863 5.914732 3.288500
 0.000302 1.632409 1.561112 2.728710 5.922231 3.483622
 0.000302 1.628552 1.573354 2.728671 5.930578 3.707418
 0.000303 1.624118 1.585927 2.728751 5.938796 3.934587
 0.000303 1.619151 1.597201 2.728898 5.945250 4.117703
 0.000304 1.613948 1.606164 2.729147 5.949259 4.233553
 0.000304 1.608964 1.611490 2.729539 5.949993 4.254938
 0.000305 1.604123 1.612769 2.730082 5.946975 4.167352
 0.000305 1.600011 1.609781 2.730801 5.940593 3.985157
 0.000306 1.596853 1.602477 2.731717 5.931047 3.720206
 0.000306 1.595142 1.591627 2.732843 5.919611 3.414813
 0.000307 1.594976 1.578442 2.734267 5.907685 3.110251
 0.000307 1.596660 1.564198 2.735880 5.896738 2.843214
 0.000308 1.600280 1.550264 2.737611 5.888155 2.642217
 0.000308 1.605500 1.537913 2.739468 5.882881 2.522376
 0.000309 1.612468 1.528347 2.741443 5.882257 2.508381
 0.000309 1.620737 1.522521 2.743538 5.886795 2.611061
 0.000310 1.629287 1.521172 2.745763 5.896222 2.830917
 0.000310 1.637403 1.524108 2.748121 5.909632 3.158994
 0.000311 1.644327 1.530580 2.750661 5.925568 3.572243
 0.000311 1.649787 1.540146 2.753281 5.943214 4.059482
 0.000312 1.652834 1.552215 2.755946 5.960995 4.581930
 0.000312 1.653318 1.565855 2.758804 5.977977 5.110449
 0.000313 1.650658 1.580227 2.761755 5.992640 5.589963
 0.000313 1.644653 1.594733 2.764731 6.004117 5.980319
 0.000314 1.636080 1.608831 2.767806 6.012717 6.281410
 0.000314 1.624652 1.621592 2.770924 6.017169 6.440202
 0.000315 1.611258 1.632524 2.774165 6.017947 6.468159
 0.000315 1.596807 1.641439 2.777516 6.015762 6.389807
 0.000316 1.582119 1.648271 2.780945 6.011335 6.232554
 0.000316 1.567997 1.653198 2.784400 6.005596 6.031549
 0.000317 1.555134 1.655859 2.787903 5.998896 5.801115
 0.000317 1.544090 1.656107 2.791363 5.991560 5.553918
 0.000318 1.535414 1.654200 2.794788 5.984401 5.317872
 0.000318 1.530251 1.650568 2.798170 5.978990 5.142867
 0.000319 1.528857 1.645443 2.801393 5.975693 5.037681
 0.000319 1.531008 1.639599 2.804581 5.975189 5.021681
 0.000320 1.536544 1.633055 2.807653 5.977253 5.087308
 0.000320 1.545134 1.626112 2.810733 5.981978 5.239159
 0.000321 1.556271 1.619352 2.813719 5.989342 5.480247
 0.000321 1.569677 1.612824 2.816568 5.999069 5.807004
 0.000322 1.584842 1.607020 2.819450 6.011312 6.231720
 0.000322 1.600722 1.601700 2.822199 6.024621 6.710423
 0.000323 1.616290 1.597057 2.824854 6.038201 7.217155
 0.000323 1.630526 1.593175 2.827403 6.051104 7.715685
 0.000324 1.642328 1.590031 2.829728 6.062087 8.153185
 0.000324 1.651041 1.587498 2.831919 6.070458 8.494708
 0.000325 1.655780 1.585430 2.833956 6.075166 8.689873
 0.000325 1.656778 1.584227 2.835730 6.076734 8.755381
 0.000326 1.654560 1.583985 2.837355 6.075899 8.720464
 0.000326 1.649824 1.584686 2.838869 6.073379 8.615549
 0.000327 1.643323 1.586611 2.840190 6.070124 8.480963
 0.000327 1.635968 1.589364 2.841299 6.066630 8.337658
 0.000328 1.629201 1.592985 2.842104 6.064290 8.242371
 0.000328 1.623778 1.597399 2.842716 6.063893 8.226252
 0.000329 1.619674 1.601926 2.843164 6.064765 8.261654
 0.000329 1.617480 1.606062 2.843330 6.066872 8.347540
 0.000330 1.617196 1.609687 2.843249 6.070133 8.481295
 0.000330 1.619429 1.612463 2.842974 6.074866 8.677361
 0.000331 1.623913 1.614454 2.842372 6.080739 8.923738
 0.000331 1.630148 1.614763 2.841452 6.086363 9.162909
 0.000332 1.637770 1.613084 2.840300 6.091154 9.369185
 0.000332 1.646424 1.609995 2.838838 6.095257 9.547636
 0.000333 1.656219 1.605970 2.837191 6.099380 9.728641
 0.000333 1.666349 1.601447 2.835322 6.103118 9.894210
 0.000334 1.676118 1.596207 2.833202 6.105527 10.001678
 0.000334 1.684666 1.590758 2.830916 6.106340 10.038054
 0.000335 1.691617 1.585171 2.828501 6.105289 9.991027
 0.000335 1.696571 1.580361 2.825976 6.102908 9.884883
 0.000336 1.699182 1.576594 2.823350 6.099126 9.717428
 0.000336 1.699242 1.573975 2.820553 6.093770 9.482758
 0.000337 1.696371 1.572725 2.817591 6.086686 9.176761
 0.000337 1.691305 1.573296 2.814519 6.079121 8.855516
 0.000338 1.683660 1.575385 2.811381 6.070426 8.493381
 0.000338 1.674236 1.578805 2.808220 6.061261 8.119838
 0.000339 1.663687 1.583546 2.804975 6.052208 7.759132
 0.000339 1.652413 1.589444 2.801646 6.043503 7.420006
 0.000340 1.641496 1.596181 2.798274 6.035952 7.131957
 0.000340 1.631260 1.603626 2.794871 6.029758 6.899945
 0.000341 1.622453 1.611753 2.791439 6.025645 6.748008
 0.000341 1.615578 1.620520 2.788027 6.024126 6.692302
 0.000342 1.611192 1.629604 2.784667 6.025462 6.741301
 0.000342 1.609179 1.638780 2.781406 6.029365 6.885368
 0.000343 1.609721 1.647650 2.778137 6.035508 7.115213
 0.000343 1.613084 1.655661 2.774927 6.043672 7.426502
 0.000344 1.619304 1.662763 2.771829 6.053896 7.825776
 0.000344 1.628215 1.669029 2.768778 6.066022 8.312843
 0.000345 1.638787 1.674047 2.765763 6.078597 8.833478
 0.000345 1.650456 1.677460 2.762830 6.090746 9.351535
 0.000346 1.663180 1.679092 2.759946 6.102217 9.854193
 0.000346 1.675852 1.678866 2.757087 6.111805 10.284424
 0.000347 1.687945 1.676627 2.754290 6.118861 10.606948
 0.000347 1.699415 1.672444 2.751548 6.123406 10.817312
 0.000348 1.709628 1.666256 2.748772 6.124656 10.875508
 0.000348 1.718293 1.659279 2.746030 6.123601 10.826387
 0.000349 1.724700 1.651210 2.743280 6.119190 10.622106
 0.000349 1.728519 1.642400 2.740501 6.111419 10.266952
 0.000350 1.729872 1.633409 2.737751 6.101032 9.801669
 0.000350 1.728966 1.624455 2.735004 6.088425 9.251433
 0.000351 1.726461 1.615979 2.732240 6.074680 8.669635
 0.000351 1.722682 1.608105 2.729436 6.060223 8.078072
 0.000352 1.717419 1.601173 2.726644 6.045237 7.486942
 0.000352 1.711488 1.595800 2.723894 6.031182 6.952962
 0.000353 1.705724 1.592022 2.721116 6.018861 6.501097
 0.000353 1.700696 1.589879 2.718370 6.008944 6.148408
 0.000354 1.696534 1.589793 2.715667 6.001994 5.907102
 0.000354 1.693288 1.591455 2.712987 5.997731 5.761480
 0.000355 1.691312 1.594783 2.710372 5.996468 5.718690
 0.000355 1.690689 1.599574 2.707865 5.998129 5.774997
 0.000356 1.691372 1.605326 2.705444 6.002141 5.912177
 0.000356 1.693498 1.611564 2.703050 6.008111 6.119242
 0.000357 1.697071 1.617981 2.700665 6.015716 6.388182
 0.000357 1.701629 1.623707 2.698399 6.023736 6.678042
 0.000358 1.706183 1.628008 2.696197 6.030388 6.923364
 0.000358 1.710763 1.630165 2.694075 6.035003 7.096169
 0.000359 1.715021 1.630122 2.691854 6.036997 7.171472
 0.000359 1.718515 1.627398 2.689570 6.035483 7.114266
 0.000360 1.721225 1.622601 2.687295 6.031121 6.950676
 0.000360 1.722536 1.615615 2.685088 6.023238 6.659862
 0.000361 1.722142 1.607432 2.682873 6.012447 6.271860
 0.000361 1.720171 1.598733 2.680731 5.999635 5.826317
 0.000362 1.716809 1.589880 2.678581 5.985270 5.346257
 0.000362 1.712257 1.581607 2.676456 5.970320 4.868578
 0.000363 1.706419 1.574497 2.674418 5.955334 4.412171
 0.000363 1.700114 1.569147 2.672440 5.941701 4.016493
 0.000364 1.693741 1.565943 2.670491 5.930175 3.696445
 0.000364 1.687807 1.565542 2.668619 5.921969 3.476706
 0.000365 1.682629 1.567924 2.666753 5.917305 3.354816
 0.000365 1.678498 1.573199 2.664946 5.916643 3.337688
 0.000366 1.675792 1.581206 2.663215 5.920213 3.430555
 0.000366 1.674924 1.591325 2.661644 5.927893 3.634668
 0.000367 1.675511 1.602763 2.660203 5.938478 3.925660
 0.000367 1.677358 1.615135 2.658876 5.951369 4.295175
 0.000368 1.680668 1.627775 2.657635 5.966078 4.737102
 0.000368 1.685121 1.639286 2.656417 5.980824 5.201867
 0.000369 1.690402 1.648901 2.655189 5.994492 5.652058
 0.000369 1.695870 1.656180 2.653935 6.005985 6.045082
 0.000370 1.701135 1.660469 2.652582 6.014186 6.333588
 0.000370 1.706222 1.661509 2.651188 6.018919 6.503164
 0.000371 1.710616 1.660049 2.649741 6.020406 6.556928
 0.000371 1.714092 1.656306 2.648248 6.018646 6.493328
 0.000372 1.717031 1.650663 2.646740 6.014435 6.342462
 0.000372 1.719446 1.643182 2.645227 6.007855 6.110283
 0.000373 1.721115 1.634599 2.643608 5.999321 5.815604
 0.000373 1.722373 1.626010 2.641893 5.990275 5.511187
 0.000374 1.723259 1.617774 2.640187 5.981220 5.214658
 0.000374 1.724009 1.610043 2.638527 5.972579 4.939312
 0.000375 1.724943 1.603542 2.636807 5.965292 4.712942
 0.000375 1.725621 1.598784 2.634959 5.959363 4.532671
 0.000376 1.725676 1.595931 2.632995 5.954602 4.390447
 0.000376 1.725674 1.595333 2.630960 5.951967 4.312714
 0.000377 1.725577 1.596953 2.628903 5.951434 4.297077
 0.000377 1.725619 1.601143 2.626689 5.953451 4.356406
 0.000378 1.725541 1.607441 2.624401 5.957382 4.473236
 0.000378 1.725054 1.615389 2.622017 5.962460 4.626401
 0.000379 1.723987 1.624117 2.619571 5.967675 4.786385
 0.000379 1.722181 1.633092 2.617029 5.972302 4.930631
 0.000380 1.719837 1.641673 2.614418 5.975928 5.045154
 0.000380 1.716879 1.649306 2.611772 5.977957 5.109798
 0.000381 1.713318 1.655894 2.609069 5.978282 5.120197
 0.000381 1.709364 1.661240 2.606288 5.976892 5.075807
 0.000382 1.704680 1.664773 2.603423 5.972876 4.948666
 0.000382 1.699722 1.666146 2.600491 5.966358 4.745742
 0.000383 1.694393 1.665547 2.597558 5.957498 4.476697
 0.000383 1.688687 1.663177 2.594660 5.946524 4.154340
 0.000384 1.682968 1.659264 2.591740 5.933972 3.800427
 0.000384 1.677542 1.654062 2.588896 5.920500 3.438076
 0.000385 1.672842 1.648433 2.586124 5.907400 3.103138
 0.000385 1.668958 1.643358 2.583369 5.895686 2.818169
 0.000386 1.665347 1.639045 2.580674 5.885066 2.571680
 0.000386 1.662638 1.636370 2.578032 5.877040 2.392886
 0.000387 1.661010 1.635825 2.575551 5.872387 2.292171
 0.000387 1.660336 1.637652 2.573181 5.871169 2.266175
 0.000388 1.660448 1.641684 2.570975 5.873106 2.307609
 0.000388 1.661135 1.648015 2.568939 5.878090 2.415902
 0.000389 1.661930 1.656538 2.567089 5.885557 2.582843
 0.000389 1.662651 1.667148 2.565502 5.895301 2.809054
 0.000390 1.663374 1.679426 2.564122 5.906922 3.091253
 0.000390 1.663283 1.692829 2.563022 5.919134 3.402343
 0.000391 1.662500 1.706984 2.562182 5.931666 3.737107
 0.000391 1.660828 1.720884 2.561570 5.943282 4.061434
 0.000392 1.658147 1.734165 2.561134 5.953446 4.356261
 0.000392 1.654093 1.745968 2.560948 5.961009 4.582366
 0.000393 1.649010 1.755722 2.560990 5.965722 4.726161
 0.000393 1.643437 1.763595 2.561237 5.968269 4.804784
 0.000394 1.637071 1.769617 2.561692 5.968381 4.808256
 0.000394 1.631068 1.773479 2.562442 5.966989 4.765186
 0.000395 1.625357 1.775019 2.563353 5.963729 4.665080
 0.000395 1.620126 1.774121 2.564519 5.958765 4.514695
 0.000396 1.615866 1.771537 2.565989 5.953391 4.354660
 0.000396 1.613150 1.767470 2.567783 5.948403 4.208684
 0.000397 1.612072 1.762122 2.569798 5.943992 4.081695
 0.000397 1.612714 1.756510 2.572086 5.941309 4.005383
 0.000398 1.615084 1.750648 2.574608 5.940341 3.978034
 0.000398 1.618988 1.745148 2.577334 5.941471 4.009977
 0.000399 1.624491 1.740246 2.580203 5.944940 4.108807
 0.000399 1.631277 1.735901 2.583233 5.950412 4.267164
 0.000400 1.638765 1.732376 2.586434 5.957575 4.478992
 0.000400 1.647023 1.729826 2.589804 5.966653 4.754815
 0.000401 1.655009 1.727732 2.593289 5.976029 5.048354
 0.000401 1.662462 1.726382 2.597016 5.985860 5.365571
 0.000402 1.668790 1.726030 2.600995 5.995814 5.696615
 0.000402 1.673796 1.726248 2.605127 6.005172 6.016837
 0.000403 1.676842 1.726958 2.609425 6.013225 6.299452
 0.000403 1.677602 1.727414 2.613848 6.018864 6.501173
 0.000404 1.676412 1.727405 2.618403 6.022219 6.622740
 0.000404 1.673263 1.726588 2.623119 6.022970 6.650088
 0.000405 1.668232 1.724803 2.627932 6.020967 6.577252
 0.000405 1.661594 1.722072 2.632836 6.016502 6.416294
 0.000406 1.653745 1.718523 2.637772 6.010040 6.186889
 0.000406 1.645450 1.714306 2.642686 6.002442 5.922510
 0.000407 1.636993 1.709316 2.647631 5.993940 5.633507
 0.000407 1.629087 1.704165 2.652497 5.985749 5.361924
 0.000408 1.621878 1.699254 2.657344 5.978476 5.126414
 0.000408 1.615787 1.694765 2.662181 5.972733 4.944156
 0.000409 1.611489 1.691243 2.666988 5.969719 4.849836
 0.000409 1.609500 1.688598 2.671828 5.969927 4.856312
 0.000410 1.609185 1.687353 2.676585 5.973123 4.956440
 0.000410 1.611088 1.687208 2.681191 5.979487 5.158819
 0.000411 1.614904 1.688160 2.685718 5.988782 5.461729
 0.000411 1.620039 1.690098 2.690146 6.000282 5.848412
 0.000412 1.626090 1.692940 2.694523 6.013553 6.311089
 0.000412 1.632473 1.696374 2.698782 6.027629 6.821083
 0.000413 1.638879 1.700385 2.702970 6.042234 7.371205
 0.000413 1.644871 1.704732 2.707091 6.056693 7.936830
 0.000414 1.649761 1.709287 2.711042 6.070089 8.479523
 0.000414 1.652986 1.714105 2.714719 6.081810 8.969052
 0.000415 1.654303 1.719089 2.718114 6.091506 9.384422
 0.000415 1.653459 1.723509 2.721309 6.098278 9.680096
 0.000416 1.650146 1.727770 2.724307 6.102223 9.854439
 0.000416 1.644370 1.731487 2.727012 6.102869 9.883169
 0.000417 1.636938 1.734675 2.729486 6.101098 9.804584
 0.000417 1.628240 1.737111 2.731811 6.097162 9.631039
 0.000418 1.618567 1.739076 2.733826 6.091469 9.382807
 0.000418 1.608854 1.740850 2.735611 6.085314 9.118098
 0.000419 1.599456 1.741850 2.737181 6.078488 8.828905
 0.000419 1.591222 1.742484 2.738525 6.072231 8.567944
 0.000420 1.584528 1.743268 2.739653 6.067449 8.371135
 0.000420 1.579663 1.744199 2.740556 6.064417 8.247550
 0.000421 1.577114 1.745078 2.741186 6.063378 8.205401
 0.000421 1.576577 1.746070 2.741548 6.064195 8.238511
 0.000422 1.578188 1.747200 2.741644 6.067033 8.354101
 0.000422 1.581810 1.747929 2.741581 6.071321 8.530302
 0.000423 1.587340 1.748251 2.741422 6.077013 8.767047
 0.000423 1.594696 1.748593 2.741142 6.084431 9.080397
 0.000424 1.603503 1.748508 2.740711 6.092722 9.437182
 0.000424 1.613116 1.747188 2.740039 6.100342 9.771133
 0.000425 1.622359 1.744158 2.739196 6.105714 10.010030
 0.000425 1.630750 1.739505 2.738311 6.108565 10.138032
 0.000426 1.637966 1.733157 2.737315 6.108439 10.132326
 0.000426 1.643691 1.725140 2.736185 6.105016 9.978857
 0.000427 1.647858 1.715329 2.734864 6.098051 9.670102
 0.000427 1.649887 1.703493 2.733453 6.086833 9.183074
 0.000428 1.650122 1.690147 2.731966 6.072235 8.568101
 0.000428 1.648609 1.676129 2.730346 6.055085 7.872868
 0.000429 1.645610 1.662540 2.728611 6.036761 7.162554
 0.000429 1.641322 1.649544 2.726801 6.017667 6.458093
 0.000430 1.636291 1.637594 2.724982 5.998867 5.800131
 0.000430 1.631296 1.627391 2.723156 5.981843 5.234785
 0.000431 1.627030 1.619586 2.721333 5.967950 4.794895
 0.000431 1.623240 1.613948 2.719531 5.956719 4.453425
 0.000432 1.620609 1.610803 2.717796 5.949209 4.232098
 0.000432 1.619264 1.610142 2.716118 5.945524 4.125584
 0.000433 1.619203 1.611523 2.714471 5.945197 4.116200
 0.000433 1.620241 1.614467 2.712875 5.947584 4.184955
 0.000434 1.622231 1.618756 2.711351 5.952339 4.323654
 0.000434 1.625111 1.623362 2.709928 5.958401 4.503763
 0.000435 1.628182 1.627079 2.708605 5.963866 4.669277
 0.000435 1.631280 1.629763 2.707194 5.968236 4.803764
 0.000436 1.633884 1.630798 2.705837 5.970518 4.874771
 0.000436 1.635941 1.629892 2.704541 5.970374 4.870254
 0.000437 1.637054 1.626451 2.703374 5.966879 4.761803
 0.000437 1.637055 1.620865 2.702378 5.960298 4.560878
 0.000438 1.635301 1.613317 2.701388 5.950005 4.255286
 0.000438 1.632115 1.604911 2.700503 5.937529 3.899124
 0.000439 1.628086 1.596145 2.699657 5.923888 3.527483
 0.000439 1.623207 1.588030 2.698922 5.910159 3.172259
 0.000440 1.617882 1.581074 2.698286 5.897242 2.855245
 0.000440 1.612153 1.575958 2.697790 5.885900 2.590645
 0.000441 1.606497 1.573292 2.697385 5.877174 2.395830
 0.000441 1.601368 1.573350 2.697128 5.871846 2.280609
 0.000442 1.597104 1.576209 2.696954 5.870267 2.247011
 0.000442 1.594303 1.581898 2.696921 5.873123 2.307967
 0.000443 1.593260 1.590322 2.696971 5.880552 2.470343
 0.000443 1.593707 1.600930 2.697121 5.891758 2.725696
 0.000444 1.595405 1.613068 2.697474 5.905946 3.067032
 0.000444 1.598151 1.626180 2.698046 5.922377 3.487458
 0.000445 1.601690 1.639686 2.698724 5.940100 3.971243
 0.000445 1.605898 1.652714 2.699452 5.958063 4.493628
 0.000446 1.609919 1.664281 2.700258 5.974458 4.998546
 0.000446 1.613209 1.673965 2.701184 5.988358 5.447702
 0.000447 1.615695 1.680715 2.702263 5.998673 5.793512
 0.000447 1.617668 1.684250 2.703501 6.005419 6.025433
 0.000448 1.618830 1.684421 2.704943 6.008194 6.122129
 0.000448 1.619211 1.681517 2.706489 6.007217 6.087986
 0.000449 1.619041 1.675660 2.708167 6.002868 5.937195
 0.000449 1.618499 1.666901 2.709971 5.995371 5.681673
 0.000450 1.617858 1.655902 2.711921 5.985681 5.359718
 0.000450 1.617327 1.642733 2.713908 5.973968 4.983075
 0.000451 1.617388 1.628006 2.716068 5.961463 4.596109
 0.000451 1.618370 1.612591 2.718427 5.949388 4.237301
 0.000452 1.620685 1.597103 2.720966 5.938754 3.933398
 0.000452 1.623955 1.581937 2.723634 5.929526 3.678832
 0.000453 1.628303 1.567635 2.726386 5.922323 3.486051
 0.000453 1.633916 1.555019 2.729281 5.918216 3.378454
 0.000454 1.640897 1.544488 2.732334 5.917719 3.365526
 0.000454 1.648892 1.536469 2.735519 5.920880 3.448045
 0.000455 1.657548 1.530676 2.738877 5.927101 3.613344
 0.000455 1.666289 1.527521 2.742303 5.936113 3.859678
 0.000456 1.674485 1.526447 2.745755 5.946688 4.159067
 0.000456 1.681997 1.527356 2.749242 5.958594 4.509559
 0.000457 1.688620 1.530387 2.752859 5.971866 4.916954
 0.000457 1.693740 1.535090 2.756540 5.985369 5.349508
 0.000458 1.697161 1.540799 2.760263 5.998222 5.778176
 0.000458 1.698970 1.546979 2.764079 6.010028 6.186468
 0.000459 1.698911 1.552661 2.767916 6.019488 6.523697
 0.000459 1.696580 1.557393 2.771743 6.025717 6.750639
 0.000460 1.692567 1.561055 2.775554 6.029176 6.878328
 0.000460 1.687203 1.563046 2.779383 6.029632 6.895261
 0.000461 1.680936 1.563200 2.783210 6.027346 6.810638
 0.000461 1.674203 1.561564 2.786956 6.022723 6.641090
 0.000462 1.667710 1.558242 2.790637 6.016588 6.419387
 0.000462 1.661979 1.553660 2.794217 6.009856 6.180423
 0.000463 1.657217 1.548139 2.797746 6.003102 5.945260
 0.000463 1.654121 1.542770 2.801105 5.997995 5.770469
 0.000464 1.652718 1.537759 2.804317 5.994793 5.662202
 0.000464 1.653020 1.533588 2.807493 5.994101 5.638920
 0.000465 1.655139 1.530406 2.810530 5.996075 5.705428
 0.000465 1.659417 1.529081 2.813434 6.001933 5.905016
 0.000466 1.665414 1.529569 2.816081 6.011064 6.222986
 0.000466 1.673042 1.532215 2.818547 6.023804 6.680555
 0.000467 1.681726 1.537007 2.820909 6.039641 7.271976
 0.000467 1.690534 1.543625 2.823108 6.057267 7.959696
 0.000468 1.698722 1.551622 2.825142 6.075486 8.703216
 0.000468 1.705591 1.560870 2.826910 6.093372 9.465422
 0.000469 1.710575 1.571039 2.828508 6.110121 10.208201
 0.000469 1.713166 1.581454 2.829918 6.124538 10.870032
 0.000470 1.713600 1.591538 2.831050 6.136188 11.419985
 0.000470 1.711483 1.600475 2.831974 6.143932 11.793086
 0.000471 1.706630 1.607862 2.832599 6.147091 11.946996
 0.000471 1.699521 1.613739 2.832990 6.146250 11.905939
 0.000472 1.690577 1.618151 2.833102 6.141830 11.691245
 0.000472 1.680313 1.621269 2.832971 6.134553 11.342000
 0.000473 1.669366 1.623296 2.832565 6.125227 10.902175
 0.000473 1.658356 1.624506 2.831961 6.114823 10.421772
 0.000474 1.648155 1.625197 2.831146 6.104499 9.955745
 0.000474 1.639334 1.626006 2.830099 6.095439 9.555601
 0.000475 1.631881 1.627013 2.828906 6.087800 9.224562
 0.000475 1.626410 1.628707 2.827520 6.082636 9.004091
 0.000476 1.623477 1.631202 2.826005 6.080684 8.921418
 0.000476 1.623066 1.634728 2.824327 6.082121 8.982232
 0.000477 1.625295 1.639481 2.822549 6.087325 9.204162
 0.000477 1.630203 1.645202 2.820732 6.096137 9.586136
 0.000478 1.637761 1.651205 2.818846 6.107812 10.104152
 0.000478 1.646933 1.657167 2.816925 6.121024 10.706777
 0.000479 1.657137 1.663239 2.815004 6.135380 11.381441
 0.000479 1.667843 1.668850 2.813023 6.149715 12.075634
 0.000480 1.678507 1.673899 2.810909 6.163315 12.753228
 0.000480 1.688344 1.678159 2.808820 6.175323 13.366886
 0.000481 1.696905 1.681651 2.806711 6.185267 13.885995
 0.000481 1.703848 1.683904 2.804508 6.192261 14.256989
 0.000482 1.708429 1.684881 2.802275 6.195585 14.435047
 0.000482 1.710301 1.684868 2.799903 6.195072 14.407489
 0.000483 1.709404 1.683521 2.797470 6.190395 14.157561
 0.000483 1.705328 1.681032 2.795052 6.181413 13.683635
 0.000484 1.698553 1.677656 2.792582 6.168790 13.031255
 0.000484 1.689658 1.673348 2.790112 6.153118 12.243446
 0.000485 1.679141 1.668522 2.787687 6.135350 11.379964
 0.000485 1.667709 1.663973 2.785255 6.116937 10.518516
 0.000486 1.655802 1.660210 2.782806 6.098817 9.703834
 0.000486 1.644156 1.657437 2.780345 6.081937 8.974444
 0.000487 1.633434 1.656100 2.777830 6.067364 8.367636
 0.000487 1.623769 1.656289 2.775227 6.055285 7.880815
 0.000488 1.615604 1.658211 2.772617 6.046432 7.533252
 0.000488 1.608953 1.662037 2.770069 6.041059 7.326155
 0.000489 1.603655 1.667369 2.767568 6.038592 7.232032
 0.000489 1.599485 1.674155 2.765112 6.038752 7.238092
 0.000490 1.596379 1.682265 2.762795 6.041440 7.340726
 0.000490 1.593888 1.690807 2.760541 6.045236 7.486909
 0.000491 1.592212 1.699082 2.758373 6.049667 7.659348
 0.000491 1.591138 1.706574 2.756352 6.054064 7.832417
 0.000492 1.589862 1.712535 2.754404 6.056801 7.941098
 0.000492 1.588130 1.716601 2.752569 6.057301 7.961047
 0.000493 1.585950 1.718783 2.750849 6.055582 7.892611
 0.000493 1.582894 1.718925 2.749208 6.051027 7.712661
 0.000494 1.578713 1.716853 2.747600 6.043166 7.407034
 0.000494 1.572975 1.712770 2.746012 6.031756 6.974383
 0.000495 1.565978 1.707093 2.744534 6.017604 6.455849
 0.000495 1.557502 1.699947 2.743124 6.000574 5.858388
 0.000496 1.548272 1.692043 2.741782 5.982097 5.242999
 0.000496 1.538983 1.683919 2.740435 5.963337 4.653126
 0.000497 1.529659 1.676194 2.739122 5.944975 4.109817
 0.000497 1.520814 1.669437 2.737884 5.928135 3.641211
 0.000498 1.513244 1.663938 2.736777 5.913959 3.268690
 0.000498 1.507605 1.660344 2.735740 5.903689 3.011389
 0.000499 1.504167 1.658853 2.734767 5.897786 2.868266
 0.000499 1.503155 1.659395 2.733811 5.896360 2.834209
 0.000500 1.503986 1.662052 2.732871 5.898908 2.895196
