#! FIELDS time dAB dAC rc bias
 0.000000 2.722048 2.464340 5.186388 2.859554
 0.000000 2.723452 2.472235 5.195687 3.086250
 0.000001 2.724301 2.475959 5.200259 3.200904
 0.000001 2.724512 2.475569 5.200081 3.196404
 0.000002 2.724121 2.471357 5.195478 3.081066
 0.000002 2.723182 2.464144 5.187326 2.882027
 0.000003 2.721755 2.454380 5.176135 2.619612
 0.000003 2.720045 2.442385 5.162430 2.315310
 0.000004 2.718203 2.429010 5.147213 1.999426
 0.000004 2.716366 2.415085 5.131451 1.696660
 0.000005 2.714601 2.401610 5.116211 1.427533
 0.000005 2.713128 2.389002 5.102130 1.199524
 0.000006 2.711958 2.377446 5.089404 1.010509
 0.000006 2.711081 2.367070 5.078150 0.856858
 0.000007 2.710489 2.358108 5.068597 0.736356
 0.000007 2.710203 2.350837 5.061041 0.647515
 0.000008 2.710174 2.344932 5.055105 0.581731
 0.000008 2.710417 2.340056 5.050473 0.532842
 0.000009 2.710760 2.336059 5.046819 0.495785
 0.000009 2.711109 2.332683 5.043792 0.466097
 0.000010 2.711366 2.329677 5.041043 0.439938
 0.000010 2.711466 2.327125 5.038591 0.417235
 0.000011 2.711348 2.325232 5.036580 0.399072
 0.000011 2.710807 2.324308 5.035115 0.386092
 0.000012 2.710085 2.324551 5.034636 0.381887
 0.000012 2.709397 2.326203 5.035600 0.390362
 0.000013 2.708748 2.329524 5.038272 0.414330
 0.000013 2.707960 2.334906 5.042867 0.457210
 0.000014 2.707270 2.342227 5.049497 0.522814
 0.000014 2.706715 2.350917 5.057632 0.609303
 0.000015 2.706385 2.360959 5.067343 0.721223
 0.000015 2.706331 2.372045 5.078377 0.859823
 0.000016 2.706457 2.383500 5.089957 1.018388
 0.000016 2.706723 2.395340 5.102063 1.198482
 0.000017 2.707197 2.406656 5.113853 1.387964
 0.000017 2.707537 2.417072 5.124609 1.572955
 0.000018 2.707814 2.426109 5.133923 1.742508
 0.000018 2.707805 2.432723 5.140529 1.867996
 0.000019 2.707488 2.436012 5.143500 1.925872
 0.000019 2.706831 2.435944 5.142775 1.911663
 0.000020 2.705796 2.432616 5.138412 1.827312
 0.000020 2.704393 2.426258 5.130651 1.681950
 0.000021 2.702686 2.417719 5.120405 1.499287
 0.000021 2.700519 2.407039 5.107558 1.285072
 0.000022 2.698000 2.395167 5.093167 1.064718
 0.000022 2.695208 2.383057 5.078264 0.858352
 0.000023 2.692228 2.371390 5.063618 0.677177
 0.000023 2.689082 2.360624 5.049707 0.524959
 0.000024 2.685875 2.351490 5.037365 0.406110
 0.000024 2.682638 2.344748 5.027386 0.321161
 0.000025 2.679599 2.340847 5.020447 0.267952
 0.000025 2.676718 2.340053 5.016770 0.241715
 0.000026 2.673965 2.342426 5.016391 0.239082
 0.000026 2.671397 2.347986 5.019383 0.260220
 0.000027 2.668882 2.356392 5.025274 0.304454
 0.000027 2.666385 2.366655 5.033039 0.368065
 0.000028 2.663871 2.379047 5.042918 0.457701
 0.000028 2.661332 2.392790 5.054121 0.571168
 0.000029 2.658584 2.407320 5.065904 0.704042
 0.000029 2.655855 2.422411 5.078267 0.858384
 0.000030 2.652967 2.437850 5.090817 1.030700
 0.000030 2.650073 2.453671 5.103744 1.224656
 0.000031 2.647259 2.470019 5.117278 1.445630
 0.000031 2.644446 2.486713 5.131159 1.691282
 0.000032 2.641717 2.503584 5.145301 1.961376
 0.000032 2.639118 2.520268 5.159386 2.250272
 0.000033 2.636662 2.536452 5.173115 2.550938
 0.000033 2.634291 2.551552 5.185843 2.846537
 0.000034 2.632064 2.564992 5.197056 3.120360
 0.000034 2.630004 2.576377 5.206381 3.357662
 0.000035 2.628060 2.585712 5.213772 3.551927
 0.000035 2.626351 2.592326 5.218677 3.683872
 0.000036 2.624855 2.595767 5.220622 3.736840
 0.000036 2.623696 2.596563 5.220259 3.726930
 0.000037 2.622726 2.594655 5.217381 3.648779
 0.000037 2.621881 2.588999 5.210880 3.475278
 0.000038 2.621262 2.579862 5.201124 3.222817
 0.000038 2.620748 2.567255 5.188003 2.898305
 0.000039 2.620262 2.551835 5.172097 2.528004
 0.000039 2.620127 2.533891 5.154018 2.137838
 0.000040 2.620370 2.513323 5.133693 1.738214
 0.000040 2.621064 2.490527 5.111591 1.350540
 0.000041 2.622174 2.466303 5.088477 0.997376
 0.000041 2.623905 2.441610 5.065515 0.699429
 0.000042 2.626351 2.416831 5.043183 0.460236
 0.000042 2.629556 2.392720 5.022276 0.281507
 0.000043 2.633402 2.370458 5.003860 0.160281
 0.000043 2.637950 2.350732 4.988682 0.085866
 0.000044 2.643063 2.333698 4.976761 0.043570
 0.000044 2.648723 2.319542 4.968265 0.022100
 0.000045 2.654858 2.308764 4.963622 0.013416
 0.000045 2.661254 2.300645 4.961899 0.010743
 0.000046 2.667920 2.295299 4.963218 0.012763
 0.000046 2.674762 2.293030 4.967791 0.021115
 0.000047 2.681623 2.292878 4.974501 0.037155
 0.000047 2.688448 2.294365 4.982813 0.063267
 0.000048 2.695208 2.297025 4.992233 0.101212
 0.000048 2.701789 2.300331 5.002120 0.150581
 0.000049 2.708124 2.303551 5.011674 0.207578
 0.000049 2.714141 2.306549 5.020691 0.269741
 0.000050 2.719843 2.309741 5.029584 0.339012
 0.000050 2.725277 2.312970 5.038247 0.414105
 0.000051 2.730462 2.316582 5.047044 0.498031
 0.000051 2.735458 2.320381 5.055839 0.589667
 0.000052 2.740118 2.324713 5.064831 0.691361
 0.000052 2.744461 2.329476 5.073937 0.802584
 0.000053 2.748458 2.334718 5.083176 0.923914
 0.000053 2.752239 2.340193 5.092432 1.054011
 0.000054 2.755701 2.345717 5.101418 1.188520
 0.000054 2.758985 2.350725 5.109710 1.319802
 0.000055 2.762074 2.354609 5.116683 1.435516
 0.000055 2.764758 2.357425 5.122183 1.530227
 0.000056 2.767088 2.359076 5.126164 1.600668
 0.000056 2.769135 2.359230 5.128365 1.640292
 0.000057 2.770904 2.357134 5.128038 1.634364
 0.000057 2.772485 2.352571 5.125056 1.580900
 0.000058 2.773866 2.345296 5.119162 1.477827
 0.000058 2.775027 2.335904 5.110931 1.339710
 0.000059 2.776242 2.324654 5.100897 1.180496
 0.000059 2.777541 2.312208 5.089749 1.015425
 0.000060 2.778857 2.299780 5.078637 0.863242
 0.000060 2.780311 2.287860 5.068171 0.731202
 0.000061 2.782064 2.276686 5.058750 0.621705
 0.000061 2.784027 2.267190 5.051217 0.540542
 0.000062 2.786177 2.260124 5.046301 0.490641
 0.000062 2.788548 2.255671 5.044219 0.470230
 0.000063 2.791091 2.254222 5.045313 0.480904
 0.000063 2.793750 2.255651 5.049401 0.521831
 0.000064 2.796471 2.259888 5.056358 0.595325
 0.000064 2.799066 2.266363 5.065429 0.698415
 0.000065 2.801467 2.274876 5.076343 0.833362
 0.000065 2.803639 2.284743 5.088382 0.996027
 0.000066 2.805506 2.295061 5.100567 1.175437
 0.000066 2.807171 2.304708 5.111879 1.355278
 0.000067 2.808444 2.312793 5.121238 1.513736
 0.000067 2.809573 2.318744 5.128317 1.639427
 0.000068 2.810457 2.322041 5.132497 1.715991
 0.000068 2.811062 2.322791 5.133853 1.741194
 0.000069 2.811481 2.321834 5.133315 1.731172
 0.000069 2.811880 2.319957 5.131838 1.703789
 0.000070 2.812199 2.317692 5.129891 1.668039
 0.000070 2.812396 2.315462 5.127858 1.631120
 0.000071 2.812292 2.313722 5.126014 1.597989
 0.000071 2.812084 2.312475 5.124559 1.572079
 0.000072 2.811721 2.311970 5.123690 1.556712
 0.000072 2.811203 2.312251 5.123454 1.552553
 0.000073 2.810478 2.313171 5.123649 1.555982
 0.000073 2.809627 2.314713 5.124341 1.568209
 0.000074 2.808656 2.316756 5.125412 1.587245
 0.000074 2.807703 2.319294 5.126997 1.615612
 0.000075 2.806649 2.321588 5.128237 1.637968
 0.000075 2.805495 2.323052 5.128546 1.643575
 0.000076 2.804159 2.323064 5.127223 1.619665
 0.000076 2.802618 2.321076 5.123693 1.556767
 0.000077 2.801079 2.316951 5.118030 1.458440
 0.000077 2.799593 2.310781 5.110374 1.330619
 0.000078 2.798288 2.303220 5.101507 1.189900
 0.000078 2.797001 2.295090 5.092091 1.049066
 0.000079 2.796071 2.286939 5.083010 0.921657
 0.000079 2.795468 2.279260 5.074729 0.812652
 0.000080 2.795135 2.273316 5.068451 0.734593
 0.000080 2.795002 2.269467 5.064469 0.687119
 0.000081 2.794897 2.268157 5.063054 0.670627
 0.000081 2.794822 2.269829 5.064651 0.689248
 0.000082 2.794704 2.274135 5.068839 0.739301
 0.000082 2.794600 2.281167 5.075767 0.825938
 0.000083 2.794256 2.290902 5.085158 0.951053
 0.000083 2.793472 2.302463 5.095936 1.105503
 0.000084 2.792328 2.315335 5.107663 1.286753
 0.000084 2.790674 2.328859 5.119533 1.484219
 0.000085 2.788652 2.341656 5.130308 1.675675
 0.000085 2.786201 2.352635 5.138835 1.835415
 0.000086 2.783347 2.360761 5.144107 1.937809
 0.000086 2.780108 2.365639 5.145747 1.970215
 0.000087 2.776589 2.367144 5.143733 1.930455
 0.000087 2.772775 2.365406 5.138181 1.822895
 0.000088 2.768610 2.361328 5.129938 1.668903
 0.000088 2.764260 2.355800 5.120059 1.493304
 0.000089 2.759768 2.349837 5.109605 1.318102
 0.000089 2.754934 2.344302 5.099236 1.155117
 0.000090 2.749771 2.339670 5.089440 1.011024
 0.000090 2.744373 2.336141 5.080514 0.888084
 0.000091 2.738965 2.334726 5.073691 0.799479
 0.000091 2.733547 2.335770 5.069318 0.745129
 0.000092 2.728029 2.339029 5.067057 0.717794
 0.000092 2.722395 2.344375 5.066770 0.714352
 0.000093 2.716668 2.351810 5.068478 0.734914
 0.000093 2.710771 2.361410 5.072182 0.780503
 0.000094 2.704974 2.372103 5.077077 0.842860
 0.000094 2.699239 2.383626 5.082865 0.919692
 0.000095 2.693711 2.395152 5.088863 1.002833
 0.000095 2.688461 2.405675 5.094136 1.078909
 0.000096 2.683577 2.415173 5.098750 1.147741
 0.000096 2.679062 2.424153 5.103216 1.216400
 0.000097 2.674955 2.432837 5.107791 1.288817
 0.000097 2.671245 2.441344 5.112589 1.366994
 0.000098 2.667869 2.449964 5.117833 1.455078
 0.000098 2.664804 2.459344 5.124147 1.564787
 0.000099 2.661969 2.469098 5.131067 1.689593
 0.000099 2.659441 2.479316 5.138757 1.833908
 0.000100 2.657213 2.489672 5.146885 1.992887
 0.000100 2.655150 2.499823 5.154973 2.157627
 0.000101 2.653213 2.510180 5.163393 2.336076
 0.000101 2.651315 2.520076 5.171391 2.512159
 0.000102 2.649472 2.529086 5.178558 2.675375
 0.000102 2.647536 2.537487 5.185023 2.827015
 0.000103 2.645368 2.545188 5.190556 2.960103
 0.000103 2.642962 2.551560 5.194522 3.057383
 0.000104 2.640312 2.556232 5.196544 3.107600
 0.000104 2.637452 2.558951 5.196403 3.104069
 0.000105 2.634379 2.559194 5.193573 3.033972
 0.000105 2.631274 2.557239 5.188513 2.910602
 0.000106 2.628199 2.553244 5.181444 2.742539
 0.000106 2.625254 2.547436 5.172689 2.541342
 0.000107 2.622386 2.539920 5.162305 2.312627
 0.000107 2.619614 2.531534 5.151148 2.078891
 0.000108 2.617113 2.522571 5.139684 1.851703
 0.000108 2.614774 2.512768 5.127542 1.625421
 0.000109 2.612682 2.502157 5.114839 1.404442
 0.000109 2.610805 2.490449 5.101254 1.185993
 0.000110 2.609144 2.478051 5.087195 0.979353
 0.000110 2.607773 2.464940 5.072713 0.787151
 0.000111 2.606735 2.451641 5.058377 0.617551
 0.000111 2.606009 2.438398 5.044407 0.472056
 0.000112 2.605458 2.425487 5.030944 0.350310
 0.000112 2.605191 2.413225 5.018416 0.253289
 0.000113 2.605247 2.401252 5.006500 0.175576
 0.000113 2.605452 2.390038 4.995491 0.116401
 0.000114 2.605860 2.379527 4.985386 0.072753
 0.000114 2.606526 2.369171 4.975696 0.040484
 0.000115 2.607307 2.358478 4.965785 0.017193
 0.000115 2.608239 2.347487 4.955727 0.003600
 0.000116 2.609406 2.336266 4.945671 0.000123
 0.000116 2.610610 2.326059 4.936669 0.005589
 0.000117 2.611835 2.317593 4.929429 0.015864
 0.000117 2.613096 2.311017 4.924112 0.026747
 0.000118 2.614458 2.306539 4.920997 0.034439
 0.000118 2.615804 2.304246 4.920050 0.036968
 0.000119 2.617125 2.304449 4.921574 0.032940
 0.000119 2.618357 2.307151 4.925508 0.023616
 0.000120 2.619426 2.311938 4.931364 0.012605
 0.000120 2.620099 2.318529 4.938628 0.003710
 0.000121 2.620395 2.326509 4.946904 0.000006
 0.000121 2.620343 2.335606 4.955949 0.003791
 0.000122 2.620076 2.345424 4.965500 0.016669
 0.000122 2.619598 2.355495 4.975093 0.038786
 0.000123 2.618904 2.364932 4.983836 0.066957
 0.000123 2.617882 2.372694 4.990577 0.093898
 0.000124 2.616739 2.378331 4.995070 0.114377
 0.000124 2.615599 2.382067 4.997666 0.127131
 0.000125 2.614561 2.384319 4.998880 0.133327
 0.000125 2.613704 2.385514 4.999218 0.135080
 0.000126 2.612872 2.385993 4.998865 0.133251
 0.000126 2.612096 2.386268 4.998364 0.130676
 0.000127 2.611269 2.386622 4.997891 0.128268
 0.000127 2.610556 2.387347 4.997904 0.128333
 0.000128 2.610045 2.388474 4.998520 0.131474
 0.000128 2.609697 2.390140 4.999837 0.138316
 0.000129 2.609620 2.392216 5.001836 0.149028
 0.000129 2.609711 2.395356 5.005067 0.167191
 0.000130 2.609994 2.399629 5.009622 0.194569
 0.000130 2.610429 2.405014 5.015443 0.232571
 0.000131 2.610938 2.411439 5.022377 0.282269
 0.000131 2.611633 2.418566 5.030199 0.344099
 0.000132 2.612543 2.426156 5.038699 0.418229
 0.000132 2.613494 2.433375 5.046869 0.496279
 0.000133 2.614616 2.439546 5.054162 0.571601
 0.000133 2.616059 2.444234 5.060293 0.639033
 0.000134 2.617830 2.447941 5.065771 0.702462
 0.000134 2.619769 2.450848 5.070617 0.761074
 0.000135 2.621960 2.453702 5.075662 0.824592
 0.000135 2.624373 2.456640 5.081013 0.894737
 0.000136 2.626754 2.460116 5.086870 0.974815
 0.000136 2.629096 2.464304 5.093400 1.068124
 0.000137 2.631408 2.469277 5.100684 1.177239
 0.000137 2.633709 2.474533 5.108241 1.296051
 0.000138 2.635972 2.480539 5.116511 1.432605
 0.000138 2.638092 2.486949 5.125041 1.580634
 0.000139 2.639955 2.493573 5.133528 1.735137
 0.000139 2.641552 2.500503 5.142055 1.897614
 0.000140 2.642616 2.507528 5.150144 2.058478
 0.000140 2.643245 2.513897 5.157142 2.202909
 0.000141 2.643470 2.519281 5.162751 2.322228
 0.000141 2.643240 2.523492 5.166732 2.408807
 0.000142 2.642619 2.525730 5.168349 2.444440
 0.000142 2.641727 2.524740 5.166467 2.403003
 0.000143 2.640626 2.520308 5.160934 2.283233
 0.000143 2.639355 2.512944 5.152299 2.102437
 0.000144 2.637814 2.502802 5.140616 1.869689
 0.000144 2.636019 2.491373 5.127392 1.622713
 0.000145 2.634089 2.479629 5.113717 1.385713
 0.000145 2.631955 2.468656 5.100611 1.176106
 0.000146 2.629674 2.459282 5.088956 1.004150
 0.000146 2.627328 2.452163 5.079490 0.874490
 0.000147 2.624778 2.447666 5.072444 0.783786
 0.000147 2.622051 2.446189 5.068240 0.732038
 0.000148 2.619100 2.447670 5.066770 0.714355
 0.000148 2.615970 2.452630 5.068600 0.736401
 0.000149 2.612641 2.460521 5.073161 0.792792
 0.000149 2.609246 2.470935 5.080182 0.883658
 0.000150 2.605813 2.483667 5.089480 1.011585
 0.000150 2.602356 2.497554 5.099910 1.165389
 0.000151 2.598979 2.512094 5.111073 1.342033
 0.000151 2.595827 2.526391 5.122218 1.530844
 0.000152 2.592941 2.539093 5.132034 1.707422
 0.000152 2.590423 2.549051 5.139473 1.847654
 0.000153 2.588273 2.556461 5.144734 1.950174
 0.000153 2.586398 2.561646 5.148044 2.016087
 0.000154 2.584806 2.565342 5.150148 2.058554
 0.000154 2.583439 2.568391 5.151830 2.092827
 0.000155 2.582246 2.570697 5.152943 2.115652
 0.000155 2.580961 2.572675 5.153636 2.129945
 0.000156 2.579603 2.574099 5.153702 2.131293
 0.000156 2.578121 2.575056 5.153177 2.120474
 0.000157 2.576379 2.575145 5.151524 2.086560
 0.000157 2.574495 2.574611 5.149106 2.037459
 0.000158 2.572432 2.573257 5.145689 1.969074
 0.000158 2.570227 2.570602 5.140829 1.873816
 0.000159 2.567907 2.567048 5.134956 1.761834
 0.000159 2.565525 2.562416 5.127941 1.632618
 0.000160 2.563192 2.556079 5.119271 1.479702
 0.000160 2.560948 2.547482 5.108429 1.299077
 0.000161 2.558869 2.536422 5.095290 1.095924
 0.000161 2.557105 2.522193 5.079298 0.871944
 0.000162 2.555607 2.505003 5.060610 0.642620
 0.000162 2.554498 2.485661 5.040160 0.431690
 0.000163 2.553772 2.465113 5.018885 0.256641
 0.000163 2.553144 2.444847 4.997991 0.128777
 0.000164 2.552641 2.425958 4.978599 0.049165
 0.000164 2.552286 2.409903 4.962189 0.011171
 0.000165 2.551943 2.397076 4.949019 0.000158
 0.000165 2.551665 2.387816 4.939481 0.003011
 0.000166 2.551558 2.382539 4.934097 0.008639
 0.000166 2.551713 2.381380 4.933092 0.010010
 0.000167 2.552024 2.384410 4.936433 0.005841
 0.000167 2.552501 2.391085 4.943586 0.000668
 0.000168 2.553058 2.401028 4.954086 0.002342
 0.000168 2.553646 2.413489 4.967135 0.019787
 0.000169 2.554387 2.427483 4.981870 0.059957
 0.000169 2.555428 2.442023 4.997451 0.126050
 0.000170 2.556790 2.455726 5.012517 0.213042
 0.000170 2.558418 2.467588 5.026006 0.310191
 0.000171 2.560259 2.476896 5.037155 0.404220
 0.000171 2.562167 2.483538 5.045705 0.484750
 0.000172 2.564073 2.487910 5.051983 0.548544
 0.000172 2.565949 2.490907 5.056856 0.600763
 0.000173 2.567877 2.492935 5.060812 0.644920
 0.000173 2.569705 2.494272 5.063978 0.681371
 0.000174 2.571398 2.495101 5.066498 0.711110
 0.000174 2.572869 2.495652 5.068521 0.735441
 0.000175 2.574400 2.496168 5.070568 0.760472
 0.000175 2.575766 2.496626 5.072392 0.783134
 0.000176 2.576979 2.497331 5.074310 0.807322
 0.000176 2.578102 2.498370 5.076472 0.835032
 0.000177 2.579200 2.499427 5.078627 0.863103
 0.000177 2.580246 2.500723 5.080969 0.894153
 0.000178 2.581333 2.501532 5.082865 0.919687
 0.000178 2.582398 2.501804 5.084202 0.937913
 0.000179 2.583485 2.501594 5.085079 0.949959
 0.000179 2.584730 2.500331 5.085061 0.949713
 0.000180 2.585951 2.497755 5.083707 0.931138
 0.000180 2.587159 2.493619 5.080778 0.891601
 0.000181 2.588378 2.488002 5.076380 0.833841
 0.000181 2.589536 2.481496 5.071032 0.766206
 0.000182 2.590446 2.474390 5.064836 0.691424
 0.000182 2.590963 2.467437 5.058400 0.617810
 0.000183 2.591011 2.460969 5.051979 0.548504
 0.000183 2.590547 2.455493 5.046040 0.488060
 0.000184 2.589793 2.451239 5.041032 0.439836
 0.000184 2.588650 2.448335 5.036984 0.402689
 0.000185 2.587121 2.446819 5.033939 0.375828
 0.000185 2.585355 2.447001 5.032355 0.362217
 0.000186 2.583307 2.448073 5.031380 0.353964
 0.000186 2.581070 2.450392 5.031462 0.354659
 0.000187 2.578641 2.453500 5.032141 0.360398
 0.000187 2.576042 2.457463 5.033505 0.372073
 0.000188 2.573342 2.461754 5.035096 0.385925
 0.000188 2.570394 2.465730 5.036124 0.395009
 0.000189 2.567271 2.468730 5.036001 0.393909
 0.000189 2.564070 2.470225 5.034296 0.378922
 0.000190 2.560772 2.470008 5.030780 0.348933
 0.000190 2.557284 2.467988 5.025273 0.304445
 0.000191 2.553532 2.464328 5.017860 0.249347
 0.000191 2.549501 2.459808 5.009309 0.192621
 0.000192 2.545260 2.454548 4.999808 0.138165
 0.000192 2.540738 2.448927 4.989666 0.089991
 0.000193 2.535919 2.443485 4.979404 0.051722
 0.000193 2.530916 2.438699 4.969615 0.025029
 0.000194 2.525736 2.434759 4.960495 0.008783
 0.000194 2.520410 2.431783 4.952194 0.001226
 0.000195 2.515000 2.429640 4.944640 0.000338
 0.000195 2.509648 2.428465 4.938113 0.004167
 0.000196 2.504518 2.428540 4.933058 0.010058
 0.000196 2.499714 2.430178 4.929892 0.015051
 0.000197 2.495357 2.433073 4.928430 0.017694
 0.000197 2.491319 2.437054 4.928373 0.017802
 0.000198 2.487641 2.441957 4.929598 0.015564
 0.000198 2.484266 2.447207 4.931472 0.012433
 0.000199 2.481222 2.453063 4.934285 0.008393
 0.000199 2.478549 2.459471 4.938020 0.004252
 0.000200 2.476313 2.466741 4.943054 0.000877
 0.000200 2.474482 2.475418 4.949900 0.000353
 0.000201 2.473144 2.485752 4.958896 0.006792
 0.000201 2.472150 2.497815 4.969965 0.025818
 0.000202 2.471330 2.511340 4.982670 0.062758
 0.000202 2.470753 2.525955 4.996708 0.122347
 0.000203 2.470457 2.541139 5.011596 0.207073
 0.000203 2.470594 2.556539 5.027133 0.319134
 0.000204 2.471175 2.571930 5.043105 0.459495
 0.000204 2.472111 2.587168 5.059278 0.627612
 0.000205 2.473388 2.602236 5.075624 0.824099
 0.000205 2.475097 2.616567 5.091664 1.042891
 0.000206 2.477271 2.630126 5.107397 1.282490
 0.000206 2.479903 2.642738 5.122641 1.538246
 0.000207 2.482859 2.654649 5.137508 1.810075
 0.000207 2.486135 2.665649 5.151784 2.091886
 0.000208 2.489686 2.675044 5.164729 2.365052
 0.000208 2.493511 2.682394 5.175905 2.614351
 0.000209 2.497514 2.687673 5.185187 2.830906
 0.000209 2.501320 2.690643 5.191964 2.994447
 0.000210 2.504917 2.691037 5.195954 3.092894
 0.000210 2.508225 2.688538 5.196763 3.113056
 0.000211 2.511285 2.682751 5.194037 3.045395
 0.000211 2.514000 2.674086 5.188086 2.900306
 0.000212 2.516384 2.662676 5.179060 2.686992
 0.000212 2.518648 2.648940 5.167588 2.427621
 0.000213 2.520832 2.633448 5.154280 2.143240
 0.000213 2.522941 2.616662 5.139602 1.850135
 0.000214 2.525049 2.598678 5.123727 1.557365
 0.000214 2.527272 2.579951 5.107223 1.279704
 0.000215 2.529618 2.560961 5.090579 1.027279
 0.000215 2.532127 2.542455 5.074582 0.810780
 0.000216 2.534906 2.524859 5.059765 0.633082
 0.000216 2.537855 2.508025 5.045881 0.486485
 0.000217 2.540982 2.491403 5.032384 0.362467
 0.000217 2.544165 2.475302 5.019467 0.260826
 0.000218 2.547426 2.459474 5.006900 0.177958
 0.000218 2.550871 2.443783 4.994653 0.112393
 0.000219 2.554346 2.429354 4.983699 0.066459
 0.000219 2.557895 2.417104 4.974999 0.038524
 0.000220 2.561314 2.407259 4.968573 0.022752
 0.000220 2.564622 2.400503 4.965124 0.015990
 0.000221 2.567905 2.397442 4.965347 0.016390
 0.000221 2.571218 2.398232 4.969450 0.024661
 0.000222 2.574379 2.403076 4.977455 0.045642
 0.000222 2.577433 2.411945 4.989377 0.088772
 0.000223 2.580527 2.424308 5.004835 0.165852
 0.000223 2.583664 2.439531 5.023195 0.288448
 0.000224 2.586837 2.457503 5.044340 0.471406
 0.000224 2.590091 2.477270 5.067361 0.721440
 0.000225 2.593348 2.498077 5.091425 1.039445
 0.000225 2.596613 2.518816 5.115429 1.414354
 0.000226 2.600005 2.538517 5.138522 1.829405
 0.000226 2.603407 2.556130 5.159537 2.253470
 0.000227 2.606604 2.570926 5.177530 2.651644
 0.000227 2.609563 2.582525 5.192088 2.997495
 0.000228 2.612243 2.590745 5.202988 3.270323
 0.000228 2.614635 2.595526 5.210160 3.456315
 0.000229 2.616613 2.597204 5.213816 3.553113
 0.000229 2.618150 2.596132 5.214282 3.565533
 0.000230 2.619345 2.592863 5.212208 3.510370
 0.000230 2.620148 2.587071 5.207220 3.379434
 0.000231 2.620536 2.579374 5.199910 3.192073
 0.000231 2.620602 2.569799 5.190401 2.956321
 0.000232 2.620619 2.558890 5.179509 2.697419
 0.000232 2.620599 2.547172 5.167771 2.431670
 0.000233 2.620569 2.534904 5.155473 2.168025
 0.000233 2.620592 2.522121 5.142714 1.910468
 0.000234 2.620596 2.509494 5.130089 1.671671
 0.000234 2.620591 2.497232 5.117822 1.454889
 0.000235 2.620746 2.484956 5.105702 1.255484
 0.000235 2.621127 2.472987 5.094114 1.078577
 0.000236 2.621514 2.461287 5.082800 0.918813
 0.000236 2.621762 2.450153 5.071915 0.777181
 0.000237 2.621831 2.439882 5.061713 0.655189
 0.000237 2.621605 2.430268 5.051873 0.547387
 0.000238 2.620982 2.421469 5.042451 0.453246
 0.000238 2.619968 2.414063 5.034031 0.376620
 0.000239 2.618516 2.408460 5.026976 0.317879
 0.000239 2.616674 2.404335 5.021009 0.272082
 0.000240 2.614730 2.402219 5.016950 0.242963
 0.000240 2.612649 2.402371 5.015020 0.229700
 0.000241 2.610636 2.404516 5.015152 0.230590
 0.000241 2.608775 2.408642 5.017417 0.246231
 0.000242 2.607114 2.414055 5.021170 0.273269
 0.000242 2.605422 2.420411 5.025832 0.308826
 0.000243 2.603912 2.427654 5.031567 0.355537
 0.000243 2.602602 2.435039 5.037641 0.408605
 0.000244 2.601485 2.441485 5.042970 0.458200
 0.000244 2.600458 2.445993 5.046451 0.492132
 0.000245 2.599622 2.448003 5.047624 0.503835
 0.000245 2.598986 2.447521 5.046507 0.492680
 0.000246 2.598238 2.444055 5.042293 0.451743
 0.000246 2.597325 2.437575 5.034900 0.384205
 0.000247 2.596171 2.428368 5.024540 0.298751
 0.000247 2.594573 2.416936 5.011509 0.206517
 0.000248 2.592613 2.404133 4.996746 0.122535
 0.000248 2.590362 2.390661 4.981023 0.057060
 0.000249 2.588082 2.377553 4.965635 0.016916
 0.000249 2.585733 2.365260 4.950994 0.000704
 0.000250 2.583545 2.354583 4.938128 0.004152
 0.000250 2.581644 2.345867 4.927511 0.019463
 0.000251 2.580112 2.339770 4.919883 0.037425
 0.000251 2.578997 2.336640 4.915636 0.049943
 0.000252 2.578289 2.336813 4.915102 0.051646
 0.000252 2.578041 2.340011 4.918052 0.042602
 0.000253 2.578360 2.345809 4.924169 0.026616
 0.000253 2.579274 2.353958 4.933231 0.009814
 0.000254 2.580803 2.363885 4.944688 0.000326
 0.000254 2.582767 2.375698 4.958465 0.006299
 0.000255 2.585040 2.389258 4.974297 0.036601
 0.000255 2.587500 2.403923 4.991423 0.097601
 0.000256 2.589950 2.419086 5.009035 0.190925
 0.000256 2.591999 2.434635 5.026634 0.315158
 0.000257 2.593663 2.450040 5.043704 0.465247
 0.000257 2.594836 2.465433 5.060269 0.638765
 0.000258 2.595600 2.480369 5.075969 0.828536
 0.000258 2.595934 2.494524 5.090458 1.025557
 0.000259 2.595997 2.507788 5.103785 1.225296
 0.000259 2.596021 2.519840 5.115861 1.421625
 0.000260 2.596114 2.530693 5.126807 1.612188
 0.000260 2.596161 2.539882 5.136043 1.782301
 0.000261 2.596228 2.547555 5.143783 1.931422
 0.000261 2.596341 2.553326 5.149667 2.048807
 0.000262 2.596626 2.556663 5.153289 2.122778
 0.000262 2.597066 2.557979 5.155045 2.159120
 0.000263 2.597693 2.557356 5.155049 2.159203
 0.000263 2.598469 2.555023 5.153491 2.126954
 0.000264 2.599239 2.550788 5.150026 2.056088
 0.000264 2.599797 2.545047 5.144844 1.952350
 0.000265 2.600103 2.537982 5.138085 1.821066
 0.000265 2.600112 2.529945 5.130057 1.671072
 0.000266 2.599724 2.521096 5.120819 1.506466
 0.000266 2.599115 2.511521 5.110635 1.334881
 0.000267 2.598349 2.501845 5.100194 1.169726
 0.000267 2.597474 2.492491 5.089965 1.018497
 0.000268 2.596467 2.483933 5.080400 0.886554
 0.000268 2.595504 2.476455 5.071959 0.777729
 0.000269 2.594607 2.470469 5.065075 0.694243
 0.000269 2.593982 2.466132 5.060114 0.637016
 0.000270 2.593554 2.463857 5.057411 0.606866
 0.000270 2.593332 2.463634 5.056966 0.601979
 0.000271 2.593369 2.465070 5.058439 0.618246
 0.000271 2.593691 2.468077 5.061768 0.655818
 0.000272 2.594249 2.472865 5.067114 0.718470
 0.000272 2.595057 2.479144 5.074201 0.805942
 0.000273 2.596084 2.486778 5.082863 0.919656
 0.000273 2.597299 2.495549 5.092847 1.060055
 0.000274 2.598444 2.505360 5.103805 1.225602
 0.000274 2.599320 2.515940 5.115260 1.411509
 0.000275 2.600079 2.527247 5.127326 1.621525
 0.000275 2.600444 2.539053 5.139497 1.848119
 0.000276 2.600432 2.550793 5.151225 2.080463
 0.000276 2.600152 2.561979 5.162131 2.308868
 0.000277 2.599546 2.572822 5.172368 2.534092
 0.000277 2.598643 2.583191 5.181834 2.751676
 0.000278 2.597624 2.592517 5.190141 2.950013
 0.000278 2.596508 2.600503 5.197011 3.119240
 0.000279 2.595105 2.606731 5.201836 3.240908
 0.000279 2.593443 2.611359 5.204802 3.316873
 0.000280 2.591563 2.613982 5.205545 3.336032
 0.000280 2.589502 2.614588 5.204089 3.298548
 0.000281 2.587185 2.613182 5.200367 3.203638
 0.000281 2.584616 2.610152 5.194768 3.063470
 0.000282 2.581672 2.605132 5.186804 2.869520
 0.000282 2.578251 2.598092 5.176343 2.624384
 0.000283 2.574475 2.588924 5.163400 2.336220
 0.000283 2.570278 2.578048 5.148325 2.021738
 0.000284 2.565581 2.565263 5.130843 1.685482
 0.000284 2.560439 2.551050 5.111489 1.348868
 0.000285 2.554913 2.535596 5.090509 1.026278
 0.000285 2.549202 2.519254 5.068456 0.734647
 0.000286 2.543477 2.502508 5.045985 0.487518
 0.000286 2.537875 2.485921 5.023796 0.293030
 0.000287 2.532372 2.469892 5.002264 0.151376
 0.000287 2.527154 2.454580 4.981733 0.059484
 0.000288 2.522154 2.440388 4.962542 0.011706
 0.000288 2.517469 2.427885 4.945354 0.000178
 0.000289 2.513201 2.417216 4.930417 0.014153
 0.000289 2.509556 2.408806 4.918362 0.041700
 0.000290 2.506469 2.403065 4.909534 0.071092
 0.000290 2.503877 2.399576 4.903453 0.095871
 0.000291 2.501768 2.398483 4.900251 0.110405
 0.000291 2.500166 2.399593 4.899759 0.112727
 0.000292 2.499016 2.403115 4.902131 0.101746
 0.000292 2.498057 2.408846 4.906902 0.081362
 0.000293 2.497289 2.416425 4.913714 0.056206
 0.000293 2.496640 2.425460 4.922100 0.031603
 0.000294 2.496083 2.435906 4.931990 0.011630
 0.000294 2.495650 2.446808 4.942458 0.001144
 0.000295 2.495264 2.457974 4.953238 0.001798
 0.000295 2.495021 2.468907 4.963928 0.013923
 0.000296 2.495020 2.478877 4.973897 0.035525
 0.000296 2.495380 2.488133 4.983513 0.065781
 0.000297 2.496255 2.496299 4.992554 0.102663
 0.000297 2.497740 2.503089 5.000829 0.143583
 0.000298 2.499821 2.508088 5.007909 0.184030
 0.000298 2.502422 2.511166 5.013588 0.220095
 0.000299 2.505569 2.512321 5.017890 0.249562
 0.000299 2.509408 2.511461 5.020869 0.271048
 0.000300 2.513884 2.508412 5.022297 0.281665
 0.000300 2.519003 2.502924 5.021928 0.278903
 0.000301 2.524722 2.494834 5.019555 0.261466
 0.000301 2.530812 2.484413 5.015225 0.231087
 0.000302 2.537143 2.472454 5.009597 0.194413
 0.000302 2.543696 2.458687 5.002383 0.152031
 0.000303 2.550317 2.443435 4.993752 0.108162
 0.000303 2.556736 2.427146 4.983882 0.067127
 0.000304 2.563112 2.410630 4.973743 0.035116
 0.000304 2.569461 2.394609 4.964071 0.014161
 0.000305 2.575973 2.379579 4.955552 0.003454
 0.000305 2.582695 2.366143 4.948838 0.000128
 0.000306 2.589795 2.354746 4.944541 0.000365
 0.000306 2.597404 2.345925 4.943329 0.000765
 0.000307 2.605604 2.340320 4.945923 0.000087
 0.000307 2.614385 2.337966 4.952351 0.001305
 0.000308 2.623508 2.338994 4.962502 0.011644
 0.000308 2.633080 2.342733 4.975813 0.040816
 0.000309 2.642984 2.349640 4.992624 0.102978
 0.000309 2.653016 2.359394 5.012410 0.212349
 0.000310 2.663036 2.371811 5.034847 0.383737
 0.000310 2.672994 2.386392 5.059387 0.628827
 0.000311 2.682596 2.402191 5.084787 0.945934
 0.000311 2.691541 2.418546 5.110086 1.325920
 0.000312 2.699801 2.434478 5.134279 1.749148
 0.000312 2.707002 2.449303 5.156304 2.185367
 0.000313 2.713186 2.462514 5.175701 2.609685
 0.000313 2.718526 2.473765 5.192291 3.002478
 0.000314 2.723013 2.482407 5.205420 3.332801
 0.000314 2.726553 2.487813 5.214366 3.567773
 0.000315 2.729520 2.489722 5.219241 3.699201
 0.000315 2.731974 2.488354 5.220328 3.728817
 0.000316 2.734146 2.483819 5.217965 3.664570
 0.000316 2.735989 2.476356 5.212345 3.513992
 0.000317 2.737589 2.465586 5.203175 3.275100
 0.000317 2.738955 2.452114 5.191069 2.972594
 0.000318 2.739982 2.436541 5.176522 2.628491
 0.000318 2.740685 2.419294 5.159979 2.262867
 0.000319 2.741138 2.401198 5.142336 1.903097
 0.000319 2.741228 2.382645 5.123873 1.559943
 0.000320 2.740837 2.364231 5.105069 1.245470
 0.000320 2.739926 2.346322 5.086248 0.966141
 0.000321 2.738345 2.329184 5.067529 0.723453
 0.000321 2.736316 2.313342 5.049658 0.524459
 0.000322 2.733622 2.298995 5.032617 0.364451
 0.000322 2.730581 2.285856 5.016437 0.239399
 0.000323 2.727228 2.274074 5.001302 0.146127
 0.000323 2.723861 2.263844 4.987705 0.081866
 0.000324 2.720616 2.255852 4.976468 0.042709
 0.000324 2.717593 2.250342 4.967935 0.021411
 0.000325 2.715037 2.247564 4.962601 0.011796
 0.000325 2.712884 2.248548 4.961433 0.010069
 0.000326 2.711293 2.253166 4.964460 0.014823
 0.000326 2.710477 2.261445 4.971922 0.030457
 0.000327 2.710305 2.273563 4.983869 0.067078
 0.000327 2.710644 2.289449 5.000093 0.139667
 0.000328 2.711512 2.308840 5.020352 0.267256
 0.000328 2.712709 2.331376 5.044085 0.468935
 0.000329 2.714108 2.356006 5.070113 0.754876
 0.000329 2.715378 2.382102 5.097480 1.128579
 0.000330 2.716530 2.408350 5.124881 1.577786
 0.000330 2.717186 2.434044 5.151230 2.080564
 0.000331 2.717395 2.458286 5.175681 2.609233
 0.000331 2.717090 2.480108 5.197198 3.123914
 0.000332 2.716126 2.498771 5.214897 3.581978
 0.000332 2.714830 2.513061 5.227891 3.938221
 0.000333 2.713321 2.522588 5.235909 4.166442
 0.000333 2.711797 2.527020 5.238818 4.250845
 0.000334 2.710371 2.526776 5.237146 4.202241
 0.000334 2.709240 2.522566 5.231806 4.048862
 0.000335 2.708272 2.514677 5.222949 3.800740
 0.000335 2.707658 2.503464 5.211122 3.481644
 0.000336 2.707507 2.489580 5.197087 3.121154
 0.000336 2.707866 2.473187 5.181053 2.733387
 0.000337 2.708640 2.455373 5.164012 2.349484
 0.000337 2.709755 2.436709 5.146465 1.984497
 0.000338 2.711249 2.417387 5.128636 1.645203
 0.000338 2.712888 2.398712 5.111600 1.350693
 0.000339 2.714490 2.380977 5.095467 1.098535
 0.000339 2.715863 2.364446 5.080309 0.885348
 0.000340 2.716912 2.348885 5.065796 0.702763
 0.000340 2.717576 2.334950 5.052526 0.554240
 0.000341 2.717775 2.323064 5.040839 0.438028
 0.000341 2.717779 2.313236 5.031015 0.350897
 0.000342 2.717662 2.305671 5.023332 0.289491
 0.000342 2.717625 2.300440 5.018065 0.250799
 0.000343 2.717619 2.297203 5.014821 0.228352
 0.000343 2.717802 2.295603 5.013405 0.218880
 0.000344 2.718368 2.295587 5.013955 0.222536
 0.000344 2.719418 2.297510 5.016928 0.242812
 0.000345 2.720887 2.301031 5.021918 0.278829
 0.000345 2.722497 2.306321 5.028817 0.332732
 0.000346 2.724253 2.313729 5.037983 0.411699
 0.000346 2.726167 2.323186 5.049353 0.521338
 0.000347 2.728074 2.334490 5.062564 0.664966
 0.000347 2.729785 2.347656 5.077441 0.847598
 0.000348 2.731201 2.361950 5.093152 1.064490
 0.000348 2.732250 2.376099 5.108350 1.297797
 0.000349 2.732729 2.390017 5.122746 1.540088
 0.000349 2.732734 2.402793 5.135527 1.772578
 0.000350 2.732242 2.413024 5.145266 1.960696
 0.000350 2.731114 2.420820 5.151934 2.094947
 0.000351 2.729369 2.425342 5.154711 2.152185
 0.000351 2.727268 2.426009 5.153277 2.122530
 0.000352 2.724881 2.422928 5.147809 2.011372
 0.000352 2.722316 2.416049 5.138365 1.826412
 0.000353 2.719721 2.405560 5.125281 1.584899
 0.000353 2.717245 2.391884 5.109128 1.310371
 0.000354 2.715050 2.376086 5.091136 1.035288
 0.000354 2.712962 2.359082 5.072044 0.778784
 0.000355 2.711066 2.341493 5.052559 0.554586
 0.000355 2.709431 2.324177 5.033609 0.372965
 0.000356 2.708018 2.307863 5.015881 0.235568
 0.000356 2.706797 2.293641 5.000437 0.141491
 0.000357 2.705855 2.282186 4.988041 0.083231
 0.000357 2.705026 2.274291 4.979318 0.051444
 0.000358 2.704437 2.270097 4.974534 0.037245
 0.000358 2.703970 2.269925 4.973895 0.035520
 0.000359 2.703560 2.273757 4.977317 0.045227
 0.000359 2.703120 2.281121 4.984241 0.068449
 0.000360 2.702686 2.291316 4.994002 0.109329
 0.000360 2.702365 2.303303 5.005668 0.170685
 0.000361 2.702183 2.316894 5.019076 0.258013
 0.000361 2.702165 2.332014 5.034179 0.377909
 0.000362 2.702451 2.348264 5.050715 0.535338
 0.000362 2.703024 2.365404 5.068428 0.734311
 0.000363 2.703923 2.383250 5.087172 0.979035
 0.000363 2.705083 2.401766 5.106849 1.273733
 0.000364 2.706406 2.421241 5.127647 1.627315
 0.000364 2.707836 2.441450 5.149286 2.041109
 0.000365 2.709262 2.461747 5.171009 2.503592
 0.000365 2.710521 2.481271 5.191792 2.990261
 0.000366 2.711620 2.499452 5.211073 3.480348
 0.000366 2.712491 2.515323 5.227815 3.936069
 0.000367 2.713031 2.528378 5.241410 4.326752
 0.000367 2.713066 2.538056 5.251122 4.617173
 0.000368 2.712447 2.544136 5.256583 4.784614
 0.000368 2.711209 2.546558 5.257767 4.821309
 0.000369 2.709232 2.544702 5.253934 4.703027
 0.000369 2.706622 2.538326 5.244947 4.431441
 0.000370 2.703567 2.527457 5.231024 4.026621
 0.000370 2.700079 2.512219 5.212297 3.512732
 0.000371 2.696334 2.492990 5.189325 2.930213
 0.000371 2.692294 2.470086 5.162381 2.314247
 0.000372 2.688286 2.444383 5.132669 1.719164
 0.000372 2.684310 2.416672 5.100982 1.181806
 0.000373 2.680478 2.387596 5.068073 0.730016
 0.000373 2.676903 2.358733 5.035636 0.390679
 0.000374 2.673585 2.331123 5.004708 0.165122
 0.000374 2.670512 2.305271 4.975783 0.040731
 0.000375 2.667579 2.281769 4.949348 0.000222
 0.000375 2.664832 2.261732 4.926565 0.021377
 0.000376 2.662112 2.246034 4.908146 0.076421
 0.000376 2.659484 2.235259 4.894743 0.137803
 0.000377 2.656987 2.229513 4.886500 0.184474
 0.000377 2.654540 2.228696 4.883236 0.204833
 0.000378 2.652026 2.232707 4.884732 0.195369
 0.000378 2.649604 2.241169 4.890773 0.159436
 0.000379 2.647278 2.253109 4.900387 0.109769
 0.000379 2.645263 2.267522 4.912784 0.059364
 0.000380 2.643441 2.283221 4.926663 0.021174
 0.000380 2.642071 2.299279 4.941350 0.001735
 0.000381 2.641161 2.315358 4.956519 0.004304
 0.000381 2.640758 2.331216 4.971975 0.030587
 0.000382 2.640787 2.347311 4.988098 0.083464
 0.000382 2.641185 2.363764 5.004949 0.166509
 0.000383 2.641649 2.380565 5.022215 0.281052
 0.000383 2.642122 2.397495 5.039617 0.426664
 0.000384 2.642503 2.413995 5.056498 0.596852
 0.000384 2.642825 2.429556 5.072381 0.783001
 0.000385 2.642906 2.443559 5.086465 0.969164
 0.000385 2.642630 2.455691 5.098321 1.141258
 0.000386 2.641919 2.465547 5.107466 1.283599
 0.000386 2.640753 2.473102 5.113856 1.388015
 0.000387 2.639226 2.478496 5.117722 1.453178
 0.000387 2.637430 2.481254 5.118684 1.469631
 0.000388 2.635329 2.481626 5.116955 1.440138
 0.000388 2.633006 2.479778 5.112784 1.370220
 0.000389 2.630768 2.475152 5.105920 1.258946
 0.000389 2.628893 2.468044 5.096937 1.120444
 0.000390 2.627671 2.458758 5.086429 0.968660
 0.000390 2.627038 2.447353 5.074391 0.808355
 0.000391 2.626990 2.434631 5.061621 0.654137
 0.000391 2.627663 2.422146 5.049809 0.526007
 0.000392 2.628805 2.410635 5.039440 0.425031
 0.000392 2.630419 2.400735 5.031154 0.352071
 0.000393 2.632460 2.393315 5.025775 0.308373
 0.000393 2.634896 2.388595 5.023491 0.290697
 0.000394 2.637672 2.386392 5.024064 0.295085
 0.000394 2.640558 2.387526 5.028084 0.326776
 0.000395 2.643515 2.392490 5.036005 0.393949
 0.000395 2.646371 2.401311 5.047682 0.504415
 0.000396 2.649079 2.413573 5.062652 0.665982
 0.000396 2.651494 2.428939 5.080434 0.887011
 0.000397 2.653569 2.446864 5.100433 1.173386
 0.000397 2.655332 2.466418 5.121750 1.522671
 0.000398 2.656812 2.486700 5.143513 1.926118
 0.000398 2.658148 2.506892 5.165040 2.371809
 0.000399 2.659447 2.525701 5.185148 2.829973
 0.000399 2.660853 2.542013 5.202866 3.267193
 0.000400 2.662231 2.555385 5.217616 3.655119
 0.000400 2.663437 2.565122 5.228558 3.956964
 0.000401 2.664574 2.572146 5.236719 4.189872
 0.000401 2.665471 2.576816 5.242288 4.352615
 0.000402 2.666078 2.579168 5.245246 4.440332
 0.000402 2.666253 2.579065 5.245318 4.442482
 0.000403 2.665801 2.576283 5.242084 4.346602
 0.000403 2.664586 2.570724 5.235310 4.149176
 0.000404 2.662700 2.562487 5.225188 3.862704
 0.000404 2.660090 2.551842 5.211932 3.503049
 0.000405 2.656802 2.538891 5.195693 3.086406
 0.000405 2.652676 2.524330 5.177006 2.639594
 0.000406 2.647769 2.509246 5.157015 2.200240
 0.000406 2.642293 2.493420 5.135712 1.776066
 0.000407 2.636426 2.477126 5.113552 1.382958
 0.000407 2.630463 2.460418 5.090881 1.031617
 0.000408 2.624698 2.442733 5.067431 0.722274
 0.000408 2.619244 2.423893 5.043137 0.459802
 0.000409 2.614207 2.404281 5.018488 0.253806
 0.000409 2.609666 2.384337 4.994003 0.109332
 0.000410 2.605639 2.364700 4.970339 0.026676
 0.000410 2.602236 2.346747 4.948983 0.000152
 0.000411 2.599424 2.331697 4.931121 0.012993
 0.000411 2.597088 2.320743 4.917832 0.043246
 0.000412 2.595009 2.314618 4.909627 0.070743
 0.000412 2.593020 2.313260 4.906280 0.083892
 0.000413 2.591167 2.316660 4.907827 0.077674
 0.000413 2.589381 2.324684 4.914065 0.055034
 0.000414 2.587591 2.336919 4.924510 0.025836
 0.000414 2.585720 2.352801 4.938521 0.003802
 0.000415 2.583702 2.371568 4.955270 0.003223
 0.000415 2.581606 2.392454 4.974060 0.035963
 0.000416 2.579697 2.414226 4.993923 0.108958
 0.000416 2.577950 2.435201 5.013150 0.217200
 0.000417 2.576491 2.454135 5.030626 0.347646
 0.000417 2.575596 2.469467 5.045062 0.478445
 0.000418 2.575530 2.480731 5.056261 0.594263
 0.000418 2.576228 2.487725 5.063953 0.681081
 0.000419 2.577526 2.490733 5.068259 0.732266
 0.000419 2.579300 2.490013 5.069312 0.745065
 0.000420 2.581484 2.486539 5.068022 0.729402
 0.000420 2.583832 2.480448 5.064280 0.684905
 0.000421 2.586214 2.472169 5.058383 0.617622
 0.000421 2.588533 2.462475 5.051008 0.538378
 0.000422 2.590803 2.451496 5.042299 0.451795
 0.000422 2.592783 2.439554 5.032337 0.362062
 0.000423 2.594431 2.427260 5.021691 0.277136
 0.000423 2.595775 2.415122 5.010897 0.202601
 0.000424 2.596838 2.403638 5.000475 0.141691
 0.000424 2.597699 2.393527 4.991226 0.096733
 0.000425 2.598365 2.385516 4.983881 0.067124
 0.000425 2.599024 2.379625 4.978649 0.049321
 0.000426 2.599818 2.375265 4.975083 0.038759
 0.000426 2.600782 2.371786 4.972568 0.032072
 0.000427 2.602192 2.367959 4.970150 0.026241
 0.000427 2.604184 2.363416 4.967600 0.020723
 0.000428 2.606742 2.358474 4.965215 0.016153
 0.000428 2.609766 2.353547 4.963313 0.012916
 0.000429 2.612975 2.350199 4.963174 0.012692
 0.000429 2.616262 2.349609 4.965872 0.017354
 0.000430 2.619386 2.351982 4.971368 0.029105
 0.000430 2.622271 2.358020 4.980290 0.054611
 0.000431 2.624715 2.367872 4.992587 0.102812
 0.000431 2.626577 2.381693 5.008270 0.186226
 0.000432 2.627969 2.398775 5.026745 0.316038
 0.000432 2.628722 2.418820 5.047543 0.503016
 0.000433 2.628769 2.441446 5.070215 0.756120
 0.000433 2.628166 2.465912 5.094078 1.078053
 0.000434 2.626922 2.491557 5.118479 1.466118
 0.000434 2.625056 2.516886 5.141942 1.895425
 0.000435 2.622682 2.541444 5.164126 2.351952
 0.000435 2.619856 2.563827 5.183684 2.795245
 0.000436 2.616716 2.583076 5.199792 3.189093
 0.000436 2.613345 2.598652 5.211998 3.504791
 0.000437 2.609870 2.610045 5.219916 3.717566
 0.000437 2.606266 2.617031 5.223297 3.810333
 0.000438 2.602649 2.619517 5.222165 3.779162
 0.000438 2.598862 2.617733 5.216596 3.627586
 0.000439 2.594871 2.612212 5.207083 3.375883
 0.000439 2.590763 2.603498 5.194261 3.050943
 0.000440 2.586438 2.592431 5.178869 2.682568
 0.000440 2.581798 2.579812 5.161610 2.297699
 0.000441 2.576879 2.565854 5.142733 1.910841
 0.000441 2.571614 2.551331 5.122944 1.543572
 0.000442 2.566051 2.536724 5.102776 1.209547
 0.000442 2.560339 2.522384 5.082723 0.917759
 0.000443 2.554472 2.508863 5.063335 0.673888
 0.000443 2.548602 2.496978 5.045580 0.483521
 0.000444 2.542942 2.486926 5.029868 0.341356
 0.000444 2.537533 2.478871 5.016404 0.239172
 0.000445 2.532622 2.472319 5.004941 0.166462
 0.000445 2.528255 2.467014 4.995269 0.115332
 0.000446 2.524619 2.462243 4.986862 0.078491
 0.000446 2.521743 2.457453 4.979195 0.051053
 0.000447 2.519760 2.452198 4.971958 0.030546
 0.000447 2.518645 2.446656 4.965302 0.016309
 0.000448 2.518347 2.441353 4.959699 0.007760
 0.000448 2.518562 2.437467 4.956029 0.003861
 0.000449 2.519299 2.436045 4.955344 0.003282
 0.000449 2.520459 2.437265 4.957724 0.005495
 0.000450 2.521798 2.440985 4.962783 0.012077
 0.000450 2.523366 2.447342 4.970708 0.027534
 0.000451 2.524991 2.456205 4.981196 0.057647
 0.000451 2.526635 2.467051 4.993686 0.107854
 0.000452 2.528204 2.479139 5.007343 0.180612
 0.000452 2.529624 2.491994 5.021618 0.276597
 0.000453 2.531014 2.505120 5.036135 0.395099
 0.000453 2.532344 2.517819 5.050163 0.529644
 0.000454 2.533564 2.528951 5.062515 0.664400
 0.000454 2.534792 2.538179 5.072971 0.790391
 0.000455 2.536154 2.544599 5.080753 0.891266
 0.000455 2.537529 2.547648 5.085176 0.951301
 0.000456 2.539001 2.546757 5.085758 0.959349
 0.000456 2.540410 2.541662 5.082072 0.908962
 0.000457 2.541720 2.533169 5.074889 0.814695
 0.000457 2.543114 2.521719 5.064833 0.691395
 0.000458 2.544368 2.508297 5.052666 0.555714
 0.000458 2.545336 2.494340 5.039676 0.427204
 0.000459 2.545900 2.480495 5.026395 0.313267
 0.000459 2.546037 2.467643 5.013680 0.220704
 0.000460 2.545629 2.456335 5.001964 0.149729
 0.000460 2.544830 2.447340 4.992170 0.100929
 0.000461 2.543703 2.440990 4.984693 0.070131
 0.000461 2.542386 2.437326 4.979712 0.052718
 0.000462 2.541129 2.436643 4.977772 0.046605
 0.000462 2.539893 2.439269 4.979162 0.050946
 0.000463 2.538702 2.445132 4.983834 0.066950
 0.000463 2.537700 2.453969 4.991669 0.098692
 0.000464 2.537002 2.464997 5.001999 0.149917
 0.000464 2.536880 2.477446 5.014326 0.225020
 0.000465 2.537259 2.491170 5.028429 0.329569
 0.000465 2.538029 2.506077 5.044107 0.469146
 0.000466 2.539199 2.521797 5.060996 0.647000
 0.000466 2.540747 2.538273 5.079019 0.868271
 0.000467 2.542448 2.555325 5.097773 1.132989
 0.000467 2.544221 2.572842 5.117063 1.441973
 0.000468 2.546030 2.590231 5.136261 1.786412
 0.000468 2.547799 2.606753 5.154552 2.148890
 0.000469 2.549458 2.621715 5.171172 2.507253
 0.000469 2.550993 2.634394 5.185388 2.835681
 0.000470 2.552306 2.644358 5.196664 3.110575
 0.000470 2.553618 2.650988 5.204605 3.311810
 0.000471 2.554877 2.654100 5.208977 3.425271
 0.000471 2.556207 2.653801 5.210008 3.452311
 0.000472 2.557708 2.650570 5.208278 3.407001
 0.000472 2.559423 2.644171 5.203594 3.285829
 0.000473 2.561493 2.634413 5.195906 3.091698
 0.000473 2.563988 2.621191 5.185180 2.830738
 0.000474 2.566909 2.605100 5.172008 2.526011
 0.000474 2.570273 2.586298 5.156571 2.190952
 0.000475 2.573925 2.564314 5.138239 1.824007
 0.000475 2.577827 2.539469 5.117296 1.445925
 0.000476 2.582068 2.512360 5.094428 1.083190
 0.000476 2.586464 2.483871 5.070334 0.757592
 0.000477 2.590931 2.455256 5.046188 0.489520
 0.000477 2.595475 2.426830 5.022305 0.281727
 0.000478 2.599885 2.399623 4.999508 0.136591
 0.000478 2.604128 2.374995 4.979123 0.050820
 0.000479 2.608067 2.353730 4.961797 0.010594
 0.000479 2.611911 2.336245 4.948156 0.000042
 0.000480 2.615659 2.323147 4.938806 0.003558
 0.000480 2.619413 2.314856 4.934268 0.008415
 0.000481 2.623212 2.311501 4.934713 0.007848
 0.000481 2.627269 2.312182 4.939450 0.003035
 0.000482 2.631670 2.316152 4.947823 0.000017
 0.000482 2.636457 2.322606 4.959063 0.006988
 0.000483 2.641653 2.330887 4.972540 0.032001
 0.000483 2.647092 2.339284 4.986376 0.076577
 0.000484 2.652888 2.346391 4.999279 0.135395
 0.000484 2.659100 2.352238 5.011337 0.205414
 0.000485 2.665498 2.356967 5.022465 0.282928
 0.000485 2.671812 2.360966 5.032779 0.365833
 0.000486 2.677658 2.364705 5.042363 0.452403
 0.000486 2.682906 2.368296 5.051201 0.540384
 0.000487 2.687301 2.372005 5.059306 0.627922
 0.000487 2.690668 2.376347 5.067015 0.717286
 0.000488 2.693096 2.380738 5.073835 0.801291
 0.000488 2.694605 2.385395 5.079999 0.881235
 0.000489 2.695254 2.390040 5.085294 0.952924
 0.000489 2.695045 2.394681 5.089725 1.015086
 0.000490 2.694267 2.399502 5.093769 1.073517
 0.000490 2.692943 2.404124 5.097067 1.122389
 0.000491 2.691137 2.408370 5.099507 1.159245
 0.000491 2.688920 2.411672 5.100591 1.175813
 0.000492 2.686381 2.413406 5.099787 1.163511
 0.000492 2.683657 2.413582 5.097239 1.124960
 0.000493 2.680908 2.411538 5.092446 1.054212
 0.000493 2.678240 2.407044 5.085284 0.952792
 0.000494 2.675617 2.400611 5.076228 0.831874
 0.000494 2.673045 2.392612 5.065657 0.701115
 0.000495 2.670154 2.384052 5.054206 0.572074
 0.000495 2.666656 2.375927 5.042583 0.454502
 0.000496 2.662479 2.369093 5.031572 0.355580
 0.000496 2.657572 2.364430 5.022002 0.279457
 0.000497 2.652043 2.362185 5.014229 0.224364
 0.000497 2.646136 2.363038 5.009174 0.191785
 0.000498 2.639942 2.367189 5.007131 0.179338
 0.000498 2.633346 2.374083 5.007428 0.181123
 0.000499 2.626521 2.383396 5.009917 0.196411
 0.000499 2.619664 2.394909 5.014573 0.226674
 0.000500 2.613000 2.408797 5.021797 0.277926
