#! FIELDS time dAB dAC rc bias
 0.000000 2.252617 1.972751 4.225368 16.771351
 0.000000 2.251562 1.987029 4.238592 17.546001
 0.000001 2.250461 1.995808 4.246269 18.003714
 0.000001 2.249257 1.998859 4.248116 18.114755
 0.000002 2.248129 1.996173 4.244302 17.885876
 0.000002 2.246919 1.988089 4.235008 17.334343
 0.000003 2.245688 1.975515 4.221203 16.531053
 0.000003 2.244562 1.959516 4.204079 15.561048
 0.000004 2.243396 1.941164 4.184561 14.491231
 0.000004 2.242205 1.921603 4.163809 13.395585
 0.000005 2.241046 1.901454 4.142500 12.315334
 0.000005 2.239770 1.882120 4.121890 11.313723
 0.000006 2.238444 1.864224 4.102668 10.417839
 0.000006 2.237149 1.848808 4.085957 9.669000
 0.000007 2.235861 1.836781 4.072642 9.092339
 0.000007 2.234687 1.828980 4.063667 8.713646
 0.000008 2.233525 1.825810 4.059335 8.533722
 0.000008 2.232413 1.826864 4.059277 8.531343
 0.000009 2.231512 1.831937 4.063449 8.704528
 0.000009 2.230683 1.840316 4.070999 9.022415
 0.000010 2.229950 1.850841 4.080791 9.443165
 0.000010 2.229401 1.862843 4.092244 9.947444
 0.000011 2.229011 1.876155 4.105166 10.532165
 0.000011 2.228910 1.890095 4.119005 11.176899
 0.000012 2.229095 1.903798 4.132893 11.843168
 0.000012 2.229487 1.917557 4.147045 12.541923
 0.000013 2.229995 1.931159 4.161154 13.258527
 0.000013 2.230369 1.944788 4.175157 13.989418
 0.000014 2.230850 1.958624 4.189473 14.756921
 0.000014 2.231364 1.973194 4.204559 15.587842
 0.000015 2.231758 1.988570 4.220328 16.480773
 0.000015 2.231972 2.004336 4.236307 17.410920
 0.000016 2.231806 2.020214 4.252020 18.350501
 0.000016 2.231294 2.035882 4.267176 19.280138
 0.000017 2.230393 2.050636 4.281029 20.149935
 0.000017 2.229089 2.064003 4.293092 20.922992
 0.000018 2.227277 2.075680 4.302957 21.566028
 0.000018 2.225148 2.084809 4.309958 22.028259
 0.000019 2.222828 2.091559 4.314388 22.323268
 0.000019 2.220356 2.095442 4.315798 22.417607
 0.000020 2.217709 2.096180 4.313890 22.290007
 0.000020 2.214988 2.093317 4.308304 21.918660
 0.000021 2.212439 2.085873 4.298312 21.262079
 0.000021 2.210062 2.073511 4.283573 20.311769
 0.000022 2.208088 2.055843 4.263931 19.079136
 0.000022 2.206547 2.033385 4.239932 17.625465
 0.000023 2.205402 2.007053 4.212455 16.031845
 0.000023 2.204636 1.977803 4.182439 14.377226
 0.000024 2.204350 1.948114 4.152464 12.814826
 0.000024 2.204310 1.919285 4.123595 11.394975
 0.000025 2.204467 1.892715 4.097181 10.168888
 0.000025 2.204768 1.869470 4.074238 9.160513
 0.000026 2.205156 1.850978 4.056133 8.401982
 0.000026 2.205552 1.838156 4.043707 7.900334
 0.000027 2.205999 1.831592 4.037591 7.659089
 0.000027 2.206494 1.831466 4.037960 7.673527
 0.000028 2.207129 1.837444 4.044573 7.934763
 0.000028 2.207869 1.848884 4.056754 8.427435
 0.000029 2.208713 1.864753 4.073465 9.127492
 0.000029 2.209653 1.884070 4.093724 10.013567
 0.000030 2.210597 1.905444 4.116041 11.037188
 0.000030 2.211543 1.927683 4.139226 12.153404
 0.000031 2.212508 1.949257 4.161765 13.289984
 0.000031 2.213277 1.969326 4.182603 14.386029
 0.000032 2.213782 1.987623 4.201406 15.412275
 0.000032 2.213839 2.003548 4.217388 16.312366
 0.000033 2.213442 2.017147 4.230589 17.075118
 0.000033 2.212309 2.028675 4.240984 17.687991
 0.000034 2.210464 2.038677 4.249142 18.176528
 0.000034 2.207852 2.046941 4.254793 18.518830
 0.000035 2.204358 2.053084 4.257441 18.680383
 0.000035 2.199981 2.057110 4.257091 18.658966
 0.000036 2.194655 2.058959 4.253613 18.447119
 0.000036 2.188608 2.058696 4.247304 18.065904
 0.000037 2.181880 2.056611 4.238491 17.540001
 0.000037 2.174547 2.052758 4.227306 16.883786
 0.000038 2.166819 2.047224 4.214043 16.121916
 0.000038 2.158632 2.040173 4.198804 15.268198
 0.000039 2.150343 2.031737 4.182080 14.357975
 0.000039 2.142048 2.022089 4.164136 13.412532
 0.000040 2.133768 2.011125 4.144893 12.434396
 0.000040 2.125385 1.998221 4.123606 11.395507
 0.000041 2.117124 1.983553 4.100676 10.327128
 0.000041 2.109064 1.967294 4.076358 9.251503
 0.000042 2.101420 1.949769 4.051189 8.200535
 0.000042 2.094137 1.931704 4.025841 7.206092
 0.000043 2.087144 1.914693 4.001838 6.323656
 0.000043 2.080435 1.899369 3.979804 5.564346
 0.000044 2.074031 1.886723 3.960755 4.947020
 0.000044 2.068037 1.878143 3.946180 4.499203
 0.000045 2.062596 1.873701 3.936297 4.207612
 0.000045 2.057603 1.873646 3.931249 4.062437
 0.000046 2.053075 1.878051 3.931126 4.058956
 0.000046 2.049083 1.886923 3.936007 4.199191
 0.000047 2.045728 1.899548 3.945276 4.472125
 0.000047 2.043098 1.915790 3.958888 4.888482
 0.000048 2.041146 1.934853 3.975999 5.438128
 0.000048 2.039969 1.955871 3.995840 6.112177
 0.000049 2.039586 1.978408 4.017994 6.911280
 0.000049 2.039961 2.001964 4.041925 7.829647
 0.000050 2.041263 2.024875 4.066137 8.817082
 0.000050 2.043382 2.046146 4.089528 9.826663
 0.000051 2.046184 2.064907 4.111091 10.805849
 0.000051 2.049593 2.080393 4.129985 11.702070
 0.000052 2.053510 2.092092 4.145602 12.469765
 0.000052 2.057720 2.099613 4.157333 13.062498
 0.000053 2.062013 2.103100 4.165113 13.463171
 0.000053 2.066297 2.102281 4.168578 13.643553
 0.000054 2.070329 2.097314 4.167643 13.594783
 0.000054 2.074065 2.088726 4.162791 13.342967
 0.000055 2.077576 2.077093 4.154669 12.926698
 0.000055 2.080879 2.062799 4.143679 12.373912
 0.000056 2.084024 2.046021 4.130044 11.704934
 0.000056 2.086924 2.027876 4.114800 10.978958
 0.000057 2.089452 2.009506 4.098958 10.249163
 0.000057 2.091869 1.991423 4.083292 9.552175
 0.000058 2.094173 1.973635 4.067808 8.887374
 0.000058 2.096449 1.956413 4.052862 8.268420
 0.000059 2.098662 1.940138 4.038800 7.706460
 0.000059 2.100888 1.925249 4.026137 7.217339
 0.000060 2.103069 1.911804 4.014874 6.795757
 0.000060 2.105154 1.900337 4.005491 6.454255
 0.000061 2.107072 1.890980 3.998053 6.189771
 0.000061 2.108895 1.884198 3.993093 6.016495
 0.000062 2.110455 1.880235 3.990690 5.933432
 0.000062 2.111574 1.879326 3.990900 5.940676
 0.000063 2.112359 1.881280 3.993639 6.035463
 0.000063 2.112843 1.886391 3.999234 6.231418
 0.000064 2.113030 1.894906 4.007936 6.542398
 0.000064 2.112869 1.907185 4.020054 6.988071
 0.000065 2.112419 1.923397 4.035816 7.589757
 0.000065 2.111665 1.942969 4.054633 8.340613
 0.000066 2.110703 1.965338 4.076041 9.237885
 0.000066 2.109630 1.989883 4.099513 10.274322
 0.000067 2.108455 2.015785 4.124240 11.425776
 0.000067 2.107204 2.042362 4.149567 12.668551
 0.000068 2.106023 2.069171 4.175194 13.991368
 0.000068 2.104760 2.095305 4.200065 15.337915
 0.000069 2.103383 2.119506 4.222889 16.628108
 0.000069 2.101923 2.141377 4.243300 17.826009
 0.000070 2.100229 2.160528 4.260756 18.883553
 0.000070 2.098224 2.176150 4.274374 19.729697
 0.000071 2.096003 2.187842 4.283845 20.329121
 0.000071 2.093529 2.194469 4.287998 20.594761
 0.000072 2.090707 2.195503 4.286209 20.480159
 0.000072 2.087570 2.191270 4.278841 20.011270
 0.000073 2.084146 2.181297 4.265443 19.172671
 0.000073 2.080555 2.166206 4.246760 18.033215
 0.000074 2.076974 2.146505 4.223479 16.662148
 0.000074 2.073558 2.122988 4.196546 15.143661
 0.000075 2.070435 2.096255 4.166690 13.545130
 0.000075 2.067688 2.067611 4.135299 11.960554
 0.000076 2.065255 2.038358 4.103612 10.460994
 0.000076 2.063192 2.009522 4.072714 9.095413
 0.000077 2.061648 1.982131 4.043780 7.903203
 0.000077 2.060487 1.957087 4.017574 6.895684
 0.000078 2.059739 1.935255 3.994994 6.082619
 0.000078 2.059511 1.917274 3.976785 5.464104
 0.000079 2.059809 1.903660 3.963469 5.032752
 0.000079 2.060562 1.895153 3.955716 4.789790
 0.000080 2.061942 1.891544 3.953486 4.721011
 0.000080 2.063798 1.893079 3.956877 4.825801
 0.000081 2.065957 1.898959 3.964916 5.078772
 0.000081 2.068484 1.908515 3.976999 5.471169
 0.000082 2.071146 1.920983 3.992129 5.983110
 0.000082 2.073941 1.935602 4.009542 6.600636
 0.000083 2.076942 1.950803 4.027745 7.278563
 0.000083 2.080110 1.966005 4.046115 7.996319
 0.000084 2.083367 1.980530 4.063897 8.723241
 0.000084 2.086779 1.994195 4.080975 9.451148
 0.000085 2.090292 2.006971 4.097263 10.172577
 0.000085 2.093741 2.018617 4.112358 10.864852
 0.000086 2.097173 2.029932 4.127105 11.563150
 0.000086 2.100681 2.040628 4.141309 12.256305
 0.000087 2.104245 2.050563 4.154808 12.933773
 0.000087 2.107762 2.059833 4.167595 13.592274
 0.000088 2.111187 2.068380 4.179568 14.223693
 0.000088 2.114544 2.075658 4.190202 14.796515
 0.000089 2.117692 2.081071 4.198763 15.265919
 0.000089 2.120558 2.084393 4.204951 15.609751
 0.000090 2.123206 2.085565 4.208771 15.823900
 0.000090 2.125446 2.084308 4.209755 15.879296
 0.000091 2.127361 2.080762 4.208123 15.787469
 0.000091 2.129068 2.074309 4.203377 15.521923
 0.000092 2.130546 2.065250 4.195796 15.102425
 0.000092 2.131979 2.053528 4.185507 14.542243
 0.000093 2.133628 2.038956 4.172584 13.853653
 0.000093 2.135457 2.021466 4.156922 13.041521
 0.000094 2.137551 2.000838 4.138389 12.112177
 0.000094 2.140031 1.978137 4.118168 11.137357
 0.000095 2.142901 1.954588 4.097489 10.182767
 0.000095 2.146124 1.930983 4.077107 9.283726
 0.000096 2.149795 1.909035 4.058829 8.512863
 0.000096 2.153825 1.889743 4.043568 7.894775
 0.000097 2.158235 1.874009 4.032243 7.451208
 0.000097 2.162958 1.862782 4.025740 7.202261
 0.000098 2.167829 1.856695 4.024524 7.156188
 0.000098 2.172785 1.856030 4.028815 7.319432
 0.000099 2.177702 1.860353 4.038055 7.677232
 0.000099 2.182467 1.869353 4.051820 8.226118
 0.000100 2.187168 1.882715 4.069883 8.975056
 0.000100 2.191731 1.900072 4.091803 9.927797
 0.000101 2.196189 1.920239 4.116428 11.055377
 0.000101 2.200533 1.942179 4.142713 12.325894
 0.000102 2.204768 1.964633 4.169401 13.686600
 0.000102 2.209109 1.985660 4.194769 15.046031
 0.000103 2.213611 2.003746 4.217358 16.310655
 0.000103 2.218371 2.018172 4.236542 17.424801
 0.000104 2.223198 2.028322 4.251520 18.320225
 0.000104 2.228049 2.033653 4.261702 18.941738
 0.000105 2.232919 2.034413 4.267332 19.289822
 0.000105 2.237774 2.030849 4.268623 19.370084
 0.000106 2.242508 2.023468 4.265976 19.205683
 0.000106 2.246852 2.012671 4.259524 18.807884
 0.000107 2.250852 1.998706 4.249557 18.201596
 0.000107 2.254518 1.981825 4.236343 17.413047
 0.000108 2.257549 1.962556 4.220105 16.467964
 0.000108 2.259967 1.941406 4.201373 15.410456
 0.000109 2.261700 1.919548 4.181247 14.313418
 0.000109 2.262756 1.897474 4.160230 13.210995
 0.000110 2.263288 1.875924 4.139212 12.152704
 0.000110 2.263321 1.855845 4.119166 11.184504
 0.000111 2.262844 1.837669 4.100513 10.319709
 0.000111 2.261991 1.821789 4.083779 9.573480
 0.000112 2.260850 1.808261 4.069111 8.942401
 0.000112 2.259495 1.797019 4.056514 8.417591
 0.000113 2.258218 1.787725 4.045942 7.989417
 0.000113 2.257132 1.780144 4.037275 7.646725
 0.000114 2.256249 1.773376 4.029624 7.350439
 0.000114 2.255896 1.767596 4.023491 7.117177
 0.000115 2.256096 1.762760 4.018856 6.943356
 0.000115 2.256705 1.759170 4.015876 6.832759
 0.000116 2.257804 1.756967 4.014771 6.791964
 0.000116 2.259328 1.757337 4.016665 6.861974
 0.000117 2.261171 1.760879 4.022050 7.062907
 0.000117 2.263301 1.767967 4.031268 7.413609
 0.000118 2.265530 1.779316 4.044846 7.945651
 0.000118 2.267777 1.794863 4.062640 8.670838
 0.000119 2.270006 1.814074 4.084081 9.586671
 0.000119 2.272177 1.836527 4.108705 10.695203
 0.000120 2.274186 1.860682 4.134868 11.939485
 0.000120 2.276012 1.885572 4.161584 13.280671
 0.000121 2.277692 1.910341 4.188033 14.678764
 0.000121 2.279334 1.933922 4.213256 16.077223
 0.000122 2.280947 1.955519 4.236466 17.420285
 0.000122 2.282543 1.974534 4.257077 18.658129
 0.000123 2.284091 1.990514 4.274605 19.744210
 0.000123 2.285756 2.002331 4.288087 20.600500
 0.000124 2.287500 2.009694 4.297194 21.189204
 0.000124 2.289450 2.011733 4.301183 21.449700
 0.000125 2.291369 2.008240 4.299609 21.346692
 0.000125 2.293083 1.998867 4.291949 20.849169
 0.000126 2.294582 1.984355 4.278937 20.017343
 0.000126 2.295956 1.965099 4.261055 18.901891
 0.000127 2.296886 1.942212 4.239098 17.575976
 0.000127 2.297533 1.916780 4.214313 16.137250
 0.000128 2.297948 1.890352 4.188300 14.693232
 0.000128 2.298024 1.864240 4.162263 13.315719
 0.000129 2.297757 1.839720 4.137476 12.067290
 0.000129 2.297143 1.817547 4.114690 10.973797
 0.000130 2.296223 1.798528 4.094751 10.059609
 0.000130 2.295190 1.783339 4.078529 9.345102
 0.000131 2.294017 1.772503 4.066519 8.833122
 0.000131 2.292763 1.766466 4.059229 8.529368
 0.000132 2.291397 1.765428 4.056825 8.430364
 0.000132 2.290099 1.769085 4.059185 8.527536
 0.000133 2.288957 1.777242 4.066199 8.819672
 0.000133 2.287892 1.789352 4.077244 9.289647
 0.000134 2.286890 1.804572 4.091461 9.912581
 0.000134 2.285989 1.822031 4.108020 10.663562
 0.000135 2.285058 1.840698 4.125756 11.498375
 0.000135 2.284168 1.859382 4.143550 12.367518
 0.000136 2.283184 1.876957 4.160142 13.206440
 0.000136 2.282142 1.892185 4.174327 13.945535
 0.000137 2.280918 1.904477 4.185395 14.536207
 0.000137 2.279226 1.914189 4.193416 14.971874
 0.000138 2.277207 1.921725 4.198932 15.275260
 0.000138 2.274896 1.927369 4.202265 15.460008
 0.000139 2.272074 1.931141 4.203215 15.512896
 0.000139 2.268763 1.933857 4.202620 15.479757
 0.000140 2.265043 1.935825 4.200868 15.382451
 0.000140 2.260878 1.937033 4.197911 15.218886
 0.000141 2.256302 1.937477 4.193780 14.991814
 0.000141 2.251306 1.936899 4.188204 14.688055
 0.000142 2.246002 1.935110 4.181112 14.306159
 0.000142 2.240302 1.931941 4.172244 13.835731
 0.000143 2.234351 1.928081 4.162432 13.324412
 0.000143 2.228491 1.923732 4.152223 12.802622
 0.000144 2.222624 1.918851 4.141475 12.264523
 0.000144 2.216772 1.913026 4.129799 11.693050
 0.000145 2.210950 1.905606 4.116556 11.061410
 0.000145 2.205254 1.896455 4.101709 10.374108
 0.000146 2.199900 1.884779 4.084679 9.612901
 0.000146 2.194745 1.870149 4.064893 8.764908
 0.000147 2.189982 1.853053 4.043036 7.873652
 0.000147 2.185631 1.834832 4.020463 7.003372
 0.000148 2.181815 1.816735 3.998550 6.207286
 0.000148 2.178458 1.800695 3.979152 5.542638
 0.000149 2.175617 1.788345 3.963962 5.048412
 0.000149 2.173296 1.780838 3.954134 4.740946
 0.000150 2.171688 1.778479 3.950167 4.619577
 0.000150 2.171040 1.781817 3.952857 4.701715
 0.000151 2.171278 1.790682 3.961960 4.984992
 0.000151 2.172416 1.804996 3.977411 5.484820
 0.000152 2.174475 1.824160 3.998635 6.210275
 0.000152 2.177270 1.847778 4.025048 7.176032
 0.000153 2.180600 1.875161 4.055761 8.386724
 0.000153 2.184568 1.904760 4.089328 9.817829
 0.000154 2.189081 1.935467 4.124548 11.440529
 0.000154 2.193992 1.966580 4.160571 13.228538
 0.000155 2.199164 1.997031 4.196195 15.124350
 0.000155 2.204507 2.025060 4.229567 17.015431
 0.000156 2.209712 2.049259 4.258970 18.773958
 0.000156 2.214722 2.068369 4.283091 20.281048
 0.000157 2.219499 2.081682 4.301181 21.449555
 0.000157 2.224098 2.088791 4.312889 22.223222
 0.000158 2.228505 2.089681 4.318187 22.577854
 0.000158 2.232511 2.084618 4.317128 22.506776
 0.000159 2.236175 2.074100 4.310275 22.049302
 0.000159 2.239560 2.059228 4.298788 21.293098
 0.000160 2.242597 2.040708 4.283305 20.294692
 0.000160 2.245163 2.019675 4.264838 19.135202
 0.000161 2.247398 1.996592 4.243990 17.867234
 0.000161 2.249233 1.971949 4.221182 16.529817
 0.000162 2.250668 1.947337 4.198005 15.224065
 0.000162 2.251567 1.924078 4.175646 14.015267
 0.000163 2.252036 1.902984 4.155019 12.944509
 0.000163 2.252160 1.883751 4.135912 11.990533
 0.000164 2.251856 1.866874 4.118729 11.163867
 0.000164 2.251158 1.853084 4.104242 10.489829
 0.000165 2.250008 1.842345 4.092353 9.952337
 0.000165 2.248361 1.834486 4.082847 9.532732
 0.000166 2.246262 1.829519 4.075781 9.226703
 0.000166 2.243928 1.826794 4.070722 9.010639
 0.000167 2.241404 1.825914 4.067318 8.866731
 0.000167 2.238769 1.826402 4.065171 8.776558
 0.000168 2.236079 1.828001 4.064080 8.730907
 0.000168 2.233504 1.830558 4.064062 8.730136
 0.000169 2.230960 1.834086 4.065046 8.771321
 0.000169 2.228617 1.838891 4.067508 8.874752
 0.000170 2.226413 1.845328 4.071741 9.053958
 0.000170 2.224283 1.853817 4.078100 9.326595
 0.000171 2.222191 1.864298 4.086490 9.692445
 0.000171 2.220068 1.876818 4.096887 10.155611
 0.000172 2.217962 1.891038 4.109000 10.708872
 0.000172 2.215739 1.906546 4.122285 11.332502
 0.000173 2.213345 1.923207 4.136552 12.021901
 0.000173 2.210763 1.940068 4.150831 12.732270
 0.000174 2.207854 1.956882 4.164737 13.443664
 0.000174 2.204731 1.973030 4.177761 14.127486
 0.000175 2.201200 1.987617 4.188817 14.721308
 0.000175 2.197179 1.999964 4.197143 15.176528
 0.000176 2.192732 2.009276 4.202008 15.445762
 0.000176 2.188050 2.014618 4.202668 15.482450
 0.000177 2.183228 2.015965 4.199193 15.289701
 0.000177 2.178515 2.012634 4.191149 14.848108
 0.000178 2.173865 2.004566 4.178431 14.163131
 0.000178 2.169428 1.991793 4.161221 13.261965
 0.000179 2.165241 1.974933 4.140174 12.200199
 0.000179 2.161367 1.955010 4.116377 11.052999
 0.000180 2.157853 1.932804 4.090657 9.876791
 0.000180 2.154878 1.910047 4.064926 8.766265
 0.000181 2.152526 1.887937 4.040463 7.771882
 0.000181 2.150747 1.868075 4.018822 6.942097
 0.000182 2.149495 1.851457 4.000952 6.292203
 0.000182 2.148695 1.839209 3.987904 5.837849
 0.000183 2.148294 1.832121 3.980414 5.584729
 0.000183 2.148301 1.830281 3.978582 5.523670
 0.000184 2.148710 1.833928 3.982638 5.659283
 0.000184 2.149334 1.843415 3.992750 6.004589
 0.000185 2.150241 1.857984 4.008225 6.552867
 0.000185 2.151377 1.876709 4.028086 7.291566
 0.000186 2.152674 1.898628 4.051302 8.205084
 0.000186 2.154285 1.922705 4.076990 9.278684
 0.000187 2.156261 1.947661 4.103922 10.475161
 0.000187 2.158513 1.971824 4.130337 11.719099
 0.000188 2.161173 1.993782 4.154955 12.941231
 0.000188 2.164244 2.013036 4.177280 14.101928
 0.000189 2.167631 2.029193 4.196824 15.158947
 0.000189 2.171262 2.042124 4.213386 16.084632
 0.000190 2.175096 2.052041 4.227137 16.874016
 0.000190 2.178888 2.058506 4.237393 17.475079
 0.000191 2.182617 2.062005 4.244622 17.905044
 0.000191 2.186209 2.063090 4.249299 18.186025
 0.000192 2.189575 2.061977 4.251552 18.322158
 0.000192 2.192521 2.058647 4.251168 18.298887
 0.000193 2.194916 2.052626 4.247542 18.080177
 0.000193 2.196701 2.044164 4.240864 17.680881
 0.000194 2.197876 2.033460 4.231336 17.118782
 0.000194 2.198368 2.020942 4.219310 16.422337
 0.000195 2.198288 2.007470 4.205759 15.654915
 0.000195 2.197559 1.993161 4.190720 14.824729
 0.000196 2.196500 1.978153 4.174654 13.962801
 0.000196 2.195282 1.962757 4.158039 13.098603
 0.000197 2.193865 1.947077 4.140942 12.238140
 0.000197 2.192538 1.930813 4.123351 11.383329
 0.000198 2.191479 1.914041 4.105520 10.548423
 0.000198 2.190546 1.896115 4.086661 9.699994
 0.000199 2.189817 1.877104 4.066921 8.850031
 0.000199 2.189380 1.857584 4.046963 8.030276
 0.000200 2.189171 1.838731 4.027902 7.284574
 0.000200 2.189127 1.821812 4.010939 6.651491
 0.000201 2.189368 1.808191 3.997558 6.172390
 0.000201 2.189713 1.799127 3.988840 5.869861
 0.000202 2.189958 1.795457 3.985415 5.753103
 0.000202 2.190134 1.797157 3.987291 5.816914
 0.000203 2.190207 1.804341 3.994548 6.067064
 0.000203 2.190164 1.816820 4.006984 6.508010
 0.000204 2.189999 1.833905 4.023905 7.132783
 0.000204 2.189738 1.855484 4.045222 7.960663
 0.000205 2.189351 1.880750 4.070101 8.984290
 0.000205 2.189024 1.908020 4.097044 10.162719
 0.000206 2.188726 1.936408 4.125134 11.468559
 0.000206 2.188293 1.964661 4.152954 12.839647
 0.000207 2.187867 1.991653 4.179520 14.221128
 0.000207 2.187540 2.015868 4.203408 15.523668
 0.000208 2.187322 2.035962 4.223284 16.650906
 0.000208 2.187185 2.050774 4.237959 17.508546
 0.000209 2.186953 2.059932 4.246885 18.040713
 0.000209 2.186594 2.063640 4.250234 18.242419
 0.000210 2.186105 2.062023 4.248128 18.115470
 0.000210 2.185256 2.055407 4.240663 17.668911
 0.000211 2.184148 2.045232 4.229380 17.004537
 0.000211 2.182991 2.032407 4.215398 16.198905
 0.000212 2.181668 2.016911 4.198579 15.255747
 0.000212 2.180217 1.999486 4.179703 14.230891
 0.000213 2.178603 1.981319 4.159922 13.195175
 0.000213 2.176936 1.963256 4.140192 12.201088
 0.000214 2.175220 1.945614 4.120834 11.263549
 0.000214 2.173505 1.928778 4.102283 10.400269
 0.000215 2.171662 1.913141 4.084802 9.618294
 0.000215 2.169947 1.899234 4.069181 8.945366
 0.000216 2.168589 1.887199 4.055787 8.387811
 0.000216 2.167429 1.877164 4.044593 7.935566
 0.000217 2.166533 1.869195 4.035729 7.586365
 0.000217 2.166026 1.863217 4.029243 7.335837
 0.000218 2.165910 1.858944 4.024854 7.168671
 0.000218 2.166249 1.856289 4.022538 7.081255
 0.000219 2.167203 1.854974 4.022177 7.067678
 0.000219 2.168633 1.854832 4.023465 7.116183
 0.000220 2.170504 1.856342 4.026846 7.244305
 0.000220 2.172696 1.859379 4.032075 7.444701
 0.000221 2.175207 1.864329 4.039536 7.735386
 0.000221 2.177926 1.871399 4.049325 8.125227
 0.000222 2.180730 1.880308 4.061038 8.604229
 0.000222 2.183678 1.890403 4.074081 9.153826
 0.000223 2.186834 1.901171 4.088005 9.759281
 0.000223 2.190161 1.912648 4.102809 10.424258
 0.000224 2.193642 1.924182 4.117824 11.121153
 0.000224 2.197187 1.934909 4.132096 11.804409
 0.000225 2.200754 1.944699 4.145453 12.462356
 0.000225 2.204321 1.952883 4.157204 13.055908
 0.000226 2.207887 1.958615 4.166502 13.535365
 0.000226 2.211444 1.961139 4.172583 13.853578
 0.000227 2.214951 1.960216 4.175167 13.989934
 0.000227 2.218491 1.955542 4.174032 13.929992
 0.000228 2.221903 1.946618 4.168521 13.640623
 0.000228 2.225249 1.933532 4.158780 13.136582
 0.000229 2.228515 1.916442 4.144957 12.437591
 0.000229 2.231569 1.895793 4.127362 11.575516
 0.000230 2.234366 1.872268 4.106634 10.599652
 0.000230 2.236896 1.847376 4.084272 9.595059
 0.000231 2.239280 1.822519 4.061799 8.635824
 0.000231 2.241498 1.798629 4.040127 7.758672
 0.000232 2.243505 1.776761 4.020266 6.996002
 0.000232 2.245324 1.757768 4.003091 6.368330
 0.000233 2.247105 1.742646 3.989751 5.901138
 0.000233 2.248941 1.731783 3.980723 5.595066
 0.000234 2.250826 1.726042 3.976868 5.466834
 0.000234 2.252954 1.725622 3.978576 5.523451
 0.000235 2.255400 1.729946 3.985347 5.750790
 0.000235 2.257982 1.739006 3.996988 6.152375
 0.000236 2.260670 1.752483 4.013153 6.732468
 0.000236 2.263500 1.768927 4.032427 7.458312
 0.000237 2.266376 1.787662 4.054038 8.316300
 0.000237 2.269250 1.807798 4.077048 9.281201
 0.000238 2.272121 1.828045 4.100166 10.303947
 0.000238 2.274975 1.847570 4.122545 11.344901
 0.000239 2.277654 1.865629 4.143282 12.354200
 0.000239 2.280046 1.881822 4.161869 13.295346
 0.000240 2.282023 1.896046 4.178069 14.143862
 0.000240 2.283585 1.908280 4.191864 14.887109
 0.000241 2.284592 1.918901 4.203494 15.528433
 0.000241 2.285110 1.927554 4.212664 16.043692
 0.000242 2.284992 1.934458 4.219450 16.430363
 0.000242 2.284259 1.939888 4.224147 16.700729
 0.000243 2.283214 1.943820 4.227033 16.867970
 0.000243 2.281930 1.946170 4.228100 16.929987
 0.000244 2.280298 1.947018 4.227316 16.884390
 0.000244 2.278457 1.946079 4.224537 16.723265
 0.000245 2.276357 1.943603 4.219960 16.459627
 0.000245 2.274095 1.939652 4.213747 16.105103
 0.000246 2.271786 1.933928 4.205715 15.652444
 0.000246 2.269256 1.927134 4.196389 15.135037
 0.000247 2.266339 1.919499 4.185838 14.560079
 0.000247 2.263174 1.911027 4.174200 13.938851
 0.000248 2.259781 1.902170 4.161951 13.299598
 0.000248 2.256306 1.892215 4.148521 12.615971
 0.000249 2.252867 1.881104 4.133971 11.895689
 0.000249 2.249547 1.869280 4.118827 11.168507
 0.000250 2.246516 1.857184 4.103700 10.464979
 0.000250 2.243808 1.845070 4.088878 9.797884
 0.000251 2.241446 1.833835 4.075281 9.205238
 0.000251 2.239351 1.824220 4.063571 8.709638
 0.000252 2.237699 1.817381 4.055080 8.358863
 0.000252 2.236327 1.813875 4.050202 8.160618
 0.000253 2.235606 1.814177 4.049783 8.143696
 0.000253 2.235391 1.818511 4.053902 8.310781
 0.000254 2.235533 1.826960 4.062493 8.664719
 0.000254 2.236003 1.839235 4.075238 9.203391
 0.000255 2.236882 1.854604 4.091486 9.913653
 0.000255 2.237982 1.872877 4.110859 10.795058
 0.000256 2.239257 1.893279 4.132536 11.825805
 0.000256 2.240649 1.914821 4.155470 12.967447
 0.000257 2.242155 1.936463 4.178618 14.173092
 0.000257 2.243642 1.957278 4.200920 15.385307
 0.000258 2.245093 1.976324 4.221417 16.543362
 0.000258 2.246373 1.992813 4.239186 17.581186
 0.000259 2.247548 2.005672 4.253220 18.423246
 0.000259 2.248620 2.014690 4.263311 19.040854
 0.000260 2.249506 2.019578 4.269083 19.398740
 0.000260 2.250112 2.020362 4.270474 19.485470
 0.000261 2.250412 2.017201 4.267613 19.307300
 0.000261 2.250404 2.010580 4.260985 18.897583
 0.000262 2.249945 2.000821 4.250766 18.274591
 0.000262 2.249134 1.988691 4.237825 17.500600
 0.000263 2.248105 1.974935 4.223041 16.636863
 0.000263 2.246853 1.960721 4.207574 15.756650
 0.000264 2.245443 1.946645 4.192087 14.899278
 0.000264 2.243708 1.933148 4.176856 14.079432
 0.000265 2.241590 1.920554 4.162145 13.309585
 0.000265 2.239125 1.909493 4.148618 12.620851
 0.000266 2.236221 1.900386 4.136607 12.024615
 0.000266 2.232842 1.893068 4.125910 11.505752
 0.000267 2.229075 1.887807 4.116883 11.076793
 0.000267 2.224901 1.884675 4.109576 10.735527
 0.000268 2.220315 1.884149 4.104464 10.499997
 0.000268 2.215188 1.886233 4.101421 10.361007
 0.000269 2.209631 1.890193 4.099824 10.288412
 0.000269 2.203518 1.895963 4.099480 10.272844
 0.000270 2.197088 1.902773 4.099860 10.290075
 0.000270 2.190348 1.910637 4.100985 10.341144
 0.000271 2.183318 1.919581 4.102899 10.428403
 0.000271 2.176111 1.929503 4.105614 10.552741
 0.000272 2.168810 1.940044 4.108854 10.702121
 0.000272 2.161505 1.951736 4.113242 10.906071
 0.000273 2.154164 1.964736 4.118900 11.171924
 0.000273 2.146770 1.978631 4.125401 11.481337
 0.000274 2.139368 1.993189 4.132557 11.826821
 0.000274 2.131828 2.007972 4.139800 12.181715
 0.000275 2.124389 2.023102 4.147491 12.564286
 0.000275 2.117006 2.038314 4.155319 12.959763
 0.000276 2.109467 2.052774 4.162241 13.314542
 0.000276 2.101904 2.066042 4.167946 13.610570
 0.000277 2.094368 2.077500 4.171868 13.815954
 0.000277 2.086610 2.087008 4.173618 13.908138
 0.000278 2.078611 2.094187 4.172799 13.864947
 0.000278 2.070583 2.098682 4.169264 13.679455
 0.000279 2.062499 2.100497 4.162996 13.353554
 0.000279 2.054485 2.099518 4.154002 12.892802
 0.000280 2.046675 2.095304 4.141979 12.289486
 0.000280 2.039079 2.087491 4.126570 11.537446
 0.000281 2.031938 2.076710 4.108648 10.692577
 0.000281 2.025213 2.063496 4.088709 9.790397
 0.000282 2.019097 2.048543 4.067640 8.880312
 0.000282 2.013458 2.032615 4.046072 7.994624
 0.000283 2.008236 2.016897 4.025132 7.179228
 0.000283 2.003521 2.002018 4.005539 6.455981
 0.000284 1.999252 1.988861 3.988113 5.844985
 0.000284 1.995453 1.978138 3.973591 5.359019
 0.000285 1.992173 1.970316 3.962490 5.001737
 0.000285 1.989399 1.965869 3.955268 4.775932
 0.000286 1.987111 1.964597 3.951709 4.666562
 0.000286 1.985176 1.966832 3.952008 4.675701
 0.000287 1.983615 1.972343 3.955958 4.797297
 0.000287 1.982369 1.981013 3.963382 5.030006
 0.000288 1.981398 1.992507 3.973905 5.369293
 0.000288 1.980713 2.005838 3.986551 5.791689
 0.000289 1.980281 2.020432 4.000712 6.283702
 0.000289 1.980214 2.035710 4.015924 6.834529
 0.000290 1.980491 2.050839 4.031330 7.416009
 0.000290 1.981049 2.065062 4.046111 7.996153
 0.000291 1.981623 2.078427 4.060050 8.563311
 0.000291 1.982268 2.090985 4.073254 9.118445
 0.000292 1.983066 2.102346 4.085412 9.645043
 0.000292 1.983736 2.112035 4.095771 10.105391
 0.000293 1.984296 2.119781 4.104077 10.482236
 0.000293 1.984525 2.125471 4.109996 10.755030
 0.000294 1.984222 2.128986 4.113208 10.904484
 0.000294 1.983405 2.130313 4.113717 10.928307
 0.000295 1.982013 2.129720 4.111733 10.835747
 0.000295 1.979882 2.127106 4.106987 10.615927
 0.000296 1.976839 2.122589 4.099428 10.270467
 0.000296 1.973127 2.116008 4.089136 9.809289
 0.000297 1.968760 2.107426 4.076185 9.244078
 0.000297 1.963697 2.097146 4.060843 8.596154
 0.000298 1.957875 2.085536 4.043411 7.888537
 0.000298 1.951249 2.072344 4.023594 7.121038
 0.000299 1.944111 2.057868 4.001979 6.328679
 0.000299 1.936337 2.042729 3.979065 5.539742
 0.000300 1.927870 2.027471 3.955340 4.778169
 0.000300 1.918897 2.012005 3.930902 4.052563
 0.000301 1.909350 1.996981 3.906331 3.383232
 0.000301 1.899396 1.983390 3.882786 2.798489
 0.000302 1.889140 1.972033 3.861173 2.310518
 0.000302 1.878562 1.963544 3.842106 1.918824
 0.000303 1.867715 1.958707 3.826422 1.623872
 0.000303 1.856648 1.957436 3.814084 1.409133
 0.000304 1.845276 1.960394 3.805670 1.271425
 0.000304 1.833641 1.967482 3.801123 1.199950
 0.000305 1.821834 1.978190 3.800024 1.182981
 0.000305 1.809636 1.992706 3.802342 1.218907
 0.000306 1.797107 2.010567 3.807674 1.303583
 0.000306 1.784265 2.031248 3.815512 1.433215
 0.000307 1.771325 2.054798 3.826123 1.618493
 0.000307 1.758264 2.080413 3.838677 1.852237
 0.000308 1.744988 2.107731 3.852718 2.132347
 0.000308 1.731606 2.136316 3.867922 2.457886
 0.000309 1.718228 2.165438 3.883666 2.819335
 0.000309 1.704734 2.194695 3.899428 3.206055
 0.000310 1.691179 2.223625 3.914804 3.607225
 0.000310 1.677729 2.251949 3.929678 4.017805
 0.000311 1.664322 2.279530 3.943853 4.429647
 0.000311 1.650966 2.306090 3.957056 4.831345
 0.000312 1.637659 2.331132 3.968792 5.203049
 0.000312 1.624482 2.354239 3.978722 5.528298
 0.000313 1.611295 2.374672 3.985967 5.771855
 0.000313 1.598197 2.392167 3.990364 5.922196
 0.000314 1.585147 2.406961 3.992108 5.982381
 0.000314 1.572123 2.418836 3.990959 5.942693
 0.000315 1.559219 2.427623 3.986842 5.801611
 0.000315 1.546466 2.433723 3.980189 5.577219
 0.000316 1.533862 2.437010 3.970872 5.270365
 0.000316 1.521569 2.438074 3.959643 4.912101
 0.000317 1.509643 2.437273 3.946916 4.521287
 0.000317 1.498125 2.435086 3.933211 4.118574
 0.000318 1.486914 2.431869 3.918783 3.714888
 0.000318 1.476009 2.427568 3.903577 3.311969
 0.000319 1.465523 2.422724 3.888247 2.929169
 0.000319 1.455448 2.417723 3.873171 2.575633
 0.000320 1.445890 2.412971 3.858861 2.261094
 0.000320 1.436877 2.408423 3.845300 1.981912
 0.000321 1.428530 2.404679 3.833209 1.748489
 0.000321 1.420838 2.401529 3.822367 1.551616
 0.000322 1.413723 2.398944 3.812667 1.385448
 0.000322 1.407161 2.397062 3.804223 1.248452
 0.000323 1.401391 2.396219 3.797610 1.146151
 0.000323 1.396367 2.396651 3.793018 1.077675
 0.000324 1.392078 2.398429 3.790506 1.041116
 0.000324 1.388709 2.401591 3.790300 1.038135
 0.000325 1.386283 2.405965 3.792247 1.066386
 0.000325 1.384741 2.411564 3.796305 1.126479
 0.000326 1.384143 2.418265 3.802407 1.219925
 0.000326 1.384408 2.425915 3.810324 1.346714
 0.000327 1.385704 2.434716 3.820420 1.517512
 0.000327 1.387795 2.444385 3.832180 1.729300
 0.000328 1.390611 2.454607 3.845218 1.980265
 0.000328 1.394041 2.465103 3.859144 2.267112
 0.000329 1.398033 2.475840 3.873873 2.591589
 0.000329 1.402426 2.487322 3.889748 2.965623
 0.000330 1.407208 2.499393 3.906600 3.390240
 0.000330 1.412238 2.511262 3.923499 3.844558
 0.000331 1.417414 2.522775 3.940189 4.321267
 0.000331 1.422743 2.533523 3.956266 4.806845
 0.000332 1.428192 2.543060 3.971252 5.282715
 0.000332 1.433628 2.551227 3.984855 5.734129
 0.000333 1.438895 2.557716 3.996611 6.139161
 0.000333 1.443823 2.562360 4.006183 6.479154
 0.000334 1.448553 2.564973 4.013527 6.746198
 0.000334 1.453173 2.565245 4.018419 6.927074
 0.000335 1.457596 2.563320 4.020917 7.020367
 0.000335 1.461844 2.558897 4.020741 7.013779
 0.000336 1.465949 2.552474 4.018422 6.927216
 0.000336 1.469899 2.543965 4.013864 6.758603
 0.000337 1.473631 2.533785 4.007417 6.523627
 0.000337 1.477121 2.522395 3.999517 6.241384
 0.000338 1.480428 2.510195 3.990623 5.931108
 0.000338 1.483682 2.497733 3.981415 5.618221
 0.000339 1.486908 2.484937 3.971845 5.302005
 0.000339 1.490155 2.472177 3.962331 4.996736
 0.000340 1.493282 2.459480 3.952762 4.698817
 0.000340 1.496480 2.447275 3.943755 4.426730
 0.000341 1.499663 2.435595 3.935258 4.177527
 0.000341 1.502890 2.424710 3.927600 3.959091
 0.000342 1.506397 2.414827 3.921223 3.781702
 0.000342 1.510090 2.405809 3.915899 3.636681
 0.000343 1.513910 2.397512 3.911422 3.516957
 0.000343 1.517651 2.390313 3.907964 3.425850
 0.000344 1.521450 2.384120 3.905571 3.363478
 0.000344 1.525380 2.378872 3.904251 3.329344
 0.000345 1.529375 2.374678 3.904052 3.324208
 0.000345 1.533386 2.371647 3.905033 3.349556
 0.000346 1.537485 2.369447 3.906933 3.398895
 0.000346 1.541631 2.368189 3.909820 3.474597
 0.000347 1.545749 2.368002 3.913751 3.579000
 0.000347 1.549853 2.368632 3.918485 3.706766
 0.000348 1.553973 2.369693 3.923666 3.849175
 0.000348 1.558096 2.371091 3.929187 4.003892
 0.000349 1.562206 2.372921 3.935127 4.173748
 0.000349 1.566112 2.374824 3.940936 4.343260
 0.000350 1.569796 2.376738 3.946533 4.509801
 0.000350 1.573250 2.378745 3.951995 4.675321
 0.000351 1.576364 2.380826 3.957191 4.835549
 0.000351 1.579198 2.382672 3.961870 4.982147
 0.000352 1.581800 2.384297 3.966097 5.116472
 0.000352 1.583941 2.385524 3.969465 5.224778
 0.000353 1.585689 2.386164 3.971853 5.302277
 0.000353 1.587049 2.386043 3.973092 5.342691
 0.000354 1.587907 2.385148 3.973055 5.341479
 0.000354 1.588239 2.383119 3.971358 5.286161
 0.000355 1.587954 2.379779 3.967732 5.168931
 0.000355 1.587215 2.375171 3.962386 4.998449
 0.000356 1.585977 2.369527 3.955504 4.783221
 0.000356 1.584312 2.363030 3.947342 4.534119
 0.000357 1.582066 2.355527 3.937594 4.245313
 0.000357 1.579307 2.346828 3.926135 3.917980
 0.000358 1.576107 2.337300 3.913407 3.569805
 0.000358 1.572420 2.327271 3.899691 3.212709
 0.000359 1.568271 2.317158 3.885429 2.861364
 0.000359 1.563816 2.307445 3.871261 2.532474
 0.000360 1.558964 2.298214 3.857177 2.225428
 0.000360 1.553653 2.289785 3.843438 1.945011
 0.000361 1.548051 2.282219 3.830270 1.693962
 0.000361 1.542359 2.275725 3.818084 1.477088
 0.000362 1.536468 2.270646 3.807114 1.294548
 0.000362 1.530600 2.267126 3.797727 1.147913
 0.000363 1.524709 2.265073 3.789783 1.030703
 0.000363 1.518511 2.264338 3.782850 0.933562
 0.000364 1.512227 2.265390 3.777618 0.863441
 0.000364 1.505839 2.268422 3.774261 0.819891
 0.000365 1.499228 2.273163 3.772391 0.796123
 0.000365 1.492493 2.279538 3.772031 0.791580
 0.000366 1.485721 2.287451 3.773171 0.805997
 0.000366 1.479049 2.296831 3.775880 0.840752
 0.000367 1.472468 2.308010 3.780478 0.901441
 0.000367 1.466046 2.321086 3.787132 0.992997
 0.000368 1.459772 2.336075 3.795847 1.119608
 0.000368 1.453870 2.352947 3.806817 1.289778
 0.000369 1.448418 2.371096 3.819514 1.501760
 0.000369 1.443574 2.389855 3.833429 1.752604
 0.000370 1.439304 2.409407 3.848711 2.050403
 0.000370 1.435608 2.429147 3.864755 2.388174
 0.000371 1.432573 2.449038 3.881611 2.770751
 0.000371 1.430140 2.468684 3.898824 3.190759
 0.000372 1.428316 2.487527 3.915843 3.635173
 0.000372 1.427017 2.505311 3.932328 4.093250
 0.000373 1.426234 2.521775 3.948008 4.554203
 0.000373 1.425917 2.536586 3.962503 5.002149
 0.000374 1.426158 2.550120 3.976278 5.447362
 0.000374 1.426954 2.562426 3.989380 5.888387
 0.000375 1.428314 2.572650 4.000965 6.292651
 0.000375 1.430300 2.580646 4.010946 6.651740
 0.000376 1.432923 2.586619 4.019542 6.968949
 0.000376 1.435855 2.590565 4.026421 7.228126
 0.000377 1.439361 2.592185 4.031545 7.424288
 0.000377 1.443546 2.592003 4.035549 7.579367
 0.000378 1.448321 2.589914 4.038235 7.684285
 0.000378 1.453431 2.586315 4.039746 7.743649
 0.000379 1.458808 2.581112 4.039920 7.750485
 0.000379 1.464406 2.574339 4.038745 7.704316
 0.000380 1.470135 2.566605 4.036740 7.625821
 0.000380 1.475820 2.557625 4.033445 7.497666
 0.000381 1.481492 2.547490 4.028982 7.325846
 0.000381 1.486998 2.536322 4.023320 7.110727
 0.000382 1.492298 2.524592 4.016891 6.870324
 0.000382 1.497322 2.512735 4.010058 6.619365
 0.000383 1.502053 2.501124 4.003177 6.371391
 0.000383 1.506319 2.489554 3.995873 6.113319
 0.000384 1.510197 2.478646 3.988843 5.869973
 0.000384 1.513648 2.468754 3.982402 5.651362
 0.000385 1.516616 2.459910 3.976525 5.455517
 0.000385 1.519088 2.452161 3.971249 5.282621
 0.000386 1.521029 2.445548 3.966578 5.131875
 0.000386 1.522652 2.439893 3.962546 5.003507
 0.000387 1.524033 2.435263 3.959297 4.901255
 0.000387 1.525185 2.431763 3.956949 4.828018
 0.000388 1.526197 2.429489 3.955686 4.788862
 0.000388 1.526880 2.428130 3.955010 4.767982
 0.000389 1.527303 2.428173 3.955476 4.782358
 0.000389 1.527526 2.429387 3.956913 4.826909
 0.000390 1.527650 2.431371 3.959021 4.892627
 0.000390 1.527524 2.434352 3.961876 4.982346
 0.000391 1.527287 2.438383 3.965670 5.102842
 0.000391 1.526877 2.443605 3.970482 5.257727
 0.000392 1.526331 2.449472 3.975803 5.431674
 0.000392 1.525509 2.455778 3.981288 5.613958
 0.000393 1.524371 2.462263 3.986635 5.794562
 0.000393 1.522910 2.469207 3.992117 5.982676
 0.000394 1.521083 2.476218 3.997301 6.163360
 0.000394 1.518868 2.482561 4.001428 6.309106
 0.000395 1.516291 2.488082 4.004373 6.414153
 0.000395 1.513363 2.491900 4.005264 6.446086
 0.000396 1.510001 2.494185 4.004186 6.407453
 0.000396 1.506197 2.495188 4.001385 6.307562
 0.000397 1.502088 2.494668 3.996756 6.144224
 0.000397 1.497685 2.492589 3.990273 5.919086
 0.000398 1.493033 2.488933 3.981967 5.636727
 0.000398 1.488254 2.484098 3.972351 5.318509
 0.000399 1.483479 2.477800 3.961279 4.963506
 0.000399 1.478622 2.469859 3.948482 4.568507
 0.000400 1.473711 2.460345 3.934056 4.142851
 0.000400 1.468898 2.449447 3.918344 3.702938
 0.000401 1.464097 2.437496 3.901593 3.261098
 0.000401 1.459364 2.424730 3.884094 2.829520
 0.000402 1.454717 2.411123 3.865840 2.411927
 0.000402 1.450263 2.397092 3.847355 2.023028
 0.000403 1.446126 2.383356 3.829482 1.679490
 0.000403 1.442323 2.370240 3.812563 1.383721
 0.000404 1.438951 2.358139 3.797090 1.138290
 0.000404 1.436007 2.346959 3.782966 0.935157
 0.000405 1.433579 2.337133 3.770712 0.775071
 0.000405 1.431697 2.328793 3.760489 0.653025
 0.000406 1.430435 2.321878 3.752313 0.562930
 0.000406 1.429863 2.316646 3.746509 0.503028
 0.000407 1.429820 2.313202 3.743022 0.468657
 0.000407 1.430256 2.311714 3.741969 0.458522
 0.000408 1.431206 2.312361 3.743567 0.473954
 0.000408 1.432853 2.314621 3.747474 0.512754
 0.000409 1.435123 2.318367 3.753490 0.575480
 0.000409 1.437998 2.323660 3.761658 0.666452
 0.000410 1.441485 2.330469 3.771954 0.790622
 0.000410 1.445747 2.338678 3.784425 0.955210
 0.000411 1.450671 2.348347 3.799018 1.167554
 0.000411 1.455963 2.359214 3.815177 1.427544
 0.000412 1.461756 2.371084 3.832840 1.741603
 0.000412 1.467882 2.383661 3.851543 2.108152
 0.000413 1.474232 2.397018 3.871251 2.532237
 0.000413 1.480749 2.410376 3.891125 2.999242
 0.000414 1.487254 2.424025 3.911280 3.513174
 0.000414 1.493670 2.437458 3.931129 4.059023
 0.000415 1.500018 2.450366 3.950384 4.626184
 0.000415 1.506183 2.462085 3.968268 5.186170
 0.000416 1.512070 2.472564 3.984635 5.726669
 0.000416 1.517570 2.481462 3.999032 6.224292
 0.000417 1.522793 2.488488 4.011281 6.663966
 0.000417 1.527667 2.493596 4.021263 7.033366
 0.000418 1.532119 2.496850 4.028969 7.325328
 0.000418 1.536259 2.498101 4.034361 7.533172
 0.000419 1.540085 2.497586 4.037671 7.662220
 0.000419 1.543576 2.495138 4.038714 7.703089
 0.000420 1.546737 2.490392 4.037129 7.641014
 0.000420 1.549533 2.483890 4.033423 7.496827
 0.000421 1.552085 2.475752 4.027837 7.282070
 0.000421 1.554244 2.466177 4.020421 7.001811
 0.000422 1.556079 2.455134 4.011213 6.661480
 0.000422 1.557443 2.443276 4.000719 6.283942
 0.000423 1.558551 2.430684 3.989234 5.883387
 0.000423 1.559353 2.417637 3.976990 5.470861
 0.000424 1.559815 2.404781 3.964596 5.068573
 0.000424 1.559901 2.392332 3.952233 4.682601
 0.000425 1.559658 2.381015 3.940673 4.335525
 0.000425 1.559052 2.371096 3.930148 4.031139
 0.000426 1.558083 2.362480 3.920563 3.763564
 0.000426 1.556870 2.355159 3.912029 3.533079
 0.000427 1.555483 2.349339 3.904821 3.344072
 0.000427 1.553923 2.344908 3.898831 3.190939
 0.000428 1.551991 2.342043 3.894034 3.070913
 0.000428 1.549970 2.340815 3.890785 2.990918
 0.000429 1.547905 2.341412 3.889317 2.955122
 0.000429 1.545680 2.343636 3.889316 2.955090
 0.000430 1.543220 2.347188 3.890408 2.981699
 0.000430 1.540493 2.351914 3.892408 3.030744
 0.000431 1.537482 2.357633 3.895115 3.097771
 0.000431 1.534313 2.364639 3.898951 3.193984
 0.000432 1.530925 2.372903 3.903828 3.318428
 0.000432 1.527312 2.382396 3.909708 3.471631
 0.000433 1.523481 2.392983 3.916464 3.651949
 0.000433 1.519355 2.404333 3.923688 3.849776
 0.000434 1.515001 2.416169 3.931169 4.060182
 0.000434 1.510288 2.428526 3.938815 4.280962
 0.000435 1.505274 2.441374 3.946648 4.513240
 0.000435 1.499937 2.454460 3.954397 4.749054
 0.000436 1.494261 2.467069 3.961331 4.965155
 0.000436 1.488186 2.479302 3.967488 5.161081
 0.000437 1.481991 2.490861 3.972852 5.334843
 0.000437 1.475716 2.501258 3.976974 5.470344
 0.000438 1.469267 2.510737 3.980004 5.571014
 0.000438 1.462711 2.519344 3.982055 5.639694
 0.000439 1.456365 2.526798 3.983163 5.676962
 0.000439 1.450166 2.532719 3.982884 5.667583
 0.000440 1.444230 2.537388 3.981618 5.625036
 0.000440 1.438616 2.540616 3.979232 5.545287
 0.000441 1.433253 2.542440 3.975693 5.428070
 0.000441 1.428322 2.542868 3.971190 5.280705
 0.000442 1.423897 2.541631 3.965528 5.098291
 0.000442 1.420048 2.539229 3.959277 4.900632
 0.000443 1.416808 2.535719 3.952527 4.691610
 0.000443 1.413994 2.531124 3.945118 4.467395
 0.000444 1.411717 2.525615 3.937332 4.237700
 0.000444 1.410323 2.519914 3.930237 4.033658
 0.000445 1.409574 2.514367 3.923941 3.856821
 0.000445 1.409351 2.508641 3.917992 3.693362
 0.000446 1.409726 2.502764 3.912490 3.545331
 0.000446 1.410639 2.497116 3.907755 3.420361
 0.000447 1.412063 2.492264 3.904327 3.331292
 0.000447 1.413951 2.487998 3.901949 3.270197
 0.000448 1.416415 2.484706 3.901121 3.249052
 0.000448 1.419353 2.482249 3.901602 3.261338
 0.000449 1.422620 2.480222 3.902842 3.293072
 0.000449 1.426309 2.479148 3.905457 3.360532
 0.000450 1.430548 2.479261 3.909810 3.474317
 0.000450 1.435202 2.479692 3.914894 3.609642
 0.000451 1.440170 2.480599 3.920769 3.769213
 0.000451 1.445571 2.481695 3.927266 3.949717
 0.000452 1.451235 2.483039 3.934274 4.149140
 0.000452 1.457102 2.484603 3.941705 4.365956
 0.000453 1.463169 2.485605 3.948774 4.577348
 0.000453 1.469502 2.486367 3.955869 4.794523
 0.000454 1.475995 2.486277 3.962272 4.994855
 0.000454 1.482518 2.485841 3.968359 5.189104
 0.000455 1.489054 2.484756 3.973810 5.366187
 0.000455 1.495460 2.482796 3.978255 5.512803
 0.000456 1.501723 2.480700 3.982423 5.652069
 0.000456 1.507890 2.478058 3.985948 5.771191
 0.000457 1.513967 2.474783 3.988749 5.866757
 0.000457 1.519849 2.470946 3.990794 5.937020
 0.000458 1.525343 2.466985 3.992328 5.989995
 0.000458 1.530425 2.462784 3.993209 6.020524
 0.000459 1.535221 2.458041 3.993262 6.022352
 0.000459 1.539682 2.452594 3.992276 5.988206
 0.000460 1.543816 2.446735 3.990551 5.928631
 0.000460 1.547701 2.440275 3.987977 5.840337
 0.000461 1.551341 2.433458 3.984799 5.732227
 0.000461 1.554779 2.426579 3.981359 5.616337
 0.000462 1.557957 2.419698 3.977655 5.492902
 0.000462 1.560821 2.413017 3.973838 5.367099
 0.000463 1.563435 2.406046 3.969481 5.225296
 0.000463 1.565916 2.398820 3.964737 5.073056
 0.000464 1.568266 2.391519 3.959785 4.916554
 0.000464 1.570398 2.384133 3.954531 4.753180
 0.000465 1.572218 2.376890 3.949109 4.587473
 0.000465 1.573747 2.370108 3.943856 4.429735
 0.000466 1.575053 2.363474 3.938527 4.272550
 0.000466 1.576218 2.357348 3.933566 4.128777
 0.000467 1.577130 2.352179 3.929309 4.007349
 0.000467 1.577771 2.347729 3.925500 3.900242
 0.000468 1.578182 2.344264 3.922446 3.815393
 0.000468 1.578485 2.341190 3.919675 3.739227
 0.000469 1.578726 2.338546 3.917273 3.673837
 0.000469 1.578936 2.337084 3.916021 3.639970
 0.000470 1.579199 2.336501 3.915700 3.631319
 0.000470 1.579532 2.336621 3.916153 3.643554
 0.000471 1.579761 2.337479 3.917239 3.672932
 0.000471 1.580036 2.339165 3.919201 3.726288
 0.000472 1.580389 2.341516 3.921905 3.800468
 0.000472 1.580564 2.344233 3.924797 3.880624
 0.000473 1.580632 2.346906 3.927538 3.957357
 0.000473 1.580609 2.348940 3.929549 4.014132
 0.000474 1.580596 2.350391 3.930987 4.054998
 0.000474 1.580481 2.351268 3.931748 4.076699
 0.000475 1.580355 2.351824 3.932178 4.088981
 0.000475 1.579942 2.352114 3.932056 4.085473
 0.000476 1.579419 2.352024 3.931443 4.067986
 0.000476 1.578587 2.351501 3.930088 4.029425
 0.000477 1.577472 2.350284 3.927757 3.963509
 0.000477 1.575994 2.348679 3.924673 3.877172
 0.000478 1.574216 2.346589 3.920806 3.770224
 0.000478 1.572287 2.344054 3.916340 3.648606
 0.000479 1.570196 2.341597 3.911793 3.526800
 0.000479 1.567851 2.339229 3.907080 3.402735
 0.000480 1.565392 2.336983 3.902375 3.281108
 0.000480 1.562678 2.335311 3.897989 3.169699
 0.000481 1.559698 2.334084 3.893782 3.064670
 0.000481 1.556500 2.333212 3.889713 2.964750
 0.000482 1.553110 2.332938 3.886048 2.876183
 0.000482 1.549416 2.333034 3.882450 2.790539
 0.000483 1.545446 2.333835 3.879281 2.716188
 0.000483 1.541261 2.335201 3.876462 2.650863
 0.000484 1.536854 2.337697 3.874551 2.607047
 0.000484 1.532220 2.340876 3.873095 2.573919
 0.000485 1.527379 2.345046 3.872425 2.558728
 0.000485 1.522325 2.350296 3.872621 2.563166
 0.000486 1.517113 2.356851 3.873964 2.593668
 0.000486 1.511716 2.364441 3.876157 2.643846
 0.000487 1.506317 2.373015 3.879332 2.717364
 0.000487 1.500822 2.382414 3.883236 2.809132
 0.000488 1.495293 2.392841 3.888133 2.926415
 0.000488 1.489665 2.404335 3.894000 3.070075
 0.000489 1.484138 2.417206 3.901344 3.254748
 0.000489 1.478707 2.431318 3.910025 3.480001
 0.000490 1.473538 2.446443 3.919982 3.747634
 0.000490 1.468632 2.462493 3.931125 4.058906
 0.000491 1.464104 2.479496 3.943599 4.422116
 0.000491 1.459984 2.497193 3.957177 4.835110
 0.000492 1.456298 2.515055 3.971352 5.285977
 0.000492 1.452948 2.532965 3.985912 5.769993
 0.000493 1.450011 2.550799 4.000810 6.287182
 0.000493 1.447353 2.568271 4.015624 6.823445
 0.000494 1.445150 2.585316 4.030467 7.382774
 0.000494 1.443450 2.601614 4.045064 7.954350
 0.000495 1.442278 2.616395 4.058673 8.506424
 0.000495 1.441548 2.629265 4.070813 9.014508
 0.000496 1.441284 2.640317 4.081600 9.478378
 0.000496 1.441400 2.648912 4.090312 9.861471
 0.000497 1.441848 2.654880 4.096728 10.148480
 0.000497 1.442632 2.658096 4.100727 10.329446
 0.000498 1.443758 2.658397 4.102155 10.394438
 0.000498 1.445189 2.655994 4.101183 10.350173
 0.000499 1.446904 2.651010 4.097914 10.201970
 0.000499 1.449027 2.643516 4.092543 9.960778
 0.000500 1.451464 2.633135 4.084599 9.609392
