#! FIELDS time dAB dAC dAD rc bias
 0.000000 1.515987 1.334018 2.454531 5.304536 20.439278
 0.000000 1.529396 1.330174 2.454755 5.314325 21.069942
 0.000001 1.541680 1.327359 2.454810 5.323850 21.692788
 0.000001 1.551833 1.325857 2.454649 5.332340 22.255598
 0.000002 1.559224 1.325402 2.454293 5.338918 22.696678
 0.000002 1.562604 1.325880 2.453807 5.342291 22.924499
 0.000003 1.561830 1.327204 2.453246 5.342280 22.923747
 0.000003 1.557036 1.329263 2.452490 5.338789 22.687941
 0.000004 1.548545 1.331984 2.451571 5.332100 22.239600
 0.000004 1.537127 1.334998 2.450563 5.322688 21.616316
 0.000005 1.523444 1.338209 2.449372 5.311025 20.856264
 0.000005 1.508261 1.341640 2.448050 5.297950 20.020376
 0.000006 1.492778 1.345016 2.446615 5.284408 19.172650
 0.000006 1.478154 1.348618 2.444982 5.271754 18.397081
 0.000007 1.465016 1.352821 2.443214 5.261052 17.753612
 0.000007 1.453988 1.358101 2.441449 5.253537 17.308669
 0.000008 1.445290 1.364361 2.439686 5.249338 17.062469
 0.000008 1.439807 1.371323 2.437845 5.248975 17.041298
 0.000009 1.437429 1.379712 2.435867 5.253008 17.277557
 0.000009 1.438103 1.389419 2.433786 5.261308 17.768898
 0.000010 1.441881 1.400357 2.431557 5.273795 18.521065
 0.000010 1.448747 1.412576 2.429246 5.290569 19.556058
 0.000011 1.457759 1.425461 2.426937 5.310156 20.800197
 0.000011 1.468242 1.438670 2.424521 5.331433 22.195175
 0.000012 1.479471 1.452124 2.421982 5.353578 23.695093
 0.000012 1.490669 1.464973 2.419421 5.375064 25.197271
 0.000013 1.500850 1.476698 2.416756 5.394304 26.581669
 0.000013 1.508475 1.486853 2.413899 5.409228 27.680915
 0.000014 1.512481 1.494679 2.410901 5.418061 28.342049
 0.000014 1.511869 1.499936 2.407856 5.419661 28.462640
 0.000015 1.506056 1.502445 2.404696 5.413196 27.976976
 0.000015 1.494952 1.501753 2.401406 5.398111 26.859926
 0.000016 1.479018 1.498618 2.398105 5.375741 25.245362
 0.000016 1.458989 1.493502 2.394758 5.347249 23.261458
 0.000017 1.436554 1.486945 2.391416 5.314915 21.108265
 0.000017 1.413352 1.479980 2.388084 5.281415 18.987775
 0.000018 1.391096 1.473505 2.384846 5.249446 17.068810
 0.000018 1.371637 1.467544 2.381676 5.220857 15.439243
 0.000019 1.356240 1.462807 2.378628 5.197675 14.177959
 0.000019 1.345386 1.460108 2.375635 5.181128 13.310525
 0.000020 1.339314 1.459458 2.372743 5.171515 12.819155
 0.000020 1.338467 1.460925 2.369982 5.169374 12.710963
 0.000021 1.342836 1.464653 2.367327 5.174816 12.986826
 0.000021 1.351547 1.470453 2.364740 5.186740 13.601657
 0.000022 1.363926 1.477942 2.362318 5.204186 14.526803
 0.000022 1.379182 1.487124 2.360116 5.226422 15.750059
 0.000023 1.396245 1.497462 2.358057 5.251764 17.204467
 0.000023 1.414128 1.508205 2.356093 5.278426 18.804008
 0.000024 1.431839 1.518447 2.354233 5.304519 20.438221
 0.000024 1.448548 1.527399 2.352464 5.328411 21.994298
 0.000025 1.463289 1.534473 2.350812 5.348574 23.351882
 0.000025 1.475430 1.539103 2.349296 5.363829 24.406042
 0.000026 1.484167 1.540718 2.347954 5.372839 25.039619
 0.000026 1.489918 1.539022 2.346681 5.375620 25.236821
 0.000027 1.492572 1.534229 2.345560 5.372360 25.005717
 0.000027 1.492770 1.527143 2.344593 5.364506 24.453359
 0.000028 1.491405 1.517644 2.343691 5.352740 23.637473
 0.000028 1.488958 1.506112 2.342860 5.337930 22.630142
 0.000029 1.485645 1.493816 2.342132 5.321593 21.544378
 0.000029 1.482433 1.482186 2.341500 5.306119 20.540640
 0.000030 1.480329 1.471238 2.341004 5.292571 19.681448
 0.000030 1.479158 1.461314 2.340624 5.281096 18.968104
 0.000031 1.479175 1.453085 2.340356 5.272616 18.449413
 0.000031 1.480536 1.447029 2.340278 5.267843 18.160589
 0.000032 1.483650 1.443168 2.340352 5.267171 18.120104
 0.000032 1.488056 1.441607 2.340562 5.270224 18.304384
 0.000033 1.493763 1.442498 2.340848 5.277109 18.723327
 0.000033 1.500699 1.445695 2.341256 5.287650 19.373917
 0.000034 1.508918 1.450900 2.341779 5.301597 20.251830
 0.000034 1.517782 1.457610 2.342389 5.317782 21.294950
 0.000035 1.526977 1.465638 2.343018 5.335633 22.475858
 0.000035 1.536084 1.474539 2.343690 5.354312 23.745645
 0.000036 1.543977 1.483820 2.344326 5.372123 24.988959
 0.000036 1.549889 1.492947 2.344923 5.387758 26.106531
 0.000037 1.553431 1.501003 2.345521 5.399955 26.995283
 0.000037 1.554187 1.507701 2.346206 5.408095 27.596667
 0.000038 1.551434 1.511951 2.346871 5.410255 27.757412
 0.000038 1.544485 1.513711 2.347649 5.405845 27.429780
 0.000039 1.533593 1.513211 2.348537 5.395341 26.657331
 0.000039 1.519169 1.510332 2.349531 5.379032 25.479743
 0.000040 1.501709 1.505575 2.350634 5.357919 23.994906
 0.000040 1.482277 1.499387 2.351852 5.333515 22.334098
 0.000041 1.461467 1.492184 2.353170 5.306821 20.585631
 0.000041 1.440585 1.484903 2.354567 5.280055 18.904038
 0.000042 1.420960 1.477566 2.356104 5.254630 17.373023
 0.000042 1.403849 1.471044 2.357748 5.232641 16.101009
 0.000043 1.390066 1.465631 2.359495 5.215193 15.126116
 0.000043 1.380659 1.461669 2.361448 5.203775 14.504659
 0.000044 1.376288 1.459833 2.363631 5.199752 14.288771
 0.000044 1.377214 1.460244 2.365982 5.203440 14.486594
 0.000045 1.383424 1.462772 2.368494 5.214690 15.098504
 0.000045 1.394964 1.467120 2.371181 5.233266 16.136502
 0.000046 1.411266 1.473219 2.374016 5.258501 17.601925
 0.000046 1.431058 1.480453 2.376884 5.288395 19.420326
 0.000047 1.453199 1.488363 2.379807 5.321369 21.529699
 0.000047 1.476424 1.495984 2.382807 5.355215 23.807931
 0.000048 1.499259 1.502459 2.385947 5.387665 26.099771
 0.000048 1.520068 1.506938 2.389084 5.416089 28.193800
 0.000049 1.537438 1.508361 2.392209 5.438008 29.863739
 0.000049 1.550913 1.506684 2.395277 5.452874 31.023672
 0.000050 1.560132 1.501094 2.398389 5.459615 31.556950
 0.000050 1.564804 1.491449 2.401469 5.457722 31.406706
 0.000051 1.565283 1.477878 2.404528 5.447688 30.616556
 0.000051 1.562173 1.461280 2.407494 5.430947 29.320498
 0.000052 1.556574 1.442302 2.410432 5.409307 27.686825
 0.000052 1.548879 1.421976 2.413367 5.384221 25.851539
 0.000053 1.539675 1.401339 2.416281 5.357295 23.951716
 0.000053 1.529861 1.381090 2.419204 5.330154 22.110059
 0.000054 1.520268 1.362422 2.422171 5.304862 20.460115
 0.000054 1.512272 1.346387 2.425163 5.283822 19.136343
 0.000055 1.506400 1.333473 2.428211 5.268084 18.175103
 0.000055 1.502742 1.324222 2.431284 5.258248 17.586918
 0.000056 1.501460 1.319411 2.434353 5.255224 17.408032
 0.000056 1.502488 1.319747 2.437364 5.259599 17.667119
 0.000057 1.505940 1.324769 2.440343 5.271052 18.354531
 0.000057 1.511037 1.333831 2.443246 5.288114 19.402835
 0.000058 1.517650 1.346340 2.446049 5.310039 20.792639
 0.000058 1.525391 1.361363 2.448691 5.335445 22.463247
 0.000059 1.533198 1.377598 2.451268 5.362064 24.282913
 0.000059 1.540610 1.393687 2.453669 5.387966 26.121515
 0.000060 1.547315 1.408843 2.455875 5.412033 27.890014
 0.000060 1.552484 1.421739 2.457889 5.432112 29.409797
 0.000061 1.555286 1.430967 2.459637 5.445890 30.476007
 0.000061 1.555369 1.436156 2.461177 5.452702 31.010169
 0.000062 1.552287 1.436860 2.462483 5.451630 30.925798
 0.000062 1.546097 1.432673 2.463552 5.442322 30.198063
 0.000063 1.536642 1.424046 2.464401 5.425089 28.873691
 0.000063 1.524783 1.411680 2.464985 5.401447 27.105016
 0.000064 1.511679 1.396883 2.465296 5.373858 25.111734
 0.000064 1.498186 1.381469 2.465378 5.345034 23.110598
 0.000065 1.485059 1.366692 2.465254 5.317005 21.244269
 0.000065 1.473052 1.353427 2.464986 5.291465 19.612115
 0.000066 1.462995 1.342873 2.464675 5.270543 18.323679
 0.000066 1.455209 1.335490 2.464329 5.255028 17.396485
 0.000067 1.449739 1.331703 2.463952 5.245394 16.832857
 0.000067 1.447239 1.331356 2.463485 5.242080 16.641099
 0.000068 1.447482 1.333975 2.462802 5.244259 16.767053
 0.000068 1.450180 1.339513 2.462102 5.251795 17.206282
 0.000069 1.455094 1.347418 2.461423 5.263935 17.925822
 0.000069 1.462742 1.356816 2.460652 5.280210 18.913589
 0.000070 1.472175 1.366995 2.459782 5.298952 20.083832
 0.000070 1.482622 1.377346 2.459011 5.318978 21.373092
 0.000071 1.493998 1.387718 2.458139 5.339854 22.759789
 0.000071 1.505273 1.397647 2.457129 5.360049 24.142685
 0.000072 1.515463 1.406769 2.456138 5.378370 25.432567
 0.000072 1.523935 1.415095 2.455128 5.394158 26.570970
 0.000073 1.530323 1.422423 2.454044 5.406791 27.499927
 0.000073 1.534117 1.428109 2.452953 5.415179 28.125479
 0.000074 1.535184 1.431868 2.451786 5.418838 28.400575
 0.000074 1.533492 1.433931 2.450574 5.417997 28.337219
 0.000075 1.529430 1.433896 2.449339 5.412665 27.937223
 0.000075 1.523706 1.432037 2.448169 5.403912 27.286827
 0.000076 1.516495 1.428201 2.447053 5.391749 26.395661
 0.000076 1.507991 1.422756 2.445966 5.376714 25.314542
 0.000077 1.498890 1.415725 2.444826 5.359440 24.100342
 0.000077 1.489550 1.407525 2.443666 5.340742 22.819697
 0.000078 1.480650 1.398251 2.442704 5.321605 21.545202
 0.000078 1.472421 1.388521 2.441923 5.302865 20.332564
 0.000079 1.465431 1.379167 2.441335 5.285933 19.267183
 0.000079 1.460233 1.370722 2.440905 5.271860 18.403481
 0.000080 1.456979 1.363810 2.440605 5.261395 17.774040
 0.000080 1.456432 1.358669 2.440406 5.255508 17.424785
 0.000081 1.458299 1.355712 2.440333 5.254344 17.356161
 0.000081 1.462359 1.355584 2.440396 5.258338 17.592288
 0.000082 1.468530 1.358476 2.440561 5.267567 18.143947
 0.000082 1.476181 1.364489 2.440775 5.281445 18.989598
 0.000083 1.485095 1.373500 2.441109 5.299704 20.131495
 0.000083 1.494981 1.385603 2.441571 5.322155 21.581289
 0.000084 1.505254 1.400212 2.442072 5.347538 23.281135
 0.000084 1.515511 1.416260 2.442623 5.374394 25.149789
 0.000085 1.524723 1.432347 2.443236 5.400305 27.021027
 0.000085 1.531563 1.447199 2.443854 5.422616 28.686054
 0.000086 1.535471 1.459780 2.444491 5.439742 29.997932
 0.000086 1.535578 1.469593 2.445020 5.450191 30.812708
 0.000087 1.531442 1.475786 2.445469 5.452697 31.009729
 0.000087 1.523537 1.478303 2.445829 5.447668 30.615005
 0.000088 1.512581 1.477065 2.446083 5.435729 29.687907
 0.000088 1.499113 1.472768 2.446247 5.418128 28.347107
 0.000089 1.484147 1.465481 2.446345 5.395972 26.703384
 0.000089 1.468507 1.456324 2.446426 5.371257 24.927768
 0.000090 1.452830 1.446283 2.446443 5.345555 23.146027
 0.000090 1.438182 1.436590 2.446466 5.321239 21.521149
 0.000091 1.425000 1.428684 2.446444 5.300128 20.158402
 0.000091 1.414190 1.423021 2.446291 5.283502 19.116572
 0.000092 1.405607 1.419872 2.446062 5.271542 18.384181
 0.000092 1.399707 1.420054 2.445709 5.265470 18.017843
 0.000093 1.396406 1.423805 2.445250 5.265461 18.017298
 0.000093 1.395507 1.431522 2.444676 5.271704 18.394057
 0.000094 1.396954 1.442520 2.443963 5.283437 19.112551
 0.000094 1.400740 1.456278 2.443120 5.300138 20.159061
 0.000095 1.406596 1.471984 2.442063 5.320643 21.482073
 0.000095 1.414035 1.488933 2.440775 5.343743 23.022918
 0.000096 1.422567 1.505928 2.439348 5.367844 24.687363
 0.000096 1.431921 1.521589 2.437726 5.391235 26.358364
 0.000097 1.441637 1.535503 2.435924 5.413064 27.967115
 0.000097 1.450565 1.546482 2.433868 5.430916 29.318140
 0.000098 1.458599 1.553949 2.431586 5.444133 30.339001
 0.000098 1.465061 1.557069 2.429057 5.451187 30.890964
 0.000099 1.469930 1.555598 2.426281 5.451810 30.939907
 0.000099 1.472887 1.549659 2.423397 5.445943 30.480124
 0.000100 1.473698 1.539781 2.420382 5.433862 29.544158
 0.000100 1.472181 1.526447 2.417226 5.415854 28.176135
 0.000101 1.468861 1.510402 2.413895 5.393158 26.498121
 0.000101 1.463918 1.492802 2.410344 5.367064 24.632561
 0.000102 1.457265 1.475214 2.406582 5.339061 22.706309
 0.000102 1.449749 1.458474 2.402643 5.310867 20.846051
 0.000103 1.441832 1.443841 2.398517 5.284190 19.159134
 0.000103 1.433949 1.431945 2.394358 5.260252 17.705992
 0.000104 1.426190 1.422738 2.390207 5.239134 16.471617
 0.000104 1.419382 1.417048 2.386070 5.222500 15.530685
 0.000105 1.414082 1.415182 2.381978 5.211243 14.909663
 0.000105 1.410106 1.417342 2.377801 5.205249 14.584156
 0.000106 1.407429 1.423497 2.373690 5.204616 14.549973
 0.000106 1.406705 1.433172 2.369655 5.209531 14.816335
 0.000107 1.407985 1.445833 2.365639 5.219458 15.361602
 0.000107 1.410913 1.461045 2.361808 5.233766 16.164913
 0.000108 1.414887 1.477930 2.358071 5.250888 17.153149
 0.000108 1.419960 1.495435 2.354342 5.269736 18.274885
 0.000109 1.425903 1.512312 2.350681 5.288897 19.451593
 0.000109 1.431804 1.527127 2.347130 5.306061 20.536927
 0.000110 1.436752 1.538370 2.343693 5.318815 21.362446
 0.000110 1.440920 1.545124 2.340443 5.326487 21.866855
 0.000111 1.443402 1.546228 2.337308 5.326938 21.896683
 0.000111 1.444267 1.541361 2.334307 5.319935 21.435690
 0.000112 1.443957 1.531336 2.331490 5.306783 20.583221
 0.000112 1.442499 1.516726 2.328799 5.288024 19.397211
 0.000113 1.440074 1.498913 2.326229 5.265217 18.002670
 0.000113 1.437271 1.479522 2.323885 5.240679 16.560387
 0.000114 1.434155 1.459770 2.321738 5.215663 15.151975
 0.000114 1.431119 1.441158 2.319835 5.192112 13.883257
 0.000115 1.429079 1.425043 2.318204 5.172326 12.860229
 0.000115 1.428443 1.412018 2.316851 5.157312 12.110062
 0.000116 1.428896 1.402654 2.315753 5.147303 11.622512
 0.000116 1.430657 1.397933 2.314869 5.143459 11.437890
 0.000117 1.434082 1.398483 2.314202 5.146766 11.596624
 0.000117 1.439142 1.403674 2.313813 5.156629 12.076476
 0.000118 1.445512 1.413516 2.313772 5.172799 12.884259
 0.000118 1.452566 1.427442 2.314076 5.194084 13.987364
 0.000119 1.460015 1.444874 2.314809 5.219699 15.374976
 0.000119 1.467160 1.464438 2.315838 5.247435 16.951505
 0.000120 1.473293 1.484908 2.317177 5.275378 18.617525
 0.000120 1.477564 1.504610 2.318740 5.300913 20.208316
 0.000121 1.479701 1.521740 2.320585 5.322026 21.572829
 0.000121 1.479259 1.535155 2.322611 5.337025 22.569300
 0.000122 1.476367 1.544003 2.324872 5.345243 23.124785
 0.000122 1.471101 1.547051 2.327286 5.345438 23.138035
 0.000123 1.463973 1.544186 2.329775 5.337934 22.630425
 0.000123 1.455014 1.535829 2.332339 5.323182 21.648813
 0.000124 1.445103 1.522731 2.335032 5.302867 20.332689
 0.000124 1.435052 1.505984 2.337780 5.278816 18.827914
 0.000125 1.426049 1.487017 2.340650 5.253715 17.319141
 0.000125 1.418443 1.467387 2.343639 5.229469 15.921518
 0.000126 1.412761 1.448768 2.346719 5.208248 14.746572
 0.000126 1.409406 1.432494 2.349959 5.191859 13.869945
 0.000127 1.408862 1.419496 2.353365 5.181724 13.341253
 0.000127 1.410842 1.410695 2.356914 5.178451 13.172726
 0.000128 1.415624 1.406790 2.360610 5.183024 13.408510
 0.000128 1.423367 1.408300 2.364429 5.196095 14.093957
 0.000129 1.433619 1.414868 2.368316 5.216804 15.214864
 0.000129 1.445406 1.426045 2.372297 5.243749 16.737553
 0.000130 1.458174 1.440734 2.376361 5.275270 18.610930
 0.000130 1.471085 1.458161 2.380506 5.309752 20.774149
 0.000131 1.483195 1.476483 2.384683 5.344362 23.064918
 0.000131 1.493411 1.494320 2.388816 5.376546 25.302622
 0.000132 1.500794 1.510381 2.392926 5.404101 27.300767
 0.000132 1.504632 1.523268 2.397019 5.424919 28.860776
 0.000133 1.504530 1.532137 2.401040 5.437706 29.840438
 0.000133 1.500460 1.536592 2.404992 5.442044 30.176436
 0.000134 1.492817 1.536066 2.408797 5.437679 29.838346
 0.000134 1.482578 1.531163 2.412448 5.426189 28.957319
 0.000135 1.470072 1.522645 2.415967 5.408685 27.640521
 0.000135 1.456458 1.511639 2.419303 5.387400 26.080624
 0.000136 1.442463 1.499209 2.422473 5.364145 24.428116
 0.000136 1.429294 1.486747 2.425523 5.341564 22.875277
 0.000137 1.417762 1.475036 2.428461 5.321260 21.522547
 0.000137 1.408483 1.465129 2.431279 5.304890 20.461955
 0.000138 1.401879 1.457455 2.433992 5.293326 19.728833
 0.000138 1.398329 1.452539 2.436576 5.287445 19.361147
 0.000139 1.397372 1.450927 2.439060 5.287359 19.355828
 0.000139 1.399111 1.452415 2.441404 5.292930 19.703959
 0.000140 1.403530 1.456930 2.443648 5.304108 20.411921
 0.000140 1.410077 1.464373 2.445837 5.320287 21.458774
 0.000141 1.418738 1.474321 2.448026 5.341084 22.842853
 0.000141 1.429326 1.485982 2.450214 5.365522 24.524481
 0.000142 1.440993 1.498217 2.452375 5.391585 26.383765
 0.000142 1.453519 1.510372 2.454542 5.418433 28.370086
 0.000143 1.466162 1.522191 2.456719 5.445072 30.412133
 0.000143 1.478424 1.532985 2.458843 5.470252 32.407672
 0.000144 1.489008 1.541768 2.460866 5.491642 34.152627
 0.000144 1.497299 1.547706 2.462712 5.507716 35.493987
 0.000145 1.502856 1.550797 2.464359 5.518012 36.366734
 0.000145 1.504900 1.551067 2.465901 5.521868 36.696368
 0.000146 1.503358 1.548627 2.467317 5.519302 36.476878
 0.000146 1.498188 1.543062 2.468676 5.509925 35.680355
 0.000147 1.489317 1.534927 2.469870 5.494114 34.357180
 0.000147 1.477183 1.524742 2.470974 5.472899 32.621136
 0.000148 1.462202 1.513200 2.472089 5.447492 30.601169
 0.000148 1.445117 1.501107 2.473226 5.419451 28.446790
 0.000149 1.426767 1.489171 2.474380 5.390318 26.291810
 0.000149 1.407487 1.478014 2.475451 5.360952 24.205453
 0.000150 1.388102 1.467911 2.476555 5.332568 22.270848
 0.000150 1.369591 1.459715 2.477722 5.307028 20.598928
 0.000151 1.352921 1.454495 2.478905 5.286321 19.291297
 0.000151 1.338807 1.452795 2.480062 5.271664 18.391588
 0.000152 1.328242 1.454604 2.481259 5.264105 17.936024
 0.000152 1.321815 1.459986 2.482493 5.264294 17.947316
 0.000153 1.319543 1.468894 2.483768 5.272206 18.424509
 0.000153 1.321591 1.481128 2.485053 5.287772 19.381496
 0.000154 1.328301 1.495843 2.486467 5.310611 20.829528
 0.000154 1.338939 1.511899 2.487855 5.338693 22.681519
 0.000155 1.352895 1.527918 2.489246 5.370059 24.843267
 0.000155 1.369001 1.542659 2.490618 5.402278 27.166218
 0.000156 1.385616 1.554801 2.491892 5.432309 29.424947
 0.000156 1.401390 1.562889 2.493104 5.457383 31.379842
 0.000157 1.414609 1.565878 2.494212 5.474698 32.766586
 0.000157 1.424041 1.563576 2.495278 5.482896 33.433566
 0.000158 1.428798 1.555628 2.496243 5.480669 33.251735
 0.000158 1.428313 1.542482 2.497109 5.467904 32.218909
 0.000159 1.422544 1.525184 2.497884 5.445612 30.454297
 0.000159 1.412224 1.505395 2.498534 5.416152 28.198533
 0.000160 1.399010 1.483986 2.499147 5.382143 25.702371
 0.000160 1.384243 1.462890 2.499708 5.346841 23.233621
 0.000161 1.369630 1.443207 2.500235 5.313073 20.988758
 0.000161 1.356939 1.426267 2.500688 5.283895 19.140861
 0.000162 1.347523 1.413377 2.501140 5.262040 17.812565
 0.000162 1.342103 1.404978 2.501567 5.248648 17.022205
 0.000163 1.341733 1.401859 2.502051 5.245642 16.847272
 0.000163 1.346642 1.403957 2.502616 5.253215 17.289695
 0.000164 1.356885 1.410767 2.503218 5.270870 18.343464
 0.000164 1.371923 1.422086 2.503799 5.297808 20.011362
 0.000165 1.390913 1.436906 2.504242 5.332061 22.237036
 0.000165 1.412428 1.454330 2.504656 5.371414 24.938883
 0.000166 1.435165 1.472925 2.504940 5.413029 27.964488
 0.000166 1.457400 1.491290 2.505110 5.453800 31.096653
 0.000167 1.477449 1.508076 2.505085 5.490611 34.067410
 0.000167 1.494097 1.521847 2.504988 5.520932 36.616181
 0.000168 1.506394 1.531196 2.504784 5.542373 38.474086
 0.000168 1.513307 1.535209 2.504526 5.553042 39.415659
 0.000169 1.514562 1.533449 2.504145 5.552156 39.337001
 0.000169 1.510616 1.525886 2.503672 5.540174 38.281411
 0.000170 1.502106 1.513345 2.503081 5.518533 36.411184
 0.000170 1.489795 1.496754 2.502373 5.488923 33.928229
 0.000171 1.475318 1.477387 2.501489 5.454194 31.127792
 0.000171 1.459862 1.456687 2.500506 5.417055 28.266400
 0.000172 1.445037 1.436131 2.499496 5.380663 25.596368
 0.000172 1.431625 1.416767 2.498447 5.346840 23.233511
 0.000173 1.420549 1.399722 2.497446 5.317718 21.290770
 0.000173 1.412546 1.385938 2.496456 5.294939 19.830312
 0.000174 1.407948 1.375827 2.495573 5.279349 18.860632
 0.000174 1.406865 1.369698 2.494747 5.271309 18.370102
 0.000175 1.409171 1.367855 2.493950 5.270977 18.349934
 0.000175 1.414636 1.369698 2.493232 5.277565 18.751236
 0.000176 1.422988 1.374969 2.492486 5.290443 19.548158
 0.000176 1.433366 1.382870 2.491724 5.307960 20.658786
 0.000177 1.444777 1.392906 2.491027 5.328710 22.014094
 0.000177 1.456244 1.404799 2.490399 5.351442 23.548306
 0.000178 1.466518 1.417690 2.489821 5.374029 25.123872
 0.000178 1.474152 1.430574 2.489313 5.394039 26.562303
 0.000179 1.478723 1.442672 2.488859 5.410254 27.757352
 0.000179 1.479414 1.453299 2.488437 5.421150 28.575143
 0.000180 1.475886 1.461948 2.488029 5.425863 28.932546
 0.000180 1.468234 1.467819 2.487600 5.423653 28.764632
 0.000181 1.456572 1.470818 2.487182 5.414571 28.079905
 0.000181 1.442251 1.470660 2.486728 5.399640 26.972107
 0.000182 1.426269 1.467669 2.486281 5.380219 25.564573
 0.000182 1.410103 1.462353 2.485923 5.358379 24.026798
 0.000183 1.394524 1.455116 2.485549 5.335189 22.446109
 0.000183 1.381331 1.446448 2.485228 5.313007 20.984471
 0.000184 1.371068 1.437340 2.484946 5.293355 19.730645
 0.000184 1.364920 1.428514 2.484746 5.278180 18.788931
 0.000185 1.363357 1.420604 2.484626 5.268587 18.205444
 0.000185 1.366399 1.414094 2.484555 5.265048 17.992531
 0.000186 1.373656 1.408709 2.484470 5.266835 18.099865
 0.000186 1.385198 1.404875 2.484419 5.274493 18.563551
 0.000187 1.400560 1.402537 2.484410 5.287507 19.364988
 0.000187 1.419182 1.401772 2.484420 5.305374 20.492896
 0.000188 1.440397 1.402955 2.484337 5.327688 21.946360
 0.000188 1.463477 1.405852 2.484123 5.353453 23.686483
 0.000189 1.487440 1.410297 2.483808 5.381546 25.659558
 0.000189 1.510868 1.416040 2.483424 5.410332 27.763169
 0.000190 1.532857 1.422383 2.482979 5.438220 29.880148
 0.000190 1.552173 1.428214 2.482428 5.462816 31.811737
 0.000191 1.567982 1.433568 2.481730 5.483280 33.464969
 0.000191 1.579170 1.437814 2.480952 5.497936 34.674773
 0.000192 1.585220 1.440653 2.480056 5.505929 35.343594
 0.000192 1.586301 1.442092 2.478904 5.507297 35.458672
 0.000193 1.582692 1.442035 2.477561 5.502288 35.038106
 0.000193 1.574681 1.439954 2.475955 5.490591 34.065797
 0.000194 1.562987 1.436851 2.474118 5.473956 32.706549
 0.000194 1.548817 1.432675 2.472184 5.453676 31.086919
 0.000195 1.533122 1.427712 2.470075 5.430909 29.317626
 0.000195 1.517283 1.422616 2.467823 5.407722 27.569029
 0.000196 1.502147 1.418492 2.465476 5.386115 25.987943
 0.000196 1.488137 1.415009 2.463071 5.366217 24.573158
 0.000197 1.475909 1.412731 2.460503 5.349143 23.390809
 0.000197 1.466155 1.411317 2.457882 5.335354 22.457171
 0.000198 1.459344 1.411512 2.455159 5.326015 21.835656
 0.000198 1.456140 1.413777 2.452301 5.322218 21.585419
 0.000199 1.456670 1.418026 2.449302 5.323999 21.702602
 0.000199 1.461269 1.424432 2.446194 5.331895 22.225963
 0.000200 1.469720 1.432581 2.442970 5.345272 23.126745
 0.000200 1.481112 1.441818 2.439628 5.362558 24.317332
 0.000201 1.494171 1.451458 2.436217 5.381847 25.681094
 0.000201 1.507921 1.461157 2.432748 5.401827 27.132998
 0.000202 1.521568 1.469873 2.429240 5.420682 28.539717
 0.000202 1.533751 1.477090 2.425629 5.436470 29.745012
 0.000203 1.543365 1.482257 2.421893 5.447515 30.602983
 0.000203 1.549566 1.485117 2.418077 5.452760 31.014671
 0.000204 1.551468 1.485117 2.414175 5.450760 30.857376
 0.000204 1.549080 1.482285 2.410216 5.441580 30.140464
 0.000205 1.542635 1.476782 2.406195 5.425611 28.913375
 0.000205 1.532445 1.469754 2.402148 5.404347 27.318980
 0.000206 1.519476 1.461118 2.398139 5.378733 25.458470
 0.000206 1.504760 1.451668 2.394118 5.350546 23.486855
 0.000207 1.489683 1.442517 2.390116 5.322317 21.591918
 0.000207 1.475359 1.434346 2.386111 5.295816 19.885572
 0.000208 1.462819 1.428052 2.382230 5.273101 18.478844
 0.000208 1.452935 1.424566 2.378436 5.255937 17.450157
 0.000209 1.446322 1.423890 2.374659 5.244870 16.802479
 0.000209 1.443217 1.425808 2.371024 5.240049 16.524141
 0.000210 1.443794 1.430278 2.367532 5.241604 16.613655
 0.000210 1.447770 1.437104 2.364204 5.249079 17.047326
 0.000211 1.454633 1.445707 2.361047 5.261387 17.773568
 0.000211 1.463788 1.455290 2.358112 5.277190 18.728294
 0.000212 1.475165 1.465209 2.355460 5.295834 19.886682
 0.000212 1.488285 1.474965 2.353074 5.316324 21.199947
 0.000213 1.502371 1.483694 2.350857 5.336922 22.562397
 0.000213 1.516422 1.491262 2.348853 5.356538 23.899302
 0.000214 1.529836 1.497076 2.347019 5.373931 25.116947
 0.000214 1.542372 1.501011 2.345316 5.388699 26.174552
 0.000215 1.553469 1.502367 2.343795 5.399630 26.971420
 0.000215 1.561783 1.500617 2.342496 5.404896 27.359538
 0.000216 1.566682 1.495847 2.341355 5.403884 27.284752
 0.000216 1.568288 1.488790 2.340349 5.397427 26.809873
 0.000217 1.566332 1.479730 2.339532 5.385593 25.950306
 0.000217 1.560697 1.469334 2.338890 5.368921 24.763072
 0.000218 1.551732 1.458368 2.338326 5.348426 23.341742
 0.000218 1.540134 1.447418 2.337889 5.325441 21.797712
 0.000219 1.527048 1.436905 2.337675 5.301628 20.253754
 0.000219 1.513089 1.427377 2.337678 5.278144 18.786726
 0.000220 1.498650 1.419974 2.337998 5.256622 17.490620
 0.000220 1.484457 1.414687 2.338608 5.237752 16.392376
 0.000221 1.471284 1.411554 2.339449 5.222287 15.518843
 0.000221 1.460154 1.411355 2.340620 5.212130 14.958118
 0.000222 1.451635 1.414373 2.342041 5.208049 14.735758
 0.000222 1.445742 1.420270 2.343633 5.209645 14.822532
 0.000223 1.442280 1.428645 2.345353 5.216278 15.185849
 0.000223 1.441138 1.439042 2.347250 5.227430 15.806687
 0.000224 1.442265 1.451078 2.349472 5.242816 16.683592
 0.000224 1.445414 1.463776 2.351937 5.261128 17.758143
 0.000225 1.449829 1.476512 2.354635 5.280976 18.960713
 0.000225 1.455884 1.488419 2.357484 5.301787 20.263916
 0.000226 1.462711 1.498747 2.360382 5.321840 21.560609
 0.000226 1.469733 1.506239 2.363380 5.339352 22.725897
 0.000227 1.476010 1.510281 2.366471 5.352763 23.639018
 0.000227 1.481281 1.510104 2.369699 5.361084 24.214619
 0.000228 1.484806 1.505285 2.373058 5.363149 24.358531
 0.000228 1.486824 1.496554 2.376456 5.359834 24.127743
 0.000229 1.486705 1.483987 2.379875 5.350567 23.488283
 0.000229 1.484343 1.468661 2.383287 5.336291 22.519977
 0.000230 1.479930 1.451124 2.386698 5.317751 21.292937
 0.000230 1.473967 1.432923 2.390015 5.296905 19.954284
 0.000231 1.467096 1.414823 2.393280 5.275199 18.606625
 0.000231 1.459903 1.397746 2.396502 5.254151 17.344773
 0.000232 1.453003 1.382387 2.399752 5.235143 16.243301
 0.000232 1.447112 1.369567 2.403041 5.219720 15.376151
 0.000233 1.443005 1.359932 2.406312 5.209249 14.800948
 0.000233 1.441431 1.353734 2.409524 5.204690 14.553962
 0.000234 1.442420 1.351321 2.412741 5.206482 14.650829
 0.000234 1.446164 1.353640 2.415895 5.215699 15.153974
 0.000235 1.452512 1.360185 2.418908 5.231605 16.042307
 0.000235 1.461300 1.370910 2.421836 5.254046 17.338616
 0.000236 1.472296 1.385017 2.424626 5.281938 19.019973
 0.000236 1.484817 1.401463 2.427233 5.313513 21.017279
 0.000237 1.497758 1.419222 2.429715 5.346695 23.223672
 0.000237 1.510093 1.437062 2.432006 5.379161 25.489019
 0.000238 1.521352 1.453281 2.434177 5.408810 27.649859
 0.000238 1.530615 1.466587 2.436115 5.433317 29.502289
 0.000239 1.537176 1.475659 2.437816 5.450651 30.848795
 0.000239 1.540473 1.479928 2.439326 5.459726 31.565792
 0.000240 1.540607 1.478767 2.440578 5.459952 31.583747
 0.000240 1.538035 1.472645 2.441541 5.452220 30.972170
 0.000241 1.532430 1.461941 2.442277 5.436648 29.758697
 0.000241 1.524252 1.447112 2.442818 5.414182 28.050783
 0.000242 1.514099 1.429166 2.443178 5.386443 26.011547
 0.000242 1.502852 1.409782 2.443305 5.355939 23.857914
 0.000243 1.491332 1.390736 2.443338 5.325406 21.795442
 0.000243 1.481122 1.372882 2.443330 5.297335 19.981451
 0.000244 1.472999 1.357395 2.443282 5.273677 18.513901
 0.000244 1.467121 1.344696 2.443142 5.254959 17.392429
 0.000245 1.464129 1.334985 2.442989 5.242104 16.642478
 0.000245 1.464577 1.328999 2.442758 5.236334 16.311268
 0.000246 1.467996 1.326985 2.442553 5.237534 16.379865
 0.000246 1.474394 1.329154 2.442262 5.245810 16.856995
 0.000247 1.483254 1.334553 2.441939 5.259745 17.675857
 0.000247 1.494479 1.342465 2.441645 5.278589 18.813972
 0.000248 1.506823 1.352550 2.441368 5.300740 20.197328
 0.000248 1.519102 1.364003 2.441029 5.324134 21.711488
 0.000249 1.530954 1.375778 2.440675 5.347407 23.272201
 0.000249 1.541652 1.387879 2.440324 5.369855 24.828884
 0.000250 1.550680 1.399695 2.439992 5.390367 26.295393
 0.000250 1.557711 1.410432 2.439712 5.407854 27.578831
 0.000251 1.562520 1.419210 2.439530 5.421260 28.583447
 0.000251 1.564932 1.425299 2.439306 5.429537 29.212660
 0.000252 1.564592 1.428571 2.439070 5.432233 29.419110
 0.000252 1.561876 1.428910 2.438774 5.429560 29.214395
 0.000253 1.557367 1.426187 2.438469 5.422023 28.641139
 0.000253 1.551416 1.420512 2.438081 5.410009 27.739045
 0.000254 1.544071 1.412301 2.437649 5.394022 26.561079
 0.000254 1.535850 1.401533 2.437253 5.374636 25.166894
 0.000255 1.527206 1.389041 2.437022 5.353269 23.673824
 0.000255 1.518540 1.375795 2.436853 5.331188 22.178809
 0.000256 1.510354 1.362273 2.436708 5.309335 20.747247
 0.000256 1.502706 1.348573 2.436697 5.287976 19.394208
 0.000257 1.496157 1.335483 2.436772 5.268413 18.194941
 0.000257 1.491760 1.323686 2.436921 5.252367 17.239892
 0.000258 1.489859 1.313718 2.437131 5.240708 16.562040
 0.000258 1.490957 1.305607 2.437292 5.233856 16.170061
 0.000259 1.494771 1.299270 2.437549 5.231591 16.041481
 0.000259 1.501038 1.294947 2.437924 5.233908 16.173027
 0.000260 1.509368 1.293054 2.438358 5.240780 16.566187
 0.000260 1.519954 1.293187 2.438815 5.251956 17.215766
 0.000261 1.532260 1.295406 2.439364 5.267030 18.111628
 0.000261 1.545852 1.299852 2.439945 5.285648 19.249498
 0.000262 1.559595 1.306251 2.440539 5.306385 20.557661
 0.000262 1.572163 1.314250 2.441173 5.327586 21.939596
 0.000263 1.582709 1.323927 2.441754 5.348390 23.339284
 0.000263 1.590550 1.334583 2.442317 5.367449 24.659655
 0.000264 1.594846 1.345877 2.442919 5.383642 25.809919
 0.000264 1.594868 1.357062 2.443470 5.395400 26.661620
 0.000265 1.590330 1.367904 2.443989 5.402222 27.162131
 0.000265 1.580898 1.377896 2.444360 5.403154 27.230871
 0.000266 1.566821 1.386720 2.444582 5.398123 26.860848
 0.000266 1.549156 1.394183 2.444725 5.388064 26.128588
 0.000267 1.529249 1.400151 2.444773 5.374173 25.134102
 0.000267 1.507936 1.404985 2.444733 5.357653 23.976473
 0.000268 1.486728 1.408684 2.444624 5.340036 22.772026
 0.000268 1.466808 1.410778 2.444385 5.321971 21.569245
 0.000269 1.449606 1.411591 2.444033 5.305230 20.483657
 0.000269 1.435430 1.411460 2.443662 5.290552 19.554965
 0.000270 1.425069 1.410810 2.443305 5.279184 18.850493
 0.000270 1.419619 1.409761 2.442958 5.272338 18.432525
 0.000271 1.418970 1.408594 2.442669 5.270233 18.304915
 0.000271 1.423412 1.407500 2.442447 5.273359 18.494565
 0.000272 1.432722 1.406480 2.442140 5.281342 18.983277
 0.000272 1.446575 1.405590 2.441779 5.293944 19.767707
 0.000273 1.464181 1.404554 2.441475 5.310210 20.803656
 0.000273 1.485102 1.403505 2.441174 5.329781 22.085214
 0.000274 1.508367 1.402451 2.440862 5.351680 23.564637
 0.000274 1.532701 1.401040 2.440563 5.374304 25.143370
 0.000275 1.557067 1.398693 2.440264 5.396024 26.707183
 0.000275 1.580127 1.395638 2.439927 5.415692 28.164005
 0.000276 1.600466 1.391252 2.439469 5.431187 29.338906
 0.000276 1.616996 1.385537 2.438882 5.441414 30.127543
 0.000277 1.629337 1.378369 2.438228 5.445934 30.479417
 0.000277 1.636363 1.369691 2.437563 5.443617 30.298762
 0.000278 1.637977 1.359912 2.436778 5.434667 29.606066
 0.000278 1.635086 1.349112 2.435873 5.420071 28.493596
 0.000279 1.627250 1.337357 2.434894 5.399501 26.961940
 0.000279 1.614717 1.324986 2.433904 5.373606 25.093918
 0.000280 1.598020 1.312218 2.432881 5.343120 22.980613
 0.000280 1.578241 1.299201 2.431790 5.309231 20.740585
 0.000281 1.556276 1.286412 2.430596 5.273284 18.490001
 0.000281 1.533152 1.274354 2.429396 5.236902 16.343738
 0.000282 1.509998 1.263649 2.428237 5.201884 14.402952
 0.000282 1.488405 1.254665 2.427130 5.170200 12.752629
 0.000283 1.469160 1.247416 2.426087 5.142663 11.399858
 0.000283 1.453036 1.242595 2.424950 5.120580 10.369818
 0.000284 1.440810 1.240505 2.423839 5.105154 9.679179
 0.000284 1.433050 1.241089 2.422836 5.096974 9.322635
 0.000285 1.430118 1.244300 2.421860 5.096279 9.292644
 0.000285 1.431529 1.250703 2.420934 5.103165 9.591881
 0.000286 1.436762 1.260065 2.420044 5.116872 10.201634
 0.000286 1.445646 1.271993 2.419125 5.136764 11.119927
 0.000287 1.457493 1.286425 2.418182 5.162100 12.346836
 0.000287 1.470741 1.303117 2.417255 5.191114 13.830719
 0.000288 1.483804 1.321908 2.416329 5.222040 15.505082
 0.000288 1.495432 1.342821 2.415438 5.253692 17.317764
 0.000289 1.503820 1.365378 2.414565 5.283763 19.132710
 0.000289 1.507709 1.388738 2.413659 5.310106 20.796984
 0.000290 1.506235 1.411840 2.412694 5.330769 22.150948
 0.000290 1.499313 1.433644 2.411699 5.344656 23.084925
 0.000291 1.487778 1.453099 2.410637 5.351514 23.553227
 0.000291 1.472278 1.469087 2.409453 5.350817 23.505446
 0.000292 1.454281 1.480824 2.408209 5.343314 22.993771
 0.000292 1.434385 1.487376 2.406880 5.328641 22.009554
 0.000293 1.414324 1.488553 2.405507 5.308384 20.686053
 0.000293 1.395128 1.484788 2.404046 5.283962 19.145008
 0.000294 1.378312 1.476718 2.402559 5.257589 17.547890
 0.000294 1.364845 1.465398 2.401145 5.231388 16.030008
 0.000295 1.355310 1.451854 2.399746 5.206910 14.673973
 0.000295 1.349977 1.437220 2.398503 5.185700 13.547451
 0.000296 1.349449 1.422452 2.397361 5.169261 12.705276
 0.000296 1.354345 1.408196 2.396288 5.158829 12.184830
 0.000297 1.364541 1.395031 2.395288 5.154860 11.989707
 0.000297 1.380109 1.383807 2.394433 5.158349 12.161153
 0.000298 1.400392 1.374709 2.393691 5.168792 12.681637
 0.000298 1.424636 1.367835 2.393126 5.185597 13.542106
 0.000299 1.451605 1.363073 2.392717 5.207396 14.700313
 0.000299 1.481002 1.360189 2.392458 5.233650 16.158312
 0.000300 1.510981 1.358552 2.392378 5.261911 17.804859
 0.000300 1.539478 1.358196 2.392482 5.290156 19.530217
 0.000301 1.564132 1.358515 2.392783 5.315429 21.141711
 0.000301 1.582886 1.359045 2.393204 5.335134 22.442440
 0.000302 1.594442 1.359991 2.393667 5.348100 23.319510
 0.000302 1.598346 1.361249 2.394232 5.353827 23.712288
 0.000303 1.594545 1.362676 2.394921 5.352141 23.596314
 0.000303 1.583197 1.364347 2.395766 5.343311 22.993603
 0.000304 1.565267 1.366524 2.396739 5.328530 22.002160
 0.000304 1.542803 1.369106 2.397805 5.309714 20.771666
 0.000305 1.517427 1.372530 2.399047 5.289004 19.458290
 0.000305 1.490624 1.377197 2.400501 5.268322 18.189450
 0.000306 1.464690 1.383330 2.402141 5.250161 17.110572
 0.000306 1.441650 1.391640 2.404033 5.237322 16.367779
 0.000307 1.421857 1.401987 2.406154 5.229999 15.951449
 0.000307 1.406214 1.413850 2.408376 5.228439 15.863481
 0.000308 1.395733 1.427207 2.410809 5.233749 16.163971
 0.000308 1.390031 1.441368 2.413369 5.244768 16.796572
 0.000309 1.389159 1.455984 2.416139 5.261282 17.767335
 0.000309 1.392909 1.470423 2.419039 5.282371 19.046735
 0.000310 1.401370 1.483836 2.422019 5.307225 20.611581
 0.000310 1.414283 1.495262 2.425098 5.334643 22.409541
 0.000311 1.430752 1.503794 2.428331 5.362877 24.339578
 0.000311 1.450095 1.508794 2.431706 5.390594 26.311823
 0.000312 1.471214 1.509549 2.435119 5.415882 28.178250
 0.000312 1.493165 1.505944 2.438581 5.437690 29.839163
 0.000313 1.514968 1.498098 2.442033 5.455099 31.199198
 0.000313 1.535225 1.486155 2.445508 5.466888 32.137390
 0.000314 1.552881 1.470971 2.449003 5.472855 32.617549
 0.000314 1.567190 1.453478 2.452417 5.473084 32.636063
 0.000315 1.577034 1.434379 2.455782 5.467195 32.162009
 0.000315 1.581737 1.414005 2.459183 5.454926 31.185502
 0.000316 1.581410 1.392827 2.462586 5.436824 29.772306
 0.000316 1.576905 1.371512 2.466088 5.414505 28.075000
 0.000317 1.568470 1.350136 2.469498 5.388104 26.131532
 0.000317 1.557071 1.329303 2.472907 5.359281 24.089307
 0.000318 1.543890 1.308923 2.476369 5.329183 22.045498
 0.000318 1.530076 1.289396 2.479922 5.299394 20.111872
 0.000319 1.516571 1.270961 2.483570 5.271102 18.357519
 0.000319 1.504699 1.253824 2.487409 5.245932 16.864091
 0.000320 1.495477 1.238541 2.491283 5.225301 15.687177
 0.000320 1.489182 1.224729 2.495238 5.209148 14.795498
 0.000321 1.486475 1.212161 2.499281 5.197917 14.190840
 0.000321 1.487204 1.201009 2.503535 5.191748 13.864080
 0.000322 1.491564 1.191221 2.507886 5.190672 13.807467
 0.000322 1.499570 1.182761 2.512330 5.194661 14.017926
 0.000323 1.510947 1.175206 2.516910 5.203062 14.466282
 0.000323 1.525547 1.168235 2.521525 5.215307 15.132396
 0.000324 1.542797 1.161968 2.526184 5.230950 16.005192
 0.000324 1.561970 1.156033 2.530921 5.248924 17.038315
 0.000325 1.581979 1.150443 2.535705 5.268128 18.177749
 0.000325 1.601986 1.145001 2.540469 5.287456 19.361829
 0.000326 1.620661 1.138954 2.545289 5.304904 20.462818
 0.000326 1.636679 1.132547 2.550143 5.319368 21.398625
 0.000327 1.648921 1.126082 2.555001 5.330004 22.100036
 0.000327 1.656466 1.119491 2.559865 5.335822 22.488571
 0.000328 1.659270 1.112883 2.564622 5.336775 22.552495
 0.000328 1.657248 1.106151 2.569296 5.332695 22.279343
 0.000329 1.650131 1.099184 2.573793 5.323108 21.643965
 0.000329 1.638420 1.091725 2.578261 5.308406 20.687441
 0.000330 1.622647 1.083871 2.582636 5.289155 19.467689
 0.000330 1.603919 1.076498 2.586878 5.267295 18.127583
 0.000331 1.583379 1.069563 2.590960 5.243903 16.746438
 0.000331 1.562160 1.063023 2.594897 5.220080 15.396122
 0.000332 1.541302 1.056371 2.598765 5.196438 14.112168
 0.000332 1.522240 1.050393 2.602544 5.175177 13.005258
 0.000333 1.505959 1.045271 2.606237 5.157468 12.117739
 0.000333 1.493206 1.040906 2.609913 5.144026 11.465028
 0.000334 1.484424 1.037835 2.613492 5.135752 11.072240
 0.000334 1.479787 1.036310 2.617008 5.133104 10.948006
 0.000335 1.479537 1.035697 2.620356 5.135590 11.064623
 0.000335 1.483753 1.035966 2.623596 5.143315 11.431038
 0.000336 1.491802 1.036628 2.626742 5.155172 12.004957
 0.000336 1.502776 1.037369 2.629819 5.169964 12.740713
 0.000337 1.515321 1.037832 2.632741 5.185893 13.557518
 0.000337 1.529062 1.037655 2.635541 5.202258 14.423058
 0.000338 1.542565 1.036812 2.638134 5.217510 15.253823
 0.000338 1.554563 1.035038 2.640588 5.230190 15.962224
 0.000339 1.564341 1.031972 2.642866 5.239179 16.474169
 0.000339 1.570626 1.027496 2.644905 5.243027 16.695793
 0.000340 1.572507 1.022064 2.646780 5.241351 16.599091
 0.000340 1.569967 1.016137 2.648506 5.234610 16.212979
 0.000341 1.563490 1.009598 2.650021 5.223108 15.564617
 0.000341 1.553998 1.002901 2.651359 5.208258 14.747091
 0.000342 1.542047 0.996758 2.652600 5.191405 13.846056
 0.000342 1.528357 0.991256 2.653689 5.173303 12.909819
 0.000343 1.514307 0.987197 2.654659 5.156163 12.053585
 0.000343 1.500201 0.985370 2.655500 5.141071 11.323954
 0.000344 1.487271 0.986358 2.656315 5.129944 10.800614
 0.000344 1.476166 0.990207 2.657086 5.123460 10.501353
 0.000345 1.467262 0.996702 2.657710 5.121674 10.419693
 0.000345 1.461044 1.005577 2.658217 5.124838 10.564640
 0.000346 1.457685 1.015992 2.658573 5.132251 10.908104
 0.000346 1.457040 1.027502 2.658870 5.143412 11.435648
 0.000347 1.458883 1.039906 2.659129 5.157918 12.139924
 0.000347 1.463135 1.052896 2.659320 5.175351 13.014092
 0.000348 1.469776 1.065642 2.659453 5.194871 14.029034
 0.000348 1.477815 1.077259 2.659549 5.214623 15.094806
 0.000349 1.486929 1.087557 2.659660 5.234146 16.186553
 0.000349 1.496718 1.095864 2.659798 5.252380 17.240622
 0.000350 1.506570 1.101434 2.659885 5.267889 18.163381
 0.000350 1.515860 1.104539 2.659975 5.280374 18.923636
 0.000351 1.523915 1.104600 2.660013 5.288527 19.428566
 0.000351 1.530622 1.101586 2.659974 5.292182 19.657054
 0.000352 1.535421 1.095546 2.659896 5.290863 19.574414
 0.000352 1.538330 1.086783 2.659719 5.284832 19.198870
 0.000353 1.539040 1.075020 2.659484 5.273545 18.505848
 0.000353 1.537602 1.060630 2.659265 5.257497 17.542403
 0.000354 1.534011 1.044070 2.658998 5.237079 16.353833
 0.000354 1.529010 1.025984 2.658651 5.213645 15.041112
 0.000355 1.523665 1.007222 2.658309 5.189196 13.730019
 0.000355 1.518397 0.989131 2.658076 5.165604 12.521575
 0.000356 1.513138 0.972507 2.657889 5.143535 11.441535
 0.000356 1.508310 0.958720 2.657797 5.124827 10.564122
 0.000357 1.504365 0.949072 2.657781 5.111218 9.947855
 0.000357 1.501443 0.944934 2.657821 5.104197 9.637129
 0.000358 1.499982 0.946727 2.657920 5.104628 9.656080
 0.000358 1.499692 0.954463 2.658057 5.112211 9.992192
 0.000359 1.500459 0.966932 2.658183 5.125574 10.598470
 0.000359 1.502415 0.982685 2.658308 5.143408 11.435485
 0.000360 1.505753 1.000291 2.658453 5.164497 12.466254
 0.000360 1.509717 1.018368 2.658607 5.186692 13.599122
 0.000361 1.514032 1.035831 2.658801 5.208663 14.769124
 0.000361 1.518476 1.051787 2.658960 5.229223 15.907649
 0.000362 1.522111 1.065343 2.659014 5.246468 16.895204
 0.000362 1.525083 1.075834 2.658940 5.259857 17.682496
 0.000363 1.526924 1.082164 2.658847 5.267934 18.166098
 0.000363 1.527301 1.084249 2.658749 5.270299 18.308913
 0.000364 1.526234 1.081899 2.658631 5.266765 18.095664
 0.000364 1.524184 1.075080 2.658405 5.257669 17.552619
 0.000365 1.521012 1.063793 2.658015 5.242820 16.683853
 0.000365 1.517250 1.048407 2.657570 5.223227 15.571245
 0.000366 1.513278 1.029863 2.657091 5.200232 14.314465
 0.000366 1.509804 1.009354 2.656498 5.175656 13.029687
 0.000367 1.507299 0.988447 2.655829 5.151574 11.829347
 0.000367 1.506506 0.969113 2.655044 5.130664 10.834104
 0.000368 1.507822 0.952893 2.654258 5.114973 10.116026
 0.000368 1.511071 0.941427 2.653454 5.105951 9.714301
 0.000369 1.516342 0.936250 2.652599 5.105191 9.680811
 0.000369 1.523419 0.937932 2.651730 5.113081 10.031105
 0.000370 1.531828 0.946090 2.650725 5.128643 10.740249
 0.000370 1.541366 0.959461 2.649639 5.150466 11.775472
 0.000371 1.551503 0.975972 2.648468 5.175944 13.044382
 0.000371 1.561363 0.993480 2.647144 5.201987 14.408489
 0.000372 1.570316 1.010079 2.645704 5.226099 15.731918
 0.000372 1.577203 1.024295 2.644253 5.245751 16.853578
 0.000373 1.581076 1.034732 2.642791 5.258599 17.607751
 0.000373 1.582008 1.041125 2.641220 5.264353 17.950843
 0.000374 1.580035 1.043452 2.639468 5.262954 17.867169
 0.000374 1.575314 1.041676 2.637561 5.254551 17.368367
 0.000375 1.568528 1.036043 2.635504 5.240075 16.525663
 0.000375 1.560144 1.027167 2.633352 5.220664 15.428535
 0.000376 1.550819 1.015843 2.631089 5.197751 14.181987
 0.000376 1.541113 1.002697 2.628666 5.172476 12.867861
 0.000377 1.532278 0.988684 2.626141 5.147103 11.612859
 0.000377 1.525085 0.975737 2.623502 5.124324 10.540992
 0.000378 1.519816 0.965194 2.620839 5.105850 9.709815
 0.000378 1.516717 0.958728 2.618130 5.093574 9.176408
 0.000379 1.516244 0.957138 2.615439 5.088821 8.973899
 0.000379 1.518863 0.960765 2.612656 5.092285 9.121252
 0.000380 1.524504 0.968945 2.609787 5.103236 9.594973
 0.000380 1.532450 0.980510 2.606888 5.119848 10.336482
 0.000381 1.542085 0.993765 2.604080 5.139931 11.269775
 0.000381 1.552698 1.007331 2.601275 5.161303 12.307301
 0.000382 1.563483 1.020077 2.598425 5.181985 13.354755
 0.000382 1.573964 1.030766 2.595524 5.200254 14.315603
 0.000383 1.583197 1.038322 2.592498 5.214016 15.061491
 0.000383 1.590476 1.042565 2.589333 5.222374 15.523697
 0.000384 1.595846 1.042530 2.586080 5.224456 15.639884
 0.000384 1.598539 1.038464 2.582775 5.219779 15.379402
 0.000385 1.598480 1.030804 2.579352 5.208635 14.767588
 0.000385 1.595445 1.019754 2.575855 5.191054 13.827575
 0.000386 1.589890 1.005860 2.572337 5.168087 12.646134
 0.000386 1.582662 0.989818 2.568816 5.141296 11.334700
 0.000387 1.574836 0.973129 2.565209 5.113174 10.035262
 0.000387 1.566957 0.957702 2.561551 5.086210 8.863636
 0.000388 1.559846 0.945554 2.557891 5.063290 7.924892
 0.000388 1.553935 0.938095 2.554196 5.046226 7.260080
 0.000389 1.549850 0.936513 2.550558 5.036921 6.909839
 0.000389 1.548205 0.941151 2.546986 5.036342 6.888334
 0.000390 1.548505 0.951935 2.543466 5.043906 7.171964
 0.000390 1.551004 0.967327 2.539957 5.058288 7.726984
 0.000391 1.555344 0.985408 2.536554 5.077306 8.492694
 0.000391 1.561103 1.004090 2.533109 5.098302 9.380044
 0.000392 1.567727 1.021939 2.529643 5.119309 10.312020
 0.000392 1.574399 1.037902 2.526147 5.138449 11.199522
 0.000393 1.580857 1.050686 2.522689 5.154232 11.958978
 0.000393 1.586532 1.059794 2.519265 5.165591 12.520931
 0.000394 1.590808 1.064731 2.515823 5.171362 12.811415
 0.000394 1.593791 1.065392 2.512384 5.171567 12.821760
 0.000395 1.595829 1.061378 2.509008 5.166214 12.552146
 0.000395 1.596575 1.053007 2.505734 5.155316 12.012030
 0.000396 1.596064 1.040487 2.502510 5.139061 11.228509
 0.000396 1.594745 1.024654 2.499324 5.118723 10.285407
 0.000397 1.593102 1.006837 2.496207 5.096147 9.286935
 0.000397 1.591409 0.988539 2.493162 5.073110 8.320656
 0.000398 1.590282 0.971534 2.490269 5.052085 7.485068
 0.000398 1.589862 0.957101 2.487561 5.034524 6.821034
 0.000399 1.589831 0.946970 2.485021 5.021822 6.359933
 0.000399 1.590336 0.942454 2.482662 5.015452 6.134790
 0.000400 1.591323 0.944732 2.480496 5.016550 6.173325
 0.000400 1.592738 0.952882 2.478525 5.024146 6.443089
 0.000401 1.594658 0.965383 2.476710 5.036751 6.903514
 0.000401 1.596266 0.980220 2.475084 5.051569 7.465114
 0.000402 1.597622 0.995530 2.473579 5.066731 8.062464
 0.000402 1.598688 1.009847 2.472220 5.080755 8.635450
 0.000403 1.599116 1.022083 2.471099 5.092298 9.121810
 0.000403 1.599051 1.031818 2.470131 5.101000 9.497293
 0.000404 1.598577 1.038508 2.469299 5.106383 9.733351
 0.000404 1.597413 1.041579 2.468540 5.107531 9.784065
 0.000405 1.595704 1.041146 2.467972 5.104822 9.664608
 0.000405 1.593479 1.037348 2.467669 5.098496 9.388448
 0.000406 1.591263 1.030565 2.467535 5.089362 8.996861
 0.000406 1.589717 1.021456 2.467511 5.078684 8.549602
 0.000407 1.588869 1.010295 2.467665 5.066829 8.066385
 0.000407 1.589004 0.998492 2.468037 5.055533 7.619077
 0.000408 1.590069 0.987386 2.468663 5.046118 7.255965
 0.000408 1.592082 0.978208 2.469586 5.039876 7.020132
 0.000409 1.595262 0.971255 2.470706 5.037223 6.921077
 0.000409 1.598823 0.967491 2.472086 5.038400 6.964941
 0.000410 1.602783 0.966995 2.473676 5.043454 7.154852
 0.000410 1.607416 0.969790 2.475491 5.052696 7.508741
 0.000411 1.612114 0.975300 2.477555 5.064968 7.991844
 0.000411 1.616779 0.983237 2.479852 5.079868 8.598608
 0.000412 1.621244 0.992086 2.482434 5.095765 9.270488
 0.000412 1.624931 1.000990 2.485179 5.111100 9.942572
 0.000413 1.627758 1.009344 2.488047 5.125149 10.578917
 0.000413 1.629343 1.015798 2.491011 5.136152 11.091091
 0.000414 1.629711 1.020046 2.494081 5.143838 11.456016
 0.000414 1.628803 1.020698 2.497225 5.146726 11.594689
 0.000415 1.626091 1.016958 2.500397 5.143446 11.437289
 0.000415 1.621618 1.009059 2.503649 5.134327 11.005302
 0.000416 1.615333 0.997965 2.506951 5.120249 10.354729
 0.000416 1.608089 0.984368 2.510310 5.102767 9.574471
 0.000417 1.600337 0.969708 2.513708 5.083752 8.760461
 0.000417 1.592587 0.955767 2.517165 5.065520 8.013890
 0.000418 1.584962 0.944848 2.520756 5.050567 7.426434
 0.000418 1.578097 0.938817 2.524480 5.041394 7.077151
 0.000419 1.571683 0.938612 2.528298 5.038592 6.972109
 0.000419 1.566599 0.944543 2.532202 5.043344 7.150694
 0.000420 1.563377 0.956456 2.536124 5.055957 7.635647
 0.000420 1.561760 0.972371 2.540107 5.074238 8.366751
 0.000421 1.561731 0.990594 2.544133 5.096457 9.300340
 0.000421 1.562701 1.009021 2.548191 5.119913 10.339464
 0.000422 1.564373 1.025790 2.552314 5.142477 11.390971
 0.000422 1.566389 1.039636 2.556452 5.162477 12.365577
 0.000423 1.568153 1.049528 2.560469 5.178150 13.157299
 0.000423 1.570158 1.055163 2.564366 5.189687 13.755802
 0.000424 1.571543 1.055994 2.568299 5.195836 14.080203
 0.000424 1.572192 1.051607 2.572210 5.196009 14.089374
 0.000425 1.571294 1.041783 2.576030 5.189106 13.725332
 0.000425 1.569225 1.027174 2.579695 5.176094 13.052060
 0.000426 1.566130 1.008477 2.583231 5.157837 12.135928
 0.000426 1.561989 0.987080 2.586737 5.135807 11.074824
 0.000427 1.557451 0.965107 2.590235 5.112794 10.018241
 0.000427 1.552858 0.945170 2.593788 5.091816 9.101222
 0.000428 1.548666 0.929561 2.597268 5.075495 8.418214
 0.000428 1.545324 0.920796 2.600628 5.066748 8.063155
 0.000429 1.543114 0.920508 2.603898 5.067520 8.094180
 0.000429 1.542426 0.928398 2.607080 5.077903 8.517331
 0.000430 1.542911 0.942951 2.610090 5.095952 9.278565
 0.000430 1.544674 0.962100 2.613007 5.119781 10.333432
 0.000431 1.547240 0.982621 2.615673 5.145534 11.537360
 0.000431 1.550794 1.002376 2.618202 5.171372 12.811918
 0.000432 1.555087 1.019060 2.620538 5.194686 14.019206
 0.000432 1.559676 1.031089 2.622620 5.213386 15.026893
 0.000433 1.564090 1.037731 2.624518 5.226339 15.745419
 0.000433 1.568384 1.039337 2.626261 5.233981 16.177169
 0.000434 1.571655 1.035853 2.627803 5.235311 16.252910
 0.000434 1.573407 1.027178 2.629248 5.229834 15.942108
 0.000435 1.573598 1.014336 2.630558 5.218493 15.308169
 0.000435 1.572531 0.998363 2.631777 5.202672 14.445272
 0.000436 1.570234 0.980339 2.632854 5.183427 13.429374
 0.000436 1.567136 0.962112 2.633796 5.163044 12.393781
 0.000437 1.563467 0.946121 2.634661 5.144248 11.475684
 0.000437 1.559822 0.934582 2.635461 5.129865 10.796971
 0.000438 1.556727 0.929188 2.636099 5.122015 10.435259
 0.000438 1.554671 0.930987 2.636549 5.122207 10.444015
 0.000439 1.553912 0.939570 2.636871 5.130354 10.819689
 0.000439 1.554337 0.953234 2.637015 5.144586 11.491875
 0.000440 1.555013 0.970079 2.637012 5.162104 12.347033
 0.000440 1.556027 0.988171 2.636913 5.181111 13.309634
 0.000441 1.557171 1.005214 2.636678 5.199062 14.251899
 0.000441 1.558251 1.020112 2.636301 5.214665 15.097086
 0.000442 1.558669 1.031480 2.635794 5.225943 15.723199
 0.000442 1.558141 1.038337 2.635153 5.231632 16.043809
 0.000443 1.556076 1.039976 2.634300 5.230352 15.971402
 0.000443 1.552595 1.036055 2.633206 5.221856 15.494846
 0.000444 1.547964 1.027463 2.631887 5.207314 14.695849
 0.000444 1.542291 1.014365 2.630407 5.187063 13.618488
 0.000445 1.535909 0.997370 2.628708 5.161988 12.341263
 0.000445 1.529892 0.978253 2.626788 5.134932 11.033697
 0.000446 1.524815 0.958788 2.624717 5.108320 9.818988
 0.000446 1.521100 0.941640 2.622506 5.085246 8.823080
 0.000447 1.519084 0.929664 2.620136 5.068884 8.149144
 0.000447 1.519488 0.924674 2.617746 5.061908 7.869968
 0.000448 1.522154 0.927843 2.615366 5.065363 8.007612
 0.000448 1.527080 0.938192 2.613060 5.078332 8.535045
 0.000449 1.533845 0.954571 2.610749 5.099165 9.417461
 0.000449 1.541609 0.974696 2.608356 5.124661 10.556496
 0.000450 1.549442 0.996044 2.605969 5.151455 11.823539
 0.000450 1.556734 1.016653 2.603531 5.176917 13.094133
 0.000451 1.563215 1.034816 2.601085 5.199117 14.254846
 0.000451 1.568217 1.048827 2.598582 5.215625 15.149929
 0.000452 1.571421 1.057755 2.595957 5.225132 15.677755
 0.000452 1.572723 1.061282 2.593287 5.227292 15.798906
 0.000453 1.571965 1.059260 2.590538 5.221763 15.489631
 0.000453 1.569731 1.052019 2.587707 5.209457 14.812291
 0.000454 1.566515 1.039540 2.584924 5.190979 13.823627
 0.000454 1.562883 1.022919 2.582157 5.167958 12.639679
 0.000455 1.558900 1.003221 2.579449 5.141569 11.347704
 0.000455 1.555147 0.982187 2.576746 5.114080 10.075922
 0.000456 1.552130 0.961837 2.574077 5.088045 8.941055
 0.000456 1.550243 0.944967 2.571504 5.066713 8.061756
 0.000457 1.550189 0.934062 2.568966 5.053217 7.528931
 0.000457 1.551893 0.930325 2.566634 5.048851 7.360475
 0.000458 1.555701 0.934099 2.564473 5.054274 7.569990
 0.000458 1.561567 0.944875 2.562435 5.068877 8.148858
 0.000459 1.568895 0.960808 2.560518 5.090220 9.033287
 0.000459 1.576872 0.979829 2.558760 5.115461 10.137979
 0.000460 1.585167 0.999433 2.557059 5.141660 11.352017
 0.000460 1.592971 1.017272 2.555368 5.165611 12.521957
 0.000461 1.599609 1.032100 2.553684 5.185393 13.531487
 0.000461 1.604388 1.043571 2.551970 5.199929 14.298255
 0.000462 1.606687 1.050627 2.550323 5.207638 14.713422
 0.000462 1.606081 1.052959 2.548760 5.207801 14.722289
 0.000463 1.602600 1.050908 2.547162 5.200670 14.337864
 0.000463 1.596988 1.044772 2.545608 5.187368 13.634392
 0.000464 1.589452 1.034748 2.544019 5.168219 12.652776
 0.000464 1.580223 1.021984 2.542420 5.144627 11.493848
 0.000465 1.569831 1.007315 2.540871 5.118016 10.253365
 0.000465 1.559138 0.991882 2.539262 5.090283 9.035933
 0.000466 1.549438 0.977208 2.537707 5.064352 7.967234
 0.000466 1.541431 0.965145 2.536312 5.042888 7.133460
 0.000467 1.536172 0.957417 2.535072 5.028662 6.606226
 0.000467 1.533978 0.955130 2.533909 5.023016 6.402618
 0.000468 1.535166 0.958668 2.532852 5.026686 6.534608
 0.000468 1.539692 0.967307 2.531991 5.038990 6.986972
 0.000469 1.546999 0.980185 2.531237 5.058421 7.732237
 0.000469 1.556196 0.995538 2.530565 5.082299 8.699718
 0.000470 1.566269 1.011821 2.529970 5.108060 9.807487
 0.000470 1.577032 1.027026 2.529464 5.133522 10.967583
 0.000471 1.587511 1.040213 2.528945 5.156669 12.078435
 0.000471 1.597148 1.050204 2.528495 5.175847 13.039444
 0.000472 1.604912 1.056111 2.527997 5.189020 13.720812
 0.000472 1.610112 1.057489 2.527453 5.195055 14.038767
 0.000473 1.612764 1.054600 2.526970 5.194333 14.000555
 0.000473 1.612950 1.047420 2.526533 5.186902 13.610105
 0.000474 1.610748 1.036811 2.526103 5.173662 12.928077
 0.000474 1.606872 1.023967 2.525652 5.156491 12.069699
 0.000475 1.601678 1.009780 2.525171 5.136629 11.113578
 0.000475 1.595999 0.995425 2.524710 5.116135 10.168343
 0.000476 1.590613 0.982102 2.524242 5.096957 9.321877
 0.000476 1.585951 0.971371 2.523834 5.081156 8.652110
 0.000477 1.582606 0.964386 2.523417 5.070409 8.210843
 0.000477 1.581238 0.962294 2.523080 5.066612 8.057669
 0.000478 1.581631 0.965275 2.522829 5.069735 8.183562
 0.000478 1.583740 0.973132 2.522632 5.079503 8.583504
 0.000479 1.587823 0.985032 2.522502 5.095357 9.252939
 0.000479 1.593296 0.999559 2.522396 5.115251 10.128530
 0.000480 1.599560 1.015236 2.522364 5.137160 11.138624
 0.000480 1.606138 1.030518 2.522447 5.159102 12.198345
 0.000481 1.613075 1.044860 2.522545 5.180480 13.277101
 0.000481 1.619844 1.057047 2.522644 5.199535 14.277194
 0.000482 1.625921 1.066245 2.522828 5.214994 15.115210
 0.000482 1.630661 1.072441 2.523147 5.226248 15.740302
 0.000483 1.633975 1.075707 2.523539 5.233221 16.133959
 0.000483 1.635961 1.075782 2.523986 5.235729 16.276753
 0.000484 1.636464 1.072235 2.524464 5.233162 16.130610
 0.000484 1.635696 1.065265 2.525003 5.225963 15.724314
 0.000485 1.633227 1.055060 2.525545 5.213832 15.051393
 0.000485 1.629470 1.042099 2.526088 5.197657 14.176982
 0.000486 1.624525 1.026517 2.526754 5.177796 13.139133
 0.000486 1.618693 1.009318 2.527544 5.155555 12.023771
 0.000487 1.612343 0.991826 2.528429 5.132598 10.924356
 0.000487 1.606008 0.975541 2.529393 5.110943 9.935555
 0.000488 1.600284 0.962652 2.530396 5.093332 9.166041
 0.000488 1.595910 0.954698 2.531524 5.082132 8.692764
 0.000489 1.593027 0.952663 2.532784 5.078474 8.540895
 0.000489 1.591182 0.957153 2.534096 5.082431 8.705257
 0.000490 1.590338 0.967663 2.535445 5.093446 9.170932
 0.000490 1.590401 0.982974 2.536860 5.110235 9.904017
 0.000491 1.591007 1.001626 2.538343 5.130976 10.848645
 0.000491 1.591938 1.021753 2.539946 5.153636 11.929835
 0.000492 1.592912 1.041853 2.541597 5.176361 13.065714
 0.000492 1.593901 1.060678 2.543253 5.197832 14.186325
 0.000493 1.594506 1.077850 2.544938 5.217293 15.241869
 0.000493 1.594373 1.092022 2.546614 5.233009 16.121944
 0.000494 1.593093 1.102892 2.548275 5.244260 16.767120
 0.000494 1.590317 1.110162 2.549892 5.250371 17.122854
 0.000495 1.586504 1.113311 2.551456 5.251272 17.175612
 0.000495 1.582157 1.112413 2.553086 5.247656 16.964364
 0.000496 1.577313 1.108498 2.554825 5.240635 16.557882
 0.000496 1.572312 1.101486 2.556551 5.230349 15.971236
 0.000497 1.567239 1.091563 2.558295 5.217097 15.231028
 0.000497 1.562151 1.078743 2.560019 5.200914 14.350944
 0.000498 1.557767 1.063478 2.561706 5.182951 13.404738
 0.000498 1.554664 1.045900 2.563387 5.163952 12.439029
 0.000499 1.553065 1.026953 2.565134 5.145152 11.519019
 0.000499 1.552891 1.006826 2.566871 5.126588 10.645201
 0.000500 1.554418 0.986807 2.568730 5.109955 9.891575
