#! FIELDS time dAB dAC dAD rc bias
 0.000000 1.791856 2.000456 2.804077 6.596389 2.951009
 0.000000 1.787388 1.996834 2.803040 6.587262 2.733444
 0.000001 1.783462 1.991626 2.801865 6.576954 2.497732
 0.000001 1.780547 1.985298 2.800395 6.566240 2.264011
 0.000002 1.779370 1.978541 2.798796 6.556707 2.065698
 0.000002 1.780204 1.971565 2.796985 6.548753 1.907199
 0.000003 1.783111 1.964598 2.794932 6.542641 1.789690
 0.000003 1.788623 1.958167 2.792650 6.539440 1.729650
 0.000004 1.796478 1.952281 2.790165 6.538923 1.720044
 0.000004 1.806221 1.947255 2.787552 6.541028 1.759314
 0.000005 1.817747 1.943189 2.784868 6.545805 1.850052
 0.000005 1.830357 1.939614 2.782073 6.552044 1.972019
 0.000006 1.843238 1.936306 2.779168 6.558712 2.106661
 0.000006 1.856318 1.933696 2.776232 6.566245 2.264131
 0.000007 1.868490 1.931313 2.773237 6.573041 2.411045
 0.000007 1.878952 1.929133 2.770257 6.578342 2.528867
 0.000008 1.886929 1.926377 2.767201 6.580508 2.577798
 0.000008 1.891477 1.922843 2.764039 6.578359 2.529246
 0.000009 1.892548 1.918048 2.760931 6.571527 2.377913
 0.000009 1.889899 1.912253 2.757869 6.560020 2.133590
 0.000010 1.883715 1.905527 2.754883 6.544124 1.817864
 0.000010 1.874421 1.897734 2.751919 6.524075 1.455674
 0.000011 1.862726 1.889590 2.749071 6.501387 1.094297
 0.000011 1.849684 1.881267 2.746374 6.477325 0.767278
 0.000012 1.835901 1.873809 2.743751 6.453462 0.500135
 0.000012 1.822672 1.867366 2.741304 6.431341 0.303368
 0.000013 1.810690 1.862245 2.739030 6.411964 0.171203
 0.000013 1.800692 1.858477 2.736977 6.396146 0.091157
 0.000014 1.793857 1.856371 2.735073 6.385301 0.050730
 0.000014 1.790992 1.856181 2.733490 6.380663 0.037033
 0.000015 1.792196 1.857833 2.732382 6.382412 0.041944
 0.000015 1.796872 1.860723 2.731662 6.389257 0.064113
 0.000016 1.804563 1.864880 2.731199 6.400642 0.111363
 0.000016 1.814706 1.869883 2.731058 6.415647 0.193436
 0.000017 1.826553 1.875358 2.731217 6.433129 0.317448
 0.000017 1.839104 1.880776 2.731668 6.451547 0.481172
 0.000018 1.851124 1.885718 2.732472 6.469314 0.671246
 0.000018 1.860999 1.889877 2.733564 6.484441 0.857949
 0.000019 1.868000 1.892448 2.734929 6.495377 1.007187
 0.000019 1.870961 1.893105 2.736469 6.500535 1.081722
 0.000020 1.869628 1.892515 2.738246 6.500388 1.079564
 0.000020 1.864270 1.891058 2.740361 6.495688 1.011608
 0.000021 1.855449 1.888289 2.742782 6.486520 0.885405
 0.000021 1.843951 1.884848 2.745420 6.474219 0.729283
 0.000022 1.830842 1.881530 2.748222 6.460594 0.574013
 0.000022 1.817188 1.879058 2.751298 6.447545 0.442707
 0.000023 1.804362 1.877850 2.754644 6.436856 0.347841
 0.000023 1.793242 1.878062 2.758234 6.429538 0.289482
 0.000024 1.784724 1.879501 2.762041 6.426267 0.265126
 0.000024 1.779549 1.882461 2.766152 6.428162 0.279106
 0.000025 1.777578 1.886504 2.770509 6.434591 0.329208
 0.000025 1.778712 1.891719 2.774973 6.445404 0.422794
 0.000026 1.782865 1.898013 2.779605 6.460483 0.572817
 0.000026 1.789737 1.904482 2.784469 6.478688 0.784252
 0.000027 1.798508 1.910585 2.789472 6.498565 1.052939
 0.000027 1.808237 1.915570 2.794592 6.518399 1.360439
 0.000028 1.817906 1.919353 2.799772 6.537031 1.685130
 0.000028 1.827067 1.921418 2.804979 6.553464 2.000305
 0.000029 1.834819 1.921201 2.810258 6.566279 2.264844
 0.000029 1.841026 1.918428 2.815639 6.575093 2.456326
 0.000030 1.845239 1.913256 2.821012 6.579507 2.555136
 0.000030 1.847265 1.905771 2.826385 6.579421 2.553177
 0.000031 1.846976 1.896555 2.831655 6.575186 2.458390
 0.000031 1.844395 1.885754 2.836903 6.567053 2.281341
 0.000032 1.839870 1.874053 2.842100 6.556023 2.051818
 0.000032 1.833666 1.861738 2.847204 6.542608 1.789071
 0.000033 1.826423 1.849748 2.852186 6.528357 1.529646
 0.000033 1.819298 1.838944 2.857136 6.515377 1.311054
 0.000034 1.813113 1.830109 2.862042 6.505264 1.152396
 0.000034 1.808605 1.823713 2.866887 6.499204 1.062244
 0.000035 1.805236 1.819795 2.871670 6.496702 1.026080
 0.000035 1.803228 1.817978 2.876380 6.497585 1.038773
 0.000036 1.802819 1.818370 2.881011 6.502199 1.106345
 0.000036 1.804189 1.821103 2.885521 6.510813 1.238180
 0.000037 1.807316 1.825809 2.889927 6.523052 1.438273
 0.000037 1.811969 1.831465 2.894152 6.537585 1.695326
 0.000038 1.817473 1.837143 2.898205 6.552821 1.987465
 0.000038 1.823284 1.841997 2.902041 6.567322 2.287094
 0.000039 1.829357 1.845265 2.905692 6.580314 2.573398
 0.000039 1.834931 1.845968 2.909215 6.590114 2.800524
 0.000040 1.839615 1.843693 2.912474 6.595782 2.936289
 0.000040 1.842742 1.838269 2.915485 6.596496 2.953602
 0.000041 1.844276 1.829554 2.918304 6.592135 2.848570
 0.000041 1.844143 1.818011 2.920894 6.583048 2.635796
 0.000042 1.842113 1.804456 2.923284 6.569853 2.341547
 0.000042 1.838898 1.789713 2.925535 6.554145 2.013963
 0.000043 1.834764 1.774171 2.927729 6.536664 1.678397
 0.000043 1.830094 1.758872 2.929832 6.518798 1.367032
 0.000044 1.825738 1.745106 2.931814 6.502659 1.113186
 0.000044 1.821988 1.733756 2.933658 6.489402 0.924169
 0.000045 1.818734 1.725468 2.935399 6.479601 0.795720
 0.000045 1.816278 1.721053 2.937105 6.474436 0.731897
 0.000046 1.814902 1.720595 2.938754 6.474251 0.729667
 0.000046 1.815193 1.723944 2.940290 6.479427 0.793537
 0.000047 1.817239 1.731204 2.941774 6.490217 0.935279
 0.000047 1.820400 1.741855 2.943245 6.505500 1.155990
 0.000048 1.824590 1.755432 2.944618 6.524640 1.465333
 0.000048 1.830071 1.771236 2.945907 6.547213 1.877238
 0.000049 1.836169 1.787913 2.947119 6.571201 2.370823
 0.000049 1.841609 1.804888 2.948251 6.594748 2.911273
 0.000050 1.846407 1.821040 2.949408 6.616855 3.469161
 0.000050 1.850059 1.835575 2.950443 6.636077 3.993938
 0.000051 1.851393 1.847273 2.951432 6.650099 4.400078
 0.000051 1.850384 1.855873 2.952304 6.658560 4.654653
 0.000052 1.847501 1.861619 2.953073 6.662193 4.766157
 0.000052 1.842582 1.864646 2.953826 6.661054 4.731055
 0.000053 1.835828 1.864867 2.954530 6.655225 4.553467
 0.000053 1.827891 1.862687 2.955136 6.645714 4.270971
 0.000054 1.819251 1.858631 2.955687 6.633570 3.923403
 0.000054 1.810139 1.853525 2.956069 6.619733 3.545379
 0.000055 1.801122 1.848073 2.956423 6.605618 3.179483
 0.000055 1.792544 1.842353 2.956742 6.591639 2.836745
 0.000056 1.784984 1.836874 2.957045 6.578903 2.541499
 0.000056 1.778600 1.832028 2.957266 6.567894 2.299349
 0.000057 1.773689 1.827895 2.957599 6.559184 2.116351
 0.000057 1.770681 1.824918 2.957931 6.553530 2.001641
 0.000058 1.769788 1.823012 2.958167 6.550968 1.950694
 0.000058 1.770978 1.822008 2.958319 6.551306 1.957378
 0.000059 1.774298 1.821686 2.958442 6.554426 2.019608
 0.000059 1.778645 1.822017 2.958522 6.559184 2.116362
 0.000060 1.783330 1.822396 2.958561 6.564287 2.222640
 0.000060 1.788007 1.823019 2.958511 6.569537 2.334719
 0.000061 1.791920 1.823775 2.958429 6.574124 2.434895
 0.000061 1.794827 1.823726 2.958367 6.576920 2.496988
 0.000062 1.795932 1.821917 2.958435 6.576284 2.482799
 0.000062 1.794634 1.817859 2.958459 6.570952 2.365398
 0.000063 1.790731 1.811119 2.958389 6.560239 2.138118
 0.000063 1.784421 1.801876 2.958398 6.544695 1.828770
 0.000064 1.775802 1.789993 2.958449 6.524244 1.458566
 0.000064 1.765532 1.776620 2.958656 6.500809 1.085755
 0.000065 1.754889 1.762550 2.958904 6.476343 0.755150
 0.000065 1.745039 1.748259 2.959227 6.452525 0.490805
 0.000066 1.736708 1.734675 2.959658 6.431042 0.301037
 0.000066 1.730558 1.722582 2.960129 6.413269 0.178923
 0.000067 1.727326 1.712503 2.960733 6.400562 0.110983
 0.000067 1.726948 1.704885 2.961445 6.393278 0.079320
 0.000068 1.729672 1.700347 2.962274 6.392294 0.075449
 0.000068 1.735282 1.699348 2.963233 6.397863 0.098633
 0.000069 1.742795 1.701327 2.964211 6.408332 0.150612
 0.000069 1.751632 1.706021 2.965166 6.422819 0.240613
 0.000070 1.761541 1.712851 2.966189 6.440581 0.379607
 0.000070 1.771562 1.720756 2.967375 6.459693 0.564395
 0.000071 1.780559 1.728492 2.968679 6.477730 0.772293
 0.000071 1.787697 1.735583 2.970074 6.493353 0.978672
 0.000072 1.792430 1.740989 2.971592 6.505011 1.148562
 0.000072 1.794422 1.744325 2.973162 6.511909 1.255483
 0.000073 1.793569 1.745846 2.974790 6.514205 1.292130
 0.000073 1.790082 1.745223 2.976419 6.511724 1.252554
 0.000074 1.785138 1.742125 2.978144 6.505407 1.154569
 0.000074 1.779660 1.737281 2.980017 6.496959 1.029766
 0.000075 1.774029 1.731736 2.981908 6.487672 0.900807
 0.000075 1.768997 1.726329 2.983761 6.479087 0.789260
 0.000076 1.765132 1.721861 2.985655 6.472648 0.710434
 0.000076 1.762802 1.718782 2.987481 6.469065 0.668358
 0.000077 1.762841 1.717551 2.989293 6.469685 0.675550
 0.000077 1.765254 1.718446 2.991109 6.474809 0.736420
 0.000078 1.770120 1.721500 2.992892 6.484512 0.858885
 0.000078 1.776766 1.726924 2.994664 6.498355 1.049891
 0.000079 1.785063 1.734799 2.996429 6.516292 1.325898
 0.000079 1.794741 1.744230 2.998158 6.537129 1.686934
 0.000080 1.805300 1.754448 2.999729 6.559476 2.122381
 0.000080 1.815870 1.765051 3.001176 6.582097 2.614016
 0.000081 1.825531 1.775248 3.002524 6.603303 3.121371
 0.000081 1.833576 1.784566 3.003736 6.621878 3.602722
 0.000082 1.839340 1.792195 3.004843 6.636377 4.002436
 0.000082 1.842420 1.797796 3.005807 6.646024 4.280026
 0.000083 1.842120 1.801132 3.006620 6.649872 4.393351
 0.000083 1.837740 1.801951 3.007270 6.646961 4.307492
 0.000084 1.829395 1.800382 3.007755 6.637531 4.035164
 0.000084 1.817313 1.796245 3.008039 6.621597 3.595198
 0.000085 1.802401 1.789817 3.008135 6.600353 3.048093
 0.000085 1.785356 1.781597 3.008171 6.575124 2.457008
 0.000086 1.767559 1.772072 3.008082 6.547713 1.886944
 0.000086 1.750260 1.761433 3.007867 6.519560 1.379656
 0.000087 1.734282 1.750498 3.007478 6.492258 0.963407
 0.000087 1.720771 1.739605 3.006863 6.467239 0.647413
 0.000088 1.710768 1.729624 3.006174 6.446566 0.433547
 0.000088 1.704878 1.721459 3.005411 6.431749 0.306547
 0.000089 1.703768 1.715611 3.004430 6.423810 0.247535
 0.000089 1.706870 1.711952 3.003264 6.422086 0.235555
 0.000090 1.713715 1.710447 3.001951 6.426113 0.264008
 0.000090 1.724192 1.711251 3.000497 6.435940 0.340243
 0.000091 1.737244 1.714468 2.998882 6.450594 0.471868
 0.000091 1.751829 1.718858 2.997066 6.467753 0.653276
 0.000092 1.766817 1.724185 2.995047 6.486049 0.879150
 0.000092 1.781357 1.730004 2.992741 6.504103 1.134835
 0.000093 1.793995 1.735786 2.990113 6.519894 1.385212
 0.000093 1.803453 1.740816 2.987311 6.531580 1.586550
 0.000094 1.809532 1.745183 2.984327 6.539043 1.722262
 0.000094 1.811913 1.748901 2.981149 6.541963 1.776895
 0.000095 1.811041 1.751989 2.977780 6.540810 1.755221
 0.000095 1.808222 1.754176 2.974210 6.536608 1.677367
 0.000096 1.804289 1.755152 2.970514 6.529956 1.557746
 0.000096 1.800605 1.755696 2.966674 6.522975 1.436964
 0.000097 1.797983 1.756013 2.962707 6.516703 1.332597
 0.000097 1.797396 1.756473 2.958528 6.512397 1.263233
 0.000098 1.799676 1.757414 2.954222 6.511312 1.246043
 0.000098 1.804900 1.759147 2.949829 6.513877 1.286861
 0.000099 1.813355 1.761620 2.945367 6.520342 1.392668
 0.000099 1.824710 1.764549 2.940866 6.530126 1.560743
 0.000100 1.838763 1.768380 2.936325 6.543467 1.805363
 0.000100 1.854913 1.773375 2.931701 6.559988 2.132941
 0.000101 1.872360 1.778935 2.927018 6.578314 2.528220
 0.000101 1.890849 1.784995 2.922275 6.598120 2.993202
 0.000102 1.909750 1.791041 2.917458 6.618249 3.505981
 0.000102 1.928264 1.796700 2.912580 6.637543 4.035494
 0.000103 1.945765 1.801306 2.907586 6.654658 4.536364
 0.000103 1.961681 1.805307 2.902590 6.669577 4.996882
 0.000104 1.975504 1.808208 2.897532 6.681244 5.372518
 0.000104 1.985685 1.809640 2.892443 6.687768 5.588486
 0.000105 1.992372 1.809910 2.887345 6.689627 5.650814
 0.000105 1.994520 1.809156 2.882206 6.685882 5.525601
 0.000106 1.991604 1.807215 2.877022 6.675841 5.196849
 0.000106 1.983586 1.804543 2.871847 6.659977 4.697983
 0.000107 1.970936 1.801639 2.866718 6.639293 4.085357
 0.000107 1.954391 1.798948 2.861746 6.615085 3.422701
 0.000108 1.934585 1.796481 2.856909 6.587975 2.750136
 0.000108 1.912283 1.794579 2.852256 6.559118 2.114998
 0.000109 1.888905 1.793641 2.847775 6.530320 1.564183
 0.000109 1.865309 1.793891 2.843457 6.502657 1.113156
 0.000110 1.842020 1.795356 2.839316 6.476692 0.759449
 0.000110 1.820160 1.798486 2.835438 6.454084 0.506375
 0.000111 1.800161 1.803350 2.831858 6.435369 0.335548
 0.000111 1.782817 1.809510 2.828579 6.420906 0.227525
 0.000112 1.769452 1.816902 2.825552 6.411906 0.170868
 0.000112 1.759809 1.824903 2.822908 6.407620 0.146728
 0.000113 1.753998 1.833438 2.820555 6.407991 0.148743
 0.000113 1.751638 1.841773 2.818439 6.411850 0.170539
 0.000114 1.752106 1.849096 2.816541 6.417744 0.206696
 0.000114 1.754668 1.854725 2.814975 6.424369 0.251485
 0.000115 1.758793 1.858101 2.813717 6.430611 0.297702
 0.000115 1.763330 1.859006 2.812745 6.435081 0.333197
 0.000116 1.767449 1.857973 2.812099 6.437521 0.353408
 0.000116 1.770210 1.854795 2.811728 6.436733 0.346821
 0.000117 1.770810 1.850435 2.811589 6.432834 0.315101
 0.000117 1.768389 1.845082 2.811748 6.425218 0.257546
 0.000118 1.762526 1.839945 2.812201 6.414671 0.187412
 0.000118 1.753964 1.835866 2.812853 6.402684 0.121208
 0.000119 1.742718 1.832910 2.813777 6.389405 0.064646
 0.000119 1.729969 1.831640 2.815067 6.376676 0.026976
 0.000120 1.716514 1.832858 2.816702 6.366075 0.007971
 0.000120 1.704034 1.837138 2.818658 6.359830 0.002036
 0.000121 1.693315 1.844390 2.820914 6.358619 0.001337
 0.000121 1.684955 1.854391 2.823393 6.362738 0.004315
 0.000122 1.680080 1.866932 2.826126 6.373138 0.019385
 0.000122 1.679173 1.881385 2.829018 6.389575 0.065258
 0.000123 1.682247 1.897218 2.832091 6.411556 0.168826
 0.000123 1.689188 1.913704 2.835262 6.438153 0.358748
 0.000124 1.699285 1.930001 2.838515 6.467801 0.653826
 0.000124 1.712195 1.945210 2.841770 6.499175 1.061808
 0.000125 1.727350 1.957870 2.845081 6.530301 1.563838
 0.000125 1.743481 1.967182 2.848341 6.559003 2.112642
 0.000126 1.759918 1.972391 2.851507 6.583817 2.653482
 0.000126 1.776127 1.973524 2.854593 6.604244 3.144931
 0.000127 1.791423 1.970799 2.857577 6.619798 3.547119
 0.000127 1.804832 1.963904 2.860423 6.629160 3.800839
 0.000128 1.815504 1.953435 2.863010 6.631949 3.878127
 0.000128 1.823223 1.940358 2.865396 6.628977 3.795803
 0.000129 1.828370 1.925511 2.867603 6.621484 3.592157
 0.000129 1.830943 1.909917 2.869577 6.610437 3.302153
 0.000130 1.831162 1.894595 2.871304 6.597061 2.967359
 0.000130 1.829758 1.880588 2.872798 6.583144 2.638014
 0.000131 1.827291 1.868655 2.874079 6.570024 2.345260
 0.000131 1.824406 1.859454 2.875112 6.558972 2.111995
 0.000132 1.821454 1.853384 2.875844 6.550682 1.945059
 0.000132 1.818951 1.850392 2.876261 6.545604 1.846187
 0.000133 1.816755 1.850629 2.876357 6.543740 1.810553
 0.000133 1.815622 1.854006 2.876272 6.545901 1.851901
 0.000134 1.815505 1.860077 2.875881 6.551463 1.960486
 0.000134 1.816362 1.868388 2.875192 6.559942 2.131979
 0.000135 1.818272 1.878736 2.874234 6.571242 2.371704
 0.000135 1.820734 1.890456 2.872961 6.584151 2.661186
 0.000136 1.823329 1.902194 2.871419 6.596943 2.964482
 0.000136 1.825701 1.912853 2.869606 6.608160 3.243900
 0.000137 1.827596 1.921151 2.867505 6.616252 3.453290
 0.000137 1.829041 1.925857 2.865114 6.620012 3.552815
 0.000138 1.829281 1.926689 2.862393 6.618364 3.509006
 0.000138 1.828228 1.923508 2.859469 6.611205 3.321920
 0.000139 1.825660 1.916211 2.856410 6.598281 2.997146
 0.000139 1.821774 1.905068 2.853099 6.579941 2.564949
 0.000140 1.816945 1.890893 2.849587 6.557425 2.080325
 0.000140 1.811516 1.874757 2.845910 6.532182 1.597294
 0.000141 1.805351 1.857856 2.842211 6.505418 1.154739
 0.000141 1.799098 1.841631 2.838489 6.479218 0.790900
 0.000142 1.793201 1.827086 2.834660 6.454947 0.515097
 0.000142 1.787983 1.815703 2.830773 6.434459 0.328138
 0.000143 1.783760 1.807842 2.826741 6.418343 0.210569
 0.000143 1.780951 1.804255 2.822710 6.407916 0.148335
 0.000144 1.780193 1.805348 2.818690 6.404230 0.128940
 0.000144 1.781006 1.811391 2.814733 6.407131 0.144091
 0.000145 1.783241 1.822192 2.810882 6.416316 0.197617
 0.000145 1.786286 1.836840 2.807101 6.430227 0.294751
 0.000146 1.789430 1.854669 2.803441 6.447540 0.442662
 0.000146 1.792461 1.874643 2.799949 6.467053 0.645303
 0.000147 1.794838 1.895656 2.796545 6.487039 0.892330
 0.000147 1.796295 1.916572 2.793318 6.506185 1.166432
 0.000148 1.796368 1.936141 2.790199 6.522707 1.432424
 0.000148 1.794874 1.953242 2.787269 6.535385 1.655040
 0.000149 1.791459 1.966981 2.784575 6.543015 1.796784
 0.000149 1.786920 1.977310 2.782071 6.546301 1.859612
 0.000150 1.781554 1.983490 2.779819 6.544864 1.831997
 0.000150 1.776091 1.985575 2.777695 6.539360 1.728167
 0.000151 1.771368 1.984417 2.775663 6.531448 1.584202
 0.000151 1.767841 1.980708 2.773761 6.522310 1.425716
 0.000152 1.765435 1.975383 2.772023 6.512840 1.270291
 0.000152 1.764892 1.969349 2.770469 6.504710 1.144009
 0.000153 1.766482 1.963365 2.769065 6.498913 1.057998
 0.000153 1.770381 1.958294 2.767865 6.496540 1.023764
 0.000154 1.776689 1.954394 2.766811 6.497893 1.043221
 0.000154 1.785027 1.952069 2.766027 6.503122 1.120117
 0.000155 1.795441 1.951497 2.765558 6.512497 1.264821
 0.000155 1.807531 1.952741 2.765400 6.525671 1.483034
 0.000156 1.820780 1.955767 2.765472 6.542020 1.777957
 0.000156 1.834243 1.959719 2.765818 6.559780 2.128642
 0.000157 1.846955 1.964474 2.766443 6.577872 2.518290
 0.000157 1.858651 1.969353 2.767346 6.595350 2.925813
 0.000158 1.868580 1.973423 2.768380 6.610383 3.300766
 0.000158 1.876028 1.976178 2.769661 6.621867 3.602426
 0.000159 1.880291 1.976968 2.771054 6.628314 3.777549
 0.000159 1.880974 1.975690 2.772587 6.629251 3.803362
 0.000160 1.878091 1.971567 2.774252 6.623910 3.657482
 0.000160 1.871906 1.963908 2.776041 6.611855 3.338701
 0.000161 1.863032 1.952875 2.777904 6.593811 2.888701
 0.000161 1.852737 1.938644 2.779873 6.571254 2.371971
 0.000162 1.841763 1.921563 2.782007 6.545333 1.840982
 0.000162 1.830770 1.902560 2.784265 6.517595 1.347202
 0.000163 1.820510 1.882667 2.786670 6.489847 0.930228
 0.000163 1.812106 1.863038 2.789207 6.464351 0.614972
 0.000164 1.806273 1.844421 2.791794 6.442488 0.396407
 0.000164 1.803765 1.827542 2.794417 6.425724 0.261189
 0.000165 1.804924 1.813305 2.797066 6.415294 0.191248
 0.000165 1.809688 1.801987 2.799741 6.411416 0.168012
 0.000166 1.818234 1.793877 2.802461 6.414573 0.186810
 0.000166 1.829498 1.789355 2.805278 6.424130 0.249797
 0.000167 1.842081 1.787825 2.808127 6.438033 0.357728
 0.000167 1.855284 1.788669 2.811016 6.454969 0.515318
 0.000168 1.868450 1.791654 2.813944 6.474047 0.727207
 0.000168 1.880111 1.796225 2.816744 6.493080 0.974848
 0.000169 1.889453 1.801879 2.819519 6.510851 1.238779
 0.000169 1.895259 1.807653 2.822173 6.525085 1.472966
 0.000170 1.896866 1.812930 2.824662 6.534458 1.638230
 0.000170 1.893808 1.817433 2.827059 6.538301 1.708518
 0.000171 1.886064 1.820484 2.829315 6.535863 1.663762
 0.000171 1.874487 1.821823 2.831396 6.527705 1.518276
 0.000172 1.859705 1.821112 2.833363 6.514180 1.291730
 0.000172 1.842564 1.819174 2.835183 6.496922 1.029229
 0.000173 1.824734 1.816912 2.836798 6.478445 0.781205
 0.000173 1.807566 1.814541 2.838216 6.460324 0.571121
 0.000174 1.792096 1.812444 2.839614 6.444154 0.411374
 0.000174 1.778677 1.810908 2.840894 6.430478 0.296682
 0.000175 1.768159 1.810716 2.842080 6.420956 0.227865
 0.000175 1.761279 1.812487 2.843138 6.416904 0.201329
 0.000176 1.758287 1.816578 2.844166 6.419031 0.215057
 0.000176 1.759214 1.822629 2.845165 6.427008 0.270550
 0.000177 1.763781 1.830870 2.846161 6.440812 0.381619
 0.000177 1.771510 1.841007 2.847130 6.459647 0.563907
 0.000178 1.781773 1.852809 2.848010 6.482592 0.833909
 0.000178 1.793910 1.865691 2.848784 6.508385 1.200274
 0.000179 1.807077 1.879066 2.849359 6.535502 1.657184
 0.000179 1.819938 1.891715 2.849704 6.561357 2.161294
 0.000180 1.831173 1.902902 2.849898 6.583974 2.657105
 0.000180 1.839435 1.912026 2.849948 6.601410 3.074246
 0.000181 1.844378 1.919181 2.849935 6.613493 3.381171
 0.000181 1.846041 1.924207 2.849800 6.620048 3.553781
 0.000182 1.844151 1.926923 2.849614 6.620688 3.570853
 0.000182 1.839472 1.927237 2.849363 6.616072 3.448555
 0.000183 1.832472 1.924968 2.849021 6.606461 3.200763
 0.000183 1.823537 1.920450 2.848552 6.592539 2.858226
 0.000184 1.813551 1.914200 2.847899 6.575650 2.468672
 0.000184 1.803612 1.906754 2.847153 6.557519 2.082252
 0.000185 1.794407 1.898570 2.846353 6.539330 1.727592
 0.000185 1.786345 1.889721 2.845469 6.521534 1.412647
 0.000186 1.780211 1.880418 2.844513 6.505142 1.150546
 0.000186 1.776275 1.871298 2.843472 6.491045 0.946638
 0.000187 1.774454 1.862905 2.842395 6.479754 0.797653
 0.000187 1.775175 1.855153 2.841293 6.471621 0.698242
 0.000188 1.778704 1.848283 2.840190 6.467177 0.646713
 0.000188 1.784911 1.842136 2.839021 6.466067 0.634153
 0.000189 1.793433 1.836054 2.837899 6.467386 0.649092
 0.000189 1.803932 1.830399 2.836753 6.471085 0.691915
 0.000190 1.815657 1.824635 2.835660 6.475952 0.750353
 0.000190 1.827683 1.818709 2.834574 6.480966 0.813042
 0.000191 1.839470 1.812291 2.833488 6.485250 0.868580
 0.000191 1.849649 1.805515 2.832453 6.487618 0.900072
 0.000192 1.857460 1.797961 2.831456 6.486877 0.890159
 0.000192 1.862181 1.789308 2.830533 6.482022 0.826564
 0.000193 1.863774 1.779837 2.829688 6.473299 0.718205
 0.000193 1.861800 1.769867 2.828985 6.460652 0.574632
 0.000194 1.856287 1.759733 2.828455 6.444474 0.414286
 0.000194 1.847702 1.750141 2.828137 6.425980 0.263040
 0.000195 1.836940 1.742141 2.827996 6.407078 0.143806
 0.000195 1.825345 1.736005 2.828075 6.389424 0.064714
 0.000196 1.814014 1.731926 2.828408 6.374348 0.021840
 0.000196 1.804283 1.730166 2.828965 6.363414 0.004966
 0.000197 1.797120 1.731424 2.829801 6.358345 0.001199
 0.000197 1.793155 1.735282 2.830845 6.359281 0.001701
 0.000198 1.792592 1.741786 2.832059 6.366437 0.008435
 0.000198 1.795769 1.750686 2.833545 6.380000 0.035250
 0.000199 1.802196 1.761360 2.835280 6.398837 0.103005
 0.000199 1.811509 1.773123 2.837204 6.421836 0.233841
 0.000200 1.822955 1.785421 2.839315 6.447692 0.444090
 0.000200 1.835600 1.797212 2.841633 6.474446 0.732020
 0.000201 1.848563 1.807691 2.844113 6.500367 1.079257
 0.000201 1.860463 1.816035 2.846866 6.523364 1.443568
 0.000202 1.870120 1.821868 2.849742 6.541730 1.772495
 0.000202 1.876905 1.825118 2.852728 6.554752 2.026163
 0.000203 1.880149 1.826249 2.855919 6.562318 2.181322
 0.000203 1.879786 1.825429 2.859408 6.564624 2.229752
 0.000204 1.875930 1.823156 2.863095 6.562181 2.178469
 0.000204 1.868731 1.819928 2.867030 6.555688 2.045050
 0.000205 1.858667 1.815978 2.871193 6.545838 1.850696
 0.000205 1.846336 1.812170 2.875507 6.534013 1.630176
 0.000206 1.833432 1.808658 2.880085 6.522174 1.423421
 0.000206 1.820633 1.805902 2.884888 6.511423 1.247804
 0.000207 1.809181 1.804662 2.889890 6.503732 1.129267
 0.000207 1.799760 1.805018 2.895128 6.499907 1.072508
 0.000208 1.792700 1.806761 2.900604 6.500065 1.074823
 0.000208 1.788596 1.809860 2.906237 6.504693 1.143752
 0.000209 1.787220 1.814391 2.912084 6.513695 1.283947
 0.000209 1.789015 1.819776 2.917995 6.526786 1.502303
 0.000210 1.793389 1.825679 2.923980 6.543048 1.797397
 0.000210 1.800275 1.831709 2.930018 6.562002 2.174736
 0.000211 1.809111 1.836849 2.936060 6.582019 2.612235
 0.000211 1.818999 1.840624 2.942085 6.601708 3.081632
 0.000212 1.829568 1.842365 2.948002 6.619935 3.550748
 0.000212 1.840481 1.841273 2.953837 6.635591 3.980236
 0.000213 1.850592 1.836376 2.959595 6.646563 4.295814
 0.000213 1.859886 1.827731 2.965282 6.652899 4.483533
 0.000214 1.867876 1.815575 2.970832 6.654283 4.525069
 0.000214 1.874366 1.801092 2.976193 6.651650 4.446224
 0.000215 1.879134 1.785244 2.981379 6.645757 4.272233
 0.000215 1.881649 1.768622 2.986413 6.636683 4.011106
 0.000216 1.882187 1.752260 2.991297 6.625744 3.707250
 0.000216 1.881066 1.737123 2.996029 6.614219 3.400056
 0.000217 1.878205 1.724012 3.000597 6.602815 3.109193
 0.000217 1.874153 1.713832 3.004989 6.592974 2.868629
 0.000218 1.869324 1.706962 3.009256 6.585542 2.693381
 0.000218 1.864106 1.703817 3.013368 6.581292 2.595636
 0.000219 1.858782 1.704860 3.017272 6.580914 2.587037
 0.000219 1.853718 1.709859 3.020846 6.584423 2.667456
 0.000220 1.849529 1.718751 3.024160 6.592441 2.855864
 0.000220 1.846274 1.730492 3.027302 6.604068 3.140511
 0.000221 1.843633 1.744541 3.030195 6.618370 3.509164
 0.000221 1.841777 1.760137 3.032860 6.634774 3.957217
 0.000222 1.840394 1.775914 3.035228 6.651536 4.442804
 0.000222 1.839394 1.790436 3.037235 6.667065 4.917760
 0.000223 1.839199 1.802572 3.038838 6.680609 5.351708
 0.000223 1.839217 1.811903 3.040005 6.691125 5.701266
 0.000224 1.839719 1.817408 3.040827 6.697954 5.934209
 0.000224 1.840453 1.818467 3.041286 6.700206 6.012060
 0.000225 1.841242 1.815117 3.041421 6.697780 5.928228
 0.000225 1.842046 1.808125 3.041171 6.691342 5.708602
 0.000226 1.842571 1.798411 3.040514 6.681496 5.380771
 0.000226 1.842996 1.786823 3.039446 6.669265 4.986998
 0.000227 1.843460 1.774588 3.038076 6.656124 4.580616
 0.000227 1.844030 1.762773 3.036448 6.643251 4.199276
 0.000228 1.844707 1.752270 3.034524 6.631501 3.865665
 0.000228 1.845308 1.744285 3.032317 6.621910 3.603590
 0.000229 1.846039 1.739343 3.029936 6.615318 3.428787
 0.000229 1.846837 1.737817 3.027335 6.611988 3.342142
 0.000230 1.847353 1.739449 3.024484 6.611286 3.324016
 0.000230 1.847241 1.744108 3.021433 6.612781 3.362676
 0.000231 1.846185 1.751683 3.018269 6.616136 3.450253
 0.000231 1.843955 1.761949 3.015037 6.620940 3.577596
 0.000232 1.840469 1.774242 3.011683 6.626394 3.724971
 0.000232 1.835711 1.787028 3.008270 6.631009 3.851994
 0.000233 1.829538 1.799750 3.004800 6.634089 3.937950
 0.000233 1.822450 1.811676 3.001274 6.635399 3.974817
 0.000234 1.814885 1.822125 2.997666 6.634676 3.954456
 0.000234 1.806994 1.829659 2.993978 6.630632 3.841534
 0.000235 1.798370 1.833379 2.990153 6.621902 3.603378
 0.000235 1.789535 1.832932 2.986204 6.608671 3.256935
 0.000236 1.781267 1.828240 2.982167 6.591674 2.837571
 0.000236 1.774518 1.819654 2.978086 6.572258 2.393884
 0.000237 1.769756 1.807782 2.973956 6.551493 1.961083
 0.000237 1.766857 1.793180 2.969804 6.529841 1.555715
 0.000238 1.766408 1.776475 2.965646 6.508530 1.202514
 0.000238 1.767692 1.758761 2.961536 6.487989 0.905066
 0.000239 1.770497 1.741324 2.957545 6.469366 0.671845
 0.000239 1.775012 1.725648 2.953698 6.454358 0.509138
 0.000240 1.781087 1.712408 2.950049 6.443543 0.405852
 0.000240 1.788191 1.702121 2.946577 6.436889 0.348117
 0.000241 1.795518 1.695489 2.943293 6.434300 0.326853
 0.000241 1.802100 1.692644 2.940263 6.435006 0.332586
 0.000242 1.807268 1.693383 2.937536 6.438187 0.359032
 0.000242 1.810703 1.698131 2.935071 6.443905 0.409119
 0.000243 1.811449 1.706774 2.932975 6.451198 0.477750
 0.000243 1.809881 1.718502 2.931173 6.459556 0.562944
 0.000244 1.805737 1.732481 2.929675 6.467893 0.654883
 0.000244 1.799290 1.747950 2.928394 6.475634 0.746466
 0.000245 1.790591 1.763898 2.927323 6.481812 0.823861
 0.000245 1.780134 1.778905 2.926470 6.485509 0.871995
 0.000246 1.768052 1.791966 2.925869 6.485888 0.877011
 0.000246 1.755265 1.802784 2.925513 6.483562 0.846475
 0.000247 1.742294 1.810417 2.925380 6.478091 0.776785
 0.000247 1.729495 1.814748 2.925516 6.469759 0.676410
 0.000248 1.717500 1.816438 2.925782 6.459719 0.564674
 0.000248 1.706766 1.816091 2.926193 6.449050 0.456982
 0.000249 1.698525 1.813761 2.926815 6.439102 0.366826
 0.000249 1.693021 1.810706 2.927600 6.431327 0.303257
 0.000250 1.690530 1.807914 2.928590 6.427035 0.270747
 0.000250 1.691076 1.806384 2.929808 6.427268 0.272468
 0.000251 1.694733 1.806477 2.931288 6.432499 0.312447
 0.000251 1.700622 1.808873 2.933037 6.442532 0.396794
 0.000252 1.707855 1.813860 2.935092 6.456807 0.534154
 0.000252 1.716613 1.821194 2.937462 6.475269 0.742010
 0.000253 1.725562 1.830597 2.940053 6.496212 1.019078
 0.000253 1.733889 1.841200 2.942781 6.517870 1.351717
 0.000254 1.740834 1.852902 2.945688 6.539424 1.729341
 0.000254 1.745205 1.865144 2.948738 6.559087 2.114370
 0.000255 1.746626 1.876841 2.951934 6.575400 2.463134
 0.000255 1.744731 1.887484 2.955266 6.587481 2.738564
 0.000256 1.739283 1.896475 2.958614 6.594372 2.902218
 0.000256 1.730260 1.903268 2.961998 6.595527 2.930095
 0.000257 1.718571 1.907457 2.965365 6.591393 2.830886
 0.000257 1.705144 1.909015 2.968729 6.582887 2.632106
 0.000258 1.690968 1.907603 2.972073 6.570644 2.358705
 0.000258 1.677009 1.903648 2.975437 6.556094 2.053273
 0.000259 1.664262 1.897343 2.978780 6.540385 1.747272
 0.000259 1.653689 1.888661 2.982087 6.524437 1.461857
 0.000260 1.645701 1.878221 2.985246 6.509168 1.212436
 0.000260 1.641539 1.866557 2.988202 6.496298 1.020305
 0.000261 1.641403 1.854460 2.991009 6.486872 0.890094
 0.000261 1.645365 1.842295 2.993618 6.481279 0.817035
 0.000262 1.653584 1.831076 2.996058 6.480719 0.809891
 0.000262 1.665796 1.821015 2.998262 6.485073 0.866255
 0.000263 1.680721 1.812273 3.000214 6.493209 0.976647
 0.000263 1.697817 1.804725 3.001796 6.504338 1.138388
 0.000264 1.716447 1.798839 3.003171 6.518457 1.361396
 0.000264 1.735320 1.794920 3.004327 6.534567 1.640200
 0.000265 1.752614 1.792375 3.005193 6.550181 1.935192
 0.000265 1.767089 1.790653 3.005821 6.563562 2.207399
 0.000266 1.778038 1.789017 3.006271 6.573326 2.417318
 0.000266 1.784774 1.787532 3.006496 6.578802 2.539224
 0.000267 1.786847 1.786355 3.006427 6.579629 2.557878
 0.000267 1.784317 1.784998 3.006059 6.575375 2.462565
 0.000268 1.777589 1.782744 3.005422 6.565755 2.253705
 0.000268 1.767678 1.780104 3.004526 6.552308 1.977257
 0.000269 1.756012 1.777302 3.003483 6.536797 1.680845
 0.000269 1.743573 1.774899 3.002218 6.520690 1.398495
 0.000270 1.731433 1.772731 3.000730 6.504894 1.146787
 0.000270 1.720683 1.770841 2.998995 6.490518 0.939407
 0.000271 1.712112 1.769438 2.997013 6.478563 0.782681
 0.000271 1.706066 1.768905 2.994839 6.469811 0.677010
 0.000272 1.703352 1.768986 2.992503 6.464841 0.620417
 0.000272 1.704189 1.770068 2.989995 6.464252 0.613876
 0.000273 1.708285 1.771979 2.987318 6.467582 0.651327
 0.000273 1.715029 1.774751 2.984477 6.474258 0.729751
 0.000274 1.723942 1.778140 2.981485 6.483566 0.846535
 0.000274 1.734744 1.782702 2.978343 6.495789 1.013044
 0.000275 1.746824 1.788241 2.975138 6.510204 1.228610
 0.000275 1.759355 1.794759 2.971985 6.526099 1.490409
 0.000276 1.771727 1.802017 2.968794 6.542539 1.787759
 0.000276 1.782596 1.809406 2.965548 6.557550 2.082870
 0.000277 1.790580 1.816723 2.962311 6.569615 2.336392
 0.000277 1.794755 1.824155 2.959004 6.577913 2.519228
 0.000278 1.794946 1.831509 2.955719 6.582174 2.615784
 0.000278 1.790884 1.838778 2.952453 6.582115 2.614413
 0.000279 1.782938 1.846130 2.949151 6.578220 2.526115
 0.000279 1.772241 1.853426 2.945883 6.571550 2.378421
 0.000280 1.759016 1.860610 2.942681 6.562306 2.181085
 0.000280 1.743463 1.867648 2.939539 6.550649 1.944415
 0.000281 1.727353 1.874739 2.936440 6.538532 1.712799
 0.000281 1.711290 1.881572 2.933324 6.526186 1.491908
 0.000282 1.696832 1.888324 2.930284 6.515440 1.312059
 0.000282 1.684721 1.895256 2.927356 6.507333 1.184025
 0.000283 1.675406 1.902352 2.924456 6.502214 1.106560
 0.000283 1.669430 1.909689 2.921608 6.500727 1.084554
 0.000284 1.667092 1.916931 2.918891 6.502913 1.116986
 0.000284 1.668289 1.923315 2.916304 6.507909 1.192898
 0.000285 1.673482 1.928216 2.913849 6.515547 1.313802
 0.000285 1.682147 1.931823 2.911512 6.525482 1.479782
 0.000286 1.694129 1.934279 2.909334 6.537741 1.698197
 0.000286 1.708810 1.936125 2.907268 6.552203 1.975169
 0.000287 1.725269 1.937240 2.905297 6.567805 2.297441
 0.000287 1.743289 1.937276 2.903408 6.583973 2.657077
 0.000288 1.761244 1.936319 2.901585 6.599148 3.018414
 0.000288 1.778289 1.934473 2.899860 6.612622 3.358560
 0.000289 1.793386 1.932025 2.898267 6.623678 3.651208
 0.000289 1.805346 1.928758 2.896710 6.630814 3.846577
 0.000290 1.813158 1.924777 2.895154 6.633090 3.909962
 0.000290 1.816875 1.920236 2.893662 6.630773 3.845437
 0.000291 1.816177 1.915148 2.892301 6.623625 3.649781
 0.000291 1.811786 1.909841 2.891102 6.612728 3.361308
 0.000292 1.804696 1.904711 2.889894 6.599301 3.022182
 0.000292 1.795564 1.900042 2.888617 6.584222 2.662835
 0.000293 1.785228 1.895509 2.887288 6.568024 2.302148
 0.000293 1.774581 1.891364 2.886065 6.552009 1.971324
 0.000294 1.765195 1.888398 2.884954 6.538547 1.713070
 0.000294 1.757555 1.886329 2.883926 6.527810 1.520104
 0.000295 1.752188 1.885221 2.883034 6.520443 1.394360
 0.000295 1.749904 1.884973 2.882116 6.516992 1.337334
 0.000296 1.750541 1.885184 2.881267 6.516992 1.337331
 0.000296 1.754072 1.885183 2.880514 6.519769 1.383136
 0.000297 1.760592 1.884850 2.879782 6.525225 1.475358
 0.000297 1.769954 1.883606 2.879181 6.532740 1.607272
 0.000298 1.781473 1.880723 2.878606 6.540802 1.755073
 0.000298 1.794263 1.876218 2.878088 6.548569 1.903609
 0.000299 1.807490 1.870308 2.877633 6.555432 2.039865
 0.000299 1.820640 1.862622 2.877146 6.560407 2.141605
 0.000300 1.832716 1.853694 2.876616 6.563026 2.196140
 0.000300 1.843473 1.843426 2.876050 6.562948 2.194517
 0.000301 1.851924 1.832673 2.875483 6.560079 2.134815
 0.000301 1.857356 1.821630 2.874967 6.553954 2.010123
 0.000302 1.859069 1.810801 2.874499 6.544369 1.822540
 0.000302 1.857147 1.800933 2.874018 6.532097 1.595773
 0.000303 1.851784 1.792493 2.873580 6.517857 1.351517
 0.000303 1.843396 1.785926 2.873124 6.502446 1.110014
 0.000304 1.832728 1.781670 2.872643 6.487040 0.892344
 0.000304 1.820710 1.780251 2.872197 6.473158 0.716523
 0.000305 1.808410 1.781892 2.871771 6.462073 0.589967
 0.000305 1.796662 1.786748 2.871350 6.454760 0.513206
 0.000306 1.786253 1.794950 2.870892 6.452095 0.486556
 0.000306 1.778152 1.806413 2.870375 6.454941 0.515034
 0.000307 1.772631 1.820794 2.869813 6.463238 0.602689
 0.000307 1.769763 1.837077 2.869197 6.476037 0.751403
 0.000308 1.769624 1.854026 2.868530 6.492179 0.962317
 0.000308 1.771896 1.870792 2.867789 6.510476 1.232893
 0.000309 1.775919 1.886769 2.866895 6.529584 1.551189
 0.000309 1.781513 1.900699 2.865905 6.548117 1.894797
 0.000310 1.788637 1.911908 2.864816 6.565361 2.245352
 0.000310 1.796838 1.919506 2.863515 6.579858 2.563068
 0.000311 1.805597 1.923483 2.862093 6.591174 2.825675
 0.000311 1.814042 1.923478 2.860590 6.598110 2.992967
 0.000312 1.822113 1.919546 2.859066 6.600725 3.057290
 0.000312 1.829270 1.912390 2.857408 6.599067 3.016438
 0.000313 1.834748 1.902765 2.855746 6.593258 2.875446
 0.000313 1.838510 1.890876 2.853936 6.583322 2.642101
 0.000314 1.840957 1.877973 2.852011 6.570942 2.365170
 0.000314 1.841944 1.865126 2.849888 6.556957 2.070793
 0.000315 1.841906 1.853249 2.847640 6.542794 1.792596
 0.000315 1.841415 1.843031 2.845221 6.529666 1.552638
 0.000316 1.840795 1.834475 2.842645 6.517915 1.352464
 0.000316 1.839826 1.828211 2.839958 6.507995 1.194232
 0.000317 1.839249 1.824935 2.837187 6.501370 1.094048
 0.000317 1.839795 1.824900 2.834261 6.498957 1.058634
 0.000318 1.841379 1.828199 2.831239 6.500818 1.085884
 0.000318 1.844720 1.834712 2.828034 6.507466 1.186071
 0.000319 1.849489 1.844011 2.824713 6.518213 1.357367
 0.000319 1.855405 1.855300 2.821364 6.532069 1.595268
 0.000320 1.862231 1.867168 2.817852 6.547251 1.877978
 0.000320 1.869603 1.878801 2.814169 6.562573 2.186664
 0.000321 1.877451 1.889093 2.810434 6.576979 2.498290
 0.000321 1.885499 1.897142 2.806667 6.589308 2.781481
 0.000322 1.893312 1.902134 2.802823 6.598269 2.996869
 0.000322 1.900335 1.902667 2.798877 6.601879 3.085881
 0.000323 1.906266 1.898457 2.794847 6.599570 3.028798
 0.000323 1.911526 1.889441 2.790743 6.591710 2.838443
 0.000324 1.915407 1.876602 2.786659 6.578668 2.536200
 0.000324 1.917600 1.860280 2.782537 6.560417 2.141812
 0.000325 1.918521 1.841309 2.778372 6.538201 1.706683
 0.000325 1.917656 1.821126 2.774287 6.513069 1.273946
 0.000326 1.914778 1.801243 2.770308 6.486329 0.882871
 0.000326 1.910561 1.782879 2.766434 6.459873 0.566313
 0.000327 1.905468 1.767334 2.762663 6.435466 0.336342
 0.000327 1.899263 1.755293 2.759019 6.413574 0.180758
 0.000328 1.892381 1.747326 2.755554 6.395262 0.087418
 0.000328 1.885223 1.744055 2.752323 6.381601 0.039629
 0.000329 1.878224 1.745604 2.749251 6.373078 0.019267
 0.000329 1.871738 1.751892 2.746317 6.369947 0.013611
 0.000330 1.865961 1.762666 2.743562 6.372188 0.017559
 0.000330 1.860683 1.776825 2.741020 6.378527 0.031447
 0.000331 1.855787 1.793919 2.738648 6.388354 0.060919
 0.000331 1.851271 1.812688 2.736432 6.400391 0.110180
 0.000332 1.847346 1.831213 2.734427 6.412986 0.177240
 0.000332 1.843727 1.848123 2.732649 6.424500 0.252417
 0.000333 1.840057 1.861660 2.731088 6.432805 0.314873
 0.000333 1.835908 1.870087 2.729802 6.435796 0.339057
 0.000334 1.831722 1.872579 2.728754 6.433055 0.316860
 0.000334 1.827377 1.868974 2.728054 6.424405 0.251744
 0.000335 1.823668 1.860318 2.727695 6.411681 0.169554
 0.000335 1.821004 1.847633 2.727620 6.396257 0.091627
 0.000336 1.819492 1.832278 2.727936 6.379706 0.034473
 0.000336 1.819455 1.816115 2.728606 6.364176 0.005754
 0.000337 1.821283 1.800838 2.729663 6.351784 0.000138
 0.000337 1.824870 1.788017 2.731153 6.344039 0.004427
 0.000338 1.830048 1.778274 2.732898 6.341220 0.007476
 0.000338 1.836325 1.772294 2.734981 6.343600 0.004849
 0.000339 1.843138 1.769674 2.737469 6.350280 0.000502
 0.000339 1.850067 1.771130 2.740272 6.361469 0.003217
 0.000340 1.857004 1.776500 2.743364 6.376868 0.027425
 0.000340 1.863362 1.786102 2.746683 6.396147 0.091161
 0.000341 1.868434 1.799798 2.750244 6.418477 0.211434
 0.000341 1.871802 1.816163 2.753996 6.441961 0.391725
 0.000342 1.873339 1.834682 2.757960 6.465982 0.633187
 0.000342 1.873268 1.854708 2.762060 6.490037 0.932821
 0.000343 1.871850 1.874740 2.766291 6.512881 1.270938
 0.000343 1.869690 1.893898 2.770640 6.534229 1.634076
 0.000344 1.867253 1.911084 2.775174 6.553512 2.001269
 0.000344 1.864726 1.924995 2.779858 6.569579 2.335630
 0.000345 1.862201 1.935219 2.784645 6.582064 2.613266
 0.000345 1.860370 1.940955 2.789566 6.590891 2.818947
 0.000346 1.859665 1.941751 2.794540 6.595956 2.940498
 0.000346 1.860720 1.937852 2.799544 6.598116 2.993103
 0.000347 1.863635 1.930107 2.804560 6.598302 2.997670
 0.000347 1.868105 1.918433 2.809645 6.596183 2.946019
 0.000348 1.874326 1.903671 2.814744 6.592741 2.863052
 0.000348 1.882171 1.887149 2.819818 6.589139 2.777497
 0.000349 1.891403 1.870007 2.824780 6.586190 2.708432
 0.000349 1.902067 1.853316 2.829697 6.585080 2.682669
 0.000350 1.913590 1.837595 2.834586 6.585772 2.698711
 0.000350 1.925958 1.823782 2.839452 6.589192 2.778766
 0.000351 1.938838 1.812193 2.844285 6.595316 2.925012
 0.000351 1.951598 1.803087 2.849025 6.603710 3.131551
 0.000352 1.963587 1.796733 2.853691 6.614011 3.394647
 0.000352 1.973803 1.793017 2.858297 6.625118 3.690216
 0.000353 1.981833 1.792165 2.862773 6.636770 4.013552
 0.000353 1.986906 1.793865 2.867022 6.647793 4.331952
 0.000354 1.988541 1.798027 2.871098 6.657665 4.627406
 0.000354 1.986174 1.804330 2.875018 6.665522 4.869501
 0.000355 1.979998 1.812463 2.878665 6.671125 5.045936
 0.000355 1.970292 1.822113 2.882005 6.674409 5.150797
 0.000356 1.956758 1.832498 2.885062 6.674319 5.147894
 0.000356 1.940256 1.843241 2.887816 6.671313 5.051914
 0.000357 1.921276 1.853765 2.890353 6.665393 4.865490
 0.000357 1.900340 1.862911 2.892584 6.655835 4.571890
 0.000358 1.877993 1.869903 2.894466 6.642362 4.173556
 0.000358 1.855181 1.874347 2.896036 6.625564 3.702358
 0.000359 1.833284 1.876249 2.897386 6.606919 3.212372
 0.000359 1.813626 1.875091 2.898518 6.587235 2.732820
 0.000360 1.796424 1.871529 2.899425 6.567379 2.288312
 0.000360 1.782417 1.865476 2.900190 6.548083 1.894125
 0.000361 1.772283 1.857526 2.900773 6.530582 1.568820
 0.000361 1.766531 1.848585 2.901218 6.516334 1.326587
 0.000362 1.765308 1.839083 2.901493 6.505885 1.161840
 0.000362 1.768279 1.830389 2.901567 6.500235 1.077315
 0.000363 1.774921 1.822568 2.901408 6.498897 1.057771
 0.000363 1.784606 1.816476 2.901085 6.502167 1.105861
 0.000364 1.796067 1.812948 2.900495 6.509511 1.217777
 0.000364 1.807971 1.812108 2.899582 6.519661 1.381339
 0.000365 1.818607 1.813605 2.898509 6.530721 1.571273
 0.000365 1.826142 1.816762 2.897195 6.540098 1.741915
 0.000366 1.829225 1.821626 2.895662 6.546513 1.863708
 0.000366 1.826927 1.828561 2.893863 6.549351 1.918900
 0.000367 1.818872 1.836813 2.891835 6.547520 1.883198
 0.000367 1.805563 1.845934 2.889626 6.541123 1.761089
 0.000368 1.788082 1.856095 2.887297 6.531474 1.584665
 0.000368 1.767901 1.866807 2.884756 6.519463 1.378052
 0.000369 1.746865 1.877636 2.882049 6.506550 1.172002
 0.000369 1.726771 1.888711 2.879306 6.494788 0.998841
 0.000370 1.708858 1.899635 2.876511 6.485004 0.865342
 0.000370 1.694005 1.910380 2.873749 6.478133 0.777318
 0.000371 1.683636 1.920627 2.871133 6.475396 0.743560
 0.000371 1.678170 1.930121 2.868531 6.476823 0.761061
 0.000372 1.678088 1.938718 2.865941 6.482748 0.835920
 0.000372 1.683378 1.946288 2.863463 6.493129 0.975534
 0.000373 1.693419 1.952697 2.861128 6.507245 1.182665
 0.000373 1.707444 1.957837 2.858895 6.524176 1.457400
 0.000374 1.724923 1.961662 2.856737 6.543322 1.802604
 0.000374 1.744837 1.964031 2.854667 6.563534 2.206804
 0.000375 1.765627 1.964764 2.852780 6.583171 2.638621
 0.000375 1.786301 1.963803 2.851028 6.601132 3.067371
 0.000376 1.805320 1.961130 2.849368 6.615818 3.441897
 0.000376 1.821082 1.956465 2.847809 6.625356 3.696694
 0.000377 1.832827 1.950156 2.846385 6.629369 3.806603
 0.000377 1.839781 1.941948 2.845038 6.626767 3.735154
 0.000378 1.842135 1.932120 2.843795 6.618050 3.500700
 0.000378 1.840119 1.920670 2.842661 6.603450 3.125033
 0.000379 1.834481 1.908134 2.841743 6.584358 2.665959
 0.000379 1.826328 1.895424 2.840934 6.562686 2.189026
 0.000380 1.816278 1.882656 2.840257 6.539192 1.725032
 0.000380 1.805243 1.870288 2.839746 6.515277 1.309422
 0.000381 1.793795 1.858690 2.839461 6.491947 0.959094
 0.000381 1.783081 1.848095 2.839440 6.470616 0.686414
 0.000382 1.773724 1.839120 2.839742 6.452586 0.491417
 0.000382 1.766106 1.831841 2.840315 6.438263 0.359676
 0.000383 1.761101 1.826202 2.841122 6.428425 0.281074
 0.000383 1.758736 1.821932 2.842211 6.422879 0.241029
 0.000384 1.758800 1.818845 2.843551 6.421196 0.229490
 0.000384 1.761380 1.816717 2.845129 6.423226 0.243445
 0.000385 1.766168 1.814867 2.846995 6.428030 0.278119
 0.000385 1.772242 1.813000 2.849083 6.434324 0.327048
 0.000386 1.778960 1.811045 2.851390 6.441396 0.386736
 0.000386 1.784969 1.808892 2.853916 6.447777 0.444893
 0.000387 1.788886 1.806421 2.856568 6.451875 0.484391
 0.000387 1.789716 1.803112 2.859393 6.452220 0.487796
 0.000388 1.786086 1.798550 2.862397 6.447034 0.437915
 0.000388 1.777809 1.793070 2.865544 6.436423 0.344237
 0.000389 1.765604 1.787325 2.868958 6.421888 0.234196
 0.000389 1.749762 1.781677 2.872571 6.404011 0.127827
 0.000390 1.730958 1.777050 2.876361 6.384369 0.047803
 0.000390 1.710697 1.774051 2.880285 6.365033 0.006711
 0.000391 1.690804 1.773235 2.884327 6.348366 0.001291
 0.000391 1.672786 1.775093 2.888553 6.336432 0.014478
 0.000392 1.657439 1.779634 2.893025 6.330098 0.027262
 0.000392 1.645823 1.786641 2.897659 6.330123 0.027203
 0.000393 1.638862 1.795930 2.902444 6.337236 0.013142
 0.000393 1.636310 1.807042 2.907357 6.350709 0.000375
 0.000394 1.638295 1.819757 2.912355 6.370407 0.014380
 0.000394 1.644590 1.833241 2.917529 6.395361 0.087835
 0.000395 1.654052 1.846401 2.922892 6.423346 0.244284
 0.000395 1.666091 1.858447 2.928363 6.452901 0.494538
 0.000396 1.679503 1.868650 2.933798 6.481951 0.825653
 0.000396 1.692878 1.876267 2.939250 6.508395 1.200421
 0.000397 1.705238 1.880771 2.944573 6.530582 1.568818
 0.000397 1.715372 1.881843 2.949859 6.547074 1.874548
 0.000398 1.722504 1.879677 2.954903 6.557084 2.073378
 0.000398 1.726379 1.875291 2.959731 6.561401 2.162224
 0.000399 1.726866 1.868844 2.964322 6.560033 2.133856
 0.000399 1.723918 1.861153 2.968743 6.553814 2.007313
 0.000400 1.718496 1.853554 2.972932 6.544982 1.834257
 0.000400 1.711790 1.846740 2.976833 6.535363 1.654643
 0.000401 1.704874 1.841479 2.980489 6.526842 1.503271
 0.000401 1.698402 1.838340 2.983958 6.520700 1.398655
 0.000402 1.693522 1.837637 2.987241 6.518400 1.360459
 0.000402 1.690251 1.839449 2.990325 6.520026 1.387399
 0.000403 1.688902 1.843349 2.993259 6.525509 1.480248
 0.000403 1.690155 1.849609 2.995964 6.535728 1.661296
 0.000404 1.694256 1.858140 2.998402 6.550798 1.947341
 0.000404 1.700923 1.868333 3.000609 6.569865 2.341806
 0.000405 1.709900 1.879326 3.002589 6.591815 2.840938
 0.000405 1.720252 1.890702 3.004389 6.615343 3.429452
 0.000406 1.731073 1.901514 3.005938 6.638526 4.063460
 0.000406 1.741686 1.910951 3.007303 6.659939 4.696841
 0.000407 1.751858 1.918162 3.008435 6.678455 5.281484
 0.000407 1.761162 1.922548 3.009342 6.693053 5.766552
 0.000408 1.768710 1.923569 3.010018 6.702297 6.084769
 0.000408 1.774431 1.920739 3.010394 6.705564 6.199284
 0.000409 1.777602 1.914282 3.010441 6.702325 6.085742
 0.000409 1.778269 1.904479 3.010197 6.692944 5.762871
 0.000410 1.776815 1.891668 3.009639 6.678122 5.270652
 0.000410 1.772905 1.876522 3.008840 6.658267 4.645728
 0.000411 1.767028 1.859648 3.007826 6.634502 3.949562
 0.000411 1.760068 1.842224 3.006699 6.608992 3.265129
 0.000412 1.752810 1.825726 3.005454 6.583990 2.657469
 0.000412 1.745867 1.810755 3.004117 6.560740 2.148494
 0.000413 1.739943 1.797805 3.002611 6.540358 1.746767
 0.000413 1.735533 1.787775 3.000909 6.524217 1.458094
 0.000414 1.733467 1.780755 2.999113 6.513335 1.278182
 0.000414 1.733823 1.777086 2.997242 6.508151 1.196644
 0.000415 1.736875 1.776907 2.995305 6.509087 1.211165
 0.000415 1.742704 1.780034 2.993328 6.516066 1.322231
 0.000416 1.751002 1.786253 2.991378 6.528632 1.534472
 0.000416 1.761019 1.794999 2.989345 6.545362 1.841553
 0.000417 1.772106 1.805287 2.987319 6.564713 2.231635
 0.000417 1.783237 1.816249 2.985257 6.584743 2.674855
 0.000418 1.793766 1.826587 2.983151 6.603504 3.126385
 0.000418 1.803168 1.835444 2.980969 6.619581 3.541344
 0.000419 1.810645 1.841887 2.978741 6.631274 3.859345
 0.000419 1.815852 1.845514 2.976573 6.637940 4.046767
 0.000420 1.819258 1.846538 2.974379 6.640175 4.110622
 0.000420 1.820031 1.844231 2.972261 6.636524 4.006588
 0.000421 1.818549 1.838751 2.970218 6.627519 3.755735
 0.000421 1.815596 1.830535 2.968206 6.614337 3.403136
 0.000422 1.811083 1.820698 2.966255 6.598036 2.991163
 0.000422 1.805692 1.810310 2.964395 6.580397 2.575278
 0.000423 1.800210 1.800035 2.962623 6.562868 2.192840
 0.000423 1.795549 1.790756 2.960996 6.547301 1.878940
 0.000424 1.792009 1.783418 2.959429 6.534856 1.645443
 0.000424 1.790161 1.778611 2.957913 6.526685 1.500547
 0.000425 1.790592 1.777098 2.956495 6.524185 1.457547
 0.000425 1.793176 1.779023 2.955168 6.527367 1.512392
 0.000426 1.798212 1.784297 2.953969 6.536478 1.674997
 0.000426 1.805442 1.792539 2.952905 6.550886 1.949084
 0.000427 1.814448 1.803483 2.951895 6.569826 2.340967
 0.000427 1.824548 1.816363 2.950915 6.591826 2.841204
 0.000428 1.834800 1.830624 2.950062 6.615486 3.433183
 0.000428 1.844301 1.845339 2.949322 6.638961 4.075875
 0.000429 1.852392 1.859627 2.948618 6.660636 4.718224
 0.000429 1.858441 1.872907 2.947870 6.679218 5.306307
 0.000430 1.861702 1.884186 2.947144 6.693032 5.765845
 0.000430 1.861738 1.892763 2.946250 6.700752 6.030997
 0.000431 1.858518 1.897908 2.945268 6.701694 6.063741
 0.000431 1.851906 1.899411 2.944259 6.695576 5.852558
 0.000432 1.842312 1.897061 2.943181 6.682554 5.415537
 0.000432 1.830276 1.890896 2.942035 6.663207 4.797519
 0.000433 1.816169 1.880831 2.940898 6.637898 4.045594
 0.000433 1.801150 1.867749 2.939728 6.608627 3.255812
 0.000434 1.786228 1.852951 2.938528 6.577708 2.514613
 0.000434 1.772133 1.837290 2.937345 6.546768 1.868631
 0.000435 1.759839 1.821501 2.936265 6.517604 1.347360
 0.000435 1.750183 1.806373 2.935277 6.491833 0.957512
 0.000436 1.744065 1.792646 2.934370 6.471081 0.691868
 0.000436 1.741835 1.780561 2.933639 6.456035 0.526204
 0.000437 1.743572 1.770360 2.933038 6.446970 0.437317
 0.000437 1.749477 1.763021 2.932479 6.444977 0.418877
 0.000438 1.759227 1.758428 2.931999 6.449653 0.462772
 0.000438 1.771770 1.756071 2.931661 6.459501 0.562364
 0.000439 1.786099 1.756198 2.931372 6.473668 0.722644
 0.000439 1.801493 1.758111 2.931112 6.490717 0.942132
 0.000440 1.816562 1.760808 2.930921 6.508291 1.198814
 0.000440 1.830025 1.763461 2.930767 6.524253 1.458717
 0.000441 1.840672 1.765884 2.930562 6.537118 1.686735
 0.000441 1.847296 1.766444 2.930303 6.544043 1.816312
 0.000442 1.849381 1.764175 2.929896 6.543452 1.805072
 0.000442 1.847353 1.758723 2.929472 6.535547 1.658006
 0.000443 1.841616 1.749813 2.928965 6.520394 1.393550
 0.000443 1.832406 1.737555 2.928365 6.498326 1.049482
 0.000444 1.821405 1.722906 2.927723 6.472034 0.703125
 0.000444 1.810659 1.706422 2.926962 6.444043 0.410369
 0.000445 1.800972 1.688616 2.926111 6.415700 0.193766
 0.000445 1.793524 1.670961 2.925240 6.389725 0.065800
 0.000446 1.789496 1.654779 2.924378 6.368653 0.011559
 0.000446 1.789665 1.641222 2.923487 6.354374 0.000043
 0.000447 1.794438 1.631001 2.922509 6.347948 0.001513
 0.000447 1.803975 1.624335 2.921418 6.349729 0.000692
 0.000448 1.817764 1.621487 2.920299 6.359550 0.001861
 0.000448 1.834962 1.622140 2.919049 6.376151 0.025772
 0.000449 1.854844 1.625629 2.917746 6.398219 0.100221
 0.000449 1.875998 1.631355 2.916405 6.423759 0.247178
 0.000450 1.897376 1.638449 2.915074 6.450899 0.474831
 0.000450 1.917828 1.645815 2.913648 6.477291 0.766847
 0.000451 1.935725 1.652528 2.912081 6.500335 1.078780
 0.000451 1.949944 1.657677 2.910460 6.518081 1.355201
 0.000452 1.959638 1.660569 2.908658 6.528865 1.538553
 0.000452 1.963723 1.660575 2.906755 6.531053 1.577174
 0.000453 1.962597 1.657800 2.904698 6.525095 1.473137
 0.000453 1.956311 1.652572 2.902493 6.511377 1.247071
 0.000454 1.945871 1.645660 2.900074 6.491605 0.954362
 0.000454 1.931895 1.637896 2.897484 6.467275 0.647828
 0.000455 1.915393 1.629959 2.894785 6.440136 0.375742
 0.000455 1.898045 1.622930 2.892022 6.412998 0.177306
 0.000456 1.880420 1.617744 2.889134 6.387298 0.057289
 0.000456 1.864069 1.615084 2.886171 6.365324 0.007052
 0.000457 1.849887 1.615683 2.883172 6.348741 0.001108
 0.000457 1.838522 1.619365 2.880206 6.338093 0.011789
 0.000458 1.830060 1.626493 2.877240 6.333793 0.019317
 0.000458 1.824885 1.636808 2.874338 6.336031 0.015169
 0.000459 1.822962 1.649702 2.871369 6.344033 0.004432
 0.000459 1.824375 1.664884 2.868336 6.357596 0.000860
 0.000460 1.829043 1.681773 2.865300 6.376117 0.025694
 0.000460 1.836263 1.699361 2.862307 6.397931 0.098935
 0.000461 1.845021 1.717004 2.859349 6.421373 0.230690
 0.000461 1.854715 1.733077 2.856377 6.444170 0.411518
 0.000462 1.863683 1.746151 2.853408 6.463242 0.602735
 0.000462 1.870433 1.755736 2.850512 6.476681 0.759311
 0.000463 1.874193 1.761606 2.847722 6.483522 0.845957
 0.000463 1.874118 1.764429 2.845014 6.483562 0.846475
 0.000464 1.869914 1.764267 2.842342 6.476523 0.757372
 0.000464 1.861980 1.762438 2.839649 6.464067 0.611828
 0.000465 1.851062 1.760178 2.836900 6.448140 0.448322
 0.000465 1.838281 1.758586 2.834211 6.431078 0.301322
 0.000466 1.824853 1.758393 2.831600 6.414846 0.188487
 0.000466 1.811681 1.760557 2.829018 6.401256 0.114277
 0.000467 1.799642 1.765939 2.826511 6.392092 0.074666
 0.000467 1.789804 1.774723 2.824080 6.388607 0.061806
 0.000468 1.782753 1.786699 2.821755 6.391207 0.071287
 0.000468 1.779052 1.801781 2.819478 6.400311 0.109805
 0.000469 1.778719 1.819689 2.817351 6.415759 0.194133
 0.000469 1.781498 1.840052 2.815362 6.436912 0.348313
 0.000470 1.787249 1.861788 2.813486 6.462523 0.594869
 0.000470 1.795459 1.884655 2.811862 6.491976 0.959502
 0.000471 1.805607 1.907470 2.810438 6.523514 1.446123
 0.000471 1.817150 1.929251 2.809116 6.555517 2.041589
 0.000472 1.829056 1.949076 2.807864 6.585995 2.703905
 0.000472 1.840266 1.966423 2.806784 6.613473 3.380634
 0.000473 1.850141 1.980183 2.805916 6.636240 3.998559
 0.000473 1.858018 1.989713 2.805166 6.652898 4.483492
 0.000474 1.863502 1.995314 2.804505 6.663322 4.801077
 0.000474 1.866386 1.996864 2.803953 6.667203 4.922099
 0.000475 1.866821 1.995016 2.803517 6.665354 4.864258
 0.000475 1.865356 1.990142 2.803084 6.658582 4.655336
 0.000476 1.862307 1.982842 2.802667 6.647816 4.332624
 0.000476 1.858379 1.973576 2.802362 6.634317 3.944374
 0.000477 1.853912 1.963054 2.802103 6.619069 3.527714
 0.000477 1.849601 1.952024 2.801953 6.603578 3.128234
 0.000478 1.846409 1.941162 2.801907 6.589478 2.785513
 0.000478 1.844320 1.930688 2.801885 6.576894 2.496394
 0.000479 1.843527 1.920919 2.801849 6.566295 2.265189
 0.000479 1.843757 1.912500 2.801877 6.558134 2.094819
 0.000480 1.845522 1.905165 2.802066 6.552754 1.986135
 0.000480 1.848874 1.899680 2.802428 6.550982 1.950981
 0.000481 1.853719 1.895364 2.802910 6.551994 1.971016
 0.000481 1.859279 1.892338 2.803534 6.555151 2.034192
 0.000482 1.865658 1.890451 2.804248 6.560357 2.140562
 0.000482 1.872379 1.889188 2.805045 6.566612 2.271938
 0.000483 1.879184 1.887825 2.806034 6.573043 2.411102
 0.000483 1.885165 1.885976 2.807201 6.578342 2.528852
 0.000484 1.889916 1.883037 2.808529 6.581482 2.599965
 0.000484 1.892725 1.878277 2.809939 6.580942 2.587663
 0.000485 1.892775 1.871307 2.811535 6.575618 2.467965
 0.000485 1.889991 1.861254 2.813237 6.564482 2.226764
 0.000486 1.884416 1.848510 2.815004 6.547930 1.891159
 0.000486 1.876316 1.833424 2.816879 6.526619 1.499411
 0.000487 1.866036 1.816567 2.818811 6.501413 1.094681
 0.000487 1.854337 1.799305 2.820890 6.474532 0.733066
 0.000488 1.842445 1.782992 2.823134 6.448571 0.452418
 0.000488 1.830855 1.768443 2.825464 6.424762 0.254283
 0.000489 1.820354 1.756456 2.827940 6.404750 0.131596
 0.000489 1.811926 1.748106 2.830492 6.390523 0.068728
 0.000490 1.806188 1.744459 2.833110 6.383757 0.045931
 0.000490 1.803664 1.745437 2.835832 6.384932 0.049562
 0.000491 1.804353 1.750768 2.838564 6.393686 0.080952
 0.000491 1.807984 1.760264 2.841380 6.409628 0.157809
 0.000492 1.814127 1.773541 2.844291 6.431960 0.308201
 0.000492 1.822104 1.790173 2.847264 6.459541 0.562782
 0.000493 1.831208 1.808591 2.850219 6.490017 0.932558
 0.000493 1.840804 1.827396 2.853085 6.521285 1.408459
 0.000494 1.849916 1.845597 2.855765 6.551277 1.956818
 0.000494 1.857246 1.861692 2.858322 6.577260 2.504584
 0.000495 1.862082 1.874626 2.860717 6.597425 2.976223
 0.000495 1.864001 1.884770 2.862830 6.611602 3.332159
 0.000496 1.862929 1.891412 2.864718 6.619058 3.527437
 0.000496 1.858906 1.894543 2.866419 6.619868 3.548968
 0.000497 1.852575 1.894729 2.867857 6.615162 3.424702
 0.000497 1.844595 1.892573 2.869039 6.606207 3.194354
 0.000498 1.835457 1.889037 2.869948 6.594442 2.903904
 0.000498 1.825775 1.885040 2.870537 6.581351 2.596992
 0.000499 1.816084 1.881782 2.870914 6.568779 2.318373
 0.000499 1.807607 1.880188 2.870964 6.558759 2.107631
 0.000500 1.801316 1.880292 2.870690 6.552299 1.977071
