#! FIELDS time dAB dAC rc bias
 0.000000 1.471357 2.256204 3.727561 9.512721
 0.000000 1.464253 2.265930 3.730183 9.627452
 0.000001 1.457482 2.274168 3.731649 9.691887
 0.000001 1.451097 2.280823 3.731920 9.703821
 0.000002 1.445107 2.286050 3.731157 9.670201
 0.000002 1.439459 2.289699 3.729158 9.582518
 0.000003 1.434144 2.291597 3.725741 9.433517
 0.000003 1.429383 2.292077 3.721460 9.248464
 0.000004 1.425178 2.291532 3.716710 9.045306
 0.000004 1.421599 2.289964 3.711563 8.827727
 0.000005 1.418717 2.287472 3.706189 8.603345
 0.000005 1.416516 2.284329 3.700846 8.383129
 0.000006 1.415059 2.281293 3.696351 8.200112
 0.000006 1.414234 2.278587 3.692821 8.057762
 0.000007 1.414004 2.276226 3.690231 7.954123
 0.000007 1.414347 2.274723 3.689071 7.907914
 0.000008 1.415227 2.273627 3.688854 7.899303
 0.000008 1.416500 2.272685 3.689185 7.912463
 0.000009 1.418142 2.272075 3.690217 7.953564
 0.000009 1.419918 2.271713 3.691631 8.010064
 0.000010 1.421624 2.272167 3.693791 8.096771
 0.000010 1.423263 2.273220 3.696483 8.205468
 0.000011 1.424755 2.274529 3.699285 8.319343
 0.000011 1.426045 2.275970 3.702016 8.431119
 0.000012 1.427149 2.277281 3.704430 8.530540
 0.000012 1.428094 2.277991 3.706086 8.599061
 0.000013 1.428832 2.278142 3.706974 8.635959
 0.000013 1.429336 2.278092 3.707428 8.654815
 0.000014 1.429659 2.277325 3.706985 8.636395
 0.000014 1.429736 2.275764 3.705500 8.574785
 0.000015 1.429901 2.273320 3.703221 8.480691
 0.000015 1.430141 2.270321 3.700461 8.367394
 0.000016 1.430489 2.267115 3.697604 8.250941
 0.000016 1.430911 2.263594 3.694504 8.125490
 0.000017 1.431485 2.259650 3.691135 7.990241
 0.000017 1.432252 2.255786 3.688038 7.866899
 0.000018 1.433358 2.252354 3.685713 7.774935
 0.000018 1.434650 2.249655 3.684305 7.719535
 0.000019 1.436253 2.247494 3.683747 7.697633
 0.000019 1.438106 2.246127 3.684233 7.716690
 0.000020 1.440325 2.245421 3.685745 7.776234
 0.000020 1.442813 2.245640 3.688452 7.883350
 0.000021 1.445452 2.246935 3.692387 8.040356
 0.000021 1.448432 2.249381 3.697813 8.259423
 0.000022 1.451808 2.252972 3.704779 8.544985
 0.000022 1.455370 2.256754 3.712124 8.851308
 0.000023 1.459053 2.260648 3.719701 9.172970
 0.000023 1.462788 2.264386 3.727174 9.495867
 0.000024 1.466496 2.267149 3.733644 9.779924
 0.000024 1.470272 2.268798 3.739070 10.021359
 0.000025 1.474143 2.269546 3.743689 10.229194
 0.000025 1.477930 2.269036 3.746966 10.377963
 0.000026 1.481622 2.267203 3.748825 10.462814
 0.000026 1.485223 2.264129 3.749352 10.486938
 0.000027 1.488834 2.259534 3.748367 10.441892
 0.000027 1.492419 2.253606 3.746025 10.335122
 0.000028 1.495815 2.246311 3.742126 10.158641
 0.000028 1.499101 2.237976 3.737077 9.932317
 0.000029 1.502226 2.228492 3.730718 9.650930
 0.000029 1.505068 2.218216 3.723284 9.327084
 0.000030 1.507504 2.206636 3.714140 8.936326
 0.000030 1.509770 2.193793 3.703563 8.494753
 0.000031 1.511842 2.180066 3.691907 8.021137
 0.000031 1.513653 2.165755 3.679407 7.528287
 0.000032 1.515213 2.150810 3.666023 7.017899
 0.000032 1.516396 2.135775 3.652171 6.508543
 0.000033 1.517177 2.121404 3.638581 6.027441
 0.000033 1.517746 2.107236 3.624982 5.564533
 0.000034 1.518120 2.093721 3.611841 5.134779
 0.000034 1.518322 2.080774 3.599097 4.734502
 0.000035 1.518352 2.068236 3.586587 4.357393
 0.000035 1.518338 2.056054 3.574392 4.004809
 0.000036 1.518440 2.044208 3.562648 3.679335
 0.000036 1.518651 2.033046 3.551697 3.388271
 0.000037 1.519061 2.022560 3.541620 3.131022
 0.000037 1.519744 2.013044 3.532788 2.913914
 0.000038 1.520590 2.004918 3.525508 2.740818
 0.000038 1.521673 1.998218 3.519892 2.610896
 0.000039 1.522924 1.993214 3.516137 2.525810
 0.000039 1.524436 1.989840 3.514277 2.484161
 0.000040 1.526108 1.987847 3.513955 2.476993
 0.000040 1.527786 1.987217 3.515003 2.500381
 0.000041 1.529468 1.988105 3.517573 2.558175
 0.000041 1.531217 1.990259 3.521476 2.647221
 0.000042 1.533001 1.993682 3.526684 2.768407
 0.000042 1.534739 1.997877 3.532616 2.909760
 0.000043 1.536364 2.002927 3.539291 3.073005
 0.000043 1.537984 2.009060 3.547044 3.268232
 0.000044 1.539414 2.015838 3.555252 3.481427
 0.000044 1.540799 2.023138 3.563937 3.714385
 0.000045 1.542146 2.030750 3.572896 3.962588
 0.000045 1.543387 2.038397 3.581784 4.216735
 0.000046 1.544542 2.046083 3.590625 4.477398
 0.000046 1.545671 2.053686 3.599357 4.742524
 0.000047 1.546744 2.061050 3.607793 5.005893
 0.000047 1.547639 2.067948 3.615587 5.255531
 0.000048 1.548517 2.074239 3.622757 5.490551
 0.000048 1.549257 2.080043 3.629300 5.709532
 0.000049 1.549846 2.085160 3.635006 5.903973
 0.000049 1.550237 2.089339 3.639577 6.062069
 0.000050 1.550502 2.092665 3.643167 6.187731
 0.000050 1.550458 2.095410 3.645868 6.283101
 0.000051 1.549933 2.097307 3.647240 6.331853
 0.000051 1.549035 2.098195 3.647230 6.331470
 0.000052 1.547799 2.098214 3.646014 6.288280
 0.000052 1.546153 2.097772 3.643925 6.214433
 0.000053 1.544103 2.096308 3.640411 6.091172
 0.000053 1.541755 2.094341 3.636096 5.941473
 0.000054 1.539113 2.091545 3.630658 5.755495
 0.000054 1.536286 2.087971 3.624258 5.540406
 0.000055 1.533375 2.083969 3.617343 5.312630
 0.000055 1.530385 2.079700 3.610086 5.078691
 0.000056 1.527199 2.075518 3.602717 4.846546
 0.000056 1.524041 2.072298 3.596340 4.650042
 0.000057 1.520950 2.069823 3.590773 4.481831
 0.000057 1.517777 2.068771 3.586547 4.356206
 0.000058 1.514676 2.069322 3.583998 4.281298
 0.000058 1.511594 2.071659 3.583253 4.259501
 0.000059 1.508477 2.075930 3.584407 4.293261
 0.000059 1.505380 2.081668 3.587048 4.370995
 0.000060 1.502184 2.088698 3.590882 4.485097
 0.000060 1.498965 2.097071 3.596036 4.640790
 0.000061 1.495745 2.106829 3.602574 4.842093
 0.000061 1.492446 2.117676 3.610122 5.079850
 0.000062 1.489193 2.129313 3.618506 5.350610
 0.000062 1.485929 2.141239 3.627168 5.637709
 0.000063 1.482624 2.153538 3.636162 5.943767
 0.000063 1.479284 2.166004 3.645288 6.262568
 0.000064 1.475930 2.178591 3.654521 6.593578
 0.000064 1.472632 2.191255 3.663887 6.938113
 0.000065 1.469480 2.203347 3.672827 7.275110
 0.000065 1.466466 2.214779 3.681245 7.599777
 0.000066 1.463422 2.225217 3.688639 7.890751
 0.000066 1.460357 2.234360 3.694718 8.134090
 0.000067 1.457383 2.242025 3.699408 8.324352
 0.000067 1.454506 2.248045 3.702551 8.453124
 0.000068 1.451705 2.253082 3.704787 8.545278
 0.000068 1.448879 2.256951 3.705829 8.588435
 0.000069 1.446073 2.259430 3.705504 8.574942
 0.000069 1.443242 2.260601 3.703843 8.506309
 0.000070 1.440562 2.260553 3.701115 8.394156
 0.000070 1.437883 2.259341 3.697224 8.235510
 0.000071 1.435255 2.256932 3.692188 8.032364
 0.000071 1.432770 2.253395 3.686165 7.792793
 0.000072 1.430329 2.249181 3.679510 7.532255
 0.000072 1.427812 2.244340 3.672152 7.249392
 0.000073 1.425281 2.238636 3.663917 6.939207
 0.000073 1.422775 2.232190 3.654965 6.609741
 0.000074 1.420561 2.225340 3.645901 6.284295
 0.000074 1.418639 2.218154 3.636793 5.965518
 0.000075 1.417134 2.211246 3.628380 5.678471
 0.000075 1.415962 2.204548 3.620510 5.416347
 0.000076 1.415198 2.198294 3.613493 5.187851
 0.000076 1.415005 2.192156 3.607162 4.985923
 0.000077 1.415367 2.186481 3.601848 4.819540
 0.000077 1.416164 2.181603 3.597768 4.693688
 0.000078 1.417588 2.177718 3.595306 4.618558
 0.000078 1.419678 2.174670 3.594349 4.589517
 0.000079 1.422295 2.172567 3.594862 4.605099
 0.000079 1.425553 2.171198 3.596752 4.662613
 0.000080 1.429401 2.170679 3.600080 4.764812
 0.000080 1.433683 2.170750 3.604433 4.900127
 0.000081 1.438350 2.171422 3.609773 5.068721
 0.000081 1.443185 2.172812 3.615997 5.268827
 0.000082 1.448150 2.174923 3.623073 5.501022
 0.000082 1.453129 2.177394 3.630524 5.750944
 0.000083 1.458174 2.180020 3.638195 6.014052
 0.000083 1.463145 2.182574 3.645720 6.277856
 0.000084 1.467919 2.184561 3.652479 6.519651
 0.000084 1.472507 2.186076 3.658583 6.741921
 0.000085 1.476775 2.186783 3.663558 6.925833
 0.000085 1.480717 2.186781 3.667498 7.073257
 0.000086 1.484338 2.185979 3.670317 7.179697
 0.000086 1.487601 2.183966 3.671567 7.227120
 0.000087 1.490431 2.180194 3.670624 7.191345
 0.000087 1.492869 2.175196 3.668065 7.094616
 0.000088 1.494946 2.169122 3.664068 6.944838
 0.000088 1.496507 2.161711 3.658218 6.728527
 0.000089 1.497639 2.153401 3.651040 6.467792
 0.000089 1.498295 2.143688 3.641983 6.146159
 0.000090 1.498462 2.132930 3.631392 5.780415
 0.000090 1.498191 2.121153 3.619345 5.378068
 0.000091 1.497579 2.108654 3.606233 4.956650
 0.000091 1.496589 2.095866 3.592454 4.532312
 0.000092 1.495124 2.083052 3.578176 4.112622
 0.000092 1.493142 2.070540 3.563682 3.707436
 0.000093 1.490835 2.058795 3.549629 3.334651
 0.000093 1.488170 2.047620 3.535790 2.986841
 0.000094 1.485210 2.037472 3.522682 2.675053
 0.000094 1.481896 2.028639 3.510535 2.401460
 0.000095 1.478374 2.021499 3.499873 2.173481
 0.000095 1.474627 2.016106 3.490733 1.987093
 0.000096 1.470878 2.012295 3.483173 1.839247
 0.000096 1.467130 2.010243 3.477373 1.729686
 0.000097 1.463583 2.010270 3.473854 1.664848
 0.000097 1.460273 2.012183 3.472456 1.639430
 0.000098 1.457443 2.016165 3.473608 1.660369
 0.000098 1.455088 2.021800 3.476888 1.720673
 0.000099 1.453336 2.029299 3.482635 1.828937
 0.000099 1.452203 2.038512 3.490715 1.986739
 0.000100 1.451629 2.049278 3.500907 2.195088
 0.000100 1.451716 2.061540 3.513256 2.461473
 0.000101 1.452426 2.074895 3.527321 2.783416
 0.000101 1.453841 2.089073 3.542913 3.163467
 0.000102 1.455780 2.104106 3.559887 3.604813
 0.000102 1.458158 2.119969 3.578127 4.111208
 0.000103 1.460966 2.136215 3.597181 4.675748
 0.000103 1.464001 2.152440 3.616440 5.283233
 0.000104 1.467305 2.168687 3.635992 5.937889
 0.000104 1.470684 2.184844 3.655528 6.630208
 0.000105 1.474239 2.199933 3.674173 7.326540
 0.000105 1.477954 2.213748 3.691702 8.012926
 0.000106 1.481820 2.226123 3.707943 8.676276
 0.000106 1.485668 2.236567 3.722235 9.281833
 0.000107 1.489477 2.244895 3.734373 9.812154
 0.000107 1.493139 2.250753 3.743892 10.238385
 0.000108 1.496802 2.254191 3.750993 10.562218
 0.000108 1.500279 2.255583 3.755862 10.787214
 0.000109 1.503657 2.254698 3.758355 10.903296
 0.000109 1.506835 2.251253 3.758088 10.890839
 0.000110 1.509732 2.245110 3.754842 10.739892
 0.000110 1.512324 2.237354 3.749678 10.501897
 0.000111 1.514631 2.228248 3.742879 10.192615
 0.000111 1.516623 2.218136 3.734758 9.829253
 0.000112 1.518219 2.207023 3.725242 9.411848
 0.000112 1.519354 2.195591 3.714945 8.970381
 0.000113 1.520059 2.184080 3.704138 8.518497
 0.000113 1.520355 2.173149 3.693505 8.085235
 0.000114 1.520298 2.162969 3.683268 7.678830
 0.000114 1.519817 2.153426 3.673243 7.290981
 0.000115 1.518961 2.144893 3.663855 6.936893
 0.000115 1.517855 2.137456 3.655311 6.622315
 0.000116 1.516445 2.131108 3.647553 6.342983
 0.000116 1.514767 2.126262 3.641029 6.112730
 0.000117 1.512856 2.122933 3.635789 5.930903
 0.000117 1.510531 2.120743 3.631274 5.776418
 0.000118 1.507952 2.119739 3.627691 5.655285
 0.000118 1.505064 2.119718 3.624782 5.557880
 0.000119 1.502002 2.120869 3.622870 5.494315
 0.000119 1.498964 2.123225 3.622188 5.471729
 0.000120 1.495955 2.126862 3.622818 5.492577
 0.000120 1.492980 2.131984 3.624964 5.563940
 0.000121 1.490072 2.138183 3.628254 5.674240
 0.000121 1.487446 2.145030 3.632476 5.817353
 0.000122 1.484992 2.152724 3.637716 5.997467
 0.000122 1.482598 2.161379 3.643977 6.216253
 0.000123 1.480297 2.171195 3.651492 6.484048
 0.000123 1.478123 2.182067 3.660190 6.801064
 0.000124 1.476114 2.193198 3.669311 7.141635
 0.000124 1.474222 2.204538 3.678760 7.503186
 0.000125 1.472585 2.216340 3.688925 7.902148
 0.000125 1.471168 2.228472 3.699640 8.333848
 0.000126 1.469915 2.240501 3.710416 8.779600
 0.000126 1.468916 2.251886 3.720802 9.220190
 0.000127 1.468150 2.262289 3.730439 9.638671
 0.000127 1.467421 2.271422 3.738843 10.011181
 0.000128 1.466898 2.279101 3.745999 10.333955
 0.000128 1.466579 2.284978 3.751556 10.588150
 0.000129 1.466443 2.288563 3.755006 10.747508
 0.000129 1.466390 2.289838 3.756228 10.804193
 0.000130 1.466334 2.288723 3.755058 10.749894
 0.000130 1.466289 2.284946 3.751234 10.573322
 0.000131 1.466203 2.278318 3.744521 10.266871
 0.000131 1.466016 2.269058 3.735074 9.843257
 0.000132 1.465701 2.258015 3.723716 9.345765
 0.000132 1.465245 2.245215 3.710460 8.781448
 0.000133 1.464553 2.230709 3.695262 8.156081
 0.000133 1.463629 2.215203 3.678832 7.505984
 0.000134 1.462484 2.199394 3.661878 6.863473
 0.000134 1.461105 2.183353 3.644458 6.233233
 0.000135 1.459578 2.167321 3.626898 5.628646
 0.000135 1.457909 2.151059 3.608968 5.043130
 0.000136 1.456148 2.135037 3.591185 4.494180
 0.000136 1.454384 2.119506 3.573890 3.990617
 0.000137 1.452797 2.104345 3.557142 3.531477
 0.000137 1.451374 2.090109 3.541483 3.127589
 0.000138 1.450073 2.076872 3.526944 2.774543
 0.000138 1.449025 2.065122 3.514148 2.481284
 0.000139 1.448429 2.055277 3.503706 2.254140
 0.000139 1.448190 2.047014 3.495204 2.077223
 0.000140 1.448264 2.040886 3.489150 1.955664
 0.000140 1.448835 2.036820 3.485655 1.887155
 0.000141 1.449798 2.034934 3.484732 1.869269
 0.000141 1.451177 2.034996 3.486173 1.897223
 0.000142 1.452914 2.036869 3.489783 1.968210
 0.000142 1.454957 2.039992 3.494950 2.072044
 0.000143 1.457254 2.044682 3.501936 2.216709
 0.000143 1.459765 2.050894 3.510658 2.404163
 0.000144 1.462438 2.058058 3.520496 2.624728
 0.000144 1.465199 2.065894 3.531093 2.873133
 0.000145 1.468052 2.074608 3.542660 3.157090
 0.000145 1.471068 2.083800 3.554868 3.471306
 0.000146 1.474153 2.093503 3.567656 3.816453
 0.000146 1.477244 2.103489 3.580732 4.186260
 0.000147 1.480308 2.113688 3.593996 4.578840
 0.000147 1.483505 2.123653 3.607158 4.985812
 0.000148 1.486766 2.133191 3.619957 5.398162
 0.000148 1.489967 2.141689 3.631656 5.789412
 0.000149 1.493145 2.149070 3.642215 6.154270
 0.000149 1.496221 2.155232 3.651453 6.482658
 0.000150 1.499109 2.160324 3.659433 6.773158
 0.000150 1.501757 2.164162 3.665919 7.013982
 0.000151 1.504167 2.166888 3.671055 7.207664
 0.000151 1.506392 2.168405 3.674796 7.350436
 0.000152 1.508313 2.168421 3.676734 7.424903
 0.000152 1.509927 2.166726 3.676652 7.421764
 0.000153 1.511109 2.163972 3.675081 7.361368
 0.000153 1.511864 2.160012 3.671876 7.238879
 0.000154 1.512185 2.155305 3.667490 7.072952
 0.000154 1.512136 2.149697 3.661832 6.861772
 0.000155 1.511786 2.143488 3.655274 6.620969
 0.000155 1.511147 2.136439 3.647587 6.344180
 0.000156 1.510164 2.128797 3.638960 6.040628
 0.000156 1.508816 2.120721 3.629536 5.717502
 0.000157 1.507205 2.112432 3.619637 5.387644
 0.000157 1.505452 2.104297 3.609750 5.067985
 0.000158 1.503723 2.096411 3.600134 4.766474
 0.000158 1.501964 2.089459 3.591423 4.501315
 0.000159 1.500254 2.083624 3.583879 4.277794
 0.000159 1.498722 2.078977 3.577699 4.098948
 0.000160 1.497314 2.075499 3.572813 3.960249
 0.000160 1.496112 2.073185 3.569297 3.861919
 0.000161 1.494839 2.071972 3.566811 3.793118
 0.000161 1.493611 2.071869 3.565480 3.756560
 0.000162 1.492513 2.073242 3.565754 3.764087
 0.000162 1.491637 2.076148 3.567785 3.820003
 0.000163 1.490918 2.080759 3.571676 3.928323
 0.000163 1.490424 2.086987 3.577411 4.090694
 0.000164 1.490025 2.094405 3.584430 4.293946
 0.000164 1.489624 2.102728 3.592353 4.529245
 0.000165 1.489382 2.111630 3.601012 4.793624
 0.000165 1.489242 2.120529 3.609771 5.068661
 0.000166 1.489153 2.129384 3.618538 5.351626
 0.000166 1.489222 2.138024 3.627246 5.640308
 0.000167 1.489387 2.145908 3.635295 5.913897
 0.000167 1.489541 2.152565 3.642106 6.150452
 0.000168 1.489728 2.158327 3.648055 6.360865
 0.000168 1.489852 2.163118 3.652970 6.537404
 0.000169 1.490055 2.167000 3.657055 6.685931
 0.000169 1.490269 2.170210 3.660479 6.811729
 0.000170 1.490256 2.172870 3.663126 6.909767
 0.000170 1.490043 2.174915 3.664958 6.978061
 0.000171 1.489638 2.176838 3.666476 7.034860
 0.000171 1.489043 2.177979 3.667022 7.055353
 0.000172 1.488157 2.178582 3.666739 7.044754
 0.000172 1.486955 2.178812 3.665767 7.008298
 0.000173 1.485575 2.178979 3.664554 6.962983
 0.000173 1.483837 2.179318 3.663155 6.910867
 0.000174 1.481824 2.179815 3.661639 6.854611
 0.000174 1.479464 2.180682 3.660146 6.799432
 0.000175 1.476667 2.182146 3.658813 6.750375
 0.000175 1.473536 2.183966 3.657502 6.702287
 0.000176 1.470446 2.185866 3.656312 6.658782
 0.000176 1.467294 2.188312 3.655606 6.633044
 0.000177 1.464101 2.190411 3.654511 6.593243
 0.000177 1.460862 2.192276 3.653138 6.543474
 0.000178 1.457416 2.193495 3.650911 6.463165
 0.000178 1.454000 2.194284 3.648284 6.369040
 0.000179 1.450618 2.194947 3.645564 6.272349
 0.000179 1.447322 2.195190 3.642512 6.164699
 0.000180 1.444169 2.195426 3.639595 6.062707
 0.000180 1.441378 2.195283 3.636661 5.960989
 0.000181 1.438922 2.194984 3.633907 5.866247
 0.000181 1.436901 2.194859 3.631761 5.792977
 0.000182 1.435332 2.195082 3.630414 5.747232
 0.000182 1.434319 2.195627 3.629946 5.731356
 0.000183 1.433785 2.197053 3.630838 5.761611
 0.000183 1.433776 2.199198 3.632974 5.834360
 0.000184 1.434247 2.202090 3.636337 5.949787
 0.000184 1.435236 2.205758 3.640994 6.111513
 0.000185 1.436862 2.209717 3.646579 6.308351
 0.000185 1.439134 2.213808 3.652942 6.536394
 0.000186 1.442004 2.218091 3.660095 6.797572
 0.000186 1.445594 2.222390 3.667984 7.091560
 0.000187 1.449925 2.226405 3.676329 7.409320
 0.000187 1.454923 2.230295 3.685218 7.755432
 0.000188 1.460494 2.233436 3.693930 8.102358
 0.000188 1.466674 2.235809 3.702482 8.450291
 0.000189 1.473402 2.237039 3.710441 8.780628
 0.000189 1.480560 2.237090 3.717650 9.085349
 0.000190 1.487973 2.235462 3.723435 9.333600
 0.000190 1.495648 2.231978 3.727625 9.515530
 0.000191 1.503335 2.226398 3.729732 9.607669
 0.000191 1.511039 2.218422 3.729461 9.595763
 0.000192 1.518738 2.207790 3.726528 9.467739
 0.000192 1.526243 2.194767 3.721009 9.229100
 0.000193 1.533338 2.180072 3.713410 8.905505
 0.000193 1.539977 2.163765 3.703742 8.502141
 0.000194 1.546312 2.146265 3.692577 8.047978
 0.000194 1.552151 2.128002 3.680153 7.557261
 0.000195 1.557516 2.109500 3.667015 7.055125
 0.000195 1.562495 2.090865 3.653360 6.551509
 0.000196 1.566997 2.072475 3.639472 6.058418
 0.000196 1.570947 2.054691 3.625638 5.586432
 0.000197 1.574315 2.037508 3.611823 5.134196
 0.000197 1.577188 2.021244 3.598432 4.714059
 0.000198 1.579655 2.006328 3.585982 4.339544
 0.000198 1.581700 1.993010 3.574710 4.013808
 0.000199 1.583302 1.981242 3.564544 3.730950
 0.000199 1.584485 1.971117 3.555602 3.490690
 0.000200 1.585284 1.963031 3.548315 3.300806
 0.000200 1.585592 1.957518 3.543110 3.168417
 0.000201 1.585375 1.954817 3.540192 3.095384
 0.000201 1.584603 1.954982 3.539585 3.080303
 0.000202 1.583327 1.957977 3.541304 3.123126
 0.000202 1.581534 1.963639 3.545173 3.220573
 0.000203 1.579192 1.971858 3.551050 3.371449
 0.000203 1.576270 1.982711 3.558981 3.580527
 0.000204 1.572943 1.995843 3.568786 3.847726
 0.000204 1.569281 2.010778 3.580059 4.166801
 0.000205 1.565359 2.027525 3.592884 4.545269
 0.000205 1.561052 2.045428 3.606480 4.964426
 0.000206 1.556423 2.063993 3.620416 5.413249
 0.000206 1.551483 2.082827 3.634309 5.880050
 0.000207 1.546327 2.101507 3.647834 6.352986
 0.000207 1.540988 2.119601 3.660589 6.815771
 0.000208 1.535473 2.136999 3.672472 7.261567
 0.000208 1.529791 2.152836 3.682627 7.653750
 0.000209 1.524050 2.166989 3.691038 7.986370
 0.000209 1.518233 2.179304 3.697537 8.248207
 0.000210 1.512294 2.189668 3.701962 8.428906
 0.000210 1.506304 2.197821 3.704125 8.517961
 0.000211 1.500336 2.203448 3.703785 8.503918
 0.000211 1.494379 2.206361 3.700740 8.378818
 0.000212 1.488346 2.206914 3.695261 8.156004
 0.000212 1.482342 2.205133 3.687475 7.844605
 0.000213 1.476519 2.200989 3.677508 7.454760
 0.000213 1.470818 2.194924 3.665742 7.007360
 0.000214 1.465388 2.186758 3.652146 6.507647
 0.000214 1.460240 2.176874 3.637114 5.976637
 0.000215 1.455481 2.165699 3.621180 5.438418
 0.000215 1.451321 2.153860 3.605180 4.923547
 0.000216 1.447721 2.141953 3.589675 4.449006
 0.000216 1.444820 2.130541 3.575360 4.032256
 0.000217 1.442708 2.119858 3.562566 3.677117
 0.000217 1.441242 2.109910 3.551151 3.374079
 0.000218 1.440387 2.100959 3.541345 3.124148
 0.000218 1.440190 2.093480 3.533671 2.935257
 0.000219 1.440730 2.087793 3.528523 2.811868
 0.000219 1.441993 2.084078 3.526071 2.754001
 0.000220 1.443767 2.082890 3.526657 2.767776
 0.000220 1.446153 2.083820 3.529974 2.846368
 0.000221 1.449031 2.086949 3.535980 2.991477
 0.000221 1.452316 2.091905 3.544221 3.196439
 0.000222 1.455803 2.098557 3.554360 3.457940
 0.000222 1.459574 2.106868 3.566442 3.782966
 0.000223 1.463445 2.116688 3.580133 4.168938
 0.000223 1.467440 2.128103 3.595542 4.625756
 0.000224 1.471594 2.140763 3.612357 5.151346
 0.000224 1.475708 2.153879 3.629586 5.719205
 0.000225 1.479665 2.167288 3.646953 6.321648
 0.000225 1.483592 2.181077 3.664669 6.967253
 0.000226 1.487473 2.194599 3.682072 7.632026
 0.000226 1.491188 2.207496 3.698684 8.294840
 0.000227 1.494674 2.219335 3.714009 8.930785
 0.000227 1.497888 2.229629 3.727517 9.510816
 0.000228 1.500743 2.238016 3.738759 10.007409
 0.000228 1.503233 2.244730 3.747963 10.423443
 0.000229 1.505385 2.249952 3.755337 10.762853
 0.000229 1.507148 2.253620 3.760768 11.016283
 0.000230 1.508430 2.255739 3.764169 11.176516
 0.000230 1.509179 2.256482 3.765661 11.247146
 0.000231 1.509312 2.255941 3.765253 11.227813
 0.000231 1.508865 2.254315 3.763180 11.129814
 0.000232 1.507842 2.251391 3.759234 10.944382
 0.000232 1.506259 2.247451 3.753710 10.687472
 0.000233 1.504233 2.242424 3.746657 10.363895
 0.000233 1.501651 2.236390 3.738041 9.975314
 0.000234 1.498474 2.229246 3.727720 9.519649
 0.000234 1.494732 2.221362 3.716094 9.019144
 0.000235 1.490608 2.212686 3.703294 8.483672
 0.000235 1.486261 2.203423 3.689684 7.932336
 0.000236 1.481872 2.193541 3.675413 7.374108
 0.000236 1.477439 2.183113 3.660552 6.814442
 0.000237 1.472877 2.172677 3.645555 6.272010
 0.000237 1.468401 2.162244 3.630646 5.755084
 0.000238 1.463884 2.152172 3.616056 5.270761
 0.000238 1.459482 2.142829 3.602311 4.833925
 0.000239 1.455227 2.134171 3.589398 4.440757
 0.000239 1.451190 2.126412 3.577602 4.096165
 0.000240 1.447386 2.119658 3.567044 3.799557
 0.000240 1.443786 2.114566 3.558352 3.563726
 0.000241 1.440443 2.110990 3.551434 3.381410
 0.000241 1.437265 2.108828 3.546094 3.243969
 0.000242 1.434399 2.108576 3.542975 3.165030
 0.000242 1.431918 2.110568 3.542486 3.152726
 0.000243 1.429777 2.114618 3.544395 3.200855
 0.000243 1.427902 2.120846 3.548747 3.311916
 0.000244 1.426271 2.129109 3.555380 3.484818
 0.000244 1.424832 2.139023 3.563855 3.712157
 0.000245 1.423727 2.150453 3.574180 3.998800
 0.000245 1.422982 2.163305 3.586287 4.348537
 0.000246 1.422631 2.176971 3.599602 4.750051
 0.000246 1.422704 2.191222 3.613926 5.201805
 0.000247 1.423222 2.205764 3.628986 5.698910
 0.000247 1.424268 2.220179 3.644447 6.232837
 0.000248 1.425876 2.233773 3.659649 6.781136
 0.000248 1.428028 2.245833 3.673862 7.314639
 0.000249 1.430687 2.255966 3.686654 7.812097
 0.000249 1.433918 2.264024 3.697942 8.264654
 0.000250 1.437442 2.269710 3.707151 8.643325
 0.000250 1.441352 2.272955 3.714307 8.943403
 0.000251 1.445577 2.273616 3.719193 9.151223
 0.000251 1.449819 2.271479 3.721297 9.241476
 0.000252 1.454037 2.266402 3.720439 9.204603
 0.000252 1.458226 2.258707 3.716933 9.054790
 0.000253 1.462404 2.248488 3.710893 8.799568
 0.000253 1.466464 2.236012 3.702475 8.449997
 0.000254 1.470390 2.221557 3.691947 8.022711
 0.000254 1.474224 2.205481 3.679705 7.539851
 0.000255 1.478033 2.187852 3.665885 7.012726
 0.000255 1.481638 2.169324 3.650962 6.464976
 0.000256 1.485092 2.149920 3.635012 5.904162
 0.000256 1.488442 2.130080 3.618522 5.351122
 0.000257 1.491786 2.110340 3.602126 4.828171
 0.000257 1.495010 2.091339 3.586350 4.350372
 0.000258 1.498061 2.073075 3.571136 3.913204
 0.000258 1.501080 2.055787 3.556867 3.524189
 0.000259 1.504122 2.039904 3.544026 3.191509
 0.000259 1.507150 2.025600 3.532750 2.912991
 0.000260 1.509959 2.013166 3.523125 2.685303
 0.000260 1.512605 2.002780 3.515386 2.508943
 0.000261 1.515109 1.994517 3.509626 2.381572
 0.000261 1.517442 1.988347 3.505789 2.298575
 0.000262 1.519654 1.984288 3.503942 2.259153
 0.000262 1.521633 1.982763 3.504396 2.268802
 0.000263 1.523357 1.984022 3.507379 2.332796
 0.000263 1.524864 1.988355 3.513219 2.460646
 0.000264 1.526141 1.995522 3.521662 2.651517
 0.000264 1.527252 2.005086 3.532338 2.903062
 0.000265 1.528127 2.017373 3.545499 3.228848
 0.000265 1.528791 2.032172 3.560964 3.633783
 0.000266 1.529287 2.048814 3.578102 4.110485
 0.000266 1.529667 2.067027 3.596694 4.660853
 0.000267 1.529798 2.086184 3.615982 5.268354
 0.000267 1.529724 2.106141 3.635864 5.933493
 0.000268 1.529359 2.126689 3.656048 6.649177
 0.000268 1.528498 2.147648 3.676146 7.402254
 0.000269 1.527303 2.168765 3.696068 8.188645
 0.000269 1.525571 2.189231 3.714802 8.964341
 0.000270 1.523384 2.208644 3.732028 9.708585
 0.000270 1.520643 2.226744 3.747387 10.397157
 0.000271 1.517341 2.243212 3.760554 11.006226
 0.000271 1.513420 2.257319 3.770739 11.489300
 0.000272 1.508930 2.268899 3.777829 11.831651
 0.000272 1.503988 2.277722 3.781709 12.021181
 0.000273 1.498639 2.284141 3.782780 12.073710
 0.000273 1.492993 2.287721 3.780714 11.972409
 0.000274 1.487061 2.288884 3.775945 11.740197
 0.000274 1.480973 2.287862 3.768835 11.398194
 0.000275 1.474878 2.284501 3.759379 10.951181
 0.000275 1.468826 2.279046 3.747872 10.419275
 0.000276 1.462759 2.272270 3.735030 9.841294
 0.000276 1.456836 2.264404 3.721240 9.238990
 0.000277 1.451128 2.256098 3.707226 8.646430
 0.000277 1.445592 2.247597 3.693189 8.072550
 0.000278 1.440278 2.238899 3.679178 7.519374
 0.000278 1.435435 2.230145 3.665580 7.001309
 0.000279 1.431154 2.221325 3.652479 6.519633
 0.000279 1.427403 2.212925 3.640328 6.088260
 0.000280 1.424290 2.205524 3.629815 5.726928
 0.000280 1.421831 2.199358 3.621189 5.438736
 0.000281 1.420040 2.194562 3.614602 5.223633
 0.000281 1.418925 2.191081 3.610005 5.076131
 0.000282 1.418488 2.188673 3.607162 4.985934
 0.000282 1.418734 2.187430 3.606164 4.954475
 0.000283 1.419608 2.187195 3.606802 4.974586
 0.000283 1.421012 2.188143 3.609154 5.049052
 0.000284 1.422911 2.190224 3.613135 5.176340
 0.000284 1.425344 2.193349 3.618693 5.356701
 0.000285 1.428285 2.197429 3.625714 5.588975
 0.000285 1.431572 2.202721 3.634294 5.879508
 0.000286 1.435131 2.208861 3.643992 6.216775
 0.000286 1.438792 2.215893 3.654685 6.599534
 0.000287 1.442622 2.223808 3.666430 7.033150
 0.000287 1.446657 2.232524 3.679181 7.519509
 0.000288 1.450816 2.242001 3.692817 8.057603
 0.000288 1.454983 2.251544 3.706526 8.617359
 0.000289 1.459165 2.261130 3.720295 9.198417
 0.000289 1.463294 2.270658 3.733951 9.793498
 0.000290 1.467265 2.279439 3.746704 10.366023
 0.000290 1.471045 2.287651 3.758696 10.919251
 0.000291 1.474619 2.295290 3.769909 11.449539
 0.000291 1.477852 2.301887 3.779739 11.924779
 0.000292 1.480850 2.307115 3.787964 12.329841
 0.000292 1.483538 2.310627 3.794166 12.639698
 0.000293 1.485947 2.312242 3.798188 12.842755
 0.000293 1.487944 2.311263 3.799207 12.894460
 0.000294 1.489634 2.307313 3.796947 12.779936
 0.000294 1.490989 2.300160 3.791150 12.488516
 0.000295 1.491941 2.290268 3.782209 12.045698
 0.000295 1.492431 2.278064 3.770495 11.477593
 0.000296 1.492433 2.263384 3.755817 10.785123
 0.000296 1.492106 2.246856 3.738962 10.016507
 0.000297 1.491504 2.229043 3.720547 9.209249
 0.000297 1.490631 2.209873 3.700505 8.369173
 0.000298 1.489658 2.189795 3.679453 7.530056
 0.000298 1.488595 2.169663 3.658258 6.729995
 0.000299 1.487540 2.149628 3.637168 5.978504
 0.000299 1.486500 2.130118 3.616618 5.289011
 0.000300 1.485513 2.111121 3.596634 4.659007
 0.000300 1.484602 2.093083 3.577684 4.098523
 0.000301 1.483745 2.076641 3.560386 3.618230
 0.000301 1.483098 2.061938 3.545037 3.217101
 0.000302 1.482571 2.049163 3.531733 2.888503
 0.000302 1.482136 2.038890 3.521026 2.636890
 0.000303 1.481961 2.031440 3.513401 2.464677
 0.000303 1.481981 2.026978 3.508959 2.367048
 0.000304 1.482037 2.025321 3.507357 2.332328
 0.000304 1.482197 2.026334 3.508531 2.357733
 0.000305 1.482395 2.029990 3.512384 2.442158
 0.000305 1.482545 2.036373 3.518918 2.588691
 0.000306 1.482626 2.045134 3.527760 2.793799
 0.000306 1.482626 2.056054 3.538680 3.057872
 0.000307 1.482710 2.068513 3.551223 3.375945
 0.000307 1.482833 2.082147 3.564979 3.742851
 0.000308 1.482778 2.096987 3.579765 4.158328
 0.000308 1.482645 2.112730 3.595375 4.620684
 0.000309 1.482486 2.128973 3.611459 5.122542
 0.000309 1.482342 2.145331 3.627672 5.654652
 0.000310 1.482096 2.161380 3.643476 6.198608
 0.000310 1.481766 2.176726 3.658492 6.738585
 0.000311 1.481239 2.191369 3.672607 7.266744
 0.000311 1.480622 2.205082 3.685704 7.774613
 0.000312 1.479938 2.217350 3.697288 8.238096
 0.000312 1.479105 2.227836 3.706941 8.634576
 0.000313 1.478087 2.236371 3.714457 8.949754
 0.000313 1.476889 2.242530 3.719419 9.160909
 0.000314 1.475386 2.246225 3.721611 9.254960
 0.000314 1.473657 2.247485 3.721142 9.234803
 0.000315 1.471623 2.246106 3.717729 9.088696
 0.000315 1.469512 2.242415 3.711927 8.842999
 0.000316 1.467358 2.236370 3.703727 8.501539
 0.000316 1.465210 2.228174 3.693384 8.080395
 0.000317 1.463194 2.217458 3.680652 7.576666
 0.000317 1.461487 2.204421 3.665909 7.013607
 0.000318 1.460115 2.189541 3.649656 6.418114
 0.000318 1.459033 2.173440 3.632473 5.817259
 0.000319 1.458323 2.156246 3.614570 5.222600
 0.000319 1.458071 2.138315 3.596387 4.651469
 0.000320 1.458310 2.120540 3.578850 4.131982
 0.000320 1.458910 2.102967 3.561877 3.658441
 0.000321 1.459816 2.085843 3.545659 3.232906
 0.000321 1.461198 2.069970 3.531168 2.874920
 0.000322 1.462928 2.055783 3.518711 2.583996
 0.000322 1.465104 2.043469 3.508573 2.358658
 0.000323 1.467728 2.033217 3.500945 2.195890
 0.000323 1.470772 2.025615 3.496387 2.101402
 0.000324 1.474084 2.020831 3.494915 2.071335
 0.000324 1.477619 2.018842 3.496462 2.102937
 0.000325 1.481292 2.019502 3.500795 2.192740
 0.000325 1.485167 2.022674 3.507841 2.342786
 0.000326 1.489210 2.028312 3.517522 2.557026
 0.000326 1.493406 2.036154 3.529560 2.836506
 0.000327 1.497638 2.045541 3.543180 3.170170
 0.000327 1.501773 2.056905 3.558678 3.572425
 0.000328 1.505794 2.069901 3.575696 4.041792
 0.000328 1.509713 2.083599 3.593312 4.558161
 0.000329 1.513594 2.098075 3.611668 5.129255
 0.000329 1.517319 2.112880 3.630199 5.739943
 0.000330 1.520821 2.127685 3.648506 6.376975
 0.000330 1.523933 2.142603 3.666536 7.037132
 0.000331 1.526757 2.157448 3.684206 7.715622
 0.000331 1.529237 2.171804 3.701041 8.391143
 0.000332 1.531248 2.185081 3.716329 9.029097
 0.000332 1.532740 2.197387 3.730127 9.624977
 0.000333 1.533795 2.208421 3.742217 10.162725
 0.000333 1.534448 2.217785 3.752234 10.619334
 0.000334 1.534589 2.225197 3.759786 10.970264
 0.000334 1.534065 2.230958 3.765023 11.216914
 0.000335 1.532919 2.235055 3.767974 11.357131
 0.000335 1.531259 2.237485 3.768744 11.393850
 0.000336 1.529043 2.238381 3.767424 11.330912
 0.000336 1.526372 2.237903 3.764275 11.181510
 0.000337 1.523303 2.235743 3.759046 10.935625
 0.000337 1.519810 2.232044 3.751854 10.601842
 0.000338 1.515952 2.226586 3.742538 10.177225
 0.000338 1.511632 2.219760 3.731392 9.680564
 0.000339 1.506880 2.211616 3.718497 9.121457
 0.000339 1.501821 2.202613 3.704435 8.530743
 0.000340 1.496463 2.193246 3.689708 7.933306
 0.000340 1.490960 2.183226 3.674186 7.327049
 0.000341 1.485408 2.173165 3.658573 6.741557
 0.000341 1.479773 2.163798 3.643571 6.201956
 0.000342 1.474160 2.155051 3.629211 5.706504
 0.000342 1.468582 2.147291 3.615872 5.264786
 0.000343 1.462984 2.140926 3.603910 4.883762
 0.000343 1.457374 2.136487 3.593862 4.574782
 0.000344 1.451857 2.133995 3.585852 4.335717
 0.000344 1.446477 2.133352 3.579830 4.160176
 0.000345 1.441221 2.134723 3.575944 4.048843
 0.000345 1.436290 2.138191 3.574481 4.007342
 0.000346 1.431733 2.143822 3.575555 4.037785
 0.000346 1.427643 2.151283 3.578926 4.134154
 0.000347 1.424031 2.160446 3.584476 4.295296
 0.000347 1.420873 2.171207 3.592080 4.521043
 0.000348 1.418232 2.183167 3.601399 4.805599
 0.000348 1.416179 2.195878 3.612056 5.141679
 0.000349 1.414748 2.209100 3.623849 5.526790
 0.000349 1.413923 2.222539 3.636462 5.954094
 0.000350 1.413723 2.235403 3.649126 6.399144
 0.000350 1.414069 2.247087 3.661156 6.836752
 0.000351 1.414923 2.257842 3.672765 7.272754
 0.000351 1.416360 2.267553 3.683913 7.704134
 0.000352 1.418200 2.275910 3.694110 8.109616
 0.000352 1.420477 2.282823 3.703299 8.483912
 0.000353 1.423128 2.288250 3.711378 8.819956
 0.000353 1.426001 2.292057 3.718058 9.102744
 0.000354 1.429126 2.293910 3.723037 9.316405
 0.000354 1.432569 2.294057 3.726626 9.471992
 0.000355 1.436191 2.292532 3.728723 9.563466
 0.000355 1.439974 2.289439 3.729413 9.593674
 0.000356 1.443756 2.284442 3.728199 9.540553
 0.000356 1.447594 2.277877 3.725471 9.421781
 0.000357 1.451377 2.269890 3.721268 9.240194
 0.000357 1.455116 2.260194 3.715310 8.985845
 0.000358 1.458834 2.249165 3.707999 8.678598
 0.000358 1.462494 2.236763 3.699257 8.318227
 0.000359 1.466052 2.223112 3.689163 7.911599
 0.000359 1.469462 2.207971 3.677433 7.451874
 0.000360 1.472793 2.191921 3.664714 6.968922
 0.000360 1.476013 2.174838 3.650851 6.460996
 0.000361 1.479185 2.157163 3.636348 5.950168
 0.000361 1.482318 2.139300 3.621618 5.452871
 0.000362 1.485274 2.121403 3.606677 4.970625
 0.000362 1.488022 2.103643 3.591665 4.508576
 0.000363 1.490633 2.086669 3.577302 4.087602
 0.000363 1.493177 2.071114 3.564291 3.724042
 0.000364 1.495419 2.057152 3.552571 3.411059
 0.000364 1.497387 2.045125 3.542512 3.153378
 0.000365 1.499096 2.035330 3.534426 2.953595
 0.000365 1.500618 2.028027 3.528645 2.814751
 0.000366 1.502035 2.023424 3.525460 2.739682
 0.000366 1.503422 2.021564 3.524985 2.728592
 0.000367 1.504743 2.022198 3.526940 2.774450
 0.000367 1.505845 2.025240 3.531085 2.872944
 0.000368 1.506735 2.030559 3.537294 3.023695
 0.000368 1.507455 2.037522 3.544977 3.215598
 0.000369 1.508063 2.046166 3.554229 3.454501
 0.000369 1.508334 2.056270 3.564604 3.732584
 0.000370 1.508344 2.067387 3.575731 4.042786
 0.000370 1.508128 2.079442 3.587570 4.386452
 0.000371 1.507565 2.092632 3.600197 4.768410
 0.000371 1.506511 2.106152 3.612663 5.161167
 0.000372 1.504993 2.119747 3.624740 5.556484
 0.000372 1.503029 2.133213 3.636242 5.946521
 0.000373 1.500574 2.145931 3.646505 6.305718
 0.000373 1.497546 2.157737 3.655282 6.621266
 0.000374 1.494044 2.167792 3.661837 6.861929
 0.000374 1.490049 2.176345 3.666395 7.031822
 0.000375 1.485602 2.183288 3.668890 7.125732
 0.000375 1.480650 2.188920 3.669570 7.151398
 0.000376 1.475445 2.192896 3.668341 7.105002
 0.000376 1.470138 2.195206 3.665344 6.992480
 0.000377 1.464908 2.196293 3.661201 6.838386
 0.000377 1.459761 2.195849 3.655609 6.633177
 0.000378 1.454819 2.193630 3.648450 6.374971
 0.000378 1.450090 2.189972 3.640063 6.079006
 0.000379 1.445740 2.185422 3.631161 5.772595
 0.000379 1.441902 2.180256 3.622158 5.470724
 0.000380 1.438640 2.174589 3.613229 5.179359
 0.000380 1.436078 2.168427 3.604505 4.902396
 0.000381 1.434070 2.162019 3.596090 4.642417
 0.000381 1.432840 2.155784 3.588624 4.417732
 0.000382 1.432372 2.149744 3.582116 4.226404
 0.000382 1.432641 2.144340 3.576981 4.078425
 0.000383 1.433637 2.139574 3.573211 3.971446
 0.000383 1.435220 2.135476 3.570696 3.900902
 0.000384 1.437338 2.132369 3.569707 3.873306
 0.000384 1.439923 2.130339 3.570262 3.888768
 0.000385 1.442826 2.129273 3.572099 3.940172
 0.000385 1.446069 2.128877 3.574946 4.020517
 0.000386 1.449604 2.129285 3.578890 4.133116
 0.000386 1.453251 2.130379 3.583630 4.270527
 0.000387 1.457092 2.131820 3.588912 4.426285
 0.000387 1.461104 2.133628 3.594732 4.601151
 0.000388 1.465297 2.136184 3.601481 4.808156
 0.000388 1.469600 2.139540 3.609140 5.048598
 0.000389 1.473979 2.143430 3.617410 5.314792
 0.000389 1.478315 2.147647 3.625963 5.597296
 0.000390 1.482477 2.152151 3.634627 5.890961
 0.000390 1.486241 2.157213 3.643454 6.197845
 0.000391 1.489850 2.162382 3.652232 6.510723
 0.000391 1.493184 2.167505 3.660690 6.819502
 0.000392 1.496118 2.173112 3.669230 7.138570
 0.000392 1.498572 2.178535 3.677107 7.439282
 0.000393 1.500492 2.183839 3.684331 7.720551
 0.000393 1.501797 2.188985 3.690782 7.976122
 0.000394 1.502520 2.194073 3.696593 8.209900
 0.000394 1.502532 2.198855 3.701387 8.405300
 0.000395 1.502087 2.203200 3.705287 8.565970
 0.000395 1.501152 2.206727 3.707879 8.673584
 0.000396 1.499860 2.209693 3.709553 8.743444
 0.000396 1.498175 2.211379 3.709554 8.743518
 0.000397 1.496264 2.211748 3.708012 8.679132
 0.000397 1.494226 2.210816 3.705042 8.555823
 0.000398 1.492107 2.208386 3.700493 8.368700
 0.000398 1.490000 2.204974 3.694974 8.144450
 0.000399 1.487984 2.200682 3.688666 7.891829
 0.000399 1.486180 2.195295 3.681475 7.608731
 0.000400 1.484612 2.188951 3.673563 7.303223
 0.000400 1.483430 2.182178 3.665608 7.002365
 0.000401 1.482677 2.175272 3.657948 6.718642
 0.000401 1.482182 2.168352 3.650534 6.449595
 0.000402 1.482013 2.161201 3.643214 6.189381
 0.000402 1.482243 2.154126 3.636370 5.950918
 0.000403 1.482854 2.147447 3.630301 5.743398
 0.000403 1.483782 2.141435 3.625217 5.572392
 0.000404 1.485171 2.136194 3.621365 5.444532
 0.000404 1.486931 2.131614 3.618545 5.351872
 0.000405 1.488923 2.128033 3.616956 5.300022
 0.000405 1.491149 2.125323 3.616472 5.284271
 0.000406 1.493492 2.123813 3.617305 5.311376
 0.000406 1.495987 2.123525 3.619512 5.383559
 0.000407 1.498675 2.124041 3.622716 5.489214
 0.000407 1.501482 2.125184 3.626666 5.620872
 0.000408 1.504412 2.126700 3.631112 5.770917
 0.000408 1.507587 2.128775 3.636363 5.950673
 0.000409 1.510837 2.131482 3.642319 6.157937
 0.000409 1.514023 2.134188 3.648211 6.366432
 0.000410 1.517098 2.136688 3.653786 6.566947
 0.000410 1.519951 2.139006 3.658957 6.755665
 0.000411 1.522636 2.140913 3.663549 6.925507
 0.000411 1.525188 2.142465 3.667652 7.079062
 0.000412 1.527615 2.143750 3.671366 7.219478
 0.000412 1.529744 2.144389 3.674132 7.324991
 0.000413 1.531386 2.144357 3.675743 7.386781
 0.000413 1.532553 2.143592 3.676145 7.402246
 0.000414 1.533258 2.141645 3.674904 7.354546
 0.000414 1.533616 2.138759 3.672375 7.257877
 0.000415 1.533547 2.134966 3.668512 7.111457
 0.000415 1.533120 2.130092 3.663212 6.912976
 0.000416 1.532364 2.124296 3.656660 6.671489
 0.000416 1.531322 2.117784 3.649106 6.398410
 0.000417 1.530111 2.110576 3.640687 6.100803
 0.000417 1.528912 2.102551 3.631462 5.782822
 0.000418 1.527613 2.093912 3.621525 5.449816
 0.000418 1.526271 2.085011 3.611282 5.116879
 0.000419 1.524832 2.076162 3.600993 4.793041
 0.000419 1.523539 2.067688 3.591227 4.495421
 0.000420 1.522326 2.058947 3.581273 4.201931
 0.000420 1.521116 2.050211 3.571328 3.918551
 0.000421 1.519952 2.041434 3.561386 3.645172
 0.000421 1.518708 2.032750 3.551458 3.382036
 0.000422 1.517286 2.024907 3.542193 3.145374
 0.000422 1.515890 2.018317 3.534207 2.948264
 0.000423 1.514413 2.012907 3.527319 2.783388
 0.000423 1.512923 2.009227 3.522149 2.662737
 0.000424 1.511475 2.007809 3.519284 2.597029
 0.000424 1.509969 2.008362 3.518331 2.575357
 0.000425 1.508339 2.010777 3.519116 2.593210
 0.000425 1.506618 2.014834 3.521453 2.646688
 0.000426 1.504884 2.020882 3.525767 2.746868
 0.000426 1.503187 2.028841 3.532029 2.895604
 0.000427 1.501579 2.038503 3.540082 3.092663
 0.000427 1.500077 2.049196 3.549272 3.325442
 0.000428 1.498604 2.060947 3.559551 3.595803
 0.000428 1.497028 2.073244 3.570272 3.889067
 0.000429 1.495279 2.085952 3.581230 4.200680
 0.000429 1.493481 2.099247 3.592727 4.540534
 0.000430 1.491659 2.112695 3.604353 4.897635
 0.000430 1.489804 2.125730 3.615534 5.253801
 0.000431 1.487892 2.138133 3.626025 5.599381
 0.000431 1.485727 2.149971 3.635698 5.927765
 0.000432 1.483404 2.160862 3.644265 6.226430
 0.000432 1.480726 2.170956 3.651683 6.490922
 0.000433 1.477549 2.180223 3.657773 6.712201
 0.000433 1.474076 2.188300 3.662376 6.881910
 0.000434 1.470330 2.195080 3.665410 6.994945
 0.000434 1.466250 2.200414 3.666664 7.041940
 0.000435 1.461841 2.204112 3.665953 7.015289
 0.000435 1.457149 2.206413 3.663562 6.925983
 0.000436 1.452265 2.207214 3.659479 6.774861
 0.000436 1.447328 2.206548 3.653876 6.570201
 0.000437 1.442558 2.204655 3.647213 6.330864
 0.000437 1.438284 2.201343 3.639626 6.063800
 0.000438 1.434401 2.197098 3.631500 5.784099
 0.000438 1.430976 2.192001 3.622977 5.497850
 0.000439 1.428358 2.186296 3.614655 5.225345
 0.000439 1.426511 2.180166 3.606677 4.970621
 0.000440 1.425470 2.173452 3.598922 4.729134
 0.000440 1.425414 2.166545 3.591959 4.517409
 0.000441 1.426220 2.159542 3.585762 4.333059
 0.000441 1.427813 2.152907 3.580720 4.185910
 0.000442 1.430242 2.146440 3.576682 4.069887
 0.000442 1.433447 2.140953 3.574401 4.005058
 0.000443 1.437428 2.136742 3.574170 3.998540
 0.000443 1.442041 2.133501 3.575542 4.037410
 0.000444 1.447190 2.131197 3.578387 4.118681
 0.000444 1.452804 2.129783 3.582586 4.240071
 0.000445 1.458687 2.129609 3.588295 4.407955
 0.000445 1.464874 2.130481 3.595354 4.620044
 0.000446 1.471350 2.132225 3.603575 4.873299
 0.000446 1.478045 2.134422 3.612467 5.154871
 0.000447 1.484745 2.137189 3.621934 5.463325
 0.000447 1.491520 2.139925 3.631446 5.782257
 0.000448 1.498406 2.142357 3.640763 6.103443
 0.000448 1.505146 2.144640 3.649785 6.422746
 0.000449 1.511678 2.147016 3.658694 6.746007
 0.000449 1.517890 2.149446 3.667336 7.067175
 0.000450 1.523824 2.151690 3.675514 7.377989
 0.000450 1.529318 2.153583 3.682902 7.664492
 0.000451 1.534390 2.155112 3.689502 7.925090
 0.000451 1.538939 2.156190 3.695129 8.150675
 0.000452 1.542874 2.156855 3.699730 8.337497
 0.000452 1.546380 2.156970 3.703351 8.486019
 0.000453 1.549317 2.156472 3.705789 8.586774
 0.000453 1.551638 2.155870 3.707507 8.658129
 0.000454 1.553261 2.154720 3.707980 8.677828
 0.000454 1.554140 2.153184 3.707324 8.650507
 0.000455 1.554252 2.151179 3.705431 8.571941
 0.000455 1.553629 2.149275 3.702905 8.467661
 0.000456 1.552289 2.147569 3.699858 8.342758
 0.000456 1.550218 2.146043 3.696261 8.196465
 0.000457 1.547588 2.144537 3.692125 8.029835
 0.000457 1.544272 2.143198 3.687470 7.844402
 0.000458 1.540156 2.141577 3.681733 7.618812
 0.000458 1.535476 2.139755 3.675230 7.367082
 0.000459 1.530423 2.138061 3.668484 7.110408
 0.000459 1.524931 2.136171 3.661102 6.834748
 0.000460 1.519090 2.134165 3.653255 6.547700
 0.000460 1.513154 2.132245 3.645399 6.266496
 0.000461 1.507163 2.130582 3.637746 5.998479
 0.000461 1.501078 2.129489 3.630567 5.752410
 0.000462 1.494934 2.128950 3.623884 5.527961
 0.000462 1.488834 2.128712 3.617546 5.319251
 0.000463 1.482833 2.128706 3.611540 5.125132
 0.000463 1.476987 2.129292 3.606280 4.958117
 0.000464 1.471472 2.130383 3.601855 4.819745
 0.000464 1.466253 2.131906 3.598160 4.705709
 0.000465 1.461332 2.133761 3.595093 4.612107
 0.000465 1.456829 2.136358 3.593186 4.554372
 0.000466 1.452702 2.139895 3.592597 4.536617
 0.000466 1.448908 2.143738 3.592646 4.538079
 0.000467 1.445509 2.147784 3.593293 4.557600
 0.000467 1.442561 2.152019 3.594580 4.596532
 0.000468 1.440205 2.156414 3.596619 4.658552
 0.000468 1.438372 2.160784 3.599155 4.736307
 0.000469 1.437018 2.165094 3.602112 4.827733
 0.000469 1.436240 2.168974 3.605215 4.924636
 0.000470 1.436045 2.172204 3.608249 5.020310
 0.000470 1.436364 2.174812 3.611176 5.113482
 0.000471 1.437250 2.176788 3.614038 5.205430
 0.000471 1.438602 2.178039 3.616641 5.289757
 0.000472 1.440393 2.178696 3.619089 5.369683
 0.000472 1.442558 2.178883 3.621441 5.447050
 0.000473 1.444934 2.178382 3.623316 5.509097
 0.000473 1.447484 2.177081 3.624566 5.550653
 0.000474 1.450165 2.175252 3.625417 5.579052
 0.000474 1.453015 2.172735 3.625749 5.590169
 0.000475 1.455699 2.169382 3.625081 5.567851
 0.000475 1.458208 2.165614 3.623823 5.525931
 0.000476 1.460520 2.161051 3.621570 5.451302
 0.000476 1.462732 2.155709 3.618441 5.348453
 0.000477 1.464697 2.149614 3.614311 5.214246
 0.000477 1.466456 2.142622 3.609078 5.046622
 0.000478 1.468049 2.135069 3.603118 4.859057
 0.000478 1.469598 2.127188 3.596786 4.663657
 0.000479 1.471056 2.119106 3.590163 4.463572
 0.000479 1.472418 2.110769 3.583187 4.257579
 0.000480 1.473642 2.102211 3.575853 4.046251
 0.000480 1.474642 2.093814 3.568456 3.838567
 0.000481 1.475479 2.086000 3.561479 3.647693
 0.000481 1.476153 2.079035 3.555188 3.479755
 0.000482 1.476719 2.072713 3.549432 3.329548
 0.000482 1.477014 2.067420 3.544434 3.201832
 0.000483 1.477246 2.063375 3.540621 3.106065
 0.000483 1.477387 2.060431 3.537819 3.036621
 0.000484 1.477381 2.058625 3.536006 2.992111
 0.000484 1.477295 2.058064 3.535359 2.976299
 0.000485 1.477117 2.059240 3.536357 3.000715
 0.000485 1.476683 2.062422 3.539105 3.068393
 0.000486 1.476126 2.067489 3.543615 3.181143
 0.000486 1.475529 2.074188 3.549717 3.336927
 0.000487 1.474717 2.082402 3.557119 3.530885
 0.000487 1.473869 2.091747 3.565616 3.760292
 0.000488 1.472960 2.102195 3.575155 4.026427
 0.000488 1.471871 2.113276 3.585147 4.314969
 0.000489 1.470704 2.124562 3.595265 4.617331
 0.000489 1.469627 2.135863 3.605490 4.933276
 0.000490 1.468527 2.147283 3.615810 5.262762
 0.000490 1.467452 2.158328 3.625780 5.591192
 0.000491 1.466307 2.169042 3.635349 5.915766
 0.000491 1.465030 2.179231 3.644261 6.226281
 0.000492 1.463696 2.188625 3.652321 6.513956
 0.000492 1.462317 2.196463 3.658780 6.749158
 0.000493 1.460959 2.203337 3.664296 6.953339
 0.000493 1.459534 2.209248 3.668782 7.121656
 0.000494 1.458080 2.213803 3.671884 7.239183
 0.000494 1.456448 2.216947 3.673395 7.296811
 0.000495 1.454734 2.218378 3.673112 7.285992
 0.000495 1.453010 2.218447 3.671457 7.222967
 0.000496 1.451333 2.217508 3.668842 7.123898
 0.000496 1.449659 2.215743 3.665402 6.994649
 0.000497 1.448040 2.213209 3.661249 6.840176
 0.000497 1.446496 2.209815 3.656311 6.658755
 0.000498 1.445038 2.205829 3.650867 6.461568
 0.000498 1.443667 2.201763 3.645430 6.267597
 0.000499 1.442536 2.197431 3.639966 6.075650
 0.000499 1.441757 2.193018 3.634775 5.896034
 0.000500 1.441445 2.188671 3.630117 5.737146
