#! FIELDS time dAB dAC dAD rc bias
 0.000000 1.801316 1.880292 2.870690 6.552299 4.444987
 0.000000 1.796809 1.882030 2.870070 6.548909 4.344499
 0.000001 1.793495 1.884646 2.869054 6.547195 4.294124
 0.000001 1.791334 1.888261 2.867761 6.547356 4.298849
 0.000002 1.790495 1.892895 2.866227 6.549617 4.365389
 0.000002 1.791117 1.898116 2.864358 6.553590 4.483589
 0.000003 1.793039 1.903614 2.862096 6.558749 4.639385
 0.000003 1.796132 1.909683 2.859474 6.565289 4.840741
 0.000004 1.800016 1.915834 2.856557 6.572407 5.064760
 0.000004 1.803960 1.921559 2.853387 6.578906 5.273727
 0.000005 1.807654 1.926205 2.850037 6.583896 5.437025
 0.000005 1.810874 1.929599 2.846452 6.586925 5.537378
 0.000006 1.813155 1.930795 2.842623 6.586573 5.525653
 0.000006 1.814402 1.929555 2.838566 6.582522 5.391816
 0.000007 1.813839 1.926101 2.834354 6.574293 5.124976
 0.000007 1.811537 1.920104 2.830098 6.561739 4.730927
 0.000008 1.807590 1.911342 2.825847 6.544779 4.223604
 0.000008 1.802141 1.900001 2.821478 6.523621 3.631043
 0.000009 1.795486 1.886800 2.817178 6.499464 3.009249
 0.000009 1.788061 1.872036 2.812942 6.473038 2.395868
 0.000010 1.780200 1.856538 2.808772 6.445510 1.831158
 0.000010 1.772307 1.841383 2.804652 6.418342 1.348153
 0.000011 1.764736 1.827173 2.800575 6.392485 0.956989
 0.000011 1.758118 1.814407 2.796594 6.369119 0.661032
 0.000012 1.752210 1.803743 2.792698 6.348650 0.446630
 0.000012 1.747061 1.795574 2.789070 6.331706 0.300839
 0.000013 1.743167 1.790090 2.785667 6.318924 0.209861
 0.000013 1.740904 1.787383 2.782513 6.310801 0.160533
 0.000014 1.740362 1.787607 2.779656 6.307625 0.143042
 0.000014 1.741266 1.790247 2.777060 6.308573 0.148160
 0.000015 1.743379 1.794450 2.774717 6.312547 0.170579
 0.000015 1.745893 1.799723 2.772726 6.318342 0.206109
 0.000016 1.748530 1.805346 2.771083 6.324960 0.250785
 0.000016 1.750992 1.810362 2.769726 6.331080 0.296006
 0.000017 1.752808 1.813937 2.768637 6.335381 0.330024
 0.000017 1.753903 1.815292 2.767751 6.336946 0.342857
 0.000018 1.754587 1.814236 2.767033 6.335856 0.333890
 0.000018 1.754211 1.810592 2.766662 6.331464 0.298969
 0.000019 1.753158 1.804498 2.766656 6.324311 0.246214
 0.000019 1.751799 1.796416 2.767016 6.315231 0.186619
 0.000020 1.750798 1.787001 2.767721 6.305519 0.132003
 0.000020 1.750702 1.776711 2.768694 6.296107 0.088069
 0.000021 1.751717 1.766644 2.770050 6.288411 0.058733
 0.000021 1.753973 1.757604 2.771689 6.283266 0.042424
 0.000022 1.757013 1.749892 2.773549 6.280454 0.034628
 0.000022 1.761389 1.744443 2.775740 6.281573 0.037633
 0.000023 1.767385 1.741669 2.778238 6.287292 0.054959
 0.000023 1.775300 1.741510 2.780967 6.297777 0.095218
 0.000024 1.784862 1.743844 2.783960 6.312665 0.171273
 0.000024 1.795992 1.748057 2.787253 6.331302 0.297717
 0.000025 1.807505 1.753955 2.790830 6.352290 0.481694
 0.000025 1.819282 1.761296 2.794562 6.375140 0.732075
 0.000026 1.830500 1.769856 2.798414 6.398770 1.045927
 0.000026 1.840629 1.778654 2.802372 6.421655 1.403096
 0.000027 1.849373 1.787500 2.806342 6.443214 1.787494
 0.000027 1.856094 1.795795 2.810353 6.462242 2.165370
 0.000028 1.860479 1.802858 2.814375 6.477712 2.499274
 0.000028 1.862331 1.808290 2.818476 6.489098 2.760304
 0.000029 1.861935 1.811867 2.822562 6.496365 2.933700
 0.000029 1.859471 1.813271 2.826550 6.499292 3.005021
 0.000030 1.855162 1.812761 2.830443 6.498366 2.982364
 0.000030 1.849270 1.810849 2.834187 6.494307 2.884053
 0.000031 1.842008 1.808192 2.837880 6.488080 2.736449
 0.000031 1.834420 1.805079 2.841568 6.481067 2.574841
 0.000032 1.826478 1.802465 2.845269 6.474212 2.421622
 0.000032 1.818887 1.800820 2.848927 6.468634 2.300437
 0.000033 1.811897 1.800090 2.852464 6.464452 2.211594
 0.000033 1.806146 1.800605 2.855866 6.462616 2.173162
 0.000034 1.802270 1.802237 2.859177 6.463684 2.195473
 0.000034 1.800478 1.805305 2.862290 6.468072 2.288397
 0.000035 1.800429 1.809770 2.865198 6.475398 2.447796
 0.000035 1.801717 1.815090 2.867903 6.484709 2.658153
 0.000036 1.804113 1.821092 2.870412 6.495616 2.915583
 0.000036 1.807203 1.828239 2.872844 6.508287 3.229575
 0.000037 1.810244 1.835652 2.875144 6.521040 3.561842
 0.000037 1.812847 1.842875 2.877206 6.532928 3.886182
 0.000038 1.813817 1.849149 2.879032 6.541998 4.143157
 0.000038 1.812812 1.854139 2.880629 6.547580 4.305410
 0.000039 1.810076 1.857574 2.882090 6.549740 4.369033
 0.000039 1.805372 1.858913 2.883400 6.547685 4.308489
 0.000040 1.798366 1.857962 2.884572 6.540900 4.111612
 0.000040 1.789916 1.854779 2.885549 6.530244 3.811725
 0.000041 1.780655 1.849538 2.886423 6.516616 3.444729
 0.000041 1.770618 1.842645 2.887239 6.500502 3.034772
 0.000042 1.760755 1.834315 2.887970 6.483040 2.619803
 0.000042 1.751980 1.825237 2.888511 6.465728 2.238513
 0.000043 1.744917 1.815525 2.888867 6.449308 1.904575
 0.000043 1.740086 1.805777 2.889030 6.434893 1.633622
 0.000044 1.738145 1.796212 2.889075 6.423432 1.433032
 0.000044 1.739052 1.787523 2.889020 6.415595 1.303422
 0.000045 1.742627 1.780094 2.888871 6.411591 1.239575
 0.000045 1.748687 1.774303 2.888621 6.411611 1.239894
 0.000046 1.757065 1.770180 2.888342 6.415586 1.303279
 0.000046 1.767138 1.767711 2.888041 6.422890 1.423867
 0.000047 1.778710 1.766594 2.887638 6.432943 1.598561
 0.000047 1.790930 1.766552 2.887205 6.444687 1.815456
 0.000048 1.802951 1.767168 2.886664 6.456783 2.053248
 0.000048 1.814404 1.768217 2.886082 6.468704 2.301927
 0.000049 1.824560 1.769171 2.885401 6.479132 2.531119
 0.000049 1.832965 1.769447 2.884644 6.487056 2.712538
 0.000050 1.839179 1.769253 2.883808 6.492240 2.834635
 0.000050 1.843158 1.768113 2.882840 6.494111 2.879351
 0.000051 1.844894 1.766156 2.881869 6.492920 2.850841
 0.000051 1.844760 1.763503 2.880859 6.489122 2.760881
 0.000052 1.842933 1.760639 2.879696 6.483269 2.625061
 0.000052 1.839743 1.757889 2.878493 6.476125 2.463911
 0.000053 1.835932 1.755911 2.877316 6.469159 2.311708
 0.000053 1.832107 1.754962 2.876106 6.463175 2.184821
 0.000054 1.828287 1.755122 2.874858 6.458267 2.083432
 0.000054 1.825188 1.756633 2.873618 6.455439 2.026110
 0.000055 1.823060 1.759828 2.872382 6.455270 2.022710
 0.000055 1.822238 1.764784 2.871202 6.458224 2.082548
 0.000056 1.822992 1.771663 2.869977 6.464632 2.215395
 0.000056 1.825215 1.780229 2.868740 6.474185 2.421032
 0.000057 1.828883 1.790103 2.867471 6.486456 2.698581
 0.000057 1.833670 1.800920 2.866187 6.500776 3.041525
 0.000058 1.839277 1.812595 2.864833 6.516705 3.447084
 0.000058 1.845194 1.824875 2.863387 6.533455 3.900912
 0.000059 1.851269 1.837436 2.861937 6.550642 4.395728
 0.000059 1.857455 1.849787 2.860465 6.567707 4.916289
 0.000060 1.862933 1.861523 2.858946 6.583402 5.420729
 0.000060 1.867129 1.872307 2.857527 6.596963 5.876450
 0.000061 1.869370 1.881759 2.856043 6.607172 6.231650
 0.000061 1.869652 1.889687 2.854553 6.613892 6.471165
 0.000062 1.867851 1.895825 2.853016 6.616692 6.572287
 0.000062 1.863856 1.899777 2.851397 6.615030 6.512142
 0.000063 1.857888 1.901388 2.849811 6.609087 6.299444
 0.000063 1.850516 1.900814 2.848182 6.599512 5.964162
 0.000064 1.842883 1.898013 2.846472 6.587368 5.552111
 0.000064 1.835052 1.893525 2.844717 6.573294 5.093028
 0.000065 1.827415 1.887842 2.842987 6.558245 4.624045
 0.000065 1.820600 1.880870 2.841313 6.542783 4.165797
 0.000066 1.814767 1.873094 2.839612 6.527474 3.735633
 0.000066 1.810347 1.864951 2.837938 6.513237 3.356618
 0.000067 1.807702 1.856251 2.836295 6.500247 3.028496
 0.000067 1.806677 1.846835 2.834696 6.488208 2.739445
 0.000068 1.807506 1.837272 2.833176 6.477954 2.504675
 0.000068 1.810172 1.827533 2.831722 6.469427 2.317474
 0.000069 1.814523 1.817777 2.830298 6.462598 2.172779
 0.000069 1.819826 1.808234 2.828916 6.456977 2.057176
 0.000070 1.825507 1.798697 2.827619 6.451823 1.953975
 0.000070 1.831354 1.788936 2.826457 6.446747 1.854919
 0.000071 1.836731 1.779050 2.825546 6.441326 1.751976
 0.000071 1.841057 1.768589 2.824864 6.434510 1.626697
 0.000072 1.844468 1.757751 2.824350 6.426570 1.486633
 0.000072 1.846007 1.746729 2.823991 6.416727 1.321755
 0.000073 1.845321 1.735122 2.823734 6.404177 1.125586
 0.000073 1.842649 1.723320 2.823651 6.389619 0.917762
 0.000074 1.838727 1.711485 2.823702 6.373914 0.717318
 0.000074 1.833849 1.700291 2.823952 6.358091 0.540312
 0.000075 1.828359 1.689869 2.824377 6.342604 0.391313
 0.000075 1.822982 1.680202 2.824952 6.328136 0.273784
 0.000076 1.818196 1.671805 2.825727 6.315729 0.189672
 0.000076 1.814363 1.664986 2.826709 6.306058 0.134787
 0.000077 1.812040 1.660469 2.827967 6.300476 0.107359
 0.000077 1.811496 1.657998 2.829412 6.298905 0.100206
 0.000078 1.813169 1.657584 2.830958 6.301711 0.113158
 0.000078 1.816452 1.658890 2.832655 6.307997 0.145038
 0.000079 1.820708 1.661873 2.834559 6.317140 0.198464
 0.000079 1.825887 1.665670 2.836613 6.328171 0.274044
 0.000080 1.831887 1.670142 2.838786 6.340816 0.375652
 0.000080 1.838244 1.675332 2.841065 6.354641 0.505039
 0.000081 1.844068 1.680372 2.843394 6.367835 0.646348
 0.000081 1.849372 1.684759 2.845762 6.379892 0.790709
 0.000082 1.853588 1.688383 2.848174 6.390145 0.924896
 0.000082 1.856434 1.690809 2.850588 6.397831 1.032378
 0.000083 1.857731 1.692082 2.853049 6.402863 1.105953
 0.000083 1.857207 1.692614 2.855460 6.405281 1.142207
 0.000084 1.854243 1.692174 2.857950 6.404368 1.128454
 0.000084 1.849135 1.690998 2.860436 6.400568 1.072093
 0.000085 1.841900 1.689378 2.862907 6.394185 0.980662
 0.000085 1.833401 1.687485 2.865421 6.386307 0.873429
 0.000086 1.823968 1.685528 2.867893 6.377389 0.759545
 0.000086 1.814263 1.683952 2.870249 6.368464 0.653519
 0.000087 1.805358 1.683157 2.872597 6.361112 0.572177
 0.000087 1.797734 1.683008 2.874953 6.355695 0.515692
 0.000088 1.791336 1.683903 2.877204 6.352443 0.483191
 0.000088 1.786603 1.686173 2.879433 6.352209 0.480896
 0.000089 1.783824 1.689703 2.881577 6.355104 0.509707
 0.000089 1.783275 1.693831 2.883695 6.360801 0.568851
 0.000090 1.784518 1.698317 2.885750 6.368586 0.654919
 0.000090 1.787262 1.702581 2.887728 6.377571 0.761782
 0.000091 1.791494 1.706249 2.889580 6.387324 0.886928
 0.000091 1.796483 1.708884 2.891326 6.396694 1.016108
 0.000092 1.801723 1.710088 2.893050 6.404861 1.135868
 0.000092 1.806480 1.709708 2.894715 6.410903 1.228762
 0.000093 1.810379 1.707913 2.896355 6.414647 1.288154
 0.000093 1.813075 1.704746 2.897955 6.415775 1.306330
 0.000094 1.814164 1.700294 2.899485 6.413943 1.276882
 0.000094 1.813235 1.695152 2.900959 6.409346 1.204480
 0.000095 1.809801 1.689489 2.902382 6.401673 1.088326
 0.000095 1.804054 1.684320 2.903749 6.392123 0.951993
 0.000096 1.796021 1.680266 2.905112 6.381399 0.809772
 0.000096 1.786392 1.677832 2.906416 6.370639 0.678624
 0.000097 1.775770 1.677543 2.907727 6.361041 0.571412
 0.000097 1.764799 1.679694 2.908997 6.353491 0.493550
 0.000098 1.754173 1.684152 2.910292 6.348618 0.446322
 0.000098 1.744914 1.690881 2.911539 6.347334 0.434278
 0.000099 1.737119 1.699863 2.912782 6.349763 0.457209
 0.000099 1.730735 1.710573 2.914040 6.355349 0.512186
 0.000100 1.725618 1.722699 2.915250 6.363567 0.598733
 0.000100 1.721881 1.735067 2.916406 6.373353 0.710613
 0.000101 1.719532 1.746949 2.917577 6.384057 0.843950
 0.000101 1.718236 1.757856 2.918709 6.394802 0.989312
 0.000102 1.718100 1.766927 2.919823 6.404850 1.135709
 0.000102 1.719080 1.774161 2.920969 6.414210 1.281159
 0.000103 1.721167 1.779651 2.922080 6.422897 1.423987
 0.000103 1.724150 1.783347 2.923194 6.430691 1.558550
 0.000104 1.727247 1.785437 2.924323 6.437007 1.672052
 0.000104 1.729846 1.786146 2.925485 6.441477 1.754802
 0.000105 1.732016 1.786512 2.926593 6.445122 1.823744
 0.000105 1.733790 1.786818 2.927676 6.448283 1.884620
 0.000106 1.734909 1.787437 2.928724 6.451071 1.939123
 0.000106 1.735172 1.788615 2.929830 6.453617 1.989590
 0.000107 1.734545 1.790593 2.930935 6.456073 2.038887
 0.000107 1.733308 1.794249 2.932072 6.459630 2.111342
 0.000108 1.731289 1.799716 2.933171 6.464175 2.205785
 0.000108 1.729159 1.806780 2.934319 6.470258 2.335400
 0.000109 1.727293 1.815273 2.935438 6.478004 2.505805
 0.000109 1.725384 1.824940 2.936578 6.486903 2.708972
 0.000110 1.723690 1.835745 2.937767 6.497202 2.954013
 0.000110 1.722103 1.847370 2.938955 6.508428 3.233181
 0.000111 1.720861 1.859605 2.940174 6.520640 3.551169
 0.000111 1.720102 1.871821 2.941422 6.533345 3.897833
 0.000112 1.719742 1.883565 2.942746 6.546053 4.260730
 0.000112 1.719384 1.893861 2.944099 6.557344 4.596697
 0.000113 1.719076 1.901955 2.945543 6.566573 4.880789
 0.000113 1.718900 1.907302 2.947022 6.573224 5.090781
 0.000114 1.718842 1.909672 2.948503 6.577018 5.212563
 0.000114 1.719325 1.909074 2.950043 6.578442 5.258666
 0.000115 1.720685 1.905707 2.951721 6.578113 5.247980
 0.000115 1.723037 1.900034 2.953406 6.576477 5.195120
 0.000116 1.726058 1.891902 2.955201 6.573161 5.088789
 0.000116 1.729531 1.881639 2.957026 6.568196 4.931610
 0.000117 1.733885 1.870586 2.958782 6.563253 4.777617
 0.000117 1.738760 1.858925 2.960511 6.558197 4.622597
 0.000118 1.744042 1.847119 2.962262 6.553422 4.478557
 0.000118 1.749877 1.835358 2.964065 6.549301 4.356069
 0.000119 1.756271 1.824143 2.965914 6.546328 4.268752
 0.000119 1.762974 1.813839 2.967776 6.544589 4.218081
 0.000120 1.769786 1.804795 2.969665 6.544246 4.208124
 0.000120 1.776585 1.797714 2.971500 6.545800 4.253332
 0.000121 1.782999 1.792720 2.973410 6.549129 4.350988
 0.000121 1.788835 1.789771 2.975396 6.554003 4.495945
 0.000122 1.793983 1.788982 2.977427 6.560392 4.689578
 0.000122 1.797649 1.790446 2.979426 6.567521 4.910459
 0.000123 1.799754 1.793594 2.981368 6.574716 5.138503
 0.000123 1.800045 1.798076 2.983193 6.581314 5.352198
 0.000124 1.798839 1.803097 2.984861 6.586797 5.533092
 0.000124 1.795741 1.808361 2.986471 6.590573 5.659435
 0.000125 1.791189 1.813870 2.987939 6.592999 5.741329
 0.000125 1.785309 1.819399 2.989305 6.594013 5.775763
 0.000126 1.778273 1.824357 2.990513 6.593143 5.746225
 0.000126 1.770140 1.828643 2.991538 6.590321 5.650963
 0.000127 1.761304 1.831444 2.992436 6.585184 5.479583
 0.000127 1.752422 1.832821 2.993152 6.578396 5.257154
 0.000128 1.743634 1.832391 2.993670 6.569696 4.978831
 0.000128 1.735048 1.830101 2.994029 6.559178 4.652470
 0.000129 1.727201 1.826171 2.994094 6.547466 4.302077
 0.000129 1.720237 1.821225 2.993948 6.535410 3.955698
 0.000130 1.714660 1.815592 2.993632 6.523884 3.638139
 0.000130 1.710606 1.809876 2.993160 6.513643 3.367148
 0.000131 1.708971 1.804663 2.992491 6.506125 3.174872
 0.000131 1.709744 1.800991 2.991517 6.502252 3.078029
 0.000132 1.712717 1.798733 2.990328 6.501779 3.066297
 0.000132 1.717276 1.797632 2.988933 6.503841 3.117591
 0.000133 1.723196 1.798103 2.987442 6.508740 3.241115
 0.000133 1.729810 1.800132 2.985815 6.515758 3.422252
 0.000134 1.736569 1.803980 2.983971 6.524519 3.655302
 0.000134 1.742861 1.809078 2.982028 6.533968 3.915235
 0.000135 1.747933 1.814841 2.979873 6.542647 4.161876
 0.000135 1.751139 1.821324 2.977515 6.549978 4.376077
 0.000136 1.752043 1.827869 2.974895 6.554808 4.520122
 0.000136 1.750654 1.833967 2.972041 6.556662 4.576038
 0.000137 1.746722 1.839291 2.968894 6.554907 4.523117
 0.000137 1.740274 1.843344 2.965499 6.549118 4.350657
 0.000138 1.731664 1.845993 2.961935 6.539592 4.074195
 0.000138 1.721216 1.847051 2.958239 6.526506 3.709211
 0.000139 1.709774 1.846853 2.954426 6.511053 3.300263
 0.000139 1.698150 1.845261 2.950470 6.493881 2.873826
 0.000140 1.687279 1.842538 2.946378 6.476196 2.465478
 0.000140 1.677634 1.839027 2.942197 6.458857 2.095502
 0.000141 1.670219 1.834758 2.937884 6.442861 1.780826
 0.000141 1.664825 1.829850 2.933452 6.428126 1.513601
 0.000142 1.661948 1.824982 2.928900 6.415829 1.307203
 0.000142 1.661718 1.820537 2.924308 6.406563 1.161670
 0.000143 1.664014 1.816672 2.919667 6.400352 1.068933
 0.000143 1.668779 1.813264 2.914968 6.397011 1.020635
 0.000144 1.675575 1.810614 2.910174 6.396363 1.011399
 0.000144 1.684140 1.808891 2.905331 6.398362 1.040027
 0.000145 1.693888 1.808246 2.900464 6.402598 1.102015
 0.000145 1.704047 1.808345 2.895541 6.407933 1.182650
 0.000146 1.713778 1.808423 2.890600 6.412800 1.258689
 0.000146 1.722561 1.808674 2.885717 6.416952 1.325421
 0.000147 1.729563 1.809023 2.880883 6.419469 1.366721
 0.000147 1.734514 1.808653 2.876115 6.419282 1.363632
 0.000148 1.736614 1.807488 2.871375 6.415477 1.301518
 0.000148 1.735514 1.805369 2.866582 6.407465 1.175461
 0.000149 1.731756 1.802386 2.861759 6.395901 1.004837
 0.000149 1.726230 1.798585 2.856912 6.381728 0.813955
 0.000150 1.719110 1.794238 2.852095 6.365443 0.619446
 0.000150 1.711031 1.789567 2.847275 6.347873 0.439312
 0.000151 1.702978 1.784959 2.842481 6.330418 0.290930
 0.000151 1.695583 1.781083 2.837639 6.314306 0.181008
 0.000152 1.689653 1.777949 2.832874 6.300476 0.107360
 0.000152 1.685884 1.775625 2.828319 6.289828 0.063687
 0.000153 1.685069 1.774630 2.824022 6.283721 0.043758
 0.000153 1.687623 1.774827 2.819940 6.282390 0.039910
 0.000154 1.693423 1.775945 2.816016 6.285384 0.048817
 0.000154 1.702114 1.777904 2.812354 6.292372 0.073094
 0.000155 1.713496 1.780697 2.808861 6.303054 0.119639
 0.000155 1.726596 1.783645 2.805557 6.315798 0.190098
 0.000156 1.740961 1.786166 2.802404 6.329532 0.284212
 0.000156 1.756285 1.788475 2.799401 6.344161 0.405212
 0.000157 1.771637 1.790044 2.796553 6.358235 0.541807
 0.000157 1.786101 1.791363 2.793867 6.371331 0.686714
 0.000158 1.798252 1.791937 2.791367 6.381555 0.811761
 0.000158 1.807449 1.791458 2.789019 6.387926 0.894967
 0.000159 1.813586 1.790291 2.786769 6.390646 0.931723
 0.000159 1.816651 1.788499 2.784695 6.389845 0.920822
 0.000160 1.816540 1.786370 2.782861 6.385772 0.866374
 0.000160 1.813750 1.783967 2.781160 6.378876 0.777981
 0.000161 1.808647 1.781284 2.779544 6.369475 0.665132
 0.000161 1.801838 1.778730 2.778081 6.358649 0.546127
 0.000162 1.794226 1.776726 2.776811 6.347763 0.438285
 0.000162 1.786952 1.775891 2.775708 6.338550 0.356273
 0.000163 1.781063 1.776199 2.774808 6.332070 0.303673
 0.000163 1.777136 1.777548 2.773954 6.328638 0.277510
 0.000164 1.775706 1.779958 2.773214 6.328878 0.279303
 0.000164 1.777218 1.783563 2.772709 6.333490 0.314840
 0.000165 1.781402 1.788002 2.772378 6.341783 0.384079
 0.000165 1.788021 1.792493 2.772288 6.352802 0.486730
 0.000166 1.796642 1.797046 2.772362 6.366050 0.626215
 0.000166 1.806803 1.801401 2.772567 6.380771 0.801795
 0.000167 1.817860 1.805610 2.772897 6.396367 1.011452
 0.000167 1.828860 1.808907 2.773397 6.411164 1.232862
 0.000168 1.838920 1.810862 2.774092 6.423874 1.440518
 0.000168 1.846797 1.811458 2.775020 6.433275 1.604509
 0.000169 1.851849 1.810478 2.776117 6.438443 1.698424
 0.000169 1.853373 1.808118 2.777390 6.438881 1.706507
 0.000170 1.851279 1.804119 2.778872 6.434271 1.622390
 0.000170 1.846085 1.799001 2.780488 6.425574 1.469517
 0.000171 1.837713 1.793217 2.782254 6.413185 1.264792
 0.000171 1.826373 1.787421 2.784176 6.397970 1.034384
 0.000172 1.813173 1.782406 2.786269 6.381848 0.815488
 0.000172 1.799144 1.778328 2.788548 6.366020 0.625878
 0.000173 1.785305 1.775287 2.790895 6.351487 0.473838
 0.000173 1.772863 1.773973 2.793372 6.340209 0.370411
 0.000174 1.762647 1.775019 2.795978 6.333645 0.316066
 0.000174 1.755231 1.778114 2.798649 6.331993 0.303074
 0.000175 1.750579 1.783102 2.801370 6.335051 0.327350
 0.000175 1.749300 1.789441 2.804186 6.342927 0.394176
 0.000176 1.751167 1.797041 2.807075 6.355283 0.511518
 0.000176 1.756350 1.805814 2.809987 6.372151 0.696354
 0.000177 1.763916 1.814636 2.813041 6.391593 0.944688
 0.000177 1.773293 1.822947 2.816113 6.412353 1.251598
 0.000178 1.783670 1.829697 2.819232 6.432599 1.592412
 0.000178 1.794033 1.834170 2.822347 6.450550 1.928881
 0.000179 1.803675 1.835856 2.825484 6.465015 2.223455
 0.000179 1.812262 1.835107 2.828591 6.475960 2.460258
 0.000180 1.819294 1.831916 2.831686 6.482896 2.616512
 0.000180 1.824449 1.826532 2.834659 6.485640 2.679668
 0.000181 1.827658 1.819477 2.837444 6.484579 2.655154
 0.000181 1.829080 1.811523 2.840090 6.480693 2.566368
 0.000182 1.829303 1.803589 2.842592 6.475484 2.449708
 0.000182 1.829001 1.796075 2.844895 6.469971 2.329195
 0.000183 1.828495 1.789331 2.847011 6.464838 2.219721
 0.000183 1.828329 1.784094 2.848950 6.461373 2.147327
 0.000184 1.828945 1.781085 2.850662 6.460692 2.133237
 0.000184 1.830346 1.780441 2.852049 6.462837 2.177756
 0.000185 1.833018 1.782569 2.853062 6.468649 2.300746
 0.000185 1.837556 1.787528 2.853910 6.478994 2.528015
 0.000186 1.843855 1.794902 2.854550 6.493307 2.860099
 0.000186 1.851818 1.804435 2.854955 6.511208 3.304241
 0.000187 1.861275 1.815635 2.855015 6.531925 3.858294
 0.000187 1.871549 1.827826 2.854768 6.554143 4.500153
 0.000188 1.882710 1.840129 2.854253 6.577093 5.214983
 0.000188 1.894715 1.851626 2.853505 6.599846 5.975692
 0.000189 1.906557 1.861774 2.852530 6.620861 6.724294
 0.000189 1.917396 1.870151 2.851313 6.638860 7.400538
 0.000190 1.927190 1.875897 2.849827 6.652915 7.951138
 0.000190 1.935682 1.878914 2.848081 6.662677 8.345199
 0.000191 1.942724 1.879168 2.846079 6.667971 8.562885
 0.000191 1.947910 1.876204 2.843740 6.667854 8.558058
 0.000192 1.951118 1.870649 2.841081 6.662848 8.352199
 0.000192 1.951850 1.863046 2.838151 6.653047 7.956424
 0.000193 1.949742 1.853967 2.834920 6.638630 7.391695
 0.000193 1.945720 1.844090 2.831436 6.621246 6.738422
 0.000194 1.940649 1.834044 2.827791 6.602484 6.067245
 0.000194 1.934432 1.824431 2.824016 6.582880 5.403554
 0.000195 1.927449 1.815817 2.820153 6.563419 4.782743
 0.000195 1.920157 1.808906 2.816239 6.545303 4.238852
 0.000196 1.912636 1.804213 2.812287 6.529136 3.781195
 0.000196 1.904874 1.801984 2.808200 6.515058 3.403964
 0.000197 1.897216 1.802277 2.804009 6.503503 3.109134
 0.000197 1.889941 1.805280 2.799765 6.494987 2.900421
 0.000198 1.882823 1.810926 2.795534 6.489283 2.764668
 0.000198 1.876454 1.819011 2.791308 6.486774 2.705966
 0.000199 1.870362 1.828848 2.787164 6.486374 2.696689
 0.000199 1.864664 1.839409 2.783158 6.487231 2.716619
 0.000200 1.859012 1.850013 2.779218 6.488242 2.740244
 0.000200 1.853468 1.859831 2.775449 6.488748 2.752087
 0.000201 1.847825 1.868036 2.771795 6.487656 2.726536
 0.000201 1.841877 1.873882 2.768152 6.483910 2.639765
 0.000202 1.835419 1.876472 2.764661 6.476552 2.473399
 0.000202 1.828461 1.875399 2.761360 6.465221 2.227797
 0.000203 1.820981 1.870484 2.758263 6.449728 1.912766
 0.000203 1.812830 1.861887 2.755330 6.430047 1.547197
 0.000204 1.804444 1.849912 2.752527 6.406884 1.166562
 0.000204 1.795995 1.835763 2.749994 6.381753 0.814279
 0.000205 1.787933 1.820092 2.747748 6.355773 0.516488
 0.000205 1.780602 1.804398 2.745784 6.330784 0.293727
 0.000206 1.774514 1.789723 2.744101 6.308338 0.146883
 0.000206 1.770005 1.777125 2.742677 6.289807 0.063614
 0.000207 1.767684 1.767238 2.741521 6.276442 0.024874
 0.000207 1.767667 1.760618 2.740634 6.268919 0.010924
 0.000208 1.769927 1.757897 2.740071 6.267895 0.009463
 0.000208 1.773816 1.758914 2.739763 6.272492 0.016843
 0.000209 1.779156 1.763153 2.739698 6.282007 0.038834
 0.000209 1.784850 1.769854 2.739948 6.294653 0.082072
 0.000210 1.790414 1.778795 2.740428 6.309636 0.154004
 0.000210 1.795538 1.789454 2.741173 6.326165 0.259396
 0.000211 1.799708 1.800902 2.742167 6.342777 0.392841
 0.000211 1.802624 1.811875 2.743286 6.357785 0.537137
 0.000212 1.803948 1.821178 2.744514 6.369640 0.667040
 0.000212 1.803854 1.828551 2.745970 6.378375 0.771737
 0.000213 1.802707 1.832989 2.747652 6.383347 0.834746
 0.000213 1.800590 1.833781 2.749448 6.383819 0.840854
 0.000214 1.797943 1.831306 2.751352 6.380601 0.799646
 0.000214 1.795806 1.826117 2.753434 6.375357 0.734704
 0.000215 1.794825 1.818459 2.755610 6.368894 0.658443
 0.000215 1.795837 1.809384 2.757902 6.363123 0.593882
 0.000216 1.799426 1.799659 2.760300 6.359385 0.553850
 0.000216 1.805448 1.790270 2.762773 6.358491 0.544482
 0.000217 1.813764 1.782095 2.765306 6.361166 0.572748
 0.000217 1.824125 1.775536 2.767876 6.367537 0.642964
 0.000218 1.836342 1.770737 2.770501 6.377580 0.761902
 0.000218 1.849842 1.768510 2.773210 6.391563 0.944276
 0.000219 1.863953 1.768604 2.775940 6.408497 1.191334
 0.000219 1.877969 1.771314 2.778699 6.427982 1.511091
 0.000220 1.891265 1.775866 2.781466 6.448597 1.890713
 0.000220 1.903174 1.782071 2.784223 6.469468 2.318342
 0.000221 1.913307 1.789678 2.786974 6.489958 2.780562
 0.000221 1.920873 1.798062 2.789579 6.508514 3.235364
 0.000222 1.926067 1.806345 2.792029 6.524441 3.653199
 0.000222 1.927989 1.813865 2.794340 6.536194 3.977787
 0.000223 1.926739 1.820481 2.796511 6.543732 4.193232
 0.000223 1.922673 1.825672 2.798463 6.546807 4.282766
 0.000224 1.916006 1.829041 2.800201 6.545247 4.237238
 0.000224 1.907018 1.830121 2.801795 6.538935 4.055462
 0.000225 1.896617 1.828823 2.803240 6.528680 3.768676
 0.000225 1.885830 1.825580 2.804492 6.515903 3.426037
 0.000226 1.875319 1.820904 2.805614 6.501837 3.067734
 0.000226 1.865351 1.814895 2.806599 6.486845 2.707631
 0.000227 1.856594 1.808323 2.807444 6.472361 2.381063
 0.000227 1.848965 1.801244 2.808157 6.458366 2.085448
 0.000228 1.842232 1.794243 2.808787 6.445262 1.826424
 0.000228 1.836344 1.787659 2.809298 6.433300 1.604957
 0.000229 1.831034 1.781383 2.809724 6.422141 1.411245
 0.000229 1.826519 1.776024 2.810087 6.412629 1.255973
 0.000230 1.822452 1.771751 2.810370 6.404574 1.131556
 0.000230 1.818595 1.768527 2.810580 6.397701 1.030516
 0.000231 1.814613 1.766130 2.810686 6.391429 0.942436
 0.000231 1.809772 1.764525 2.810720 6.385017 0.856465
 0.000232 1.803618 1.764467 2.810636 6.378721 0.776049
 0.000232 1.796292 1.765626 2.810564 6.372481 0.700259
 0.000233 1.787240 1.767675 2.810500 6.365415 0.619134
 0.000233 1.776080 1.770131 2.810490 6.356700 0.525953
 0.000234 1.763040 1.773078 2.810523 6.346642 0.427847
 0.000234 1.747717 1.775515 2.810634 6.333866 0.317827
 0.000235 1.731144 1.777058 2.810754 6.318955 0.210065
 0.000235 1.714018 1.777560 2.810840 6.302419 0.116551
 0.000236 1.696979 1.776972 2.811025 6.284976 0.047549
 0.000236 1.680780 1.775169 2.811399 6.267347 0.008724
 0.000237 1.666228 1.772608 2.811905 6.250741 0.000577
 0.000237 1.654404 1.769647 2.812525 6.236576 0.015421
 0.000238 1.646287 1.766871 2.813164 6.226322 0.038687
 0.000238 1.642093 1.764260 2.813851 6.220204 0.057576
 0.000239 1.641757 1.762160 2.814726 6.218643 0.062994
 0.000239 1.645235 1.761052 2.815808 6.222095 0.051338
 0.000240 1.652211 1.760849 2.817087 6.230147 0.028779
 0.000240 1.661398 1.761640 2.818663 6.241701 0.007733
 0.000241 1.672123 1.762904 2.820544 6.255571 0.000103
 0.000241 1.683657 1.764717 2.822708 6.271082 0.014355
 0.000242 1.694425 1.766866 2.825145 6.286435 0.052156
 0.000242 1.703471 1.769438 2.827834 6.300743 0.108604
 0.000243 1.709887 1.772316 2.830745 6.312948 0.172929
 0.000243 1.712932 1.775710 2.833813 6.322455 0.233362
 0.000244 1.712436 1.779662 2.837012 6.329110 0.281039
 0.000244 1.708671 1.784159 2.840407 6.333236 0.312829
 0.000245 1.701945 1.789343 2.843891 6.335178 0.328376
 0.000245 1.693299 1.795238 2.847479 6.336016 0.335201
 0.000246 1.683896 1.802160 2.851243 6.337298 0.345781
 0.000246 1.675067 1.810140 2.855132 6.340338 0.371524
 0.000247 1.667701 1.819195 2.859162 6.346058 0.422464
 0.000247 1.662631 1.829254 2.863399 6.355284 0.511529
 0.000248 1.660485 1.840446 2.867824 6.368755 0.656857
 0.000248 1.661815 1.852755 2.872392 6.386962 0.882113
 0.000249 1.666643 1.865371 2.877122 6.409135 1.201210
 0.000249 1.674902 1.877739 2.882060 6.434700 1.630140
 0.000250 1.686200 1.889902 2.887189 6.463290 2.187228
 0.000250 1.700210 1.901560 2.892428 6.494198 2.881442
 0.000251 1.716503 1.912070 2.897687 6.526260 3.702510
 0.000251 1.733825 1.920818 2.902944 6.557587 4.604066
 0.000252 1.751087 1.927323 2.908284 6.586694 5.529692
 0.000252 1.767312 1.931694 2.913624 6.612630 6.425834
 0.000253 1.781877 1.933338 2.919022 6.634236 7.223721
 0.000253 1.794034 1.932538 2.924432 6.651004 7.875135
 0.000254 1.803218 1.928914 2.929790 6.661922 8.314406
 0.000254 1.809364 1.922927 2.935078 6.667368 8.537952
 0.000255 1.811880 1.914801 2.940283 6.666965 8.521297
 0.000255 1.811222 1.905147 2.945388 6.661756 8.307626
 0.000256 1.807579 1.894643 2.950321 6.652543 7.936317
 0.000256 1.801434 1.883467 2.955058 6.639958 7.442873
 0.000257 1.793616 1.871976 2.959692 6.625284 6.887465
 0.000257 1.784777 1.860708 2.964118 6.609603 6.317760
 0.000258 1.775527 1.850022 2.968439 6.593987 5.774886
 0.000258 1.766350 1.840307 2.972739 6.579397 5.289666
 0.000259 1.757611 1.831110 2.976899 6.565621 4.851077
 0.000259 1.749669 1.822910 2.980950 6.553530 4.481768
 0.000260 1.743287 1.815645 2.984838 6.543771 4.194355
 0.000260 1.739004 1.809852 2.988559 6.537415 4.012300
 0.000261 1.737062 1.805284 2.992118 6.534464 3.929131
 0.000261 1.737881 1.801797 2.995594 6.535272 3.951828
 0.000262 1.741425 1.799843 2.998877 6.540144 4.089987
 0.000262 1.747517 1.798718 3.002010 6.548245 4.324940
 0.000263 1.755237 1.797575 3.005038 6.557850 4.612047
 0.000263 1.764041 1.796290 3.007883 6.568215 4.932226
 0.000264 1.773339 1.794177 3.010576 6.578092 5.247323
 0.000264 1.782101 1.790642 3.013109 6.585852 5.501705
 0.000265 1.789433 1.785524 3.015482 6.590439 5.654922
 0.000265 1.794606 1.779251 3.017701 6.591558 5.692619
 0.000266 1.797318 1.771964 3.019816 6.589098 5.609918
 0.000266 1.797407 1.764300 3.021854 6.583562 5.425999
 0.000267 1.794425 1.756585 3.023733 6.574743 5.139374
 0.000267 1.788689 1.749462 3.025400 6.563551 4.786838
 0.000268 1.780907 1.743294 3.026881 6.551083 4.408819
 0.000268 1.771375 1.738243 3.028195 6.537813 4.023585
 0.000269 1.760900 1.734843 3.029384 6.525127 3.671746
 0.000269 1.750428 1.733487 3.030479 6.514394 3.386664
 0.000270 1.740436 1.734509 3.031466 6.506411 3.182084
 0.000270 1.731955 1.737668 3.032288 6.501911 3.069576
 0.000271 1.725631 1.743420 3.033021 6.502073 3.073580
 0.000271 1.721862 1.751231 3.033662 6.506755 3.190771
 0.000272 1.720535 1.760838 3.034111 6.515484 3.415096
 0.000272 1.721964 1.771578 3.034398 6.527941 3.748403
 0.000273 1.725752 1.782857 3.034465 6.543075 4.174225
 0.000273 1.731549 1.794006 3.034359 6.559915 4.674977
 0.000274 1.738717 1.804219 3.034122 6.577058 5.213854
 0.000274 1.746888 1.812893 3.033740 6.593522 5.759086
 0.000275 1.755455 1.819317 3.033187 6.607959 6.259470
 0.000275 1.763531 1.823386 3.032501 6.619418 6.671486
 0.000276 1.770626 1.824865 3.031683 6.627175 6.957833
 0.000276 1.776603 1.822963 3.030692 6.630257 7.073295
 0.000277 1.781623 1.817457 3.029545 6.628625 7.012026
 0.000277 1.785154 1.808155 3.028238 6.621547 6.749466
 0.000278 1.787114 1.795695 3.026863 6.609673 6.320250
 0.000278 1.787704 1.780369 3.025427 6.593501 5.758348
 0.000279 1.787314 1.762922 3.023837 6.574073 5.117910
 0.000279 1.786089 1.744527 3.022090 6.552707 4.457175
 0.000280 1.784700 1.725688 3.020303 6.530691 3.824086
 0.000280 1.783518 1.707408 3.018495 6.509421 3.258480
 0.000281 1.782971 1.690061 3.016609 6.489641 2.773090
 0.000281 1.783355 1.673902 3.014664 6.471921 2.371470
 0.000282 1.785015 1.659699 3.012653 6.457367 2.065099
 0.000282 1.787947 1.647692 3.010456 6.446095 1.842378
 0.000283 1.792550 1.638555 3.008166 6.439271 1.713720
 0.000283 1.798211 1.632263 3.005976 6.436449 1.661875
 0.000284 1.804408 1.628491 3.003821 6.436720 1.666806
 0.000284 1.810398 1.626656 3.001548 6.438602 1.701356
 0.000285 1.815306 1.626501 2.999239 6.441045 1.746722
 0.000285 1.819306 1.627607 2.996975 6.443889 1.800268
 0.000286 1.821500 1.629145 2.994688 6.445333 1.827781
 0.000286 1.821596 1.630359 2.992382 6.444337 1.808787
 0.000287 1.819549 1.630434 2.990097 6.440079 1.728705
 0.000287 1.814640 1.628364 2.987895 6.430899 1.562218
 0.000288 1.807390 1.623633 2.985800 6.416823 1.323328
 0.000288 1.797922 1.616494 2.983750 6.398166 1.037202
 0.000289 1.786779 1.607035 2.981754 6.375568 0.737261
 0.000289 1.774612 1.595527 2.979850 6.349989 0.459367
 0.000290 1.762021 1.582615 2.978071 6.322707 0.235086
 0.000290 1.750183 1.569246 2.976448 6.295877 0.087109
 0.000291 1.739622 1.556545 2.974990 6.271158 0.014484
 0.000291 1.731057 1.545553 2.973624 6.250234 0.000762
 0.000292 1.725198 1.536686 2.972350 6.234234 0.019808
 0.000292 1.722533 1.530290 2.971306 6.224130 0.045025
 0.000293 1.723100 1.527572 2.970455 6.221127 0.054488
 0.000293 1.726302 1.528318 2.969688 6.224308 0.044490
 0.000294 1.731776 1.532334 2.969020 6.233129 0.022068
 0.000294 1.739159 1.539290 2.968559 6.247008 0.002542
 0.000295 1.747472 1.548563 2.968332 6.264367 0.005232
 0.000295 1.755869 1.559218 2.968291 6.283378 0.042748
 0.000296 1.763392 1.569864 2.968392 6.301647 0.112854
 0.000296 1.768982 1.579275 2.968715 6.316972 0.197403
 0.000297 1.772391 1.586649 2.969252 6.328292 0.274938
 0.000297 1.773107 1.591599 2.970080 6.334785 0.325199
 0.000298 1.771247 1.593595 2.971047 6.335889 0.334160
 0.000298 1.767160 1.592716 2.972227 6.332103 0.303926
 0.000299 1.761273 1.589423 2.973571 6.324267 0.245902
 0.000299 1.754415 1.584344 2.975106 6.313865 0.178364
 0.000300 1.747068 1.578727 2.976837 6.302632 0.117584
 0.000300 1.739775 1.573504 2.978733 6.292012 0.071721
 0.000301 1.733886 1.569738 2.980798 6.284423 0.045859
 0.000301 1.730365 1.567877 2.983089 6.281330 0.036972
 0.000302 1.729458 1.568053 2.985495 6.283006 0.041668
 0.000302 1.731690 1.570624 2.987983 6.290297 0.065376
 0.000303 1.737160 1.576032 2.990594 6.303786 0.123247
 0.000303 1.745304 1.584252 2.993337 6.322893 0.236364
 0.000304 1.756205 1.594855 2.996231 6.347290 0.433868
 0.000304 1.769387 1.606794 2.999292 6.375473 0.736109
 0.000305 1.784656 1.619736 3.002537 6.406929 1.167259
 0.000305 1.800824 1.633269 3.005852 6.439945 1.726204
 0.000306 1.816937 1.646429 3.009193 6.472558 2.385376
 0.000306 1.832335 1.658535 3.012500 6.503370 3.105819
 0.000307 1.845938 1.668751 3.015800 6.530490 3.818516
 0.000307 1.857453 1.676346 3.019039 6.552838 4.461086
 0.000308 1.866433 1.681145 3.022178 6.569756 4.980740
 0.000308 1.872063 1.683683 3.025182 6.580928 5.339584
 0.000309 1.874490 1.684120 3.028128 6.586738 5.531144
 0.000309 1.874040 1.682766 3.030985 6.587792 5.566248
 0.000310 1.871394 1.680343 3.033637 6.585374 5.485854
 0.000310 1.866891 1.677704 3.036147 6.580742 5.333518
 0.000311 1.860975 1.675817 3.038517 6.575309 5.157535
 0.000311 1.854441 1.674958 3.040652 6.570050 4.990033
 0.000312 1.847510 1.675539 3.042576 6.565625 4.851211
 0.000312 1.840549 1.678071 3.044291 6.562911 4.767051
 0.000313 1.833978 1.683076 3.045808 6.562862 4.765540
 0.000313 1.828242 1.691088 3.047141 6.566471 4.877603
 0.000314 1.823422 1.701834 3.048249 6.573505 5.099767
 0.000314 1.819612 1.715416 3.049113 6.584141 5.445095
 0.000315 1.817051 1.731118 3.049700 6.597869 5.907561
 0.000315 1.815628 1.748449 3.050005 6.614082 6.477979
 0.000316 1.815061 1.766687 3.050069 6.631817 7.132067
 0.000316 1.814991 1.785146 3.049875 6.650012 7.835819
 0.000317 1.815311 1.803154 3.049262 6.667727 8.552806
 0.000317 1.815486 1.820365 3.048200 6.684050 9.241238
 0.000318 1.814899 1.836082 3.046800 6.697780 9.840917
 0.000318 1.813410 1.849746 3.045022 6.708178 10.307622
 0.000319 1.810692 1.860899 3.042789 6.714380 10.591124
 0.000319 1.806646 1.869254 3.040178 6.716078 10.669424
 0.000320 1.801376 1.874810 3.037175 6.713360 10.544253
 0.000320 1.794988 1.877269 3.033853 6.706110 10.213960
 0.000321 1.787700 1.876907 3.030227 6.694834 9.710629
 0.000321 1.779588 1.874468 3.026315 6.680371 9.083747
 0.000322 1.771207 1.870344 3.022128 6.663679 8.386194
 0.000322 1.762689 1.865351 3.017673 6.645713 7.666546
 0.000323 1.754736 1.860616 3.012895 6.628247 6.997891
 0.000323 1.747362 1.856732 3.007878 6.611973 6.402290
 0.000324 1.741341 1.853958 3.002620 6.597919 5.909273
 0.000324 1.736766 1.852771 2.997114 6.586651 5.528259
 0.000325 1.733861 1.853488 2.991402 6.578752 5.268713
 0.000325 1.733083 1.856437 2.985514 6.575033 5.148690
 0.000326 1.733890 1.861516 2.979435 6.574841 5.142528
 0.000326 1.735880 1.868358 2.973185 6.577422 5.225627
 0.000327 1.738896 1.876822 2.966664 6.582383 5.387229
 0.000327 1.742597 1.886391 2.959954 6.588942 5.604683
 0.000328 1.746768 1.896636 2.953091 6.596494 5.860388
 0.000328 1.751081 1.906906 2.946164 6.604150 6.125434
 0.000329 1.754737 1.916589 2.939250 6.610575 6.352377
 0.000329 1.757780 1.924629 2.932289 6.614698 6.500190
 0.000330 1.759606 1.930107 2.925241 6.614953 6.509387
 0.000330 1.760124 1.932915 2.918106 6.611145 6.372719
 0.000331 1.759065 1.932556 2.910909 6.602531 6.068878
 0.000331 1.756596 1.928542 2.903678 6.588816 5.600470
 0.000332 1.752870 1.920756 2.896534 6.570161 4.993517
 0.000332 1.748395 1.909675 2.889369 6.547440 4.301301
 0.000333 1.743298 1.896019 2.882279 6.521596 3.576688
 0.000333 1.737963 1.880531 2.875215 6.493709 2.869705
 0.000334 1.733044 1.863698 2.868294 6.465037 2.223917
 0.000334 1.729333 1.846926 2.861472 6.437730 1.685309
 0.000335 1.727005 1.831652 2.854713 6.413370 1.267745
 0.000335 1.726219 1.818774 2.848228 6.393221 0.967201
 0.000336 1.726774 1.808721 2.842086 6.377580 0.761898
 0.000336 1.728920 1.802026 2.836176 6.367122 0.638267
 0.000337 1.732651 1.799350 2.830533 6.362534 0.587486
 0.000337 1.737988 1.801089 2.825258 6.364335 0.607166
 0.000338 1.744356 1.806870 2.820335 6.371561 0.689408
 0.000338 1.751519 1.816273 2.815733 6.383524 0.837042
 0.000339 1.758865 1.828563 2.811340 6.398768 1.045886
 0.000339 1.765437 1.842365 2.807172 6.414973 1.293398
 0.000340 1.770885 1.856803 2.803295 6.430984 1.563720
 0.000340 1.774623 1.870526 2.799716 6.444865 1.818844
 0.000341 1.776115 1.882365 2.796302 6.454782 2.012901
 0.000341 1.774684 1.891472 2.793042 6.459198 2.102485
 0.000342 1.770213 1.897132 2.790013 6.457358 2.064910
 0.000342 1.763131 1.899192 2.787311 6.449634 1.910944
 0.000343 1.754129 1.897812 2.784925 6.436866 1.669480
 0.000343 1.743541 1.893393 2.782814 6.419748 1.371342
 0.000344 1.731561 1.886836 2.780901 6.399299 1.053582
 0.000344 1.718837 1.879227 2.779269 6.377333 0.758849
 0.000345 1.706205 1.871411 2.777994 6.355610 0.514828
 0.000345 1.694482 1.863996 2.776931 6.335409 0.330247
 0.000346 1.683945 1.857751 2.776175 6.317871 0.203096
 0.000346 1.675290 1.853931 2.775715 6.304936 0.129020
 0.000347 1.669092 1.852544 2.775520 6.297156 0.092528
 0.000347 1.665632 1.853987 2.775640 6.295260 0.084550
 0.000348 1.664951 1.857988 2.776125 6.299064 0.100919
 0.000348 1.666960 1.863710 2.777011 6.307681 0.143345
 0.000349 1.671010 1.871449 2.778199 6.320658 0.221245
 0.000349 1.676886 1.880776 2.779604 6.337266 0.345518
 0.000350 1.683742 1.891132 2.781270 6.356144 0.520259
 0.000350 1.690845 1.901754 2.783062 6.375661 0.738391
 0.000351 1.696978 1.911666 2.784961 6.393605 0.972560
 0.000351 1.701989 1.920069 2.787019 6.409077 1.200307
 0.000352 1.705090 1.926103 2.789214 6.420407 1.382272
 0.000352 1.706077 1.929354 2.791571 6.427002 1.494098
 0.000353 1.704942 1.929540 2.794015 6.428497 1.520056
 0.000353 1.701743 1.926768 2.796424 6.424935 1.458584
 0.000354 1.697233 1.921150 2.798765 6.417148 1.328612
 0.000354 1.691993 1.912937 2.801077 6.406007 1.153203
 0.000355 1.686592 1.903021 2.803283 6.392896 0.962691
 0.000355 1.681791 1.892249 2.805419 6.379459 0.785266
 0.000356 1.678804 1.881638 2.807472 6.367914 0.647253
 0.000356 1.677964 1.872110 2.809463 6.359538 0.555459
 0.000357 1.679669 1.864290 2.811303 6.355262 0.511308
 0.000357 1.683889 1.858566 2.813050 6.355505 0.513764
 0.000358 1.690780 1.855030 2.814681 6.360491 0.565545
 0.000358 1.700170 1.853826 2.816242 6.370237 0.673955
 0.000359 1.711692 1.854686 2.817753 6.384131 0.844916
 0.000359 1.725116 1.857490 2.819124 6.401730 1.089178
 0.000360 1.740007 1.861745 2.820326 6.422078 1.410198
 0.000360 1.755473 1.866606 2.821383 6.443462 1.792172
 0.000361 1.770545 1.871511 2.822293 6.464349 2.209431
 0.000361 1.784307 1.875966 2.823023 6.483296 2.625680
 0.000362 1.795952 1.879443 2.823520 6.498914 2.995768
 0.000362 1.804890 1.881529 2.823832 6.510251 3.279706
 0.000363 1.811016 1.881872 2.823866 6.516754 3.448365
 0.000363 1.814366 1.880127 2.823691 6.518183 3.485990
 0.000364 1.815213 1.876329 2.823241 6.514782 3.396771
 0.000364 1.813628 1.870662 2.822581 6.506870 3.193679
 0.000365 1.810085 1.863159 2.821795 6.495039 2.901655
 0.000365 1.805376 1.854138 2.820851 6.480365 2.558923
 0.000366 1.800349 1.844233 2.819751 6.464333 2.209100
 0.000366 1.795803 1.834298 2.818527 6.448628 1.891315
 0.000367 1.792111 1.824752 2.817301 6.434164 1.620468
 0.000367 1.789812 1.816439 2.816029 6.422281 1.413602
 0.000368 1.789298 1.809929 2.814763 6.413990 1.277634
 0.000368 1.790315 1.805713 2.813436 6.409464 1.206310
 0.000369 1.793453 1.803768 2.812085 6.409306 1.203852
 0.000369 1.798379 1.803717 2.810728 6.412824 1.259061
 0.000370 1.804939 1.805326 2.809452 6.419717 1.370824
 0.000370 1.812358 1.808466 2.808275 6.429099 1.530566
 0.000371 1.820164 1.812737 2.807158 6.440060 1.728345
 0.000371 1.828213 1.817875 2.806191 6.452280 1.963005
 0.000372 1.835983 1.823051 2.805345 6.464379 2.210056
 0.000372 1.842856 1.828166 2.804664 6.475687 2.454195
 0.000373 1.848466 1.832814 2.804173 6.485453 2.675338
 0.000373 1.851756 1.836506 2.803818 6.492079 2.830803
 0.000374 1.852402 1.839023 2.803583 6.495008 2.900927
 0.000374 1.850329 1.839817 2.803454 6.493600 2.867111
 0.000375 1.845722 1.838950 2.803439 6.488111 2.737167
 0.000375 1.838342 1.836695 2.803602 6.478639 2.520043
 0.000376 1.828611 1.833090 2.803877 6.465578 2.235345
 0.000376 1.817808 1.828685 2.804331 6.450824 1.934278
 0.000377 1.806689 1.823680 2.805050 6.435419 1.643144
 0.000377 1.795680 1.818165 2.806008 6.419853 1.373070
 0.000378 1.785489 1.812713 2.807155 6.405356 1.143349
 0.000378 1.777110 1.807736 2.808504 6.393350 0.968999
 0.000379 1.771346 1.803779 2.810050 6.385175 0.858537
 0.000379 1.768524 1.800897 2.811846 6.381267 0.808095
 0.000380 1.768560 1.798805 2.813872 6.381238 0.807720
 0.000380 1.771228 1.797327 2.816096 6.384651 0.851682
 0.000381 1.776515 1.796867 2.818516 6.391898 0.948888
 0.000381 1.783867 1.797074 2.821175 6.402117 1.094887
 0.000382 1.793222 1.797982 2.824046 6.415250 1.297847
 0.000382 1.803438 1.799222 2.827017 6.429677 1.540698
 0.000383 1.813582 1.800052 2.830152 6.443786 1.798310
 0.000383 1.822944 1.799856 2.833389 6.456189 2.041231
 0.000384 1.830621 1.798838 2.836756 6.466215 2.248838
 0.000384 1.835863 1.796703 2.840275 6.472840 2.391538
 0.000385 1.838462 1.793648 2.843891 6.476001 2.461167
 0.000385 1.838051 1.789718 2.847616 6.475385 2.447515
 0.000386 1.834428 1.784714 2.851464 6.470606 2.342918
 0.000386 1.828507 1.779207 2.855605 6.463319 2.187846
 0.000387 1.821091 1.773099 2.859956 6.454146 2.000170
 0.000387 1.813105 1.766938 2.864356 6.444399 1.809968
 0.000388 1.805258 1.760917 2.868861 6.435036 1.636209
 0.000388 1.798280 1.755551 2.873457 6.427288 1.499050
 0.000389 1.793392 1.751796 2.878059 6.423247 1.429901
 0.000389 1.790715 1.749498 2.882574 6.422787 1.422120
 0.000390 1.790274 1.748772 2.887150 6.426197 1.480211
 0.000390 1.792988 1.749426 2.891766 6.434179 1.620740
 0.000391 1.798632 1.751271 2.896430 6.446333 1.846949
 0.000391 1.806678 1.754002 2.901086 6.461767 2.155491
 0.000392 1.816885 1.757117 2.905701 6.479704 2.544001
 0.000392 1.829066 1.760680 2.910198 6.499943 3.021013
 0.000393 1.842323 1.763941 2.914562 6.520827 3.556150
 0.000393 1.855825 1.766616 2.918826 6.541266 4.122134
 0.000394 1.868554 1.768197 2.922912 6.559663 4.667273
 0.000394 1.880058 1.768152 2.926898 6.575108 5.151091
 0.000395 1.889193 1.766509 2.930707 6.586409 5.520197
 0.000395 1.895354 1.763338 2.934360 6.593052 5.743132
 0.000396 1.898821 1.758590 2.937880 6.595292 5.819291
 0.000396 1.899426 1.752796 2.941275 6.593498 5.758256
 0.000397 1.897064 1.746362 2.944602 6.588027 5.574111
 0.000397 1.891993 1.739608 2.947753 6.579354 5.288275
 0.000398 1.884896 1.732518 2.950677 6.568092 4.928344
 0.000398 1.876446 1.725300 2.953348 6.555094 4.528723
 0.000399 1.867500 1.718812 2.955822 6.542134 4.147077
 0.000399 1.858888 1.713613 2.958157 6.530658 3.823160
 0.000400 1.850980 1.710046 2.960364 6.521389 3.571157
 0.000400 1.844520 1.708280 2.962357 6.515157 3.406546
 0.000401 1.840059 1.708125 2.964099 6.512283 3.331950
 0.000401 1.837742 1.710257 2.965567 6.513566 3.365141
 0.000402 1.837541 1.714216 2.966829 6.518586 3.496632
 0.000402 1.839552 1.719572 2.967814 6.526937 3.720974
 0.000403 1.843737 1.726283 2.968507 6.538527 4.043870
 0.000403 1.849371 1.733727 2.968871 6.551969 4.435158
 0.000404 1.856058 1.741102 2.968990 6.566151 4.867594
 0.000404 1.863173 1.747448 2.968859 6.579479 5.292351
 0.000405 1.870387 1.752262 2.968454 6.591103 5.677267
 0.000405 1.877161 1.755475 2.967830 6.600466 5.997153
 0.000406 1.882725 1.756861 2.967022 6.606608 6.211775
 0.000406 1.886584 1.755799 2.965941 6.608324 6.272379
 0.000407 1.888353 1.752329 2.964637 6.605319 6.166405
 0.000407 1.887556 1.746794 2.963116 6.597467 5.893732
 0.000408 1.884117 1.739825 2.961296 6.585237 5.481336
 0.000408 1.878158 1.731842 2.959200 6.569199 4.963170
 0.000409 1.870116 1.723120 2.956958 6.550194 4.382469
 0.000409 1.860604 1.714430 2.954635 6.529670 3.795895
 0.000410 1.850587 1.706096 2.952131 6.508815 3.243008
 0.000410 1.840034 1.698336 2.949420 6.487790 2.729669
 0.000411 1.829928 1.691500 2.946552 6.467979 2.286406
 0.000411 1.821000 1.686403 2.943456 6.450859 1.934965
 0.000412 1.814133 1.683629 2.940139 6.437902 1.688456
 0.000412 1.809194 1.683636 2.936760 6.429590 1.539168
 0.000413 1.806450 1.685902 2.933287 6.425639 1.470628
 0.000413 1.806108 1.689636 2.929636 6.425380 1.466191
 0.000414 1.807793 1.693712 2.925911 6.427416 1.501257
 0.000414 1.810995 1.698274 2.922170 6.431439 1.571784
 0.000415 1.815391 1.702615 2.918361 6.436368 1.660388
 0.000415 1.820384 1.705891 2.914579 6.440853 1.743133
 0.000416 1.825941 1.707486 2.910872 6.444299 1.808069
 0.000416 1.831387 1.707604 2.907101 6.446092 1.842322
 0.000417 1.836315 1.706075 2.903224 6.445614 1.833157
 0.000417 1.840511 1.702866 2.899324 6.442702 1.777814
 0.000418 1.843591 1.698414 2.895432 6.437437 1.679920
 0.000418 1.845400 1.692893 2.891575 6.429868 1.544046
 0.000419 1.846104 1.686758 2.887732 6.420593 1.385372
 0.000419 1.845586 1.680557 2.883912 6.410055 1.215503
 0.000420 1.844070 1.675282 2.880233 6.399585 1.057747
 0.000420 1.841421 1.671476 2.876776 6.389674 0.918496
 0.000421 1.837494 1.669471 2.873346 6.380312 0.795992
 0.000421 1.832864 1.670008 2.869996 6.372867 0.704833
 0.000422 1.827802 1.673317 2.866744 6.367864 0.646679
 0.000422 1.822207 1.679572 2.863685 6.365464 0.619670
 0.000423 1.816274 1.688505 2.860764 6.365542 0.620545
 0.000423 1.810627 1.699849 2.857997 6.368474 0.653634
 0.000424 1.805709 1.713529 2.855369 6.374608 0.725648
 0.000424 1.801360 1.728765 2.852836 6.382961 0.829773
 0.000425 1.797763 1.744979 2.850437 6.393179 0.966622
 0.000425 1.794901 1.761827 2.848189 6.404916 1.136704
 0.000426 1.792415 1.778597 2.846129 6.417141 1.328495
 0.000426 1.790493 1.794168 2.844269 6.428930 1.527615
 0.000427 1.788956 1.808265 2.842561 6.439782 1.723189
 0.000427 1.787746 1.820424 2.841043 6.449213 1.902715
 0.000428 1.786748 1.830679 2.839587 6.457014 2.057942
 0.000428 1.785545 1.838538 2.838240 6.462323 2.167046
 0.000429 1.783875 1.844444 2.837039 6.465357 2.230685
 0.000429 1.781385 1.848442 2.835965 6.465793 2.239895
 0.000430 1.778145 1.851393 2.834965 6.464503 2.212679
 0.000430 1.773642 1.853448 2.834094 6.461185 2.143416
 0.000431 1.768238 1.854783 2.833439 6.456460 2.046706
 0.000431 1.761827 1.855917 2.833050 6.450794 1.933671
 0.000432 1.754529 1.856922 2.832920 6.444371 1.809437
 0.000432 1.746703 1.858439 2.833004 6.438145 1.692936
 0.000433 1.738466 1.860797 2.833302 6.432565 1.591815
 0.000433 1.729784 1.864164 2.833709 6.427658 1.505455
 0.000434 1.721057 1.868631 2.834289 6.423977 1.442272
 0.000434 1.712751 1.874477 2.835004 6.422232 1.412773
 0.000435 1.704987 1.881318 2.835870 6.422176 1.411834
 0.000435 1.697591 1.889522 2.836830 6.423943 1.441684
 0.000436 1.690322 1.898458 2.837928 6.426708 1.489021
 0.000436 1.683632 1.908038 2.839138 6.430808 1.560618
 0.000437 1.677270 1.918005 2.840469 6.435744 1.649040
 0.000437 1.671328 1.927688 2.841867 6.440883 1.743685
 0.000438 1.665815 1.936276 2.843405 6.445497 1.830908
 0.000438 1.660836 1.943037 2.845027 6.448900 1.896611
 0.000439 1.656101 1.947760 2.846636 6.450496 1.927831
 0.000439 1.651636 1.950724 2.848206 6.450567 1.929210
 0.000440 1.647188 1.951734 2.849808 6.448730 1.893307
 0.000440 1.642968 1.951107 2.851382 6.445457 1.830144
 0.000441 1.638685 1.949036 2.852946 6.440667 1.739654
 0.000441 1.634281 1.945994 2.854446 6.434720 1.630500
 0.000442 1.630184 1.942459 2.855858 6.428501 1.520131
 0.000442 1.626585 1.939085 2.857236 6.422907 1.424142
 0.000443 1.623754 1.936507 2.858547 6.418808 1.355813
 0.000443 1.622072 1.935211 2.859819 6.417102 1.327871
 0.000444 1.621185 1.935229 2.861010 6.417423 1.333095
 0.000444 1.621081 1.937133 2.862193 6.420407 1.382269
 0.000445 1.621337 1.941046 2.863339 6.425722 1.472048
 0.000445 1.622042 1.946902 2.864338 6.433282 1.604631
 0.000446 1.622803 1.954679 2.865210 6.442692 1.777623
 0.000446 1.623514 1.964153 2.865983 6.453650 1.990255
 0.000447 1.623999 1.975125 2.866556 6.465680 2.237500
 0.000447 1.624473 1.986856 2.866931 6.478259 2.511518
 0.000448 1.624498 1.999098 2.867063 6.490658 2.797090
 0.000448 1.624008 2.011419 2.866911 6.502338 3.080175
 0.000449 1.622665 2.023249 2.866457 6.512371 3.334212
 0.000449 1.620305 2.033941 2.865754 6.520000 3.534142
 0.000450 1.617121 2.042915 2.864799 6.524835 3.663851
 0.000450 1.612935 2.049453 2.863570 6.525958 3.694313
 0.000451 1.608257 2.053482 2.862139 6.523877 3.637971
 0.000451 1.602950 2.055289 2.860420 6.518658 3.498551
 0.000452 1.597164 2.054300 2.858509 6.509973 3.272577
 0.000452 1.591428 2.050703 2.856451 6.498581 2.987617
 0.000453 1.586246 2.045434 2.854199 6.485880 2.685215
 0.000453 1.581582 2.038706 2.851740 6.472028 2.373795
 0.000454 1.577563 2.031663 2.849127 6.458353 2.085200
 0.000454 1.574644 2.024877 2.846375 6.445896 1.838562
 0.000455 1.573491 2.019075 2.843512 6.436078 1.655111
 0.000455 1.574435 2.014609 2.840536 6.429579 1.538979
 0.000456 1.577413 2.011890 2.837417 6.426720 1.489231
 0.000456 1.582112 2.011507 2.834159 6.427777 1.507529
 0.000457 1.588011 2.013539 2.830849 6.432399 1.588843
 0.000457 1.594707 2.017467 2.827474 6.439648 1.720696
 0.000458 1.601666 2.022939 2.824109 6.448714 1.892988
 0.000458 1.608276 2.029803 2.820787 6.458866 2.095680
 0.000459 1.613738 2.037840 2.817491 6.469069 2.309759
 0.000459 1.617704 2.046212 2.814215 6.478132 2.508665
 0.000460 1.619341 2.054277 2.810963 6.484581 2.655207
 0.000460 1.618606 2.061512 2.807709 6.487826 2.730511
 0.000461 1.615726 2.067747 2.804467 6.487941 2.733187
 0.000461 1.611646 2.072816 2.801179 6.485641 2.679676
 0.000462 1.606371 2.076031 2.797947 6.480349 2.558569
 0.000462 1.600425 2.076880 2.794887 6.472192 2.377373
 0.000463 1.594582 2.075802 2.791894 6.462278 2.166112
 0.000463 1.589229 2.072906 2.788986 6.451122 1.940132
 0.000464 1.585059 2.068491 2.786139 6.439689 1.721468
 0.000464 1.582541 2.062598 2.783355 6.428494 1.520009
 0.000465 1.581673 2.055565 2.780618 6.417856 1.340173
 0.000465 1.583122 2.048024 2.777990 6.409135 1.201211
 0.000466 1.587218 2.040393 2.775410 6.403021 1.108306
 0.000466 1.593757 2.033051 2.772970 6.399778 1.060558
 0.000467 1.602655 2.026046 2.770685 6.399387 1.054866
 0.000467 1.613684 2.019712 2.768488 6.401884 1.091444
 0.000468 1.626115 2.014248 2.766504 6.406868 1.166317
 0.000468 1.639198 2.009200 2.764650 6.413048 1.262625
 0.000469 1.652411 2.004935 2.762965 6.420312 1.380683
 0.000469 1.665130 2.001454 2.761398 6.427982 1.511092
 0.000470 1.676226 1.997992 2.759904 6.434123 1.619736
 0.000470 1.685481 1.994700 2.758563 6.438744 1.703977
 0.000471 1.692680 1.991672 2.757470 6.441822 1.761266
 0.000471 1.697410 1.988577 2.756615 6.442603 1.775947
 0.000472 1.699993 1.985242 2.756043 6.441278 1.751066
 0.000472 1.700642 1.981360 2.755704 6.437706 1.684855
 0.000473 1.700131 1.976914 2.755600 6.432645 1.593247
 0.000473 1.698658 1.972033 2.755777 6.426468 1.484876
 0.000474 1.696968 1.966662 2.756157 6.419788 1.371994
 0.000474 1.695766 1.960505 2.756737 6.413008 1.261987
 0.000475 1.695625 1.953791 2.757483 6.406899 1.166793
 0.000475 1.697421 1.946730 2.758424 6.402575 1.101677
 0.000476 1.701368 1.939174 2.759630 6.400172 1.066293
 0.000476 1.707302 1.931129 2.761181 6.399612 1.058140
 0.000477 1.715475 1.922549 2.763008 6.401033 1.078902
 0.000477 1.725455 1.913853 2.765027 6.404335 1.127961
 0.000478 1.737389 1.905204 2.767276 6.409869 1.212611
 0.000478 1.750840 1.896489 2.769757 6.417085 1.327595
 0.000479 1.765109 1.888325 2.772352 6.425786 1.473151
 0.000479 1.779653 1.880636 2.775132 6.435421 1.643178
 0.000480 1.794013 1.873468 2.778119 6.445600 1.832881
 0.000480 1.807369 1.866698 2.781259 6.455326 2.023842
 0.000481 1.819160 1.860361 2.784528 6.464049 2.203129
 0.000481 1.828674 1.854657 2.787805 6.471135 2.354386
 0.000482 1.835920 1.849820 2.791181 6.476922 2.481632
 0.000482 1.840454 1.846202 2.794546 6.481203 2.577921
 0.000483 1.842040 1.843803 2.797887 6.483730 2.635625
 0.000483 1.840654 1.842061 2.801233 6.483948 2.640623
 0.000484 1.836826 1.841203 2.804591 6.482621 2.610216
 0.000484 1.830989 1.841304 2.807877 6.480170 2.554526
 0.000485 1.824069 1.842055 2.810998 6.477122 2.486096
 0.000485 1.816039 1.843012 2.814103 6.473154 2.398397
 0.000486 1.807450 1.844124 2.817110 6.468684 2.301509
 0.000486 1.799649 1.845635 2.819974 6.465258 2.228574
 0.000487 1.793062 1.847728 2.822785 6.463576 2.193207
 0.000487 1.787936 1.850116 2.825515 6.463567 2.193029
 0.000488 1.784790 1.852500 2.828058 6.465348 2.230477
 0.000488 1.783915 1.854329 2.830512 6.468756 2.303046
 0.000489 1.785092 1.855897 2.832759 6.473748 2.411430
 0.000489 1.788905 1.856837 2.834770 6.480513 2.562285
 0.000490 1.795035 1.856894 2.836673 6.488602 2.748680
 0.000490 1.803456 1.856157 2.838458 6.498071 2.975169
 0.000491 1.813598 1.854736 2.840077 6.508411 3.232737
 0.000491 1.825106 1.852661 2.841440 6.519207 3.513072
 0.000492 1.837166 1.849763 2.842600 6.529529 3.792005
 0.000492 1.848821 1.846229 2.843581 6.538631 4.046817
 0.000493 1.859898 1.842470 2.844302 6.546669 4.278715
 0.000493 1.869372 1.838546 2.844852 6.552770 4.459051
 0.000494 1.876724 1.834433 2.845144 6.556301 4.565135
 0.000494 1.881711 1.830350 2.845193 6.557254 4.593966
 0.000495 1.883822 1.826287 2.845089 6.555198 4.531843
 0.000495 1.883244 1.822672 2.844784 6.550700 4.397447
 0.000496 1.880208 1.819707 2.844329 6.544244 4.208077
 0.000496 1.874941 1.817587 2.843662 6.536190 3.977666
 0.000497 1.868269 1.816441 2.842783 6.527493 3.736138
 0.000497 1.861027 1.816298 2.841757 6.519082 3.509775
 0.000498 1.853695 1.817346 2.840457 6.511498 3.311703
 0.000498 1.847061 1.819680 2.839029 6.505770 3.165937
 0.000499 1.841777 1.822954 2.837371 6.502102 3.074309
 0.000499 1.837375 1.827009 2.835577 6.499962 3.021467
 0.000500 1.834290 1.831255 2.833676 6.499221 3.003287
