#! FIELDS time dAB dAC rc bias
 0.000000 2.174554 3.095237 5.269791 11.288547
 0.000000 2.166637 3.094298 5.260935 10.927062
 0.000001 2.156436 3.092888 5.249324 10.462043
 0.000001 2.144326 3.091071 5.235397 9.917598
 0.000002 2.130419 3.088746 5.219165 9.301412
 0.000002 2.115403 3.086033 5.201436 8.650976
 0.000003 2.100238 3.083050 5.183288 8.009606
 0.000003 2.085104 3.079680 5.164785 7.381070
 0.000004 2.070464 3.075811 5.146276 6.778045
 0.000004 2.056939 3.071596 5.128535 6.224173
 0.000005 2.045552 3.067019 5.112571 5.745955
 0.000005 2.036056 3.062139 5.098195 5.331639
 0.000006 2.028940 3.057009 5.085948 4.990939
 0.000006 2.024476 3.051701 5.076176 4.727145
 0.000007 2.022545 3.046315 5.068860 4.534328
 0.000007 2.023107 3.040843 5.063949 4.407166
 0.000008 2.026754 3.035360 5.062114 4.360094
 0.000008 2.032665 3.029989 5.062654 4.373924
 0.000009 2.040046 3.024571 5.064617 4.424358
 0.000009 2.048613 3.019106 5.067719 4.504613
 0.000010 2.057529 3.013680 5.071209 4.595792
 0.000010 2.066655 3.008354 5.075008 4.696095
 0.000011 2.075004 3.003191 5.078195 4.781061
 0.000011 2.081899 2.998142 5.080041 4.830618
 0.000012 2.086530 2.993418 5.079948 4.828108
 0.000012 2.088480 2.989001 5.077481 4.761937
 0.000013 2.087543 2.984732 5.072276 4.623842
 0.000013 2.083978 2.980708 5.064686 4.426134
 0.000014 2.077652 2.977017 5.054669 4.171794
 0.000014 2.068738 2.973480 5.042218 3.866132
 0.000015 2.058028 2.970076 5.028104 3.533704
 0.000015 2.046178 2.966900 5.013078 3.196228
 0.000016 2.033461 2.963924 4.997384 2.861846
 0.000016 2.020247 2.961175 4.981422 2.540670
 0.000017 2.007090 2.958712 4.965802 2.244890
 0.000017 1.995049 2.956353 4.951401 1.988416
 0.000018 1.984399 2.954123 4.938522 1.772209
 0.000018 1.975942 2.952055 4.927998 1.604766
 0.000019 1.969901 2.949990 4.919891 1.481454
 0.000019 1.966498 2.947974 4.914472 1.401783
 0.000020 1.965607 2.946068 4.911675 1.361512
 0.000020 1.966883 2.944229 4.911112 1.353479
 0.000021 1.969722 2.942489 4.912211 1.369188
 0.000021 1.973772 2.940883 4.914655 1.404429
 0.000022 1.978689 2.939419 4.918107 1.454986
 0.000022 1.983719 2.938127 4.921847 1.510758
 0.000023 1.988704 2.937047 4.925751 1.570102
 0.000023 1.993110 2.936111 4.929221 1.623803
 0.000024 1.996250 2.935392 4.931642 1.661806
 0.000024 1.998043 2.934907 4.932950 1.682530
 0.000025 1.998234 2.934709 4.932943 1.682417
 0.000025 1.996765 2.934723 4.931488 1.659371
 0.000026 1.993737 2.935024 4.928761 1.616627
 0.000026 1.990061 2.935769 4.925831 1.571323
 0.000027 1.987126 2.936806 4.923931 1.542296
 0.000027 1.985083 2.938148 4.923231 1.531670
 0.000028 1.984775 2.939725 4.924499 1.550949
 0.000028 1.986674 2.941747 4.928421 1.611344
 0.000029 1.990803 2.944201 4.935004 1.715311
 0.000029 1.997766 2.947010 4.944776 1.875644
 0.000030 2.007693 2.950046 4.957738 2.099365
 0.000030 2.020304 2.953436 4.973741 2.392936
 0.000031 2.035512 2.957134 4.992646 2.764521
 0.000031 2.052782 2.961007 5.013788 3.211814
 0.000032 2.071785 2.965072 5.036857 3.738117
 0.000032 2.092453 2.969318 5.061770 4.351321
 0.000033 2.113689 2.973592 5.087281 5.027471
 0.000033 2.135044 2.978089 5.113133 5.762464
 0.000034 2.155542 2.982664 5.138207 6.523198
 0.000034 2.174842 2.987206 5.162048 7.290308
 0.000035 2.192390 2.991704 5.184094 8.037547
 0.000035 2.207384 2.996050 5.203434 8.723118
 0.000036 2.219394 3.000326 5.219721 9.322183
 0.000036 2.227933 3.004380 5.232313 9.799022
 0.000037 2.232631 3.008178 5.240809 10.127451
 0.000037 2.233368 3.011783 5.245151 10.297389
 0.000038 2.230358 3.015135 5.245493 10.310818
 0.000038 2.223938 3.018066 5.242004 10.174071
 0.000039 2.214694 3.020647 5.235341 9.915435
 0.000039 2.202857 3.022944 5.225801 9.550953
 0.000040 2.189336 3.024910 5.214245 9.118565
 0.000040 2.174039 3.026581 5.200620 8.621608
 0.000041 2.157704 3.027917 5.185621 8.090664
 0.000041 2.140746 3.028994 5.169740 7.546875
 0.000042 2.123473 3.029839 5.153312 7.004270
 0.000042 2.106627 3.030452 5.137079 6.487969
 0.000043 2.090534 3.030842 5.121375 6.007331
 0.000043 2.075119 3.030981 5.106100 5.557541
 0.000044 2.060701 3.030704 5.091405 5.141354
 0.000044 2.047093 3.030162 5.077255 4.755915
 0.000045 2.035045 3.029370 5.064415 4.419156
 0.000045 2.024472 3.028591 5.053063 4.131704
 0.000046 2.014953 3.027739 5.042692 3.877549
 0.000046 2.006543 3.026727 5.033270 3.653642
 0.000047 1.998944 3.025459 5.024402 3.449005
 0.000047 1.991742 3.024020 5.015762 3.255279
 0.000048 1.984612 3.022429 5.007040 3.065407
 0.000048 1.977286 3.020739 4.998025 2.875126
 0.000049 1.969106 3.018884 4.987989 2.670501
 0.000049 1.959638 3.016866 4.976504 2.445573
 0.000050 1.948955 3.014839 4.963793 2.208189
 0.000050 1.936897 3.012762 4.949659 1.958441
 0.000051 1.923845 3.010660 4.934505 1.707321
 0.000051 1.910188 3.008596 4.918785 1.465012
 0.000052 1.896639 3.006607 4.903246 1.243717
 0.000052 1.883958 3.004632 4.888590 1.051596
 0.000053 1.872644 3.002709 4.875354 0.891923
 0.000053 1.862955 3.000860 4.863816 0.763458
 0.000054 1.855228 2.999153 4.854381 0.665835
 0.000054 1.849833 2.997525 4.847358 0.597499
 0.000055 1.847300 2.995972 4.843272 0.559445
 0.000055 1.847565 2.994487 4.842052 0.548320
 0.000056 1.850634 2.993144 4.843778 0.564087
 0.000056 1.856204 2.991820 4.848024 0.603814
 0.000057 1.864473 2.990538 4.855011 0.672141
 0.000057 1.874681 2.989399 4.864080 0.766290
 0.000058 1.886001 2.988422 4.874423 0.881190
 0.000058 1.897683 2.987561 4.885243 1.009982
 0.000059 1.909200 2.986751 4.895951 1.146081
 0.000059 1.920193 2.986098 4.906291 1.285652
 0.000060 1.930101 2.985437 4.915539 1.417286
 0.000060 1.938245 2.984830 4.923075 1.529298
 0.000061 1.944852 2.984355 4.929208 1.623597
 0.000061 1.949703 2.984052 4.933755 1.695330
 0.000062 1.952916 2.983790 4.936707 1.742735
 0.000062 1.955214 2.983612 4.938827 1.777179
 0.000063 1.957129 2.983653 4.940782 1.809239
 0.000063 1.959307 2.983859 4.943165 1.848722
 0.000064 1.961768 2.984190 4.945959 1.895528
 0.000064 1.964978 2.984593 4.949571 1.956930
 0.000065 1.969462 2.985153 4.954615 2.044302
 0.000065 1.975651 2.985742 4.961393 2.164715
 0.000066 1.984007 2.986191 4.970198 2.326279
 0.000066 1.994772 2.986588 4.981361 2.539478
 0.000067 2.007518 2.987050 4.994568 2.803795
 0.000067 2.021999 2.987498 5.009496 3.118299
 0.000068 2.038370 2.987827 5.026197 3.489945
 0.000068 2.056258 2.987946 5.044204 3.914094
 0.000069 2.075384 2.987866 5.063250 4.389209
 0.000069 2.095320 2.987626 5.082945 4.909107
 0.000070 2.115176 2.987318 5.102493 5.453897
 0.000070 2.134883 2.986847 5.121731 6.018011
 0.000071 2.154027 2.986235 5.140262 6.587658
 0.000071 2.172141 2.985483 5.157624 7.144736
 0.000072 2.187864 2.984638 5.172501 7.640073
 0.000072 2.200829 2.983655 5.184483 8.051076
 0.000073 2.210741 2.982491 5.193232 8.357971
 0.000073 2.217028 2.981293 5.198321 8.539133
 0.000074 2.219859 2.979923 5.199783 8.591526
 0.000074 2.219212 2.978500 5.197712 8.517345
 0.000075 2.215188 2.976959 5.192147 8.319611
 0.000075 2.208199 2.975349 5.183549 8.018625
 0.000076 2.198823 2.973515 5.172338 7.634551
 0.000076 2.187509 2.971489 5.158998 7.189782
 0.000077 2.175378 2.969489 5.144867 6.733198
 0.000077 2.162843 2.967550 5.130393 6.281061
 0.000078 2.150492 2.965588 5.116081 5.849444
 0.000078 2.138404 2.963567 5.101971 5.438969
 0.000079 2.126966 2.961666 5.088632 5.064643
 0.000079 2.116677 2.959989 5.076667 4.740212
 0.000080 2.107908 2.958421 5.066329 4.468568
 0.000080 2.101324 2.956920 5.058244 4.261693
 0.000081 2.097066 2.955516 5.052582 4.119749
 0.000081 2.094691 2.954303 5.048994 4.031025
 0.000082 2.093953 2.953381 5.047334 3.990311
 0.000082 2.094665 2.952758 5.047422 3.992478
 0.000083 2.096738 2.952415 5.049152 4.034926
 0.000083 2.099717 2.952341 5.052059 4.106737
 0.000084 2.102750 2.952416 5.055166 4.184225
 0.000084 2.105470 2.952814 5.058284 4.262704
 0.000085 2.107464 2.953457 5.060921 4.329649
 0.000085 2.108366 2.954348 5.062715 4.375482
 0.000086 2.107722 2.955459 5.063181 4.387425
 0.000086 2.105052 2.956877 5.061929 4.355368
 0.000087 2.100405 2.958559 5.058964 4.279923
 0.000087 2.093736 2.960482 5.054218 4.160516
 0.000088 2.085590 2.962616 5.048207 4.011698
 0.000088 2.076186 2.964878 5.041063 3.838378
 0.000089 2.065886 2.967402 5.033288 3.654074
 0.000089 2.055402 2.969995 5.025397 3.471678
 0.000090 2.045590 2.972639 5.018229 3.310017
 0.000090 2.036839 2.975371 5.012210 3.177254
 0.000091 2.030135 2.978201 5.008336 3.093256
 0.000091 2.026027 2.981169 5.007196 3.068740
 0.000092 2.024659 2.984229 5.008888 3.105148
 0.000092 2.026145 2.987264 5.013409 3.203490
 0.000093 2.030533 2.990343 5.020876 3.369260
 0.000093 2.037550 2.993327 5.030877 3.597847
 0.000094 2.046932 2.996102 5.043034 3.885801
 0.000094 2.058250 2.998720 5.056970 4.229544
 0.000095 2.071058 3.001243 5.072301 4.624505
 0.000095 2.084979 3.003545 5.088524 5.061673
 0.000096 2.099298 3.005563 5.104862 5.521841
 0.000096 2.113151 3.007362 5.120512 5.981452
 0.000097 2.125794 3.008930 5.134724 6.414725
 0.000097 2.136806 3.010336 5.147142 6.805686
 0.000098 2.145630 3.011352 5.156982 7.123714
 0.000098 2.152157 3.012100 5.164256 7.363504
 0.000099 2.156434 3.012551 5.168985 7.521485
 0.000099 2.158496 3.012759 5.171255 7.597924
 0.000100 2.158679 3.012699 5.171378 7.602083
 0.000100 2.157316 3.012314 5.169631 7.543198
 0.000101 2.155022 3.011643 5.166665 7.443766
 0.000101 2.151853 3.010624 5.162477 7.304480
 0.000102 2.148396 3.009267 5.157663 7.146011
 0.000102 2.145145 3.007615 5.152761 6.986404
 0.000103 2.142330 3.005690 5.148021 6.833801
 0.000103 2.140336 3.003453 5.143790 6.699013
 0.000104 2.139526 3.000962 5.140488 6.594760
 0.000104 2.140349 2.998201 5.138550 6.533956
 0.000105 2.142459 2.995237 5.137696 6.507249
 0.000105 2.146069 2.992039 5.138109 6.520142
 0.000106 2.151669 2.988689 5.140358 6.590668
 0.000106 2.158766 2.985143 5.143909 6.702789
 0.000107 2.166594 2.981436 5.148030 6.834101
 0.000107 2.174944 2.977607 5.152551 6.979610
 0.000108 2.183185 2.973729 5.156914 7.121503
 0.000108 2.190570 2.969854 5.160424 7.236686
 0.000109 2.196658 2.965925 5.162582 7.307976
 0.000109 2.201444 2.962025 5.163470 7.337389
 0.000110 2.204332 2.958221 5.162553 7.306991
 0.000110 2.204944 2.954488 5.159432 7.204032
 0.000111 2.202751 2.950885 5.153637 7.014788
 0.000111 2.197563 2.947495 5.145057 6.739257
 0.000112 2.189733 2.944237 5.133970 6.391350
 0.000112 2.180016 2.941053 5.121069 5.998146
 0.000113 2.168798 2.938024 5.106823 5.578422
 0.000113 2.156542 2.935005 5.091547 5.145309
 0.000114 2.143669 2.931920 5.075589 4.711508
 0.000114 2.131228 2.928938 5.060167 4.310446
 0.000115 2.119327 2.926097 5.045424 3.943731
 0.000115 2.109259 2.923297 5.032556 3.636962
 0.000116 2.101200 2.920678 5.021878 3.391830
 0.000116 2.095392 2.918192 5.013584 3.207328
 0.000117 2.092405 2.915838 5.008243 3.091259
 0.000117 2.092046 2.913648 5.005694 3.036607
 0.000118 2.094165 2.911518 5.005683 3.036363
 0.000118 2.098764 2.909525 5.008288 3.092218
 0.000119 2.105794 2.907525 5.013318 3.201506
 0.000119 2.114537 2.905533 5.020070 3.351176
 0.000120 2.124419 2.903620 5.028039 3.532219
 0.000120 2.134918 2.901730 5.036647 3.733144
 0.000121 2.145827 2.899789 5.045616 3.948386
 0.000121 2.156156 2.897798 5.053954 4.153907
 0.000122 2.165391 2.895705 5.061096 4.334105
 0.000122 2.173074 2.893511 5.066585 4.475197
 0.000123 2.178333 2.891111 5.069444 4.549576
 0.000123 2.181274 2.888552 5.069826 4.559555
 0.000124 2.182042 2.885921 5.067962 4.510950
 0.000124 2.180421 2.883221 5.063642 4.399269
 0.000125 2.177258 2.880353 5.057611 4.245713
 0.000125 2.173163 2.877403 5.050566 4.069778
 0.000126 2.168263 2.874397 5.042661 3.876797
 0.000126 2.163220 2.871299 5.034519 3.682958
 0.000127 2.158686 2.868088 5.026773 3.503143
 0.000127 2.155307 2.864748 5.020055 3.350832
 0.000128 2.153537 2.861264 5.014801 3.234088
 0.000128 2.153388 2.857856 5.011244 3.156205
 0.000129 2.154905 2.854404 5.009309 3.114246
 0.000129 2.158212 2.850886 5.009099 3.109698
 0.000130 2.163373 2.847436 5.010809 3.146744
 0.000130 2.170224 2.843812 5.014036 3.217246
 0.000131 2.178198 2.840113 5.018311 3.311845
 0.000131 2.187188 2.836436 5.023624 3.431316
 0.000132 2.197105 2.832907 5.030013 3.577793
 0.000132 2.207464 2.829449 5.036913 3.739440
 0.000133 2.217963 2.826051 5.044014 3.909507
 0.000133 2.228120 2.822814 5.050934 4.078872
 0.000134 2.237227 2.819665 5.056892 4.227573
 0.000134 2.244644 2.816671 5.061316 4.339707
 0.000135 2.249924 2.813762 5.063687 4.400414
 0.000135 2.252124 2.810922 5.063047 4.383986
 0.000136 2.251660 2.808203 5.059863 4.302720
 0.000136 2.248800 2.805622 5.054422 4.165619
 0.000137 2.244095 2.803218 5.047313 3.989803
 0.000137 2.237997 2.800913 5.038909 3.786865
 0.000138 2.230793 2.798700 5.029493 3.565776
 0.000138 2.222956 2.796611 5.019567 3.339898
 0.000139 2.215066 2.794646 5.009712 3.122957
 0.000139 2.207883 2.792772 5.000655 2.930014
 0.000140 2.201458 2.791007 4.992466 2.760845
 0.000140 2.196446 2.789468 4.985914 2.629128
 0.000141 2.193313 2.788224 4.981537 2.542923
 0.000141 2.192151 2.787200 4.979351 2.500403
 0.000142 2.193154 2.786391 4.979545 2.504157
 0.000142 2.196305 2.785800 4.982104 2.554014
 0.000143 2.201872 2.785414 4.987286 2.656441
 0.000143 2.209828 2.785284 4.995112 2.814963
 0.000144 2.219117 2.785385 5.004502 3.011217
 0.000144 2.229243 2.785709 5.014952 3.237399
 0.000145 2.240182 2.786153 5.026335 3.493096
 0.000145 2.250897 2.786760 5.037656 3.757057
 0.000146 2.260705 2.787573 5.048277 4.013428
 0.000146 2.268599 2.788703 5.057302 4.237911
 0.000147 2.274274 2.790212 5.064486 4.420971
 0.000147 2.277213 2.791961 5.069174 4.542511
 0.000148 2.277017 2.793915 5.070932 4.588538
 0.000148 2.274367 2.796052 5.070419 4.575071
 0.000149 2.269555 2.798316 5.067870 4.508552
 0.000149 2.262563 2.800686 5.063249 4.389183
 0.000150 2.254167 2.803275 5.057442 4.241429
 0.000150 2.244954 2.806069 5.051023 4.081082
 0.000151 2.235085 2.808832 5.043917 3.907153
 0.000151 2.225608 2.811743 5.037350 3.749803
 0.000152 2.217176 2.814825 5.032002 3.624019
 0.000152 2.210442 2.817939 5.028380 3.540077
 0.000153 2.205471 2.821125 5.026596 3.499083
 0.000153 2.201971 2.824336 5.026307 3.492460
 0.000154 2.199923 2.827628 5.027552 3.521011
 0.000154 2.199632 2.830901 5.030533 3.589849
 0.000155 2.201262 2.833986 5.035248 3.700106
 0.000155 2.204450 2.837026 5.041476 3.848288
 0.000156 2.209110 2.839959 5.049070 4.032888
 0.000156 2.214922 2.842660 5.057582 4.244972
 0.000157 2.221388 2.845211 5.066599 4.475552
 0.000157 2.227767 2.847600 5.075367 4.705615
 0.000158 2.233080 2.849827 5.082907 4.908071
 0.000158 2.236964 2.851887 5.088850 5.070660
 0.000159 2.238989 2.853790 5.092779 5.179590
 0.000159 2.238754 2.855566 5.094320 5.222614
 0.000160 2.235760 2.857277 5.093037 5.186770
 0.000160 2.229815 2.858857 5.088672 5.065736
 0.000161 2.221331 2.860383 5.081714 4.875740
 0.000161 2.210979 2.861822 5.072801 4.637684
 0.000162 2.199014 2.863203 5.062218 4.362755
 0.000162 2.185919 2.864415 5.050335 4.064061
 0.000163 2.172542 2.865545 5.038087 3.767298
 0.000163 2.159856 2.866614 5.026470 3.496192
 0.000164 2.148348 2.867562 5.015910 3.258551
 0.000164 2.138378 2.868375 5.006753 3.059243
 0.000165 2.130000 2.869100 4.999101 2.897521
 0.000165 2.123631 2.869703 4.993334 2.778539
 0.000166 2.119645 2.870251 4.989896 2.708788
 0.000166 2.118122 2.870708 4.988830 2.687344
 0.000167 2.118951 2.871002 4.989953 2.709940
 0.000167 2.121761 2.871187 4.992948 2.770663
 0.000168 2.126227 2.871267 4.997494 2.864124
 0.000168 2.131663 2.871239 5.002901 2.977293
 0.000169 2.137649 2.871265 5.008914 3.105709
 0.000169 2.142697 2.871269 5.013966 3.215708
 0.000170 2.146019 2.871242 5.017261 3.288482
 0.000170 2.147070 2.871118 5.018187 3.309085
 0.000171 2.145309 2.871009 5.016317 3.267559
 0.000171 2.140535 2.870928 5.011463 3.160969
 0.000172 2.132382 2.870949 5.003330 2.986368
 0.000172 2.121054 2.871153 4.992207 2.755581
 0.000173 2.107147 2.871548 4.978695 2.487723
 0.000173 2.091574 2.872123 4.963697 2.206433
 0.000174 2.075330 2.872820 4.948150 1.932663
 0.000174 2.059572 2.873491 4.933063 1.684321
 0.000175 2.045318 2.874189 4.919507 1.475740
 0.000175 2.033179 2.874960 4.908139 1.311442
 0.000176 2.024066 2.875816 4.899881 1.198188
 0.000176 2.018249 2.876821 4.895070 1.134549
 0.000177 2.016146 2.877845 4.893991 1.120521
 0.000177 2.017815 2.878933 4.896748 1.156555
 0.000178 2.023382 2.880223 4.903605 1.248630
 0.000178 2.032466 2.881690 4.914156 1.397203
 0.000179 2.044236 2.883246 4.927481 1.596769
 0.000179 2.058666 2.884835 4.943501 1.854319
 0.000180 2.075396 2.886323 4.961719 2.170600
 0.000180 2.093882 2.887797 4.981680 2.545707
 0.000181 2.112873 2.889191 5.002063 2.959606
 0.000181 2.131456 2.890657 5.022114 3.397144
 0.000182 2.149108 2.892119 5.041227 3.842313
 0.000182 2.165159 2.893560 5.058719 4.273708
 0.000183 2.178969 2.894886 5.073855 4.665536
 0.000183 2.190457 2.896101 5.086558 5.007646
 0.000184 2.199941 2.897244 5.097184 5.303098
 0.000184 2.207711 2.898327 5.106037 5.555733
 0.000185 2.213941 2.899204 5.113145 5.762810
 0.000185 2.218738 2.899936 5.118673 5.926500
 0.000186 2.222685 2.900529 5.123214 6.062655
 0.000186 2.226000 2.901049 5.127049 6.178838
 0.000187 2.228861 2.901414 5.130274 6.277435
 0.000187 2.231942 2.901624 5.133566 6.378849
 0.000188 2.235150 2.901579 5.136729 6.477055
 0.000188 2.238879 2.901429 5.140307 6.589083
 0.000189 2.243166 2.901141 5.144307 6.715420
 0.000189 2.247709 2.900776 5.148484 6.848648
 0.000190 2.252396 2.900337 5.152733 6.985496
 0.000190 2.257575 2.899854 5.157428 7.138329
 0.000191 2.262808 2.899215 5.162022 7.289440
 0.000191 2.267891 2.898508 5.166399 7.434899
 0.000192 2.272165 2.897837 5.170003 7.555710
 0.000192 2.275012 2.897209 5.172220 7.630559
 0.000193 2.276138 2.896539 5.172677 7.646022
 0.000193 2.275578 2.895821 5.171399 7.602784
 0.000194 2.273029 2.895024 5.168053 7.490211
 0.000194 2.267760 2.894199 5.161959 7.287340
 0.000195 2.259580 2.893249 5.152830 6.988645
 0.000195 2.248293 2.892173 5.140466 6.594073
 0.000196 2.234544 2.891141 5.125685 6.137402
 0.000196 2.217777 2.890271 5.108048 5.613919
 0.000197 2.199039 2.889315 5.088354 5.056988
 0.000197 2.178420 2.888288 5.066708 4.478379
 0.000198 2.156866 2.887310 5.044176 3.913423
 0.000198 2.135174 2.886408 5.021582 3.385151
 0.000199 2.114270 2.885477 4.999747 2.911007
 0.000199 2.094960 2.884453 4.979413 2.501602
 0.000200 2.077393 2.883419 4.960813 2.154274
 0.000200 2.061839 2.882482 4.944321 1.868008
 0.000201 2.048578 2.881474 4.930052 1.636805
 0.000201 2.038097 2.880554 4.918651 1.463029
 0.000202 2.030626 2.879768 4.910395 1.343281
 0.000202 2.026210 2.879170 4.905380 1.273035
 0.000203 2.025054 2.878633 4.903687 1.249750
 0.000203 2.027074 2.878181 4.905254 1.271303
 0.000204 2.031764 2.877744 4.909508 1.330716
 0.000204 2.037720 2.877358 4.915078 1.410580
 0.000205 2.044102 2.877195 4.921297 1.502486
 0.000205 2.050061 2.877372 4.927434 1.596030
 0.000206 2.055068 2.877954 4.933021 1.683658
 0.000206 2.058038 2.878938 4.936976 1.747088
 0.000207 2.058706 2.880301 4.939007 1.780119
 0.000207 2.057106 2.881860 4.938966 1.779449
 0.000208 2.052815 2.883722 4.936537 1.739996
 0.000208 2.046231 2.885959 4.932190 1.670464
 0.000209 2.037649 2.888628 4.926277 1.578185
 0.000209 2.027712 2.891672 4.919384 1.473907
 0.000210 2.017373 2.894930 4.912303 1.370495
 0.000210 2.007051 2.898466 4.905517 1.274929
 0.000211 1.997355 2.902257 4.899612 1.194578
 0.000211 1.989185 2.906264 4.895449 1.139507
 0.000212 1.983293 2.910563 4.893856 1.118775
 0.000212 1.979691 2.915183 4.894873 1.131987
 0.000213 1.978457 2.920093 4.898550 1.180401
 0.000213 1.979963 2.925239 4.905202 1.270586
 0.000214 1.984459 2.930459 4.914918 1.408257
 0.000214 1.991318 2.935819 4.927138 1.591450
 0.000215 2.000559 2.941216 4.941775 1.825638
 0.000215 2.011750 2.946637 4.958387 2.110891
 0.000216 2.024783 2.952012 4.976794 2.451139
 0.000216 2.038741 2.957408 4.996150 2.836319
 0.000217 2.052801 2.962752 5.015554 3.250675
 0.000217 2.066232 2.967969 5.034201 3.675483
 0.000218 2.079021 2.972966 5.051987 4.104964
 0.000218 2.090862 2.977819 5.068682 4.529681
 0.000219 2.100982 2.982354 5.083336 4.919715
 0.000219 2.109393 2.986542 5.095936 5.267949
 0.000220 2.116142 2.990474 5.106616 5.572452
 0.000220 2.121322 2.994021 5.115342 5.827595
 0.000221 2.124874 2.997294 5.122168 6.031147
 0.000221 2.126785 3.000344 5.127129 6.181286
 0.000222 2.127774 3.003035 5.130809 6.293855
 0.000222 2.128139 3.005371 5.133510 6.377101
 0.000223 2.127971 3.007367 5.135338 6.433778
 0.000223 2.127488 3.009053 5.136541 6.471189
 0.000224 2.127397 3.010376 5.137773 6.509640
 0.000224 2.127464 3.011441 5.138905 6.545052
 0.000225 2.127922 3.012188 5.140110 6.582890
 0.000225 2.128333 3.012675 5.141009 6.611148
 0.000226 2.128341 3.012866 5.141208 6.617415
 0.000226 2.128335 3.012788 5.141122 6.614720
 0.000227 2.128331 3.012455 5.140786 6.604132
 0.000227 2.128300 3.011876 5.140177 6.584967
 0.000228 2.128552 3.011161 5.139714 6.570423
 0.000228 2.128709 3.010161 5.138870 6.543971
 0.000229 2.128686 3.008947 5.137632 6.505250
 0.000229 2.127902 3.007561 5.135463 6.437658
 0.000230 2.126205 3.005978 5.132183 6.336124
 0.000230 2.123285 3.004249 5.127533 6.193598
 0.000231 2.119298 3.002304 5.121602 6.014137
 0.000231 2.114021 3.000210 5.114230 5.794763
 0.000232 2.107474 2.997919 5.105393 5.537147
 0.000232 2.099580 2.995364 5.094944 5.240101
 0.000233 2.090465 2.992602 5.083067 4.912410
 0.000233 2.080383 2.989691 5.070074 4.566039
 0.000234 2.069185 2.986555 5.055740 4.198622
 0.000234 2.057308 2.983277 5.040585 3.826913
 0.000235 2.045222 2.979836 5.025058 3.463933
 0.000235 2.033055 2.976181 5.009236 3.112659
 0.000236 2.021179 2.972310 4.993489 2.781705
 0.000236 2.009676 2.968179 4.977855 2.471518
 0.000237 1.999011 2.963979 4.962990 2.193583
 0.000237 1.989284 2.959638 4.948922 1.945828
 0.000238 1.980815 2.955177 4.935992 1.731194
 0.000238 1.973785 2.950520 4.924305 1.547988
 0.000239 1.967983 2.945741 4.913724 1.390950
 0.000239 1.963678 2.940909 4.904587 1.262099
 0.000240 1.960449 2.936047 4.896496 1.153227
 0.000240 1.958234 2.931231 4.889466 1.062620
 0.000241 1.957040 2.926516 4.883556 0.989315
 0.000241 1.956792 2.921915 4.878707 0.931128
 0.000242 1.957462 2.917386 4.874848 0.886084
 0.000242 1.957873 2.913006 4.870878 0.840908
 0.000243 1.958596 2.908812 4.867408 0.802383
 0.000243 1.959309 2.904970 4.864280 0.768432
 0.000244 1.959856 2.901460 4.861316 0.736942
 0.000244 1.960012 2.898222 4.858234 0.704895
 0.000245 1.959176 2.895462 4.854638 0.668400
 0.000245 1.957743 2.893061 4.850805 0.630573
 0.000246 1.956193 2.890978 4.847172 0.595733
 0.000246 1.955180 2.889281 4.844461 0.570384
 0.000247 1.954675 2.887985 4.842660 0.553850
 0.000247 1.954782 2.887094 4.841875 0.546719
 0.000248 1.955831 2.886569 4.842400 0.551478
 0.000248 1.957973 2.886393 4.844366 0.569507
 0.000249 1.961357 2.886629 4.847985 0.603451
 0.000249 1.966131 2.887188 4.853319 0.655264
 0.000250 1.971984 2.888113 4.860097 0.724187
 0.000250 1.979107 2.889243 4.868350 0.812758
 0.000251 1.987695 2.890545 4.878240 0.925616
 0.000251 1.997202 2.891991 4.889193 1.059186
 0.000252 2.007744 2.893654 4.901399 1.218615
 0.000252 2.019138 2.895451 4.914589 1.403477
 0.000253 2.031310 2.897381 4.928692 1.615552
 0.000253 2.044222 2.899315 4.943537 1.854916
 0.000254 2.057916 2.901288 4.959204 2.125444
 0.000254 2.072207 2.903163 4.975370 2.423905
 0.000255 2.086452 2.905027 4.991479 2.740804
 0.000255 2.100153 2.906952 5.007105 3.066802
 0.000256 2.113152 2.908706 5.021857 3.391360
 0.000256 2.125364 2.910432 5.035795 3.713014
 0.000257 2.136549 2.912107 5.048656 4.022722
 0.000257 2.146950 2.913568 5.060518 4.319383
 0.000258 2.156016 2.914799 5.070816 4.585480
 0.000258 2.164048 2.915780 5.079828 4.824886
 0.000259 2.171103 2.916640 5.087743 5.040151
 0.000259 2.176920 2.917285 5.094204 5.219390
 0.000260 2.181871 2.917820 5.099691 5.374035
 0.000260 2.185490 2.918253 5.103743 5.489697
 0.000261 2.187652 2.918514 5.106166 5.559437
 0.000261 2.188576 2.918609 5.107185 5.588910
 0.000262 2.188422 2.918410 5.106832 5.578693
 0.000262 2.186961 2.917908 5.104869 5.522042
 0.000263 2.184514 2.917040 5.101554 5.427074
 0.000263 2.181354 2.916038 5.097392 5.308965
 0.000264 2.177294 2.914914 5.092208 5.163687
 0.000264 2.172535 2.913528 5.086063 4.994081
 0.000265 2.167546 2.911825 5.079371 4.812597
 0.000265 2.161644 2.910077 5.071721 4.609250
 0.000266 2.154548 2.908216 5.062764 4.376730
 0.000266 2.146910 2.906300 5.053209 4.135344
 0.000267 2.138819 2.904289 5.043108 3.887592
 0.000267 2.130171 2.902316 5.032487 3.635348
 0.000268 2.120863 2.900298 5.021161 3.375674
 0.000268 2.111163 2.898379 5.009542 3.119282
 0.000269 2.100725 2.896567 4.997292 2.859932
 0.000269 2.089824 2.894982 4.984805 2.607157
 0.000270 2.078209 2.893461 4.971671 2.353877
 0.000270 2.066274 2.892021 4.958295 2.109253
 0.000271 2.054157 2.890792 4.944949 1.878543
 0.000271 2.041729 2.889625 4.931354 1.657262
 0.000272 2.029227 2.888610 4.917836 1.450985
 0.000272 2.016939 2.887796 4.904735 1.264140
 0.000273 2.005359 2.887094 4.892453 1.100675
 0.000273 1.994879 2.886556 4.881435 0.963649
 0.000274 1.985449 2.886246 4.871695 0.850105
 0.000274 1.977264 2.886017 4.863281 0.757744
 0.000275 1.970390 2.886098 4.856488 0.687052
 0.000275 1.965319 2.886411 4.851729 0.639597
 0.000276 1.961834 2.886943 4.848777 0.611005
 0.000276 1.959924 2.887801 4.847725 0.600973
 0.000277 1.959312 2.888824 4.848136 0.604884
 0.000277 1.960063 2.889954 4.850017 0.622937
 0.000278 1.962286 2.891327 4.853614 0.658186
 0.000278 1.965863 2.892995 4.858858 0.711328
 0.000279 1.970562 2.894940 4.865503 0.781621
 0.000279 1.976131 2.897205 4.873336 0.868735
 0.000280 1.982218 2.899802 4.882021 0.970708
 0.000280 1.988371 2.902693 4.891065 1.082903
 0.000281 1.994229 2.905798 4.900026 1.200130
 0.000281 1.999642 2.909150 4.908792 1.320624
 0.000282 2.004668 2.912661 4.917329 1.443513
 0.000282 2.009201 2.916379 4.925580 1.567474
 0.000283 2.013096 2.920261 4.933357 1.689000
 0.000283 2.016038 2.924277 4.940315 1.801554
 0.000284 2.018264 2.928327 4.946590 1.906198
 0.000284 2.020094 2.932300 4.952393 2.005583
 0.000285 2.021495 2.936306 4.957801 2.100481
 0.000285 2.022383 2.940329 4.962712 2.188555
 0.000286 2.023383 2.944304 4.967687 2.279616
 0.000286 2.024566 2.948297 4.972863 2.376329
 0.000287 2.026172 2.952171 4.978343 2.480933
 0.000287 2.028264 2.955913 4.984177 2.594750
 0.000288 2.031060 2.959538 4.990598 2.722970
 0.000288 2.034490 2.962940 4.997430 2.862789
 0.000289 2.038389 2.966067 5.004456 3.010244
 0.000289 2.042966 2.968938 5.011904 3.170581
 0.000290 2.048027 2.971636 5.019663 3.342047
 0.000290 2.053042 2.974180 5.027222 3.513444
 0.000291 2.057958 2.976383 5.034341 3.678773
 0.000291 2.062799 2.978430 5.041229 3.842360
 0.000292 2.067280 2.980224 5.047505 3.994496
 0.000292 2.071284 2.981813 5.053097 4.132559
 0.000293 2.075049 2.983214 5.058263 4.262173
 0.000293 2.078112 2.984548 5.062661 4.374090
 0.000294 2.080458 2.985629 5.066087 4.462298
 0.000294 2.081901 2.986545 5.068447 4.523556
 0.000295 2.082566 2.987293 5.069859 4.560407
 0.000295 2.082669 2.987963 5.070633 4.580685
 0.000296 2.082126 2.988532 5.070659 4.581363
 0.000296 2.080705 2.988929 5.069634 4.554538
 0.000297 2.079128 2.989149 5.068277 4.519149
 0.000297 2.077920 2.989299 5.067219 4.491646
 0.000298 2.077047 2.989381 5.066428 4.471117
 0.000298 2.076453 2.989308 5.065762 4.453883
 0.000299 2.076958 2.989148 5.066106 4.462790
 0.000299 2.078274 2.988919 5.067193 4.490951
 0.000300 2.080043 2.988700 5.068743 4.531281
 0.000300 2.082702 2.988507 5.071209 4.595792
 0.000301 2.086418 2.988366 5.074784 4.690142
 0.000301 2.090660 2.988280 5.078940 4.801026
 0.000302 2.095718 2.988188 5.083905 4.935193
 0.000302 2.101406 2.988058 5.089464 5.087603
 0.000303 2.107848 2.987962 5.095810 5.264409
 0.000303 2.114186 2.987960 5.102146 5.443961
 0.000304 2.120286 2.988028 5.108314 5.621656
 0.000304 2.125372 2.988212 5.113584 5.775738
 0.000305 2.129891 2.988435 5.118326 5.916135
 0.000305 2.133426 2.988687 5.122113 6.029506
 0.000306 2.135368 2.988966 5.124334 6.096467
 0.000306 2.135907 2.989274 5.125181 6.122109
 0.000307 2.134973 2.989726 5.124699 6.107525
 0.000307 2.133049 2.990181 5.123230 6.063123
 0.000308 2.129889 2.990497 5.120386 5.977681
 0.000308 2.126115 2.990731 5.116846 5.872141
 0.000309 2.122510 2.990895 5.113406 5.770481
 0.000309 2.119264 2.991039 5.110303 5.679569
 0.000310 2.116232 2.991176 5.107408 5.595379
 0.000310 2.114083 2.991256 5.105339 5.535586
 0.000311 2.113139 2.991303 5.104441 5.509758
 0.000311 2.113483 2.991350 5.104833 5.521019
 0.000312 2.114868 2.991357 5.106225 5.561165
 0.000312 2.117246 2.991299 5.108545 5.628367
 0.000313 2.120123 2.991178 5.111300 5.708704
 0.000313 2.123441 2.991021 5.114462 5.801608
 0.000314 2.127225 2.990707 5.117932 5.904417
 0.000314 2.131517 2.990101 5.121617 6.014601
 0.000315 2.135694 2.989291 5.124985 6.116174
 0.000315 2.139628 2.988403 5.128031 6.208791
 0.000316 2.143438 2.987446 5.130884 6.296154
 0.000316 2.146827 2.986406 5.133232 6.368533
 0.000317 2.149233 2.985087 5.134320 6.402201
 0.000317 2.150579 2.983566 5.134145 6.396762
 0.000318 2.151090 2.982005 5.133095 6.364286
 0.000318 2.150076 2.980323 5.130399 6.281274
 0.000319 2.147327 2.978463 5.125790 6.140594
 0.000319 2.142860 2.976521 5.119381 5.947615
 0.000320 2.137161 2.974536 5.111698 5.720339
 0.000320 2.130417 2.972566 5.102983 5.467905
 0.000321 2.122924 2.970592 5.093516 5.200138
 0.000321 2.115009 2.968491 5.083500 4.924173
 0.000322 2.107211 2.966392 5.073603 4.658873
 0.000322 2.099872 2.964435 5.064308 4.416381
 0.000323 2.093258 2.962523 5.055781 4.199638
 0.000323 2.087790 2.960674 5.048464 4.017997
 0.000324 2.083853 2.958760 5.042614 3.875663
 0.000324 2.081842 2.956701 5.038543 3.778138
 0.000325 2.081601 2.954629 5.036230 3.723281
 0.000325 2.082961 2.952530 5.035491 3.705836
 0.000326 2.085585 2.950507 5.036092 3.720015
 0.000326 2.089636 2.948491 5.038127 3.768243
 0.000327 2.095186 2.946501 5.041687 3.853364
 0.000327 2.101896 2.944516 5.046412 3.967794
 0.000328 2.109414 2.942636 5.052050 4.106518
 0.000328 2.117153 2.940815 5.057968 4.254709
 0.000329 2.125196 2.939004 5.064200 4.413606
 0.000329 2.132545 2.937243 5.069787 4.558548
 0.000330 2.138785 2.935489 5.074274 4.676614
 0.000330 2.143881 2.933785 5.077666 4.766890
 0.000331 2.148321 2.932227 5.080548 4.844260
 0.000331 2.152222 2.930793 5.083015 4.911004
 0.000332 2.155651 2.929472 5.085123 4.968369
 0.000332 2.158478 2.928250 5.086728 5.012282
 0.000333 2.160797 2.927112 5.087908 5.044703
 0.000333 2.163369 2.926089 5.089457 5.087408
 0.000334 2.166358 2.925281 5.091639 5.147850
 0.000334 2.170042 2.924594 5.094637 5.231492
 0.000335 2.173920 2.924028 5.097948 5.324666
 0.000335 2.178328 2.923659 5.101988 5.439440
 0.000336 2.183498 2.923500 5.106998 5.583491
 0.000336 2.189470 2.923514 5.112984 5.758074
 0.000337 2.195812 2.923618 5.119431 5.949102
 0.000337 2.202656 2.923783 5.126439 6.160290
 0.000338 2.209554 2.923935 5.133489 6.376474
 0.000338 2.216799 2.924073 5.140872 6.606845
 0.000339 2.224481 2.924262 5.148743 6.856943
 0.000339 2.232267 2.924557 5.156824 7.118560
 0.000340 2.239630 2.925068 5.164699 7.378218
 0.000340 2.246685 2.925653 5.172338 7.634556
 0.000341 2.253506 2.926237 5.179742 7.887161
 0.000341 2.259915 2.926754 5.186669 8.127214
 0.000342 2.265768 2.927141 5.192909 8.346527
 0.000342 2.271023 2.927505 5.198528 8.546558
 0.000343 2.275267 2.927831 5.203099 8.710990
 0.000343 2.278052 2.927965 5.206017 8.816794
 0.000344 2.279346 2.927939 5.207285 8.862971
 0.000344 2.279453 2.927805 5.207258 8.861976
 0.000345 2.277745 2.927481 5.205226 8.788044
 0.000345 2.274491 2.926879 5.201370 8.648618
 0.000346 2.269710 2.926051 5.195760 8.447738
 0.000346 2.263190 2.925014 5.188204 8.180900
 0.000347 2.255231 2.923745 5.178977 7.860843
 0.000347 2.246032 2.922294 5.168326 7.499392
 0.000348 2.236218 2.920568 5.156786 7.117324
 0.000348 2.226145 2.918551 5.144696 6.727767
 0.000349 2.215911 2.916258 5.132169 6.335721
 0.000349 2.205973 2.913729 5.119702 5.957215
 0.000350 2.196421 2.910939 5.107360 5.593981
 0.000350 2.187313 2.908015 5.095328 5.250877
 0.000351 2.178914 2.904981 5.083894 4.934899
 0.000351 2.171704 2.901768 5.073473 4.655426
 0.000352 2.165593 2.898422 5.064015 4.408855
 0.000352 2.159971 2.894949 5.054920 4.178066
 0.000353 2.154631 2.891290 5.045922 3.955837
 0.000353 2.149754 2.887440 5.037194 3.746098
 0.000354 2.145322 2.883517 5.028839 3.550660
 0.000354 2.141097 2.879462 5.020558 3.362124
 0.000355 2.136601 2.875360 5.011961 3.171831
 0.000355 2.131654 2.871276 5.002930 2.977907
 0.000356 2.126311 2.867185 4.993496 2.781860
 0.000356 2.120952 2.862992 4.983944 2.590147
 0.000357 2.115148 2.858765 4.973914 2.396212
 0.000357 2.108932 2.854620 4.963552 2.203801
 0.000358 2.102525 2.850422 4.952946 2.015190
 0.000358 2.096514 2.846223 4.942737 1.841603
 0.000359 2.091030 2.842004 4.933034 1.683857
 0.000359 2.085861 2.837821 4.923682 1.538516
 0.000360 2.081497 2.833594 4.915092 1.410780
 0.000360 2.078380 2.829448 4.907827 1.307084
 0.000361 2.076398 2.825386 4.901784 1.223834
 0.000361 2.075531 2.821402 4.896933 1.158983
 0.000362 2.075742 2.817482 4.893224 1.110604
 0.000362 2.076693 2.813597 4.890290 1.073056
 0.000363 2.078582 2.809781 4.888363 1.048742
 0.000363 2.081670 2.806125 4.887796 1.041639
 0.000364 2.085451 2.802586 4.888037 1.044656
 0.000364 2.090107 2.799276 4.889383 1.061576
 0.000365 2.095498 2.796109 4.891608 1.089837
 0.000365 2.101615 2.792977 4.894592 1.128321
 0.000366 2.108764 2.790031 4.898795 1.183670
 0.000366 2.116383 2.787306 4.903689 1.249781
 0.000367 2.124361 2.784648 4.909009 1.323681
 0.000367 2.132257 2.782170 4.914427 1.401122
 0.000368 2.139969 2.780000 4.919968 1.482609
 0.000368 2.148311 2.778076 4.926388 1.579884
 0.000369 2.157486 2.776370 4.933856 1.696940
 0.000369 2.167190 2.774930 4.942119 1.831339
 0.000370 2.177442 2.773653 4.951095 1.983124
 0.000370 2.188562 2.772585 4.961148 2.160297
 0.000371 2.200537 2.771629 4.972166 2.363195
 0.000371 2.213323 2.770948 4.984271 2.596603
 0.000372 2.226722 2.770436 4.997158 2.857153
 0.000372 2.240772 2.770002 5.010774 3.145981
 0.000373 2.255565 2.769745 5.025310 3.469690
 0.000373 2.270776 2.769703 5.040479 3.824378
 0.000374 2.286137 2.769734 5.055871 4.201917
 0.000374 2.301308 2.769785 5.071093 4.592746
 0.000375 2.315903 2.769996 5.085899 4.989580
 0.000375 2.329791 2.770307 5.100098 5.385597
 0.000376 2.342394 2.770560 5.112954 5.757195
 0.000376 2.353596 2.770831 5.124427 6.099299
 0.000377 2.363247 2.771185 5.134432 6.405655
 0.000377 2.370531 2.771612 5.142143 6.646906
 0.000378 2.375556 2.771871 5.147426 6.814784
 0.000378 2.378422 2.772030 5.150452 6.911861
 0.000379 2.379151 2.772069 5.151220 6.936620
 0.000379 2.377648 2.771916 5.149564 6.883303
 0.000380 2.373698 2.771543 5.145241 6.745090
 0.000380 2.367722 2.770974 5.138697 6.538539
 0.000381 2.359805 2.770131 5.129936 6.267067
 0.000381 2.350235 2.769035 5.119270 5.944313
 0.000382 2.339109 2.767631 5.106740 5.576030
 0.000382 2.327088 2.766062 5.093149 5.189913
 0.000383 2.314291 2.764329 5.078619 4.792421
 0.000383 2.301505 2.762405 5.063910 4.406150
 0.000384 2.288401 2.760234 5.048635 4.022208
 0.000384 2.275218 2.757979 5.033197 3.651953
 0.000385 2.262240 2.755644 5.017884 3.302341
 0.000385 2.249378 2.753150 5.002527 2.969392
 0.000386 2.237333 2.750429 4.987762 2.665950
 0.000386 2.226369 2.747565 4.973933 2.396588
 0.000387 2.216252 2.744705 4.960957 2.156865
 0.000387 2.206829 2.741848 4.948677 1.941648
 0.000388 2.197941 2.739152 4.937094 1.748995
 0.000388 2.189066 2.736566 4.925631 1.568263
 0.000389 2.180106 2.734183 4.914289 1.399118
 0.000389 2.171096 2.732035 4.903130 1.242139
 0.000390 2.161519 2.730228 4.891747 1.091622
 0.000390 2.151707 2.728763 4.880470 0.952084
 0.000391 2.141672 2.727568 4.869240 0.822608
 0.000391 2.131292 2.726715 4.858008 0.702570
 0.000392 2.120905 2.726344 4.847249 0.596470
 0.000392 2.110349 2.726478 4.836828 0.501964
 0.000393 2.100158 2.727022 4.827179 0.421732
 0.000393 2.090472 2.728024 4.818496 0.355499
 0.000394 2.081551 2.729428 4.810978 0.302719
 0.000394 2.073846 2.731280 4.805126 0.264571
 0.000395 2.068032 2.733528 4.801560 0.242581
 0.000395 2.064035 2.736242 4.800277 0.234902
 0.000396 2.061827 2.739392 4.801219 0.240529
 0.000396 2.061338 2.743079 4.804417 0.260120
 0.000397 2.062554 2.747113 4.809667 0.293951
 0.000397 2.065197 2.751504 4.816701 0.342509
 0.000398 2.069044 2.756157 4.825201 0.406143
 0.000398 2.073860 2.761088 4.834948 0.485782
 0.000399 2.079542 2.766312 4.845854 0.583340
 0.000399 2.085772 2.771732 4.857505 0.697416
 0.000400 2.092460 2.777383 4.869843 0.829327
 0.000400 2.099154 2.783365 4.882519 0.976723
 0.000401 2.105952 2.789649 4.895600 1.141485
 0.000401 2.112595 2.796049 4.908643 1.318529
 0.000402 2.118606 2.802629 4.921236 1.501568
 0.000402 2.124335 2.809207 4.933543 1.691953
 0.000403 2.130108 2.815806 4.945914 1.894781
 0.000403 2.135852 2.822472 4.958325 2.109783
 0.000404 2.141888 2.829140 4.971028 2.341813
 0.000404 2.148567 2.835792 4.984359 2.598343
 0.000405 2.155968 2.842386 4.998354 2.881980
 0.000405 2.164042 2.848889 5.012930 3.193004
 0.000406 2.172743 2.855433 5.028176 3.535379
 0.000406 2.181928 2.861902 5.043831 3.905061
 0.000407 2.190991 2.868146 5.059137 4.284294
 0.000407 2.199980 2.874173 5.074153 4.673416
 0.000408 2.209097 2.879986 5.089083 5.077074
 0.000408 2.217687 2.885560 5.103247 5.475483
 0.000409 2.225409 2.890926 5.116335 5.856984
 0.000409 2.232177 2.895959 5.128135 6.211970
 0.000410 2.237324 2.900828 5.138152 6.521494
 0.000410 2.241162 2.905473 5.146635 6.789524
 0.000411 2.243007 2.909887 5.152894 6.990726
 0.000411 2.242577 2.913980 5.156558 7.109866
 0.000412 2.240315 2.917784 5.158099 7.160271
 0.000412 2.236038 2.921224 5.157262 7.132888
 0.000413 2.229337 2.924333 5.153670 7.015877
 0.000413 2.220265 2.927178 5.147442 6.815304
 0.000414 2.208937 2.929681 5.138618 6.536078
 0.000414 2.195904 2.931717 5.127621 6.196275
 0.000415 2.180896 2.933255 5.114151 5.792424
 0.000415 2.165338 2.934368 5.099706 5.374466
 0.000416 2.149267 2.935115 5.084381 4.948149
 0.000416 2.133069 2.935471 5.068540 4.525986
 0.000417 2.117448 2.935491 5.052939 4.128613
 0.000417 2.103149 2.935237 5.038386 3.774407
 0.000418 2.090506 2.934667 5.025173 3.466567
 0.000418 2.079204 2.933799 5.013003 3.194602
 0.000419 2.069922 2.932776 5.002698 2.972996
 0.000419 2.062654 2.931618 4.994273 2.797741
 0.000420 2.057452 2.930279 4.987731 2.665326
 0.000420 2.054257 2.928744 4.983001 2.571595
 0.000421 2.052309 2.927088 4.979396 2.501283
 0.000421 2.051414 2.925426 4.976840 2.452014
 0.000422 2.051403 2.923711 4.975114 2.419027
 0.000422 2.051769 2.922017 4.973786 2.393804
 0.000423 2.052146 2.920289 4.972436 2.368277
 0.000423 2.052124 2.918658 4.970782 2.337206
 0.000424 2.051184 2.917069 4.968253 2.290103
 0.000424 2.049187 2.915579 4.964765 2.225911
 0.000425 2.046187 2.914061 4.960249 2.144145
 0.000425 2.042365 2.912664 4.955028 2.051549
 0.000426 2.037441 2.911503 4.948944 1.946209
 0.000426 2.031651 2.910626 4.942277 1.833961
 0.000427 2.025536 2.909922 4.935458 1.722597
 0.000427 2.019409 2.909330 4.928740 1.616300
 0.000428 2.013837 2.908912 4.922749 1.524366
 0.000428 2.009161 2.908747 4.917909 1.452051
 0.000429 2.005228 2.908713 4.913941 1.394087
 0.000429 2.002610 2.908911 4.911521 1.359316
 0.000430 2.001475 2.909281 4.910755 1.348402
 0.000430 2.001919 2.909831 4.911750 1.362582
 0.000431 2.003871 2.910596 4.914467 1.401703
 0.000431 2.007221 2.911628 4.918849 1.465967
 0.000432 2.011463 2.912723 4.924186 1.546173
 0.000432 2.016099 2.913976 4.930075 1.637165
 0.000433 2.020741 2.915339 4.936081 1.732626
 0.000433 2.024749 2.916754 4.941503 1.821145
 0.000434 2.028278 2.918335 4.946612 1.906568
 0.000434 2.031190 2.920160 4.951350 1.987527
 0.000435 2.033801 2.922133 4.955934 2.067465
 0.000435 2.035984 2.924100 4.960083 2.141183
 0.000436 2.037781 2.926119 4.963899 2.210119
 0.000436 2.039289 2.928061 4.967350 2.273389
 0.000437 2.040675 2.929872 4.970547 2.332814
 0.000437 2.042678 2.931450 4.974128 2.400283
 0.000438 2.044961 2.932937 4.977897 2.472331
 0.000438 2.047517 2.934415 4.981932 2.550649
 0.000439 2.050998 2.935838 4.986836 2.647474
 0.000439 2.055586 2.937187 4.992773 2.767096
 0.000440 2.061166 2.938537 4.999703 2.910096
 0.000440 2.067768 2.939821 5.007589 3.077184
 0.000441 2.074808 2.941028 5.015837 3.256926
 0.000441 2.082415 2.942257 5.024672 3.455152
 0.000442 2.090879 2.943575 5.034454 3.681420
 0.000442 2.100229 2.944963 5.045192 3.938074
 0.000443 2.110300 2.946332 5.056632 4.221032
 0.000443 2.120730 2.947653 5.068383 4.521889
 0.000444 2.130832 2.949012 5.079844 4.825317
 0.000444 2.140387 2.950244 5.090632 5.119910
 0.000445 2.149226 2.951448 5.100674 5.401972
 0.000445 2.157258 2.952579 5.109837 5.665953
 0.000446 2.164009 2.953558 5.117567 5.893545
 0.000446 2.169563 2.954410 5.123973 6.085568
 0.000447 2.174009 2.955003 5.129012 6.238754
 0.000447 2.177145 2.955332 5.132478 6.345229
 0.000448 2.178450 2.955528 5.133978 6.391596
 0.000448 2.178202 2.955689 5.133892 6.388928
 0.000449 2.176502 2.955710 5.132212 6.337041
 0.000449 2.173029 2.955480 5.128509 6.223376
 0.000450 2.168056 2.955093 5.123150 6.060720
 0.000450 2.161858 2.954603 5.116461 5.860728
 0.000451 2.154091 2.953898 5.107989 5.612204
 0.000451 2.145487 2.953017 5.098504 5.340392
 0.000452 2.136755 2.951955 5.088710 5.066776
 0.000452 2.127636 2.950716 5.078352 4.785254
 0.000453 2.118107 2.949292 5.067399 4.496312
 0.000453 2.108432 2.947616 5.056049 4.206372
 0.000454 2.098530 2.945786 5.044315 3.916796
 0.000454 2.088376 2.943875 5.032251 3.629844
 0.000455 2.078122 2.941811 5.019934 3.348112
 0.000455 2.067961 2.939589 5.007550 3.076338
 0.000456 2.057684 2.937173 4.994856 2.809708
 0.000456 2.047454 2.934675 4.982128 2.554484
 0.000457 2.036889 2.932051 4.968940 2.302850
 0.000457 2.026007 2.929410 4.955417 2.058367
 0.000458 2.015180 2.926779 4.941960 1.828702
 0.000458 2.004247 2.924178 4.928425 1.611402
 0.000459 1.992953 2.921699 4.914652 1.404394
 0.000459 1.981317 2.919246 4.900564 1.207352
 0.000460 1.969719 2.916825 4.886544 1.026055
 0.000460 1.958027 2.914618 4.872645 0.860869
 0.000461 1.945964 2.912592 4.858556 0.708213
 0.000461 1.934058 2.910727 4.844785 0.573387
 0.000462 1.922412 2.909190 4.831602 0.457643
 0.000462 1.911208 2.907973 4.819180 0.360513
 0.000463 1.900725 2.906954 4.807679 0.280897
 0.000463 1.891114 2.906302 4.797416 0.218229
 0.000464 1.882689 2.905887 4.788576 0.170580
 0.000464 1.875559 2.905753 4.781312 0.135814
 0.000465 1.869781 2.905891 4.775672 0.111552
 0.000465 1.866042 2.906351 4.772393 0.098543
 0.000466 1.864709 2.907140 4.771850 0.096464
 0.000466 1.865756 2.908134 4.773890 0.104381
 0.000467 1.869082 2.909281 4.778363 0.122833
 0.000467 1.874405 2.910653 4.785059 0.153253
 0.000468 1.881923 2.912141 4.794063 0.199467
 0.000468 1.891453 2.913720 4.805174 0.264869
 0.000469 1.902601 2.915325 4.817925 0.351342
 0.000469 1.914969 2.916928 4.831897 0.460095
 0.000470 1.928409 2.918609 4.847019 0.594288
 0.000470 1.941853 2.920329 4.862182 0.746076
 0.000471 1.955238 2.922106 4.877344 0.915089
 0.000471 1.968225 2.923877 4.892102 1.096167
 0.000472 1.980774 2.925662 4.906437 1.287683
 0.000472 1.993173 2.927441 4.920614 1.492250
 0.000473 2.005117 2.929104 4.934222 1.702783
 0.000473 2.016242 2.930607 4.946848 1.910564
 0.000474 2.026724 2.931852 4.958576 2.114257
 0.000474 2.036538 2.932882 4.969420 2.311772
 0.000475 2.045698 2.933741 4.979439 2.502119
 0.000475 2.055176 2.934434 4.989609 2.703025
 0.000476 2.065071 2.935022 5.000094 2.918255
 0.000476 2.075450 2.935411 5.010862 3.147894
 0.000477 2.086936 2.935618 5.022554 3.407091
 0.000477 2.099689 2.935672 5.035361 3.702778
 0.000478 2.113180 2.935488 5.048668 4.023016
 0.000478 2.126992 2.935036 5.062028 4.357907
 0.000479 2.140971 2.934365 5.075336 4.704795
 0.000479 2.155248 2.933509 5.088756 5.068058
 0.000480 2.169301 2.932410 5.101711 5.431552
 0.000480 2.183136 2.931159 5.114295 5.796676
 0.000481 2.196146 2.929771 5.125918 6.144460
 0.000481 2.208160 2.928262 5.136422 6.467484
 0.000482 2.218739 2.926677 5.145416 6.750673
 0.000482 2.227870 2.924908 5.152777 6.986936
 0.000483 2.235652 2.923141 5.158793 7.183049
 0.000483 2.241522 2.921307 5.162829 7.316133
 0.000484 2.244973 2.919239 5.164212 7.362035
 0.000484 2.246387 2.917032 5.163419 7.335698
 0.000485 2.245794 2.914800 5.160593 7.242264
 0.000485 2.243288 2.912561 5.155850 7.086762
 0.000486 2.239162 2.910316 5.149478 6.880534
 0.000486 2.233714 2.908096 5.141810 6.636399
 0.000487 2.226981 2.906023 5.133004 6.361471
 0.000487 2.218912 2.903935 5.122848 6.051607
 0.000488 2.209736 2.901785 5.111521 5.715158
 0.000488 2.199697 2.899665 5.099362 5.364708
 0.000489 2.188618 2.897541 5.086159 4.996711
 0.000489 2.176544 2.895468 5.072012 4.616910
 0.000490 2.164090 2.893554 5.057644 4.246547
 0.000490 2.151011 2.891775 5.042786 3.879831
 0.000491 2.137876 2.890107 5.027983 3.530935
 0.000491 2.124664 2.888516 5.013180 3.198473
 0.000492 2.111499 2.887072 4.998571 2.886480
 0.000492 2.099064 2.885919 4.984983 2.610661
 0.000493 2.087204 2.884909 4.972114 2.362209
 0.000493 2.076394 2.884210 4.960603 2.150511
 0.000494 2.066635 2.883685 4.950320 1.969783
 0.000494 2.057949 2.883386 4.941336 1.818380
 0.000495 2.050684 2.883368 4.934052 1.700069
 0.000495 2.044550 2.883507 4.928057 1.605688
 0.000496 2.039262 2.883793 4.923055 1.529002
 0.000496 2.034630 2.884279 4.918909 1.466852
 0.000497 2.030522 2.885013 4.915535 1.417232
 0.000497 2.026725 2.885884 4.912609 1.374897
 0.000498 2.023044 2.886912 4.909956 1.337055
 0.000498 2.019367 2.888183 4.907549 1.303193
 0.000499 2.015866 2.889724 4.905590 1.275946
 0.000499 2.012540 2.891542 4.904083 1.255176
 0.000500 2.009696 2.893575 4.903271 1.244062
