#! FIELDS time dAB dAC rc bias
 0.000000 2.009696 2.893575 4.903271 4.004646
 0.000000 2.006783 2.895637 4.902420 3.983809
 0.000001 2.003129 2.897802 4.900931 3.947500
 0.000001 1.998969 2.900180 4.899149 3.904259
 0.000002 1.994680 2.902732 4.897412 3.862336
 0.000002 1.990901 2.905337 4.896238 3.834128
 0.000003 1.987910 2.908013 4.895923 3.826578
 0.000003 1.985992 2.910690 4.896682 3.844783
 0.000004 1.985169 2.913393 4.898563 3.890077
 0.000004 1.985688 2.915981 4.901669 3.965475
 0.000005 1.987722 2.918481 4.906203 4.076826
 0.000005 1.991240 2.921008 4.912249 4.227701
 0.000006 1.996525 2.923590 4.920115 4.428129
 0.000006 2.003127 2.926142 4.929269 4.667178
 0.000007 2.010828 2.928640 4.939468 4.940933
 0.000007 2.019801 2.931071 4.950872 5.256280
 0.000008 2.029606 2.933471 4.963077 5.604573
 0.000008 2.039955 2.935699 4.975654 5.975160
 0.000009 2.050344 2.937781 4.988125 6.354338
 0.000009 2.060875 2.939617 5.000493 6.741915
 0.000010 2.070849 2.941272 5.012120 7.116756
 0.000010 2.079973 2.942728 5.022701 7.466662
 0.000011 2.088663 2.944060 5.032722 7.805801
 0.000011 2.096584 2.945253 5.041837 8.120792
 0.000012 2.103618 2.946330 5.049948 8.406352
 0.000012 2.109150 2.947099 5.056249 8.631601
 0.000013 2.113832 2.947459 5.061291 8.813950
 0.000013 2.117930 2.947442 5.065372 8.962959
 0.000014 2.121536 2.947097 5.068633 9.082937
 0.000014 2.124885 2.946446 5.071330 9.182782
 0.000015 2.128151 2.945582 5.073733 9.272166
 0.000015 2.131644 2.944451 5.076095 9.360471
 0.000016 2.135298 2.943016 5.078314 9.443789
 0.000016 2.139231 2.941258 5.080489 9.525833
 0.000017 2.143339 2.939096 5.082436 9.599561
 0.000017 2.147887 2.936560 5.084446 9.676012
 0.000018 2.152923 2.933621 5.086545 9.756118
 0.000018 2.158236 2.930360 5.088596 9.834731
 0.000019 2.163503 2.926820 5.090322 9.901162
 0.000019 2.168537 2.923082 5.091619 9.951199
 0.000020 2.173610 2.919127 5.092738 9.994471
 0.000020 2.178467 2.914941 5.093408 10.020432
 0.000021 2.182665 2.910602 5.093267 10.014982
 0.000021 2.185555 2.906132 5.091687 9.953836
 0.000022 2.186717 2.901507 5.088224 9.820457
 0.000022 2.185946 2.896729 5.082675 9.608659
 0.000023 2.183235 2.891824 5.075059 9.321682
 0.000023 2.177961 2.886797 5.064758 8.940484
 0.000024 2.170494 2.881642 5.052136 8.484223
 0.000024 2.161298 2.876368 5.037666 7.975876
 0.000025 2.150387 2.871109 5.021496 7.426363
 0.000025 2.138227 2.865834 5.004061 6.855858
 0.000026 2.124904 2.860671 4.985575 6.275868
 0.000026 2.111228 2.855486 4.966714 5.710510
 0.000027 2.097943 2.850370 4.948313 5.184671
 0.000027 2.085516 2.845256 4.930772 4.707025
 0.000028 2.074671 2.840191 4.914861 4.293749
 0.000028 2.065983 2.835187 4.901170 3.953321
 0.000029 2.058902 2.830280 4.889182 3.666783
 0.000029 2.053433 2.825455 4.878888 3.429330
 0.000030 2.049230 2.820752 4.869981 3.230300
 0.000030 2.046733 2.816237 4.862969 3.077790
 0.000031 2.045783 2.811988 4.857772 2.967134
 0.000031 2.046203 2.808016 4.854218 2.892639
 0.000032 2.047972 2.804180 4.852152 2.849749
 0.000032 2.050826 2.800608 4.851434 2.834932
 0.000033 2.054137 2.797269 4.851406 2.834346
 0.000033 2.057414 2.794177 4.851591 2.838170
 0.000034 2.060311 2.791310 4.851621 2.838796
 0.000034 2.062688 2.788509 4.851197 2.830051
 0.000035 2.064203 2.785919 4.850122 2.807945
 0.000035 2.065073 2.783547 4.848620 2.777191
 0.000036 2.064895 2.781304 4.846199 2.728009
 0.000036 2.063705 2.779213 4.842918 2.662047
 0.000037 2.061711 2.777261 4.838972 2.583768
 0.000037 2.059467 2.775389 4.834856 2.503374
 0.000038 2.057166 2.773646 4.830811 2.425612
 0.000038 2.055180 2.771908 4.827088 2.355109
 0.000039 2.053957 2.770181 4.824138 2.299989
 0.000039 2.053606 2.768531 4.822137 2.262969
 0.000040 2.054250 2.766810 4.821060 2.243178
 0.000040 2.056302 2.764968 4.821270 2.247034
 0.000041 2.059920 2.763145 4.823065 2.280106
 0.000041 2.064749 2.761193 4.825942 2.333616
 0.000042 2.070988 2.759170 4.830158 2.413174
 0.000042 2.078957 2.757149 4.836105 2.527648
 0.000043 2.088398 2.755126 4.843523 2.674150
 0.000043 2.098669 2.753118 4.851787 2.842225
 0.000044 2.109472 2.751065 4.860537 3.025755
 0.000044 2.120294 2.749021 4.869315 3.215644
 0.000045 2.131506 2.747116 4.878621 3.423283
 0.000045 2.142608 2.745170 4.887778 3.633938
 0.000046 2.153135 2.743218 4.896352 3.836873
 0.000046 2.162940 2.741374 4.904314 4.030240
 0.000047 2.171477 2.739619 4.911096 4.198727
 0.000047 2.178667 2.737909 4.916576 4.337379
 0.000048 2.184651 2.736182 4.920833 4.446641
 0.000048 2.189772 2.734470 4.924242 4.535131
 0.000049 2.193829 2.732837 4.926666 4.598574
 0.000049 2.196620 2.731265 4.927885 4.630642
 0.000050 2.198182 2.729809 4.927990 4.633412
 0.000050 2.199125 2.728555 4.927680 4.625230
 0.000051 2.199496 2.727456 4.926952 4.606087
 0.000051 2.199189 2.726459 4.925649 4.571877
 0.000052 2.198440 2.725584 4.924024 4.529432
 0.000052 2.197633 2.724850 4.922483 4.489353
 0.000053 2.196881 2.724330 4.921211 4.456400
 0.000053 2.196421 2.723932 4.920353 4.434247
 0.000054 2.196248 2.723772 4.920021 4.425684
 0.000054 2.196189 2.723717 4.919906 4.422738
 0.000055 2.196131 2.723871 4.920002 4.425199
 0.000055 2.196211 2.724268 4.920478 4.437481
 0.000056 2.196179 2.724868 4.921047 4.452181
 0.000056 2.196183 2.725747 4.921929 4.475000
 0.000057 2.195315 2.726839 4.922155 4.480838
 0.000057 2.193587 2.728253 4.921840 4.472682
 0.000058 2.190856 2.730037 4.920893 4.448196
 0.000058 2.186784 2.732164 4.918947 4.398070
 0.000059 2.181616 2.734609 4.916226 4.328446
 0.000059 2.174731 2.737451 4.912182 4.226026
 0.000060 2.166204 2.740566 4.906770 4.090851
 0.000060 2.156229 2.743907 4.900136 3.928175
 0.000061 2.145045 2.747551 4.892595 3.747265
 0.000061 2.133764 2.751633 4.885397 3.578560
 0.000062 2.122375 2.756168 4.878543 3.421508
 0.000062 2.110925 2.761129 4.872054 3.276089
 0.000063 2.099761 2.766365 4.866126 3.145990
 0.000063 2.089403 2.771812 4.861215 3.040210
 0.000064 2.080152 2.777433 4.857585 2.963191
 0.000064 2.072121 2.783228 4.855349 2.916241
 0.000065 2.065721 2.789286 4.855007 2.909085
 0.000065 2.061152 2.795557 4.856709 2.944751
 0.000066 2.058117 2.801968 4.860084 3.016121
 0.000066 2.057183 2.808373 4.865556 3.133629
 0.000067 2.057599 2.814766 4.872365 3.282991
 0.000067 2.059232 2.821104 4.880336 3.462261
 0.000068 2.062155 2.827323 4.889478 3.673721
 0.000068 2.065880 2.833336 4.899215 3.905864
 0.000069 2.069853 2.839133 4.908986 4.145939
 0.000069 2.073746 2.844704 4.918450 4.385319
 0.000070 2.076827 2.850049 4.926876 4.604082
 0.000070 2.078671 2.855117 4.933788 4.787527
 0.000071 2.079153 2.859960 4.939112 4.931260
 0.000071 2.077953 2.864464 4.942417 5.021557
 0.000072 2.074884 2.868619 4.943503 5.051393
 0.000072 2.070834 2.872387 4.943221 5.043628
 0.000073 2.066241 2.875695 4.941937 5.008374
 0.000073 2.061103 2.878624 4.939727 4.947978
 0.000074 2.055664 2.881204 4.936868 4.870402
 0.000074 2.050135 2.883466 4.933601 4.782506
 0.000075 2.045143 2.885345 4.930489 4.699507
 0.000075 2.041245 2.886843 4.928089 4.636007
 0.000076 2.038740 2.888007 4.926747 4.600690
 0.000076 2.038256 2.888811 4.927067 4.609099
 0.000077 2.039951 2.889381 4.929332 4.668843
 0.000077 2.043349 2.889762 4.933111 4.769378
 0.000078 2.048540 2.889848 4.938387 4.911555
 0.000078 2.055550 2.889666 4.945217 5.098680
 0.000079 2.064417 2.889400 4.953817 5.339305
 0.000079 2.074346 2.888947 4.963293 5.610827
 0.000080 2.084815 2.888340 4.973155 5.900581
 0.000080 2.095755 2.887542 4.983297 6.206165
 0.000081 2.106248 2.886563 4.992810 6.499826
 0.000081 2.115864 2.885379 5.001243 6.765794
 0.000082 2.124401 2.883990 5.008392 6.995447
 0.000082 2.131911 2.882340 5.014251 7.186534
 0.000083 2.137710 2.880708 5.018418 7.324003
 0.000083 2.141634 2.879021 5.020655 7.398337
 0.000084 2.143820 2.877393 5.021213 7.416938
 0.000084 2.144404 2.875799 5.020203 7.383283
 0.000085 2.143905 2.874210 5.018115 7.313949
 0.000085 2.142738 2.872585 5.015324 7.221801
 0.000086 2.140688 2.870948 5.011636 7.100927
 0.000086 2.138299 2.869379 5.007678 6.972359
 0.000087 2.135713 2.867883 5.003596 6.840968
 0.000087 2.133098 2.866506 4.999605 6.713708
 0.000088 2.131138 2.865288 4.996427 6.613242
 0.000088 2.129658 2.864429 4.994088 6.539772
 0.000089 2.128693 2.863802 4.992496 6.489999
 0.000089 2.128575 2.863391 4.991966 6.473477
 0.000090 2.129405 2.863292 4.992696 6.496256
 0.000090 2.131409 2.863404 4.994813 6.562502
 0.000091 2.134323 2.863706 4.998029 6.663800
 0.000091 2.137677 2.864209 5.001887 6.786317
 0.000092 2.141665 2.864957 5.006623 6.938265
 0.000092 2.145806 2.865969 5.011775 7.105482
 0.000093 2.149691 2.867215 5.016906 7.273981
 0.000093 2.152945 2.868629 5.021573 7.428965
 0.000094 2.155082 2.870263 5.025345 7.555398
 0.000094 2.156059 2.872091 5.028149 7.650106
 0.000095 2.155935 2.874037 5.029973 7.711995
 0.000095 2.154436 2.875975 5.030411 7.726904
 0.000096 2.151541 2.877977 5.029518 7.696522
 0.000096 2.147185 2.880060 5.027245 7.619501
 0.000097 2.141773 2.882132 5.023905 7.507005
 0.000097 2.135741 2.884197 5.019938 7.374485
 0.000098 2.129126 2.886251 5.015377 7.223543
 0.000098 2.122033 2.888247 5.010280 7.056740
 0.000099 2.114494 2.890218 5.004712 6.876753
 0.000099 2.106811 2.892098 4.998909 6.691644
 0.000100 2.099223 2.893756 4.992979 6.505094
 0.000100 2.092018 2.895328 4.987346 6.330311
 0.000101 2.085344 2.896795 4.982139 6.170901
 0.000101 2.079691 2.898219 4.977910 6.042881
 0.000102 2.074917 2.899421 4.974338 5.935828
 0.000102 2.070710 2.900441 4.971151 5.841123
 0.000103 2.067543 2.901364 4.968907 5.774893
 0.000103 2.065370 2.902164 4.967534 5.734526
 0.000104 2.064329 2.902709 4.967037 5.719986
 0.000104 2.064065 2.902975 4.967040 5.720049
 0.000105 2.064021 2.902943 4.966964 5.717836
 0.000105 2.063979 2.902775 4.966754 5.711693
 0.000106 2.063357 2.902491 4.965848 5.685196
 0.000106 2.062017 2.902111 4.964128 5.635075
 0.000107 2.060111 2.901616 4.961727 5.565484
 0.000107 2.057144 2.901084 4.958228 5.464855
 0.000108 2.052863 2.900370 4.953232 5.322757
 0.000108 2.047898 2.899480 4.947378 5.158630
 0.000109 2.042655 2.898444 4.941100 4.985457
 0.000109 2.036285 2.897267 4.933552 4.781193
 0.000110 2.029107 2.896026 4.925133 4.558389
 0.000110 2.021225 2.894637 4.915861 4.319169
 0.000111 2.012428 2.893094 4.905522 4.060016
 0.000111 2.003666 2.891517 4.895184 3.808887
 0.000112 1.995414 2.889875 4.885289 3.576053
 0.000112 1.988102 2.888103 4.876205 3.368743
 0.000113 1.982097 2.886294 4.868391 3.195392
 0.000113 1.977344 2.884560 4.861903 3.054932
 0.000114 1.973737 2.882831 4.856568 2.941793
 0.000114 1.971414 2.881133 4.852546 2.857919
 0.000115 1.970588 2.879401 4.849988 2.805197
 0.000115 1.971399 2.877782 4.849181 2.788670
 0.000116 1.973493 2.876272 4.849766 2.800630
 0.000116 1.976604 2.874884 4.851489 2.836057
 0.000117 1.980477 2.873607 4.854084 2.889841
 0.000117 1.984754 2.872398 4.857152 2.954069
 0.000118 1.988975 2.871351 4.860326 3.021266
 0.000118 1.992709 2.870507 4.863216 3.083088
 0.000119 1.996116 2.869958 4.866074 3.144868
 0.000119 1.998877 2.869681 4.868558 3.199046
 0.000120 2.000848 2.869736 4.870584 3.243579
 0.000120 2.002197 2.870099 4.872296 3.281464
 0.000121 2.002888 2.870888 4.873776 3.314377
 0.000121 2.002903 2.872139 4.875042 3.342655
 0.000122 2.003074 2.873856 4.876931 3.385082
 0.000122 2.003492 2.875968 4.879460 3.442328
 0.000123 2.004689 2.878419 4.883107 3.525702
 0.000123 2.006928 2.881175 4.888103 3.641523
 0.000124 2.010244 2.884319 4.894563 3.794062
 0.000124 2.014759 2.887764 4.902523 3.986333
 0.000125 2.020637 2.891442 4.912079 4.223444
 0.000125 2.027749 2.895311 4.923060 4.504345
 0.000126 2.035914 2.899386 4.935300 4.828106
 0.000126 2.044921 2.903816 4.948737 5.196496
 0.000127 2.054562 2.908506 4.963068 5.604304
 0.000127 2.064517 2.913447 4.977964 6.044513
 0.000128 2.074520 2.918596 4.993116 6.509359
 0.000128 2.084434 2.923779 5.008213 6.989651
 0.000129 2.093683 2.928932 5.022615 7.463762
 0.000129 2.101890 2.934217 5.036108 7.922062
 0.000130 2.108632 2.939404 5.048036 8.338601
 0.000130 2.113424 2.944338 5.057763 8.686138
 0.000131 2.116698 2.949083 5.065781 8.977966
 0.000131 2.118329 2.953612 5.071940 9.205429
 0.000132 2.117983 2.957747 5.075730 9.346793
 0.000132 2.115390 2.961607 5.076997 9.394310
 0.000133 2.110606 2.965039 5.075645 9.343593
 0.000133 2.103866 2.968039 5.071905 9.204105
 0.000134 2.095740 2.970552 5.066292 8.996748
 0.000134 2.086393 2.972618 5.059011 8.731264
 0.000135 2.075948 2.974158 5.050106 8.411972
 0.000135 2.064887 2.975191 5.040078 8.059529
 0.000136 2.053655 2.975577 5.029232 7.686817
 0.000136 2.042458 2.975317 5.017775 7.302705
 0.000137 2.031663 2.974502 5.006165 6.923503
 0.000137 2.021448 2.973303 4.994751 6.560573
 0.000138 2.011375 2.971489 4.982863 6.192946
 0.000138 2.001476 2.969155 4.970631 5.825735
 0.000139 1.992890 2.966337 4.959227 5.493506
 0.000139 1.985099 2.963045 4.948143 5.179933
 0.000140 1.978194 2.959273 4.937467 4.886611
 0.000140 1.972243 2.955001 4.927244 4.613742
 0.000141 1.967103 2.950261 4.917364 4.357511
 0.000141 1.962794 2.945095 4.907889 4.118636
 0.000142 1.958722 2.939726 4.898447 3.887297
 0.000142 1.954739 2.933997 4.888736 3.656336
 0.000143 1.951152 2.928057 4.879209 3.436624
 0.000143 1.947903 2.921960 4.869863 3.227689
 0.000144 1.944163 2.915841 4.860004 3.014409
 0.000144 1.940146 2.909728 4.849874 2.802849
 0.000145 1.935685 2.903560 4.839245 2.589153
 0.000145 1.930655 2.897476 4.828131 2.374761
 0.000146 1.925323 2.891424 4.816747 2.164758
 0.000146 1.919645 2.885421 4.805066 1.959387
 0.000147 1.914073 2.879621 4.793694 1.769274
 0.000147 1.908623 2.874080 4.782704 1.594767
 0.000148 1.903821 2.868929 4.772750 1.444536
 0.000148 1.899614 2.864129 4.763743 1.314992
 0.000149 1.896574 2.859721 4.756295 1.212468
 0.000149 1.894708 2.855659 4.750368 1.133848
 0.000150 1.894320 2.851897 4.746217 1.080362
 0.000150 1.895676 2.848562 4.744238 1.055317
 0.000151 1.898574 2.845717 4.744290 1.055978
 0.000151 1.903023 2.843308 4.746331 1.081822
 0.000152 1.908928 2.841304 4.750231 1.132070
 0.000152 1.916097 2.839725 4.755822 1.206102
 0.000153 1.924206 2.838530 4.762736 1.300882
 0.000153 1.932790 2.837784 4.770574 1.412678
 0.000154 1.941766 2.837443 4.779209 1.541167
 0.000154 1.951390 2.837486 4.788876 1.691658
 0.000155 1.961283 2.837814 4.799097 1.858399
 0.000155 1.970738 2.838532 4.809271 2.032130
 0.000156 1.980048 2.839582 4.819631 2.217034
 0.000156 1.989210 2.840923 4.830133 2.412698
 0.000157 1.998735 2.842545 4.841281 2.629421
 0.000157 2.008786 2.844490 4.853276 2.873048
 0.000158 2.019651 2.846698 4.866349 3.150839
 0.000158 2.031279 2.849359 4.880638 3.469145
 0.000159 2.043685 2.852358 4.896043 3.829454
 0.000159 2.056989 2.855646 4.912635 4.237430
 0.000160 2.071084 2.859262 4.930346 4.695712
 0.000160 2.085680 2.863012 4.948692 5.195239
 0.000161 2.100976 2.866829 4.967805 5.742478
 0.000161 2.116443 2.870756 4.987199 6.325789
 0.000162 2.131752 2.874686 5.006437 6.932282
 0.000162 2.146615 2.878417 5.025032 7.544850
 0.000163 2.160259 2.882047 5.042306 8.137166
 0.000163 2.172641 2.885526 5.058167 8.700727
 0.000164 2.183837 2.888818 5.072655 9.232012
 0.000164 2.193321 2.891842 5.085164 9.703357
 0.000165 2.201088 2.894646 5.095734 10.110816
 0.000165 2.207098 2.897146 5.104244 10.444945
 0.000166 2.210904 2.899375 5.110279 10.685184
 0.000166 2.212421 2.901305 5.113726 10.823617
 0.000167 2.211570 2.902978 5.114549 10.856803
 0.000167 2.208056 2.904397 5.112453 10.772410
 0.000168 2.202302 2.905460 5.107763 10.584693
 0.000168 2.194698 2.906132 5.100830 10.310232
 0.000169 2.184982 2.906459 5.091441 9.944333
 0.000169 2.173615 2.906509 5.080124 9.512046
 0.000170 2.160732 2.906127 5.066859 9.017595
 0.000170 2.146721 2.905460 5.052181 8.485823
 0.000171 2.131800 2.904478 5.036277 7.927903
 0.000171 2.116609 2.903234 5.019844 7.371331
 0.000172 2.101311 2.901780 5.003091 6.824809
 0.000172 2.086036 2.900044 4.986080 6.291380
 0.000173 2.070897 2.898131 4.969028 5.778431
 0.000173 2.056027 2.895911 4.951938 5.286257
 0.000174 2.041852 2.893499 4.935350 4.829472
 0.000174 2.028406 2.890953 4.919359 4.408652
 0.000175 2.015738 2.888282 4.904020 4.023014
 0.000175 2.004077 2.885524 4.889601 3.676611
 0.000176 1.993594 2.882724 4.876319 3.371307
 0.000176 1.984335 2.879993 4.864328 3.107049
 0.000177 1.975860 2.877326 4.853187 2.871187
 0.000177 1.968709 2.874918 4.843626 2.676215
 0.000178 1.962813 2.872619 4.835432 2.514546
 0.000178 1.958045 2.870466 4.828511 2.381924
 0.000179 1.954098 2.868459 4.822557 2.270717
 0.000179 1.951088 2.866610 4.817698 2.181938
 0.000180 1.948789 2.864882 4.813672 2.109696
 0.000180 1.947316 2.863468 4.810784 2.058647
 0.000181 1.946479 2.862612 4.809092 2.029011
 0.000181 1.946609 2.862232 4.808842 2.024650
 0.000182 1.947340 2.862284 4.809625 2.038321
 0.000182 1.948569 2.862737 4.811306 2.067822
 0.000183 1.950177 2.863406 4.813582 2.108109
 0.000183 1.952524 2.864241 4.816765 2.165083
 0.000184 1.955411 2.865364 4.820776 2.237964
 0.000184 1.958945 2.866802 4.825747 2.329979
 0.000185 1.962746 2.868475 4.831221 2.433429
 0.000185 1.966699 2.870387 4.837085 2.546764
 0.000186 1.971130 2.872431 4.843561 2.674908
 0.000186 1.976039 2.874637 4.850676 2.819317
 0.000187 1.981818 2.876951 4.858770 2.988219
 0.000187 1.988073 2.879424 4.867498 3.175862
 0.000188 1.994740 2.882048 4.876788 3.381870
 0.000188 2.001630 2.884789 4.886419 3.602273
 0.000189 2.008605 2.887658 4.896264 3.834749
 0.000189 2.015352 2.890468 4.905820 4.067362
 0.000190 2.021714 2.893323 4.915037 4.298222
 0.000190 2.027345 2.896180 4.923525 4.516427
 0.000191 2.032362 2.899075 4.931437 4.724725
 0.000191 2.036681 2.901942 4.938623 4.917959
 0.000192 2.039960 2.904812 4.944771 5.086372
 0.000192 2.042226 2.907612 4.949837 5.227265
 0.000193 2.043732 2.910394 4.954126 5.348033
 0.000193 2.044774 2.913093 4.957867 5.454511
 0.000194 2.045516 2.915830 4.961346 5.554497
 0.000194 2.045767 2.918448 4.964215 5.637624
 0.000195 2.045435 2.920999 4.966434 5.702329
 0.000195 2.044587 2.923431 4.968018 5.748743
 0.000196 2.043310 2.925907 4.969217 5.783993
 0.000196 2.041614 2.928302 4.969916 5.804621
 0.000197 2.040196 2.930561 4.970757 5.829466
 0.000197 2.039347 2.932674 4.972022 5.866919
 0.000198 2.038965 2.934666 4.973631 5.914738
 0.000198 2.039329 2.936610 4.975939 5.983711
 0.000199 2.040292 2.938506 4.978798 6.069666
 0.000199 2.042164 2.940330 4.982494 6.181701
 0.000200 2.044682 2.942071 4.986753 6.312071
 0.000200 2.047674 2.943646 4.991320 6.453365
 0.000201 2.050414 2.945102 4.995516 6.584596
 0.000201 2.053074 2.946542 4.999616 6.714072
 0.000202 2.055889 2.947889 5.003779 6.846825
 0.000202 2.059038 2.949062 5.008100 6.985996
 0.000203 2.062506 2.950074 5.012580 7.131791
 0.000203 2.065608 2.950905 5.016513 7.261007
 0.000204 2.068181 2.951499 5.019680 7.365885
 0.000204 2.070490 2.951804 5.022294 7.453037
 0.000205 2.072848 2.951874 5.024721 7.534422
 0.000205 2.074953 2.951709 5.026663 7.599830
 0.000206 2.077139 2.951221 5.028360 7.657238
 0.000206 2.079477 2.950371 5.029848 7.707753
 0.000207 2.081559 2.949220 5.030778 7.739421
 0.000207 2.083692 2.947690 5.031382 7.760010
 0.000208 2.085981 2.945719 5.031700 7.770858
 0.000208 2.088469 2.943463 5.031932 7.778775
 0.000209 2.091392 2.940779 5.032171 7.786931
 0.000209 2.094475 2.937688 5.032163 7.786661
 0.000210 2.097746 2.934238 5.031984 7.780550
 0.000210 2.100988 2.930494 5.031482 7.763410
 0.000211 2.103981 2.926472 5.030452 7.728307
 0.000211 2.107766 2.922164 5.029930 7.710542
 0.000212 2.111931 2.917610 5.029541 7.697316
 0.000212 2.115680 2.912717 5.028397 7.658480
 0.000213 2.118842 2.907579 5.026421 7.591672
 0.000213 2.121540 2.902151 5.023691 7.499822
 0.000214 2.123195 2.896540 5.019735 7.367718
 0.000214 2.123689 2.890703 5.014392 7.191183
 0.000215 2.122917 2.884791 5.007708 6.973315
 0.000215 2.121584 2.878810 5.000395 6.738796
 0.000216 2.119717 2.872822 4.992539 6.491341
 0.000216 2.117373 2.866880 4.984253 6.235375
 0.000217 2.115023 2.861026 4.976049 5.986992
 0.000217 2.112554 2.855287 4.967841 5.743546
 0.000218 2.110224 2.849657 4.959881 5.512286
 0.000218 2.108294 2.844131 4.952425 5.299959
 0.000219 2.106771 2.838710 4.945481 5.105997
 0.000219 2.106098 2.833331 4.939429 4.939875
 0.000220 2.106073 2.828146 4.934219 4.799082
 0.000220 2.106519 2.823166 4.929686 4.678209
 0.000221 2.107380 2.818288 4.925667 4.572373
 0.000221 2.108583 2.813647 4.922230 4.482790
 0.000222 2.110008 2.809187 4.919195 4.404435
 0.000222 2.111376 2.804936 4.916312 4.330643
 0.000223 2.111879 2.800879 4.912759 4.240556
 0.000223 2.111549 2.796953 4.908502 4.133877
 0.000224 2.110566 2.793115 4.903680 4.014680
 0.000224 2.108754 2.789425 4.898180 3.880835
 0.000225 2.105442 2.785909 4.891351 3.717820
 0.000225 2.100154 2.782547 4.882702 3.516380
 0.000226 2.093402 2.779288 4.872690 3.290205
 0.000226 2.085606 2.776219 4.861825 3.053258
 0.000227 2.077013 2.773278 4.850291 2.811416
 0.000227 2.067814 2.770353 4.838167 2.567947
 0.000228 2.058265 2.767574 4.825838 2.331684
 0.000228 2.048581 2.764958 4.813540 2.107346
 0.000229 2.039022 2.762553 4.801575 1.899994
 0.000229 2.029803 2.760297 4.790100 1.711219
 0.000230 2.021065 2.758263 4.779327 1.542972
 0.000230 2.013205 2.756403 4.769608 1.398653
 0.000231 2.006560 2.754848 4.761408 1.282401
 0.000231 2.000996 2.753525 4.754521 1.188663
 0.000232 1.996401 2.752630 4.749031 1.116481
 0.000232 1.993228 2.752067 4.745296 1.068666
 0.000233 1.991244 2.751723 4.742966 1.039381
 0.000233 1.990602 2.751799 4.742402 1.032339
 0.000234 1.990965 2.752374 4.743339 1.044039
 0.000234 1.992135 2.753510 4.745645 1.073093
 0.000235 1.993983 2.755058 4.749041 1.116607
 0.000235 1.996852 2.757052 4.753904 1.180435
 0.000236 2.000699 2.759304 4.760003 1.262987
 0.000236 2.004898 2.761913 4.766811 1.358429
 0.000237 2.009679 2.764919 4.774599 1.471870
 0.000237 2.015722 2.768403 4.784125 1.616817
 0.000238 2.022507 2.772135 4.794642 1.784752
 0.000238 2.029902 2.776120 4.806022 1.975813
 0.000239 2.037780 2.780360 4.818139 2.189924
 0.000239 2.046453 2.784852 4.831306 2.435055
 0.000240 2.055781 2.789621 4.845402 2.711906
 0.000240 2.065723 2.794579 4.860302 3.020759
 0.000241 2.076734 2.799823 4.876557 3.376677
 0.000241 2.088636 2.805209 4.893845 3.776946
 0.000242 2.100967 2.810755 4.911722 4.214451
 0.000242 2.113769 2.816406 4.930175 4.691184
 0.000243 2.126955 2.822126 4.949081 5.206113
 0.000243 2.140638 2.827906 4.968544 5.764207
 0.000244 2.154115 2.833797 4.987912 6.347774
 0.000244 2.166997 2.839660 5.006656 6.939353
 0.000245 2.179028 2.845372 5.024400 7.523624
 0.000245 2.189796 2.850796 5.040593 8.077420
 0.000246 2.199216 2.855911 5.055127 8.591249
 0.000246 2.207545 2.860805 5.068350 9.072491
 0.000247 2.214070 2.865490 5.079559 9.490724
 0.000247 2.218496 2.869990 5.088486 9.830531
 0.000248 2.220920 2.874219 5.095139 10.087647
 0.000248 2.220977 2.878246 5.099223 10.247144
 0.000249 2.218372 2.882016 5.100388 10.292894
 0.000249 2.212870 2.885426 5.098296 10.210847
 0.000250 2.204892 2.888558 5.093450 10.022052
 0.000250 2.194679 2.891360 5.086038 9.736757
 0.000251 2.182458 2.893870 5.076328 9.369183
 0.000251 2.168380 2.896059 5.064439 8.928786
 0.000252 2.152919 2.897950 5.050870 8.439111
 0.000252 2.136546 2.899563 5.036108 7.922089
 0.000253 2.119193 2.900818 5.020010 7.376868
 0.000253 2.101512 2.901794 5.003307 6.831699
 0.000254 2.083603 2.902484 4.986088 6.291617
 0.000254 2.065530 2.902813 4.968342 5.758264
 0.000255 2.047837 2.902917 4.950754 5.252960
 0.000255 2.030917 2.902800 4.933716 4.785597
 0.000256 2.014820 2.902516 4.917336 4.356786
 0.000256 1.999683 2.902127 4.901810 3.968918
 0.000257 1.985913 2.901741 4.887654 3.631042
 0.000257 1.973596 2.901336 4.874932 3.340187
 0.000258 1.962830 2.900888 4.863717 3.093892
 0.000258 1.953678 2.900280 4.853958 2.887228
 0.000259 1.945787 2.899510 4.845297 2.709798
 0.000259 1.939101 2.898745 4.837847 2.561672
 0.000260 1.933604 2.897971 4.831575 2.440209
 0.000260 1.929490 2.897180 4.826670 2.347266
 0.000261 1.925899 2.896362 4.822261 2.265265
 0.000261 1.922609 2.895487 4.818096 2.189129
 0.000262 1.920131 2.894663 4.814794 2.129714
 0.000262 1.917584 2.894060 4.811644 2.073780
 0.000263 1.915071 2.893679 4.808750 2.023045
 0.000263 1.912566 2.893385 4.805951 1.974596
 0.000264 1.910200 2.893191 4.803391 1.930773
 0.000264 1.907699 2.893030 4.800730 1.885751
 0.000265 1.905424 2.892876 4.798300 1.845106
 0.000265 1.903850 2.892848 4.796698 1.818551
 0.000266 1.903211 2.892891 4.796102 1.808718
 0.000266 1.903118 2.893038 4.796156 1.809609
 0.000267 1.903642 2.893252 4.796894 1.821791
 0.000267 1.905223 2.893536 4.798759 1.852761
 0.000268 1.907704 2.893985 4.801688 1.901911
 0.000268 1.910915 2.894460 4.805375 1.964681
 0.000269 1.915041 2.895103 4.810144 2.047403
 0.000269 1.920344 2.895829 4.816173 2.154425
 0.000270 1.926713 2.896644 4.823357 2.285509
 0.000270 1.934233 2.897442 4.831675 2.442118
 0.000271 1.942815 2.898262 4.841077 2.625388
 0.000271 1.952209 2.899078 4.851288 2.831915
 0.000272 1.962010 2.899936 4.861946 3.055854
 0.000272 1.972255 2.900762 4.873017 3.297472
 0.000273 1.982643 2.901499 4.884142 3.549544
 0.000273 1.992912 2.902244 4.895156 3.808236
 0.000274 2.003118 2.902934 4.906051 4.073076
 0.000274 2.013106 2.903658 4.916764 4.342180
 0.000275 2.023282 2.904319 4.927602 4.623166
 0.000275 2.033871 2.904971 4.938841 4.923893
 0.000276 2.044853 2.905483 4.950336 5.241229
 0.000276 2.056242 2.905821 4.962063 5.575197
 0.000277 2.068280 2.906035 4.974315 5.935152
 0.000277 2.080779 2.906101 4.986880 6.315961
 0.000278 2.093448 2.906150 4.999598 6.713483
 0.000278 2.106249 2.906072 5.012322 7.123333
 0.000279 2.119123 2.905904 5.025027 7.544703
 0.000279 2.132213 2.905638 5.037851 7.982271
 0.000280 2.145221 2.905187 5.050408 8.422698
 0.000280 2.158127 2.904725 5.062852 8.870824
 0.000281 2.171017 2.904118 5.075134 9.324501
 0.000281 2.183639 2.903579 5.087218 9.781887
 0.000282 2.195779 2.902946 5.098725 10.227625
 0.000282 2.207411 2.902289 5.109701 10.662047
 0.000283 2.218051 2.901528 5.119580 11.060780
 0.000283 2.227268 2.900834 5.128101 11.410605
 0.000284 2.235160 2.900234 5.135394 11.714302
 0.000284 2.241640 2.899685 5.141325 11.964234
 0.000285 2.246496 2.899230 5.145726 12.151420
 0.000285 2.249419 2.898735 5.148154 12.255295
 0.000286 2.250339 2.898244 5.148583 12.273710
 0.000286 2.249139 2.897828 5.146967 12.204469
 0.000287 2.245166 2.897514 5.142680 12.021727
 0.000287 2.238331 2.897211 5.135543 11.720551
 0.000288 2.228961 2.896974 5.125936 11.321187
 0.000288 2.217621 2.896854 5.114475 10.853850
 0.000289 2.204587 2.896864 5.101451 10.334695
 0.000289 2.189989 2.897034 5.087023 9.774430
 0.000290 2.174361 2.897390 5.071751 9.198411
 0.000290 2.157894 2.897910 5.055804 8.615583
 0.000291 2.140959 2.898553 5.039512 8.039867
 0.000291 2.123971 2.899397 5.023368 7.488987
 0.000292 2.106854 2.900452 5.007306 6.960326
 0.000292 2.090029 2.901631 4.991660 6.463954
 0.000293 2.074574 2.902928 4.977503 6.030633
 0.000293 2.060774 2.904271 4.965045 5.661769
 0.000294 2.048422 2.905728 4.954150 5.348718
 0.000294 2.037819 2.907423 4.945242 5.099377
 0.000295 2.029124 2.909254 4.938378 4.911299
 0.000295 2.022499 2.911173 4.933672 4.784411
 0.000296 2.018002 2.913249 4.931251 4.719761
 0.000296 2.015190 2.915413 4.930603 4.702552
 0.000297 2.013781 2.917728 4.931509 4.726638
 0.000297 2.013450 2.920136 4.933586 4.782100
 0.000298 2.013778 2.922564 4.936342 4.856195
 0.000298 2.014451 2.924893 4.939345 4.937578
 0.000299 2.014981 2.927231 4.942212 5.015917
 0.000299 2.015050 2.929512 4.944562 5.080580
 0.000300 2.014279 2.931864 4.946143 5.124315
 0.000300 2.012147 2.934295 4.946442 5.132606
 0.000301 2.009016 2.936718 4.945734 5.113007
 0.000301 2.004811 2.939112 4.943923 5.062972
 0.000302 1.999869 2.941627 4.941495 4.996285
 0.000302 1.994250 2.944148 4.938398 4.911841
 0.000303 1.988753 2.946530 4.935283 4.827665
 0.000303 1.983630 2.948786 4.932416 4.750814
 0.000304 1.978949 2.951061 4.930011 4.686823
 0.000304 1.974934 2.953398 4.928332 4.642423
 0.000305 1.971512 2.955683 4.927194 4.612452
 0.000305 1.969257 2.957893 4.927150 4.611289
 0.000306 1.967950 2.960117 4.928066 4.635417
 0.000306 1.967736 2.962354 4.930091 4.688951
 0.000307 1.968968 2.964571 4.933539 4.780830
 0.000307 1.971174 2.966776 4.937950 4.899685
 0.000308 1.973967 2.969001 4.942969 5.036693
 0.000308 1.977258 2.971176 4.948434 5.188043
 0.000309 1.980963 2.973199 4.954162 5.349064
 0.000309 1.984484 2.975062 4.959546 5.502649
 0.000310 1.987462 2.976879 4.964341 5.641279
 0.000310 1.989744 2.978576 4.968320 5.757612
 0.000311 1.991770 2.980117 4.971887 5.862912
 0.000311 1.992996 2.981563 4.974559 5.942425
 0.000312 1.994045 2.982976 4.977020 6.016139
 0.000312 1.994789 2.984202 4.978991 6.075493
 0.000313 1.995272 2.985268 4.980540 6.122320
 0.000313 1.995350 2.986245 4.981594 6.154330
 0.000314 1.995067 2.987171 4.982238 6.173914
 0.000314 1.994622 2.987903 4.982526 6.182663
 0.000315 1.994677 2.988408 4.983085 6.199713
 0.000315 1.995986 2.988761 4.984747 6.250493
 0.000316 1.998602 2.989000 4.987601 6.338193
 0.000316 2.003068 2.989141 4.992209 6.481075
 0.000317 2.009464 2.989228 4.998692 6.684773
 0.000317 2.017903 2.989110 5.007013 6.950868
 0.000318 2.028205 2.988736 5.016941 7.275143
 0.000318 2.039944 2.988374 5.028318 7.655815
 0.000319 2.052836 2.987877 5.040713 8.081613
 0.000319 2.066649 2.987178 5.053827 8.544667
 0.000320 2.081242 2.986263 5.067505 9.041339
 0.000320 2.096308 2.985057 5.081365 9.558993
 0.000321 2.111598 2.983708 5.095306 10.094166
 0.000321 2.126504 2.982272 5.108776 10.625099
 0.000322 2.140724 2.980655 5.121379 11.134212
 0.000322 2.153950 2.978798 5.132748 11.603673
 0.000323 2.165744 2.976683 5.142426 12.010953
 0.000323 2.175499 2.974307 5.149806 12.326244
 0.000324 2.182864 2.971737 5.154600 12.533247
 0.000324 2.188002 2.969035 5.157037 12.639116
 0.000325 2.190573 2.966191 5.156764 12.627256
 0.000325 2.190199 2.963226 5.153425 12.482325
 0.000326 2.186741 2.960135 5.146876 12.200560
 0.000326 2.180281 2.956934 5.137216 11.790796
 0.000327 2.171103 2.953579 5.124682 11.269578
 0.000327 2.159579 2.950180 5.109759 10.664372
 0.000328 2.146025 2.946550 5.092576 9.988190
 0.000328 2.130945 2.942765 5.073710 9.271310
 0.000329 2.114944 2.938853 5.053797 8.543575
 0.000329 2.098651 2.934745 5.033396 7.828855
 0.000330 2.082237 2.930574 5.012812 7.139367
 0.000330 2.066351 2.926284 4.992635 6.494359
 0.000331 2.051419 2.921853 4.973273 5.904081
 0.000331 2.037771 2.917370 4.955141 5.376821
 0.000332 2.025665 2.912825 4.938490 4.914358
 0.000332 2.014954 2.908172 4.923127 4.506073
 0.000333 2.005918 2.903423 4.909342 4.154814
 0.000333 1.999022 2.898618 4.897640 3.867824
 0.000334 1.994018 2.893827 4.887846 3.635511
 0.000334 1.990994 2.889100 4.880095 3.456755
 0.000335 1.989652 2.884408 4.874060 3.320716
 0.000335 1.989478 2.879676 4.869154 3.212118
 0.000336 1.989812 2.874963 4.864776 3.116728
 0.000336 1.990093 2.870310 4.860403 3.022902
 0.000337 1.989870 2.865637 4.855507 2.919545
 0.000337 1.989178 2.860946 4.850124 2.807988
 0.000338 1.987392 2.856282 4.843674 2.677175
 0.000338 1.984081 2.851654 4.835735 2.520440
 0.000339 1.979336 2.847121 4.826457 2.343268
 0.000339 1.973012 2.842733 4.815744 2.146724
 0.000340 1.965141 2.838403 4.803543 1.933366
 0.000340 1.956591 2.834191 4.790782 1.722159
 0.000341 1.947775 2.830036 4.777811 1.519994
 0.000341 1.939358 2.825974 4.765332 1.337400
 0.000342 1.931621 2.821924 4.753545 1.175668
 0.000342 1.924902 2.817883 4.742785 1.037116
 0.000343 1.920014 2.813947 4.733961 0.929983
 0.000343 1.917450 2.810160 4.727610 0.856483
 0.000344 1.917381 2.806547 4.723927 0.815247
 0.000344 1.920026 2.803185 4.723211 0.807344
 0.000345 1.925337 2.799962 4.725299 0.830486
 0.000345 1.932870 2.797028 4.729898 0.882607
 0.000346 1.942484 2.794480 4.736963 0.965774
 0.000346 1.953404 2.792145 4.745550 1.071885
 0.000347 1.965416 2.790056 4.755473 1.201404
 0.000347 1.978036 2.788065 4.766101 1.348311
 0.000348 1.991210 2.786289 4.777499 1.515277
 0.000348 2.004500 2.784760 4.789260 1.697783
 0.000349 2.017732 2.783355 4.801087 1.891773
 0.000349 2.030856 2.782143 4.812999 2.097748
 0.000350 2.043493 2.781061 4.824553 2.307711
 0.000350 2.056023 2.780159 4.836182 2.529139
 0.000351 2.068213 2.779536 4.847749 2.759442
 0.000351 2.080262 2.779083 4.859345 3.000419
 0.000352 2.092166 2.778695 4.870861 3.249697
 0.000352 2.104125 2.778464 4.882589 3.513779
 0.000353 2.116533 2.778373 4.894906 3.802241
 0.000353 2.129157 2.778488 4.907644 4.112546
 0.000354 2.142426 2.778883 4.921309 4.458934
 0.000354 2.156387 2.779501 4.935888 4.843964
 0.000355 2.170632 2.780430 4.951062 5.261603
 0.000355 2.184769 2.781515 4.966284 5.697936
 0.000356 2.199248 2.782744 4.981992 6.166423
 0.000356 2.213399 2.784079 4.997478 6.646374
 0.000357 2.226618 2.785539 5.012158 7.117980
 0.000357 2.238427 2.787174 5.025601 7.564011
 0.000358 2.248673 2.788895 5.037569 7.972514
 0.000358 2.256893 2.790727 5.047620 8.323902
 0.000359 2.262944 2.792728 5.055672 8.610833
 0.000359 2.266730 2.794862 5.061592 8.824911
 0.000360 2.267890 2.797052 5.064943 8.947241
 0.000360 2.265792 2.799375 5.065166 8.955431
 0.000361 2.260760 2.801821 5.062581 8.860946
 0.000361 2.252794 2.804272 5.057066 8.661007
 0.000362 2.241970 2.806714 5.048684 8.361536
 0.000362 2.228797 2.809220 5.038018 7.988040
 0.000363 2.213787 2.811796 5.025583 7.563410
 0.000363 2.196987 2.814406 5.011392 7.092991
 0.000364 2.178605 2.816928 4.995532 6.585094
 0.000364 2.158935 2.819429 4.978364 6.056572
 0.000365 2.138806 2.822061 4.960866 5.540650
 0.000365 2.118835 2.824683 4.943518 5.051801
 0.000366 2.099401 2.827336 4.926737 4.600426
 0.000366 2.080800 2.829952 4.910752 4.190092
 0.000367 2.063263 2.832541 4.895804 3.823735
 0.000367 2.047579 2.835019 4.882598 3.513988
 0.000368 2.033774 2.837471 4.871245 3.258177
 0.000368 2.021985 2.839882 4.861867 3.054148
 0.000369 2.011944 2.842113 4.854057 2.889275
 0.000369 2.003417 2.844197 4.847614 2.756710
 0.000370 1.996651 2.846129 4.842780 2.659286
 0.000370 1.991071 2.847937 4.839008 2.584485
 0.000371 1.986279 2.849555 4.835834 2.522370
 0.000371 1.981805 2.850959 4.832764 2.463000
 0.000372 1.977287 2.852415 4.829702 2.404491
 0.000372 1.972695 2.853915 4.826610 2.346130
 0.000373 1.967520 2.855405 4.822924 2.277505
 0.000373 1.961569 2.856848 4.818416 2.194945
 0.000374 1.954953 2.858255 4.813208 2.101465
 0.000374 1.948058 2.859755 4.807813 2.006765
 0.000375 1.940685 2.861362 4.802046 1.907960
 0.000375 1.933166 2.862989 4.796155 1.809604
 0.000376 1.926209 2.864559 4.790769 1.721942
 0.000376 1.920243 2.866278 4.786520 1.654344
 0.000377 1.916228 2.868165 4.784394 1.621009
 0.000377 1.914488 2.870092 4.784580 1.623913
 0.000378 1.915171 2.871941 4.787111 1.663664
 0.000378 1.918195 2.873831 4.792025 1.742197
 0.000379 1.923727 2.875769 4.799496 1.865055
 0.000379 1.931826 2.877755 4.809581 2.037552
 0.000380 1.942381 2.879693 4.822074 2.261807
 0.000380 1.954880 2.881571 4.836451 2.534387
 0.000381 1.969061 2.883341 4.852402 2.854920
 0.000381 1.984571 2.885147 4.869718 3.224512
 0.000382 2.000966 2.886982 4.887947 3.637877
 0.000382 2.017487 2.888902 4.906389 4.081427
 0.000383 2.033897 2.890814 4.924710 4.547345
 0.000383 2.049430 2.892735 4.942165 5.014625
 0.000384 2.063569 2.894567 4.958136 5.462229
 0.000384 2.075780 2.896297 4.972077 5.868542
 0.000385 2.085634 2.897982 4.983615 6.215881
 0.000385 2.092658 2.899565 4.992224 6.481527
 0.000386 2.096713 2.901033 4.997747 6.654873
 0.000386 2.098054 2.902446 5.000500 6.742164
 0.000387 2.096913 2.903637 5.000550 6.743740
 0.000387 2.093977 2.904674 4.998651 6.683472
 0.000388 2.090006 2.905661 4.995667 6.589317
 0.000388 2.085437 2.906535 4.991972 6.473669
 0.000389 2.080695 2.907349 4.988043 6.351823
 0.000389 2.075661 2.907987 4.983648 6.216887
 0.000390 2.070567 2.908492 4.979058 6.077517
 0.000390 2.066249 2.908797 4.975046 5.956981
 0.000391 2.062862 2.908925 4.971788 5.859975
 0.000391 2.060795 2.908853 4.969648 5.796723
 0.000392 2.060259 2.908576 4.968835 5.772748
 0.000392 2.061378 2.908041 4.969419 5.789948
 0.000393 2.064377 2.907345 4.971722 5.858019
 0.000393 2.069367 2.906511 4.975878 5.981862
 0.000394 2.076223 2.905545 4.981768 6.159611
 0.000394 2.084437 2.904430 4.988868 6.377294
 0.000395 2.094018 2.903213 4.997231 6.638579
 0.000395 2.104779 2.901913 5.006692 6.940504
 0.000396 2.116436 2.900601 5.017037 7.278306
 0.000396 2.128203 2.899332 5.027535 7.629294
 0.000397 2.139723 2.898091 5.037814 7.980987
 0.000397 2.150307 2.896965 5.047272 8.311589
 0.000398 2.159375 2.895819 5.055195 8.593696
 0.000398 2.166981 2.894651 5.061633 8.826398
 0.000399 2.172643 2.893379 5.066022 8.986809
 0.000399 2.175664 2.892052 5.067716 9.049124
 0.000400 2.176361 2.890717 5.067078 9.025641
 0.000400 2.174369 2.889345 5.063714 8.902291
 0.000401 2.170122 2.887866 5.057988 8.694269
 0.000401 2.163806 2.886334 5.050140 8.413171
 0.000402 2.155468 2.884673 5.040141 8.061712
 0.000402 2.145495 2.882855 5.028350 7.656889
 0.000403 2.134550 2.880895 5.015445 7.225786
 0.000403 2.122803 2.878856 5.001658 6.779040
 0.000404 2.110592 2.876670 4.987262 6.327747
 0.000404 2.098525 2.874447 4.972971 5.895118
 0.000405 2.087101 2.872074 4.959176 5.492017
 0.000405 2.077070 2.869528 4.946598 5.136943
 0.000406 2.068388 2.866808 4.935196 4.825320
 0.000406 2.061744 2.863869 4.925614 4.570969
 0.000407 2.057449 2.860868 4.918317 4.381891
 0.000407 2.055468 2.857936 4.913404 4.256850
 0.000408 2.055877 2.855065 4.910942 4.194851
 0.000408 2.058457 2.852137 4.910594 4.186145
 0.000409 2.063369 2.849098 4.912467 4.233197
 0.000409 2.070357 2.846098 4.916456 4.334308
 0.000410 2.078724 2.843030 4.921754 4.470456
 0.000410 2.088296 2.840018 4.928314 4.641957
 0.000411 2.097996 2.837116 4.935111 4.823042
 0.000411 2.107167 2.834283 4.941451 4.995056
 0.000412 2.115581 2.831499 4.947080 5.150330
 0.000412 2.123005 2.828802 4.951807 5.282548
 0.000413 2.128791 2.826218 4.955009 5.373087
 0.000413 2.132866 2.823779 4.956645 5.419626
 0.000414 2.135127 2.821528 4.956655 5.419906
 0.000414 2.135559 2.819340 4.954899 5.369967
 0.000415 2.134598 2.817171 4.951769 5.281495
 0.000415 2.132237 2.815234 4.947471 5.161202
 0.000416 2.129325 2.813445 4.942770 5.031239
 0.000416 2.126321 2.811700 4.938021 4.901615
 0.000417 2.122988 2.810139 4.933127 4.769814
 0.000417 2.119605 2.808707 4.928312 4.641895
 0.000418 2.116766 2.807495 4.924262 4.535631
 0.000418 2.114788 2.806609 4.921397 4.461225
 0.000419 2.113430 2.805893 4.919323 4.407727
 0.000419 2.112534 2.805410 4.917945 4.372363
 0.000420 2.112373 2.804968 4.917341 4.356914
 0.000420 2.112824 2.804450 4.917274 4.355193
 0.000421 2.114083 2.803996 4.918080 4.375817
 0.000421 2.116066 2.803739 4.919805 4.420140
 0.000422 2.118503 2.803589 4.922092 4.479221
 0.000422 2.121203 2.803615 4.924818 4.550150
 0.000423 2.123609 2.803765 4.927374 4.617186
 0.000423 2.125954 2.804133 4.930087 4.688844
 0.000424 2.128205 2.804644 4.932849 4.762390
 0.000424 2.130246 2.805308 4.935554 4.834947
 0.000425 2.131610 2.806164 4.937773 4.894907
 0.000425 2.132659 2.807157 4.939816 4.950403
 0.000426 2.133403 2.808242 4.941645 5.000368
 0.000426 2.133771 2.809487 4.943257 5.044633
 0.000427 2.133571 2.810866 4.944436 5.077120
 0.000427 2.132840 2.812281 4.945122 5.096050
 0.000428 2.131717 2.813747 4.945463 5.105496
 0.000428 2.131058 2.815234 4.946292 5.128448
 0.000429 2.130401 2.816587 4.946988 5.147768
 0.000429 2.129796 2.817870 4.947666 5.166632
 0.000430 2.129226 2.819104 4.948329 5.185125
 0.000430 2.128770 2.820265 4.949035 5.204825
 0.000431 2.128219 2.821324 4.949543 5.219023
 0.000431 2.127945 2.822383 4.950328 5.241010
 0.000432 2.128063 2.823525 4.951588 5.276411
 0.000432 2.128536 2.824668 4.953204 5.321962
 0.000433 2.128956 2.825815 4.954771 5.366325
 0.000433 2.128965 2.826979 4.955944 5.399660
 0.000434 2.128906 2.828078 4.956985 5.429310
 0.000434 2.128398 2.829123 4.957521 5.444629
 0.000435 2.127307 2.830001 4.957308 5.438558
 0.000435 2.125677 2.830751 4.956428 5.413437
 0.000436 2.123232 2.831453 4.954685 5.363890
 0.000436 2.119893 2.832000 4.951893 5.284981
 0.000437 2.115515 2.832435 4.947950 5.174539
 0.000437 2.109830 2.832734 4.942564 5.025590
 0.000438 2.102921 2.832863 4.935783 4.841137
 0.000438 2.094406 2.832959 4.927365 4.616934
 0.000439 2.084688 2.832956 4.917644 4.364658
 0.000439 2.073702 2.832711 4.906413 4.082023
 0.000440 2.062203 2.832224 4.894427 3.790819
 0.000440 2.050262 2.831547 4.881809 3.495902
 0.000441 2.038364 2.830746 4.869110 3.211146
 0.000441 2.027292 2.829903 4.857195 2.954974
 0.000442 2.017467 2.829050 4.846517 2.734442
 0.000442 2.009096 2.827959 4.837056 2.546189
 0.000443 2.002266 2.826676 4.828943 2.390098
 0.000443 1.997283 2.825313 4.822596 2.271439
 0.000444 1.994225 2.823820 4.818045 2.188209
 0.000444 1.993635 2.822254 4.815889 2.149323
 0.000445 1.994960 2.820594 4.815555 2.143326
 0.000445 1.998296 2.818824 4.817120 2.171484
 0.000446 2.003109 2.816911 4.820020 2.224137
 0.000446 2.008696 2.814965 4.823661 2.291141
 0.000447 2.014852 2.812872 4.827724 2.367085
 0.000447 2.021513 2.810782 4.832295 2.453991
 0.000448 2.028135 2.808553 4.836688 2.539000
 0.000448 2.034373 2.806337 4.840710 2.618109
 0.000449 2.039696 2.803963 4.843659 2.676869
 0.000449 2.043700 2.801627 4.845327 2.710398
 0.000450 2.045949 2.799223 4.845172 2.707268
 0.000450 2.046170 2.796865 4.843035 2.664371
 0.000451 2.044339 2.794428 4.838767 2.579734
 0.000451 2.040795 2.792026 4.832821 2.464089
 0.000452 2.036001 2.789602 4.825603 2.327293
 0.000452 2.030342 2.787215 4.817558 2.179394
 0.000453 2.023948 2.784983 4.808931 2.026206
 0.000453 2.017248 2.782818 4.800067 1.874616
 0.000454 2.010388 2.780556 4.790944 1.724756
 0.000454 2.004029 2.778454 4.782483 1.591356
 0.000455 1.998124 2.776528 4.774653 1.472675
 0.000455 1.993217 2.774760 4.767977 1.375121
 0.000456 1.989156 2.773237 4.762392 1.296089
 0.000456 1.985921 2.771862 4.757783 1.232617
 0.000457 1.983373 2.770607 4.753980 1.181449
 0.000457 1.982019 2.769405 4.751424 1.147661
 0.000458 1.981481 2.768378 4.749859 1.127226
 0.000458 1.982085 2.767520 4.749605 1.123919
 0.000459 1.983718 2.766770 4.750488 1.135417
 0.000459 1.986297 2.766277 4.752573 1.162797
 0.000460 1.989745 2.766058 4.755803 1.205843
 0.000460 1.993319 2.765984 4.759302 1.253363
 0.000461 1.996747 2.766195 4.762942 1.303764
 0.000461 1.999944 2.766668 4.766611 1.355585
 0.000462 2.003531 2.767358 4.770889 1.417272
 0.000462 2.007417 2.768293 4.775710 1.488431
 0.000463 2.011650 2.769426 4.781076 1.569697
 0.000463 2.016039 2.770797 4.786836 1.659313
 0.000464 2.020670 2.772342 4.793012 1.758184
 0.000464 2.025726 2.774216 4.799942 1.872533
 0.000465 2.031501 2.776317 4.807818 2.006846
 0.000465 2.038053 2.778560 4.816613 2.162341
 0.000466 2.045804 2.780941 4.826745 2.348662
 0.000466 2.054597 2.783452 4.838049 2.565642
 0.000467 2.064636 2.786158 4.850794 2.821750
 0.000467 2.076052 2.788993 4.865045 3.122556
 0.000468 2.088572 2.791982 4.880553 3.467210
 0.000468 2.102406 2.795041 4.897447 3.863183
 0.000469 2.117148 2.798278 4.915427 4.308108
 0.000469 2.132197 2.801648 4.933845 4.789042
 0.000470 2.147544 2.804999 4.952543 5.303301
 0.000470 2.162769 2.808318 4.971087 5.839212
 0.000471 2.177734 2.811715 4.989448 6.395265
 0.000471 2.192120 2.815167 5.007287 6.959714
 0.000472 2.205375 2.818619 5.023994 7.509988
 0.000472 2.217158 2.822014 5.039172 8.028039
 0.000473 2.227260 2.825289 5.052549 8.498969
 0.000473 2.235249 2.828346 5.063596 8.897970
 0.000474 2.240949 2.831240 5.072189 9.214678
 0.000474 2.244069 2.834028 5.078097 9.435629
 0.000475 2.244596 2.836618 5.081215 9.553294
 0.000475 2.242583 2.839035 5.081619 9.568590
 0.000476 2.237962 2.841413 5.079376 9.483798
 0.000476 2.230672 2.843695 5.074367 9.295831
 0.000477 2.221492 2.845829 5.067321 9.034583
 0.000477 2.211391 2.847924 5.059315 8.742262
 0.000478 2.200406 2.850037 5.050443 8.423949
 0.000478 2.188969 2.852100 5.041070 8.094037
 0.000479 2.177197 2.854150 5.031347 7.758803
 0.000479 2.164944 2.856291 5.021235 7.417664
 0.000480 2.152896 2.858357 5.011253 7.088447
 0.000480 2.141737 2.860292 5.002029 6.790870
 0.000481 2.131420 2.862184 4.993604 6.524644
 0.000481 2.121627 2.864059 4.985686 6.279273
 0.000482 2.112596 2.865936 4.978533 6.061656
 0.000482 2.104511 2.867857 4.972368 5.877178
 0.000483 2.097369 2.869988 4.967357 5.729349
 0.000483 2.091300 2.872133 4.963433 5.614896
 0.000484 2.086278 2.874264 4.960542 5.531315
 0.000484 2.081903 2.876463 4.958366 5.468805
 0.000485 2.077643 2.878701 4.956344 5.411050
 0.000485 2.073470 2.881118 4.954588 5.361137
 0.000486 2.069524 2.883675 4.953199 5.321829
 0.000486 2.065553 2.886532 4.952084 5.290368
 0.000487 2.061286 2.889724 4.951010 5.260149
 0.000487 2.056775 2.893165 4.949940 5.230135
 0.000488 2.051241 2.896855 4.948096 5.178621
 0.000488 2.045129 2.900756 4.945885 5.117167
 0.000489 2.039134 2.904807 4.943941 5.063458
 0.000489 2.033437 2.909023 4.942460 5.022714
 0.000490 2.027941 2.913399 4.941340 4.992021
 0.000490 2.022569 2.918024 4.940593 4.971615
 0.000491 2.017725 2.923006 4.940731 4.975372
 0.000491 2.013698 2.928311 4.942008 5.010339
 0.000492 2.010363 2.933667 4.944030 5.065917
 0.000492 2.007767 2.939144 4.946910 5.145625
 0.000493 2.005850 2.944687 4.950537 5.246876
 0.000493 2.004733 2.950404 4.955136 5.376696
 0.000494 2.004405 2.956157 4.960562 5.531872
 0.000494 2.004756 2.961888 4.966645 5.708484
 0.000495 2.005929 2.967650 4.973579 5.913194
 0.000495 2.007716 2.973408 4.981124 6.140059
 0.000496 2.009723 2.979080 4.988803 6.375292
 0.000496 2.012076 2.984759 4.996835 6.626097
 0.000497 2.014309 2.990460 5.004769 6.878604
 0.000497 2.016513 2.996093 5.012606 7.132642
 0.000498 2.018576 3.001658 5.020234 7.384322
 0.000498 2.020242 3.007102 5.027344 7.622851
 0.000499 2.021506 3.012365 5.033871 7.845153
 0.000499 2.022140 3.017439 5.039578 8.042157
 0.000500 2.022160 3.022226 5.044386 8.210003
