#! FIELDS time dAB dAC dAD rc bias
 0.000000 1.896723 1.765345 2.772865 6.434934 7.197840
 0.000000 1.896723 1.761563 2.771992 6.430277 7.022250
 0.000001 1.893766 1.757593 2.770838 6.422198 6.722734
 0.000001 1.888098 1.753865 2.769351 6.411315 6.329609
 0.000002 1.879931 1.750786 2.767602 6.398319 5.875653
 0.000002 1.870178 1.748742 2.765574 6.384494 5.411283
 0.000003 1.858909 1.747813 2.763354 6.370076 4.947375
 0.000003 1.846538 1.747833 2.761023 6.355393 4.496282
 0.000004 1.834257 1.749631 2.758624 6.342512 4.118287
 0.000004 1.822596 1.753574 2.756117 6.332287 3.830062
 0.000005 1.811644 1.758898 2.753613 6.324154 3.608295
 0.000005 1.801459 1.765088 2.751164 6.317710 3.437242
 0.000006 1.792881 1.771855 2.748754 6.313490 3.327489
 0.000006 1.785891 1.779251 2.746371 6.311513 3.276693
 0.000007 1.780751 1.786675 2.744006 6.311432 3.274628
 0.000007 1.777609 1.793393 2.741754 6.312756 3.308600
 0.000008 1.776301 1.798933 2.739637 6.314870 3.363195
 0.000008 1.776126 1.803036 2.737654 6.316816 3.413858
 0.000009 1.776894 1.804707 2.735759 6.317361 3.428103
 0.000009 1.777921 1.804136 2.734012 6.316069 3.394364
 0.000010 1.779010 1.801635 2.732375 6.313020 3.315371
 0.000010 1.779450 1.796971 2.730797 6.307217 3.167648
 0.000011 1.779217 1.790190 2.729322 6.298728 2.957577
 0.000011 1.777933 1.781795 2.728020 6.287749 2.696576
 0.000012 1.775238 1.772548 2.726982 6.274768 2.403539
 0.000012 1.771031 1.762980 2.726203 6.260214 2.095030
 0.000013 1.765394 1.754269 2.725701 6.245365 1.802101
 0.000013 1.759172 1.747224 2.725497 6.231893 1.555422
 0.000014 1.752555 1.742109 2.725530 6.220194 1.355922
 0.000014 1.745706 1.738719 2.725829 6.210255 1.197185
 0.000015 1.739131 1.737442 2.726434 6.203007 1.087659
 0.000015 1.733622 1.738950 2.727348 6.199920 1.042603
 0.000016 1.729401 1.743247 2.728624 6.201271 1.062214
 0.000016 1.726777 1.749836 2.730246 6.206860 1.145236
 0.000017 1.726069 1.758352 2.732149 6.216570 1.296895
 0.000017 1.726953 1.768209 2.734397 6.229559 1.514525
 0.000018 1.729672 1.778683 2.736912 6.245268 1.800260
 0.000018 1.733969 1.789460 2.739727 6.263155 2.155682
 0.000019 1.739605 1.799982 2.742807 6.282395 2.573672
 0.000019 1.746171 1.809556 2.746054 6.301781 3.032301
 0.000020 1.753725 1.817435 2.749475 6.320636 3.514389
 0.000020 1.761899 1.823813 2.753029 6.338741 4.010779
 0.000021 1.770115 1.828053 2.756790 6.354958 4.483228
 0.000021 1.777673 1.829825 2.760721 6.368220 4.889141
 0.000022 1.784930 1.829279 2.764761 6.378970 5.231072
 0.000022 1.791671 1.826711 2.768972 6.387354 5.505779
 0.000023 1.797520 1.822737 2.773321 6.393578 5.714243
 0.000023 1.801599 1.817808 2.777776 6.397183 5.836788
 0.000024 1.804203 1.812213 2.782226 6.398642 5.886725
 0.000024 1.805496 1.806537 2.786718 6.398751 5.890475
 0.000025 1.805229 1.801698 2.791219 6.398146 5.869714
 0.000025 1.803742 1.798266 2.795657 6.397665 5.853242
 0.000026 1.801276 1.796026 2.800010 6.397312 5.841193
 0.000026 1.797817 1.795258 2.804393 6.397467 5.846498
 0.000027 1.793312 1.796067 2.808757 6.398135 5.869361
 0.000027 1.788196 1.798095 2.813067 6.399358 5.911312
 0.000028 1.782733 1.801674 2.817317 6.401724 5.992950
 0.000028 1.776498 1.806486 2.821531 6.404515 6.089975
 0.000029 1.769479 1.812026 2.825577 6.407082 6.179884
 0.000029 1.762140 1.818038 2.829471 6.409649 6.270472
 0.000030 1.754662 1.824459 2.833234 6.412355 6.366666
 0.000030 1.746788 1.830831 2.836815 6.414435 6.441093
 0.000031 1.738924 1.836383 2.840147 6.415455 6.477766
 0.000031 1.730762 1.840514 2.843352 6.414627 6.448007
 0.000032 1.722489 1.842439 2.846341 6.411269 6.327983
 0.000032 1.714204 1.841855 2.849117 6.405176 6.113062
 0.000033 1.705825 1.838529 2.851791 6.396144 5.801345
 0.000033 1.697916 1.832299 2.854289 6.384504 5.411626
 0.000034 1.690378 1.822876 2.856562 6.369815 4.939164
 0.000034 1.683294 1.810359 2.858581 6.352234 4.402034
 0.000035 1.676835 1.795924 2.860407 6.333166 3.854439
 0.000035 1.671155 1.780559 2.861998 6.313712 3.333232
 0.000036 1.666627 1.765005 2.863269 6.294901 2.865239
 0.000036 1.663758 1.750084 2.864354 6.278196 2.479281
 0.000037 1.662064 1.736466 2.865199 6.263729 2.167599
 0.000037 1.661769 1.724509 2.865777 6.252056 1.931373
 0.000038 1.662688 1.715034 2.866183 6.243905 1.774492
 0.000038 1.664667 1.708175 2.866376 6.239217 1.687287
 0.000039 1.667589 1.704196 2.866336 6.238121 1.667205
 0.000039 1.670972 1.703510 2.866106 6.240588 1.712565
 0.000040 1.674557 1.706343 2.865796 6.246695 1.827452
 0.000040 1.678326 1.712197 2.865301 6.255825 2.006156
 0.000041 1.682065 1.720556 2.864591 6.267213 2.240752
 0.000041 1.685472 1.730590 2.863653 6.279715 2.513238
 0.000042 1.688844 1.741913 2.862546 6.293303 2.827104
 0.000042 1.692138 1.753918 2.861225 6.307280 3.169217
 0.000043 1.695139 1.766031 2.859651 6.320821 3.519314
 0.000043 1.698179 1.777707 2.857859 6.333745 3.870543
 0.000044 1.701366 1.788053 2.855853 6.345272 4.197891
 0.000044 1.704925 1.796326 2.853609 6.354860 4.480305
 0.000045 1.708916 1.802040 2.851098 6.362054 4.698238
 0.000045 1.713580 1.804796 2.848389 6.366766 4.843781
 0.000046 1.718750 1.804942 2.845474 6.369166 4.918785
 0.000046 1.724181 1.802580 2.842370 6.369131 4.917672
 0.000047 1.729694 1.797864 2.839097 6.366655 4.840341
 0.000047 1.735593 1.791351 2.835776 6.362719 4.718660
 0.000048 1.741493 1.783196 2.832361 6.357050 4.546085
 0.000048 1.747186 1.774266 2.828803 6.350255 4.343521
 0.000049 1.752369 1.765146 2.825222 6.342737 4.124771
 0.000049 1.757292 1.756363 2.821614 6.335269 3.913044
 0.000050 1.761697 1.748253 2.818062 6.328011 3.712654
 0.000050 1.765720 1.741457 2.814518 6.321695 3.542531
 0.000051 1.769052 1.736069 2.810915 6.316036 3.393509
 0.000051 1.771605 1.732167 2.807229 6.311001 3.263610
 0.000052 1.773411 1.729623 2.803571 6.306605 3.152255
 0.000052 1.773714 1.728122 2.799918 6.301754 3.031616
 0.000053 1.772154 1.727548 2.796386 6.296088 2.893704
 0.000053 1.769065 1.728296 2.793039 6.290401 2.758509
 0.000054 1.764540 1.730413 2.789721 6.284674 2.625642
 0.000054 1.758853 1.732625 2.786336 6.277814 2.470786
 0.000055 1.751950 1.734568 2.783011 6.269529 2.290050
 0.000055 1.743797 1.736217 2.779853 6.259867 2.087936
 0.000056 1.734623 1.736955 2.776774 6.248353 1.859274
 0.000056 1.725726 1.736375 2.773820 6.235921 1.627270
 0.000057 1.717209 1.734038 2.771047 6.222295 1.390735
 0.000057 1.709509 1.730059 2.768395 6.207963 1.161987
 0.000058 1.703129 1.724326 2.765906 6.193360 0.950036
 0.000058 1.698744 1.717584 2.763598 6.179926 0.773873
 0.000059 1.696944 1.710554 2.761543 6.169040 0.644375
 0.000059 1.697477 1.703476 2.759740 6.160693 0.553094
 0.000060 1.700569 1.696793 2.758098 6.155460 0.499427
 0.000060 1.706209 1.690627 2.756700 6.153537 0.480392
 0.000061 1.714259 1.685159 2.755662 6.155080 0.495640
 0.000061 1.724533 1.680913 2.754898 6.160344 0.549436
 0.000062 1.736277 1.677334 2.754364 6.167976 0.632344
 0.000062 1.749263 1.674485 2.754199 6.177947 0.749453
 0.000063 1.762719 1.672958 2.754326 6.190003 0.904315
 0.000063 1.776142 1.672382 2.754549 6.203073 1.088631
 0.000064 1.788654 1.672771 2.754944 6.216369 1.293671
 0.000064 1.800211 1.674337 2.755536 6.230084 1.523677
 0.000065 1.810781 1.676892 2.756354 6.244028 1.776806
 0.000065 1.819809 1.680032 2.757401 6.257242 2.034635
 0.000066 1.826822 1.683487 2.758613 6.268921 2.277068
 0.000066 1.832120 1.686928 2.759956 6.279003 2.497287
 0.000067 1.835869 1.690041 2.761466 6.287376 2.687925
 0.000067 1.838117 1.692629 2.763215 6.293961 2.842783
 0.000068 1.838841 1.694110 2.765124 6.298075 2.941723
 0.000068 1.838839 1.694785 2.767221 6.300845 3.009279
 0.000069 1.838239 1.694951 2.769481 6.302671 3.054251
 0.000069 1.837025 1.694502 2.771888 6.303416 3.072678
 0.000070 1.835494 1.693253 2.774492 6.303238 3.068290
 0.000070 1.834384 1.691358 2.777184 6.302926 3.060543
 0.000071 1.833650 1.688793 2.779923 6.302366 3.046714
 0.000071 1.833209 1.685398 2.782723 6.301330 3.021187
 0.000072 1.833267 1.681319 2.785613 6.300199 2.993461
 0.000072 1.833934 1.676763 2.788607 6.299303 2.971582
 0.000073 1.834914 1.671771 2.791721 6.298406 2.949743
 0.000073 1.836210 1.666407 2.794953 6.297570 2.929488
 0.000074 1.837669 1.661321 2.798168 6.297158 2.919511
 0.000074 1.838961 1.656995 2.801446 6.297402 2.925407
 0.000075 1.840195 1.653405 2.804797 6.298397 2.949521
 0.000075 1.840858 1.650424 2.808105 6.299387 2.973625
 0.000076 1.839955 1.648581 2.811394 6.299930 2.986884
 0.000076 1.837010 1.647283 2.814650 6.298943 2.962812
 0.000077 1.832503 1.646717 2.817856 6.297076 2.917524
 0.000077 1.825973 1.646677 2.820926 6.293575 2.833584
 0.000078 1.817334 1.647325 2.823868 6.288528 2.714693
 0.000078 1.806876 1.648898 2.826619 6.282393 2.573634
 0.000079 1.795230 1.651244 2.829210 6.275684 2.423674
 0.000079 1.782821 1.653930 2.831607 6.268358 2.265070
 0.000080 1.769881 1.656670 2.833837 6.260387 2.098586
 0.000080 1.757607 1.659487 2.835855 6.252950 1.948979
 0.000081 1.746157 1.662798 2.837706 6.246661 1.826788
 0.000081 1.735851 1.666312 2.839435 6.241599 1.731313
 0.000082 1.727249 1.669966 2.841029 6.238243 1.669438
 0.000082 1.720721 1.673931 2.842468 6.237120 1.648984
 0.000083 1.716688 1.678287 2.843718 6.238692 1.677657
 0.000083 1.715166 1.682800 2.844794 6.242760 1.752987
 0.000084 1.715834 1.687260 2.845651 6.248745 1.866854
 0.000084 1.718938 1.692157 2.846195 6.257290 2.035605
 0.000085 1.724441 1.697693 2.846416 6.268549 2.269119
 0.000085 1.731605 1.703718 2.846477 6.281800 2.560204
 0.000086 1.740605 1.709927 2.846363 6.296895 2.913170
 0.000086 1.750157 1.716128 2.845920 6.312206 3.294444
 0.000087 1.759489 1.722455 2.845228 6.327171 3.689782
 0.000087 1.768184 1.728347 2.844279 6.340810 4.069607
 0.000088 1.775447 1.733614 2.842979 6.352040 4.396295
 0.000088 1.780911 1.738651 2.841304 6.360866 4.661906
 0.000089 1.784121 1.743386 2.839317 6.366824 4.845598
 0.000089 1.785538 1.747986 2.837059 6.370584 4.963348
 0.000090 1.785203 1.752290 2.834493 6.371985 5.007593
 0.000090 1.783253 1.756362 2.831706 6.371321 4.986615
 0.000091 1.780070 1.760369 2.828746 6.369184 4.919332
 0.000091 1.776477 1.764118 2.825559 6.366154 4.824759
 0.000092 1.772876 1.767836 2.822106 6.362819 4.721706
 0.000092 1.769561 1.771239 2.818472 6.359272 4.613353
 0.000093 1.766908 1.774242 2.814699 6.355849 4.509958
 0.000093 1.765339 1.776862 2.810778 6.352980 4.424195
 0.000094 1.764882 1.779215 2.806824 6.350921 4.363171
 0.000094 1.765752 1.780943 2.802888 6.349583 4.323721
 0.000095 1.767909 1.781306 2.798966 6.348180 4.282582
 0.000095 1.771321 1.780622 2.795018 6.346961 4.246979
 0.000096 1.775970 1.778576 2.791030 6.345576 4.206702
 0.000096 1.781583 1.774581 2.787082 6.343247 4.139409
 0.000097 1.788537 1.769160 2.783161 6.340859 4.070983
 0.000097 1.796175 1.762436 2.779335 6.337946 3.988292
 0.000098 1.804003 1.754307 2.775610 6.333920 3.875411
 0.000098 1.811579 1.745296 2.771938 6.328813 3.734528
 0.000099 1.818372 1.735869 2.768243 6.322485 3.563576
 0.000099 1.823884 1.726038 2.764602 6.314525 3.354257
 0.000100 1.827711 1.716157 2.761101 6.304969 3.111309
 0.000100 1.829424 1.707262 2.757867 6.294552 2.856893
 0.000101 1.828771 1.699723 2.754784 6.283278 2.593747
 0.000101 1.825524 1.693762 2.751784 6.271070 2.323151
 0.000102 1.819937 1.689995 2.749008 6.258940 2.069043
 0.000102 1.812463 1.688598 2.746426 6.247487 1.842625
 0.000103 1.803457 1.689494 2.743970 6.236921 1.645368
 0.000103 1.793675 1.692899 2.741706 6.228280 1.492345
 0.000104 1.783689 1.698473 2.739647 6.221810 1.382657
 0.000104 1.774500 1.705835 2.737853 6.218189 1.323101
 0.000105 1.766309 1.715011 2.736272 6.217593 1.313424
 0.000105 1.759487 1.725400 2.734864 6.219751 1.348633
 0.000106 1.754974 1.736117 2.733627 6.224719 1.431455
 0.000106 1.752749 1.746778 2.732572 6.232099 1.559054
 0.000107 1.753199 1.757179 2.731568 6.241945 1.737772
 0.000107 1.756234 1.767143 2.730795 6.254171 1.973174
 0.000108 1.761528 1.776180 2.730273 6.267980 2.257029
 0.000108 1.768266 1.784056 2.730042 6.282365 2.572986
 0.000109 1.776299 1.790563 2.730026 6.296888 2.912980
 0.000109 1.785241 1.795246 2.730252 6.310740 3.256924
 0.000110 1.794575 1.798251 2.730674 6.323500 3.590725
 0.000110 1.803597 1.799843 2.731309 6.334748 3.898504
 0.000111 1.811828 1.800089 2.732138 6.344055 4.162698
 0.000111 1.819007 1.799207 2.733192 6.351406 4.377511
 0.000112 1.824827 1.797236 2.734430 6.356493 4.529325
 0.000112 1.829211 1.795043 2.735823 6.360077 4.637829
 0.000113 1.831739 1.793372 2.737384 6.362496 4.711785
 0.000113 1.832657 1.792000 2.739109 6.363766 4.750872
 0.000114 1.831697 1.790932 2.740955 6.363583 4.745241
 0.000114 1.828903 1.790140 2.742957 6.362000 4.696592
 0.000115 1.825033 1.789449 2.745100 6.359583 4.622788
 0.000115 1.820233 1.789380 2.747335 6.356948 4.543011
 0.000116 1.814786 1.790243 2.749693 6.354722 4.476168
 0.000116 1.809753 1.791582 2.752124 6.353459 4.438478
 0.000117 1.805571 1.793604 2.754691 6.353866 4.450598
 0.000117 1.802328 1.796184 2.757364 6.355876 4.510780
 0.000118 1.800095 1.798897 2.760165 6.359157 4.609866
 0.000118 1.798911 1.801557 2.763141 6.363610 4.746042
 0.000119 1.798737 1.803492 2.766236 6.368465 4.896823
 0.000119 1.799384 1.804283 2.769397 6.373064 5.041808
 0.000120 1.800771 1.803758 2.772444 6.376974 5.166709
 0.000120 1.803022 1.801660 2.775475 6.380156 5.269526
 0.000121 1.805918 1.797824 2.778549 6.382291 5.339066
 0.000121 1.808936 1.791974 2.781644 6.382555 5.347681
 0.000122 1.811916 1.783943 2.784618 6.380477 5.279935
 0.000122 1.814293 1.773901 2.787503 6.375697 5.125764
 0.000123 1.815858 1.762128 2.790290 6.368276 4.890905
 0.000123 1.816624 1.749189 2.793006 6.358819 4.599603
 0.000124 1.816136 1.735674 2.795623 6.347432 4.260724
 0.000124 1.814240 1.722045 2.798037 6.334323 3.886624
 0.000125 1.811149 1.709582 2.800334 6.321065 3.525772
 0.000125 1.807340 1.698910 2.802539 6.308789 3.207336
 0.000126 1.802450 1.690354 2.804702 6.297506 2.927926
 0.000126 1.796798 1.684678 2.806716 6.288191 2.706863
 0.000127 1.790438 1.681969 2.808541 6.280947 2.540936
 0.000127 1.783744 1.682177 2.810201 6.276122 2.433332
 0.000128 1.776731 1.685359 2.811680 6.273770 2.381711
 0.000128 1.769515 1.691394 2.813014 6.273922 2.385031
 0.000129 1.762527 1.699864 2.814088 6.276479 2.441214
 0.000129 1.755828 1.710338 2.814916 6.281082 2.543971
 0.000130 1.749991 1.721832 2.815492 6.287315 2.686518
 0.000130 1.744944 1.733376 2.815786 6.294106 2.846227
 0.000131 1.740694 1.744372 2.815839 6.300904 3.010737
 0.000131 1.737245 1.754241 2.815620 6.307106 3.164849
 0.000132 1.734571 1.762150 2.815154 6.311875 3.285957
 0.000132 1.732455 1.767584 2.814524 6.314563 3.355230
 0.000133 1.730948 1.770290 2.813662 6.314900 3.363959
 0.000133 1.730681 1.770411 2.812474 6.313566 3.329461
 0.000134 1.731887 1.768900 2.811036 6.311824 3.284649
 0.000134 1.734402 1.765842 2.809286 6.309530 3.226118
 0.000135 1.737390 1.762298 2.807248 6.306936 3.160559
 0.000135 1.740714 1.758509 2.805015 6.304238 3.093101
 0.000136 1.744197 1.755042 2.802675 6.301913 3.035554
 0.000136 1.747490 1.752494 2.800197 6.300181 2.993023
 0.000137 1.749967 1.751154 2.797546 6.298667 2.956097
 0.000137 1.751470 1.751435 2.794910 6.297814 2.935385
 0.000138 1.752218 1.753296 2.792272 6.297786 2.934703
 0.000138 1.751717 1.756888 2.789621 6.298226 2.945375
 0.000139 1.749960 1.761901 2.786851 6.298713 2.957202
 0.000139 1.747289 1.768515 2.783973 6.299777 2.983149
 0.000140 1.743723 1.776579 2.781009 6.301311 3.020736
 0.000140 1.739996 1.785635 2.777962 6.303592 3.077066
 0.000141 1.735870 1.795276 2.774929 6.306075 3.138967
 0.000141 1.731839 1.805301 2.771812 6.308952 3.211457
 0.000142 1.728129 1.815115 2.768734 6.311978 3.288604
 0.000142 1.724812 1.824358 2.765789 6.314960 3.365524
 0.000143 1.722443 1.832391 2.762939 6.317773 3.438907
 0.000143 1.720519 1.838677 2.760120 6.319316 3.479495
 0.000144 1.719304 1.842288 2.757374 6.318966 3.470268
 0.000144 1.719027 1.842198 2.754742 6.315967 3.391705
 0.000145 1.719319 1.838249 2.752224 6.309792 3.232786
 0.000145 1.720109 1.830203 2.749829 6.300141 2.992044
 0.000146 1.721711 1.818484 2.747469 6.287663 2.694593
 0.000146 1.724200 1.803866 2.745199 6.273265 2.370701
 0.000147 1.727019 1.786949 2.743103 6.257070 2.031186
 0.000147 1.730062 1.768475 2.741225 6.239761 1.697294
 0.000148 1.733166 1.749899 2.739587 6.222652 1.396702
 0.000148 1.735914 1.731854 2.738216 6.205984 1.132016
 0.000149 1.738132 1.715345 2.737109 6.190587 0.912186
 0.000149 1.740328 1.701354 2.736281 6.177962 0.749641
 0.000150 1.742306 1.690641 2.735701 6.168648 0.639933
 0.000150 1.743501 1.683661 2.735406 6.162568 0.572997
 0.000151 1.743625 1.680515 2.735361 6.159500 0.540626
 0.000151 1.742581 1.681508 2.735685 6.159774 0.543475
 0.000152 1.740886 1.685791 2.736309 6.162986 0.577477
 0.000152 1.738299 1.693244 2.737196 6.168739 0.640963
 0.000153 1.734581 1.703415 2.738383 6.176379 0.730383
 0.000153 1.729572 1.715478 2.739866 6.184915 0.837195
 0.000154 1.723884 1.728420 2.741627 6.193931 0.957912
 0.000154 1.717641 1.741467 2.743585 6.202693 1.083039
 0.000155 1.711673 1.753710 2.745807 6.211191 1.211720
 0.000155 1.706076 1.763789 2.748304 6.218168 1.322771
 0.000156 1.701172 1.770641 2.750965 6.222777 1.398799
 0.000156 1.697063 1.773634 2.753840 6.224537 1.428387
 0.000157 1.693882 1.772984 2.756920 6.223786 1.415713
 0.000157 1.691760 1.768926 2.760176 6.220862 1.366946
 0.000158 1.690806 1.762044 2.763607 6.216457 1.295076
 0.000158 1.691554 1.753384 2.767168 6.212106 1.225996
 0.000159 1.693853 1.743820 2.770916 6.208590 1.171561
 0.000159 1.697486 1.734335 2.774895 6.206716 1.143058
 0.000160 1.702165 1.726023 2.779023 6.207211 1.150557
 0.000160 1.707894 1.719523 2.783328 6.210745 1.204786
 0.000161 1.714544 1.715313 2.787751 6.217608 1.313677
 0.000161 1.721834 1.713605 2.792303 6.227742 1.483074
 0.000162 1.729496 1.714928 2.796894 6.241318 1.726101
 0.000162 1.736632 1.719041 2.801514 6.257186 2.033517
 0.000163 1.742230 1.725812 2.806187 6.274228 2.391726
 0.000163 1.746132 1.734786 2.810896 6.291815 2.791821
 0.000164 1.747975 1.745277 2.815599 6.308851 3.208910
 0.000164 1.747378 1.756724 2.820358 6.324460 3.616508
 0.000165 1.744362 1.768908 2.825111 6.338381 4.000608
 0.000165 1.739670 1.781096 2.829855 6.350622 4.354331
 0.000166 1.733555 1.792444 2.834552 6.360551 4.652278
 0.000166 1.726293 1.802729 2.839181 6.368202 4.888578
 0.000167 1.718589 1.811235 2.843807 6.373631 5.059823
 0.000167 1.711350 1.817473 2.848389 6.377212 5.174380
 0.000168 1.704866 1.820839 2.852844 6.378549 5.217488
 0.000168 1.699781 1.820965 2.857177 6.377924 5.197291
 0.000169 1.696590 1.818267 2.861326 6.376184 5.141344
 0.000169 1.695177 1.812603 2.865303 6.373082 5.042378
 0.000170 1.695669 1.804354 2.869062 6.369085 4.916243
 0.000170 1.697837 1.794093 2.872588 6.364519 4.774093
 0.000171 1.701889 1.782416 2.875836 6.360141 4.639776
 0.000171 1.708217 1.769936 2.878765 6.356917 4.542104
 0.000172 1.716355 1.757155 2.881500 6.355010 4.484805
 0.000172 1.725798 1.744981 2.884018 6.354796 4.478401
 0.000173 1.736022 1.734364 2.886307 6.356693 4.535335
 0.000173 1.746490 1.724954 2.888324 6.359768 4.628434
 0.000174 1.755972 1.717055 2.890190 6.363217 4.733959
 0.000174 1.763265 1.711376 2.891821 6.366462 4.834326
 0.000175 1.768003 1.708331 2.893095 6.369430 4.927056
 0.000175 1.769358 1.708021 2.894032 6.371411 4.989449
 0.000176 1.767261 1.710585 2.894580 6.372426 5.021554
 0.000176 1.761732 1.715479 2.894815 6.372025 5.008869
 0.000177 1.753035 1.722365 2.894722 6.370122 4.948805
 0.000177 1.742042 1.730982 2.894283 6.367306 4.860625
 0.000178 1.728906 1.740692 2.893502 6.363100 4.730368
 0.000178 1.714461 1.750617 2.892340 6.357419 4.557235
 0.000179 1.699465 1.760087 2.890767 6.350320 4.345430
 0.000179 1.684937 1.768543 2.888909 6.342389 4.114756
 0.000180 1.671430 1.775342 2.886878 6.333649 3.867872
 0.000180 1.659718 1.779815 2.884562 6.324096 3.606719
 0.000181 1.650436 1.781685 2.881926 6.314046 3.341865
 0.000181 1.643959 1.780702 2.879023 6.303684 3.079340
 0.000182 1.640361 1.777367 2.875885 6.293613 2.834481
 0.000182 1.639928 1.771974 2.872537 6.284440 2.620272
 0.000183 1.642695 1.764942 2.868995 6.276632 2.444581
 0.000183 1.648788 1.756699 2.865274 6.270761 2.316503
 0.000184 1.657307 1.747973 2.861489 6.266769 2.231360
 0.000184 1.667100 1.739288 2.857584 6.263972 2.172670
 0.000185 1.677557 1.731577 2.853739 6.262873 2.149826
 0.000185 1.687489 1.725130 2.849912 6.262531 2.142741
 0.000186 1.696219 1.720391 2.846233 6.262843 2.149202
 0.000186 1.703149 1.717892 2.842646 6.263687 2.166736
 0.000187 1.707741 1.717575 2.839094 6.264410 2.181803
 0.000187 1.709130 1.719653 2.835577 6.264360 2.180769
 0.000188 1.707128 1.723754 2.832153 6.263035 2.153177
 0.000188 1.701843 1.729851 2.828869 6.260562 2.102176
 0.000189 1.693795 1.738010 2.825613 6.257418 2.038194
 0.000189 1.683827 1.747994 2.822502 6.254323 1.976187
 0.000190 1.672699 1.759056 2.819564 6.251319 1.916914
 0.000190 1.661101 1.770436 2.816867 6.248404 1.860263
 0.000191 1.649549 1.781543 2.814374 6.245466 1.804028
 0.000191 1.639033 1.791908 2.812047 6.242987 1.757247
 0.000192 1.630635 1.801505 2.809991 6.242131 1.741228
 0.000192 1.624949 1.809386 2.808272 6.242607 1.750122
 0.000193 1.622173 1.814914 2.806783 6.243870 1.773846
 0.000193 1.622277 1.818122 2.805516 6.245914 1.812547
 0.000194 1.625696 1.818763 2.804519 6.248978 1.871347
 0.000194 1.632086 1.816701 2.803764 6.252552 1.941125
 0.000195 1.641330 1.811617 2.803215 6.256162 2.012910
 0.000195 1.652679 1.803903 2.802854 6.259436 2.079146
 0.000196 1.665703 1.793736 2.802801 6.262240 2.136713
 0.000196 1.679574 1.782207 2.803058 6.264839 2.190783
 0.000197 1.693809 1.769905 2.803579 6.267293 2.242454
 0.000197 1.707658 1.757442 2.804266 6.269365 2.286554
 0.000198 1.720355 1.745425 2.805165 6.270946 2.320473
 0.000198 1.731243 1.734162 2.806429 6.271834 2.339656
 0.000199 1.739655 1.724531 2.808018 6.272205 2.347669
 0.000199 1.744815 1.717288 2.809840 6.271943 2.341995
 0.000200 1.746757 1.712432 2.811961 6.271149 2.324863
 0.000200 1.745494 1.709876 2.814379 6.269748 2.294750
 0.000201 1.741545 1.709499 2.817080 6.268123 2.260067
 0.000201 1.735453 1.710961 2.819988 6.266401 2.223595
 0.000202 1.727633 1.714008 2.823080 6.264722 2.188333
 0.000202 1.718816 1.718548 2.826311 6.263675 2.166474
 0.000203 1.709589 1.723873 2.829753 6.263214 2.156904
 0.000203 1.700402 1.729409 2.833447 6.263257 2.157798
 0.000204 1.692102 1.734638 2.837330 6.264070 2.174719
 0.000204 1.685084 1.738351 2.841358 6.264793 2.189810
 0.000205 1.679686 1.740251 2.845373 6.265310 2.200642
 0.000205 1.675833 1.739945 2.849395 6.265172 2.197760
 0.000206 1.674161 1.736757 2.853447 6.264365 2.180866
 0.000206 1.674994 1.730978 2.857601 6.263573 2.164355
 0.000207 1.678011 1.722891 2.861715 6.262617 2.144525
 0.000207 1.683098 1.712805 2.865839 6.261742 2.126438
 0.000208 1.690129 1.701536 2.870012 6.261677 2.125096
 0.000208 1.699134 1.689391 2.874188 6.262714 2.146517
 0.000209 1.709450 1.677435 2.878359 6.265244 2.199267
 0.000209 1.720691 1.666445 2.882457 6.269593 2.291424
 0.000210 1.732299 1.657213 2.886539 6.276051 2.431747
 0.000210 1.743556 1.650308 2.890623 6.284487 2.621355
 0.000211 1.753239 1.645876 2.894707 6.293821 2.839442
 0.000211 1.760505 1.644136 2.898790 6.303431 3.073052
 0.000212 1.764647 1.645142 2.902870 6.312659 3.306094
 0.000212 1.765483 1.649079 2.906862 6.321425 3.535338
 0.000213 1.762694 1.656060 2.910780 6.329534 3.754257
 0.000213 1.756077 1.665582 2.914599 6.336258 3.940763
 0.000214 1.746755 1.677272 2.918311 6.342339 4.113325
 0.000214 1.734992 1.690263 2.921841 6.347096 4.250897
 0.000215 1.721329 1.704254 2.925136 6.350719 4.357191
 0.000215 1.706756 1.718424 2.928163 6.353343 4.434999
 0.000216 1.692056 1.732487 2.930958 6.355502 4.499529
 0.000216 1.678039 1.745175 2.933494 6.356708 4.535796
 0.000217 1.665181 1.755378 2.935739 6.356298 4.523463
 0.000217 1.654145 1.762839 2.937765 6.354749 4.476991
 0.000218 1.645650 1.767103 2.939560 6.352314 4.404411
 0.000218 1.639707 1.768257 2.941102 6.349066 4.308556
 0.000219 1.637010 1.766827 2.942372 6.346208 4.225067
 0.000219 1.637445 1.763047 2.943375 6.343867 4.157287
 0.000220 1.640988 1.757864 2.944087 6.342939 4.130572
 0.000220 1.647375 1.751951 2.944526 6.343852 4.156844
 0.000221 1.656402 1.745562 2.944723 6.346687 4.238992
 0.000221 1.667421 1.739152 2.944691 6.351264 4.373295
 0.000222 1.680038 1.733486 2.944415 6.357938 4.572926
 0.000222 1.693709 1.728543 2.943892 6.366144 4.824443
 0.000223 1.707071 1.724570 2.943084 6.374724 5.094659
 0.000223 1.719181 1.721753 2.942115 6.383049 5.363850
 0.000224 1.729741 1.720266 2.941055 6.391062 5.629515
 0.000224 1.737632 1.720222 2.939812 6.397666 5.853272
 0.000225 1.742137 1.721193 2.938320 6.401650 5.990410
 0.000225 1.742842 1.723396 2.936598 6.402836 6.031510
 0.000226 1.739894 1.726468 2.934537 6.400899 5.964442
 0.000226 1.733343 1.730212 2.932176 6.395730 5.787253
 0.000227 1.723270 1.734195 2.929577 6.387042 5.495434
 0.000227 1.710809 1.738598 2.926752 6.376159 5.140542
 0.000228 1.696689 1.742888 2.923709 6.363286 4.736086
 0.000228 1.681427 1.746758 2.920524 6.348709 4.298084
 0.000229 1.665578 1.749909 2.917141 6.332627 3.839500
 0.000229 1.650724 1.752956 2.913594 6.317274 3.425836
 0.000230 1.637625 1.755146 2.909982 6.302752 3.056263
 0.000230 1.626797 1.756108 2.906269 6.289174 2.729773
 0.000231 1.618873 1.756026 2.902443 6.277341 2.460293
 0.000231 1.613791 1.754418 2.898606 6.266815 2.232337
 0.000232 1.612011 1.751611 2.894690 6.258311 2.056273
 0.000232 1.613685 1.747593 2.890748 6.252026 1.930793
 0.000233 1.618837 1.742696 2.886818 6.248351 1.859244
 0.000233 1.627199 1.737019 2.882821 6.247038 1.834015
 0.000234 1.638501 1.730955 2.878769 6.248225 1.856805
 0.000234 1.652100 1.725364 2.874696 6.252161 1.933439
 0.000235 1.667278 1.720547 2.870691 6.258516 2.060419
 0.000235 1.682901 1.716595 2.866782 6.266278 2.221009
 0.000236 1.697598 1.713606 2.862854 6.274059 2.388021
 0.000236 1.710055 1.711570 2.858964 6.280589 2.532858
 0.000237 1.718924 1.710731 2.855080 6.284735 2.627036
 0.000237 1.723486 1.711090 2.851290 6.285867 2.653044
 0.000238 1.723423 1.712796 2.847682 6.283901 2.607948
 0.000238 1.718421 1.716310 2.844231 6.278962 2.496389
 0.000239 1.709298 1.721292 2.840974 6.271564 2.333802
 0.000239 1.696809 1.727837 2.837854 6.262501 2.142110
 0.000240 1.681933 1.735330 2.834907 6.252170 1.933621
 0.000240 1.665844 1.743778 2.832166 6.241788 1.734838
 0.000241 1.649410 1.752962 2.829643 6.232015 1.557569
 0.000241 1.634141 1.762565 2.827295 6.224001 1.419332
 0.000242 1.620580 1.772418 2.825178 6.218175 1.322883
 0.000242 1.610192 1.782068 2.823297 6.215557 1.280636
 0.000243 1.603487 1.790678 2.821554 6.215719 1.283225
 0.000243 1.600584 1.797902 2.820022 6.218508 1.328292
 0.000244 1.600963 1.803639 2.818695 6.223297 1.407497
 0.000244 1.604782 1.807509 2.817625 6.229916 1.520741
 0.000245 1.611791 1.809200 2.816754 6.237745 1.660339
 0.000245 1.621769 1.809156 2.816082 6.247007 1.833425
 0.000246 1.634297 1.807252 2.815621 6.257169 2.033180
 0.000246 1.648965 1.803631 2.815422 6.268018 2.257824
 0.000247 1.664951 1.798506 2.815448 6.278905 2.495101
 0.000247 1.681093 1.792472 2.815647 6.289212 2.730652
 0.000248 1.696392 1.785927 2.815965 6.298284 2.946778
 0.000248 1.709342 1.779173 2.816450 6.304965 3.111200
 0.000249 1.718913 1.772593 2.817181 6.308686 3.204721
 0.000249 1.724664 1.766509 2.818082 6.309255 3.219139
 0.000250 1.725489 1.761425 2.819205 6.306118 3.140035
 0.000250 1.721597 1.757768 2.820545 6.299911 2.986405
 0.000251 1.713725 1.755366 2.822111 6.291202 2.777360
 0.000251 1.702417 1.754672 2.823853 6.280942 2.540808
 0.000252 1.688601 1.755746 2.825805 6.270151 2.303383
 0.000252 1.673476 1.758475 2.827885 6.259836 2.087306
 0.000253 1.658128 1.763200 2.830041 6.251369 1.917886
 0.000253 1.644117 1.769903 2.832294 6.246313 1.820156
 0.000254 1.632394 1.778069 2.834607 6.245070 1.796515
 0.000254 1.623129 1.786988 2.836951 6.247067 1.834575
 0.000255 1.616943 1.795854 2.839302 6.252099 1.932226
 0.000255 1.614150 1.804043 2.841645 6.259839 2.087363
 0.000256 1.614517 1.810803 2.843973 6.269293 2.284999
 0.000256 1.617964 1.815081 2.846243 6.279288 2.503678
 0.000257 1.624389 1.817238 2.848438 6.290065 2.750639
 0.000257 1.633737 1.817041 2.850570 6.301348 3.021641
 0.000258 1.645328 1.814199 2.852636 6.312163 3.293357
 0.000258 1.658432 1.808586 2.854602 6.321619 3.540507
 0.000259 1.672282 1.800637 2.856467 6.329386 3.750203
 0.000259 1.686116 1.791295 2.858169 6.335581 3.921775
 0.000260 1.699264 1.781517 2.859734 6.340515 4.061177
 0.000260 1.710694 1.771654 2.861242 6.343590 4.149302
 0.000261 1.719826 1.762418 2.862604 6.344847 4.185598
 0.000261 1.726120 1.754548 2.863819 6.344487 4.175171
 0.000262 1.729124 1.748734 2.864889 6.342747 4.125042
 0.000262 1.729093 1.745559 2.865714 6.340366 4.056938
 0.000263 1.726499 1.745287 2.866211 6.337997 3.989734
 0.000263 1.721194 1.747868 2.866493 6.335555 3.921069
 0.000264 1.713778 1.752878 2.866529 6.333185 3.854969
 0.000264 1.704513 1.759980 2.866197 6.330690 3.785997
 0.000265 1.694728 1.768882 2.865554 6.329164 3.744115
 0.000265 1.685280 1.779091 2.864619 6.328990 3.739360
 0.000266 1.676732 1.789825 2.863308 6.329866 3.763359
 0.000266 1.669832 1.800005 2.861722 6.331559 3.809959
 0.000267 1.664924 1.808723 2.859832 6.333478 3.863121
 0.000267 1.662285 1.815446 2.857594 6.335325 3.914617
 0.000268 1.662165 1.819482 2.855079 6.336726 3.953909
 0.000268 1.664536 1.820043 2.852224 6.336803 3.956091
 0.000269 1.669429 1.817489 2.849034 6.335953 3.932208
 0.000269 1.676462 1.812033 2.845591 6.334086 3.880037
 0.000270 1.685424 1.803867 2.841872 6.331163 3.799026
 0.000270 1.696316 1.793805 2.837935 6.328055 3.713842
 0.000271 1.708871 1.782367 2.833866 6.325104 3.633852
 0.000271 1.722605 1.770641 2.829518 6.322764 3.571039
 0.000272 1.736590 1.759259 2.824949 6.320798 3.518691
 0.000272 1.750063 1.749039 2.820244 6.319345 3.480262
 0.000273 1.762473 1.740363 2.815425 6.318261 3.451719
 0.000273 1.772936 1.733656 2.810398 6.316990 3.418388
 0.000274 1.780753 1.728758 2.805250 6.314761 3.360362
 0.000274 1.785397 1.725804 2.800039 6.311240 3.269714
 0.000275 1.786680 1.724859 2.794804 6.306343 3.145674
 0.000275 1.784844 1.726512 2.789619 6.300975 3.012464
 0.000276 1.780185 1.730729 2.784419 6.295333 2.875581
 0.000276 1.773506 1.737191 2.779319 6.290016 2.749488
 0.000277 1.764892 1.745970 2.774272 6.285133 2.636173
 0.000277 1.755231 1.756160 2.769230 6.280621 2.533596
 0.000278 1.744754 1.766676 2.764238 6.275668 2.423323
 0.000278 1.734266 1.776392 2.759290 6.269948 2.299028
 0.000279 1.724085 1.784825 2.754438 6.263347 2.159667
 0.000279 1.715443 1.791610 2.749740 6.256793 2.025606
 0.000280 1.708854 1.796052 2.745098 6.250004 1.891252
 0.000280 1.704899 1.797468 2.740592 6.242959 1.756721
 0.000281 1.703780 1.795480 2.736283 6.235543 1.620458
 0.000281 1.705307 1.790360 2.732121 6.227788 1.483862
 0.000282 1.709734 1.782134 2.728103 6.219971 1.352246
 0.000282 1.717067 1.771100 2.724330 6.212498 1.232141
 0.000283 1.726525 1.758548 2.720836 6.205909 1.130886
 0.000283 1.738469 1.744911 2.717592 6.200972 1.057848
 0.000284 1.752394 1.731540 2.714710 6.198644 1.024263
 0.000284 1.767750 1.719165 2.712137 6.199051 1.030104
 0.000285 1.783394 1.708643 2.709797 6.201834 1.070432
 0.000285 1.797977 1.700507 2.707785 6.206269 1.136309
 0.000286 1.811053 1.694682 2.706085 6.211821 1.221545
 0.000286 1.821728 1.691214 2.704776 6.217718 1.315453
 0.000287 1.829130 1.690503 2.703792 6.223424 1.409634
 0.000287 1.833074 1.692704 2.703111 6.228888 1.502875
 0.000288 1.833483 1.697444 2.702670 6.233597 1.585625
 0.000288 1.830436 1.704254 2.702494 6.237184 1.650135
 0.000289 1.824157 1.713118 2.702502 6.239777 1.697590
 0.000289 1.815573 1.723500 2.702759 6.241832 1.735667
 0.000290 1.804990 1.734351 2.703228 6.242569 1.749418
 0.000290 1.793169 1.744400 2.703853 6.241421 1.728009
 0.000291 1.781337 1.753372 2.704732 6.239441 1.691405
 0.000291 1.770330 1.760901 2.705823 6.237053 1.647765
 0.000292 1.760588 1.766357 2.707074 6.234019 1.593148
 0.000292 1.752805 1.769221 2.708594 6.230621 1.533067
 0.000293 1.746743 1.769001 2.710352 6.226096 1.454850
 0.000293 1.742938 1.766042 2.712351 6.221331 1.374718
 0.000294 1.741873 1.760427 2.714593 6.216893 1.302100
 0.000294 1.743761 1.752011 2.717046 6.212818 1.237184
 0.000295 1.748777 1.741949 2.719655 6.210382 1.199149
 0.000295 1.756532 1.731330 2.722468 6.210331 1.198364
 0.000296 1.767140 1.720402 2.725469 6.213011 1.240211
 0.000296 1.779690 1.710715 2.728668 6.219074 1.337533
 0.000297 1.793697 1.702484 2.732067 6.228248 1.491794
 0.000297 1.808092 1.696099 2.735605 6.239797 1.697951
 0.000298 1.821824 1.691797 2.739269 6.252890 1.947791
 0.000298 1.833719 1.689701 2.743094 6.266514 2.225980
 0.000299 1.842467 1.689787 2.747086 6.279339 2.504818
 0.000299 1.847629 1.691411 2.751222 6.290262 2.755249
 0.000300 1.848670 1.694516 2.755398 6.298584 2.954081
 0.000300 1.845684 1.699191 2.759660 6.304535 3.100502
 0.000301 1.839241 1.705012 2.764058 6.308311 3.195237
 0.000301 1.829667 1.711581 2.768504 6.309752 3.231766
 0.000302 1.817753 1.718590 2.772969 6.309312 3.220599
 0.000302 1.804218 1.725171 2.777465 6.306854 3.158507
 0.000303 1.790162 1.731184 2.782004 6.303350 3.071054
 0.000303 1.776507 1.736505 2.786617 6.299629 2.979528
 0.000304 1.764557 1.741137 2.791214 6.296908 2.913465
 0.000304 1.755227 1.744690 2.795654 6.295571 2.881283
 0.000305 1.748859 1.747157 2.799936 6.295953 2.890457
 0.000305 1.745873 1.748354 2.804125 6.298352 2.948438
 0.000306 1.746318 1.748125 2.808261 6.302704 3.055068
 0.000306 1.750729 1.746881 2.812242 6.309852 3.234310
 0.000307 1.758607 1.744501 2.816015 6.319123 3.474398
 0.000307 1.769329 1.740601 2.819582 6.329512 3.753660
 0.000308 1.782631 1.735486 2.822966 6.341083 4.077382
 0.000308 1.797316 1.728826 2.826149 6.352291 4.403730
 0.000309 1.812587 1.720671 2.829083 6.362341 4.707045
 0.000309 1.827813 1.711071 2.831844 6.370728 4.967903
 0.000310 1.842060 1.700389 2.834414 6.376864 5.163180
 0.000310 1.854449 1.688894 2.836717 6.380060 5.266389
 0.000311 1.864166 1.676426 2.838668 6.379259 5.240451
 0.000311 1.870536 1.663831 2.840390 6.374757 5.095717
 0.000312 1.873577 1.651972 2.841800 6.367349 4.861946
 0.000312 1.873157 1.641232 2.842846 6.357236 4.551705
 0.000313 1.869274 1.631686 2.843613 6.344573 4.177663
 0.000313 1.862431 1.624087 2.844058 6.330576 3.782857
 0.000314 1.852723 1.618293 2.844142 6.315157 3.370652
 0.000314 1.840936 1.614550 2.843956 6.299442 2.974960
 0.000315 1.828262 1.613290 2.843498 6.285050 2.634272
 0.000315 1.815234 1.614885 2.842783 6.272902 2.362807
 0.000316 1.802614 1.619104 2.841815 6.263533 2.163537
 0.000316 1.791360 1.625719 2.840622 6.257700 2.043903
 0.000317 1.782330 1.634499 2.839277 6.256106 2.011783
 0.000317 1.775763 1.645190 2.837748 6.258701 2.064185
 0.000318 1.772197 1.656825 2.836074 6.265096 2.196154
 0.000318 1.771350 1.668158 2.834201 6.273709 2.380380
 0.000319 1.773317 1.678147 2.832179 6.283643 2.602079
 0.000319 1.778102 1.685952 2.830091 6.294145 2.847169
 0.000320 1.784837 1.690640 2.827922 6.303399 3.072267
 0.000320 1.792695 1.691143 2.825642 6.309481 3.224870
 0.000321 1.800786 1.687160 2.823342 6.311288 3.270931
 0.000321 1.808695 1.678811 2.820960 6.308466 3.199144
 0.000322 1.815604 1.666711 2.818535 6.300850 3.009419
 0.000322 1.821022 1.652110 2.816121 6.289253 2.731612
 0.000323 1.824297 1.635919 2.813656 6.273872 2.383940
 0.000323 1.825168 1.619575 2.811152 6.255896 2.007577
 0.000324 1.823614 1.604593 2.808650 6.236857 1.644201
 0.000324 1.819880 1.592147 2.806192 6.218218 1.323583
 0.000325 1.814266 1.582774 2.803831 6.200871 1.056383
 0.000325 1.807174 1.576750 2.801514 6.185438 0.843969
 0.000326 1.799251 1.574759 2.799245 6.173255 0.693111
 0.000326 1.791175 1.577196 2.797091 6.165461 0.604385
 0.000327 1.783931 1.583743 2.795112 6.162786 0.575328
 0.000327 1.777920 1.593521 2.793277 6.164718 0.596245
 0.000328 1.773114 1.606209 2.791625 6.170947 0.666207
 0.000328 1.769646 1.620794 2.790221 6.180661 0.783049
 0.000329 1.767352 1.636272 2.789054 6.192678 0.940660
 0.000329 1.766647 1.651493 2.788162 6.206302 1.136805
 0.000330 1.767246 1.665069 2.787495 6.219810 1.349610
 0.000330 1.769297 1.676334 2.787047 6.232679 1.569306
 0.000331 1.772226 1.684106 2.786742 6.243074 1.758886
 0.000331 1.775770 1.687876 2.786608 6.250254 1.896125
 0.000332 1.780072 1.687310 2.786675 6.254058 1.970916
 0.000332 1.784573 1.682597 2.786907 6.254078 1.971312
 0.000333 1.788715 1.674299 2.787329 6.250343 1.897852
 0.000333 1.792792 1.663265 2.788025 6.244083 1.777844
 0.000334 1.796636 1.650206 2.788992 6.235834 1.625713
 0.000334 1.800072 1.636150 2.790121 6.226342 1.459061
 0.000335 1.802877 1.622272 2.791477 6.216626 1.297795
 0.000335 1.804877 1.609779 2.793074 6.207729 1.158421
 0.000336 1.806665 1.599559 2.794917 6.201142 1.060330
 0.000336 1.808366 1.591923 2.796914 6.197203 1.003746
 0.000337 1.809794 1.586835 2.799048 6.195677 0.982244
 0.000337 1.810559 1.584852 2.801397 6.196808 0.998158
 0.000338 1.811380 1.586312 2.803961 6.201654 1.067790
 0.000338 1.812015 1.591067 2.806723 6.209805 1.190236
 0.000339 1.812219 1.599155 2.809645 6.221018 1.369527
 0.000339 1.811914 1.610270 2.812724 6.234909 1.609067
 0.000340 1.811075 1.623608 2.815905 6.250589 1.902645
 0.000340 1.809330 1.638395 2.819156 6.266880 2.233720
 0.000341 1.806380 1.653865 2.822562 6.282808 2.583054
 0.000341 1.802451 1.669104 2.826105 6.297660 2.931662
 0.000342 1.797268 1.682998 2.829725 6.309991 3.237839
 0.000342 1.791121 1.695215 2.833401 6.319737 3.490600
 0.000343 1.784273 1.704805 2.837139 6.326218 3.663946
 0.000343 1.776627 1.710772 2.840948 6.328348 3.721825
 0.000344 1.768645 1.712817 2.844865 6.326326 3.666872
 0.000344 1.760610 1.710853 2.848924 6.320387 3.507800
 0.000345 1.753173 1.705419 2.853044 6.311636 3.279831
 0.000345 1.747542 1.697519 2.857221 6.302282 3.044643
 0.000346 1.744132 1.687898 2.861371 6.293401 2.829430
 0.000346 1.742986 1.677577 2.865532 6.286095 2.658311
 0.000347 1.743991 1.667529 2.869721 6.281241 2.547569
 0.000347 1.746798 1.658820 2.873907 6.279525 2.508981
 0.000348 1.751166 1.652542 2.878109 6.281817 2.560576
 0.000348 1.756727 1.648916 2.882264 6.287908 2.700268
 0.000349 1.763319 1.648344 2.886352 6.298015 2.940261
 0.000349 1.770236 1.650703 2.890341 6.311279 3.270706
 0.000350 1.776726 1.656132 2.894155 6.327012 3.685481
 0.000350 1.782145 1.664388 2.897809 6.344342 4.170980
 0.000351 1.785919 1.674772 2.901307 6.361999 4.696555
 0.000351 1.787351 1.686974 2.904641 6.378965 5.230929
 0.000352 1.786096 1.700739 2.907706 6.394541 5.746868
 0.000352 1.781744 1.714939 2.910443 6.407126 6.181439
 0.000353 1.774470 1.728783 2.912806 6.416059 6.499534
 0.000353 1.764822 1.741532 2.914906 6.421261 6.688414
 0.000354 1.753097 1.752485 2.916743 6.422325 6.727401
 0.000354 1.740733 1.761090 2.918285 6.420109 6.646360
 0.000355 1.728304 1.766998 2.919525 6.414827 6.455181
 0.000355 1.716738 1.769764 2.920445 6.406947 6.175142
 0.000356 1.706460 1.769113 2.921014 6.396587 5.816420
 0.000356 1.697981 1.765371 2.921212 6.384564 5.413572
 0.000357 1.691727 1.759226 2.921227 6.372179 5.013746
 0.000357 1.688270 1.751336 2.921037 6.360643 4.655100
 0.000358 1.687746 1.742905 2.920520 6.351170 4.370542
 0.000358 1.690395 1.734292 2.919645 6.344332 4.170708
 0.000359 1.695798 1.725647 2.918492 6.339936 4.044708
 0.000359 1.703443 1.717228 2.917122 6.337793 3.983980
 0.000360 1.713230 1.709905 2.915541 6.338676 4.008955
 0.000360 1.725187 1.704494 2.913696 6.343377 4.143161
 0.000361 1.738479 1.701172 2.911596 6.351247 4.372806
 0.000361 1.751876 1.699732 2.909219 6.360828 4.660725
 0.000362 1.764434 1.699813 2.906622 6.370870 4.972359
 0.000362 1.775317 1.701502 2.903799 6.380618 5.284516
 0.000363 1.783450 1.704921 2.900754 6.389124 5.564685
 0.000363 1.788390 1.709310 2.897430 6.395130 5.766826
 0.000364 1.789214 1.714109 2.893823 6.397146 5.835497
 0.000364 1.786107 1.719188 2.890039 6.395334 5.773769
 0.000365 1.779173 1.724413 2.886065 6.389652 5.582294
 0.000365 1.769046 1.729848 2.881948 6.380843 5.291839
 0.000366 1.756375 1.735154 2.877720 6.369249 4.921391
 0.000366 1.741380 1.739811 2.873366 6.354557 4.471243
 0.000367 1.725232 1.744005 2.868936 6.338173 3.994712
 0.000367 1.709001 1.747412 2.864425 6.320839 3.519772
 0.000368 1.694109 1.749766 2.859821 6.303696 3.079646
 0.000368 1.681413 1.750955 2.855250 6.287618 2.693531
 0.000369 1.671816 1.751157 2.850762 6.273734 2.380925
 0.000369 1.665648 1.750330 2.846257 6.262235 2.136611
 0.000370 1.663309 1.748192 2.841806 6.253307 1.956049
 0.000370 1.664121 1.745031 2.837470 6.246623 1.826069
 0.000371 1.668191 1.741034 2.833267 6.242492 1.747987
 0.000371 1.675729 1.736481 2.829172 6.241381 1.727275
 0.000372 1.686017 1.731618 2.825177 6.242811 1.753948
 0.000372 1.698254 1.726745 2.821340 6.246339 1.820649
 0.000373 1.711334 1.722269 2.817656 6.251259 1.915744
 0.000373 1.723847 1.718241 2.814130 6.256218 2.014035
 0.000374 1.734959 1.714496 2.810783 6.260238 2.095535
 0.000374 1.743418 1.711419 2.807585 6.262422 2.140481
 0.000375 1.748007 1.708788 2.804662 6.261456 2.120540
 0.000375 1.748501 1.706947 2.801910 6.257358 2.036991
 0.000376 1.744544 1.705767 2.799335 6.249646 1.884304
 0.000376 1.736349 1.705540 2.796974 6.238862 1.680770
 0.000377 1.724789 1.706800 2.794820 6.226409 1.460199
 0.000377 1.710773 1.709011 2.792936 6.212719 1.235621
 0.000378 1.695682 1.712039 2.791324 6.199045 1.030016
 0.000378 1.680563 1.715761 2.790039 6.186363 0.856034
 0.000379 1.666790 1.720252 2.789067 6.176109 0.727122
 0.000379 1.655517 1.725121 2.788361 6.169000 0.643915
 0.000380 1.647423 1.730069 2.787937 6.165429 0.604032
 0.000380 1.642582 1.734973 2.787783 6.165339 0.603039
 0.000381 1.641111 1.739060 2.787997 6.168168 0.634504
 0.000381 1.643204 1.742177 2.788602 6.173983 0.701706
 0.000382 1.648654 1.743817 2.789560 6.182030 0.800280
 0.000382 1.657278 1.743481 2.790860 6.191619 0.926180
 0.000383 1.668375 1.740832 2.792489 6.201696 1.068413
 0.000383 1.680982 1.736002 2.794400 6.211385 1.214732
 0.000384 1.694536 1.729955 2.796598 6.221089 1.370709
 0.000384 1.707969 1.722406 2.799036 6.229411 1.511947
 0.000385 1.720032 1.713867 2.801723 6.235621 1.621875
 0.000385 1.730081 1.705263 2.804613 6.239957 1.700898
 0.000386 1.736901 1.697466 2.807669 6.242037 1.739472
 0.000386 1.739698 1.690725 2.810915 6.241338 1.726471
 0.000387 1.738956 1.685662 2.814356 6.238975 1.682835
 0.000387 1.735015 1.682903 2.818017 6.235935 1.627534
 0.000388 1.728377 1.682266 2.821816 6.232460 1.565433
 0.000388 1.719821 1.684241 2.825745 6.229807 1.518844
 0.000389 1.709995 1.688695 2.829862 6.228552 1.497051
 0.000389 1.699890 1.695526 2.834067 6.229483 1.513207
 0.000390 1.689990 1.704276 2.838338 6.232604 1.567992
 0.000390 1.681029 1.714601 2.842717 6.238347 1.671344
 0.000391 1.673568 1.725756 2.847153 6.246477 1.823290
 0.000391 1.667944 1.736763 2.851729 6.256435 2.018405
 0.000392 1.664159 1.746586 2.856371 6.267117 2.238719
 0.000392 1.662743 1.755135 2.861076 6.278954 2.496191
 0.000393 1.663532 1.761847 2.865733 6.291112 2.775241
 0.000393 1.666514 1.766657 2.870411 6.303582 3.076803
 0.000394 1.670875 1.769106 2.874994 6.314975 3.365925
 0.000394 1.677160 1.768758 2.879498 6.325417 3.642294
 0.000395 1.685287 1.766220 2.883849 6.335356 3.915490
 0.000395 1.694573 1.761836 2.888082 6.344492 4.175308
 0.000396 1.704389 1.755795 2.892299 6.352483 4.409444
 0.000396 1.713819 1.748674 2.896476 6.358969 4.604160
 0.000397 1.722580 1.741260 2.900557 6.364397 4.770337
 0.000397 1.730463 1.734021 2.904491 6.368975 4.912800
 0.000398 1.736334 1.726851 2.908207 6.371392 4.988836
 0.000398 1.740059 1.720343 2.911730 6.372132 5.012260
 0.000399 1.741174 1.714506 2.915115 6.370795 4.969991
 0.000399 1.740116 1.709788 2.918275 6.368179 4.887876
 0.000400 1.737467 1.706643 2.921131 6.365241 4.796450
 0.000400 1.733755 1.705255 2.923814 6.362824 4.721881
 0.000401 1.728952 1.705480 2.926324 6.360756 4.658546
 0.000401 1.723604 1.707413 2.928603 6.359620 4.623910
 0.000402 1.718551 1.710532 2.930560 6.359643 4.624633
 0.000402 1.714271 1.714641 2.932182 6.361094 4.668861
 0.000403 1.710857 1.719535 2.933591 6.363983 4.757558
 0.000403 1.708041 1.724479 2.934745 6.367264 4.859316
 0.000404 1.706151 1.729616 2.935537 6.371305 4.986093
 0.000404 1.705613 1.734299 2.936071 6.375984 5.134935
 0.000405 1.706686 1.737955 2.936364 6.381005 5.297115
 0.000405 1.708927 1.739152 2.936348 6.384427 5.409088
 0.000406 1.712411 1.737316 2.936146 6.385874 5.456773
 0.000406 1.717008 1.732463 2.935667 6.385139 5.432509
 0.000407 1.722796 1.724361 2.934900 6.382056 5.331392
 0.000407 1.729282 1.713399 2.933890 6.376571 5.153780
 0.000408 1.736015 1.699673 2.932655 6.368343 4.892994
 0.000408 1.742914 1.684448 2.931162 6.358525 4.590686
 0.000409 1.749736 1.668637 2.929436 6.347809 4.271718
 0.000409 1.756169 1.653139 2.927548 6.336856 3.957578
 0.000410 1.761933 1.638703 2.925371 6.326007 3.658226
 0.000410 1.766348 1.626247 2.922993 6.315587 3.381822
 0.000411 1.769100 1.616889 2.920498 6.306487 3.149285
 0.000411 1.769991 1.610790 2.917983 6.298764 2.958451
 0.000412 1.768748 1.607926 2.915360 6.292034 2.797005
 0.000412 1.765416 1.608545 2.912598 6.286559 2.669015
 0.000413 1.760298 1.612633 2.909669 6.282601 2.578352
 0.000413 1.753879 1.619501 2.906600 6.279980 2.519185
 0.000414 1.746550 1.628819 2.903452 6.278821 2.493234
 0.000414 1.738323 1.640213 2.900235 6.278771 2.492120
 0.000415 1.729689 1.653303 2.896924 6.279916 2.517735
 0.000415 1.720993 1.667306 2.893594 6.281894 2.562311
 0.000416 1.713066 1.681087 2.890293 6.284446 2.620423
 0.000416 1.706497 1.693808 2.886945 6.287251 2.685016
 0.000417 1.701273 1.704657 2.883529 6.289460 2.736451
 0.000417 1.697350 1.712410 2.880072 6.289832 2.745165
 0.000418 1.694659 1.716960 2.876638 6.288258 2.708403
 0.000418 1.693333 1.718233 2.873191 6.284757 2.627546
 0.000419 1.693133 1.716468 2.869781 6.279383 2.505787
 0.000419 1.694271 1.711966 2.866453 6.272690 2.358196
 0.000420 1.696859 1.705818 2.863207 6.265883 2.212682
 0.000420 1.700899 1.698386 2.860080 6.259365 2.077703
 0.000421 1.705880 1.690394 2.857046 6.253319 1.956283
 0.000421 1.711462 1.683038 2.854132 6.248633 1.864688
 0.000422 1.717379 1.677419 2.851348 6.246147 1.816980
 0.000422 1.722940 1.673676 2.848713 6.245329 1.801420
 0.000423 1.728101 1.672461 2.846179 6.246741 1.828318
 0.000423 1.732299 1.673657 2.843804 6.249759 1.886501
 0.000424 1.734786 1.677172 2.841589 6.253547 1.960784
 0.000424 1.735155 1.682475 2.839606 6.257236 2.034519
 0.000425 1.733630 1.689928 2.837723 6.261281 2.116928
 0.000425 1.730258 1.699041 2.836015 6.265314 2.200735
 0.000426 1.725069 1.709122 2.834458 6.268649 2.271265
 0.000426 1.718283 1.719538 2.833039 6.270859 2.318609
 0.000427 1.709988 1.729729 2.831861 6.271578 2.334102
 0.000427 1.700417 1.739090 2.830901 6.270408 2.308905
 0.000428 1.690378 1.747073 2.830132 6.267582 2.248579
 0.000428 1.680304 1.752983 2.829505 6.262792 2.148140
 0.000429 1.670843 1.756072 2.829023 6.255938 2.008422
 0.000429 1.662683 1.756501 2.828808 6.247993 1.852344
 0.000430 1.656090 1.753521 2.828898 6.238509 1.674304
 0.000430 1.651371 1.747160 2.829233 6.227764 1.483443
 0.000431 1.648961 1.737825 2.829773 6.216559 1.296715
 0.000431 1.649084 1.726154 2.830483 6.205721 1.128055
 0.000432 1.652097 1.713110 2.831412 6.196619 0.995484
 0.000432 1.657479 1.699490 2.832543 6.189513 0.897744
 0.000433 1.665205 1.686275 2.833858 6.185338 0.842671
 0.000433 1.675271 1.674388 2.835402 6.185061 0.839078
 0.000434 1.686732 1.664526 2.837254 6.188512 0.884379
 0.000434 1.698254 1.657188 2.839295 6.194738 0.969126
 0.000435 1.709005 1.652829 2.841463 6.203297 1.091938
 0.000435 1.717898 1.652002 2.843808 6.213709 1.251224
 0.000436 1.724030 1.654084 2.846226 6.224340 1.425056
 0.000436 1.726859 1.659458 2.848657 6.234974 1.610243
 0.000437 1.726298 1.667446 2.851171 6.244915 1.793584
 0.000437 1.722573 1.677431 2.853812 6.253817 1.966139
 0.000438 1.715489 1.689005 2.856565 6.261059 2.112365
 0.000438 1.705896 1.701208 2.859346 6.266450 2.224621
 0.000439 1.694835 1.713505 2.862051 6.270390 2.308520
 0.000439 1.683431 1.725290 2.864709 6.273430 2.374301
 0.000440 1.672570 1.736046 2.867300 6.275917 2.428810
 0.000440 1.663514 1.745496 2.869844 6.278854 2.493968
 0.000441 1.657125 1.753235 2.872274 6.282633 2.579078
 0.000441 1.654011 1.759061 2.874505 6.287576 2.692560
 0.000442 1.654047 1.762069 2.876509 6.292625 2.810994
 0.000442 1.657055 1.762140 2.878249 6.297445 2.926442
 0.000443 1.663043 1.759847 2.879806 6.302696 3.054870
 0.000443 1.671887 1.755729 2.881228 6.308844 3.208713
 0.000444 1.682974 1.750525 2.882428 6.315927 3.390663
 0.000444 1.695503 1.744742 2.883418 6.323663 3.595116
 0.000445 1.708417 1.738795 2.884114 6.331327 3.803550
 0.000445 1.721210 1.734092 2.884545 6.339847 4.042169
 0.000446 1.733144 1.730656 2.884643 6.348444 4.290294
 0.000446 1.743390 1.728660 2.884345 6.356396 4.526401
 0.000447 1.751278 1.728400 2.883700 6.363379 4.738935
 0.000447 1.756131 1.730070 2.882718 6.368919 4.911021
 0.000448 1.757742 1.733297 2.881411 6.372449 5.022273
 0.000448 1.755912 1.737942 2.879756 6.373611 5.059167
 0.000449 1.751000 1.744147 2.877804 6.372950 5.038189
 0.000449 1.743852 1.752185 2.875470 6.371507 4.992480
 0.000450 1.735091 1.761379 2.872737 6.369207 4.920069
 0.000450 1.725069 1.771943 2.869658 6.366670 4.840803
 0.000451 1.714687 1.783030 2.866199 6.363916 4.755477
 0.000451 1.704981 1.794252 2.862445 6.361678 4.686713
 0.000452 1.696741 1.805026 2.858460 6.360227 4.642402
 0.000452 1.690157 1.814829 2.854233 6.359219 4.611730
 0.000453 1.685583 1.823215 2.849738 6.358537 4.591040
 0.000453 1.683394 1.829915 2.844981 6.358290 4.583560
 0.000454 1.683440 1.834210 2.840042 6.357692 4.565470
 0.000454 1.685812 1.835801 2.834861 6.356475 4.528767
 0.000455 1.690284 1.834656 2.829522 6.354462 4.468394
 0.000455 1.696498 1.830903 2.823999 6.351401 4.377346
 0.000456 1.704229 1.824687 2.818321 6.347237 4.255013
 0.000456 1.713439 1.816319 2.812486 6.342244 4.110607
 0.000457 1.723731 1.806395 2.806528 6.336654 3.951901
 0.000457 1.734596 1.795934 2.800503 6.331033 3.795442
 0.000458 1.745391 1.785313 2.794347 6.325052 3.632436
 0.000458 1.755688 1.775180 2.788156 6.319024 3.471779
 0.000459 1.764959 1.766330 2.781947 6.313235 3.320934
 0.000459 1.772187 1.759215 2.775760 6.307161 3.166240
 0.000460 1.777198 1.754083 2.769603 6.300884 3.010252
 0.000460 1.779545 1.750844 2.763399 6.293787 2.838633
 0.000461 1.778557 1.749686 2.757283 6.285526 2.645206
 0.000461 1.774600 1.750798 2.751243 6.276641 2.444786
 0.000462 1.767898 1.754439 2.745341 6.267678 2.250612
 0.000462 1.759244 1.760398 2.739632 6.259274 2.075846
 0.000463 1.749694 1.768214 2.734004 6.251912 1.928543
 0.000463 1.739874 1.777362 2.728590 6.245826 1.810867
 0.000464 1.730112 1.787411 2.723426 6.240949 1.719246
 0.000464 1.720964 1.798061 2.718444 6.237469 1.655326
 0.000465 1.712890 1.808582 2.713656 6.235128 1.612999
 0.000465 1.706492 1.817935 2.709075 6.233501 1.583917
 0.000466 1.701749 1.825523 2.704750 6.232022 1.557699
 0.000466 1.699023 1.831297 2.700686 6.231006 1.539806
 0.000467 1.698084 1.834995 2.696806 6.229885 1.520205
 0.000467 1.699101 1.835984 2.693161 6.228246 1.491770
 0.000468 1.702427 1.834461 2.689755 6.226643 1.464201
 0.000468 1.707656 1.830125 2.686726 6.224507 1.427879
 0.000469 1.714214 1.823641 2.684048 6.221903 1.384215
 0.000469 1.721782 1.815342 2.681660 6.218783 1.332789
 0.000470 1.729838 1.806607 2.679524 6.215969 1.287241
 0.000470 1.738050 1.797813 2.677674 6.213537 1.248517
 0.000471 1.745266 1.789752 2.676156 6.211174 1.211450
 0.000471 1.750925 1.783153 2.674930 6.209008 1.177977
 0.000472 1.754691 1.778244 2.674046 6.206981 1.147063
 0.000472 1.756114 1.775293 2.673509 6.204915 1.115991
 0.000473 1.755170 1.774528 2.673306 6.203005 1.087629
 0.000473 1.751945 1.775965 2.673354 6.201265 1.062119
 0.000474 1.746640 1.779682 2.673635 6.199957 1.043145
 0.000474 1.739987 1.786093 2.674325 6.200405 1.049628
 0.000475 1.732910 1.794435 2.675416 6.202760 1.084024
 0.000475 1.725765 1.804564 2.676886 6.207215 1.150612
 0.000476 1.718883 1.815697 2.678605 6.213185 1.242950
 0.000476 1.713038 1.827394 2.680559 6.220991 1.369077
 0.000477 1.708425 1.838667 2.682821 6.229913 1.520699
 0.000477 1.704933 1.848716 2.685381 6.239030 1.683845
 0.000478 1.702654 1.856773 2.688222 6.247649 1.845736
 0.000478 1.701585 1.862404 2.691284 6.255272 1.995100
 0.000479 1.702068 1.865143 2.694691 6.261903 2.129751
 0.000479 1.704183 1.864379 2.698378 6.266940 2.234978
 0.000480 1.707705 1.859590 2.702250 6.269546 2.290417
 0.000480 1.712573 1.851236 2.706323 6.270131 2.302961
 0.000481 1.718517 1.839915 2.710437 6.268868 2.275935
 0.000481 1.725836 1.826651 2.714797 6.267285 2.242270
 0.000482 1.733830 1.812071 2.719443 6.265344 2.201355
 0.000482 1.741752 1.796842 2.724283 6.262876 2.149887
 0.000483 1.749147 1.781325 2.729248 6.259720 2.084944
 0.000483 1.755331 1.766800 2.734363 6.256494 2.019592
 0.000484 1.760586 1.754119 2.739549 6.254254 1.974823
 0.000484 1.764490 1.743822 2.744731 6.253043 1.950812
 0.000485 1.766418 1.736315 2.749905 6.252639 1.942840
 0.000485 1.766788 1.731501 2.755135 6.253423 1.958343
 0.000486 1.765887 1.729579 2.760324 6.255790 2.005464
 0.000486 1.763155 1.730244 2.765501 6.258900 2.068219
 0.000487 1.759337 1.733824 2.770666 6.263828 2.169659
 0.000487 1.754561 1.739914 2.775768 6.270243 2.305368
 0.000488 1.749233 1.748130 2.780696 6.278059 2.476235
 0.000488 1.743569 1.757798 2.785483 6.286850 2.675739
 0.000489 1.737741 1.768070 2.790168 6.295980 2.891108
 0.000489 1.732169 1.777734 2.794751 6.304653 3.103430
 0.000490 1.727053 1.785919 2.799138 6.312110 3.292003
 0.000490 1.722201 1.792222 2.803334 6.317756 3.438456
 0.000491 1.718485 1.795919 2.807326 6.321731 3.543478
 0.000491 1.716102 1.795926 2.811160 6.323189 3.582399
 0.000492 1.714884 1.792023 2.814862 6.321769 3.544500
 0.000492 1.715008 1.784632 2.818473 6.318112 3.447811
 0.000493 1.716899 1.774355 2.821856 6.313111 3.317725
 0.000493 1.720284 1.761596 2.825018 6.306899 3.159645
 0.000494 1.724843 1.747741 2.827913 6.300498 3.000772
 0.000494 1.730681 1.733291 2.830497 6.294470 2.854912
 0.000495 1.736878 1.719644 2.832761 6.289283 2.732324
 0.000495 1.743445 1.707094 2.834730 6.285268 2.639281
 0.000496 1.749873 1.696462 2.836398 6.282733 2.581351
 0.000496 1.755865 1.688298 2.837874 6.282037 2.565550
 0.000497 1.760515 1.682640 2.839080 6.282235 2.570058
 0.000497 1.763823 1.680504 2.840042 6.284369 2.618647
 0.000498 1.765648 1.681680 2.840793 6.288120 2.705200
 0.000498 1.765649 1.686285 2.841405 6.293339 2.827950
 0.000499 1.763710 1.693713 2.841906 6.299330 2.972225
 0.000499 1.759670 1.703379 2.842188 6.305237 3.118004
 0.000500 1.754013 1.715120 2.842317 6.311450 3.275083
