#! FIELDS time dAB dAC dAD rc bias
 0.000000 0.966705 0.988129 2.232755 4.187588 0.017988
 0.000000 0.970981 1.000392 2.232789 4.204162 0.063160
 0.000001 0.974249 1.006577 2.232560 4.213387 0.100200
 0.000001 0.975872 1.005548 2.232092 4.213512 0.100760
 0.000002 0.975621 0.997566 2.231343 4.204529 0.064472
 0.000002 0.973833 0.983649 2.230344 4.187826 0.018443
 0.000003 0.970789 0.965721 2.229085 4.165595 0.000458
 0.000003 0.967162 0.946718 2.227625 4.141506 0.036761
 0.000004 0.963125 0.930071 2.225972 4.119168 0.122277
 0.000004 0.959238 0.918936 2.224066 4.102240 0.220322
 0.000005 0.956079 0.915740 2.221859 4.093678 0.280822
 0.000005 0.954164 0.921622 2.219413 4.095199 0.269534
 0.000006 0.954256 0.935498 2.216739 4.106494 0.192988
 0.000006 0.955870 0.954802 2.213837 4.124509 0.097293
 0.000007 0.958384 0.976079 2.210781 4.145245 0.027321
 0.000007 0.961505 0.996909 2.207542 4.165956 0.000355
 0.000008 0.964493 1.014133 2.204023 4.182648 0.009839
 0.000008 0.966499 1.026038 2.200215 4.192752 0.029117
 0.000009 0.967229 1.031970 2.196083 4.195282 0.035541
 0.000009 0.966606 1.031592 2.191697 4.189895 0.022630
 0.000010 0.964935 1.025120 2.187103 4.177158 0.003644
 0.000010 0.962759 1.013322 2.182254 4.158334 0.005290
 0.000011 0.961121 0.997592 2.177295 4.136007 0.053181
 0.000011 0.960182 0.979568 2.172215 4.111965 0.160495
 0.000012 0.960755 0.961088 2.166967 4.088810 0.318487
 0.000012 0.962929 0.945531 2.161627 4.070086 0.485449
 0.000013 0.966337 0.935480 2.156200 4.058017 0.611659
 0.000013 0.971023 0.932598 2.150714 4.054335 0.653055
 0.000014 0.976319 0.937131 2.145090 4.058540 0.605892
 0.000014 0.981409 0.948573 2.139335 4.069317 0.493060
 0.000015 0.985673 0.964836 2.133511 4.084020 0.357867
 0.000015 0.988849 0.983171 2.127573 4.099594 0.238234
 0.000016 0.990386 1.001121 2.121510 4.113017 0.154587
 0.000016 0.989898 1.015968 2.115389 4.121254 0.112179
 0.000017 0.987785 1.025953 2.109209 4.122946 0.104307
 0.000017 0.984128 1.029730 2.102928 4.116785 0.134347
 0.000018 0.979671 1.026430 2.096559 4.102660 0.217541
 0.000018 0.974365 1.016550 2.090198 4.081114 0.382873
 0.000019 0.968882 1.001062 2.083800 4.053744 0.659836
 0.000019 0.964605 0.981431 2.077341 4.023377 1.054785
 0.000020 0.962046 0.960363 2.071005 3.993414 1.534861
 0.000020 0.962255 0.941273 2.064697 3.968225 2.007929
 0.000021 0.965081 0.926340 2.058524 3.949945 2.390954
 0.000021 0.970438 0.918173 2.052496 3.941107 2.588123
 0.000022 0.978084 0.918878 2.046609 3.943571 2.532369
 0.000022 0.986598 0.928045 2.040933 3.955575 2.269415
 0.000023 0.994761 0.943753 2.035365 3.973880 1.896203
 0.000023 1.000989 0.963601 2.029976 3.994565 1.514762
 0.000024 1.004309 0.984257 2.024744 4.013310 1.206063
 0.000024 1.004636 1.003200 2.019732 4.027568 0.994796
 0.000025 1.001224 1.018136 2.015001 4.034362 0.901275
 0.000025 0.994809 1.028052 2.010480 4.033341 0.915026
 0.000026 0.986267 1.032772 2.006157 4.025197 1.028525
 0.000026 0.976260 1.032223 2.002105 4.010588 1.248719
 0.000027 0.966323 1.026626 1.998367 3.991316 1.571843
 0.000027 0.957829 1.016934 1.995004 3.969767 1.977132
 0.000028 0.952032 1.004527 1.992032 3.948591 2.420664
 0.000028 0.949568 0.990892 1.989380 3.929841 2.850793
 0.000029 0.951048 0.978122 1.987116 3.916286 3.183639
 0.000029 0.956462 0.967739 1.985235 3.909436 3.358843
 0.000030 0.965332 0.960823 1.983838 3.909993 3.344424
 0.000030 0.976271 0.958605 1.982897 3.917773 3.146233
 0.000031 0.987998 0.961374 1.982413 3.931784 2.804573
 0.000031 0.999351 0.968662 1.982348 3.950361 2.381864
 0.000032 1.008818 0.979166 1.982721 3.970706 1.958519
 0.000032 1.015430 0.991568 1.983455 3.990452 1.587200
 0.000033 1.019010 1.004520 1.984482 4.008011 1.289766
 0.000033 1.019124 1.016230 1.985824 4.021178 1.086972
 0.000034 1.015627 1.025350 1.987541 4.028519 0.981423
 0.000034 1.008751 1.031082 1.989627 4.029460 0.968282
 0.000035 0.999236 1.032636 1.992015 4.023887 1.047398
 0.000035 0.988057 1.029467 1.994618 4.012141 1.224288
 0.000036 0.976641 1.022124 1.997521 3.996286 1.484969
 0.000036 0.966220 1.011297 2.000749 3.978266 1.811736
 0.000037 0.958093 0.998230 2.004220 3.960542 2.164834
 0.000037 0.953917 0.984390 2.007976 3.946283 2.471701
 0.000038 0.954147 0.971113 2.012096 3.937356 2.674174
 0.000038 0.958483 0.959718 2.016551 3.934752 2.734727
 0.000039 0.966596 0.951925 2.021271 3.939793 2.618115
 0.000039 0.977135 0.948597 2.026170 3.951902 2.348339
 0.000040 0.988947 0.949393 2.031297 3.969636 1.979746
 0.000040 1.000422 0.953582 2.036639 3.990642 1.583814
 0.000041 1.010176 0.959577 2.042195 4.011947 1.227326
 0.000041 1.016873 0.966565 2.047837 4.031275 0.943188
 0.000042 1.019295 0.973125 2.053569 4.045989 0.751927
 0.000042 1.017352 0.978099 2.059348 4.054800 0.647759
 0.000043 1.011072 0.981272 2.065164 4.057509 0.617287
 0.000043 1.000973 0.982300 2.071113 4.054387 0.652470
 0.000044 0.988051 0.981364 2.077166 4.046580 0.744692
 0.000044 0.973629 0.978808 2.083355 4.035792 0.882170
 0.000045 0.959295 0.975677 2.089682 4.024654 1.036321
 0.000045 0.946731 0.972795 2.095958 4.015484 1.172547
 0.000046 0.937723 0.970792 2.102217 4.010732 1.246443
 0.000046 0.933640 0.970480 2.108495 4.012616 1.216877
 0.000047 0.935283 0.971627 2.114791 4.021701 1.079275
 0.000047 0.941893 0.974187 2.121120 4.037201 0.863562
 0.000048 0.952495 0.977654 2.127366 4.057515 0.617220
 0.000048 0.965084 0.981538 2.133491 4.080113 0.391683
 0.000049 0.978090 0.984962 2.139477 4.102528 0.218410
 0.000049 0.989511 0.987124 2.145311 4.121946 0.108927
 0.000050 0.998163 0.987584 2.150931 4.136678 0.051017
 0.000050 1.003236 0.986321 2.156424 4.145981 0.025628
 0.000051 1.004254 0.983437 2.161688 4.149379 0.018513
 0.000051 1.001444 0.979448 2.166713 4.147606 0.022081
 0.000052 0.994944 0.974851 2.171432 4.141228 0.037519
 0.000052 0.985617 0.970294 2.175820 4.131731 0.068043
 0.000053 0.974841 0.966490 2.179957 4.121289 0.112016
 0.000053 0.964399 0.963999 2.183909 4.112307 0.158561
 0.000054 0.955658 0.963633 2.187473 4.106764 0.191315
 0.000054 0.949435 0.965108 2.190687 4.105229 0.200924
 0.000055 0.946616 0.968376 2.193672 4.108664 0.179741
 0.000055 0.947279 0.972610 2.196410 4.116299 0.136878
 0.000056 0.951776 0.977214 2.198847 4.127837 0.083164
 0.000056 0.959256 0.981098 2.201023 4.141377 0.037112
 0.000057 0.968661 0.983369 2.202856 4.154886 0.009431
 0.000057 0.978564 0.984084 2.204399 4.167047 0.000124
 0.000058 0.987569 0.983086 2.205614 4.176269 0.002925
 0.000058 0.994454 0.979379 2.206387 4.180220 0.006727
 0.000059 0.998234 0.972969 2.206787 4.177990 0.004389
 0.000059 0.998463 0.964621 2.206893 4.169977 0.000092
 0.000060 0.994716 0.955425 2.206715 4.156856 0.006921
 0.000060 0.988105 0.946487 2.206225 4.140818 0.038650
 0.000061 0.979457 0.938815 2.205501 4.123773 0.100568
 0.000061 0.969871 0.934061 2.204490 4.108422 0.181195
 0.000062 0.960814 0.933220 2.203263 4.097297 0.254356
 0.000062 0.953732 0.936545 2.201856 4.092132 0.292524
 0.000063 0.948805 0.943788 2.200220 4.092813 0.287341
 0.000063 0.946739 0.954489 2.198442 4.099670 0.237712
 0.000064 0.947717 0.966844 2.196442 4.111004 0.165986
 0.000064 0.951446 0.978996 2.194193 4.124635 0.096737
 0.000065 0.956956 0.989454 2.191837 4.138248 0.046125
 0.000065 0.963244 0.997113 2.189281 4.149637 0.018018
 0.000066 0.969142 1.001496 2.186496 4.157134 0.006597
 0.000066 0.973645 1.002123 2.183473 4.159242 0.004398
 0.000067 0.976382 0.998709 2.180285 4.155376 0.008771
 0.000067 0.977083 0.992098 2.176947 4.146129 0.025295
 0.000068 0.976217 0.982514 2.173425 4.132157 0.066482
 0.000068 0.973834 0.971808 2.169647 4.115289 0.142212
 0.000069 0.970629 0.961786 2.165647 4.098062 0.248924
 0.000069 0.967825 0.954135 2.161543 4.083503 0.362252
 0.000070 0.965758 0.950091 2.157330 4.073178 0.455462
 0.000070 0.964744 0.950311 2.153107 4.068162 0.504596
 0.000071 0.965068 0.954776 2.148809 4.068653 0.499680
 0.000071 0.966630 0.962849 2.144515 4.073994 0.447710
 0.000072 0.968580 0.973293 2.140026 4.081900 0.376025
 0.000072 0.971023 0.984620 2.135532 4.091175 0.299889
 0.000073 0.973612 0.995721 2.130992 4.100325 0.233214
 0.000073 0.975982 1.004965 2.126355 4.107301 0.188002
 0.000074 0.977722 1.011399 2.121667 4.110788 0.167232
 0.000074 0.978804 1.014191 2.116947 4.109941 0.172164
 0.000075 0.979469 1.013035 2.112269 4.104772 0.203830
 0.000075 0.979542 1.008153 2.107554 4.095249 0.269168
 0.000076 0.979143 0.999849 2.102866 4.081859 0.376379
 0.000076 0.978972 0.989064 2.098125 4.066161 0.524896
 0.000077 0.979446 0.976513 2.093405 4.049364 0.711112
 0.000077 0.980182 0.963953 2.088719 4.032854 0.921631
 0.000078 0.981276 0.953001 2.084157 4.018434 1.127800
 0.000078 0.982759 0.945228 2.079685 4.007672 1.295226
 0.000079 0.984705 0.941445 2.075366 4.001515 1.396214
 0.000079 0.986781 0.942254 2.071183 4.000218 1.417974
 0.000080 0.988860 0.947466 2.067152 4.003477 1.363622
 0.000080 0.990279 0.956108 2.063212 4.009598 1.264404
 0.000081 0.990670 0.966951 2.059301 4.016922 1.150627
 0.000081 0.989999 0.978641 2.055459 4.024100 1.044318
 0.000082 0.988001 0.989455 2.051740 4.029197 0.971951
 0.000082 0.984614 0.997703 2.048133 4.030450 0.954557
 0.000083 0.979938 1.002384 2.044652 4.026974 1.003190
 0.000083 0.974836 1.003677 2.041304 4.019817 1.107132
 0.000084 0.969582 1.001367 2.038154 4.009102 1.272304
 0.000084 0.964951 0.995718 2.035169 3.995838 1.492690
 0.000085 0.961945 0.987474 2.032409 3.981829 1.744558
 0.000085 0.960980 0.978000 2.029872 3.968852 1.995385
 0.000086 0.962281 0.969007 2.027557 3.958845 2.200289
 0.000086 0.965778 0.962312 2.025458 3.953547 2.312827
 0.000087 0.971064 0.959013 2.023579 3.953657 2.310466
 0.000087 0.977804 0.959966 2.022030 3.959799 2.180331
 0.000088 0.985124 0.965182 2.020729 3.971035 1.952008
 0.000088 0.991760 0.973598 2.019646 3.985005 1.685743
 0.000089 0.996429 0.984214 2.018884 3.999527 1.429635
 0.000089 0.998732 0.995342 2.018358 4.012432 1.219744
 0.000090 0.998131 1.005690 2.018123 4.021944 1.075704
 0.000090 0.994721 1.014105 2.018087 4.026913 1.004048
 0.000091 0.989103 1.019637 2.018180 4.026920 1.003954
 0.000091 0.981743 1.021705 2.018461 4.021909 1.076220
 0.000092 0.974092 1.019886 2.018995 4.012973 1.211309
 0.000092 0.967557 1.014661 2.019675 4.001893 1.389909
 0.000093 0.962856 1.006770 2.020563 3.990190 1.591882
 0.000093 0.961137 0.997153 2.021701 3.979991 1.779067
 0.000094 0.962921 0.987071 2.023115 3.973106 1.911291
 0.000094 0.968164 0.977190 2.024742 3.970096 1.970595
 0.000095 0.976234 0.968196 2.026621 3.971051 1.951680
 0.000095 0.985801 0.961493 2.028813 3.976107 1.853071
 0.000096 0.995637 0.958055 2.031342 3.985033 1.685219
 0.000096 1.004251 0.958251 2.034136 3.996637 1.478920
 0.000097 1.010674 0.961624 2.037108 4.009406 1.267473
 0.000097 1.014326 0.967233 2.040247 4.021806 1.077728
 0.000098 1.014406 0.974095 2.043590 4.032091 0.932017
 0.000098 1.010934 0.981134 2.047122 4.039190 0.837616
 0.000099 1.004341 0.987417 2.050850 4.042608 0.793962
 0.000099 0.994877 0.991853 2.054759 4.041489 0.808123
 0.000100 0.983141 0.993523 2.058842 4.035506 0.885975
 0.000100 0.970550 0.992039 2.063012 4.025601 1.022731
 0.000101 0.958917 0.988041 2.067245 4.014203 1.192242
 0.000101 0.950235 0.981644 2.071589 4.003469 1.363757
 0.000102 0.945735 0.973426 2.076027 3.995189 1.503934
 0.000102 0.946082 0.965112 2.080516 3.991710 1.564875
 0.000103 0.951153 0.957642 2.085033 3.993828 1.527623
 0.000103 0.960037 0.952144 2.089584 4.001765 1.392035
 0.000104 0.971303 0.949685 2.094185 4.015174 1.177295
 0.000104 0.983554 0.950741 2.098901 4.033196 0.916992
 0.000105 0.994843 0.955050 2.103669 4.053563 0.661917
 0.000105 1.003229 0.962513 2.108510 4.074253 0.445268
 0.000106 1.007832 0.971957 2.113320 4.093109 0.285102
 0.000106 1.007538 0.982332 2.118073 4.107943 0.184086
 0.000107 1.001722 0.992458 2.122690 4.116871 0.133901
 0.000107 0.990856 1.000628 2.127191 4.118675 0.124727
 0.000108 0.976589 1.006338 2.131494 4.114422 0.146876
 0.000108 0.960419 1.008532 2.135661 4.104612 0.204858
 0.000109 0.944772 1.007327 2.139672 4.091771 0.295294
 0.000109 0.932802 1.003083 2.143529 4.079414 0.397888
 0.000110 0.926647 0.996197 2.147303 4.070148 0.484847
 0.000110 0.927983 0.987678 2.150937 4.066598 0.520433
 0.000111 0.936902 0.978422 2.154559 4.069883 0.487453
 0.000111 0.952003 0.969494 2.158084 4.079581 0.396406
 0.000112 0.970436 0.961805 2.161462 4.093703 0.280631
 0.000112 0.989746 0.956136 2.164604 4.110485 0.168988
 0.000113 1.007745 0.953231 2.167510 4.128486 0.080540
 0.000113 1.022214 0.953342 2.170142 4.145699 0.026271
 0.000114 1.031672 0.956401 2.172461 4.160534 0.003270
 0.000114 1.034847 0.961553 2.174504 4.170904 0.000261
 0.000115 1.031460 0.967740 2.176192 4.175391 0.002292
 0.000115 1.021598 0.974225 2.177491 4.173314 0.001101
 0.000116 1.005749 0.979899 2.178428 4.164076 0.001033
 0.000116 0.986056 0.984107 2.179009 4.149172 0.018914
 0.000117 0.964592 0.986656 2.179226 4.130475 0.072756
 0.000117 0.943898 0.987303 2.179195 4.110396 0.169504
 0.000118 0.927526 0.985561 2.178835 4.091921 0.294140
 0.000118 0.918406 0.981701 2.178260 4.078366 0.407291
 0.000119 0.918469 0.975927 2.177428 4.071824 0.468482
 0.000119 0.927437 0.969014 2.176357 4.072808 0.459003
 0.000120 0.943395 0.961724 2.175046 4.080165 0.391224
 0.000120 0.963743 0.954485 2.173481 4.091709 0.295773
 0.000121 0.985408 0.948121 2.171648 4.105178 0.201250
 0.000121 1.005821 0.943025 2.169595 4.118441 0.125899
 0.000122 1.022542 0.940333 2.167323 4.130199 0.073813
 0.000122 1.033431 0.940867 2.164745 4.139042 0.043744
 0.000123 1.037317 0.944465 2.161788 4.143569 0.031379
 0.000123 1.033686 0.950674 2.158479 4.142839 0.033234
 0.000124 1.022683 0.959090 2.154885 4.136657 0.051083
 0.000124 1.005252 0.968832 2.151086 4.125171 0.094396
 0.000125 0.982898 0.978754 2.147032 4.108684 0.179619
 0.000125 0.958334 0.987807 2.142870 4.089010 0.316891
 0.000126 0.934595 0.995160 2.138479 4.068235 0.503868
 0.000126 0.915773 1.000369 2.133981 4.050123 0.702084
 0.000127 0.905805 1.003034 2.129338 4.038178 0.850763
 0.000127 0.906898 1.003185 2.124509 4.034592 0.898180
 0.000128 0.919165 1.000570 2.119513 4.039247 0.836874
 0.000128 0.940186 0.995798 2.114332 4.050315 0.699812
 0.000129 0.966364 0.989525 2.109000 4.064889 0.538010
 0.000129 0.993755 0.982154 2.103611 4.079520 0.396947
 0.000130 1.019089 0.974531 2.098190 4.091811 0.294989
 0.000130 1.039794 0.967322 2.092685 4.099801 0.236809
 0.000131 1.053878 0.961120 2.087053 4.102051 0.221573
 0.000131 1.060689 0.956951 2.081384 4.099024 0.242186
 0.000132 1.059657 0.955440 2.075672 4.090768 0.303049
 0.000132 1.050538 0.956879 2.069966 4.077382 0.416222
 0.000133 1.034539 0.960968 2.064331 4.059838 0.591683
 0.000133 1.013202 0.967481 2.058681 4.039364 0.835366
 0.000134 0.988554 0.975825 2.053115 4.017494 1.141968
 0.000134 0.963314 0.985221 2.047661 3.996196 1.486522
 0.000135 0.940821 0.994882 2.042305 3.978009 1.816643
 0.000135 0.924487 1.003621 2.037072 3.965181 2.069386
 0.000136 0.917353 1.010792 2.032005 3.960150 2.173005
 0.000136 0.920594 1.015281 2.027222 3.963098 2.111986
 0.000137 0.933900 1.016129 2.022677 3.972706 1.919129
 0.000137 0.954364 1.012642 2.018306 3.985312 1.680099
 0.000138 0.979146 1.005217 2.014104 3.998467 1.447619
 0.000138 1.004368 0.993938 2.010041 4.008346 1.284396
 0.000139 1.027104 0.979953 2.006216 4.013273 1.206649
 0.000139 1.044935 0.965015 2.002632 4.012582 1.217406
 0.000140 1.056369 0.950759 1.999125 4.006253 1.318168
 0.000140 1.060668 0.939156 1.995823 3.995647 1.495999
 0.000141 1.058056 0.932382 1.992772 3.983209 1.718867
 0.000141 1.048570 0.931939 1.990021 3.970530 1.961988
 0.000142 1.032364 0.937808 1.987528 3.957700 2.224383
 0.000142 1.010804 0.949092 1.985413 3.945308 2.493418
 0.000143 0.985783 0.964737 1.983758 3.934278 2.745818
 0.000143 0.960307 0.982444 1.982445 3.925196 2.962779
 0.000144 0.937650 1.000100 1.981464 3.919214 3.110181
 0.000144 0.921393 1.015599 1.980948 3.917940 3.142051
 0.000145 0.914268 1.027574 1.980799 3.922641 3.025289
 0.000145 0.917314 1.035450 1.980984 3.933749 2.758237
 0.000146 0.930393 1.038971 1.981579 3.950942 2.369196
 0.000146 0.951416 1.037592 1.982625 3.971633 1.940201
 0.000147 0.976615 1.031606 1.983995 3.992215 1.555942
 0.000147 1.002333 1.021527 1.985687 4.009546 1.265230
 0.000148 1.025301 1.008164 1.987700 4.021165 1.087155
 0.000148 1.043333 0.992271 1.989992 4.025596 1.022805
 0.000149 1.055002 0.975698 1.992610 4.023310 1.055753
 0.000149 1.059489 0.960568 1.995512 4.015569 1.171238
 0.000150 1.056871 0.949115 1.998658 4.004643 1.344426
 0.000150 1.047284 0.942943 2.002071 3.992298 1.554488
 0.000151 1.031391 0.943028 2.005748 3.980168 1.775714
 0.000151 1.010527 0.949374 2.009641 3.969542 1.981625
 0.000152 0.987219 0.961241 2.013743 3.962203 2.130412
 0.000152 0.963968 0.976901 2.017943 3.958812 2.200984
 0.000153 0.943874 0.994267 2.022298 3.960438 2.166998
 0.000153 0.929713 1.011173 2.026881 3.967766 2.017127
 0.000154 0.923923 1.025680 2.031620 3.981223 1.755898
 0.000154 0.927282 1.036016 2.036535 3.999833 1.424464
 0.000155 0.938598 1.041113 2.041610 4.021321 1.084866
 0.000155 0.955564 1.040246 2.046901 4.042711 0.792665
 0.000156 0.975517 1.033255 2.052356 4.061128 0.577730
 0.000156 0.995824 1.020754 2.057880 4.074458 0.443328
 0.000157 1.014142 1.003688 2.063458 4.081289 0.381341
 0.000157 1.028207 0.982999 2.068971 4.080177 0.391116
 0.000158 1.036910 0.961093 2.074459 4.072462 0.462327
 0.000158 1.039296 0.940448 2.080021 4.059765 0.592478
 0.000159 1.035047 0.923723 2.085578 4.044348 0.772183
 0.000159 1.024646 0.914247 2.091128 4.030022 0.960483
 0.000160 1.009197 0.914094 2.096641 4.019931 1.105425
 0.000160 0.990184 0.922986 2.102130 4.015300 1.175365
 0.000161 0.969506 0.938890 2.107587 4.015984 1.164905
 0.000161 0.949480 0.959061 2.112976 4.021518 1.081956
 0.000162 0.932875 0.980365 2.118366 4.031606 0.938656
 0.000162 0.922168 0.999803 2.123711 4.045681 0.755702
 0.000163 0.918811 1.015246 2.128965 4.063022 0.557555
 0.000163 0.923417 1.025185 2.134125 4.082727 0.368886
 0.000164 0.935122 1.028310 2.139179 4.102610 0.217868
 0.000164 0.951696 1.024761 2.144138 4.120596 0.115320
 0.000165 0.970292 1.014902 2.148967 4.134161 0.059375
 0.000165 0.988163 0.999589 2.153699 4.141451 0.036910
 0.000166 1.003312 0.980982 2.158332 4.142626 0.033786
 0.000166 1.013536 0.961229 2.162822 4.137587 0.048154
 0.000167 1.017729 0.943438 2.167198 4.128364 0.081029
 0.000167 1.015970 0.930246 2.171501 4.117717 0.129558
 0.000168 1.008927 0.924052 2.175649 4.108628 0.179956
 0.000168 0.997491 0.925752 2.179564 4.102807 0.216573
 0.000169 0.983061 0.935307 2.183303 4.101671 0.224112
 0.000169 0.967535 0.950855 2.186840 4.105230 0.200918
 0.000170 0.952538 0.970404 2.190251 4.113192 0.153615
 0.000170 0.940427 0.991216 2.193546 4.125189 0.094315
 0.000171 0.933264 1.010455 2.196659 4.140378 0.039882
 0.000171 0.931907 1.025588 2.199588 4.157082 0.006657
 0.000172 0.936068 1.034836 2.202289 4.173193 0.001045
 0.000172 0.944944 1.037446 2.204741 4.187131 0.017132
 0.000173 0.957722 1.032959 2.206863 4.197544 0.041827
 0.000173 0.972097 1.021646 2.208740 4.202482 0.057329
 0.000174 0.985777 1.004512 2.210387 4.200676 0.051376
 0.000174 0.997144 0.983050 2.211824 4.192018 0.027371
 0.000175 1.005354 0.960183 2.213034 4.178571 0.004950
 0.000175 1.009553 0.938727 2.213932 4.162212 0.002054
 0.000176 1.008887 0.921508 2.214483 4.144878 0.028185
 0.000176 1.004148 0.911767 2.214786 4.130701 0.071897
 0.000177 0.995470 0.911446 2.214869 4.121784 0.109684
 0.000177 0.984130 0.920440 2.214682 4.119252 0.121864
 0.000178 0.971166 0.936167 2.214215 4.121547 0.110795
 0.000178 0.957875 0.955993 2.213505 4.127373 0.085070
 0.000179 0.946340 0.976308 2.212648 4.135296 0.055526
 0.000179 0.938296 0.994574 2.211593 4.144462 0.029182
 0.000180 0.934576 1.008100 2.210357 4.153033 0.012149
 0.000180 0.935457 1.015400 2.208966 4.159823 0.003870
 0.000181 0.941008 1.016098 2.207429 4.164535 0.000834
 0.000181 0.949890 1.010013 2.205792 4.165696 0.000428
 0.000182 0.960664 0.997711 2.204029 4.162404 0.001932
 0.000182 0.971579 0.980460 2.202018 4.154057 0.010605
 0.000183 0.981111 0.961089 2.199823 4.142023 0.035371
 0.000183 0.988245 0.942466 2.197597 4.128308 0.081254
 0.000184 0.992379 0.927448 2.195286 4.115112 0.143158
 0.000184 0.993314 0.918996 2.192929 4.105239 0.200864
 0.000185 0.990754 0.918946 2.190526 4.100227 0.233888
 0.000185 0.984942 0.927539 2.188169 4.100650 0.230998
 0.000186 0.976718 0.943217 2.185696 4.105632 0.198379
 0.000186 0.967614 0.963400 2.183191 4.114205 0.148053
 0.000187 0.958437 0.985086 2.180695 4.124219 0.098578
 0.000187 0.949973 1.005901 2.178196 4.134070 0.059688
 0.000188 0.944107 1.023254 2.175697 4.143058 0.032673
 0.000188 0.941568 1.035231 2.173169 4.149968 0.017397
 0.000189 0.943041 1.041082 2.170706 4.154829 0.009511
 0.000189 0.948700 1.040174 2.168289 4.157163 0.006564
 0.000190 0.957494 1.033175 2.165884 4.156553 0.007282
 0.000190 0.968170 1.020080 2.163458 4.151709 0.014301
 0.000191 0.979025 1.001864 2.161101 4.141990 0.035459
 0.000191 0.988912 0.980893 2.158742 4.128546 0.080298
 0.000192 0.996845 0.959878 2.156311 4.113034 0.154495
 0.000192 1.002316 0.941346 2.153854 4.097515 0.252801
 0.000193 1.004972 0.927777 2.151404 4.084153 0.356741
 0.000193 1.004362 0.921899 2.149011 4.075271 0.435704
 0.000194 1.000694 0.925005 2.146639 4.072338 0.463514
 0.000194 0.994671 0.936178 2.144262 4.075110 0.437209
 0.000195 0.986390 0.953269 2.141980 4.081639 0.378292
 0.000195 0.977222 0.973332 2.139779 4.090332 0.306456
 0.000196 0.967861 0.993559 2.137606 4.099026 0.242171
 0.000196 0.959386 1.011343 2.135462 4.106191 0.194871
 0.000197 0.952821 1.024485 2.133238 4.110544 0.168647
 0.000197 0.949403 1.031161 2.131009 4.111573 0.162724
 0.000198 0.949162 1.030695 2.128849 4.108706 0.179487
 0.000198 0.952455 1.022884 2.126863 4.102202 0.220570
 0.000199 0.958489 1.008280 2.124904 4.091673 0.296045
 0.000199 0.966537 0.988378 2.122986 4.077901 0.411501
 0.000200 0.975617 0.965336 2.121088 4.062040 0.567968
 0.000200 0.984412 0.942352 2.119218 4.045982 0.752010
 0.000201 0.991651 0.923297 2.117394 4.032342 0.928600
 0.000201 0.996531 0.911867 2.115588 4.023986 1.045957
 0.000202 0.998738 0.910103 2.113966 4.022806 1.063093
 0.000202 0.997786 0.918257 2.112494 4.028538 0.981157
 0.000203 0.993711 0.934848 2.111075 4.039634 0.831875
 0.000203 0.986623 0.956867 2.109731 4.053222 0.665843
 0.000204 0.977020 0.981162 2.108426 4.066608 0.520331
 0.000204 0.966398 1.004524 2.107205 4.078128 0.409448
 0.000205 0.956190 1.023852 2.106096 4.086138 0.340168
 0.000205 0.948092 1.037586 2.105049 4.090727 0.303369
 0.000206 0.943528 1.044726 2.104077 4.092330 0.291010
 0.000206 0.943242 1.044704 2.103138 4.091085 0.300592
 0.000207 0.947226 1.038309 2.102266 4.087802 0.326586
 0.000207 0.954791 1.025770 2.101468 4.082029 0.374909
 0.000208 0.965121 1.008296 2.100773 4.074189 0.445863
 0.000208 0.976458 0.987412 2.100197 4.064067 0.546577
 0.000209 0.987580 0.965862 2.099788 4.053230 0.665751
 0.000209 0.997280 0.946870 2.099471 4.043621 0.781244
 0.000210 1.004517 0.932977 2.099255 4.036749 0.869501
 0.000210 1.009007 0.926013 2.099247 4.034267 0.902551
 0.000211 1.010295 0.927664 2.099393 4.037352 0.861574
 0.000211 1.008590 0.937389 2.099689 4.045667 0.755875
 0.000212 1.003761 0.952894 2.100097 4.056752 0.625731
 0.000212 0.996166 0.972002 2.100630 4.068798 0.498233
 0.000213 0.986586 0.992023 2.101295 4.079904 0.393535
 0.000213 0.976038 1.010243 2.102008 4.088289 0.322660
 0.000214 0.965511 1.024773 2.102893 4.093177 0.284588
 0.000214 0.956199 1.034092 2.103892 4.094183 0.277046
 0.000215 0.949857 1.036829 2.104996 4.091682 0.295982
 0.000215 0.946891 1.032925 2.106220 4.086037 0.341006
 0.000216 0.947769 1.022670 2.107436 4.077875 0.411739
 0.000216 0.952381 1.007109 2.108778 4.068268 0.503531
 0.000217 0.960391 0.987602 2.110206 4.058199 0.609649
 0.000217 0.970767 0.966497 2.111736 4.049000 0.715453
 0.000218 0.981584 0.946261 2.113374 4.041218 0.811568
 0.000218 0.991410 0.929603 2.115100 4.036114 0.877906
 0.000219 0.998810 0.918970 2.116831 4.034611 0.897929
 0.000219 1.003341 0.916313 2.118653 4.038306 0.849100
 0.000220 1.004174 0.922173 2.120534 4.046881 0.741032
 0.000220 1.001520 0.935340 2.122418 4.059278 0.597795
 0.000221 0.995707 0.953187 2.124362 4.073257 0.454714
 0.000221 0.986813 0.972390 2.126329 4.085532 0.345186
 0.000222 0.975443 0.990116 2.128237 4.093796 0.279939
 0.000222 0.962719 1.004462 2.130035 4.097217 0.254928
 0.000223 0.950492 1.014226 2.131733 4.096450 0.260428
 0.000223 0.940966 1.018611 2.133356 4.092933 0.286433
 0.000224 0.935414 1.017606 2.134954 4.087974 0.325194
 0.000224 0.935011 1.011391 2.136470 4.082872 0.367645
 0.000225 0.939489 1.001319 2.137914 4.078721 0.404096
 0.000225 0.948308 0.988546 2.139373 4.076227 0.426830
 0.000226 0.960358 0.974292 2.140727 4.075378 0.434709
 0.000226 0.973756 0.960271 2.141928 4.075956 0.429341
 0.000227 0.987043 0.948835 2.143002 4.078879 0.402676
 0.000227 0.998146 0.941981 2.144092 4.084219 0.356179
 0.000228 1.006205 0.940523 2.145070 4.091798 0.295086
 0.000228 1.010548 0.944369 2.145920 4.100836 0.229735
 0.000229 1.010938 0.952749 2.146643 4.110330 0.169892
 0.000229 1.007391 0.964229 2.147214 4.118834 0.123937
 0.000230 1.000092 0.977170 2.147675 4.124936 0.095416
 0.000230 0.989668 0.990159 2.147970 4.127797 0.083327
 0.000231 0.977070 1.001604 2.148059 4.126732 0.087731
 0.000231 0.963922 1.010636 2.147945 4.122503 0.106342
 0.000232 0.952280 1.016080 2.147687 4.116048 0.138197
 0.000232 0.943513 1.017214 2.147230 4.107957 0.184002
 0.000233 0.938972 1.014088 2.146666 4.099726 0.237327
 0.000233 0.939481 1.006987 2.145927 4.092396 0.290514
 0.000234 0.945063 0.996496 2.145000 4.086559 0.336702
 0.000234 0.954698 0.983539 2.143868 4.082105 0.374245
 0.000235 0.967110 0.969665 2.142569 4.079344 0.398516
 0.000235 0.980390 0.956526 2.141129 4.078045 0.410193
 0.000236 0.992518 0.945956 2.139547 4.078020 0.410420
 0.000236 1.002243 0.939351 2.137827 4.079421 0.397828
 0.000237 1.008459 0.937443 2.135908 4.081809 0.376810
 0.000237 1.010212 0.941000 2.133801 4.085013 0.349515
 0.000238 1.007651 0.948917 2.131531 4.088099 0.324185
 0.000238 1.000583 0.959539 2.129054 4.089175 0.315577
 0.000239 0.990040 0.970626 2.126380 4.087046 0.332721
 0.000239 0.977362 0.980362 2.123528 4.081252 0.381660
 0.000240 0.963626 0.987194 2.120486 4.071306 0.473506
 0.000240 0.950968 0.990203 2.117199 4.058370 0.607758
 0.000241 0.940919 0.989559 2.113795 4.044273 0.773118
 0.000241 0.934916 0.986468 2.110352 4.031736 0.936874
 0.000242 0.934130 0.981399 2.106852 4.022381 1.069299
 0.000242 0.939090 0.974946 2.103274 4.017311 1.144732
 0.000243 0.948709 0.968338 2.099614 4.016661 1.154590
 0.000243 0.961357 0.962880 2.095925 4.020162 1.101993
 0.000244 0.975219 0.959981 2.092155 4.027356 0.997791
 0.000244 0.988632 0.960252 2.088430 4.037314 0.862078
 0.000245 0.999816 0.963299 2.084719 4.047833 0.729484
 0.000245 1.007553 0.969045 2.080932 4.057529 0.617065
 0.000246 1.011054 0.976687 2.077164 4.064905 0.537851
 0.000246 1.010136 0.985118 2.073400 4.068654 0.499670
 0.000247 1.005358 0.993497 2.069587 4.068442 0.501785
 0.000247 0.997336 1.000632 2.065707 4.063675 0.550682
 0.000248 0.986818 1.005309 2.061868 4.053995 0.656954
 0.000248 0.975204 1.007243 2.058148 4.040594 0.819541
 0.000249 0.964086 1.006581 2.054432 4.025099 1.029917
 0.000249 0.955232 1.003576 2.050759 4.009567 1.264900
 0.000250 0.950459 0.999115 2.047117 3.996691 1.477994
 0.000250 0.950614 0.993690 2.043503 3.987807 1.634678
 0.000251 0.955330 0.987739 2.039986 3.983055 1.721728
 0.000251 0.963683 0.982106 2.036560 3.982349 1.734865
 0.000252 0.975005 0.977237 2.033206 3.985448 1.677618
 0.000252 0.987656 0.973526 2.029901 3.991083 1.575977
 0.000253 0.999977 0.971124 2.026773 3.997874 1.457714
 0.000253 1.010685 0.970532 2.023850 4.005067 1.337492
 0.000254 1.018369 0.971396 2.021102 4.010866 1.244322
 0.000254 1.022356 0.973438 2.018528 4.014322 1.190398
 0.000255 1.021994 0.976902 2.016122 4.015018 1.179692
 0.000255 1.017281 0.981328 2.013878 4.012486 1.218897
 0.000256 1.008776 0.985419 2.011847 4.006042 1.321593
 0.000256 0.997159 0.988184 2.010082 3.995425 1.499830
 0.000257 0.983736 0.989339 2.008516 3.981592 1.748994
 0.000257 0.970273 0.989216 2.007250 3.966739 2.037810
 0.000258 0.958704 0.987304 2.006218 3.952225 2.341347
 0.000258 0.950498 0.983781 2.005484 3.939762 2.618815
 0.000259 0.946725 0.979626 2.005071 3.931422 2.813156
 0.000259 0.948063 0.974828 2.004952 3.927843 2.898692
 0.000260 0.954056 0.970193 2.005086 3.929334 2.862896
 0.000260 0.963539 0.966901 2.005502 3.935942 2.706969
 0.000261 0.975224 0.965368 2.006197 3.946790 2.460453
 0.000261 0.987355 0.966191 2.007174 3.960719 2.161151
 0.000262 0.998139 0.968759 2.008462 3.975360 1.867481
 0.000262 1.006125 0.972756 2.010000 3.988881 1.615322
 0.000263 1.010700 0.977558 2.011748 4.000007 1.421537
 0.000263 1.011352 0.982263 2.013710 4.007325 1.300808
 0.000264 1.008567 0.986588 2.015929 4.011084 1.240890
 0.000264 1.002540 0.990281 2.018345 4.011166 1.239591
 0.000265 0.993484 0.993020 2.020965 4.007469 1.298499
 0.000265 0.982540 0.994881 2.023773 4.001194 1.401584
 0.000266 0.971526 0.995875 2.026762 3.994162 1.521783
 0.000266 0.962080 0.995442 2.029975 3.987496 1.640300
 0.000267 0.955621 0.993976 2.033377 3.982975 1.723215
 0.000267 0.953112 0.992200 2.037030 3.982342 1.734996
 0.000268 0.954991 0.990203 2.040861 3.986055 1.666515
 0.000268 0.960974 0.988235 2.044842 3.994051 1.523728
 0.000269 0.970151 0.986683 2.048946 4.005780 1.325858
 0.000269 0.981163 0.985498 2.053090 4.019752 1.108092
 0.000270 0.992326 0.984636 2.057294 4.034256 0.902698
 0.000270 1.002080 0.983997 2.061544 4.047620 0.732059
 0.000271 1.009349 0.983772 2.065806 4.058926 0.601644
 0.000271 1.013368 0.983467 2.070124 4.066960 0.516747
 0.000272 1.013394 0.982808 2.074516 4.070717 0.479255
 0.000272 1.009419 0.981521 2.078967 4.069907 0.487221
 0.000273 1.002152 0.979800 2.083431 4.065383 0.532897
 0.000273 0.992460 0.977888 2.087875 4.058224 0.609373
 0.000274 0.981266 0.975833 2.092352 4.049451 0.710066
 0.000274 0.969757 0.974000 2.096693 4.040451 0.821379
 0.000275 0.959586 0.972581 2.100989 4.033157 0.917520
 0.000275 0.952275 0.971708 2.105146 4.029129 0.972901
 0.000276 0.948612 0.971581 2.109331 4.029524 0.967394
 0.000276 0.949258 0.972257 2.113566 4.035080 0.891652
 0.000277 0.953706 0.972893 2.117633 4.044232 0.773625
 0.000277 0.961486 0.973144 2.121617 4.056247 0.631394
 0.000278 0.970975 0.973316 2.125523 4.069814 0.488138
 0.000278 0.980366 0.973233 2.129240 4.082839 0.367923
 0.000279 0.988232 0.972343 2.132773 4.093348 0.283300
 0.000279 0.993685 0.970647 2.136161 4.100493 0.232069
 0.000280 0.995659 0.968457 2.139446 4.103561 0.211636
 0.000280 0.994155 0.965738 2.142520 4.102413 0.219171
 0.000281 0.989606 0.963102 2.145382 4.098090 0.248726
 0.000281 0.982626 0.960552 2.148116 4.091294 0.298970
 0.000282 0.973864 0.958895 2.150778 4.083537 0.361961
 0.000282 0.965091 0.958175 2.153222 4.076489 0.424414
 0.000283 0.957524 0.958491 2.155453 4.071468 0.471931
 0.000283 0.952488 0.960268 2.157514 4.070270 0.483640
 0.000284 0.950313 0.963546 2.159469 4.073328 0.454034
 0.000284 0.951580 0.968027 2.161315 4.080923 0.384545
 0.000285 0.956022 0.973518 2.163078 4.092618 0.288817
 0.000285 0.962823 0.979134 2.164736 4.106694 0.191747
 0.000286 0.970958 0.984688 2.166156 4.121802 0.109600
 0.000286 0.978863 0.989480 2.167376 4.135719 0.054127
 0.000287 0.985736 0.992518 2.168403 4.146657 0.024121
 0.000287 0.990467 0.993334 2.169225 4.153025 0.012161
 0.000288 0.992445 0.992170 2.169850 4.154464 0.010021
 0.000288 0.991466 0.989132 2.170231 4.150829 0.015827
 0.000289 0.987898 0.983969 2.170497 4.142364 0.034471
 0.000289 0.982599 0.977632 2.170567 4.130798 0.071527
 0.000290 0.975875 0.970897 2.170421 4.117193 0.132240
 0.000290 0.968983 0.965033 2.170099 4.104114 0.208055
 0.000291 0.962916 0.960903 2.169622 4.093440 0.282606
 0.000291 0.959068 0.959421 2.169017 4.087505 0.328986
 0.000292 0.957950 0.960224 2.168270 4.086444 0.337648
 0.000292 0.959410 0.962839 2.167374 4.089623 0.312028
 0.000293 0.963190 0.967047 2.166298 4.096535 0.259818
 0.000293 0.968662 0.972083 2.165007 4.105752 0.197626
 0.000294 0.975079 0.977341 2.163557 4.115977 0.138567
 0.000294 0.981063 0.981995 2.161988 4.125046 0.094940
 0.000295 0.985644 0.985427 2.160296 4.131367 0.069393
 0.000295 0.988000 0.987612 2.158516 4.134128 0.059487
 0.000296 0.987823 0.987761 2.156519 4.132103 0.066677
 0.000296 0.985279 0.985797 2.154349 4.125424 0.093297
 0.000297 0.980803 0.982090 2.152056 4.114949 0.144031
 0.000297 0.974712 0.976799 2.149632 4.101143 0.227663
 0.000298 0.968063 0.970622 2.147052 4.085736 0.343491
 0.000298 0.961995 0.964205 2.144348 4.070548 0.480917
 0.000299 0.957099 0.958231 2.141517 4.056848 0.624660
 0.000299 0.954700 0.953404 2.138610 4.046714 0.743057
 0.000300 0.955170 0.950465 2.135665 4.041300 0.810524
 0.000300 0.957978 0.949279 2.132751 4.040008 0.827060
 0.000301 0.962712 0.950397 2.129782 4.042891 0.790403
 0.000301 0.969024 0.953466 2.126655 4.049145 0.713718
 0.000302 0.975847 0.958067 2.123524 4.057439 0.618073
 0.000302 0.981549 0.964372 2.120362 4.066282 0.523656
 0.000303 0.986143 0.971700 2.117102 4.074945 0.438761
 0.000303 0.988959 0.979098 2.113841 4.081898 0.376040
 0.000304 0.989626 0.985999 2.110566 4.086191 0.339734
 0.000304 0.987340 0.991505 2.107230 4.086076 0.340684
 0.000305 0.982668 0.995430 2.103858 4.081956 0.375540
 0.000305 0.976698 0.997466 2.100501 4.074664 0.441391
 0.000306 0.970594 0.997466 2.097161 4.065221 0.534576
 0.000306 0.965548 0.995460 2.093807 4.054815 0.647589
 0.000307 0.962534 0.992026 2.090449 4.045010 0.763976
 0.000307 0.961983 0.987422 2.087160 4.036566 0.871921
 0.000308 0.964095 0.982210 2.083901 4.030206 0.957933
 0.000308 0.968927 0.977058 2.080656 4.026642 1.007895
 0.000309 0.975533 0.972995 2.077517 4.026044 1.016402
 0.000309 0.983169 0.970544 2.074538 4.028250 0.985198
 0.000310 0.990936 0.969887 2.071622 4.032445 0.927192
 0.000310 0.997694 0.971159 2.068824 4.037676 0.857322
 0.000311 1.002506 0.973833 2.066118 4.042456 0.795872
 0.000311 1.004834 0.977763 2.063549 4.046146 0.750008
 0.000312 1.004700 0.982164 2.061179 4.048043 0.726954
 0.000312 1.001866 0.986383 2.058990 4.047238 0.736685
 0.000313 0.996349 0.990221 2.056987 4.043556 0.782053
 0.000313 0.989035 0.992737 2.055182 4.036953 0.866815
 0.000314 0.980656 0.993817 2.053554 4.028026 0.988337
 0.000314 0.971753 0.993230 2.052143 4.017125 1.147540
 0.000315 0.963746 0.991489 2.050988 4.006223 1.318654
 0.000315 0.957710 0.988774 2.050105 3.996589 1.479740
 0.000316 0.954681 0.985809 2.049503 3.989993 1.595391
 0.000316 0.955138 0.982508 2.049200 3.986846 1.652100
 0.000317 0.958785 0.978880 2.049209 3.986874 1.651588
 0.000317 0.965457 0.975040 2.049528 3.990024 1.594836
 0.000318 0.974232 0.970885 2.050072 3.995189 1.503933
 0.000318 0.983198 0.966633 2.050872 4.000703 1.409815
 0.000319 0.991424 0.962323 2.051883 4.005630 1.328299
 0.000319 0.997935 0.958706 2.053097 4.009738 1.262191
 0.000320 1.001596 0.956132 2.054536 4.012264 1.222377
 0.000320 1.002137 0.955345 2.056145 4.013628 1.201143
 0.000321 0.999622 0.956695 2.057912 4.014229 1.191837
 0.000321 0.993880 0.960521 2.059865 4.014266 1.191273
 0.000322 0.985350 0.966567 2.061884 4.013801 1.198461
 0.000322 0.975210 0.974363 2.064123 4.013696 1.200079
 0.000323 0.965013 0.983257 2.066465 4.014735 1.184033
 0.000323 0.956267 0.991781 2.068930 4.016978 1.149768
 0.000324 0.950771 0.998725 2.071526 4.021022 1.089264
 0.000324 0.948946 1.003350 2.074245 4.026541 1.009333
 0.000325 0.950952 1.005473 2.077105 4.033530 0.912476
 0.000325 0.956980 1.005079 2.080096 4.042155 0.799683
 0.000326 0.966136 1.001652 2.083136 4.050924 0.692629
 0.000326 0.977350 0.995329 2.086210 4.058888 0.602064
 0.000327 0.988868 0.987129 2.089339 4.065337 0.533378
 0.000327 0.998808 0.977862 2.092588 4.069258 0.493649
 0.000328 1.006007 0.968802 2.095815 4.070624 0.480172
 0.000328 1.009651 0.961499 2.099010 4.070159 0.484730
 0.000329 1.009980 0.957174 2.102271 4.069426 0.491982
 0.000329 1.006978 0.956438 2.105649 4.069064 0.495575
 0.000330 1.000598 0.959310 2.108994 4.068902 0.497193
 0.000330 0.991474 0.964927 2.112372 4.068773 0.498475
 0.000331 0.980424 0.972367 2.115820 4.068611 0.500095
 0.000331 0.968740 0.980624 2.119319 4.068683 0.499376
 0.000332 0.957982 0.988807 2.122722 4.069511 0.491136
 0.000332 0.949308 0.996036 2.126151 4.071496 0.471659
 0.000333 0.944018 1.001203 2.129622 4.074842 0.439720
 0.000333 0.943072 1.003753 2.133125 4.079949 0.393131
 0.000334 0.946378 1.003748 2.136594 4.086721 0.335381
 0.000334 0.953430 1.000828 2.139989 4.094247 0.276575
 0.000335 0.963029 0.994852 2.143389 4.101271 0.226801
 0.000335 0.973822 0.986296 2.146717 4.106835 0.190874
 0.000336 0.984097 0.975568 2.149940 4.109604 0.174148
 0.000336 0.992138 0.963221 2.153061 4.108419 0.181210
 0.000337 0.997020 0.951184 2.156046 4.104250 0.207180
 0.000337 0.998423 0.940803 2.158854 4.098080 0.248799
 0.000338 0.995915 0.933887 2.161521 4.091323 0.298749
 0.000338 0.989726 0.931896 2.164083 4.085705 0.343754
 0.000339 0.980550 0.934878 2.166490 4.081919 0.375860
 0.000339 0.969529 0.942825 2.168767 4.081120 0.382820
 0.000340 0.958058 0.954809 2.170951 4.083818 0.359579
 0.000340 0.947791 0.968744 2.173041 4.089576 0.312401
 0.000341 0.940354 0.982923 2.174909 4.098186 0.248054
 0.000341 0.936695 0.995106 2.176667 4.108468 0.180915
 0.000342 0.937661 1.003756 2.178282 4.119700 0.119664
 0.000342 0.942537 1.007950 2.179757 4.130244 0.073640
 0.000343 0.950957 1.007191 2.181043 4.139192 0.043303
 0.000343 0.961975 1.001356 2.182134 4.145465 0.026809
 0.000344 0.973827 0.991440 2.182976 4.148242 0.020764
 0.000344 0.985172 0.978708 2.183544 4.147424 0.022466
 0.000345 0.994359 0.965031 2.183905 4.143296 0.032067
 0.000345 1.000275 0.952384 2.184078 4.136736 0.050830
 0.000346 1.002522 0.942397 2.184117 4.129036 0.078347
 0.000346 1.001237 0.937377 2.183990 4.122604 0.105879
 0.000347 0.996500 0.937903 2.183567 4.117970 0.128274
 0.000347 0.988444 0.944208 2.182882 4.115534 0.140910
 0.000348 0.978202 0.954976 2.181866 4.115044 0.143525
 0.000348 0.967070 0.968561 2.180594 4.116225 0.137263
 0.000349 0.956875 0.983313 2.179012 4.119201 0.122115
 0.000349 0.948899 0.997448 2.177138 4.123484 0.101864
 0.000350 0.944290 1.009464 2.175004 4.128757 0.079454
 0.000350 0.943830 1.018146 2.172551 4.134527 0.058120
 0.000351 0.947094 1.022359 2.169914 4.139367 0.042790
 0.000351 0.953437 1.021370 2.167118 4.141925 0.035632
 0.000352 0.962214 1.015106 2.164092 4.141411 0.037018
 0.000352 0.972066 1.004025 2.160853 4.136944 0.050169
 0.000353 0.981563 0.989161 2.157345 4.128069 0.082222
 0.000353 0.989644 0.971925 2.153559 4.115128 0.143073
 0.000354 0.995327 0.954361 2.149603 4.099291 0.240328
 0.000354 0.998221 0.939092 2.145439 4.082752 0.368670
 0.000355 0.997996 0.928541 2.141028 4.067565 0.510613
 0.000355 0.994617 0.924599 2.136365 4.055581 0.638900
 0.000356 0.988144 0.928073 2.131513 4.047729 0.730737
 0.000356 0.979675 0.938083 2.126520 4.044279 0.773047
 0.000357 0.970077 0.952790 2.121454 4.044321 0.772524
 0.000357 0.960366 0.970092 2.116286 4.046745 0.742688
 0.000358 0.951931 0.987622 2.110965 4.050517 0.697421
 0.000358 0.945956 1.002931 2.105489 4.054376 0.652597
 0.000359 0.942954 1.014559 2.099840 4.057353 0.619020
 0.000359 0.943838 1.021491 2.094069 4.059398 0.596477
 0.000360 0.948606 1.022976 2.088209 4.059792 0.592188
 0.000360 0.956788 1.018532 2.082278 4.057598 0.616301
 0.000361 0.966940 1.008356 2.076390 4.051686 0.683684
 0.000361 0.977880 0.993768 2.070533 4.042181 0.799353
 0.000362 0.988548 0.976453 2.064740 4.029742 0.964371
 0.000362 0.997931 0.958692 2.059021 4.015644 1.170089
 0.000363 1.005066 0.943826 2.053458 4.002350 1.382295
 0.000363 1.009390 0.934205 2.048043 3.991638 1.566144
 0.000364 1.010536 0.931380 2.042728 3.984644 1.692366
 0.000364 1.008425 0.936873 2.037618 3.982916 1.724315
 0.000365 1.003562 0.949181 2.032749 3.985492 1.676803
 0.000365 0.996666 0.966652 2.028218 3.991536 1.567949
 0.000366 0.988478 0.987158 2.023939 3.999575 1.428816
 0.000366 0.979681 1.007737 2.019897 4.007315 1.300973
 0.000367 0.971367 1.026677 2.016065 4.014110 1.193685
 0.000367 0.964668 1.041766 2.012625 4.019059 1.118435
 0.000368 0.960270 1.051395 2.009528 4.021192 1.086755
 0.000368 0.958809 1.055188 2.006728 4.020724 1.093669
 0.000369 0.960456 1.052798 2.004178 4.017432 1.142897
 0.000369 0.964568 1.044274 2.001930 4.010772 1.245812
 0.000370 0.970625 1.030158 2.000013 4.000796 1.408249
 0.000370 0.977906 1.012120 1.998386 3.988412 1.623762
 0.000371 0.985835 0.991246 1.997152 3.974233 1.889333
 0.000371 0.993849 0.969959 1.996364 3.960172 2.172549
 0.000372 1.000872 0.950861 1.995970 3.947703 2.440236
 0.000372 1.006090 0.936570 1.995984 3.938644 2.644471
 0.000373 1.009131 0.929323 1.996447 3.934900 2.731258
 0.000373 1.010113 0.930830 1.997309 3.938253 2.653469
 0.000374 1.008447 0.940669 1.998543 3.947659 2.441196
 0.000374 1.004235 0.956926 2.000173 3.961334 2.148392
 0.000375 0.997802 0.976876 2.002195 3.976874 1.838348
 0.000375 0.989610 0.997875 2.004617 3.992101 1.557959
 0.000376 0.980482 1.017033 2.007411 4.004926 1.339800
 0.000376 0.971118 1.032023 2.010548 4.013688 1.200199
 0.000377 0.962411 1.040863 2.014025 4.017298 1.144925
 0.000377 0.955515 1.043082 2.017907 4.016505 1.156966
 0.000378 0.951010 1.038233 2.022068 4.011311 1.237312
 0.000378 0.950097 1.026671 2.026467 4.003235 1.367619
 0.000379 0.952234 1.009129 2.031143 3.992506 1.550818
 0.000379 0.957338 0.987091 2.036057 3.980486 1.769734
 0.000380 0.964967 0.963385 2.041278 3.969630 1.979858
 0.000380 0.973747 0.941197 2.046767 3.961711 2.140571
 0.000381 0.983071 0.924449 2.052520 3.960041 2.175280
 0.000381 0.991849 0.916118 2.058547 3.966514 2.042358
 0.000382 0.999035 0.917765 2.064752 3.981552 1.749738
 0.000382 1.003623 0.929069 2.071076 4.003768 1.358826
 0.000383 1.005391 0.947726 2.077466 4.030584 0.952708
 0.000383 1.003943 0.970724 2.083896 4.058563 0.605632
 0.000384 0.999159 0.994605 2.090360 4.084124 0.356984
 0.000384 0.991452 1.016627 2.096829 4.104908 0.202964
 0.000385 0.981427 1.034170 2.103254 4.118850 0.123855
 0.000385 0.970140 1.045295 2.109628 4.125063 0.094863
 0.000386 0.959059 1.049357 2.115934 4.124351 0.097990
 0.000386 0.949524 1.046237 2.122128 4.117889 0.128683
 0.000387 0.943061 1.036135 2.128242 4.107437 0.187170
 0.000387 0.940829 1.020279 2.134310 4.095417 0.267936
 0.000388 0.942946 0.999798 2.140335 4.083079 0.365870
 0.000388 0.949748 0.976831 2.146186 4.072766 0.459408
 0.000389 0.960335 0.954336 2.151878 4.066549 0.520930
 0.000389 0.972777 0.935348 2.157439 4.065564 0.531038
 0.000390 0.985520 0.923026 2.162890 4.071437 0.472237
 0.000390 0.996759 0.919364 2.168142 4.084264 0.355803
 0.000391 1.005062 0.924552 2.173177 4.102791 0.216676
 0.000391 1.009401 0.937033 2.177968 4.124402 0.097763
 0.000392 1.009154 0.954588 2.182532 4.146274 0.024970
 0.000392 1.004138 0.974207 2.186852 4.165197 0.000586
 0.000393 0.994946 0.993256 2.190893 4.179095 0.005486
 0.000393 0.981940 1.009442 2.194625 4.186007 0.015113
 0.000394 0.966737 1.020982 2.198085 4.185804 0.014764
 0.000394 0.951114 1.026429 2.201221 4.178764 0.005145
 0.000395 0.937599 1.025425 2.204121 4.167146 0.000109
 0.000395 0.928296 1.017713 2.206867 4.152876 0.012395
 0.000396 0.924678 1.003997 2.209423 4.138098 0.046581
 0.000396 0.927165 0.985497 2.211751 4.124413 0.097716
 0.000397 0.935370 0.963623 2.213888 4.112880 0.155352
 0.000397 0.947960 0.941727 2.215757 4.105444 0.199562
 0.000398 0.962713 0.923294 2.217449 4.103456 0.212321
 0.000398 0.977723 0.910729 2.218931 4.107383 0.187502
 0.000399 0.991250 0.906839 2.220161 4.118250 0.126859
 0.000399 1.001308 0.912455 2.221156 4.134919 0.056790
 0.000400 1.006885 0.926641 2.221913 4.155440 0.008687
 0.000400 1.007597 0.946496 2.222393 4.176486 0.003093
 0.000401 1.003159 0.968353 2.222539 4.194052 0.032337
 0.000401 0.993871 0.988899 2.222375 4.205145 0.066701
 0.000402 0.981122 1.006120 2.221985 4.209228 0.082446
 0.000402 0.966188 1.017722 2.221267 4.205177 0.066818
 0.000403 0.951059 1.023201 2.220198 4.194459 0.033380
 0.000403 0.937911 1.022287 2.218908 4.179106 0.005497
 0.000404 0.929003 1.015125 2.217405 4.161532 0.002512
 0.000404 0.925603 1.003077 2.215709 4.144389 0.029358
 0.000405 0.928563 0.987970 2.213792 4.130325 0.073327
 0.000405 0.937839 0.971396 2.211594 4.120829 0.114202
 0.000406 0.951990 0.955536 2.209163 4.116689 0.134843
 0.000406 0.968792 0.942640 2.206636 4.118068 0.127777
 0.000407 0.986274 0.934419 2.203875 4.124568 0.097032
 0.000407 1.002441 0.932076 2.200935 4.135452 0.055007
 0.000408 1.014873 0.936082 2.197801 4.148756 0.019730
 0.000408 1.022114 0.945559 2.194428 4.162101 0.002125
 0.000409 1.023644 0.958854 2.190869 4.173367 0.001126
 0.000409 1.019159 0.974222 2.187149 4.180530 0.007091
 0.000410 1.008737 0.989455 2.183177 4.181370 0.008127
 0.000410 0.993362 1.002521 2.178976 4.174859 0.001946
 0.000411 0.975146 1.011847 2.174606 4.161599 0.002465
 0.000411 0.956133 1.016918 2.170084 4.143135 0.032475
 0.000412 0.938962 1.016792 2.165412 4.121165 0.112600
 0.000412 0.926245 1.011598 2.160703 4.098546 0.245521
 0.000413 0.920683 1.002117 2.155945 4.078745 0.403882
 0.000413 0.923340 0.989241 2.151049 4.063629 0.551158
 0.000414 0.933558 0.974636 2.145983 4.054177 0.654868
 0.000414 0.949391 0.960098 2.140866 4.050355 0.699335
 0.000415 0.967915 0.947468 2.135757 4.051140 0.690091
 0.000415 0.986585 0.938189 2.130623 4.055397 0.640976
 0.000416 1.003098 0.933705 2.125454 4.062257 0.565667
 0.000416 1.015271 0.934703 2.120335 4.070309 0.483262
 0.000417 1.022234 0.940687 2.115197 4.078118 0.409537
 0.000417 1.023060 0.950686 2.110041 4.083787 0.359835
 0.000418 1.017800 0.962780 2.104873 4.085453 0.345846
 0.000418 1.006998 0.975176 2.099695 4.081869 0.376297
 0.000419 0.992119 0.986313 2.094469 4.072901 0.458109
 0.000419 0.974861 0.994696 2.089202 4.058759 0.603475
 0.000420 0.957290 0.999772 2.083971 4.041033 0.813929
 0.000420 0.942175 1.001416 2.078822 4.022414 1.068819
 0.000421 0.931675 0.999885 2.073772 4.005332 1.333160
 0.000421 0.927927 0.995562 2.068942 3.992431 1.552136
 0.000422 0.931958 0.989356 2.064328 3.985642 1.674060
 0.000422 0.943233 0.982095 2.059941 3.985269 1.680887
 0.000423 0.959809 0.974900 2.055773 3.990482 1.586674
 0.000423 0.979299 0.968941 2.051811 4.000052 1.420778
 0.000424 0.999474 0.965378 2.048035 4.012887 1.212645
 0.000424 1.017525 0.964098 2.044426 4.026049 1.016336
 0.000425 1.031402 0.965446 2.040939 4.037787 0.855878
 0.000425 1.039839 0.969213 2.037678 4.046730 0.742865
 0.000426 1.042435 0.974810 2.034590 4.051835 0.681943
 0.000426 1.039081 0.981338 2.031639 4.052058 0.679341
 0.000427 1.029812 0.988422 2.028955 4.047189 0.737288
 0.000427 1.015007 0.995039 2.026533 4.036579 0.871751
 0.000428 0.996409 1.000733 2.024383 4.021525 1.081858
 0.000428 0.976029 1.005093 2.022497 4.003619 1.361285
 0.000429 0.956469 1.007499 2.021005 3.984974 1.686312
 0.000429 0.940601 1.007949 2.019908 3.968459 2.003240
 0.000430 0.930950 1.006651 2.019226 3.956828 2.242813
 0.000430 0.929194 1.003623 2.018877 3.951694 2.352867
 0.000431 0.935092 0.999266 2.018854 3.953211 2.320068
 0.000431 0.947825 0.993627 2.019139 3.960591 2.163814
 0.000432 0.965521 0.987128 2.019756 3.972405 1.925037
 0.000432 0.984788 0.980406 2.020628 3.985823 1.670754
 0.000433 1.003094 0.974560 2.021813 3.999466 1.430660
 0.000433 1.018248 0.970136 2.023296 4.011680 1.231520
 0.000434 1.028296 0.966873 2.025029 4.020198 1.101471
 0.000434 1.032319 0.965267 2.027010 4.024596 1.037152
 0.000435 1.030699 0.965578 2.029308 4.025586 1.022946
 0.000435 1.023505 0.967227 2.031865 4.022597 1.066143
 0.000436 1.011040 0.969995 2.034650 4.015686 1.169449
 0.000436 0.994594 0.973427 2.037670 4.005691 1.327312
 0.000437 0.976242 0.976621 2.040887 3.993750 1.528987
 0.000437 0.958433 0.979190 2.044356 3.981980 1.741746
 0.000438 0.943284 0.981174 2.047948 3.972406 1.925008
 0.000438 0.932932 0.982519 2.051640 3.967091 2.030713
 0.000439 0.929013 0.982784 2.055589 3.967387 2.024757
 0.000439 0.932547 0.982165 2.059775 3.974486 1.884410
 0.000440 0.942958 0.980582 2.064149 3.987689 1.636811
 0.000440 0.958438 0.978840 2.068695 4.005973 1.322718
 0.000441 0.976285 0.977183 2.073281 4.026750 1.006371
 0.000441 0.993939 0.975629 2.077968 4.047536 0.733072
 0.000442 1.009624 0.973960 2.082710 4.066294 0.523534
 0.000442 1.021439 0.972585 2.087477 4.081501 0.379488
 0.000443 1.028414 0.971656 2.092190 4.092259 0.291552
 0.000443 1.029814 0.971441 2.096986 4.098240 0.247671
 0.000444 1.025749 0.971658 2.101785 4.099191 0.241022
 0.000444 1.016287 0.972421 2.106556 4.095264 0.269059
 0.000445 1.002466 0.973915 2.111230 4.087611 0.328131
 0.000445 0.985394 0.976039 2.115844 4.077277 0.417187
 0.000446 0.967244 0.978551 2.120407 4.066202 0.524483
 0.000446 0.950655 0.981374 2.124960 4.056989 0.623084
 0.000447 0.937783 0.983857 2.129485 4.051125 0.690265
 0.000447 0.930786 0.985648 2.133943 4.050377 0.699082
 0.000448 0.931060 0.986987 2.138327 4.056373 0.629972
 0.000448 0.938090 0.987642 2.142613 4.068345 0.502759
 0.000449 0.950935 0.987301 2.146777 4.085013 0.349511
 0.000449 0.967082 0.985764 2.150829 4.103675 0.210898
 0.000450 0.983924 0.982987 2.154700 4.121610 0.110500
 0.000450 0.999421 0.979254 2.158404 4.137079 0.049743
 0.000451 1.011479 0.974540 2.161899 4.147917 0.021432
 0.000451 1.018415 0.969254 2.165142 4.152810 0.012499
 0.000452 1.019283 0.964146 2.168196 4.151625 0.014443
 0.000452 1.014250 0.959639 2.171101 4.144991 0.027919
 0.000453 1.003550 0.955970 2.173683 4.133202 0.062723
 0.000453 0.988712 0.954358 2.176071 4.119141 0.122414
 0.000454 0.971187 0.954677 2.178285 4.104148 0.207836
 0.000454 0.953555 0.956729 2.180264 4.090548 0.304768
 0.000455 0.938301 0.960765 2.181977 4.081043 0.383493
 0.000455 0.927532 0.965766 2.183511 4.076809 0.421469
 0.000456 0.922812 0.970733 2.184835 4.078379 0.407174
 0.000456 0.924899 0.974714 2.185979 4.085593 0.344682
 0.000457 0.933366 0.977550 2.186936 4.097852 0.250411
 0.000457 0.947074 0.978522 2.187719 4.113315 0.152936
 0.000458 0.963209 0.977283 2.188296 4.128788 0.079332
 0.000458 0.978965 0.974087 2.188593 4.141645 0.036384
 0.000459 0.992502 0.969478 2.188628 4.150608 0.016223
 0.000459 1.001909 0.963987 2.188379 4.154275 0.010291
 0.000460 1.006761 0.958721 2.187855 4.153336 0.011681
 0.000460 1.006794 0.954732 2.187049 4.148575 0.020092
 0.000461 1.002010 0.952461 2.186051 4.140521 0.039480
 0.000461 0.993411 0.952157 2.184799 4.130367 0.073168
 0.000462 0.981899 0.954201 2.183370 4.119470 0.120791
 0.000462 0.969269 0.958897 2.181683 4.109848 0.172709
 0.000463 0.957394 0.965789 2.179724 4.102907 0.215916
 0.000463 0.947824 0.973828 2.177535 4.099187 0.241053
 0.000464 0.942131 0.982201 2.175103 4.099435 0.239336
 0.000464 0.941216 0.990098 2.172472 4.103787 0.210172
 0.000465 0.944995 0.996787 2.169622 4.111404 0.163688
 0.000465 0.952995 1.001529 2.166572 4.121096 0.112928
 0.000466 0.963845 1.003355 2.163319 4.130519 0.072587
 0.000466 0.975779 1.001898 2.159859 4.137536 0.048313
 0.000467 0.987093 0.997146 2.156147 4.140386 0.039860
 0.000467 0.996509 0.989739 2.152208 4.138457 0.045493
 0.000468 1.002529 0.980257 2.148116 4.130903 0.071131
 0.000468 1.004721 0.969819 2.143838 4.118377 0.126219
 0.000469 1.002706 0.959876 2.139372 4.101954 0.222221
 0.000469 0.997347 0.951883 2.134797 4.084027 0.357801
 0.000470 0.989655 0.947437 2.130097 4.067190 0.514414
 0.000470 0.980478 0.947016 2.125251 4.052744 0.671365
 0.000471 0.970750 0.950963 2.120454 4.042167 0.799527
 0.000471 0.961858 0.958391 2.115708 4.035956 0.879991
 0.000472 0.955063 0.968144 2.110842 4.034049 0.905475
 0.000472 0.951339 0.978643 2.105902 4.035885 0.880944
 0.000473 0.950993 0.988891 2.100945 4.040829 0.816535
 0.000473 0.953706 0.996961 2.095941 4.046608 0.744354
 0.000474 0.959000 1.001942 2.090884 4.051826 0.682049
 0.000474 0.965765 1.003335 2.085851 4.054952 0.646034
 0.000475 0.973228 1.000654 2.080778 4.054660 0.649350
 0.000475 0.980061 0.993982 2.075662 4.049706 0.707033
 0.000476 0.985508 0.984965 2.070547 4.041019 0.814108
 0.000476 0.988559 0.974542 2.065488 4.028588 0.980453
 0.000477 0.988990 0.964122 2.060569 4.013681 1.200322
 0.000477 0.987268 0.954788 2.055665 3.997721 1.460338
 0.000478 0.984315 0.948047 2.050806 3.983168 1.719637
 0.000478 0.980526 0.945583 2.046089 3.972198 1.929100
 0.000479 0.976563 0.947571 2.041444 3.965578 2.061319
 0.000479 0.972878 0.953775 2.036912 3.963565 2.102392
 0.000480 0.970532 0.963413 2.032584 3.966529 2.042048
 0.000480 0.969937 0.975295 2.028388 3.973619 1.901275
 0.000481 0.971072 0.988054 2.024294 3.983420 1.714960
 0.000481 0.973520 0.999693 2.020293 3.993506 1.533260
 0.000482 0.976916 1.008990 2.016436 4.002342 1.382428
 0.000482 0.981053 1.015455 2.012680 4.009187 1.270947
 0.000483 0.985415 1.018485 2.009062 4.012961 1.211492
 0.000483 0.989243 1.017755 2.005523 4.012521 1.218349
 0.000484 0.991817 1.013739 2.002026 4.007582 1.296676
 0.000484 0.992881 1.007171 1.998733 3.998785 1.442211
 0.000485 0.992549 0.998961 1.995630 3.987139 1.646775
 0.000485 0.991160 0.990039 1.992728 3.973927 1.895286
 0.000486 0.988979 0.981307 1.989976 3.960262 2.170658
 0.000486 0.986845 0.973767 1.987498 3.948109 2.431268
 0.000487 0.984551 0.968050 1.985256 3.937857 2.662593
 0.000487 0.982634 0.964890 1.983244 3.930769 2.828678
 0.000488 0.981693 0.965272 1.981483 3.928448 2.884146
 0.000488 0.981860 0.969037 1.979983 3.930880 2.826038
 0.000489 0.983139 0.975333 1.978756 3.937228 2.677129
 0.000489 0.985171 0.983527 1.977902 3.946599 2.464675
 0.000490 0.987612 0.992196 1.977425 3.957233 2.234238
 0.000490 0.989555 1.000451 1.977311 3.967317 2.026150
 0.000491 0.991141 1.007113 1.977590 3.975844 1.858144
 0.000491 0.992103 1.011234 1.978168 3.981505 1.750611
 0.000492 0.991725 1.011987 1.979150 3.982862 1.725315
 0.000492 0.989600 1.009215 1.980547 3.979362 1.790937
 0.000493 0.985859 1.003434 1.982395 3.971688 1.939129
 0.000493 0.980703 0.995334 1.984631 3.960668 2.162215
 0.000494 0.975318 0.985712 1.987197 3.948226 2.428685
 0.000494 0.970418 0.975933 1.990125 3.936475 2.694588
 0.000495 0.966210 0.967188 1.993508 3.926906 2.921295
 0.000495 0.963966 0.960145 1.997234 3.921345 3.057268
 0.000496 0.963638 0.955730 2.001292 3.920660 3.074217
 0.000496 0.965465 0.954643 2.005646 3.925753 2.949233
 0.000497 0.969676 0.956768 2.010333 3.936777 2.687582
 0.000497 0.975665 0.961549 2.015356 3.952570 2.333897
 0.000498 0.982848 0.968161 2.020656 3.971665 1.939567
 0.000498 0.989944 0.975617 2.026201 3.991762 1.563948
 0.000499 0.995944 0.982638 2.031932 4.010514 1.249891
 0.000499 1.000148 0.988164 2.037820 4.026132 1.015151
 0.000500 1.001714 0.992114 2.043780 4.037608 0.858219
