#! FIELDS time dAB dAC dAD rc bias
 0.000000 1.930036 1.869661 3.320007 7.119704 3.637001
 0.000000 1.926904 1.867289 3.320015 7.114208 3.490305
 0.000001 1.918023 1.859984 3.319975 7.097982 3.074756
 0.000001 1.904587 1.848667 3.319894 7.073148 2.489761
 0.000002 1.887773 1.834912 3.319814 7.042499 1.852798
 0.000002 1.868803 1.820203 3.319747 7.008753 1.260122
 0.000003 1.849584 1.805995 3.319690 6.975269 0.784614
 0.000003 1.831211 1.793075 3.319627 6.943913 0.440987
 0.000004 1.815046 1.782833 3.319591 6.917470 0.227611
 0.000004 1.802051 1.776732 3.319670 6.898454 0.117389
 0.000005 1.793272 1.775065 3.319907 6.888243 0.073128
 0.000005 1.788998 1.778060 3.320174 6.887232 0.069311
 0.000006 1.789638 1.786162 3.320552 6.896352 0.107423
 0.000006 1.794860 1.798451 3.320991 6.914302 0.206735
 0.000007 1.803998 1.814008 3.321474 6.939479 0.400326
 0.000007 1.816673 1.832294 3.322028 6.970995 0.731990
 0.000008 1.831978 1.851945 3.322537 7.006460 1.223983
 0.000008 1.848070 1.871586 3.322987 7.042643 1.855562
 0.000009 1.863690 1.889916 3.323413 7.077020 2.576897
 0.000009 1.876877 1.904904 3.323797 7.105578 3.265996
 0.000010 1.886526 1.915155 3.324104 7.125786 3.802883
 0.000010 1.891422 1.919822 3.324378 7.135622 4.079004
 0.000011 1.890939 1.918206 3.324609 7.133755 4.025841
 0.000011 1.885054 1.910495 3.324796 7.120344 3.654307
 0.000012 1.874160 1.898005 3.325017 7.097182 3.054947
 0.000012 1.859482 1.882147 3.325183 7.066812 2.350381
 0.000013 1.842393 1.864409 3.325385 7.032187 1.659612
 0.000013 1.824070 1.846565 3.325647 6.996281 1.069909
 0.000014 1.806349 1.829685 3.325935 6.961969 0.626853
 0.000014 1.790727 1.815103 3.326261 6.932090 0.336941
 0.000015 1.778736 1.803692 3.326589 6.909017 0.174148
 0.000015 1.771387 1.796239 3.326968 6.894593 0.099428
 0.000016 1.769109 1.792766 3.327374 6.889248 0.077022
 0.000016 1.772081 1.793537 3.327743 6.893361 0.094010
 0.000017 1.780147 1.798666 3.328043 6.906856 0.161630
 0.000017 1.792719 1.807400 3.328290 6.928409 0.307398
 0.000018 1.809039 1.819066 3.328528 6.956633 0.568528
 0.000018 1.827693 1.832265 3.328683 6.988640 0.961057
 0.000019 1.847354 1.846003 3.328783 7.022141 1.481621
 0.000019 1.866180 1.859122 3.328888 7.054189 2.084651
 0.000020 1.882467 1.869773 3.328905 7.081145 2.671407
 0.000020 1.895006 1.876268 3.328876 7.100150 3.128740
 0.000021 1.902333 1.877690 3.328798 7.108822 3.349430
 0.000021 1.904014 1.873361 3.328665 7.106039 3.277804
 0.000022 1.900406 1.863749 3.328489 7.092644 2.943799
 0.000022 1.891653 1.849653 3.328274 7.069580 2.410779
 0.000023 1.878746 1.832276 3.328021 7.039044 1.786875
 0.000023 1.863152 1.812927 3.327743 7.003821 1.183052
 0.000024 1.846529 1.793293 3.327476 6.967298 0.687942
 0.000024 1.829595 1.774959 3.327222 6.931776 0.334363
 0.000025 1.814981 1.760204 3.326966 6.902151 0.135985
 0.000025 1.803359 1.749874 3.326763 6.879996 0.044987
 0.000026 1.795584 1.744494 3.326582 6.866660 0.013878
 0.000026 1.791937 1.744632 3.326430 6.863000 0.008450
 0.000027 1.792986 1.750234 3.326235 6.869455 0.018924
 0.000027 1.798342 1.760830 3.326006 6.885178 0.061875
 0.000028 1.807672 1.775496 3.325796 6.908964 0.173836
 0.000028 1.820404 1.793849 3.325698 6.939951 0.404557
 0.000029 1.835673 1.814209 3.325622 6.975505 0.787571
 0.000029 1.851585 1.834542 3.325568 7.011695 1.307268
 0.000030 1.866969 1.853425 3.325555 7.045948 1.919786
 0.000030 1.880429 1.869169 3.325484 7.075082 2.533101
 0.000031 1.889938 1.880096 3.325437 7.095471 3.012789
 0.000031 1.894469 1.885812 3.325356 7.105638 3.267534
 0.000032 1.893497 1.886139 3.325287 7.104923 3.249293
 0.000032 1.887071 1.881171 3.325260 7.093502 2.964668
 0.000033 1.875944 1.871563 3.325196 7.072703 2.479834
 0.000033 1.861157 1.859074 3.325139 7.045370 1.908469
 0.000034 1.844577 1.844287 3.325032 7.013896 1.343091
 0.000034 1.827264 1.829155 3.324885 6.981305 0.862045
 0.000035 1.810959 1.815235 3.324740 6.950934 0.509379
 0.000035 1.796994 1.803393 3.324717 6.925103 0.282024
 0.000036 1.786560 1.794388 3.324782 6.905730 0.155291
 0.000036 1.780426 1.789202 3.324796 6.894425 0.098677
 0.000037 1.779334 1.787979 3.324830 6.892143 0.088803
 0.000037 1.783125 1.791162 3.324807 6.899094 0.120513
 0.000038 1.791302 1.798564 3.324769 6.914636 0.208888
 0.000038 1.803287 1.809491 3.324790 6.937568 0.383406
 0.000039 1.818302 1.823111 3.324815 6.966228 0.675448
 0.000039 1.835415 1.838332 3.324895 6.998642 1.104716
 0.000040 1.853128 1.853791 3.325014 7.031933 1.654983
 0.000040 1.869936 1.868140 3.325067 7.063143 2.271497
 0.000041 1.884236 1.879877 3.325095 7.089208 2.861018
 0.000041 1.895047 1.887683 3.325084 7.107813 3.323389
 0.000042 1.901384 1.890052 3.325019 7.116455 3.549922
 0.000042 1.902877 1.886849 3.324930 7.114655 3.502127
 0.000043 1.899559 1.878042 3.324798 7.102398 3.185240
 0.000043 1.892090 1.864205 3.324602 7.080896 2.665646
 0.000044 1.881324 1.846432 3.324411 7.052166 2.043564
 0.000044 1.868596 1.826273 3.324303 7.019172 1.430961
 0.000045 1.855379 1.805467 3.324198 6.985045 0.911853
 0.000045 1.843107 1.785585 3.323991 6.952684 0.527199
 0.000046 1.832789 1.768284 3.323773 6.924845 0.280090
 0.000046 1.825345 1.754171 3.323611 6.903126 0.141119
 0.000047 1.821693 1.744657 3.323452 6.889803 0.079212
 0.000047 1.822240 1.740184 3.323252 6.885676 0.063640
 0.000048 1.826770 1.740601 3.323013 6.890384 0.081545
 0.000048 1.835465 1.745944 3.322829 6.904239 0.147092
 0.000049 1.847520 1.755601 3.322651 6.925772 0.287069
 0.000049 1.862164 1.768498 3.322500 6.953162 0.532124
 0.000050 1.878025 1.783539 3.322357 6.983922 0.896754
 0.000050 1.894080 1.800232 3.322258 7.016570 1.387272
 0.000051 1.909547 1.817015 3.322184 7.048747 1.975012
 0.000051 1.923303 1.831898 3.322035 7.077236 2.581818
 0.000052 1.933532 1.843705 3.321806 7.099042 3.101107
 0.000052 1.939337 1.850656 3.321522 7.111515 3.419502
 0.000053 1.939965 1.852289 3.321269 7.113523 3.472214
 0.000053 1.935402 1.848886 3.321011 7.105299 3.258891
 0.000054 1.926167 1.840786 3.320752 7.087705 2.825177
 0.000054 1.913151 1.828986 3.320550 7.062687 2.261779
 0.000055 1.897352 1.814806 3.320409 7.032568 1.666550
 0.000055 1.880305 1.800162 3.320280 7.000747 1.136234
 0.000056 1.863310 1.786713 3.320149 6.970172 0.722062
 0.000056 1.848130 1.775651 3.320057 6.943838 0.440274
 0.000057 1.835602 1.767508 3.319976 6.923086 0.267076
 0.000057 1.826467 1.763538 3.319879 6.909884 0.179302
 0.000058 1.821297 1.764201 3.319835 6.905333 0.153087
 0.000058 1.820039 1.769337 3.319920 6.909295 0.175795
 0.000059 1.823163 1.779150 3.320072 6.922385 0.261980
 0.000059 1.830089 1.792491 3.320288 6.942867 0.431213
 0.000060 1.840433 1.808608 3.320559 6.969600 0.715209
 0.000060 1.853391 1.826332 3.320957 7.000680 1.135230
 0.000061 1.867602 1.844975 3.321348 7.033925 1.691424
 0.000061 1.881560 1.862961 3.321687 7.066209 2.337324
 0.000062 1.894126 1.878879 3.321997 7.095002 3.001305
 0.000062 1.903361 1.891185 3.322188 7.116734 3.557359
 0.000063 1.908587 1.898438 3.322323 7.129349 3.901785
 0.000063 1.909065 1.900486 3.322399 7.131950 3.974799
 0.000064 1.904913 1.897342 3.322480 7.124735 3.773958
 0.000064 1.896739 1.889366 3.322532 7.108638 3.344675
 0.000065 1.885152 1.877445 3.322571 7.085167 2.765187
 0.000065 1.871190 1.862151 3.322658 7.055999 2.121780
 0.000066 1.856368 1.844773 3.322788 7.023930 1.512582
 0.000066 1.842579 1.826624 3.322882 6.992085 1.009414
 0.000067 1.830692 1.808939 3.322987 6.962617 0.634134
 0.000067 1.821202 1.793167 3.323163 6.937532 0.383095
 0.000068 1.815081 1.780017 3.323421 6.918519 0.234745
 0.000068 1.813090 1.770300 3.323708 6.907098 0.163008
 0.000069 1.815582 1.764699 3.324021 6.904302 0.147434
 0.000069 1.822351 1.763664 3.324272 6.910286 0.181722
 0.000070 1.833106 1.767280 3.324587 6.924973 0.281049
 0.000070 1.847140 1.774711 3.324989 6.946841 0.468906
 0.000071 1.863595 1.785171 3.325412 6.974179 0.771015
 0.000071 1.880945 1.797885 3.325762 7.004593 1.194944
 0.000072 1.897444 1.811540 3.326090 7.035074 1.712628
 0.000072 1.911883 1.824597 3.326336 7.062815 2.264519
 0.000073 1.922743 1.836023 3.326517 7.085282 2.767892
 0.000073 1.929210 1.844408 3.326608 7.100226 3.130658
 0.000074 1.931155 1.848401 3.326603 7.106159 3.280880
 0.000074 1.928400 1.848081 3.326538 7.103020 3.200948
 0.000075 1.921055 1.843027 3.326506 7.090588 2.894125
 0.000075 1.909870 1.833869 3.326490 7.070229 2.425050
 0.000076 1.895692 1.821436 3.326450 7.043578 1.873629
 0.000076 1.879775 1.807087 3.326370 7.013231 1.332226
 0.000077 1.863857 1.792349 3.326251 6.982457 0.877240
 0.000077 1.848896 1.778681 3.326095 6.953672 0.537396
 0.000078 1.835967 1.767524 3.325902 6.929393 0.315161
 0.000078 1.825819 1.759698 3.325703 6.911219 0.187390
 0.000079 1.819130 1.755396 3.325522 6.900048 0.125241
 0.000079 1.816281 1.755301 3.325349 6.896931 0.110126
 0.000080 1.817163 1.759504 3.325145 6.901812 0.134224
 0.000080 1.821893 1.768215 3.325002 6.915110 0.211965
 0.000081 1.830096 1.780596 3.324873 6.935565 0.366072
 0.000081 1.841320 1.795967 3.324659 6.961946 0.626599
 0.000082 1.853889 1.812701 3.324474 6.991064 0.994955
 0.000082 1.866774 1.829690 3.324243 7.020708 1.457053
 0.000083 1.878744 1.845687 3.323952 7.048383 1.967799
 0.000083 1.888662 1.859519 3.323613 7.071794 2.459625
 0.000084 1.895007 1.869912 3.323181 7.088100 2.834580
 0.000084 1.896650 1.876009 3.322649 7.095307 3.008771
 0.000085 1.893429 1.877822 3.322014 7.093265 2.958904
 0.000085 1.884670 1.875000 3.321323 7.080994 2.667909
 0.000086 1.871516 1.867910 3.320582 7.060008 2.205163
 0.000086 1.855362 1.857792 3.319747 7.032901 1.672638
 0.000087 1.837330 1.845676 3.318870 7.001876 1.153310
 0.000087 1.818621 1.832656 3.317981 6.969257 0.711114
 0.000088 1.800762 1.820134 3.317063 6.937959 0.386843
 0.000088 1.785197 1.809085 3.316173 6.910454 0.182734
 0.000089 1.773232 1.799837 3.315351 6.888420 0.073804
 0.000089 1.765409 1.793152 3.314607 6.873168 0.026838
 0.000090 1.762045 1.789843 3.313899 6.865787 0.012461
 0.000090 1.763427 1.790140 3.313255 6.866823 0.014151
 0.000091 1.769540 1.793837 3.312672 6.876049 0.033928
 0.000091 1.779451 1.800640 3.312176 6.892266 0.089322
 0.000092 1.792252 1.810120 3.311749 6.914121 0.205575
 0.000092 1.806928 1.821316 3.311461 6.939704 0.402341
 0.000093 1.822159 1.833005 3.311281 6.966445 0.677972
 0.000093 1.836675 1.843762 3.311144 6.991581 1.002263
 0.000094 1.848944 1.852864 3.311078 7.012886 1.326586
 0.000094 1.857705 1.859018 3.311082 7.027805 1.580735
 0.000095 1.862186 1.861310 3.311094 7.034589 1.703664
 0.000095 1.861732 1.859576 3.311124 7.032433 1.664090
 0.000096 1.856666 1.853419 3.311233 7.021319 1.467511
 0.000096 1.847269 1.843758 3.311371 7.002398 1.161256
 0.000097 1.834939 1.831183 3.311566 6.977688 0.815211
 0.000097 1.821035 1.816836 3.311847 6.949718 0.497186
 0.000098 1.806914 1.802152 3.312154 6.921220 0.253613
 0.000098 1.793855 1.788865 3.312546 6.895267 0.102453
 0.000099 1.782927 1.777868 3.313024 6.873819 0.028368
 0.000099 1.775103 1.770302 3.313586 6.858990 0.004041
 0.000100 1.770783 1.766998 3.314241 6.852023 0.000205
 0.000100 1.770514 1.768250 3.314984 6.853748 0.000702
 0.000101 1.774298 1.773691 3.315757 6.863746 0.009448
 0.000101 1.781790 1.783348 3.316586 6.881725 0.050323
 0.000102 1.792595 1.796300 3.317424 6.906319 0.158592
 0.000102 1.806033 1.812193 3.318324 6.936550 0.374544
 0.000103 1.820822 1.829622 3.319382 6.969826 0.717919
 0.000103 1.835662 1.846888 3.320441 7.002991 1.170311
 0.000104 1.849177 1.862737 3.321504 7.033419 1.682119
 0.000104 1.860343 1.876207 3.322517 7.059066 2.185437
 0.000105 1.868593 1.886189 3.323477 7.078259 2.605112
 0.000105 1.872762 1.892463 3.324350 7.089576 2.869827
 0.000106 1.872948 1.895136 3.325084 7.093168 2.956534
 0.000106 1.869014 1.894479 3.325748 7.089240 2.861790
 0.000107 1.861860 1.890684 3.326381 7.078926 2.620357
 0.000107 1.851833 1.883946 3.327006 7.062785 2.263866
 0.000108 1.840373 1.875659 3.327536 7.043568 1.873429
 0.000108 1.828287 1.866765 3.328023 7.023075 1.497752
 0.000109 1.816694 1.858652 3.328460 7.003806 1.182807
 0.000109 1.806545 1.852113 3.328851 6.987508 0.945429
 0.000110 1.798581 1.847552 3.329173 6.975306 0.785076
 0.000110 1.792798 1.845141 3.329406 6.967345 0.688489
 0.000111 1.790102 1.845760 3.329612 6.965475 0.666721
 0.000111 1.790356 1.849418 3.329786 6.969559 0.714722
 0.000112 1.793546 1.855553 3.329869 6.978968 0.831632
 0.000112 1.799319 1.864062 3.330001 6.993382 1.027920
 0.000113 1.807511 1.874135 3.330132 7.011779 1.308620
 0.000113 1.817029 1.884922 3.330110 7.032060 1.657300
 0.000114 1.826686 1.896087 3.330011 7.052783 2.056044
 0.000114 1.835869 1.906586 3.329975 7.072430 2.473758
 0.000115 1.843927 1.915207 3.329947 7.089080 2.857974
 0.000115 1.850098 1.921205 3.329879 7.101182 3.154624
 0.000116 1.853581 1.923934 3.329844 7.107359 3.311686
 0.000116 1.854010 1.922513 3.329793 7.106316 3.284890
 0.000117 1.851178 1.917173 3.329715 7.098066 3.076842
 0.000117 1.845167 1.907970 3.329608 7.082746 2.708537
 0.000118 1.836749 1.895667 3.329503 7.061919 2.245481
 0.000118 1.826830 1.881000 3.329340 7.037171 1.751645
 0.000119 1.816230 1.864971 3.329124 7.010325 1.285210
 0.000119 1.805775 1.848676 3.328860 6.983312 0.888603
 0.000120 1.796908 1.833543 3.328574 6.959025 0.594323
 0.000120 1.790025 1.820353 3.328308 6.938687 0.393266
 0.000121 1.785853 1.809653 3.328040 6.923547 0.270458
 0.000121 1.784284 1.802353 3.327800 6.914438 0.207613
 0.000122 1.785757 1.799242 3.327616 6.912615 0.196030
 0.000122 1.790217 1.800487 3.327494 6.918198 0.232547
 0.000123 1.797433 1.805476 3.327437 6.930346 0.322777
 0.000123 1.806750 1.813557 3.327490 6.947797 0.478210
 0.000124 1.817666 1.824071 3.327597 6.969333 0.712022
 0.000124 1.828818 1.835917 3.327699 6.992434 1.014370
 0.000125 1.839658 1.847912 3.327771 7.015341 1.366881
 0.000125 1.849086 1.858984 3.327881 7.035951 1.728889
 0.000126 1.855804 1.868016 3.328076 7.051896 2.038097
 0.000126 1.859770 1.874366 3.328311 7.062446 2.256673
 0.000127 1.860529 1.876800 3.328597 7.065926 2.331205
 0.000127 1.857718 1.875453 3.328996 7.062167 2.250741
 0.000128 1.851983 1.870608 3.329410 7.052001 2.040221
 0.000128 1.844105 1.862312 3.329786 7.036203 1.733572
 0.000129 1.834657 1.851945 3.330185 7.016787 1.390887
 0.000129 1.824385 1.840946 3.330585 6.995916 1.064569
 0.000130 1.814242 1.830476 3.330994 6.975711 0.790168
 0.000130 1.805083 1.821113 3.331351 6.957547 0.578316
 0.000131 1.797755 1.813750 3.331668 6.943173 0.434058
 0.000131 1.792866 1.809257 3.331987 6.934111 0.353733
 0.000132 1.791075 1.808013 3.332257 6.931344 0.330846
 0.000132 1.792869 1.810503 3.332605 6.935977 0.369605
 0.000133 1.797756 1.816161 3.332930 6.946846 0.468962
 0.000133 1.805474 1.824615 3.333209 6.963298 0.641818
 0.000134 1.815242 1.835299 3.333432 6.983974 0.897449
 0.000134 1.826662 1.847871 3.333678 7.008211 1.251542
 0.000135 1.839056 1.861308 3.333893 7.034258 1.697543
 0.000135 1.851023 1.874638 3.334091 7.059751 2.199784
 0.000136 1.861537 1.887066 3.334181 7.082783 2.709403
 0.000136 1.869846 1.897445 3.334164 7.101455 3.161492
 0.000137 1.875078 1.905055 3.334085 7.114218 3.490560
 0.000137 1.877004 1.909110 3.333957 7.120071 3.646920
 0.000138 1.875603 1.909347 3.333669 7.118619 3.607808
 0.000138 1.871320 1.905566 3.333284 7.110170 3.384421
 0.000139 1.865097 1.898139 3.332824 7.096060 3.027276
 0.000139 1.857183 1.887424 3.332289 7.076896 2.574089
 0.000140 1.848293 1.874586 3.331713 7.054592 2.092895
 0.000140 1.839348 1.860656 3.331034 7.031038 1.638742
 0.000141 1.831599 1.846263 3.330243 7.008105 1.249861
 0.000141 1.825731 1.832319 3.329387 6.987437 0.944452
 0.000142 1.822418 1.819728 3.328536 6.970682 0.728206
 0.000142 1.822249 1.809579 3.327689 6.959517 0.599694
 0.000143 1.825205 1.801913 3.326834 6.953952 0.540300
 0.000143 1.830635 1.796623 3.326021 6.953279 0.533329
 0.000144 1.838538 1.794290 3.325176 6.958004 0.583242
 0.000144 1.848680 1.794694 3.324291 6.967664 0.692244
 0.000145 1.860054 1.797154 3.323328 6.980536 0.851988
 0.000145 1.872147 1.801370 3.322248 6.995765 1.062367
 0.000146 1.884099 1.806809 3.321099 7.012006 1.312305
 0.000146 1.895080 1.812860 3.319976 7.027917 1.582714
 0.000147 1.904148 1.818382 3.318895 7.041424 1.832161
 0.000147 1.910434 1.822246 3.317699 7.050379 2.007590
 0.000148 1.913169 1.824555 3.316477 7.054201 2.084910
 0.000148 1.912274 1.824557 3.315277 7.052109 2.042395
 0.000149 1.907723 1.821721 3.314065 7.043509 1.872277
 0.000149 1.900184 1.815942 3.312848 7.028974 1.601592
 0.000150 1.889684 1.807828 3.311624 7.009136 1.266220
 0.000150 1.877451 1.798006 3.310487 6.985944 0.924039
 0.000151 1.864969 1.787782 3.309475 6.962226 0.629731
 0.000151 1.852872 1.777992 3.308615 6.939480 0.400329
 0.000152 1.842214 1.769019 3.307870 6.919103 0.238762
 0.000152 1.833881 1.761900 3.307234 6.903015 0.140529
 0.000153 1.828634 1.757263 3.306672 6.892569 0.090606
 0.000153 1.826484 1.755287 3.306188 6.887959 0.072043
 0.000154 1.827718 1.756129 3.305830 6.889677 0.078713
 0.000154 1.832443 1.759628 3.305607 6.897678 0.113659
 0.000155 1.840313 1.765836 3.305485 6.911633 0.189934
 0.000155 1.850715 1.774202 3.305401 6.930318 0.322550
 0.000156 1.862881 1.783702 3.305358 6.951941 0.519596
 0.000156 1.875715 1.793476 3.305331 6.974522 0.775292
 0.000157 1.888133 1.802412 3.305337 6.995882 1.064077
 0.000157 1.899159 1.809531 3.305319 7.014009 1.344947
 0.000158 1.908317 1.814788 3.305341 7.028446 1.592151
 0.000158 1.914477 1.818048 3.305284 7.037809 1.763604
 0.000159 1.917142 1.819122 3.305306 7.041569 1.834938
 0.000159 1.916218 1.817589 3.305404 7.039211 1.790039
 0.000160 1.911636 1.813795 3.305512 7.030943 1.637012
 0.000160 1.904053 1.808420 3.305741 7.018214 1.414794
 0.000161 1.894479 1.802465 3.305911 7.002855 1.168229
 0.000161 1.884013 1.796692 3.306069 6.986774 0.935350
 0.000162 1.873631 1.791542 3.306238 6.971412 0.737040
 0.000162 1.864438 1.787522 3.306478 6.958438 0.587942
 0.000163 1.857450 1.784720 3.306785 6.948955 0.489604
 0.000163 1.852695 1.783678 3.307055 6.943428 0.436437
 0.000164 1.850669 1.785026 3.307354 6.943049 0.432905
 0.000164 1.851183 1.788408 3.307675 6.947266 0.473038
 0.000165 1.854679 1.793439 3.307959 6.956077 0.562613
 0.000165 1.860832 1.799963 3.308261 6.969056 0.708718
 0.000166 1.869380 1.806961 3.308659 6.985000 0.911255
 0.000166 1.879904 1.813861 3.309100 7.002865 1.168382
 0.000167 1.891664 1.820274 3.309590 7.021528 1.471093
 0.000167 1.903846 1.825500 3.310086 7.039432 1.794227
 0.000168 1.915678 1.828543 3.310491 7.054713 2.095365
 0.000168 1.925881 1.828517 3.310909 7.065307 2.317864
 0.000169 1.933865 1.825500 3.311245 7.070609 2.433425
 0.000169 1.939204 1.819688 3.311580 7.070471 2.430382
 0.000170 1.941859 1.810771 3.311807 7.064437 2.299169
 0.000170 1.941425 1.799108 3.311989 7.052522 2.050753
 0.000171 1.938238 1.786068 3.312160 7.036467 1.738490
 0.000171 1.932925 1.772150 3.312333 7.017407 1.401249
 0.000172 1.926314 1.758676 3.312503 6.997492 1.087699
 0.000172 1.919284 1.746564 3.312685 6.978533 0.826034
 0.000173 1.912435 1.736705 3.312822 6.961963 0.626781
 0.000173 1.906238 1.730236 3.312956 6.949430 0.494312
 0.000174 1.901527 1.727272 3.313075 6.941874 0.422038
 0.000174 1.898913 1.728403 3.313182 6.940498 0.409495
 0.000175 1.898268 1.733501 3.313302 6.945072 0.451934
 0.000175 1.899751 1.741848 3.313372 6.954972 0.550955
 0.000176 1.903111 1.752790 3.313368 6.969268 0.711248
 0.000176 1.908319 1.765725 3.313387 6.987431 0.944362
 0.000177 1.915121 1.779302 3.313397 7.007820 1.245365
 0.000177 1.922412 1.792750 3.313272 7.028434 1.591937
 0.000178 1.929807 1.804981 3.313149 7.047937 1.958954
 0.000178 1.936635 1.815091 3.313022 7.064748 2.305828
 0.000179 1.941698 1.822298 3.312819 7.076815 2.572243
 0.000179 1.944733 1.825315 3.312629 7.082677 2.706928
 0.000180 1.945415 1.823964 3.312353 7.081732 2.684994
 0.000180 1.944043 1.818638 3.312064 7.074744 2.525497
 0.000181 1.940561 1.810165 3.311839 7.062565 2.259187
 0.000181 1.935376 1.799809 3.311603 7.046788 1.936275
 0.000182 1.928907 1.788529 3.311339 7.028775 1.598033
 0.000182 1.921122 1.777287 3.311136 7.009544 1.272720
 0.000183 1.912586 1.767343 3.310880 6.990810 0.991369
 0.000183 1.903752 1.759473 3.310661 6.973886 0.767382
 0.000184 1.895234 1.754343 3.310460 6.960037 0.605404
 0.000184 1.887886 1.752656 3.310328 6.950870 0.508742
 0.000185 1.881799 1.754656 3.310181 6.946636 0.466922
 0.000185 1.877587 1.760071 3.310057 6.947715 0.477412
 0.000186 1.875506 1.768912 3.310069 6.954487 0.545873
 0.000186 1.875397 1.780621 3.310119 6.966137 0.674388
 0.000187 1.876990 1.794370 3.310177 6.981536 0.865091
 0.000187 1.879847 1.809082 3.310180 6.999109 1.111668
 0.000188 1.883427 1.823961 3.310129 7.017517 1.403091
 0.000188 1.887456 1.838331 3.310093 7.035880 1.727569
 0.000189 1.891298 1.851253 3.310021 7.052572 2.051771
 0.000189 1.894493 1.861312 3.309934 7.065739 2.327175
 0.000190 1.896281 1.867780 3.309895 7.073956 2.507813
 0.000190 1.896654 1.869813 3.309837 7.076304 2.560670
 0.000191 1.895508 1.867145 3.309685 7.072338 2.471700
 0.000191 1.892624 1.859960 3.309358 7.061941 2.245950
 0.000192 1.888189 1.849002 3.308988 7.046178 1.924287
 0.000192 1.882935 1.835140 3.308612 7.026686 1.560905
 0.000193 1.877375 1.819191 3.308259 7.004825 1.198532
 0.000193 1.872173 1.802564 3.307912 6.982649 0.879794
 0.000194 1.867894 1.786499 3.307632 6.962025 0.627483
 0.000194 1.865160 1.772114 3.307476 6.944750 0.448878
 0.000195 1.864178 1.760207 3.307343 6.931729 0.333978
 0.000195 1.865517 1.751543 3.307269 6.924330 0.276245
 0.000196 1.869208 1.746629 3.307111 6.922948 0.266074
 0.000196 1.875306 1.745569 3.307064 6.927938 0.303714
 0.000197 1.883427 1.748345 3.306974 6.938746 0.393792
 0.000197 1.892771 1.754295 3.306901 6.953967 0.540452
 0.000198 1.902875 1.763476 3.306874 6.973225 0.759222
 0.000198 1.912740 1.775633 3.306816 6.995189 1.053998
 0.000199 1.921779 1.789514 3.306782 7.018075 1.412467
 0.000199 1.929436 1.803817 3.306702 7.039955 1.804149
 0.000200 1.935023 1.816968 3.306626 7.058617 2.176042
 0.000200 1.937915 1.827488 3.306532 7.071934 2.462743
 0.000201 1.938396 1.834517 3.306510 7.079423 2.631737
 0.000201 1.935723 1.837758 3.306485 7.079966 2.644215
 0.000202 1.930405 1.836707 3.306504 7.073617 2.500218
 0.000202 1.923072 1.831524 3.306512 7.061108 2.228336
 0.000203 1.913872 1.822969 3.306565 7.043407 1.870311
 0.000203 1.903669 1.811748 3.306571 7.021988 1.478991
 0.000204 1.893357 1.799198 3.306554 6.999108 1.111666
 0.000204 1.884176 1.786467 3.306487 6.977130 0.808098
 0.000205 1.876795 1.774802 3.306401 6.957997 0.583172
 0.000205 1.871645 1.765454 3.306399 6.943498 0.437092
 0.000206 1.868706 1.759062 3.306483 6.934252 0.354916
 0.000206 1.868112 1.756113 3.306629 6.930853 0.326864
 0.000207 1.870126 1.756944 3.306817 6.933886 0.351844
 0.000207 1.874105 1.761226 3.307002 6.942333 0.426270
 0.000208 1.879739 1.769217 3.307212 6.956168 0.563577
 0.000208 1.886640 1.780268 3.307489 6.974397 0.773731
 0.000209 1.894034 1.793574 3.307794 6.995402 1.057090
 0.000209 1.901037 1.808422 3.308102 7.017562 1.403844
 0.000210 1.906418 1.823849 3.308526 7.038792 1.782129
 0.000210 1.909632 1.839028 3.309028 7.057688 2.156721
 0.000211 1.909738 1.852527 3.309538 7.071804 2.459844
 0.000211 1.906548 1.863235 3.310033 7.079815 2.640748
 0.000212 1.900033 1.870332 3.310474 7.080839 2.664334
 0.000212 1.890566 1.873561 3.310901 7.075028 2.531880
 0.000213 1.878480 1.872797 3.311382 7.062659 2.261196
 0.000213 1.864744 1.868225 3.311940 7.044910 1.899490
 0.000214 1.850208 1.860281 3.312475 7.022963 1.495819
 0.000214 1.836106 1.850152 3.312903 6.999161 1.112447
 0.000215 1.823659 1.838812 3.313293 6.975765 0.790842
 0.000215 1.813190 1.827138 3.313608 6.953936 0.540134
 0.000216 1.805436 1.815811 3.313867 6.935114 0.362222
 0.000216 1.801121 1.806450 3.314043 6.921613 0.256424
 0.000217 1.800594 1.799723 3.314166 6.914482 0.207896
 0.000217 1.803178 1.795648 3.314315 6.913141 0.199338
 0.000218 1.809347 1.794695 3.314524 6.918566 0.235066
 0.000218 1.818527 1.796898 3.314754 6.930178 0.321429
 0.000219 1.830094 1.801673 3.314970 6.946737 0.467901
 0.000219 1.842904 1.808751 3.315198 6.966853 0.682728
 0.000220 1.855975 1.817228 3.315457 6.988659 0.961320
 0.000220 1.868473 1.826695 3.315785 7.010953 1.295292
 0.000221 1.879565 1.836304 3.316142 7.032011 1.656405
 0.000221 1.888099 1.844973 3.316475 7.049546 1.990939
 0.000222 1.893371 1.852106 3.316768 7.062245 2.252391
 0.000222 1.894574 1.857071 3.317075 7.068719 2.391908
 0.000223 1.891938 1.858740 3.317355 7.068033 2.376921
 0.000223 1.885368 1.856902 3.317619 7.059888 2.202658
 0.000224 1.875581 1.851607 3.317927 7.045115 1.903497
 0.000224 1.863833 1.843386 3.318245 7.025464 1.539385
 0.000225 1.851300 1.833566 3.318558 7.003424 1.176949
 0.000225 1.839219 1.823201 3.318871 6.981291 0.861871
 0.000226 1.828382 1.812887 3.319110 6.960379 0.609172
 0.000226 1.819365 1.803515 3.319363 6.942243 0.425436
 0.000227 1.812712 1.795750 3.319654 6.928116 0.305105
 0.000227 1.809096 1.790757 3.319791 6.919644 0.242513
 0.000228 1.809016 1.788623 3.319834 6.917473 0.227632
 0.000228 1.812934 1.789740 3.319866 6.922540 0.263104
 0.000229 1.820318 1.793779 3.319873 6.933970 0.352546
 0.000229 1.830745 1.800378 3.319871 6.950993 0.509980
 0.000230 1.843645 1.809052 3.319890 6.972587 0.751382
 0.000230 1.858096 1.818919 3.319905 6.996920 1.079277
 0.000231 1.872422 1.828921 3.319891 7.021234 1.466050
 0.000231 1.885426 1.838223 3.319746 7.043395 1.870078
 0.000232 1.896707 1.846247 3.319505 7.062459 2.256934
 0.000232 1.904770 1.852219 3.319245 7.076233 2.559077
 0.000233 1.908757 1.855452 3.318973 7.083182 2.718697
 0.000233 1.907965 1.856094 3.318684 7.082743 2.708471
 0.000234 1.902861 1.854222 3.318399 7.075482 2.542096
 0.000234 1.893999 1.849851 3.318077 7.061927 2.245656
 0.000235 1.882014 1.843934 3.317803 7.043751 1.876981
 0.000235 1.867679 1.836718 3.317606 7.022002 1.479242
 0.000236 1.852528 1.828991 3.317444 6.998964 1.109512
 0.000236 1.837735 1.822152 3.317371 6.977258 0.809730
 0.000237 1.824687 1.816813 3.317401 6.958900 0.592963
 0.000237 1.814265 1.813132 3.317439 6.944835 0.449684
 0.000238 1.806662 1.811795 3.317517 6.935974 0.369578
 0.000238 1.802344 1.813009 3.317711 6.933064 0.344980
 0.000239 1.801772 1.816757 3.317997 6.936526 0.374336
 0.000239 1.804790 1.823347 3.318410 6.946547 0.466064
 0.000240 1.810955 1.832021 3.318854 6.961830 0.625294
 0.000240 1.819359 1.841766 3.319350 6.980475 0.851191
 0.000241 1.829368 1.851546 3.319935 7.000849 1.137770
 0.000241 1.840591 1.861247 3.320572 7.022411 1.486280
 0.000242 1.852016 1.869498 3.321257 7.042770 1.858023
 0.000242 1.862780 1.875163 3.322023 7.059966 2.204293
 0.000243 1.872118 1.877786 3.322894 7.072798 2.481958
 0.000243 1.879484 1.876770 3.323847 7.080101 2.647317
 0.000244 1.884009 1.872392 3.324776 7.081176 2.672126
 0.000244 1.885043 1.864650 3.325714 7.075407 2.540405
 0.000245 1.882616 1.854559 3.326669 7.063844 2.286453
 0.000245 1.877732 1.842818 3.327602 7.048152 1.963210
 0.000246 1.870795 1.830372 3.328442 7.029610 1.612981
 0.000246 1.861807 1.817773 3.329215 7.008795 1.260793
 0.000247 1.851661 1.806270 3.329887 6.987818 0.949695
 0.000247 1.841522 1.797055 3.330534 6.969111 0.709369
 0.000248 1.832252 1.791002 3.331205 6.954459 0.545587
 0.000248 1.824510 1.788765 3.331986 6.945261 0.453734
 0.000249 1.818801 1.790259 3.332789 6.941849 0.421810
 0.000249 1.815586 1.795497 3.333573 6.944656 0.447989
 0.000250 1.815161 1.804434 3.334448 6.954043 0.541247
 0.000250 1.817143 1.816767 3.335383 6.969293 0.711546
 0.000251 1.821378 1.831025 3.336341 6.988745 0.962503
 0.000251 1.827451 1.846049 3.337285 7.010785 1.292596
 0.000252 1.834368 1.860027 3.338275 7.032670 1.668418
 0.000252 1.841620 1.871939 3.339276 7.052836 2.057119
 0.000253 1.848962 1.880540 3.340188 7.069690 2.413182
 0.000253 1.855266 1.884759 3.341036 7.081061 2.669451
 0.000254 1.859645 1.883896 3.341816 7.085357 2.769650
 0.000254 1.861581 1.878406 3.342573 7.082559 2.704188
 0.000255 1.860821 1.868623 3.343332 7.072776 2.481467
 0.000255 1.857374 1.855776 3.344019 7.057170 2.145962
 0.000256 1.851329 1.841256 3.344651 7.037236 1.752864
 0.000256 1.843310 1.826395 3.345185 7.014890 1.359442
 0.000257 1.833931 1.812293 3.345642 6.991866 1.006302
 0.000257 1.823763 1.800501 3.346058 6.970322 0.723866
 0.000258 1.813476 1.791873 3.346409 6.951758 0.517736
 0.000258 1.804302 1.787210 3.346703 6.938216 0.389103
 0.000259 1.796586 1.786798 3.347061 6.930445 0.323572
 0.000259 1.790533 1.790603 3.347414 6.928550 0.308507
 0.000260 1.787097 1.798651 3.347795 6.933543 0.348975
 0.000260 1.785762 1.810650 3.348193 6.944604 0.447499
 0.000261 1.786900 1.825657 3.348567 6.961125 0.617434
 0.000261 1.790426 1.842666 3.348953 6.982044 0.871787
 0.000262 1.795873 1.860785 3.349317 7.005975 1.216412
 0.000262 1.802381 1.878205 3.349704 7.030290 1.625227
 0.000263 1.809190 1.893480 3.349996 7.052666 2.053678
 0.000263 1.815423 1.905177 3.350234 7.070834 2.438387
 0.000264 1.820663 1.912395 3.350454 7.083512 2.726381
 0.000264 1.824661 1.914359 3.350650 7.089670 2.872077
 0.000265 1.826935 1.910820 3.350800 7.088555 2.845425
 0.000265 1.827803 1.902642 3.351056 7.081501 2.679625
 0.000266 1.827414 1.890455 3.351318 7.069187 2.402144
 0.000266 1.826207 1.875075 3.351558 7.052841 2.057218
 0.000267 1.824395 1.857682 3.351707 7.033784 1.688824
 0.000267 1.821794 1.839426 3.351859 7.013079 1.329735
 0.000268 1.818945 1.821723 3.351946 6.992613 1.016930
 0.000268 1.816755 1.805399 3.352069 6.974223 0.771563
 0.000269 1.816257 1.791524 3.352135 6.959915 0.604067
 0.000269 1.817179 1.780693 3.352275 6.950148 0.501480
 0.000270 1.819858 1.773732 3.352461 6.946051 0.461292
 0.000270 1.824411 1.770715 3.352705 6.947831 0.478547
 0.000271 1.830146 1.772214 3.352965 6.955325 0.554663
 0.000271 1.837007 1.777524 3.353186 6.967717 0.692863
 0.000272 1.844735 1.785961 3.353303 6.984000 0.897796
 0.000272 1.852342 1.797016 3.353453 7.002811 1.167559
 0.000273 1.859493 1.810242 3.353602 7.023337 1.502283
 0.000273 1.866135 1.824279 3.353719 7.044133 1.884374
 0.000274 1.871629 1.837213 3.353842 7.062683 2.261708
 0.000274 1.875643 1.847387 3.353938 7.076968 2.575732
 0.000275 1.877746 1.853965 3.354089 7.085799 2.780067
 0.000275 1.878103 1.855978 3.354237 7.088318 2.839771
 0.000276 1.876521 1.852965 3.354371 7.083857 2.734462
 0.000276 1.872727 1.844925 3.354374 7.072026 2.464775
 0.000277 1.867309 1.832707 3.354274 7.054290 2.086728
 0.000277 1.860403 1.817159 3.354184 7.031747 1.651597
 0.000278 1.852531 1.799532 3.353965 7.006028 1.217238
 0.000278 1.844398 1.781410 3.353685 6.979493 0.838422
 0.000279 1.836793 1.764225 3.353390 6.954409 0.545063
 0.000279 1.830594 1.749484 3.353036 6.933114 0.345397
 0.000280 1.826092 1.737697 3.352683 6.916471 0.220920
 0.000280 1.823639 1.729967 3.352299 6.905905 0.156271
 0.000281 1.823501 1.726492 3.351950 6.901944 0.134909
 0.000281 1.825200 1.727802 3.351574 6.904575 0.148922
 0.000282 1.828657 1.733756 3.351148 6.913561 0.202000
 0.000282 1.833123 1.743509 3.350701 6.927333 0.299022
 0.000283 1.837714 1.756627 3.350313 6.944655 0.447974
 0.000283 1.841879 1.772656 3.349974 6.964508 0.655608
 0.000284 1.845362 1.789972 3.349751 6.985086 0.912409
 0.000284 1.847430 1.807132 3.349550 7.004113 1.187540
 0.000285 1.847530 1.822729 3.349378 7.019637 1.438829
 0.000285 1.845626 1.835216 3.349259 7.030101 1.621818
 0.000286 1.841702 1.843585 3.349226 7.034513 1.702247
 0.000286 1.836085 1.847280 3.349166 7.032531 1.665883
 0.000287 1.829412 1.846193 3.349097 7.024702 1.526034
 0.000287 1.822764 1.840555 3.349098 7.012418 1.318976
 0.000288 1.816385 1.830936 3.349130 6.996451 1.072399
 0.000288 1.810932 1.818128 3.349128 6.978187 0.821601
 0.000289 1.807290 1.803811 3.349088 6.960189 0.607078
 0.000289 1.805493 1.789195 3.349085 6.943773 0.439668
 0.000290 1.805858 1.775502 3.349147 6.930507 0.324068
 0.000290 1.808757 1.763476 3.349307 6.921539 0.255892
 0.000291 1.814516 1.754216 3.349502 6.918235 0.232801
 0.000291 1.822908 1.748362 3.349685 6.920955 0.251733
 0.000292 1.833745 1.746100 3.349877 6.929722 0.317783
 0.000292 1.846865 1.747414 3.350088 6.944367 0.445261
 0.000293 1.861539 1.752164 3.350271 6.963974 0.649506
 0.000293 1.876661 1.760182 3.350537 6.987381 0.943677
 0.000294 1.891274 1.770798 3.350853 7.012925 1.327236
 0.000294 1.904817 1.783342 3.351202 7.039361 1.792887
 0.000295 1.915999 1.796372 3.351686 7.064057 2.291028
 0.000295 1.923948 1.808819 3.352165 7.084932 2.759646
 0.000296 1.928095 1.819691 3.352668 7.100454 3.136360
 0.000296 1.928741 1.827852 3.353233 7.109826 3.375471
 0.000297 1.925897 1.832600 3.353723 7.112220 3.437963
 0.000297 1.920353 1.833544 3.354327 7.108224 3.333986
 0.000298 1.912810 1.830915 3.354999 7.098723 3.093151
 0.000298 1.904340 1.824750 3.355663 7.084753 2.755449
 0.000299 1.895839 1.814891 3.356281 7.067011 2.354678
 0.000299 1.888255 1.802296 3.356786 7.047338 1.947112
 0.000300 1.882148 1.788025 3.357169 7.027342 1.572517
 0.000300 1.878233 1.773565 3.357446 7.009245 1.267948
 0.000301 1.876690 1.759694 3.357731 6.994115 1.038458
 0.000301 1.877842 1.747335 3.358034 6.983211 0.887262
 0.000302 1.882091 1.737329 3.358308 6.977728 0.815727
 0.000302 1.889493 1.730209 3.358458 6.978160 0.821246
 0.000303 1.899373 1.726079 3.358562 6.984014 0.897986
 0.000303 1.911150 1.724833 3.358687 6.994669 1.046460
 0.000304 1.924516 1.726453 3.358855 7.009824 1.277189
 0.000304 1.938212 1.730519 3.359015 7.027746 1.579685
 0.000305 1.950858 1.736754 3.359086 7.046698 1.934511
 0.000305 1.961753 1.744428 3.359117 7.065298 2.317662
 0.000306 1.970026 1.752595 3.359132 7.081753 2.685479
 0.000306 1.974660 1.760321 3.359129 7.094109 2.979468
 0.000307 1.975367 1.766744 3.359134 7.101244 3.156178
 0.000307 1.971932 1.771492 3.359121 7.102546 3.188965
 0.000308 1.964693 1.774080 3.359057 7.097829 3.070969
 0.000308 1.953821 1.774280 3.358955 7.087056 2.809788
 0.000309 1.940390 1.772099 3.358790 7.071279 2.448210
 0.000309 1.925656 1.767588 3.358536 7.051780 2.035758
 0.000310 1.910280 1.761662 3.358215 7.030157 1.622820
 0.000310 1.895433 1.754709 3.357808 7.007950 1.247404
 0.000311 1.882099 1.747331 3.357357 6.986786 0.935523
 0.000311 1.870985 1.740052 3.356830 6.967867 0.694631
 0.000312 1.862953 1.733925 3.356308 6.953186 0.532368
 0.000312 1.858604 1.729160 3.355761 6.943526 0.437352
 0.000313 1.858420 1.726532 3.355165 6.940117 0.406051
 0.000313 1.862617 1.725676 3.354524 6.942817 0.430749
 0.000314 1.870700 1.726604 3.353817 6.951121 0.511270
 0.000314 1.882286 1.729164 3.353092 6.964542 0.655991
 0.000315 1.896717 1.732555 3.352284 6.981556 0.865351
 0.000315 1.913111 1.736768 3.351525 7.001404 1.146159
 0.000316 1.929853 1.741467 3.350741 7.022060 1.480240
 0.000316 1.946302 1.746047 3.349910 7.042259 1.848173
 0.000317 1.960920 1.750077 3.349028 7.060025 2.205533
 0.000317 1.972293 1.752663 3.348204 7.073160 2.490025
 0.000318 1.979886 1.753113 3.347452 7.080450 2.655368
 0.000318 1.982824 1.751052 3.346770 7.080646 2.659889
 0.000319 1.980758 1.747518 3.346186 7.074462 2.519157
 0.000319 1.973974 1.742769 3.345687 7.062430 2.256328
 0.000320 1.963567 1.737093 3.345209 7.045869 1.918236
 0.000320 1.950466 1.731041 3.344720 7.026226 1.552778
 0.000321 1.935358 1.724976 3.344268 7.004603 1.195104
 0.000321 1.920046 1.719619 3.343840 6.983505 0.891182
 0.000322 1.905744 1.715241 3.343356 6.964340 0.653685
 0.000322 1.893459 1.712996 3.342870 6.949325 0.493272
 0.000323 1.883863 1.713544 3.342304 6.939711 0.402402
 0.000323 1.877321 1.716632 3.341731 6.935685 0.367095
 0.000324 1.874608 1.721912 3.341129 6.937649 0.384116
 0.000324 1.875432 1.728884 3.340454 6.944770 0.449066
 0.000325 1.879571 1.737480 3.339733 6.956783 0.570133
 0.000325 1.886863 1.747427 3.338901 6.973191 0.758804
 0.000326 1.896497 1.757606 3.338038 6.992142 1.010213
 0.000326 1.907670 1.766627 3.337182 7.011480 1.303794
 0.000327 1.920103 1.773468 3.336267 7.029837 1.617075
 0.000327 1.932570 1.777516 3.335351 7.045436 1.909771
 0.000328 1.943540 1.777922 3.334364 7.055826 2.118208
 0.000328 1.952085 1.775237 3.333354 7.060677 2.219231
 0.000329 1.957782 1.770057 3.332378 7.060216 2.209548
 0.000329 1.959887 1.762884 3.331362 7.054132 2.083501
 0.000330 1.957739 1.754534 3.330321 7.042593 1.854601
 0.000330 1.951414 1.746030 3.329289 7.026732 1.561715
 0.000331 1.941263 1.738325 3.328243 7.007831 1.245534
 0.000331 1.928095 1.732098 3.327208 6.987401 0.943952
 0.000332 1.912873 1.728277 3.326165 6.967315 0.688139
 0.000332 1.896703 1.727650 3.325131 6.949485 0.494859
 0.000333 1.880400 1.730464 3.324182 6.935046 0.361645
 0.000333 1.864720 1.736488 3.323307 6.924516 0.277628
 0.000334 1.850414 1.745984 3.322518 6.918916 0.237472
 0.000334 1.838762 1.758374 3.321759 6.918896 0.237331
 0.000335 1.829796 1.773199 3.320983 6.923979 0.273642
 0.000335 1.824005 1.789651 3.320292 6.933948 0.352361
 0.000336 1.821424 1.806778 3.319718 6.947920 0.479411
 0.000336 1.821895 1.823255 3.319238 6.964388 0.654231
 0.000337 1.824790 1.837415 3.318848 6.981053 0.858748
 0.000337 1.829521 1.848495 3.318440 6.996455 1.072457
 0.000338 1.835839 1.855266 3.318009 7.009113 1.265848
 0.000338 1.842645 1.857335 3.317673 7.017653 1.405376
 0.000339 1.848938 1.854327 3.317409 7.020674 1.456480
 0.000339 1.854163 1.847396 3.317300 7.018859 1.425660
 0.000340 1.857899 1.836881 3.317326 7.012106 1.313922
 0.000340 1.859630 1.824121 3.317466 7.001217 1.143332
 0.000341 1.859327 1.810661 3.317715 6.987703 0.948101
 0.000341 1.857032 1.797783 3.318073 6.972888 0.755069
 0.000342 1.853034 1.786571 3.318535 6.958140 0.584717
 0.000342 1.847158 1.777526 3.319062 6.943745 0.439410
 0.000343 1.839901 1.771354 3.319675 6.930931 0.327488
 0.000343 1.832403 1.768915 3.320334 6.921652 0.256700
 0.000344 1.825210 1.771041 3.321034 6.917285 0.226362
 0.000344 1.818939 1.777946 3.321818 6.918703 0.236007
 0.000345 1.813978 1.789453 3.322605 6.926035 0.289067
 0.000345 1.810677 1.804891 3.323456 6.939024 0.396261
 0.000346 1.809223 1.823435 3.324319 6.956977 0.572208
 0.000346 1.809270 1.844016 3.325168 6.978454 0.825016
 0.000347 1.810732 1.865077 3.325985 7.001794 1.152072
 0.000347 1.813443 1.884777 3.326904 7.025124 1.533419
 0.000348 1.817100 1.902016 3.327798 7.046913 1.938744
 0.000348 1.821536 1.915297 3.328639 7.065472 2.321408
 0.000349 1.825923 1.923719 3.329361 7.079003 2.622116
 0.000349 1.829830 1.926646 3.329984 7.086461 2.795695
 0.000350 1.832721 1.924117 3.330559 7.087397 2.817864
 0.000350 1.834498 1.916762 3.331109 7.082369 2.699768
 0.000351 1.834995 1.905769 3.331605 7.072369 2.472392
 0.000351 1.833871 1.892214 3.332090 7.058174 2.166830
 0.000352 1.831439 1.877080 3.332538 7.041057 1.825136
 0.000352 1.828148 1.862006 3.332895 7.023049 1.497301
 0.000353 1.824573 1.848168 3.333199 7.005940 1.215864
 0.000353 1.820737 1.837299 3.333430 6.991465 1.000620
 0.000354 1.817094 1.830100 3.333641 6.980835 0.855890
 0.000354 1.813647 1.826236 3.333814 6.973697 0.765044
 0.000355 1.810697 1.826169 3.333956 6.970822 0.729896
 0.000355 1.808017 1.830519 3.334103 6.972638 0.752008
 0.000356 1.805351 1.839266 3.334214 6.978831 0.829873
 0.000356 1.802718 1.851647 3.334297 6.988661 0.961344
 0.000357 1.800021 1.867260 3.334361 7.001642 1.149769
 0.000357 1.796780 1.885817 3.334414 7.017011 1.394631
 0.000358 1.793113 1.905755 3.334504 7.033373 1.681282
 0.000358 1.788724 1.926093 3.334576 7.049393 1.987883
 0.000359 1.783312 1.945252 3.334605 7.063169 2.272058
 0.000359 1.776717 1.962316 3.334520 7.073553 2.498804
 0.000360 1.768591 1.975683 3.334404 7.078678 2.614690
 0.000360 1.759660 1.984637 3.334288 7.078585 2.612544
 0.000361 1.749780 1.988664 3.334140 7.072584 2.477180
 0.000361 1.739793 1.987752 3.333898 7.061443 2.235417
 0.000362 1.730709 1.982103 3.333532 7.046344 1.927545
 0.000362 1.722829 1.972225 3.333044 7.028098 1.585948
 0.000363 1.716826 1.959089 3.332478 7.008393 1.254419
 0.000363 1.713277 1.944275 3.331897 6.989448 0.972292
 0.000364 1.712582 1.928858 3.331271 6.972712 0.752909
 0.000364 1.714563 1.913783 3.330688 6.959034 0.594419
 0.000365 1.718912 1.899648 3.330124 6.948685 0.486932
 0.000365 1.725571 1.887575 3.329561 6.942707 0.429730
 0.000366 1.733849 1.878958 3.328996 6.941803 0.421386
 0.000366 1.742934 1.873767 3.328454 6.945155 0.452727
 0.000367 1.752052 1.872327 3.327928 6.952308 0.523342
 0.000367 1.760991 1.874317 3.327443 6.962752 0.635647
 0.000368 1.768888 1.879289 3.327054 6.975232 0.784150
 0.000368 1.774970 1.886908 3.326696 6.988574 0.960139
 0.000369 1.778309 1.896600 3.326276 7.001185 1.142848
 0.000369 1.778664 1.907571 3.325786 7.012021 1.312544
 0.000370 1.776033 1.918831 3.325308 7.020172 1.447928
 0.000370 1.770850 1.929553 3.324890 7.025294 1.536397
 0.000371 1.762902 1.938535 3.324511 7.025948 1.547878
 0.000371 1.753324 1.945087 3.324144 7.022554 1.488750
 0.000372 1.742866 1.948603 3.323778 7.015248 1.365339
 0.000372 1.732384 1.948712 3.323464 7.004560 1.194436
 0.000373 1.722717 1.945377 3.323254 6.991348 0.998964
 0.000373 1.714889 1.938881 3.323057 6.976827 0.804259
 0.000374 1.710029 1.929600 3.322916 6.962544 0.633310
 0.000374 1.708753 1.917860 3.322719 6.949331 0.493334
 0.000375 1.710945 1.904717 3.322558 6.938220 0.389139
 0.000375 1.716687 1.891534 3.322440 6.930661 0.325309
 0.000376 1.726183 1.879329 3.322343 6.927855 0.303068
 0.000376 1.738796 1.869017 3.322249 6.930062 0.320499
 0.000377 1.754380 1.860854 3.322224 6.937458 0.382441
 0.000377 1.771662 1.855182 3.322210 6.949054 0.490583
 0.000378 1.789426 1.851941 3.322160 6.963527 0.644414
 0.000378 1.806376 1.851559 3.322092 6.980027 0.845348
 0.000379 1.821209 1.853753 3.322042 6.997003 1.080501
 0.000379 1.832875 1.858214 3.322026 7.013115 1.330330
 0.000380 1.839877 1.864328 3.322007 7.026211 1.552516
 0.000380 1.841729 1.871156 3.321947 7.034832 1.708142
 0.000381 1.838457 1.878106 3.321939 7.038502 1.776647
 0.000381 1.830922 1.884487 3.321886 7.037296 1.753983
 0.000382 1.819170 1.890078 3.321823 7.031071 1.639333
 0.000382 1.804239 1.894461 3.321713 7.020413 1.452030
 0.000383 1.787575 1.897410 3.321561 7.006545 1.225321
 0.000383 1.771033 1.898973 3.321515 6.991521 1.001411
 0.000384 1.755135 1.898818 3.321516 6.975469 0.787124
 0.000384 1.741006 1.897078 3.321576 6.959660 0.601263
 0.000385 1.729694 1.893611 3.321654 6.944958 0.450856
 0.000385 1.721472 1.888808 3.321770 6.932051 0.336614
 0.000386 1.716861 1.882836 3.321926 6.921623 0.256493
 0.000386 1.716521 1.876056 3.322107 6.914684 0.209204
 0.000387 1.720903 1.869492 3.322337 6.912732 0.196767
 0.000387 1.729582 1.863455 3.322603 6.915640 0.215432
 0.000388 1.741802 1.858092 3.322926 6.922820 0.265139
 0.000388 1.756960 1.854115 3.323275 6.934349 0.355740
 0.000389 1.774575 1.851263 3.323574 6.949412 0.494142
 0.000389 1.792751 1.849398 3.323935 6.966084 0.673775
 0.000390 1.809939 1.848288 3.324387 6.982615 0.879331
 0.000390 1.824747 1.847696 3.324831 6.997275 1.084490
 0.000391 1.836038 1.847157 3.325330 7.008525 1.256503
 0.000391 1.842685 1.847006 3.325885 7.015576 1.370774
 0.000392 1.844188 1.847094 3.326478 7.017760 1.407175
 0.000392 1.840486 1.846964 3.327116 7.014567 1.354108
 0.000393 1.832573 1.846830 3.327860 7.007263 1.236584
 0.000393 1.821130 1.846824 3.328654 6.996607 1.074687
 0.000394 1.807362 1.847056 3.329554 6.983972 0.897424
 0.000394 1.792618 1.847397 3.330501 6.970516 0.726204
 0.000395 1.778876 1.847640 3.331522 6.958038 0.583615
 0.000395 1.766995 1.848089 3.332618 6.947703 0.477292
 0.000396 1.758210 1.848297 3.333805 6.940312 0.407816
 0.000396 1.753009 1.848482 3.335015 6.936507 0.374174
 0.000397 1.752010 1.848562 3.336353 6.936925 0.377799
 0.000397 1.755615 1.847672 3.337721 6.941008 0.414125
 0.000398 1.763453 1.845870 3.339109 6.948432 0.484438
 0.000398 1.775572 1.843396 3.340520 6.959488 0.599386
 0.000399 1.791449 1.839847 3.341939 6.973234 0.759336
 0.000399 1.810351 1.835551 3.343349 6.989251 0.969546
 0.000400 1.830831 1.830611 3.344762 7.006203 1.219968
 0.000400 1.851796 1.824826 3.346239 7.022861 1.494043
 0.000401 1.872463 1.818518 3.347730 7.038711 1.780597
 0.000401 1.890896 1.811693 3.349220 7.051809 2.036352
 0.000402 1.905814 1.804487 3.350629 7.060931 2.224586
 0.000402 1.916338 1.797226 3.351999 7.065563 2.323367
 0.000403 1.921762 1.790197 3.353359 7.065318 2.318082
 0.000403 1.921905 1.783589 3.354598 7.060092 2.206939
 0.000404 1.916713 1.778170 3.355731 7.050615 2.012313
 0.000404 1.907157 1.774105 3.356805 7.038067 1.768456
 0.000405 1.894267 1.772139 3.357754 7.024161 1.516595
 0.000405 1.879208 1.772029 3.358591 7.009829 1.277260
 0.000406 1.862863 1.774055 3.359418 6.996335 1.070700
 0.000406 1.846672 1.778055 3.360233 6.984960 0.910705
 0.000407 1.831767 1.784210 3.361018 6.976994 0.806379
 0.000407 1.819526 1.791830 3.361759 6.973115 0.757860
 0.000408 1.810198 1.800156 3.362363 6.972717 0.752976
 0.000408 1.804351 1.808819 3.362924 6.976094 0.794984
 0.000409 1.802519 1.817106 3.363490 6.983115 0.885986
 0.000409 1.805109 1.824568 3.363963 6.993640 1.031623
 0.000410 1.811860 1.830341 3.364316 7.006517 1.224872
 0.000410 1.822394 1.834024 3.364539 7.020957 1.461322
 0.000411 1.835797 1.835606 3.364661 7.036064 1.730999
 0.000411 1.851541 1.834650 3.364753 7.050944 2.018933
 0.000412 1.868861 1.831305 3.364875 7.065041 2.312135
 0.000412 1.886501 1.825265 3.364951 7.076716 2.570000
 0.000413 1.903464 1.816621 3.365015 7.085100 2.763593
 0.000413 1.918466 1.806083 3.365093 7.089642 2.871415
 0.000414 1.930271 1.794316 3.365023 7.089611 2.870664
 0.000414 1.938142 1.781750 3.364957 7.084849 2.757698
 0.000415 1.941700 1.769476 3.364857 7.076034 2.554567
 0.000415 1.941150 1.757745 3.364650 7.063546 2.280087
 0.000416 1.936749 1.747391 3.364429 7.048569 1.971482
 0.000416 1.929739 1.739063 3.364239 7.033041 1.675204
 0.000417 1.920871 1.733020 3.364008 7.017899 1.409502
 0.000417 1.911227 1.729397 3.363765 7.004389 1.191799
 0.000418 1.901918 1.728428 3.363525 6.993870 1.034933
 0.000418 1.893444 1.729992 3.363221 6.986657 0.933755
 0.000419 1.886768 1.733913 3.362813 6.983493 0.891021
 0.000419 1.882285 1.740229 3.362425 6.984940 0.910435
 0.000420 1.880329 1.748161 3.361985 6.990475 0.986660
 0.000420 1.880909 1.756993 3.361579 6.999482 1.117239
 0.000421 1.884045 1.765455 3.361137 7.010637 1.290212
 0.000421 1.889814 1.772910 3.360695 7.023420 1.503718
 0.000422 1.897754 1.777735 3.360293 7.035781 1.725733
 0.000422 1.907238 1.779470 3.359880 7.046587 1.932332
 0.000423 1.917928 1.777301 3.359431 7.054660 2.094285
 0.000423 1.928954 1.771173 3.359003 7.059130 2.186757
 0.000424 1.939864 1.760661 3.358578 7.059103 2.186193
 0.000424 1.950051 1.746155 3.358092 7.054298 2.086886
 0.000425 1.959200 1.729007 3.357629 7.045836 1.917588
 0.000425 1.966921 1.710437 3.357137 7.034496 1.701934
 0.000426 1.972693 1.691444 3.356707 7.020845 1.459401
 0.000426 1.976228 1.673770 3.356358 7.006356 1.222359
 0.000427 1.977679 1.658360 3.356174 6.992213 1.011233
 0.000427 1.977164 1.645894 3.356110 6.979167 0.834209
 0.000428 1.974631 1.636714 3.356146 6.967491 0.690205
 0.000428 1.970137 1.631863 3.356241 6.958241 0.585802
 0.000429 1.963702 1.631532 3.356426 6.951660 0.516735
 0.000429 1.955895 1.635334 3.356760 6.947989 0.480096
 0.000430 1.947491 1.643539 3.357214 6.948243 0.482588
 0.000430 1.939502 1.655651 3.357755 6.952908 0.529507
 0.000431 1.932005 1.670803 3.358363 6.961171 0.617953
 0.000431 1.925291 1.687917 3.358991 6.972198 0.746621
 0.000432 1.919334 1.705739 3.359660 6.984734 0.907665
 0.000432 1.914170 1.723287 3.360335 6.997791 1.092106
 0.000433 1.910046 1.738845 3.361000 7.009891 1.278260
 0.000433 1.907199 1.751015 3.361746 7.019960 1.444322
 0.000434 1.905760 1.758375 3.362459 7.026594 1.559266
 0.000434 1.905287 1.760115 3.363201 7.028604 1.594963
 0.000435 1.905754 1.756202 3.363981 7.025937 1.547690
 0.000435 1.906952 1.747154 3.364784 7.018890 1.426186
 0.000436 1.908669 1.733856 3.365670 7.008195 1.251277
 0.000436 1.910912 1.717474 3.366576 6.994962 1.050693
 0.000437 1.913517 1.699907 3.367502 6.980926 0.857085
 0.000437 1.916486 1.682516 3.368438 6.967440 0.689608
 0.000438 1.920101 1.667002 3.369360 6.956463 0.566714
 0.000438 1.924221 1.654350 3.370340 6.948910 0.489160
 0.000439 1.927891 1.645247 3.371328 6.944466 0.446189
 0.000439 1.930875 1.640638 3.372199 6.943712 0.439098
 0.000440 1.933011 1.640636 3.373096 6.946744 0.467966
 0.000440 1.934059 1.644892 3.374052 6.953003 0.530482
 0.000441 1.933841 1.653483 3.374956 6.962280 0.630344
 0.000441 1.932489 1.666063 3.375801 6.974352 0.773177
 0.000442 1.930144 1.681330 3.376670 6.988144 0.954190
 0.000442 1.926677 1.698450 3.377611 7.002738 1.166439
 0.000443 1.922225 1.716125 3.378491 7.016841 1.391801
 0.000443 1.917345 1.732897 3.379367 7.029608 1.612957
 0.000444 1.912261 1.746945 3.380205 7.039410 1.793812
 0.000444 1.906967 1.757330 3.381043 7.045340 1.907881
 0.000445 1.902051 1.763235 3.381869 7.047154 1.943492
 0.000445 1.897712 1.764265 3.382677 7.044654 1.894502
 0.000446 1.894287 1.759807 3.383551 7.037645 1.760531
 0.000446 1.892036 1.750351 3.384489 7.026876 1.564254
 0.000447 1.891295 1.737107 3.385471 7.013873 1.342720
 0.000447 1.891913 1.721011 3.386398 6.999321 1.114842
 0.000448 1.894563 1.703850 3.387303 6.985716 0.920944
 0.000448 1.898865 1.687397 3.388195 6.974457 0.774480
 0.000449 1.904557 1.672914 3.388986 6.966457 0.678116
 0.000449 1.911873 1.661682 3.389764 6.963318 0.642047
 0.000450 1.920310 1.654366 3.390384 6.965059 0.661934
 0.000450 1.929370 1.650970 3.391004 6.971344 0.736216
 0.000451 1.938350 1.651549 3.391609 6.981509 0.864731
 0.000451 1.946864 1.655947 3.392168 6.994978 1.050937
 0.000452 1.954077 1.663905 3.392586 7.010567 1.289089
 0.000452 1.958416 1.675170 3.392889 7.026476 1.557184
 0.000453 1.959554 1.689102 3.393077 7.041733 1.838081
 0.000453 1.957147 1.704852 3.393139 7.055138 2.104083
 0.000454 1.951276 1.721224 3.393128 7.065628 2.324778
 0.000454 1.941954 1.737065 3.393050 7.072069 2.465731
 0.000455 1.929339 1.750917 3.392958 7.073213 2.491212
 0.000455 1.913699 1.761990 3.392760 7.068449 2.386004
 0.000456 1.896368 1.770427 3.392462 7.059258 2.189438
 0.000456 1.878262 1.775738 3.392078 7.046078 1.922321
 0.000457 1.860159 1.777884 3.391704 7.029747 1.615444
 0.000457 1.843452 1.777520 3.391390 7.012361 1.318056
 0.000458 1.829131 1.774896 3.390995 6.995022 1.051563
 0.000458 1.817133 1.770782 3.390666 6.978581 0.826656
 0.000459 1.807965 1.765653 3.390275 6.963893 0.648586
 0.000459 1.802082 1.760576 3.389876 6.952534 0.525663
 0.000460 1.799820 1.756163 3.389457 6.945441 0.455448
 0.000460 1.801263 1.753136 3.388997 6.943397 0.436147
 0.000461 1.806076 1.752107 3.388502 6.946685 0.467402
 0.000461 1.813758 1.752904 3.387912 6.954573 0.546778
 0.000462 1.823465 1.756154 3.387218 6.966837 0.682543
 0.000462 1.834234 1.761333 3.386462 6.982030 0.871590
 0.000463 1.844898 1.768570 3.385738 6.999207 1.113131
 0.000463 1.854059 1.777306 3.385012 7.016378 1.384079
 0.000464 1.860234 1.787281 3.384307 7.031822 1.652962
 0.000464 1.862301 1.798160 3.383497 7.043957 1.880970
 0.000465 1.859573 1.808644 3.382643 7.050860 2.017237
 0.000465 1.852267 1.818496 3.381739 7.052503 2.050368
 0.000466 1.840476 1.827299 3.380739 7.048514 1.970387
 0.000466 1.824595 1.834328 3.379631 7.038554 1.777622
 0.000467 1.805790 1.839743 3.378448 7.023981 1.513464
 0.000467 1.785528 1.843453 3.377272 7.006252 1.220730
 0.000468 1.765380 1.845091 3.375979 6.986449 0.930923
 0.000468 1.746449 1.844689 3.374630 6.965768 0.670116
 0.000469 1.730038 1.843208 3.373312 6.946558 0.466175
 0.000469 1.717070 1.840738 3.372041 6.929848 0.318786
 0.000470 1.707930 1.837759 3.370777 6.916466 0.220889
 0.000470 1.703486 1.834887 3.369450 6.907823 0.167177
 0.000471 1.703787 1.832657 3.368087 6.904531 0.148681
 0.000471 1.708587 1.831416 3.366703 6.906706 0.160779
 0.000472 1.717169 1.831267 3.365306 6.913742 0.203155
 0.000472 1.729162 1.832483 3.363958 6.925603 0.285792
 0.000473 1.743533 1.835100 3.362666 6.941299 0.416774
 0.000473 1.758938 1.838591 3.361390 6.958920 0.593175
 0.000474 1.773636 1.842774 3.360127 6.976537 0.800581
 0.000474 1.786486 1.847065 3.358856 6.992407 1.013986
 0.000475 1.795547 1.851149 3.357584 7.004280 1.190110
 0.000475 1.799827 1.854837 3.356326 7.010989 1.295879
 0.000476 1.798593 1.858149 3.355014 7.011755 1.308230
 0.000476 1.791970 1.860686 3.353642 7.006298 1.221460
 0.000477 1.780250 1.862659 3.352266 6.995176 1.053797
 0.000477 1.764306 1.863943 3.350945 6.979194 0.834557
 0.000478 1.745518 1.864627 3.349609 6.959754 0.602295
 0.000478 1.725722 1.864969 3.348303 6.938994 0.396001
 0.000479 1.706897 1.865468 3.347072 6.919438 0.241080
 0.000479 1.690185 1.866193 3.345808 6.902187 0.136176
 0.000480 1.676449 1.867479 3.344676 6.888604 0.074513
 0.000480 1.666826 1.869602 3.343629 6.880056 0.045169
 0.000481 1.662078 1.872468 3.342592 6.877138 0.036822
 0.000481 1.662397 1.875934 3.341610 6.879941 0.044823
 0.000482 1.667976 1.879897 3.340737 6.888611 0.074540
 0.000482 1.678420 1.884038 3.339960 6.902418 0.137381
 0.000483 1.692871 1.888244 3.339193 6.920308 0.247159
 0.000483 1.710469 1.892033 3.338424 6.940926 0.413379
 0.000484 1.729730 1.895102 3.337715 6.962546 0.633335
 0.000484 1.749056 1.897315 3.336945 6.983315 0.888648
 0.000485 1.766364 1.898574 3.336214 7.001152 1.142352
 0.000485 1.780416 1.898288 3.335595 7.014299 1.349701
 0.000486 1.789782 1.896775 3.335090 7.021647 1.473134
 0.000486 1.794200 1.894159 3.334612 7.022971 1.495952
 0.000487 1.793185 1.890758 3.334071 7.018014 1.411433
 0.000487 1.787179 1.887681 3.333477 7.008337 1.253528
 0.000488 1.777496 1.885222 3.332929 6.995647 1.060646
 0.000488 1.765559 1.883307 3.332421 6.981287 0.861817
 0.000489 1.752537 1.882527 3.331889 6.966953 0.683903
 0.000489 1.739712 1.883625 3.331366 6.954703 0.548140
 0.000490 1.728638 1.886416 3.330788 6.945842 0.459289
 0.000490 1.720453 1.891077 3.330202 6.941731 0.420731
 0.000491 1.715615 1.897992 3.329485 6.943092 0.433309
 0.000491 1.714556 1.906309 3.328703 6.949568 0.495686
 0.000492 1.717784 1.915979 3.327873 6.961636 0.623127
 0.000492 1.724986 1.926247 3.327062 6.978295 0.822981
 0.000493 1.735304 1.936046 3.326170 6.997521 1.088119
 0.000493 1.748316 1.945434 3.325180 7.018930 1.426859
 0.000494 1.763241 1.953740 3.324143 7.041123 1.826406
 0.000494 1.778917 1.959700 3.322992 7.061609 2.238911
 0.000495 1.794552 1.963045 3.321704 7.079302 2.628971
 0.000495 1.809325 1.963533 3.320320 7.093178 2.956770
 0.000496 1.822007 1.960954 3.318757 7.101718 3.168099
 0.000496 1.831601 1.955472 3.317217 7.104290 3.233163
 0.000497 1.837584 1.947449 3.315625 7.100658 3.141473
 0.000497 1.839415 1.937644 3.313979 7.091038 2.904961
 0.000498 1.837132 1.926489 3.312216 7.075837 2.550107
 0.000498 1.831234 1.915798 3.310313 7.057345 2.149607
 0.000499 1.822079 1.906216 3.308244 7.036538 1.739828
 0.000499 1.810878 1.898391 3.306030 7.015299 1.366187
 0.000500 1.799094 1.892832 3.303689 6.995615 1.060188
