#! FIELDS time dAB dAC rc bias
 0.000000 2.366588 2.038385 4.404973 20.511402
 0.000000 2.363388 2.033764 4.397152 20.013517
 0.000001 2.360314 2.023921 4.384235 19.204668
 0.000001 2.357236 2.009013 4.366249 18.106136
 0.000002 2.354302 1.989328 4.343629 16.770531
 0.000002 2.351560 1.964889 4.316449 15.233360
 0.000003 2.349144 1.936591 4.285735 13.585190
 0.000003 2.346968 1.905433 4.252401 11.903225
 0.000004 2.344889 1.872322 4.217210 10.248118
 0.000004 2.342997 1.838688 4.181685 8.702874
 0.000005 2.341293 1.805492 4.146785 7.307751
 0.000005 2.339927 1.774147 4.114073 6.110680
 0.000006 2.338856 1.745913 4.084769 5.129152
 0.000006 2.338291 1.721842 4.060134 4.370471
 0.000007 2.338124 1.702725 4.040850 3.818938
 0.000007 2.338607 1.689410 4.028017 3.472517
 0.000008 2.339767 1.681501 4.021269 3.296947
 0.000008 2.341643 1.679130 4.020773 3.284247
 0.000009 2.344239 1.682013 4.026251 3.426136
 0.000009 2.347443 1.689228 4.036671 3.704310
 0.000010 2.351201 1.700136 4.051338 4.114295
 0.000010 2.355456 1.713991 4.069447 4.650155
 0.000011 2.360296 1.729978 4.090274 5.306999
 0.000011 2.365574 1.746366 4.111941 6.036350
 0.000012 2.371302 1.762373 4.133675 6.815154
 0.000012 2.377161 1.777200 4.154361 7.600235
 0.000013 2.383027 1.791070 4.174097 8.389204
 0.000013 2.388806 1.803564 4.192369 9.154351
 0.000014 2.394395 1.814237 4.208632 9.863433
 0.000014 2.399621 1.823342 4.222963 10.510227
 0.000015 2.404472 1.830963 4.235436 11.089827
 0.000015 2.408881 1.837408 4.246289 11.606881
 0.000016 2.412720 1.843163 4.255883 12.073725
 0.000016 2.415941 1.848207 4.264148 12.483246
 0.000017 2.418499 1.852207 4.270706 12.813110
 0.000017 2.420626 1.855366 4.275992 13.082085
 0.000018 2.422320 1.858018 4.280337 13.305302
 0.000018 2.423674 1.860054 4.283728 13.480780
 0.000019 2.424660 1.862030 4.286690 13.635022
 0.000019 2.425395 1.863259 4.288655 13.737804
 0.000020 2.426089 1.864054 4.290144 13.815971
 0.000020 2.426710 1.864347 4.291057 13.864033
 0.000021 2.427252 1.863763 4.291015 13.861784
 0.000021 2.427649 1.862186 4.289835 13.799740
 0.000022 2.427904 1.859342 4.287246 13.664068
 0.000022 2.428057 1.854976 4.283033 13.444715
 0.000023 2.427901 1.848870 4.276771 13.121966
 0.000023 2.427430 1.841301 4.268731 12.713316
 0.000024 2.426556 1.832959 4.259514 12.252800
 0.000024 2.425241 1.824875 4.250117 11.792007
 0.000025 2.423593 1.817806 4.241399 11.372442
 0.000025 2.421671 1.812512 4.234183 11.030902
 0.000026 2.419563 1.809513 4.229075 10.792302
 0.000026 2.417274 1.809903 4.227178 10.704335
 0.000027 2.414755 1.814124 4.228878 10.783167
 0.000027 2.412260 1.822240 4.234500 11.045809
 0.000028 2.409689 1.834166 4.243854 11.489863
 0.000028 2.407022 1.849952 4.256975 12.127415
 0.000029 2.404431 1.868904 4.273334 12.946502
 0.000029 2.401770 1.890111 4.291880 13.907401
 0.000030 2.398884 1.913412 4.312296 15.004956
 0.000030 2.395613 1.937984 4.333597 16.194575
 0.000031 2.391972 1.962415 4.354387 17.399341
 0.000031 2.387920 1.985618 4.373538 18.547393
 0.000032 2.383233 2.006741 4.389974 19.561950
 0.000032 2.378026 2.024982 4.403008 20.385706
 0.000033 2.372222 2.039134 4.411356 20.922237
 0.000033 2.365791 2.048483 4.414273 21.111388
 0.000034 2.358649 2.052862 4.411511 20.932268
 0.000034 2.350849 2.051988 4.402838 20.374841
 0.000035 2.342449 2.046308 4.388758 19.485952
 0.000035 2.333501 2.036167 4.369668 18.312454
 0.000036 2.324102 2.022052 4.346154 16.917051
 0.000036 2.314281 2.004661 4.318942 15.371237
 0.000037 2.304103 1.985514 4.289616 13.788258
 0.000037 2.293694 1.965325 4.259019 12.228313
 0.000038 2.283138 1.944923 4.228062 10.745278
 0.000038 2.272635 1.924833 4.197468 9.373800
 0.000039 2.262302 1.905996 4.168297 8.153316
 0.000039 2.252095 1.888773 4.140868 7.083307
 0.000040 2.242149 1.873530 4.115679 6.166931
 0.000040 2.232477 1.860811 4.093288 5.405650
 0.000041 2.223000 1.851453 4.074452 4.804061
 0.000041 2.213760 1.845135 4.058896 4.333954
 0.000042 2.204780 1.841451 4.046232 3.969121
 0.000042 2.196166 1.840522 4.036688 3.704789
 0.000043 2.187847 1.841908 4.029755 3.518476
 0.000043 2.179904 1.845049 4.024953 3.392239
 0.000044 2.172373 1.849506 4.021879 3.312642
 0.000044 2.165447 1.855674 4.021120 3.293142
 0.000045 2.159073 1.863572 4.022644 3.332367
 0.000045 2.153344 1.873464 4.026809 3.440746
 0.000046 2.148221 1.885135 4.033357 3.614656
 0.000046 2.143866 1.898915 4.042781 3.872499
 0.000047 2.140258 1.915127 4.055385 4.231205
 0.000047 2.137412 1.932722 4.070135 4.671152
 0.000048 2.134983 1.951914 4.086897 5.197556
 0.000048 2.133023 1.972196 4.105219 5.805053
 0.000049 2.131475 1.993008 4.124483 6.479994
 0.000049 2.130151 2.013730 4.143881 7.197157
 0.000050 2.128972 2.033255 4.162227 7.910014
 0.000050 2.127787 2.051054 4.178841 8.584622
 0.000051 2.126627 2.066885 4.193512 9.203308
 0.000051 2.125356 2.080401 4.205757 9.736142
 0.000052 2.123930 2.090861 4.214791 10.138894
 0.000052 2.122300 2.097628 4.219928 10.371524
 0.000053 2.120528 2.100459 4.220987 10.419828
 0.000053 2.118557 2.099441 4.217998 10.283796
 0.000054 2.116560 2.094694 4.211254 9.980208
 0.000054 2.114620 2.086450 4.201070 9.530427
 0.000055 2.112801 2.075553 4.188354 8.983342
 0.000055 2.111172 2.062508 4.173681 8.372144
 0.000056 2.109938 2.048247 4.158185 7.750059
 0.000056 2.109126 2.033769 4.142895 7.159794
 0.000057 2.108636 2.019874 4.128510 6.625796
 0.000057 2.108419 2.007411 4.115830 6.172252
 0.000058 2.108483 1.997680 4.106163 5.837267
 0.000058 2.108777 1.990956 4.099733 5.619636
 0.000059 2.109254 1.987829 4.097083 5.531154
 0.000059 2.110022 1.988107 4.098129 5.565976
 0.000060 2.110982 1.992063 4.103045 5.731220
 0.000060 2.112082 1.999418 4.111500 6.021044
 0.000061 2.113184 2.010179 4.123364 6.439774
 0.000061 2.114218 2.024509 4.138727 7.002927
 0.000062 2.115367 2.041502 4.156869 7.698340
 0.000062 2.116691 2.060559 4.177250 8.518836
 0.000063 2.118176 2.080908 4.199084 9.443926
 0.000063 2.119734 2.101780 4.221514 10.443858
 0.000064 2.121455 2.122221 4.243676 11.481293
 0.000064 2.123353 2.141632 4.264984 12.525095
 0.000065 2.125355 2.159950 4.285306 13.562835
 0.000065 2.127446 2.177106 4.304552 14.583739
 0.000066 2.129647 2.192536 4.322184 15.551515
 0.000066 2.131792 2.206133 4.337926 16.441829
 0.000067 2.134016 2.217912 4.351928 17.254608
 0.000067 2.136101 2.228005 4.364106 17.977399
 0.000068 2.137920 2.235990 4.373910 18.570090
 0.000068 2.139461 2.241656 4.381118 19.011921
 0.000069 2.140748 2.244725 4.385473 19.281422
 0.000069 2.141615 2.245245 4.386860 19.367652
 0.000070 2.142010 2.242980 4.384990 19.251461
 0.000070 2.142137 2.237937 4.380074 18.947620
 0.000071 2.141894 2.230173 4.372066 18.457892
 0.000071 2.141218 2.220016 4.361234 17.805602
 0.000072 2.140248 2.207003 4.347251 16.980942
 0.000072 2.139009 2.191113 4.330122 15.997387
 0.000073 2.137691 2.172288 4.309979 14.878328
 0.000073 2.136443 2.150643 4.287086 13.655732
 0.000074 2.135358 2.126889 4.262246 12.388437
 0.000074 2.134395 2.100853 4.235248 11.080979
 0.000075 2.133663 2.073945 4.207608 9.817996
 0.000075 2.133025 2.047687 4.180712 8.662339
 0.000076 2.132416 2.023371 4.155786 7.655928
 0.000076 2.131844 2.002247 4.134091 6.830521
 0.000077 2.131241 1.985011 4.116252 6.187088
 0.000077 2.130540 1.972104 4.102644 5.717657
 0.000078 2.129906 1.964151 4.094057 5.430966
 0.000078 2.129321 1.962162 4.091483 5.346446
 0.000079 2.128609 1.966288 4.094897 5.458686
 0.000079 2.127821 1.975938 4.103758 5.755400
 0.000080 2.126863 1.990674 4.117537 6.232376
 0.000080 2.125761 2.010011 4.135772 6.892768
 0.000081 2.124698 2.032220 4.156917 7.700246
 0.000081 2.123500 2.056424 4.179924 8.629560
 0.000082 2.122298 2.081162 4.203460 9.635062
 0.000082 2.121115 2.105258 4.226373 10.667129
 0.000083 2.120109 2.127258 4.247367 11.658838
 0.000083 2.119155 2.146294 4.265450 12.548395
 0.000084 2.118198 2.162142 4.280340 13.305413
 0.000084 2.117118 2.174470 4.291589 13.892030
 0.000085 2.116005 2.182880 4.298885 14.279311
 0.000085 2.114937 2.187403 4.302340 14.464530
 0.000086 2.113800 2.188212 4.302011 14.446856
 0.000086 2.112588 2.185328 4.297916 14.227540
 0.000087 2.111370 2.179042 4.290412 13.830076
 0.000087 2.110097 2.169385 4.279481 13.261179
 0.000088 2.108856 2.156665 4.265521 12.551951
 0.000088 2.107585 2.141617 4.249202 11.747632
 0.000089 2.106308 2.125040 4.231348 10.898143
 0.000089 2.104965 2.107644 4.212609 10.040873
 0.000090 2.103739 2.090084 4.193823 9.216651
 0.000090 2.102756 2.072735 4.175491 8.446390
 0.000091 2.102019 2.055630 4.157648 7.728957
 0.000091 2.101620 2.038968 4.140589 7.072787
 0.000092 2.101864 2.023122 4.124986 6.498140
 0.000092 2.102614 2.007849 4.110464 5.985139
 0.000093 2.104175 1.992563 4.096738 5.519678
 0.000093 2.106541 1.978209 4.084750 5.128560
 0.000094 2.109719 1.965533 4.075252 4.828880
 0.000094 2.113666 1.955269 4.068935 4.634547
 0.000095 2.118163 1.947913 4.066076 4.547910
 0.000095 2.123039 1.944326 4.067365 4.586878
 0.000096 2.128306 1.944987 4.073293 4.768198
 0.000096 2.133912 1.949843 4.083755 5.096747
 0.000097 2.139942 1.959074 4.099017 5.595655
 0.000097 2.146291 1.972344 4.118634 6.271168
 0.000098 2.152873 1.989227 4.142100 7.129741
 0.000098 2.159672 2.008798 4.168470 8.160268
 0.000099 2.166687 2.030133 4.196821 9.345802
 0.000099 2.173970 2.052219 4.226190 10.658663
 0.000100 2.181409 2.074126 4.255535 12.056602
 0.000100 2.188909 2.095522 4.284430 13.517275
 0.000101 2.196273 2.114579 4.310852 14.925961
 0.000101 2.203675 2.130380 4.334054 16.220598
 0.000102 2.210904 2.142188 4.353093 17.323090
 0.000102 2.217918 2.149330 4.367248 18.166281
 0.000103 2.224624 2.151297 4.375921 18.692818
 0.000103 2.230931 2.148192 4.379123 18.889111
 0.000104 2.236829 2.140394 4.377223 18.772501
 0.000104 2.242197 2.128215 4.370413 18.357549
 0.000105 2.246975 2.112328 4.359303 17.690584
 0.000105 2.251003 2.093570 4.344573 16.825228
 0.000106 2.254288 2.072397 4.326685 15.803554
 0.000106 2.256885 2.049357 4.306242 14.675135
 0.000107 2.258760 2.025220 4.283980 13.493871
 0.000107 2.260070 2.000754 4.260824 12.317746
 0.000108 2.260857 1.977199 4.238056 11.213585
 0.000108 2.261080 1.954803 4.215883 10.188106
 0.000109 2.260885 1.933942 4.194827 9.259794
 0.000109 2.260477 1.915236 4.175713 8.455515
 0.000110 2.259998 1.898676 4.158674 7.769338
 0.000110 2.259539 1.884548 4.144088 7.205003
 0.000111 2.259142 1.872772 4.131914 6.750297
 0.000111 2.258916 1.863385 4.122301 6.401700
 0.000112 2.258950 1.856103 4.115052 6.144956
 0.000112 2.259287 1.851160 4.110447 5.984568
 0.000113 2.260072 1.848310 4.108382 5.913332
 0.000113 2.261204 1.847614 4.108819 5.928362
 0.000114 2.262640 1.849539 4.112179 6.044631
 0.000114 2.264434 1.854224 4.118658 6.271989
 0.000115 2.266469 1.862008 4.128477 6.624598
 0.000115 2.268772 1.872607 4.141379 7.102539
 0.000116 2.271236 1.885997 4.157233 7.712634
 0.000116 2.273775 1.901763 4.175538 8.448301
 0.000117 2.276335 1.919456 4.195791 9.301339
 0.000117 2.278804 1.938705 4.217508 10.261613
 0.000118 2.281339 1.958174 4.239513 11.282680
 0.000118 2.283779 1.976970 4.260749 12.314008
 0.000119 2.286238 1.994109 4.280347 13.305790
 0.000119 2.288862 2.008834 4.297696 14.215808
 0.000120 2.291482 2.019976 4.311458 14.959106
 0.000120 2.294007 2.026731 4.320738 15.470996
 0.000121 2.296710 2.028724 4.325434 15.733320
 0.000121 2.299569 2.025764 4.325333 15.727645
 0.000122 2.302604 2.017656 4.320260 15.444422
 0.000122 2.305766 2.003999 4.309765 14.866635
 0.000123 2.308982 1.985206 4.294188 14.029396
 0.000123 2.312138 1.961513 4.273651 12.962640
 0.000124 2.315392 1.934143 4.249535 11.763806
 0.000124 2.318689 1.904123 4.222812 10.503267
 0.000125 2.321896 1.872871 4.194767 9.257217
 0.000125 2.325030 1.842143 4.167174 8.108004
 0.000126 2.328127 1.813350 4.141477 7.106231
 0.000126 2.331227 1.787778 4.119005 6.284302
 0.000127 2.334468 1.766214 4.100682 5.651496
 0.000127 2.337832 1.749333 4.087166 5.206219
 0.000128 2.341258 1.738068 4.079326 4.956298
 0.000128 2.344779 1.732274 4.077053 4.885020
 0.000129 2.348517 1.731328 4.079845 4.972678
 0.000129 2.352644 1.735373 4.088017 5.233715
 0.000130 2.357139 1.743914 4.101054 5.663998
 0.000130 2.361958 1.756286 4.118244 6.257343
 0.000131 2.367105 1.771568 4.138673 7.000917
 0.000131 2.372704 1.788542 4.161245 7.871031
 0.000132 2.378696 1.805800 4.184496 8.820560
 0.000132 2.385022 1.822562 4.207584 9.816954
 0.000133 2.391672 1.837805 4.229477 10.810975
 0.000133 2.398514 1.851244 4.249758 11.774590
 0.000134 2.405371 1.862711 4.268082 12.680617
 0.000134 2.412110 1.872734 4.284844 13.538796
 0.000135 2.418833 1.881479 4.300312 14.355660
 0.000135 2.425210 1.889071 4.314280 15.113869
 0.000136 2.431216 1.896097 4.327313 15.838905
 0.000136 2.437164 1.902606 4.339769 16.547736
 0.000137 2.442883 1.908640 4.351523 17.230830
 0.000137 2.448225 1.913978 4.362202 17.863438
 0.000138 2.453116 1.918519 4.371636 18.431743
 0.000138 2.457579 1.922063 4.379642 18.921026
 0.000139 2.461617 1.924572 4.386189 19.325962
 0.000139 2.465284 1.925666 4.390950 19.623069
 0.000140 2.468720 1.925091 4.393811 19.802711
 0.000140 2.471898 1.922827 4.394725 19.860244
 0.000141 2.474602 1.918753 4.393355 19.774013
 0.000141 2.476900 1.912857 4.389756 19.548356
 0.000142 2.478810 1.904922 4.383732 19.173469
 0.000142 2.480327 1.894201 4.374528 18.607731
 0.000143 2.481714 1.880238 4.361953 17.848505
 0.000143 2.482860 1.863503 4.346363 16.929255
 0.000144 2.483760 1.844292 4.328052 15.880511
 0.000144 2.484129 1.823147 4.307276 14.731243
 0.000145 2.484078 1.801144 4.285222 13.558485
 0.000145 2.483638 1.779526 4.263164 12.434161
 0.000146 2.482807 1.759864 4.242670 11.433167
 0.000146 2.481662 1.743403 4.225065 10.606811
 0.000147 2.480464 1.731365 4.211830 10.005966
 0.000147 2.478992 1.724198 4.203189 9.623174
 0.000148 2.477229 1.722940 4.200169 9.491132
 0.000148 2.475337 1.727967 4.203304 9.628215
 0.000149 2.473369 1.738940 4.212309 10.027415
 0.000149 2.471351 1.755443 4.226793 10.686550
 0.000150 2.469147 1.777212 4.246359 11.610225
 0.000150 2.466682 1.802938 4.269620 12.758202
 0.000151 2.463892 1.830998 4.294890 14.066605
 0.000151 2.460878 1.860232 4.321110 15.491695
 0.000152 2.457602 1.889421 4.347023 16.967683
 0.000152 2.453957 1.916912 4.370869 18.385235
 0.000153 2.450018 1.941049 4.391067 19.630361
 0.000153 2.445903 1.961022 4.406925 20.636575
 0.000154 2.441424 1.976089 4.417514 21.322478
 0.000154 2.436475 1.986446 4.422921 21.677023
 0.000155 2.431119 1.992256 4.423375 21.706941
 0.000155 2.425414 1.993775 4.419189 21.432014
 0.000156 2.419415 1.991826 4.411240 20.914775
 0.000156 2.413086 1.986735 4.399821 20.182721
 0.000157 2.406510 1.978928 4.385438 19.279287
 0.000157 2.399982 1.968667 4.368649 18.250829
 0.000158 2.393484 1.956677 4.350161 17.150955
 0.000158 2.387104 1.943688 4.330792 16.035306
 0.000159 2.380837 1.929975 4.310813 14.923813
 0.000159 2.374617 1.916465 4.291082 13.865337
 0.000160 2.368622 1.903518 4.272140 12.885789
 0.000160 2.362858 1.891337 4.254195 11.990928
 0.000161 2.357339 1.880370 4.237708 11.197116
 0.000161 2.352153 1.870410 4.222563 10.491875
 0.000162 2.347340 1.861445 4.208784 9.870191
 0.000162 2.342918 1.853279 4.196197 9.318864
 0.000163 2.338797 1.845966 4.184763 8.831772
 0.000163 2.335030 1.838974 4.174004 8.385388
 0.000164 2.331599 1.832464 4.164063 7.983217
 0.000164 2.328476 1.826113 4.154590 7.609172
 0.000165 2.325715 1.820540 4.146255 7.287520
 0.000165 2.323590 1.816588 4.140178 7.057332
 0.000166 2.322033 1.814661 4.136694 6.927056
 0.000166 2.321110 1.815689 4.136799 6.930965
 0.000167 2.320763 1.820068 4.140831 7.081893
 0.000167 2.320973 1.828106 4.149079 7.395711
 0.000168 2.321798 1.840170 4.161967 7.899703
 0.000168 2.322972 1.855846 4.178818 8.583680
 0.000169 2.324470 1.874633 4.199103 9.444725
 0.000169 2.326278 1.895690 4.221967 10.464607
 0.000170 2.328227 1.918427 4.246654 11.624444
 0.000170 2.330297 1.942135 4.272433 12.900648
 0.000171 2.332368 1.965544 4.297913 14.227369
 0.000171 2.334333 1.987791 4.322124 15.548211
 0.000172 2.336023 2.008007 4.344031 16.793779
 0.000172 2.337330 2.024774 4.362104 17.857552
 0.000173 2.338258 2.037275 4.375533 18.669116
 0.000173 2.338865 2.044559 4.383424 19.154384
 0.000174 2.339095 2.046169 4.385264 19.268471
 0.000174 2.339040 2.041520 4.380560 18.977567
 0.000175 2.338745 2.030912 4.369657 18.311790
 0.000175 2.338130 2.014746 4.352875 17.310299
 0.000176 2.337087 1.994230 4.331318 16.065082
 0.000176 2.335688 1.970632 4.306319 14.679343
 0.000177 2.333806 1.945537 4.279344 13.254085
 0.000177 2.331674 1.920378 4.252052 11.886179
 0.000178 2.329097 1.896364 4.225461 10.625027
 0.000178 2.326143 1.874797 4.200940 9.524738
 0.000179 2.322871 1.857226 4.180097 8.636768
 0.000179 2.319307 1.844664 4.163972 7.979581
 0.000180 2.315589 1.837208 4.152797 7.539380
 0.000180 2.311607 1.835226 4.146833 7.309585
 0.000181 2.307485 1.838864 4.146349 7.291089
 0.000181 2.303093 1.847600 4.150693 7.457911
 0.000182 2.298548 1.860702 4.159250 7.792062
 0.000182 2.293680 1.876808 4.170489 8.242038
 0.000183 2.288790 1.894561 4.183351 8.772516
 0.000183 2.283993 1.911992 4.195985 9.309707
 0.000184 2.279457 1.928268 4.207725 9.823176
 0.000184 2.275123 1.942877 4.218001 10.283920
 0.000185 2.271032 1.955884 4.226916 10.692236
 0.000185 2.267064 1.968356 4.235421 11.089126
 0.000186 2.263107 1.980648 4.243756 11.485135
 0.000186 2.259132 1.993175 4.252308 11.898652
 0.000187 2.255044 2.006620 4.261664 12.359456
 0.000187 2.251007 2.020896 4.271903 12.873781
 0.000188 2.247018 2.035084 4.282101 13.396438
 0.000188 2.242960 2.049308 4.292268 13.927874
 0.000189 2.238823 2.063116 4.301939 14.442953
 0.000189 2.234645 2.075634 4.310279 14.894681
 0.000190 2.230367 2.086146 4.316513 15.236888
 0.000190 2.225962 2.094970 4.320932 15.481799
 0.000191 2.221531 2.101530 4.323061 15.600497
 0.000191 2.217143 2.106138 4.323280 15.612723
 0.000192 2.212647 2.108593 4.321240 15.498917
 0.000192 2.208291 2.108521 4.316813 15.253420
 0.000193 2.204028 2.104991 4.309019 14.825973
 0.000193 2.199975 2.097024 4.296999 14.178699
 0.000194 2.196272 2.084226 4.280498 13.313602
 0.000194 2.192932 2.066427 4.259359 12.245137
 0.000195 2.190023 2.044281 4.234303 11.036559
 0.000195 2.187653 2.018240 4.205894 9.742180
 0.000196 2.185715 1.990245 4.175959 8.465644
 0.000196 2.184069 1.962016 4.146085 7.281015
 0.000197 2.182739 1.934935 4.117673 6.237174
 0.000197 2.181807 1.910591 4.092398 5.376407
 0.000198 2.181083 1.890401 4.071484 4.712503
 0.000198 2.180588 1.874536 4.055123 4.223592
 0.000199 2.180410 1.863866 4.044276 3.914216
 0.000199 2.180480 1.858999 4.039479 3.781141
 0.000200 2.180582 1.860006 4.040588 3.811710
 0.000200 2.180687 1.866890 4.047578 4.007138
 0.000201 2.180789 1.879594 4.060383 4.377852
 0.000201 2.180815 1.897962 4.078777 4.939035
 0.000202 2.180871 1.921353 4.102223 5.703433
 0.000202 2.180860 1.948854 4.129714 6.669685
 0.000203 2.180824 1.979027 4.159851 7.815812
 0.000203 2.180916 2.009720 4.190636 9.080324
 0.000204 2.181205 2.038749 4.219955 10.372733
 0.000204 2.181692 2.063801 4.245493 11.568547
 0.000205 2.182418 2.083327 4.265745 12.563170
 0.000205 2.183404 2.096803 4.280206 13.298543
 0.000206 2.184382 2.104685 4.289067 13.759411
 0.000206 2.185189 2.108656 4.293845 14.011196
 0.000207 2.185791 2.109854 4.295645 14.106658
 0.000207 2.186229 2.109105 4.295334 14.090151
 0.000208 2.186385 2.106856 4.293241 13.979275
 0.000208 2.186146 2.103171 4.289316 13.772503
 0.000209 2.185364 2.098048 4.283412 13.464397
 0.000209 2.184080 2.091646 4.275725 13.068446
 0.000210 2.182358 2.084364 4.266721 12.612172
 0.000210 2.180414 2.076928 4.257342 12.145529
 0.000211 2.178249 2.069431 4.247680 11.673983
 0.000211 2.175899 2.062527 4.238426 11.231100
 0.000212 2.173448 2.056216 4.229664 10.819674
 0.000212 2.171038 2.050854 4.221892 10.461146
 0.000213 2.168858 2.045877 4.214734 10.136327
 0.000213 2.166978 2.040984 4.207963 9.833727
 0.000214 2.165578 2.034694 4.200272 9.495627
 0.000214 2.164760 2.025950 4.190710 9.083486
 0.000215 2.164660 2.014415 4.179075 8.594335
 0.000215 2.165021 2.000558 4.165579 8.043917
 0.000216 2.165824 1.985659 4.151483 7.488444
 0.000216 2.167016 1.971472 4.138488 6.994009
 0.000217 2.168681 1.959287 4.127969 6.606103
 0.000217 2.170442 1.950467 4.120909 6.351991
 0.000218 2.172482 1.945590 4.118072 6.251252
 0.000218 2.174709 1.945066 4.119775 6.311615
 0.000219 2.177038 1.948617 4.125655 6.522275
 0.000219 2.179480 1.956172 4.135652 6.888330
 0.000220 2.181989 1.967416 4.149405 7.408271
 0.000220 2.184593 1.982238 4.166831 8.094199
 0.000221 2.187254 1.999850 4.187103 8.930401
 0.000221 2.189868 2.019559 4.209427 9.898764
 0.000222 2.192376 2.040526 4.232902 10.970825
 0.000222 2.194807 2.062020 4.256827 12.120156
 0.000223 2.197047 2.082484 4.279532 13.263774
 0.000223 2.199105 2.101069 4.300174 14.348265
 0.000224 2.201014 2.116562 4.317576 15.295605
 0.000224 2.202835 2.127268 4.330103 15.996307
 0.000225 2.204634 2.131797 4.336431 16.356238
 0.000225 2.206350 2.129348 4.335698 16.314367
 0.000226 2.207949 2.120348 4.328297 15.894336
 0.000226 2.209435 2.105495 4.314930 15.149634
 0.000227 2.210750 2.086388 4.297137 14.186041
 0.000227 2.211821 2.064842 4.276663 13.116434
 0.000228 2.212696 2.042296 4.254992 12.029964
 0.000228 2.213440 2.020115 4.233555 11.001459
 0.000229 2.213993 1.999479 4.213473 10.079595
 0.000229 2.214325 1.981472 4.195796 9.301576
 0.000230 2.214561 1.966722 4.181283 8.686112
 0.000230 2.214649 1.955704 4.170353 8.236537
 0.000231 2.214469 1.948864 4.163333 7.954091
 0.000231 2.214201 1.946734 4.160935 7.858716
 0.000232 2.214054 1.949224 4.163278 7.951867
 0.000232 2.214215 1.955861 4.170076 8.225278
 0.000233 2.214687 1.965817 4.180504 8.653685
 0.000233 2.215557 1.978148 4.193704 9.211552
 0.000234 2.216887 1.991244 4.208131 9.841197
 0.000234 2.218543 2.003033 4.221577 10.446743
 0.000235 2.220598 2.011922 4.232520 10.952921
 0.000235 2.222948 2.016955 4.239903 11.301232
 0.000236 2.225461 2.018300 4.243760 11.485356
 0.000236 2.227996 2.017301 4.245298 11.559146
 0.000237 2.230499 2.015354 4.245853 11.585888
 0.000237 2.232856 2.014056 4.246911 11.636862
 0.000238 2.234898 2.014523 4.249421 11.758232
 0.000238 2.236633 2.016906 4.253539 11.958809
 0.000239 2.238101 2.021293 4.259395 12.246895
 0.000239 2.239217 2.027839 4.267055 12.628957
 0.000240 2.240201 2.035671 4.275872 13.075940
 0.000240 2.240923 2.044274 4.285196 13.557120
 0.000241 2.241377 2.053399 4.294776 14.060569
 0.000241 2.241621 2.062747 4.304368 14.573788
 0.000242 2.241521 2.072152 4.313673 15.080505
 0.000242 2.241140 2.081152 4.322292 15.557546
 0.000243 2.240477 2.089118 4.329595 15.967614
 0.000243 2.239592 2.095907 4.335499 16.302991
 0.000244 2.238569 2.100552 4.339121 16.510435
 0.000244 2.237243 2.101724 4.338968 16.501645
 0.000245 2.235818 2.098172 4.333990 16.216950
 0.000245 2.234333 2.089111 4.323445 15.621918
 0.000246 2.232686 2.073787 4.306473 14.687663
 0.000246 2.231010 2.052659 4.283669 13.477714
 0.000247 2.229231 2.027040 4.256271 12.092791
 0.000247 2.227283 1.999047 4.226330 10.665144
 0.000248 2.225032 1.971114 4.196147 9.316689
 0.000248 2.222525 1.944935 4.167460 8.119550
 0.000249 2.219867 1.922369 4.142236 7.134887
 0.000249 2.217116 1.904582 4.121698 6.380152
 0.000250 2.214462 1.892229 4.106691 5.855338
 0.000250 2.211907 1.885536 4.097444 5.543146
 0.000251 2.209414 1.884173 4.093587 5.415467
 0.000251 2.207028 1.888465 4.095493 5.478376
 0.000252 2.204752 1.898623 4.103374 5.742379
 0.000252 2.202519 1.913998 4.116517 6.196411
 0.000253 2.200322 1.933386 4.133707 6.816337
 0.000253 2.198209 1.956256 4.154465 7.604292
 0.000254 2.196359 1.980391 4.176750 8.498203
 0.000254 2.194763 2.003491 4.198253 9.407844
 0.000255 2.193332 2.022589 4.215921 10.189820
 0.000255 2.192145 2.035710 4.227855 10.735687
 0.000256 2.191277 2.042099 4.233376 10.993046
 0.000256 2.190663 2.041912 4.232575 10.955520
 0.000257 2.190345 2.036845 4.227190 10.704893
 0.000257 2.190334 2.028483 4.218818 10.321005
 0.000258 2.190490 2.018067 4.208556 9.860064
 0.000258 2.190911 2.007121 4.198033 9.398272
 0.000259 2.191464 1.996620 4.188084 8.971900
 0.000259 2.192213 1.986439 4.178652 8.576800
 0.000260 2.193260 1.976940 4.170201 8.230355
 0.000260 2.194561 1.968229 4.162790 7.932430
 0.000261 2.196173 1.960376 4.156549 7.685805
 0.000261 2.198318 1.953926 4.152244 7.517938
 0.000262 2.200851 1.948946 4.149797 7.423345
 0.000262 2.203690 1.945593 4.149283 7.403567
 0.000263 2.206944 1.943467 4.150411 7.447027
 0.000263 2.210580 1.942715 4.153295 7.558761
 0.000264 2.214532 1.942782 4.157314 7.715822
 0.000264 2.218779 1.942608 4.161387 7.876641
 0.000265 2.223358 1.941148 4.164506 8.000936
 0.000265 2.228441 1.937439 4.165879 8.055967
 0.000266 2.233926 1.930530 4.164457 7.998959
 0.000266 2.239825 1.919766 4.159591 7.805515
 0.000267 2.246054 1.905970 4.152024 7.509407
 0.000267 2.252744 1.891121 4.143864 7.196517
 0.000268 2.259721 1.877195 4.136916 6.935310
 0.000268 2.267015 1.865739 4.132754 6.781198
 0.000269 2.274522 1.856823 4.131345 6.729395
 0.000269 2.282348 1.850572 4.132920 6.787289
 0.000270 2.290490 1.848198 4.138689 7.001509
 0.000270 2.298721 1.849433 4.148154 7.360190
 0.000271 2.307030 1.853552 4.160582 7.844737
 0.000271 2.315283 1.860770 4.176053 8.469491
 0.000272 2.323330 1.870884 4.194214 9.233445
 0.000272 2.331190 1.883571 4.214760 10.137499
 0.000273 2.338823 1.897959 4.236781 11.153297
 0.000273 2.346097 1.913319 4.259416 12.247928
 0.000274 2.352987 1.928941 4.281928 13.387467
 0.000274 2.359411 1.943598 4.303009 14.500520
 0.000275 2.365292 1.955777 4.321068 15.489380
 0.000275 2.370768 1.963606 4.334374 16.238825
 0.000276 2.375920 1.965623 4.341543 16.649919
 0.000276 2.380698 1.960803 4.341501 16.647505
 0.000277 2.385056 1.948856 4.333912 16.212460
 0.000277 2.389059 1.930748 4.319807 15.419246
 0.000278 2.392798 1.908230 4.301027 14.394008
 0.000278 2.396141 1.883425 4.279566 13.265553
 0.000279 2.399273 1.857997 4.257271 12.142003
 0.000279 2.402091 1.833732 4.235822 11.108053
 0.000280 2.404597 1.811927 4.216524 10.217046
 0.000280 2.406866 1.793102 4.199968 9.482351
 0.000281 2.408855 1.778052 4.186907 8.922109
 0.000281 2.410563 1.767302 4.177865 8.544225
 0.000282 2.411857 1.761254 4.173111 8.348835
 0.000282 2.412593 1.760077 4.172671 8.330865
 0.000283 2.413075 1.763993 4.177067 8.511306
 0.000283 2.413208 1.772840 4.186049 8.885892
 0.000284 2.413077 1.786361 4.199438 9.459311
 0.000284 2.412684 1.803415 4.216100 10.197903
 0.000285 2.411949 1.822435 4.234383 11.040321
 0.000285 2.411025 1.841525 4.252550 11.910491
 0.000286 2.410001 1.858151 4.268152 12.684129
 0.000286 2.409164 1.869889 4.279053 13.239125
 0.000287 2.408661 1.875370 4.284030 13.496482
 0.000287 2.408586 1.874638 4.283223 13.454591
 0.000288 2.408860 1.869651 4.278510 13.211220
 0.000288 2.409372 1.862260 4.271632 12.860038
 0.000289 2.410061 1.854767 4.264828 12.517269
 0.000289 2.410659 1.848963 4.259622 12.258164
 0.000290 2.411156 1.845773 4.256930 12.125191
 0.000290 2.411526 1.845695 4.257221 12.139537
 0.000291 2.411752 1.848708 4.260460 12.299688
 0.000291 2.411696 1.854257 4.265953 12.573597
 0.000292 2.411502 1.862126 4.273628 12.961429
 0.000292 2.410972 1.872116 4.283088 13.447580
 0.000293 2.410049 1.883932 4.293981 14.018400
 0.000293 2.408780 1.896933 4.305713 14.646519
 0.000294 2.407112 1.910886 4.317998 15.318969
 0.000294 2.404925 1.925144 4.330070 15.994428
 0.000295 2.402334 1.939283 4.341617 16.654201
 0.000295 2.399296 1.951999 4.351294 17.217384
 0.000296 2.396069 1.961259 4.357328 17.573256
 0.000296 2.392823 1.965207 4.358030 17.614895
 0.000297 2.389591 1.962436 4.352027 17.260400
 0.000297 2.386424 1.951849 4.338273 16.461781
 0.000298 2.383622 1.933954 4.317576 15.295629
 0.000298 2.380810 1.910195 4.291005 13.861275
 0.000299 2.378078 1.883107 4.261184 12.335628
 0.000299 2.375244 1.855704 4.230948 10.879501
 0.000300 2.372350 1.830003 4.202352 9.586492
 0.000300 2.369347 1.807592 4.176938 8.505982
 0.000301 2.366179 1.789734 4.155913 7.660874
 0.000301 2.362796 1.777518 4.140314 7.062458
 0.000302 2.359177 1.771041 4.130218 6.688117
 0.000302 2.355553 1.770376 4.125928 6.532143
 0.000303 2.351755 1.775382 4.127137 6.575897
 0.000303 2.347848 1.786354 4.134202 6.834620
 0.000304 2.343790 1.802540 4.146329 7.290345
 0.000304 2.339600 1.823011 4.162611 7.925309
 0.000305 2.335345 1.847543 4.182888 8.753160
 0.000305 2.331187 1.874797 4.205983 9.746129
 0.000306 2.327158 1.902544 4.229703 10.821475
 0.000306 2.323322 1.928829 4.252151 11.891021
 0.000307 2.319750 1.951233 4.270983 12.827115
 0.000307 2.316487 1.967355 4.283842 13.486696
 0.000308 2.313634 1.976042 4.289676 13.791393
 0.000308 2.311125 1.977222 4.288348 13.721726
 0.000309 2.308803 1.972236 4.281038 13.341482
 0.000309 2.306782 1.962774 4.269555 12.754909
 0.000310 2.304790 1.950269 4.255059 12.033232
 0.000310 2.302788 1.936256 4.239044 11.260413
 0.000311 2.300865 1.921450 4.222314 10.480485
 0.000311 2.298916 1.906842 4.205759 9.736221
 0.000312 2.297047 1.893194 4.190241 9.063503
 0.000312 2.295154 1.880921 4.176074 8.470383
 0.000313 2.293305 1.870142 4.163447 7.958623
 0.000313 2.291607 1.861426 4.153032 7.548544
 0.000314 2.289990 1.855368 4.145358 7.253304
 0.000314 2.288367 1.852040 4.140407 7.065943
 0.000315 2.286727 1.851646 4.138374 6.989722
 0.000315 2.285333 1.854131 4.139465 7.030565
 0.000316 2.284334 1.858963 4.143297 7.175021
 0.000316 2.283508 1.864908 4.148416 7.370231
 0.000317 2.283069 1.869975 4.153044 7.548991
 0.000317 2.283073 1.872359 4.155431 7.642044
 0.000318 2.283697 1.870637 4.154334 7.599202
 0.000318 2.285003 1.864821 4.149824 7.424406
 0.000319 2.286637 1.855517 4.142153 7.131746
 0.000319 2.288741 1.844876 4.133617 6.812994
 0.000320 2.291058 1.835559 4.126617 6.557061
 0.000320 2.293630 1.829355 4.122985 6.426189
 0.000321 2.296304 1.827248 4.123552 6.446527
 0.000321 2.299115 1.829977 4.129091 6.646970
 0.000322 2.301907 1.837876 4.139783 7.042502
 0.000322 2.304613 1.850399 4.155012 7.625647
 0.000323 2.307263 1.867398 4.174661 8.412301
 0.000323 2.309718 1.887808 4.197526 9.376344
 0.000324 2.311931 1.910903 4.222834 10.504290
 0.000324 2.313938 1.935906 4.249843 11.778751
 0.000325 2.315725 1.961624 4.277349 13.151573
 0.000325 2.317492 1.987813 4.305305 14.624429
 0.000326 2.319009 2.013088 4.332097 16.109311
 0.000326 2.320385 2.035962 4.356346 17.515134
 0.000327 2.321595 2.055063 4.376657 18.737888
 0.000327 2.322770 2.068683 4.391453 19.654610
 0.000328 2.323983 2.075379 4.399362 20.153593
 0.000328 2.325134 2.074494 4.399627 20.170425
 0.000329 2.326214 2.066281 4.392495 19.719975
 0.000329 2.327201 2.051616 4.378817 18.870340
 0.000330 2.327986 2.031760 4.359746 17.716928
 0.000330 2.328521 2.008765 4.337286 16.405200
 0.000331 2.328896 1.983626 4.312521 15.017322
 0.000331 2.329094 1.958001 4.287094 13.656142
 0.000332 2.329216 1.933014 4.262230 12.387622
 0.000332 2.329121 1.909224 4.238345 11.227293
 0.000333 2.328848 1.887700 4.216548 10.218131
 0.000333 2.328552 1.869000 4.197552 9.377437
 0.000334 2.328149 1.853314 4.181463 8.693624
 0.000334 2.327762 1.841619 4.169382 8.197166
 0.000335 2.327582 1.834413 4.161996 7.900825
 0.000335 2.327593 1.831673 4.159266 7.792680
 0.000336 2.327665 1.833435 4.161100 7.865275
 0.000336 2.327750 1.839641 4.167391 8.116745
 0.000337 2.327828 1.849010 4.176837 8.501818
 0.000337 2.328037 1.860224 4.188261 8.979393
 0.000338 2.328334 1.871303 4.199637 9.467970
 0.000338 2.328668 1.879807 4.208475 9.856460
 0.000339 2.329216 1.884360 4.213576 10.084216
 0.000339 2.329934 1.884260 4.214194 10.112025
 0.000340 2.330774 1.879870 4.210644 9.953010
 0.000340 2.331590 1.872791 4.204381 9.675544
 0.000341 2.332416 1.864703 4.197119 9.358686
 0.000341 2.332925 1.857256 4.190181 9.060941
 0.000342 2.333118 1.851695 4.184813 8.833856
 0.000342 2.332934 1.848604 4.181538 8.696761
 0.000343 2.332433 1.848188 4.180621 8.658533
 0.000343 2.331742 1.850751 4.182493 8.736613
 0.000344 2.330776 1.855908 4.186685 8.912717
 0.000344 2.329594 1.863405 4.192998 9.181275
 0.000345 2.328137 1.873095 4.201232 9.537515
 0.000345 2.326411 1.884447 4.210858 9.962557
 0.000346 2.324268 1.896837 4.221105 10.425212
 0.000346 2.321779 1.909113 4.230892 10.876898
 0.000347 2.319044 1.920305 4.239348 11.274871
 0.000347 2.316062 1.929106 4.245168 11.552928
 0.000348 2.312739 1.934556 4.247295 11.655376
 0.000348 2.309118 1.934986 4.244105 11.501856
 0.000349 2.305393 1.928945 4.234338 11.038203
 0.000349 2.301710 1.915808 4.217519 10.262074
 0.000350 2.298062 1.896135 4.194196 9.232682
 0.000350 2.294651 1.871741 4.166392 8.076556
 0.000351 2.291428 1.844566 4.135994 6.901026
 0.000351 2.288479 1.817315 4.105793 5.824647
 0.000352 2.285818 1.792152 4.077970 4.913708
 0.000352 2.283330 1.770758 4.054088 4.193561
 0.000353 2.281205 1.754717 4.035922 3.683959
 0.000353 2.279531 1.745111 4.024643 3.384164
 0.000354 2.278212 1.742255 4.020467 3.276394
 0.000354 2.277284 1.745842 4.023126 3.344815
 0.000355 2.276766 1.755710 4.032477 3.591038
 0.000355 2.276767 1.771702 4.048469 4.032402
 0.000356 2.277140 1.793314 4.070454 4.680921
 0.000356 2.277911 1.819762 4.097673 5.550777
 0.000357 2.279048 1.850163 4.129211 6.651319
 0.000357 2.280450 1.883204 4.163653 7.966853
 0.000358 2.282125 1.916774 4.198899 9.435887
 0.000358 2.283925 1.948609 4.232534 10.953614
 0.000359 2.285849 1.976925 4.262774 12.414700
 0.000359 2.287892 2.000503 4.288395 13.724179
 0.000360 2.290114 2.018775 4.308889 14.818898
 0.000360 2.292382 2.031873 4.324256 15.667277
 0.000361 2.294744 2.039521 4.334264 16.232560
 0.000361 2.297125 2.042806 4.339931 16.557032
 0.000362 2.299517 2.042373 4.341890 16.669958
 0.000362 2.301819 2.039098 4.340917 16.613821
 0.000363 2.304059 2.033558 4.337617 16.424141
 0.000363 2.306231 2.025941 4.332173 16.113594
 0.000364 2.308154 2.016617 4.324770 15.696093
 0.000364 2.309840 2.005839 4.315678 15.190827
 0.000365 2.311244 1.994079 4.305323 14.625412
 0.000365 2.312425 1.981558 4.293983 14.018508
 0.000366 2.313248 1.969386 4.282634 13.424056
 0.000366 2.313672 1.957388 4.271059 12.830988
 0.000367 2.313776 1.945849 4.259625 12.258290
 0.000367 2.313583 1.935103 4.248686 11.722650
 0.000368 2.313048 1.924661 4.237710 11.197193
 0.000368 2.312256 1.913937 4.226192 10.658792
 0.000369 2.311232 1.902335 4.213567 10.083844
 0.000369 2.310079 1.888738 4.198817 9.432302
 0.000370 2.308790 1.873168 4.181957 8.714256
 0.000370 2.307379 1.855894 4.163273 7.951694
 0.000371 2.305924 1.837915 4.143839 7.195548
 0.000371 2.304420 1.820644 4.125065 6.500971
 0.000372 2.302845 1.805706 4.108552 5.919170
 0.000372 2.301225 1.794009 4.095235 5.469844
 0.000373 2.299452 1.787121 4.086573 5.187107
 0.000373 2.297637 1.785932 4.083569 5.090807
 0.000374 2.295939 1.790617 4.086556 5.186549
 0.000374 2.294158 1.801044 4.095201 5.468741
 0.000375 2.292234 1.816987 4.109220 5.942202
 0.000375 2.290128 1.837411 4.127539 6.590489
 0.000376 2.287887 1.861540 4.149427 7.409103
 0.000376 2.285416 1.888555 4.173970 8.384007
 0.000377 2.282658 1.917725 4.200383 9.500433
 0.000377 2.279516 1.947760 4.227276 10.708898
 0.000378 2.275833 1.976887 4.252720 11.918791
 0.000378 2.271752 2.003974 4.275726 13.068469
 0.000379 2.267284 2.027947 4.295230 14.084644
 0.000379 2.262509 2.047975 4.310484 14.905880
 0.000380 2.257466 2.063302 4.320768 15.472669
 0.000380 2.252229 2.073532 4.325761 15.751640
 0.000381 2.246926 2.078781 4.325707 15.748618
 0.000381 2.241420 2.079109 4.320529 15.459363
 0.000382 2.235833 2.075330 4.311163 14.942959
 0.000382 2.230125 2.068384 4.298509 14.259200
 0.000383 2.224293 2.058912 4.283206 13.453671
 0.000383 2.218364 2.047117 4.265481 12.549962
 0.000384 2.212481 2.033715 4.246196 11.602376
 0.000384 2.206580 2.019267 4.225847 10.642868
 0.000385 2.200522 2.004694 4.205216 9.712277
 0.000385 2.194565 1.990267 4.184832 8.834682
 0.000386 2.188673 1.976564 4.165237 8.030182
 0.000386 2.182765 1.964514 4.147279 7.326638
 0.000387 2.176963 1.954316 4.131279 6.726984
 0.000387 2.171485 1.946401 4.117886 6.244687
 0.000388 2.166350 1.940894 4.107244 5.874256
 0.000388 2.161603 1.937825 4.099428 5.609407
 0.000389 2.157280 1.936393 4.093674 5.418334
 0.000389 2.153457 1.936645 4.090102 5.301402
 0.000390 2.150184 1.938483 4.088667 5.254765
 0.000390 2.147595 1.941881 4.089476 5.281031
 0.000391 2.145547 1.946530 4.092077 5.365911
 0.000391 2.144255 1.952844 4.097099 5.531675
 0.000392 2.143547 1.961057 4.104604 5.784109
 0.000392 2.143468 1.970900 4.114367 6.120958
 0.000393 2.144029 1.982009 4.126038 6.536105
 0.000393 2.145029 1.994363 4.139392 7.027845
 0.000394 2.146550 2.007902 4.154451 7.603777
 0.000394 2.148472 2.022156 4.170627 8.247667
 0.000395 2.150661 2.036439 4.187101 8.930289
 0.000395 2.152968 2.050124 4.203093 9.618934
 0.000396 2.155495 2.062650 4.218145 10.290455
 0.000396 2.158090 2.073706 4.231797 10.919123
 0.000397 2.160721 2.082428 4.243149 11.456079
 0.000397 2.163411 2.088478 4.251890 11.878271
 0.000398 2.166115 2.091580 4.257695 12.162930
 0.000398 2.168754 2.091116 4.259870 12.270426
 0.000399 2.171314 2.087075 4.258389 12.197151
 0.000399 2.173888 2.078972 4.252860 11.925598
 0.000400 2.176480 2.066900 4.243380 11.467144
 0.000400 2.179092 2.051319 4.230411 10.854458
 0.000401 2.181803 2.032788 4.214591 10.129881
 0.000401 2.184638 2.012143 4.196781 9.344090
 0.000402 2.187462 1.990011 4.177473 8.528046
 0.000402 2.190294 1.967563 4.157857 7.737165
 0.000403 2.193095 1.945997 4.139093 7.016624
 0.000403 2.195846 1.926488 4.122334 6.402883
 0.000404 2.198522 1.909844 4.108366 5.912767
 0.000404 2.201051 1.896785 4.097836 5.556226
 0.000405 2.203556 1.887701 4.091256 5.339046
 0.000405 2.206014 1.882761 4.088775 5.258275
 0.000406 2.208425 1.882162 4.090587 5.317199
 0.000406 2.210850 1.886324 4.097174 5.534187
 0.000407 2.213259 1.894775 4.108034 5.901377
 0.000407 2.215698 1.906407 4.122105 6.394684
 0.000408 2.218184 1.921089 4.139273 7.023395
 0.000408 2.220753 1.937351 4.158104 7.746873
 0.000409 2.223515 1.954505 4.178020 8.550638
 0.000409 2.226508 1.971459 4.197967 9.395414
 0.000410 2.229464 1.987725 4.217189 10.247149
 0.000410 2.232527 2.002973 4.235500 11.092856
 0.000411 2.235602 2.016972 4.252574 11.911656
 0.000411 2.238595 2.030366 4.268961 12.724908
 0.000412 2.241433 2.043622 4.285056 13.549803
 0.000412 2.243897 2.056368 4.300264 14.353101
 0.000413 2.246051 2.068327 4.314378 15.119258
 0.000413 2.247601 2.079367 4.326968 15.819493
 0.000414 2.248423 2.089406 4.337829 16.436296
 0.000414 2.248584 2.098375 4.346959 16.963950
 0.000415 2.248091 2.106523 4.354614 17.412760
 0.000415 2.247080 2.113234 4.360314 17.750754
 0.000416 2.245667 2.117730 4.363396 17.934872
 0.000416 2.243880 2.120276 4.364156 17.980410
 0.000417 2.241446 2.120553 4.361999 17.851260
 0.000417 2.238490 2.117952 4.356442 17.520771
 0.000418 2.235157 2.111873 4.347030 16.968071
 0.000418 2.231629 2.102593 4.334222 16.230115
 0.000419 2.228027 2.090097 4.318124 15.325935
 0.000419 2.224420 2.074217 4.298637 14.266041
 0.000420 2.220758 2.056123 4.276881 13.127594
 0.000420 2.216980 2.035960 4.252939 11.929482
 0.000421 2.213155 2.014507 4.227663 10.726778
 0.000421 2.209299 1.992237 4.201536 9.550781
 0.000422 2.205560 1.969673 4.175232 8.435754
 0.000422 2.201944 1.948057 4.150001 7.431226
 0.000423 2.198369 1.928494 4.126863 6.565978
 0.000423 2.194816 1.910895 4.105711 5.821848
 0.000424 2.191286 1.896159 4.087444 5.215201
 0.000424 2.187954 1.884899 4.072853 4.754615
 0.000425 2.184891 1.877508 4.062399 4.437696
 0.000425 2.182127 1.874081 4.056208 4.255173
 0.000426 2.179626 1.874616 4.054242 4.198023
 0.000426 2.177487 1.878865 4.056352 4.259373
 0.000427 2.175767 1.886334 4.062101 4.428831
 0.000427 2.174572 1.896144 4.070715 4.688923
 0.000428 2.173891 1.907778 4.081669 5.030346
 0.000428 2.173707 1.919977 4.093684 5.418674
 0.000429 2.174098 1.931353 4.105451 5.812972
 0.000429 2.174977 1.941444 4.116421 6.193018
 0.000430 2.176296 1.949705 4.126001 6.534785
 0.000430 2.177975 1.955147 4.133121 6.794723
 0.000431 2.180058 1.957833 4.137891 6.971688
 0.000431 2.182343 1.957911 4.140255 7.060236
 0.000432 2.184888 1.956239 4.141126 7.093021
 0.000432 2.187608 1.953076 4.140684 7.076355
 0.000433 2.190496 1.948854 4.139351 7.026299
 0.000433 2.193521 1.943911 4.137432 6.954567
 0.000434 2.196482 1.938122 4.134603 6.849454
 0.000434 2.199499 1.931838 4.131336 6.729067
 0.000435 2.202498 1.925442 4.127940 6.605071
 0.000435 2.205505 1.919452 4.124957 6.497073
 0.000436 2.208384 1.914132 4.122516 6.409396
 0.000436 2.211301 1.909531 4.120832 6.349237
 0.000437 2.214309 1.905391 4.119699 6.308938
 0.000437 2.217522 1.901812 4.119334 6.295983
 0.000438 2.220831 1.898484 4.119316 6.295325
 0.000438 2.224447 1.895132 4.119579 6.304670
 0.000439 2.228531 1.891878 4.120408 6.334145
 0.000439 2.233026 1.888315 4.121341 6.367394
 0.000440 2.237749 1.884348 4.122096 6.394369
 0.000440 2.242652 1.880653 4.123305 6.437663
 0.000441 2.247651 1.877853 4.125504 6.516824
 0.000441 2.252836 1.876682 4.129519 6.662561
 0.000442 2.258078 1.877715 4.135793 6.893581
 0.000442 2.263296 1.881556 4.144852 7.234057
 0.000443 2.268326 1.888878 4.157204 7.711482
 0.000443 2.273205 1.899993 4.173199 8.352431
 0.000444 2.277960 1.914638 4.192598 9.164118
 0.000444 2.282575 1.932502 4.215077 10.151778
 0.000445 2.287067 1.953000 4.240068 11.309053
 0.000445 2.291400 1.975485 4.266885 12.620398
 0.000446 2.295649 1.999291 4.294940 14.069249
 0.000446 2.299716 2.023612 4.323328 15.615415
 0.000447 2.303728 2.047513 4.351241 17.214246
 0.000447 2.307399 2.070101 4.377500 18.789533
 0.000448 2.310701 2.090651 4.401352 20.280096
 0.000448 2.313612 2.108789 4.422401 21.642836
 0.000449 2.316170 2.123044 4.439214 22.763110
 0.000449 2.318342 2.132138 4.450480 23.529591
 0.000450 2.320217 2.135861 4.456077 23.915158
 0.000450 2.321722 2.133954 4.455676 23.887431
 0.000451 2.322827 2.126396 4.449223 23.443429
 0.000451 2.323439 2.113304 4.436743 22.596688
 0.000452 2.323796 2.095338 4.419134 21.428435
 0.000452 2.323917 2.073483 4.397400 20.029190
 0.000453 2.323720 2.048797 4.372517 18.485283
 0.000453 2.323355 2.021776 4.345131 16.857624
 0.000454 2.322729 1.993702 4.316431 15.232344
 0.000454 2.321939 1.966175 4.288114 13.709494
 0.000455 2.321052 1.939989 4.261041 12.328492
 0.000455 2.320085 1.915933 4.236018 11.117295
 0.000456 2.319186 1.894409 4.213595 10.085087
 0.000456 2.318276 1.876271 4.194547 9.247773
 0.000457 2.317438 1.862254 4.179692 8.619937
 0.000457 2.316788 1.852651 4.169439 8.199483
 0.000458 2.316298 1.847507 4.163806 7.972934
 0.000458 2.315918 1.846357 4.162276 7.911954
 0.000459 2.315602 1.848101 4.163703 7.968833
 0.000459 2.315372 1.851534 4.166905 8.097196
 0.000460 2.315368 1.855348 4.170716 8.251292
 0.000460 2.315724 1.858698 4.174422 8.402504
 0.000461 2.316473 1.860664 4.177137 8.514180
 0.000461 2.317653 1.860499 4.178153 8.556138
 0.000462 2.319238 1.857918 4.177156 8.514964
 0.000462 2.321200 1.854573 4.175773 8.457996
 0.000463 2.323529 1.850634 4.174163 8.391891
 0.000463 2.326120 1.847153 4.173273 8.355467
 0.000464 2.328934 1.845018 4.173952 8.383252
 0.000464 2.331938 1.845284 4.177222 8.517679
 0.000465 2.335038 1.847691 4.182729 8.746510
 0.000465 2.338142 1.851952 4.190094 9.057242
 0.000466 2.341250 1.857552 4.198802 9.431654
 0.000466 2.344311 1.864833 4.209144 9.886181
 0.000467 2.347300 1.872775 4.220075 10.378204
 0.000467 2.350106 1.880637 4.230743 10.869925
 0.000468 2.352661 1.888287 4.240948 11.350940
 0.000468 2.354908 1.894998 4.249906 11.781763
 0.000469 2.356792 1.900045 4.256838 12.120682
 0.000469 2.358388 1.903107 4.261495 12.351081
 0.000470 2.359538 1.903821 4.263359 12.443877
 0.000470 2.360334 1.901473 4.261807 12.366572
 0.000471 2.360854 1.895207 4.256061 12.082483
 0.000471 2.361334 1.884880 4.246214 11.603257
 0.000472 2.361864 1.871387 4.233251 10.987204
 0.000472 2.362473 1.855341 4.217813 10.275435
 0.000473 2.363186 1.837896 4.201082 9.530936
 0.000473 2.364045 1.819845 4.183891 8.795159
 0.000474 2.365151 1.802837 4.167989 8.140857
 0.000474 2.366493 1.788436 4.154929 7.622426
 0.000475 2.367985 1.777424 4.145409 7.255246
 0.000475 2.369603 1.770906 4.140509 7.069791
 0.000476 2.371351 1.769626 4.140977 7.087380
 0.000476 2.373137 1.773424 4.146560 7.299170
 0.000477 2.374945 1.782373 4.157318 7.715981
 0.000477 2.376687 1.796183 4.172870 8.339005
 0.000478 2.378093 1.814177 4.192270 9.150092
 0.000478 2.379115 1.835540 4.214654 10.132723
 0.000479 2.379708 1.859806 4.239514 11.282717
 0.000479 2.380004 1.885643 4.265647 12.558298
 0.000480 2.379913 1.911665 4.291578 13.891462
 0.000480 2.379524 1.937113 4.316637 15.243697
 0.000481 2.378889 1.960802 4.339691 16.543239
 0.000481 2.377981 1.981738 4.359719 17.715326
 0.000482 2.376794 1.999572 4.376366 18.720069
 0.000482 2.375427 2.013741 4.389168 19.511569
 0.000483 2.373740 2.024303 4.398043 20.069910
 0.000483 2.371651 2.031962 4.403614 20.424418
 0.000484 2.369248 2.036341 4.405589 20.550875
 0.000484 2.366429 2.037651 4.404080 20.454220
 0.000485 2.363349 2.035714 4.399062 20.134566
 0.000485 2.359918 2.030893 4.390811 19.614341
 0.000486 2.356266 2.023291 4.379556 18.915781
 0.000486 2.352334 2.013213 4.365548 18.063944
 0.000487 2.348011 2.000882 4.348893 17.076791
 0.000487 2.343289 1.986748 4.330037 15.992607
 0.000488 2.338333 1.971221 4.309553 14.855089
 0.000488 2.332990 1.954302 4.287292 13.666474
 0.000489 2.327372 1.936397 4.263769 12.464332
 0.000489 2.321640 1.917483 4.239122 11.264143
 0.000490 2.315800 1.898205 4.214005 10.103516
 0.000490 2.310045 1.878696 4.188740 8.999730
 0.000491 2.304371 1.858921 4.163291 7.952416
 0.000491 2.298826 1.839462 4.138289 6.986547
 0.000492 2.293587 1.820797 4.114384 6.121537
 0.000492 2.288605 1.803748 4.092353 5.374942
 0.000493 2.283969 1.789424 4.073393 4.771270
 0.000493 2.279685 1.778868 4.058553 4.323868
 0.000494 2.275819 1.772679 4.048497 4.033218
 0.000494 2.272444 1.770902 4.043346 3.888239
 0.000495 2.269475 1.774122 4.043596 3.895215
 0.000495 2.266972 1.782557 4.049529 4.062580
 0.000496 2.264755 1.795786 4.060541 4.382536
 0.000496 2.262815 1.813332 4.076147 4.856720
 0.000497 2.261062 1.834436 4.095498 5.478552
 0.000497 2.259458 1.858251 4.117709 6.238430
 0.000498 2.257925 1.883094 4.141020 7.089005
 0.000498 2.256531 1.907921 4.164453 7.998790
 0.000499 2.255202 1.931998 4.187200 8.934509
 0.000499 2.253837 1.953937 4.207774 9.825343
 0.000500 2.252617 1.972751 4.225368 10.620738
