#! FIELDS time dAB dAC dAD rc bias
 0.000000 1.620708 1.651607 2.570225 5.842540 16.907407
 0.000000 1.619323 1.658478 2.572098 5.849899 17.338080
 0.000001 1.617599 1.660262 2.573838 5.851700 17.444270
 0.000001 1.615962 1.656816 2.575477 5.848255 17.241369
 0.000002 1.614653 1.649243 2.576951 5.840848 16.809164
 0.000002 1.613849 1.638040 2.578324 5.830214 16.198245
 0.000003 1.613776 1.623773 2.579588 5.817137 15.462513
 0.000003 1.614436 1.607520 2.580726 5.802681 14.669070
 0.000004 1.615841 1.590729 2.581676 5.788246 13.897594
 0.000004 1.617749 1.573793 2.582408 5.773950 13.154105
 0.000005 1.620358 1.557531 2.582979 5.760868 12.491697
 0.000005 1.623692 1.542439 2.583435 5.749566 11.933174
 0.000006 1.627981 1.529537 2.583818 5.741335 11.534419
 0.000006 1.633331 1.519507 2.584075 5.736913 11.323028
 0.000007 1.639434 1.512866 2.584192 5.736491 11.302943
 0.000007 1.645830 1.509186 2.584268 5.739283 11.436068
 0.000008 1.652449 1.508578 2.584248 5.745275 11.724450
 0.000008 1.658936 1.511344 2.584056 5.754336 12.167333
 0.000009 1.664718 1.516753 2.583721 5.765192 12.708717
 0.000009 1.669872 1.524726 2.583398 5.777996 13.362440
 0.000010 1.674129 1.534823 2.583067 5.792018 14.097194
 0.000010 1.677069 1.545813 2.582652 5.805534 14.823979
 0.000011 1.678733 1.556731 2.582129 5.817593 15.487845
 0.000011 1.679201 1.566880 2.581474 5.827555 16.047273
 0.000012 1.678021 1.575118 2.580710 5.833850 16.405869
 0.000012 1.675074 1.580869 2.579933 5.835877 16.522188
 0.000013 1.670444 1.583487 2.579125 5.833056 16.360421
 0.000013 1.664451 1.582449 2.578298 5.825197 15.913974
 0.000014 1.657362 1.577034 2.577486 5.811882 15.171631
 0.000014 1.649734 1.567253 2.576643 5.793629 14.182852
 0.000015 1.642035 1.553737 2.575766 5.771538 13.030678
 0.000015 1.634096 1.537508 2.574926 5.746530 11.785310
 0.000016 1.626878 1.519726 2.574131 5.720735 10.566251
 0.000016 1.621354 1.501915 2.573447 5.696716 9.490936
 0.000017 1.617466 1.485085 2.572918 5.675469 8.587800
 0.000017 1.615348 1.469993 2.572491 5.657832 7.872416
 0.000018 1.615178 1.457785 2.572111 5.645073 7.374298
 0.000018 1.616979 1.449049 2.571741 5.637769 7.096458
 0.000019 1.620384 1.444019 2.571567 5.635970 7.028843
 0.000019 1.625031 1.442707 2.571551 5.639289 7.153818
 0.000020 1.630189 1.444799 2.571578 5.646566 7.431734
 0.000020 1.635287 1.450133 2.571636 5.657055 7.841618
 0.000021 1.639286 1.458315 2.571749 5.669350 8.336080
 0.000021 1.641676 1.468982 2.571909 5.682567 8.884469
 0.000022 1.641963 1.480908 2.572095 5.694966 9.414831
 0.000022 1.639265 1.493552 2.572475 5.705292 9.868215
 0.000023 1.633317 1.505765 2.572926 5.712008 10.168843
 0.000023 1.623949 1.516199 2.573429 5.713578 10.239765
 0.000024 1.611585 1.524446 2.574036 5.710067 10.081493
 0.000024 1.597071 1.529962 2.574714 5.701748 9.711404
 0.000025 1.581330 1.532409 2.575429 5.689168 9.164926
 0.000025 1.565185 1.532037 2.576236 5.673458 8.504651
 0.000026 1.549636 1.529383 2.577162 5.656181 7.807043
 0.000026 1.536100 1.525137 2.578113 5.639350 7.156117
 0.000027 1.525339 1.520097 2.579033 5.624469 6.604240
 0.000027 1.518117 1.514412 2.579870 5.612400 6.172869
 0.000028 1.514822 1.508766 2.580635 5.604223 5.888910
 0.000028 1.515283 1.504019 2.581401 5.600704 5.768757
 0.000029 1.519893 1.500973 2.582128 5.602994 5.846827
 0.000029 1.528347 1.500031 2.582896 5.611274 6.133399
 0.000030 1.539939 1.500662 2.583603 5.624203 6.594585
 0.000030 1.553785 1.502394 2.584369 5.640548 7.201510
 0.000031 1.570001 1.505529 2.585185 5.660714 7.987204
 0.000031 1.587302 1.509972 2.586068 5.683342 8.917197
 0.000032 1.604704 1.514994 2.586921 5.706619 9.927294
 0.000032 1.620850 1.520420 2.587751 5.729022 10.950613
 0.000033 1.635159 1.525793 2.588565 5.749516 11.930731
 0.000033 1.646853 1.530240 2.589306 5.766399 12.769675
 0.000034 1.655604 1.533783 2.589967 5.779355 13.432801
 0.000034 1.661311 1.536179 2.590581 5.788071 13.888353
 0.000035 1.663615 1.536815 2.591072 5.791501 14.069748
 0.000035 1.662317 1.536347 2.591465 5.790129 13.997068
 0.000036 1.658153 1.534309 2.591766 5.784228 13.686559
 0.000036 1.651911 1.530756 2.591929 5.774596 13.187255
 0.000037 1.643937 1.526178 2.592084 5.762200 12.558325
 0.000037 1.635054 1.520374 2.592280 5.747709 11.842583
 0.000038 1.625544 1.513456 2.592496 5.731496 11.066724
 0.000038 1.616078 1.506368 2.592707 5.715153 10.311188
 0.000039 1.607164 1.499751 2.592972 5.699887 9.629571
 0.000039 1.599088 1.494013 2.593292 5.686392 9.046447
 0.000040 1.591993 1.489694 2.593613 5.675300 8.580800
 0.000040 1.586137 1.486977 2.593978 5.667092 8.244138
 0.000041 1.581705 1.486184 2.594432 5.662321 8.051534
 0.000041 1.579106 1.487857 2.594946 5.661908 8.034991
 0.000042 1.578155 1.491906 2.595550 5.665611 8.184092
 0.000042 1.578405 1.498338 2.596148 5.672891 8.481309
 0.000043 1.579799 1.506729 2.596839 5.683367 8.918234
 0.000043 1.581231 1.516828 2.597478 5.695538 9.439645
 0.000044 1.582361 1.528134 2.598109 5.708604 10.015934
 0.000044 1.581956 1.540141 2.598730 5.720827 10.570462
 0.000045 1.579024 1.551307 2.599251 5.729582 10.976835
 0.000045 1.573192 1.560960 2.599699 5.733851 11.177756
 0.000046 1.564298 1.568975 2.600115 5.733388 11.155907
 0.000046 1.551986 1.574760 2.600492 5.727237 10.867250
 0.000047 1.536949 1.578132 2.600834 5.715915 10.345826
 0.000047 1.520067 1.579273 2.601169 5.700509 9.656876
 0.000048 1.502526 1.578332 2.601491 5.682349 8.875297
 0.000048 1.484922 1.576035 2.601694 5.662651 8.064778
 0.000049 1.468386 1.572798 2.601818 5.643001 7.294937
 0.000049 1.454662 1.569292 2.601914 5.625868 6.655182
 0.000050 1.444481 1.566108 2.601922 5.612511 6.176788
 0.000050 1.438395 1.563755 2.601832 5.603982 5.880660
 0.000051 1.436570 1.563229 2.601605 5.601405 5.792590
 0.000051 1.439699 1.564579 2.601266 5.605544 5.934353
 0.000052 1.447702 1.568201 2.600895 5.616798 6.328394
 0.000052 1.460041 1.573976 2.600436 5.634453 6.972061
 0.000053 1.476378 1.581268 2.599912 5.657558 7.861532
 0.000053 1.495463 1.589576 2.599289 5.684329 8.958900
 0.000054 1.516379 1.597656 2.598519 5.712555 10.193528
 0.000054 1.537676 1.604806 2.597588 5.740069 11.473687
 0.000055 1.558242 1.609493 2.596500 5.764235 12.660520
 0.000055 1.577108 1.611708 2.595305 5.784121 13.680961
 0.000056 1.593334 1.611018 2.593934 5.798286 14.431948
 0.000056 1.606257 1.607308 2.592401 5.805966 14.847498
 0.000057 1.615926 1.600587 2.590713 5.807226 14.916243
 0.000057 1.622101 1.591602 2.588858 5.802562 14.662591
 0.000058 1.625336 1.581129 2.586906 5.793371 14.169095
 0.000058 1.626215 1.569379 2.584854 5.780448 13.489526
 0.000059 1.625545 1.557448 2.582764 5.765758 12.737289
 0.000059 1.623938 1.545936 2.580563 5.750437 11.975720
 0.000060 1.621646 1.535768 2.578309 5.735723 11.266462
 0.000060 1.619593 1.527140 2.576027 5.722759 10.659493
 0.000061 1.618255 1.520857 2.573689 5.712800 10.204619
 0.000061 1.618008 1.517356 2.571306 5.706670 9.929561
 0.000062 1.619175 1.516296 2.568986 5.704457 9.831173
 0.000062 1.621862 1.517815 2.566708 5.706386 9.916887
 0.000063 1.625784 1.521351 2.564570 5.711706 10.155219
 0.000063 1.630791 1.526835 2.562669 5.720296 10.546044
 0.000064 1.636849 1.534359 2.560858 5.732066 11.093550
 0.000064 1.643749 1.543396 2.559177 5.746322 11.775211
 0.000065 1.650689 1.553361 2.557590 5.761640 12.530284
 0.000065 1.657447 1.563465 2.556153 5.777065 13.314353
 0.000066 1.663057 1.573333 2.554775 5.791165 14.051926
 0.000066 1.667324 1.582363 2.553579 5.803266 14.700745
 0.000067 1.669509 1.589775 2.552563 5.811847 15.169694
 0.000067 1.669402 1.595141 2.551637 5.816181 15.409389
 0.000068 1.666501 1.598492 2.550772 5.815765 15.386291
 0.000068 1.660677 1.599464 2.550037 5.810177 15.077899
 0.000069 1.652044 1.598248 2.549407 5.799699 14.507953
 0.000069 1.641595 1.595391 2.548899 5.785885 13.773380
 0.000070 1.629776 1.591162 2.548525 5.769463 12.924999
 0.000070 1.617098 1.585973 2.548256 5.751327 12.019335
 0.000071 1.604016 1.580578 2.548146 5.732740 11.125320
 0.000071 1.591081 1.575602 2.548207 5.714890 10.299261
 0.000072 1.579756 1.571446 2.548362 5.699564 9.615405
 0.000072 1.570807 1.568613 2.548658 5.688077 9.118266
 0.000073 1.565027 1.567548 2.549108 5.681684 8.847292
 0.000073 1.562943 1.568084 2.549685 5.680712 8.806473
 0.000074 1.564329 1.570757 2.550284 5.685371 9.003077
 0.000074 1.569022 1.575334 2.550922 5.695278 9.428370
 0.000075 1.577144 1.581607 2.551617 5.710369 10.095065
 0.000075 1.587992 1.589256 2.552265 5.729513 10.973623
 0.000076 1.600480 1.597887 2.552894 5.751262 12.016158
 0.000076 1.613856 1.606562 2.553547 5.773965 13.154899
 0.000077 1.627306 1.614525 2.554278 5.796110 14.315264
 0.000077 1.640299 1.621430 2.554941 5.816670 15.436543
 0.000078 1.652332 1.627072 2.555417 5.834822 16.461577
 0.000078 1.663449 1.630752 2.555673 5.849874 17.336599
 0.000079 1.673181 1.632104 2.555714 5.860999 17.997878
 0.000079 1.680592 1.630532 2.555582 5.866706 18.341910
 0.000080 1.685256 1.625705 2.555342 5.866302 18.317467
 0.000080 1.687261 1.617708 2.554992 5.859962 17.935683
 0.000081 1.687162 1.606815 2.554467 5.848444 17.252480
 0.000081 1.685395 1.593580 2.553828 5.832803 16.345989
 0.000082 1.682539 1.578706 2.553072 5.814316 15.306034
 0.000082 1.679070 1.563129 2.552264 5.794464 14.227329
 0.000083 1.675595 1.547387 2.551379 5.774361 13.175212
 0.000083 1.672771 1.531728 2.550448 5.754947 12.197463
 0.000084 1.670413 1.516594 2.549568 5.736574 11.306908
 0.000084 1.668701 1.502381 2.548692 5.719774 10.522102
 0.000085 1.668194 1.489740 2.547865 5.705799 9.890777
 0.000085 1.668931 1.478984 2.547106 5.695021 9.417229
 0.000086 1.671062 1.470176 2.546422 5.687660 9.100468
 0.000086 1.674855 1.463650 2.545880 5.684386 8.961314
 0.000087 1.680078 1.459502 2.545306 5.684886 8.982516
 0.000087 1.686944 1.457630 2.544727 5.689302 9.170639
 0.000088 1.694997 1.457864 2.544146 5.697007 9.503581
 0.000088 1.703704 1.459998 2.543616 5.707318 9.958459
 0.000089 1.712288 1.463496 2.543130 5.718914 10.482669
 0.000089 1.719718 1.467897 2.542647 5.730261 11.008694
 0.000090 1.725612 1.472535 2.542149 5.740296 11.484570
 0.000090 1.729278 1.476812 2.541659 5.747748 11.844522
 0.000091 1.730906 1.480106 2.541260 5.752272 12.065729
 0.000091 1.730005 1.482088 2.540896 5.752989 12.100954
 0.000092 1.726612 1.482649 2.540559 5.749820 11.945566
 0.000092 1.720833 1.481578 2.540176 5.742587 11.594636
 0.000093 1.713281 1.478729 2.539762 5.731772 11.079671
 0.000093 1.704433 1.474668 2.539221 5.718322 10.455575
 0.000094 1.695329 1.469306 2.538708 5.703342 9.781818
 0.000094 1.686695 1.463031 2.538225 5.687951 9.112873
 0.000095 1.679229 1.456882 2.537767 5.673878 8.521979
 0.000095 1.673508 1.451304 2.537299 5.662111 8.043111
 0.000096 1.669607 1.446145 2.536886 5.652637 7.667633
 0.000096 1.668374 1.442195 2.536522 5.647090 7.451953
 0.000097 1.670010 1.439594 2.536208 5.645812 7.402678
 0.000097 1.674489 1.438449 2.535965 5.648903 7.522093
 0.000098 1.681628 1.438737 2.535791 5.656156 7.806057
 0.000098 1.690918 1.440438 2.535694 5.667051 8.242452
 0.000099 1.701833 1.443329 2.535607 5.680769 8.808867
 0.000099 1.713995 1.447135 2.535479 5.696609 9.486268
 0.000100 1.726719 1.451739 2.535421 5.713880 10.253434
 0.000100 1.738991 1.456582 2.535325 5.730898 11.038590
 0.000101 1.749746 1.461199 2.535124 5.746068 11.762880
 0.000101 1.758394 1.465184 2.534949 5.758527 12.374954
 0.000102 1.764509 1.468202 2.534707 5.767419 12.821264
 0.000102 1.767785 1.470191 2.534413 5.772388 13.074141
 0.000103 1.767744 1.471073 2.534111 5.772927 13.101701
 0.000103 1.764720 1.470453 2.533818 5.768991 12.901007
 0.000104 1.758769 1.468594 2.533524 5.760887 12.492606
 0.000104 1.750135 1.465636 2.533075 5.748847 11.898030
 0.000105 1.739459 1.462300 2.532561 5.734320 11.199967
 0.000105 1.727887 1.458824 2.531992 5.718702 10.472992
 0.000106 1.715787 1.455621 2.531406 5.702815 9.758497
 0.000106 1.703677 1.452912 2.530812 5.687401 9.089404
 0.000107 1.691820 1.450463 2.530296 5.672579 8.468430
 0.000107 1.681334 1.448661 2.529879 5.659874 7.953653
 0.000108 1.672444 1.447995 2.529531 5.649970 7.563536
 0.000108 1.665181 1.448682 2.529224 5.643087 7.298195
 0.000109 1.659966 1.450687 2.529016 5.639669 7.168214
 0.000109 1.657025 1.454246 2.528839 5.640110 7.184908
 0.000110 1.656175 1.459614 2.528669 5.644458 7.350690
 0.000110 1.657313 1.466072 2.528506 5.651892 7.638486
 0.000111 1.660057 1.473374 2.528407 5.661838 8.032167
 0.000111 1.664369 1.481231 2.528407 5.674007 8.527315
 0.000112 1.669586 1.488844 2.528489 5.686919 9.068886
 0.000112 1.674525 1.495683 2.528694 5.698902 9.586396
 0.000113 1.678414 1.501409 2.528929 5.708752 10.022539
 0.000113 1.680571 1.505580 2.529214 5.715366 10.320835
 0.000114 1.680354 1.507597 2.529575 5.717526 10.419244
 0.000114 1.677667 1.507969 2.529984 5.715621 10.332428
 0.000115 1.671936 1.507168 2.530464 5.709568 10.059117
 0.000115 1.663272 1.505328 2.530995 5.699596 9.616804
 0.000116 1.652559 1.502569 2.531618 5.686747 9.061548
 0.000116 1.640083 1.499870 2.532369 5.672322 8.457872
 0.000117 1.626158 1.497579 2.533259 5.656996 7.839292
 0.000117 1.611539 1.496605 2.534191 5.642335 7.269495
 0.000118 1.596581 1.497328 2.535153 5.629063 6.772235
 0.000118 1.582650 1.499685 2.536244 5.618580 6.391939
 0.000119 1.570142 1.504213 2.537373 5.611728 6.149286
 0.000119 1.559877 1.510735 2.538627 5.609239 6.062326
 0.000120 1.551893 1.519373 2.540025 5.611291 6.133981
 0.000120 1.546313 1.529448 2.541506 5.617268 6.345112
 0.000121 1.543235 1.541004 2.543149 5.627388 6.710760
 0.000121 1.542229 1.553489 2.544862 5.640580 7.202749
 0.000122 1.543216 1.566120 2.546679 5.656015 7.800472
 0.000122 1.545917 1.578718 2.548475 5.673110 8.490309
 0.000123 1.549780 1.590506 2.550422 5.690709 9.230992
 0.000123 1.554606 1.601257 2.552397 5.708261 10.000556
 0.000124 1.559210 1.610192 2.554348 5.723751 10.705313
 0.000124 1.562594 1.616988 2.556259 5.735841 11.272064
 0.000125 1.564045 1.621215 2.558214 5.743474 11.637416
 0.000125 1.563077 1.623366 2.560307 5.746749 11.795937
 0.000126 1.559446 1.623850 2.562408 5.745704 11.745223
 0.000126 1.552962 1.622749 2.564481 5.740192 11.479617
 0.000127 1.544108 1.620826 2.566594 5.731528 11.068222
 0.000127 1.533598 1.618174 2.568709 5.720481 10.554550
 0.000128 1.521984 1.615372 2.570811 5.708167 9.996385
 0.000128 1.509640 1.613146 2.572839 5.695624 9.443398
 0.000129 1.498070 1.611895 2.574756 5.684720 8.975489
 0.000129 1.487679 1.612395 2.576590 5.676664 8.637386
 0.000130 1.478959 1.614786 2.578465 5.672211 8.453314
 0.000130 1.472594 1.619169 2.580347 5.672110 8.449149
 0.000131 1.469047 1.625837 2.582139 5.677023 8.652331
 0.000131 1.468423 1.634569 2.583846 5.686839 9.065458
 0.000132 1.470423 1.645000 2.585518 5.700941 9.675899
 0.000132 1.474471 1.656895 2.587166 5.718533 10.465228
 0.000133 1.480026 1.669528 2.588736 5.738289 11.388606
 0.000133 1.486284 1.682259 2.590283 5.758826 12.389823
 0.000134 1.492851 1.694515 2.591731 5.779097 13.419423
 0.000134 1.498606 1.705569 2.593122 5.797297 14.378861
 0.000135 1.503360 1.714881 2.594418 5.812659 15.214472
 0.000135 1.506486 1.721956 2.595596 5.824038 15.848652
 0.000136 1.507615 1.726433 2.596609 5.830657 16.223488
 0.000136 1.506304 1.728210 2.597525 5.832039 16.302326
 0.000137 1.502043 1.727201 2.598305 5.827550 16.046982
 0.000137 1.495327 1.723611 2.598914 5.817851 15.502258
 0.000138 1.486688 1.717515 2.599410 5.803613 14.719588
 0.000138 1.477051 1.709395 2.599780 5.786226 13.791314
 0.000139 1.467721 1.700309 2.599987 5.768017 12.851554
 0.000139 1.459498 1.690964 2.600096 5.750559 11.981698
 0.000140 1.452694 1.682286 2.600036 5.735015 11.232890
 0.000140 1.448069 1.674746 2.599820 5.722636 10.653786
 0.000141 1.446079 1.668798 2.599467 5.714344 10.274494
 0.000141 1.446703 1.665031 2.599019 5.710753 10.112342
 0.000142 1.449628 1.663499 2.598487 5.711614 10.151076
 0.000142 1.454867 1.664411 2.597826 5.717105 10.400008
 0.000143 1.461671 1.667284 2.597003 5.725958 10.807685
 0.000143 1.469527 1.671881 2.596021 5.737430 11.347640
 0.000144 1.477451 1.677972 2.594951 5.750374 11.972640
 0.000144 1.484728 1.685214 2.593734 5.763675 12.632377
 0.000145 1.491213 1.693210 2.592348 5.776771 13.299198
 0.000145 1.496321 1.701162 2.590861 5.788344 13.902783
 0.000146 1.499151 1.708412 2.589275 5.796838 14.354262
 0.000146 1.499960 1.714523 2.587551 5.802034 14.634017
 0.000147 1.498535 1.719020 2.585669 5.803224 14.698494
 0.000147 1.494905 1.721964 2.583669 5.800538 14.553195
 0.000148 1.489268 1.722720 2.581614 5.793602 14.181387
 0.000148 1.482468 1.721014 2.579447 5.782929 13.618693
 0.000149 1.474764 1.717470 2.577259 5.769492 12.926453
 0.000149 1.467034 1.712522 2.574886 5.754443 12.172582
 0.000150 1.460421 1.706513 2.572405 5.739338 11.438736
 0.000150 1.455292 1.699584 2.569783 5.724659 10.747365
 0.000151 1.452258 1.691852 2.567086 5.711196 10.132266
 0.000151 1.451551 1.683940 2.564306 5.699796 9.625589
 0.000152 1.453329 1.676195 2.561501 5.691025 9.244585
 0.000152 1.457729 1.669040 2.558702 5.685471 9.007309
 0.000153 1.464649 1.662671 2.555909 5.683230 8.912449
 0.000153 1.473797 1.657716 2.553082 5.684595 8.970179
 0.000154 1.484569 1.654174 2.550226 5.688970 9.156428
 0.000154 1.496772 1.651710 2.547358 5.695840 9.452814
 0.000155 1.509771 1.649858 2.544445 5.704075 9.814223
 0.000155 1.522963 1.648883 2.541579 5.713425 10.232881
 0.000156 1.535708 1.648380 2.538688 5.722776 10.660239
 0.000156 1.547506 1.648256 2.535835 5.731597 11.071459
 0.000157 1.557230 1.648117 2.532978 5.738325 11.390326
 0.000157 1.564230 1.647366 2.530130 5.741727 11.553244
 0.000158 1.568238 1.645667 2.527307 5.741212 11.528517
 0.000158 1.569607 1.643303 2.524557 5.737466 11.349368
 0.000159 1.568787 1.640517 2.521814 5.731119 11.048950
 0.000159 1.565746 1.636607 2.519074 5.721427 10.598081
 0.000160 1.560940 1.631507 2.516384 5.708832 10.026112
 0.000160 1.554967 1.625428 2.513782 5.694176 9.380592
 0.000161 1.548862 1.618495 2.511238 5.678595 8.717827
 0.000161 1.543640 1.611001 2.508776 5.663417 8.095602
 0.000162 1.539957 1.603469 2.506488 5.649914 7.561363
 0.000162 1.538309 1.596438 2.504376 5.639122 7.147525
 0.000163 1.539175 1.589798 2.502421 5.631394 6.858295
 0.000163 1.542808 1.583683 2.500547 5.627039 6.697967
 0.000164 1.548769 1.578149 2.498752 5.625670 6.647941
 0.000164 1.557288 1.573578 2.497153 5.628018 6.733854
 0.000165 1.568390 1.570592 2.495623 5.634605 6.977750
 0.000165 1.581392 1.568693 2.494221 5.644306 7.344849
 0.000166 1.595567 1.567526 2.493061 5.656154 7.805967
 0.000166 1.610427 1.567404 2.492001 5.669831 8.355748
 0.000167 1.625301 1.567805 2.491017 5.684123 8.950192
 0.000167 1.639283 1.568688 2.490111 5.698083 9.550551
 0.000168 1.651219 1.569490 2.489306 5.710015 10.079155
 0.000168 1.660210 1.570552 2.488611 5.719374 10.503747
 0.000169 1.666141 1.571922 2.488076 5.726140 10.816135
 0.000169 1.668580 1.573393 2.487699 5.729671 10.981030
 0.000170 1.667798 1.574685 2.487429 5.729913 10.992347
 0.000170 1.664295 1.575931 2.487275 5.727502 10.879594
 0.000171 1.658424 1.576811 2.487131 5.722366 10.641340
 0.000171 1.650871 1.577332 2.487133 5.715336 10.319490
 0.000172 1.642786 1.577457 2.487204 5.707448 9.964241
 0.000172 1.635074 1.576783 2.487400 5.699257 9.601930
 0.000173 1.628733 1.575200 2.487707 5.691640 9.271049
 0.000173 1.624699 1.573047 2.488087 5.685834 9.022723
 0.000174 1.623542 1.570473 2.488599 5.682614 8.886445
 0.000174 1.625073 1.567810 2.489213 5.682096 8.864636
 0.000175 1.629635 1.565159 2.489888 5.684682 8.973843
 0.000175 1.637216 1.562936 2.490701 5.690852 9.237176
 0.000176 1.647553 1.560843 2.491743 5.700139 9.640622
 0.000176 1.660582 1.558798 2.492852 5.712232 10.178975
 0.000177 1.676223 1.556671 2.494024 5.726919 10.852415
 0.000177 1.693735 1.554227 2.495222 5.743184 11.623400
 0.000178 1.712050 1.551030 2.496439 5.759519 12.424328
 0.000178 1.730350 1.546940 2.497740 5.775029 13.209539
 0.000179 1.747487 1.541914 2.499173 5.788574 13.914922
 0.000179 1.762492 1.535661 2.500690 5.798843 14.461911
 0.000180 1.774500 1.528093 2.502134 5.804726 14.780017
 0.000180 1.782816 1.519211 2.503585 5.805612 14.828212
 0.000181 1.787384 1.508683 2.504956 5.801023 14.579389
 0.000181 1.788127 1.497246 2.506315 5.791688 14.079636
 0.000182 1.785043 1.485232 2.507622 5.777897 13.357355
 0.000182 1.778769 1.473583 2.508873 5.761225 12.509537
 0.000183 1.770141 1.462831 2.510104 5.743075 11.618156
 0.000183 1.759594 1.453269 2.511245 5.724109 10.721878
 0.000184 1.748118 1.445598 2.512277 5.705993 9.899409
 0.000184 1.737058 1.440441 2.513314 5.690813 9.235486
 0.000185 1.727219 1.438402 2.514353 5.679974 8.775497
 0.000185 1.719454 1.439695 2.515360 5.674510 8.548084
 0.000186 1.713994 1.444491 2.516277 5.674762 8.558516
 0.000186 1.710928 1.452571 2.517106 5.680605 8.801956
 0.000187 1.710451 1.463096 2.517876 5.691423 9.261717
 0.000187 1.712052 1.475073 2.518612 5.705736 9.887994
 0.000188 1.715161 1.487532 2.519211 5.721903 10.620004
 0.000188 1.719547 1.499742 2.519752 5.739041 11.424508
 0.000189 1.724536 1.510591 2.520378 5.755505 12.225074
 0.000189 1.729588 1.518920 2.521011 5.769519 12.927801
 0.000190 1.734417 1.524552 2.521520 5.780490 13.491698
 0.000190 1.738387 1.527529 2.521975 5.787891 13.878902
 0.000191 1.740287 1.527609 2.522379 5.790275 14.004784
 0.000191 1.739478 1.525288 2.522690 5.787456 13.855961
 0.000192 1.735719 1.521246 2.522941 5.779906 13.461363
 0.000192 1.729127 1.516496 2.523153 5.768775 12.890045
 0.000193 1.719579 1.511365 2.523265 5.754210 12.161097
 0.000193 1.707300 1.507050 2.523309 5.737659 11.358549
 0.000194 1.692420 1.504405 2.523333 5.720158 10.539723
 0.000194 1.676268 1.504268 2.523320 5.703857 9.804587
 0.000195 1.660001 1.506903 2.523337 5.690241 9.210898
 0.000195 1.644589 1.513000 2.523297 5.680886 8.813746
 0.000196 1.630628 1.522550 2.523233 5.676412 8.626904
 0.000196 1.618252 1.535074 2.523250 5.676577 8.633764
 0.000197 1.607869 1.550133 2.523442 5.681444 8.837194
 0.000197 1.599994 1.567347 2.523778 5.691120 9.248661
 0.000198 1.594185 1.585951 2.524148 5.704285 9.823552
 0.000198 1.590788 1.605075 2.524602 5.720465 10.553837
 0.000199 1.589031 1.623400 2.525142 5.737573 11.354452
 0.000199 1.588742 1.640016 2.525772 5.754530 12.176874
 0.000200 1.589754 1.653749 2.526602 5.770105 12.957643
 0.000200 1.591024 1.663571 2.527516 5.782110 13.575987
 0.000201 1.591709 1.668602 2.528482 5.788793 13.926464
 0.000201 1.591443 1.668465 2.529506 5.789414 13.959248
 0.000202 1.590200 1.663390 2.530679 5.784269 13.688728
 0.000202 1.587781 1.653634 2.531934 5.773350 13.123343
 0.000203 1.583682 1.639847 2.533287 5.756816 12.289958
 0.000203 1.578337 1.623016 2.534715 5.736067 11.282816
 0.000204 1.571572 1.604134 2.536299 5.712005 10.168721
 0.000204 1.563328 1.583983 2.538037 5.685348 9.002098
 0.000205 1.554321 1.563844 2.539974 5.658138 7.884578
 0.000205 1.545041 1.544566 2.542102 5.631709 6.869993
 0.000206 1.536293 1.527060 2.544449 5.607802 6.012392
 0.000206 1.528076 1.512792 2.546999 5.587867 5.340966
 0.000207 1.520888 1.502692 2.549743 5.573322 4.876177
 0.000207 1.515043 1.496998 2.552716 5.564757 4.612363
 0.000208 1.510487 1.496101 2.555916 5.562504 4.544184
 0.000208 1.507395 1.499798 2.559235 5.566428 4.663273
 0.000209 1.505851 1.508043 2.562719 5.576613 4.979484
 0.000209 1.505284 1.519893 2.566376 5.591554 5.462148
 0.000210 1.504952 1.534953 2.570170 5.610074 6.091420
 0.000210 1.504542 1.552125 2.574105 5.630772 6.835286
 0.000211 1.503258 1.569816 2.578130 5.651203 7.611590
 0.000211 1.500524 1.586969 2.582282 5.669774 8.353392
 0.000212 1.496560 1.602151 2.586542 5.685254 8.998091
 0.000212 1.491261 1.614356 2.590906 5.696523 9.482504
 0.000213 1.484568 1.622695 2.595476 5.702739 9.755144
 0.000213 1.476598 1.627055 2.600105 5.703758 9.800215
 0.000214 1.467192 1.627396 2.604799 5.699387 9.607632
 0.000214 1.456887 1.624084 2.609533 5.690503 9.222176
 0.000215 1.446450 1.617980 2.614262 5.678691 8.721848
 0.000215 1.436593 1.610146 2.618978 5.665717 8.188390
 0.000216 1.428056 1.601734 2.623681 5.653472 7.700351
 0.000216 1.420862 1.593681 2.628359 5.642902 7.291129
 0.000217 1.415172 1.587092 2.633077 5.635341 7.005256
 0.000217 1.410769 1.582168 2.637806 5.630743 6.834209
 0.000218 1.407890 1.579988 2.642537 5.630415 6.822089
 0.000218 1.406663 1.581352 2.647264 5.635279 7.002936
 0.000219 1.407096 1.586077 2.652006 5.645180 7.378390
 0.000219 1.409261 1.594396 2.656853 5.660510 7.979030
 0.000220 1.412703 1.605909 2.661652 5.680264 8.787690
 0.000220 1.416694 1.620411 2.666300 5.703405 9.784584
 0.000221 1.420837 1.637493 2.670806 5.729136 10.955964
 0.000221 1.425056 1.656346 2.675239 5.756640 12.281249
 0.000222 1.428363 1.676338 2.679530 5.784230 13.686701
 0.000222 1.429972 1.696726 2.683659 5.810357 15.087762
 0.000223 1.429626 1.716215 2.687584 5.833425 16.381541
 0.000223 1.427169 1.733562 2.691305 5.852036 17.464115
 0.000224 1.422531 1.748180 2.694792 5.865502 18.269053
 0.000224 1.415666 1.759227 2.698006 5.872898 18.718872
 0.000225 1.407017 1.766239 2.700980 5.874236 18.800823
 0.000225 1.396741 1.768731 2.703624 5.869096 18.486964
 0.000226 1.385617 1.767017 2.706062 5.858695 17.859932
 0.000226 1.374210 1.761415 2.708167 5.843792 16.980310
 0.000227 1.362872 1.752703 2.709975 5.825551 15.933921
 0.000227 1.352475 1.741750 2.711494 5.805720 14.834123
 0.000228 1.343088 1.728938 2.712753 5.784779 13.715414
 0.000228 1.335021 1.714879 2.713699 5.763599 12.628577
 0.000229 1.329021 1.700472 2.714389 5.743882 11.657086
 0.000229 1.325354 1.687554 2.714821 5.727729 10.890174
 0.000230 1.324003 1.676558 2.715048 5.715609 10.331893
 0.000230 1.325252 1.668047 2.715019 5.708317 10.003095
 0.000231 1.329345 1.662558 2.714663 5.706566 9.924922
 0.000231 1.336279 1.660452 2.714022 5.710753 10.112331
 0.000232 1.345537 1.661261 2.713174 5.719973 10.531246
 0.000232 1.356757 1.664896 2.712055 5.733708 11.170992
 0.000233 1.369898 1.671014 2.710623 5.751535 12.029521
 0.000233 1.384509 1.679253 2.708907 5.772669 13.088480
 0.000234 1.399718 1.688840 2.706870 5.795428 14.278846
 0.000234 1.414574 1.699369 2.704582 5.818526 15.539832
 0.000235 1.428367 1.710307 2.702136 5.840810 16.806984
 0.000235 1.440167 1.720592 2.699471 5.860230 17.951780
 0.000236 1.449753 1.729477 2.696442 5.875672 18.888970
 0.000236 1.456514 1.736203 2.693107 5.885824 19.518095
 0.000237 1.460319 1.740370 2.689517 5.890206 19.792865
 0.000237 1.460768 1.741382 2.685654 5.887805 19.642045
 0.000238 1.458319 1.739257 2.681498 5.879075 19.098680
 0.000238 1.453588 1.734218 2.677121 5.864927 18.234297
 0.000239 1.446789 1.726194 2.672533 5.845515 17.080879
 0.000239 1.438546 1.715833 2.667797 5.822176 15.744015
 0.000240 1.430217 1.703918 2.662966 5.797101 14.368361
 0.000240 1.422695 1.691312 2.658011 5.772017 13.055180
 0.000241 1.416382 1.679109 2.652970 5.748461 11.879215
 0.000241 1.411834 1.668304 2.647817 5.727955 10.900724
 0.000242 1.409342 1.659192 2.642571 5.711106 10.128201
 0.000242 1.409112 1.651964 2.637344 5.698419 9.565272
 0.000243 1.411601 1.647151 2.632082 5.690834 9.236365
 0.000243 1.416800 1.644380 2.626869 5.688049 9.117063
 0.000244 1.424335 1.643969 2.621693 5.689997 9.200432
 0.000244 1.434084 1.645731 2.616555 5.696370 9.475845
 0.000245 1.446027 1.649214 2.611485 5.706726 9.932025
 0.000245 1.459641 1.653480 2.606453 5.719574 10.512932
 0.000246 1.474634 1.658175 2.601407 5.734216 11.195019
 0.000246 1.490449 1.663109 2.596440 5.749997 11.954239
 0.000247 1.506340 1.666973 2.591472 5.764785 12.688205
 0.000247 1.521543 1.668923 2.586609 5.777075 13.314914
 0.000248 1.535801 1.668423 2.581799 5.786022 13.780612
 0.000248 1.548119 1.665145 2.577002 5.790267 14.004339
 0.000249 1.557734 1.658711 2.572244 5.788688 13.920923
 0.000249 1.564159 1.649203 2.567543 5.780905 13.513292
 0.000250 1.567199 1.636954 2.562921 5.767074 12.803807
 0.000250 1.566926 1.622665 2.558393 5.747984 11.856009
 0.000251 1.563884 1.607066 2.554028 5.724977 10.762141
 0.000251 1.558821 1.590760 2.549808 5.699388 9.607700
 0.000252 1.552464 1.574400 2.545726 5.672589 8.468861
 0.000252 1.545655 1.559057 2.541763 5.646476 7.428242
 0.000253 1.539294 1.545578 2.538004 5.622876 6.546457
 0.000253 1.534560 1.534086 2.534452 5.603099 5.850394
 0.000254 1.531987 1.525182 2.531016 5.588184 5.351356
 0.000254 1.532242 1.519638 2.527789 5.579669 5.076406
 0.000255 1.535404 1.517662 2.524786 5.577852 5.018669
 0.000255 1.541251 1.518858 2.521909 5.582018 5.151533
 0.000256 1.549738 1.522842 2.519127 5.591707 5.467220
 0.000256 1.560300 1.528628 2.516457 5.605386 5.928889
 0.000257 1.572467 1.535937 2.513950 5.622354 6.527588
 0.000257 1.585780 1.544406 2.511580 5.641766 7.247810
 0.000258 1.599333 1.552606 2.509377 5.661316 8.011278
 0.000258 1.612537 1.559305 2.507253 5.679095 8.738734
 0.000259 1.624380 1.563723 2.505260 5.693363 9.345385
 0.000259 1.634258 1.565084 2.503367 5.702709 9.753834
 0.000260 1.641757 1.563448 2.501517 5.706722 9.931868
 0.000260 1.646170 1.557984 2.499761 5.703915 9.807142
 0.000261 1.647533 1.548794 2.498115 5.694442 9.392111
 0.000261 1.645997 1.536860 2.496583 5.679440 8.753155
 0.000262 1.641850 1.522412 2.495189 5.659452 7.936836
 0.000262 1.636065 1.506768 2.493898 5.636731 7.057403
 0.000263 1.629416 1.491157 2.492776 5.613349 6.206263
 0.000263 1.622815 1.477164 2.491821 5.591800 5.470296
 0.000264 1.617108 1.465541 2.491048 5.573697 4.887879
 0.000264 1.612785 1.456756 2.490430 5.559971 4.468142
 0.000265 1.610711 1.451606 2.489948 5.552265 4.240774
 0.000265 1.611244 1.450737 2.489586 5.551566 4.220441
 0.000266 1.614755 1.453866 2.489362 5.557982 4.408906
 0.000266 1.621668 1.461224 2.489194 5.572086 4.837649
 0.000267 1.631055 1.471824 2.489061 5.591940 5.474913
 0.000267 1.642566 1.484429 2.489047 5.616042 6.301519
 0.000268 1.655550 1.498091 2.489167 5.642809 7.287575
 0.000268 1.669308 1.510847 2.489354 5.669509 8.342568
 0.000269 1.682428 1.521056 2.489673 5.693157 9.336489
 0.000269 1.694715 1.528134 2.490067 5.712917 10.209879
 0.000270 1.705554 1.531477 2.490502 5.727534 10.881083
 0.000270 1.714378 1.530645 2.490948 5.735971 11.278224
 0.000271 1.720632 1.525885 2.491422 5.737939 11.371879
 0.000271 1.723774 1.517352 2.491798 5.732923 11.133957
 0.000272 1.723924 1.505831 2.492176 5.721931 10.621299
 0.000272 1.721727 1.492671 2.492608 5.707005 9.944483
 0.000273 1.717959 1.478793 2.493059 5.689811 9.192486
 0.000273 1.712846 1.465724 2.493556 5.672126 8.449793
 0.000274 1.707100 1.454915 2.494122 5.656138 7.805322
 0.000274 1.701603 1.447120 2.494687 5.643410 7.310553
 0.000275 1.697124 1.443130 2.495300 5.635554 7.013238
 0.000275 1.693422 1.443145 2.496095 5.632662 6.905345
 0.000276 1.690691 1.446985 2.497050 5.634726 6.982265
 0.000276 1.689593 1.454651 2.498110 5.642354 7.270218
 0.000277 1.690144 1.465688 2.499264 5.655096 7.764211
 0.000277 1.692504 1.479217 2.500599 5.672320 8.457775
 0.000278 1.696321 1.494470 2.502028 5.692819 9.321890
 0.000278 1.701165 1.510415 2.503572 5.715152 10.311122
 0.000279 1.706545 1.525947 2.505050 5.737542 11.352975
 0.000279 1.711928 1.539874 2.506507 5.758309 12.364098
 0.000280 1.716584 1.551217 2.507980 5.775781 13.248205
 0.000280 1.720132 1.559099 2.509432 5.788663 13.919584
 0.000281 1.722724 1.562901 2.510746 5.796370 14.329203
 0.000281 1.724178 1.562870 2.512009 5.799056 14.473378
 0.000282 1.724375 1.559015 2.513231 5.796621 14.342655
 0.000282 1.723060 1.551886 2.514437 5.789383 13.957594
 0.000283 1.720616 1.542277 2.515554 5.778448 13.385830
 0.000283 1.717221 1.531117 2.516635 5.764972 12.697671
 0.000284 1.713056 1.519466 2.517683 5.750205 11.964375
 0.000284 1.709023 1.508129 2.518751 5.735903 11.275013
 0.000285 1.704928 1.497948 2.519853 5.722729 10.658113
 0.000285 1.700809 1.490020 2.520883 5.711712 10.155494
 0.000286 1.697133 1.485089 2.522002 5.704225 9.820891
 0.000286 1.694574 1.483784 2.523228 5.701585 9.704251
 0.000287 1.693509 1.486234 2.524377 5.704120 9.816250
 0.000287 1.693791 1.492330 2.525511 5.711631 10.151879
 0.000288 1.695173 1.501377 2.526621 5.723172 10.678554
 0.000288 1.696831 1.512936 2.527724 5.737491 11.350540
 0.000289 1.698796 1.526541 2.528837 5.754174 12.159350
 0.000289 1.700956 1.541762 2.529978 5.772696 13.089857
 0.000290 1.703090 1.558406 2.531091 5.792588 14.127434
 0.000290 1.704704 1.575081 2.532210 5.811996 15.177926
 0.000291 1.705116 1.591501 2.533234 5.829852 16.177654
 0.000291 1.704750 1.606469 2.534256 5.845475 17.078557
 0.000292 1.703191 1.619171 2.535249 5.857611 17.795159
 0.000292 1.700111 1.629107 2.536191 5.865409 18.263426
 0.000293 1.695749 1.635736 2.537133 5.868619 18.457944
 0.000293 1.690244 1.639002 2.538071 5.867317 18.378939
 0.000294 1.683099 1.638804 2.539101 5.861004 17.998162
 0.000294 1.674719 1.635943 2.540140 5.850802 17.391283
 0.000295 1.665868 1.630827 2.541115 5.837810 16.633507
 0.000295 1.656990 1.623740 2.542070 5.822801 15.779055
 0.000296 1.647724 1.615183 2.543072 5.805979 14.848228
 0.000296 1.638133 1.605947 2.544029 5.788110 13.890419
 0.000297 1.628734 1.597065 2.544988 5.770787 12.992404
 0.000297 1.620125 1.588988 2.545947 5.755059 12.203032
 0.000298 1.612820 1.582581 2.546896 5.742297 11.580680
 0.000298 1.606884 1.578476 2.547856 5.733217 11.147807
 0.000299 1.602121 1.576914 2.548833 5.727868 10.896655
 0.000299 1.598742 1.578143 2.549855 5.726740 10.844098
 0.000300 1.596782 1.581909 2.550952 5.729643 10.979689
 0.000300 1.595782 1.587983 2.551997 5.735762 11.268328
 0.000301 1.595520 1.595966 2.553098 5.744584 11.691014
 0.000301 1.595597 1.605680 2.554189 5.755466 12.223136
 0.000302 1.595779 1.616328 2.555260 5.767368 12.818675
 0.000302 1.595270 1.627065 2.556434 5.778769 13.402430
 0.000303 1.593858 1.637285 2.557650 5.788794 13.926480
 0.000303 1.590672 1.646202 2.558763 5.795637 14.290001
 0.000304 1.585495 1.653187 2.559911 5.798592 14.448408
 0.000304 1.578202 1.657548 2.560925 5.796675 14.345529
 0.000305 1.569022 1.659022 2.561882 5.789926 13.986312
 0.000305 1.558059 1.657510 2.562767 5.778336 13.380019
 0.000306 1.545979 1.653009 2.563621 5.762610 12.578881
 0.000306 1.533645 1.645641 2.564455 5.743740 11.650216
 0.000307 1.521670 1.635663 2.565317 5.722650 10.654463
 0.000307 1.511065 1.624488 2.566085 5.701637 9.706529
 0.000308 1.502553 1.612968 2.566813 5.682334 8.874649
 0.000308 1.496742 1.601702 2.567639 5.666083 8.203201
 0.000309 1.494019 1.591185 2.568502 5.653706 7.709533
 0.000309 1.494998 1.582337 2.569369 5.646704 7.437065
 0.000310 1.499912 1.575364 2.570191 5.645467 7.389413
 0.000310 1.507920 1.570729 2.570979 5.649629 7.550271
 0.000311 1.518583 1.568088 2.571721 5.658392 7.894662
 0.000311 1.531472 1.567817 2.572496 5.671786 8.435824
 0.000312 1.546014 1.569776 2.573318 5.689109 9.162369
 0.000312 1.561310 1.573722 2.574086 5.709117 10.038918
 0.000313 1.576118 1.579060 2.574883 5.730061 10.999273
 0.000313 1.589465 1.585376 2.575679 5.750520 11.979783
 0.000314 1.600602 1.591988 2.576478 5.769068 12.904887
 0.000314 1.608782 1.598488 2.577172 5.784442 13.697772
 0.000315 1.613472 1.604255 2.577707 5.795435 14.279170
 0.000315 1.614623 1.608885 2.578116 5.801624 14.611829
 0.000316 1.612605 1.612115 2.578410 5.803130 14.693402
 0.000316 1.607548 1.613291 2.578603 5.799442 14.494140
 0.000317 1.600244 1.612565 2.578779 5.791588 14.074362
 0.000317 1.590980 1.610220 2.578908 5.780108 13.471860
 0.000318 1.580683 1.606592 2.579034 5.766308 12.765084
 0.000318 1.570222 1.601698 2.579059 5.750979 12.002283
 0.000319 1.560176 1.595485 2.578926 5.734587 11.212589
 0.000319 1.551256 1.588495 2.578726 5.718477 10.462700
 0.000320 1.544054 1.581232 2.578513 5.703799 9.802040
 0.000320 1.539003 1.573879 2.578384 5.691265 9.254928
 0.000321 1.536547 1.566861 2.578291 5.681699 8.847935
 0.000321 1.537090 1.560811 2.578215 5.676116 8.614637
 0.000322 1.540009 1.555577 2.578156 5.673742 8.516372
 0.000322 1.545014 1.551416 2.578002 5.674432 8.544868
 0.000323 1.551821 1.548316 2.577804 5.677942 8.690575
 0.000323 1.559296 1.546325 2.577558 5.683179 8.910297
 0.000324 1.566614 1.544975 2.577282 5.688872 9.152238
 0.000324 1.573067 1.544025 2.576886 5.693977 9.371965
 0.000325 1.577952 1.543319 2.576507 5.697779 9.537285
 0.000325 1.580654 1.542493 2.576089 5.699237 9.601052
 0.000326 1.580914 1.541551 2.575576 5.698041 9.548742
 0.000326 1.578075 1.540017 2.575036 5.693128 9.335232
 0.000327 1.571919 1.537476 2.574472 5.683867 8.939349
 0.000327 1.562747 1.533714 2.573928 5.670390 8.378584
 0.000328 1.551486 1.529195 2.573361 5.654041 7.722724
 0.000328 1.539041 1.523669 2.572698 5.635408 7.007794
 0.000329 1.527030 1.517212 2.571897 5.616138 6.304925
 0.000329 1.516326 1.510443 2.571022 5.597791 5.670236
 0.000330 1.507468 1.503963 2.570138 5.581569 5.137114
 0.000330 1.501020 1.497961 2.569232 5.568212 4.717896
 0.000331 1.497787 1.492550 2.568345 5.558682 4.429702
 0.000331 1.498138 1.487741 2.567450 5.553329 4.271796
 0.000332 1.502687 1.483527 2.566496 5.552710 4.253725
 0.000332 1.511052 1.480230 2.565486 5.556768 4.372903
 0.000333 1.522230 1.477301 2.564510 5.564042 4.590665
 0.000333 1.536293 1.474781 2.563522 5.574597 4.916067
 0.000334 1.552790 1.472698 2.562522 5.588010 5.345640
 0.000334 1.571172 1.470744 2.561493 5.603409 5.861018
 0.000335 1.590808 1.468726 2.560457 5.619991 6.442496
 0.000335 1.611027 1.466673 2.559510 5.637210 7.075400
 0.000336 1.630541 1.464365 2.558480 5.653386 7.696986
 0.000336 1.648758 1.461645 2.557472 5.667876 8.276006
 0.000337 1.664860 1.458241 2.556466 5.679567 8.758489
 0.000337 1.677721 1.454645 2.555453 5.687819 9.107259
 0.000338 1.687064 1.450814 2.554394 5.692272 9.298278
 0.000338 1.692971 1.447057 2.553374 5.693402 9.347093
 0.000339 1.696134 1.443709 2.552307 5.692150 9.293028
 0.000339 1.696667 1.441170 2.551216 5.689054 9.160015
 0.000340 1.695571 1.439441 2.550115 5.685127 8.992721
 0.000340 1.693132 1.438377 2.549080 5.680590 8.801331
 0.000341 1.689502 1.438061 2.548146 5.675709 8.597743
 0.000341 1.685267 1.438377 2.547276 5.670920 8.400293
 0.000342 1.681371 1.439536 2.546516 5.667423 8.257571
 0.000342 1.678095 1.441264 2.545860 5.665219 8.168266
 0.000343 1.676300 1.443403 2.545301 5.665005 8.159613
 0.000343 1.676150 1.446276 2.544815 5.667240 8.250138
 0.000344 1.677683 1.450094 2.544373 5.672149 8.450774
 0.000344 1.681262 1.454932 2.543936 5.680129 8.782027
 0.000345 1.686793 1.460521 2.543576 5.690890 9.238797
 0.000345 1.693997 1.465956 2.543374 5.703327 9.781135
 0.000346 1.702328 1.471135 2.543260 5.716723 10.382584
 0.000346 1.711173 1.475610 2.543142 5.729925 10.992917
 0.000347 1.720539 1.479504 2.543082 5.743125 11.620573
 0.000347 1.729855 1.482518 2.543135 5.755508 12.225213
 0.000348 1.738502 1.484576 2.543254 5.766331 12.766244
 0.000348 1.745459 1.485119 2.543321 5.773899 13.151511
 0.000349 1.750136 1.484201 2.543389 5.777726 13.348481
 0.000349 1.752435 1.482342 2.543486 5.778263 13.376263
 0.000350 1.752220 1.479932 2.543606 5.775758 13.247018
 0.000350 1.749452 1.476925 2.543805 5.770182 12.961550
 0.000351 1.744371 1.473619 2.544153 5.762143 12.555481
 0.000351 1.737334 1.470434 2.544521 5.752289 12.066529
 0.000352 1.728832 1.467971 2.544893 5.741696 11.551754
 0.000352 1.719602 1.466930 2.545252 5.731783 11.080210
 0.000353 1.710489 1.467868 2.545622 5.723979 10.715888
 0.000353 1.702425 1.470883 2.546094 5.719401 10.505015
 0.000354 1.695801 1.476313 2.546498 5.718612 10.468837
 0.000354 1.690915 1.484004 2.546792 5.721711 10.611133
 0.000355 1.687863 1.493676 2.547059 5.728598 10.930786
 0.000355 1.687232 1.505250 2.547215 5.739698 11.455915
 0.000356 1.688600 1.518009 2.547272 5.753881 12.144901
 0.000356 1.691609 1.531642 2.547318 5.770569 12.981297
 0.000357 1.696406 1.544995 2.547320 5.788721 13.922642
 0.000357 1.702619 1.557448 2.547203 5.807271 14.918707
 0.000358 1.709743 1.567948 2.547071 5.824763 15.889466
 0.000358 1.716944 1.575751 2.546806 5.839502 16.731208
 0.000359 1.724349 1.580233 2.546413 5.850994 17.402634
 0.000359 1.731953 1.581335 2.545914 5.859202 17.890206
 0.000360 1.739175 1.578946 2.545376 5.863497 18.148078
 0.000360 1.745873 1.573707 2.544683 5.864263 18.194216
 0.000361 1.751638 1.566357 2.543845 5.861840 18.048371
 0.000361 1.756570 1.557429 2.542866 5.856864 17.750665
 0.000362 1.760432 1.547442 2.541711 5.849586 17.319619
 0.000362 1.762874 1.537770 2.540387 5.841031 16.819800
 0.000363 1.764264 1.529690 2.539002 5.832956 16.354736
 0.000363 1.764582 1.523595 2.537645 5.825822 15.949266
 0.000364 1.763740 1.520045 2.536347 5.820132 15.629496
 0.000364 1.761590 1.519348 2.535029 5.815967 15.397510
 0.000365 1.758352 1.521801 2.533662 5.813815 15.278298
 0.000365 1.753494 1.527091 2.532229 5.812814 15.223033
 0.000366 1.747405 1.534994 2.530738 5.813136 15.240827
 0.000366 1.739817 1.545432 2.529212 5.814461 15.314054
 0.000367 1.731025 1.558315 2.527635 5.816976 15.453539
 0.000367 1.720764 1.573013 2.526062 5.819839 15.613130
 0.000368 1.708776 1.588768 2.524534 5.822078 15.738509
 0.000368 1.695014 1.604405 2.522995 5.822414 15.757360
 0.000369 1.680061 1.619569 2.521512 5.821142 15.686027
 0.000369 1.664059 1.633341 2.520033 5.817434 15.479014
 0.000370 1.647753 1.645257 2.518469 5.811479 15.149452
 0.000370 1.631515 1.654749 2.516915 5.803179 14.696019
 0.000371 1.615614 1.661529 2.515405 5.792548 14.125329
 0.000371 1.600402 1.665056 2.514037 5.779496 13.440104
 0.000372 1.586014 1.665027 2.512802 5.763843 12.640821
 0.000372 1.573045 1.662001 2.511616 5.746663 11.791735
 0.000373 1.561938 1.656654 2.510447 5.729040 10.951450
 0.000373 1.553168 1.649278 2.509309 5.711754 10.157409
 0.000374 1.546829 1.640346 2.508292 5.695467 9.436576
 0.000374 1.542685 1.630577 2.507347 5.680609 8.802143
 0.000375 1.540715 1.620566 2.506502 5.667783 8.272213
 0.000375 1.540917 1.611229 2.505811 5.657957 7.877383
 0.000376 1.542901 1.603560 2.505362 5.651822 7.635761
 0.000376 1.545743 1.597550 2.505087 5.648380 7.501809
 0.000377 1.549621 1.593724 2.504947 5.648292 7.498429
 0.000377 1.553797 1.592022 2.504954 5.650772 7.594770
 0.000378 1.557676 1.592344 2.505045 5.655065 7.763001
 0.000378 1.560396 1.594761 2.505240 5.660396 7.974495
 0.000379 1.561890 1.599042 2.505583 5.666515 8.220717
 0.000379 1.561945 1.605404 2.505992 5.673341 8.499832
 0.000380 1.560478 1.612879 2.506534 5.679890 8.772013
 0.000380 1.557774 1.621347 2.507081 5.686202 9.038350
 0.000381 1.553912 1.630247 2.507714 5.691873 9.281070
 0.000381 1.549225 1.638625 2.508469 5.696319 9.473615
 0.000382 1.544311 1.646053 2.509226 5.699590 9.616544
 0.000382 1.539421 1.651848 2.509957 5.701226 9.688424
 0.000383 1.534997 1.655441 2.510727 5.701165 9.685727
 0.000383 1.531149 1.656914 2.511509 5.699573 9.615782
 0.000384 1.528193 1.655966 2.512288 5.696447 9.479199
 0.000384 1.526535 1.652693 2.513160 5.692388 9.303302
 0.000385 1.526474 1.647319 2.514033 5.687825 9.107519
 0.000385 1.528288 1.640283 2.515071 5.683642 8.929858
 0.000386 1.532091 1.632293 2.516144 5.680528 8.798737
 0.000386 1.537816 1.623671 2.517302 5.678788 8.725918
 0.000387 1.545180 1.615069 2.518471 5.678720 8.723066
 0.000387 1.554107 1.607118 2.519658 5.680882 8.813607
 0.000388 1.564392 1.600150 2.520938 5.685480 9.007701
 0.000388 1.575058 1.594866 2.522322 5.692246 9.297155
 0.000389 1.585811 1.591159 2.523698 5.700667 9.663851
 0.000389 1.595839 1.588825 2.525113 5.709777 10.068490
 0.000390 1.604603 1.588397 2.526628 5.719629 10.515424
 0.000390 1.611540 1.589897 2.528198 5.729636 10.979366
 0.000391 1.615761 1.592906 2.529782 5.738449 11.396249
 0.000391 1.616890 1.597399 2.531328 5.745617 11.741026
 0.000392 1.614658 1.602812 2.532815 5.750284 11.968265
 0.000392 1.608799 1.608561 2.534327 5.751687 12.036981
 0.000393 1.599474 1.614144 2.535873 5.749492 11.929513
 0.000393 1.586788 1.619634 2.537488 5.743910 11.658456
 0.000394 1.571582 1.624405 2.539208 5.735196 11.241449
 0.000394 1.554301 1.628782 2.541041 5.724124 10.722598
 0.000395 1.535815 1.632453 2.542999 5.711266 10.135437
 0.000395 1.517221 1.634915 2.545031 5.697167 9.510564
 0.000396 1.499224 1.635772 2.547163 5.682158 8.867259
 0.000396 1.482420 1.635488 2.549397 5.667306 8.252820
 0.000397 1.467315 1.633812 2.551719 5.652845 7.675786
 0.000397 1.454605 1.631246 2.554072 5.639923 7.177823
 0.000398 1.444837 1.628033 2.556465 5.629336 6.782295
 0.000398 1.438602 1.624240 2.558927 5.621769 6.506469
 0.000399 1.436096 1.620430 2.561388 5.617914 6.368148
 0.000399 1.437247 1.616622 2.563921 5.617790 6.363736
 0.000400 1.441679 1.613089 2.566582 5.621350 6.491374
 0.000400 1.448874 1.609628 2.569338 5.627840 6.727333
 0.000401 1.457912 1.606105 2.572125 5.636141 7.035234
 0.000401 1.468087 1.602736 2.574975 5.645798 7.402156
 0.000402 1.478203 1.599978 2.577821 5.656002 7.799985
 0.000402 1.487243 1.597665 2.580693 5.665601 8.183708
 0.000403 1.494201 1.595451 2.583606 5.673258 8.496403
 0.000403 1.498841 1.593844 2.586514 5.679199 8.743097
 0.000404 1.500810 1.591986 2.589382 5.682178 8.868075
 0.000404 1.500156 1.590510 2.592195 5.682861 8.896883
 0.000405 1.496933 1.588840 2.594897 5.680670 8.804681
 0.000405 1.492282 1.587519 2.597530 5.677331 8.665127
 0.000406 1.486841 1.586379 2.600162 5.673382 8.501518
 0.000406 1.482000 1.585899 2.602754 5.670653 8.389379
 0.000407 1.478587 1.585811 2.605281 5.669680 8.349540
 0.000407 1.477608 1.586193 2.607747 5.671548 8.426052
 0.000408 1.479585 1.586976 2.610141 5.676702 8.638958
 0.000408 1.484720 1.588216 2.612449 5.685385 9.003672
 0.000409 1.493109 1.589965 2.614769 5.697843 9.540089
 0.000409 1.504649 1.591994 2.616996 5.713639 10.242523
 0.000410 1.518905 1.594173 2.619140 5.732218 11.100709
 0.000410 1.535039 1.596170 2.621200 5.752408 12.072413
 0.000411 1.552698 1.597445 2.623146 5.773289 13.120213
 0.000411 1.571139 1.597589 2.624891 5.793619 14.182292
 0.000412 1.589881 1.596794 2.626532 5.813207 15.244719
 0.000412 1.607940 1.594817 2.628062 5.830819 16.232723
 0.000413 1.625162 1.591263 2.629542 5.845967 17.107303
 0.000413 1.640999 1.586180 2.630967 5.858145 17.827067
 0.000414 1.654663 1.579573 2.632267 5.866502 18.329562
 0.000414 1.665815 1.572045 2.633390 5.871250 18.618143
 0.000415 1.674148 1.563677 2.634399 5.872223 18.677580
 0.000415 1.679608 1.554757 2.635349 5.869714 18.524557
 0.000416 1.682309 1.545653 2.636263 5.864225 18.191950
 0.000416 1.681913 1.537036 2.637087 5.856037 17.701382
 0.000417 1.678682 1.528967 2.637773 5.845422 17.075437
 0.000417 1.673287 1.521653 2.638363 5.833304 16.374627
 0.000418 1.666385 1.515977 2.638792 5.821153 15.686662
 0.000418 1.658409 1.512069 2.638953 5.809431 15.036934
 0.000419 1.649621 1.510174 2.638927 5.798723 14.455440
 0.000419 1.640266 1.510367 2.638781 5.789414 13.959256
 0.000420 1.630818 1.512673 2.638610 5.782102 13.575542
 0.000420 1.621906 1.516879 2.638428 5.777213 13.321995
 0.000421 1.613869 1.522972 2.638177 5.775018 13.208948
 0.000421 1.607258 1.530778 2.637932 5.775969 13.257859
 0.000422 1.602181 1.539804 2.637650 5.779635 13.447348
 0.000422 1.598747 1.549748 2.637292 5.785788 13.768292
 0.000423 1.597050 1.559847 2.636869 5.793766 14.190136
 0.000423 1.597151 1.569441 2.636322 5.802913 14.681643
 0.000424 1.599500 1.577458 2.635713 5.812671 15.215168
 0.000424 1.604425 1.583376 2.635044 5.822844 15.781494
 0.000425 1.611009 1.586977 2.634289 5.832275 16.315798
 0.000425 1.618461 1.587599 2.633411 5.839470 16.729404
 0.000426 1.627059 1.585252 2.632435 5.844745 17.035903
 0.000426 1.636814 1.579887 2.631336 5.848036 17.228541
 0.000427 1.647094 1.571270 2.630094 5.848458 17.253303
 0.000427 1.657097 1.559872 2.628719 5.845688 17.091012
 0.000428 1.666733 1.546412 2.627281 5.840425 16.784688
 0.000428 1.675416 1.531793 2.625726 5.832935 16.353524
 0.000429 1.683150 1.517106 2.624071 5.824326 15.864891
 0.000429 1.689827 1.502736 2.622173 5.814736 15.329266
 0.000430 1.695642 1.489688 2.620157 5.805487 14.821420
 0.000430 1.700416 1.478415 2.618005 5.796836 14.354177
 0.000431 1.704132 1.469158 2.615711 5.789001 13.937440
 0.000431 1.706787 1.462312 2.613326 5.782425 13.592427
 0.000432 1.708790 1.458077 2.610916 5.777783 13.351441
 0.000432 1.710520 1.456704 2.608396 5.775620 13.239906
 0.000433 1.712104 1.458218 2.605869 5.776192 13.269349
 0.000433 1.713522 1.462997 2.603213 5.779732 13.452381
 0.000434 1.714868 1.470584 2.600441 5.785892 13.773768
 0.000434 1.716152 1.480707 2.597560 5.794418 14.224909
 0.000435 1.717530 1.493252 2.594563 5.805346 14.813741
 0.000435 1.719232 1.507568 2.591493 5.818293 15.526849
 0.000436 1.721132 1.522370 2.588300 5.831802 16.288758
 0.000436 1.722889 1.536834 2.584907 5.844630 17.029189
 0.000437 1.724083 1.549788 2.581356 5.855227 17.653235
 0.000437 1.724137 1.560113 2.577765 5.862014 18.058834
 0.000438 1.723120 1.567018 2.574125 5.864264 18.194304
 0.000438 1.721151 1.569846 2.570386 5.861383 18.020922
 0.000439 1.717983 1.568362 2.566436 5.852781 17.508192
 0.000439 1.713706 1.562250 2.562381 5.838337 16.663931
 0.000440 1.708141 1.551930 2.558316 5.818386 15.532059
 0.000440 1.701480 1.538545 2.554274 5.794299 14.218548
 0.000441 1.694833 1.523062 2.550255 5.768149 12.858277
 0.000441 1.688453 1.506916 2.546240 5.741610 11.547632
 0.000442 1.682496 1.491270 2.542297 5.716063 10.352559
 0.000442 1.677075 1.476973 2.538340 5.692388 9.303287
 0.000443 1.672353 1.464983 2.534500 5.671836 8.437897
 0.000443 1.668535 1.456254 2.530738 5.655527 7.781208
 0.000444 1.665763 1.451234 2.527018 5.644015 7.333722
 0.000444 1.663961 1.450126 2.523401 5.637489 7.085894
 0.000445 1.662937 1.452910 2.519868 5.635715 7.019265
 0.000445 1.662622 1.459631 2.516394 5.638647 7.129557
 0.000446 1.662508 1.469825 2.513065 5.645398 7.386773
 0.000446 1.662314 1.483199 2.509880 5.655393 7.775938
 0.000447 1.661438 1.498981 2.506799 5.667218 8.249264
 0.000447 1.659240 1.516050 2.503830 5.679120 8.739757
 0.000448 1.655121 1.533501 2.501054 5.689676 9.186667
 0.000448 1.649110 1.550504 2.498318 5.697933 9.543999
 0.000449 1.641178 1.566084 2.495655 5.702917 9.763013
 0.000449 1.632485 1.578354 2.493051 5.703890 9.806048
 0.000450 1.623522 1.587094 2.490561 5.701177 9.686265
 0.000450 1.614623 1.592185 2.488142 5.694950 9.414130
 0.000451 1.606102 1.593425 2.485744 5.685272 8.998868
 0.000451 1.599023 1.591594 2.483389 5.674007 8.527299
 0.000452 1.593101 1.587532 2.481095 5.661728 8.027779
 0.000452 1.588815 1.581772 2.478932 5.649518 7.545991
 0.000453 1.586653 1.575264 2.476937 5.638854 7.137379
 0.000453 1.586898 1.569200 2.475049 5.631148 6.849184
 0.000454 1.589445 1.564088 2.473216 5.626748 6.687312
 0.000454 1.594280 1.560223 2.471431 5.625934 6.657566
 0.000455 1.601231 1.557749 2.469746 5.628727 6.759876
 0.000455 1.609522 1.557129 2.468210 5.634861 6.987328
 0.000456 1.618497 1.559018 2.466734 5.644248 7.342640
 0.000456 1.627377 1.563073 2.465399 5.655849 7.793928
 0.000457 1.635463 1.569410 2.464212 5.669085 8.325275
 0.000457 1.642342 1.577677 2.463123 5.683142 8.908721
 0.000458 1.647266 1.586660 2.462081 5.696007 9.460061
 0.000458 1.649385 1.596435 2.461083 5.706903 9.939930
 0.000459 1.648378 1.606887 2.460090 5.715355 10.320343
 0.000459 1.643973 1.617821 2.459087 5.720881 10.572940
 0.000460 1.636092 1.628527 2.458101 5.722720 10.657694
 0.000460 1.624924 1.638554 2.457190 5.720669 10.563178
 0.000461 1.610850 1.647648 2.456348 5.714845 10.297197
 0.000461 1.594540 1.655655 2.455606 5.705801 9.890873
 0.000462 1.577020 1.662092 2.454835 5.693946 9.370633
 0.000462 1.558855 1.666907 2.454107 5.679870 8.771152
 0.000463 1.541104 1.669948 2.453541 5.664593 8.142977
 0.000463 1.524325 1.671061 2.453112 5.648499 7.506422
 0.000464 1.509139 1.670854 2.452878 5.632871 6.913109
 0.000464 1.495681 1.669590 2.452927 5.618198 6.378296
 0.000465 1.484671 1.667891 2.453151 5.605713 5.940148
 0.000465 1.476732 1.666233 2.453586 5.596551 5.628575
 0.000466 1.472147 1.664716 2.454171 5.591035 5.445001
 0.000466 1.471389 1.663866 2.454916 5.590171 5.416539
 0.000467 1.473526 1.664322 2.455900 5.593748 5.534904
 0.000467 1.478510 1.666074 2.457105 5.601688 5.802258
 0.000468 1.486097 1.668883 2.458506 5.613486 6.211098
 0.000468 1.494951 1.672597 2.460136 5.627683 6.721574
 0.000469 1.504447 1.677077 2.461876 5.643401 7.310194
 0.000469 1.513302 1.682401 2.463786 5.659489 7.938289
 0.000470 1.520706 1.688589 2.465886 5.675181 8.575887
 0.000470 1.525331 1.695205 2.468063 5.688599 9.140553
 0.000471 1.525927 1.701966 2.470302 5.698195 9.555476
 0.000471 1.521951 1.708627 2.472609 5.703187 9.774949
 0.000472 1.513277 1.714325 2.475086 5.702687 9.752862
 0.000472 1.499800 1.719266 2.477691 5.696758 9.492738
 0.000473 1.482933 1.723247 2.480469 5.686649 9.057385
 0.000473 1.464258 1.726625 2.483393 5.674276 8.538433
 0.000474 1.444994 1.729699 2.486437 5.661130 8.003834
 0.000474 1.425994 1.732236 2.489633 5.647863 7.481796
 0.000475 1.408752 1.734554 2.493029 5.636335 7.042531
 0.000475 1.394243 1.736716 2.496668 5.627627 6.719498
 0.000476 1.383637 1.738961 2.500500 5.623099 6.554519
 0.000476 1.377542 1.741858 2.504617 5.624017 6.587810
 0.000477 1.375951 1.744831 2.508925 5.629707 6.795982
 0.000477 1.378916 1.748067 2.513381 5.640365 7.194582
 0.000478 1.386667 1.751217 2.518059 5.655943 7.797619
 0.000478 1.398605 1.754328 2.522970 5.675903 8.605777
 0.000479 1.414334 1.757027 2.528077 5.699438 9.609895
 0.000479 1.432841 1.759155 2.533294 5.725290 10.776681
 0.000480 1.453072 1.760689 2.538693 5.752454 12.074642
 0.000480 1.473808 1.761079 2.544239 5.779125 13.420907
 0.000481 1.493356 1.759899 2.549917 5.803172 14.695648
 0.000481 1.510300 1.757160 2.555652 5.823112 15.796568
 0.000482 1.523352 1.752931 2.561396 5.837679 16.625932
 0.000482 1.531746 1.746833 2.567139 5.845718 17.092729
 0.000483 1.534865 1.739175 2.572860 5.846899 17.161891
 0.000483 1.532481 1.730481 2.578626 5.841588 16.852113
 0.000484 1.525413 1.721082 2.584352 5.830847 16.234310
 0.000484 1.514873 1.711375 2.590029 5.816277 15.414691
 0.000485 1.502282 1.701870 2.595612 5.799764 14.511483
 0.000485 1.488971 1.692719 2.601163 5.782853 13.614724
 0.000486 1.475801 1.684776 2.606730 5.767308 12.815627
 0.000486 1.464077 1.678351 2.612264 5.754691 12.184853
 0.000487 1.454727 1.673641 2.617784 5.746152 11.766953
 0.000487 1.448179 1.671479 2.623243 5.742901 11.609771
 0.000488 1.444803 1.671056 2.628539 5.744397 11.681978
 0.000488 1.444529 1.672188 2.633642 5.750358 11.971898
 0.000489 1.447419 1.674256 2.638660 5.760336 12.465108
 0.000489 1.453492 1.676775 2.643577 5.773844 13.148659
 0.000490 1.462111 1.679478 2.648295 5.789884 13.984099
 0.000490 1.473125 1.681631 2.652894 5.807651 14.939456
 0.000491 1.486277 1.682768 2.657322 5.826368 15.980090
 0.000491 1.500805 1.682292 2.661541 5.844638 17.029634
 0.000492 1.516129 1.679510 2.665476 5.861115 18.004834
 0.000492 1.531514 1.674071 2.669120 5.874706 18.829637
 0.000493 1.546412 1.666273 2.672527 5.885212 19.479856
 0.000493 1.559662 1.655884 2.675662 5.891208 19.855954
 0.000494 1.570427 1.643235 2.678551 5.892212 19.919251
 0.000494 1.578197 1.628352 2.681209 5.887758 19.639094
 0.000495 1.582540 1.611867 2.683579 5.877986 19.031479
 0.000495 1.583415 1.594746 2.685658 5.863819 18.167434
 0.000496 1.581065 1.578013 2.687419 5.846497 17.138312
 0.000496 1.575834 1.562373 2.688937 5.827144 16.024000
 0.000497 1.568336 1.548268 2.690240 5.806844 14.895390
 0.000497 1.559352 1.536307 2.691360 5.787020 13.833030
 0.000498 1.549744 1.526962 2.692247 5.768953 12.899045
 0.000498 1.540134 1.520561 2.692813 5.753508 12.126504
 0.000499 1.531078 1.517035 2.693116 5.741230 11.529365
 0.000499 1.523138 1.516139 2.693221 5.732498 11.113889
 0.000500 1.517091 1.518134 2.693047 5.728272 10.915526
