#! FIELDS time dAB dAC rc bias
 0.000000 2.518698 3.860702 6.379400 0.169032
 0.000000 2.522507 3.855134 6.377641 0.160292
 0.000001 2.527236 3.849524 6.376760 0.156000
 0.000001 2.533144 3.843847 6.376992 0.157121
 0.000002 2.539996 3.838141 6.378137 0.162732
 0.000002 2.547668 3.832258 6.379926 0.171690
 0.000003 2.555672 3.826231 6.381903 0.181870
 0.000003 2.563980 3.820096 6.384076 0.193394
 0.000004 2.572323 3.813887 6.386210 0.205063
 0.000004 2.580359 3.807652 6.388011 0.215171
 0.000005 2.587289 3.801452 6.388741 0.219340
 0.000005 2.593945 3.795341 6.389286 0.222477
 0.000006 2.599967 3.789248 6.389215 0.222068
 0.000006 2.605563 3.783340 6.388904 0.220272
 0.000007 2.611028 3.777598 6.388626 0.218678
 0.000007 2.616571 3.771954 6.388525 0.218101
 0.000008 2.622288 3.766488 6.388776 0.219539
 0.000008 2.628369 3.761158 6.389527 0.223872
 0.000009 2.634606 3.755931 6.390538 0.229765
 0.000009 2.640965 3.750872 6.391836 0.237453
 0.000010 2.647639 3.745926 6.393565 0.247883
 0.000010 2.655299 3.741082 6.396380 0.265347
 0.000011 2.664215 3.736215 6.400430 0.291511
 0.000011 2.674199 3.731509 6.405708 0.327456
 0.000012 2.684815 3.726941 6.411757 0.371218
 0.000012 2.695804 3.722239 6.418043 0.419607
 0.000013 2.707002 3.717457 6.424459 0.472060
 0.000013 2.718152 3.712821 6.430972 0.528455
 0.000014 2.728976 3.708268 6.437244 0.585764
 0.000014 2.739877 3.703732 6.443609 0.646950
 0.000015 2.750704 3.699174 6.449878 0.710177
 0.000015 2.760679 3.694657 6.455336 0.767632
 0.000016 2.769462 3.690161 6.459623 0.814320
 0.000016 2.777161 3.685725 6.462887 0.850790
 0.000017 2.783452 3.681263 6.464715 0.871570
 0.000017 2.788398 3.676695 6.465093 0.875902
 0.000018 2.791911 3.672136 6.464048 0.863959
 0.000018 2.794162 3.667497 6.461660 0.836985
 0.000019 2.795232 3.662839 6.458070 0.797251
 0.000019 2.795241 3.658107 6.453349 0.746454
 0.000020 2.794499 3.653376 6.447875 0.689661
 0.000020 2.793095 3.648629 6.441724 0.628515
 0.000021 2.791696 3.643897 6.435593 0.570395
 0.000021 2.790351 3.639277 6.429628 0.516553
 0.000022 2.789152 3.634669 6.423822 0.466707
 0.000022 2.788390 3.630160 6.418550 0.423646
 0.000023 2.787639 3.625788 6.413428 0.383793
 0.000023 2.786794 3.621594 6.408388 0.346508
 0.000024 2.785981 3.617442 6.403423 0.311640
 0.000024 2.785443 3.613555 6.398998 0.282117
 0.000025 2.785048 3.609892 6.394940 0.256338
 0.000025 2.784284 3.606331 6.390615 0.230222
 0.000026 2.783421 3.602978 6.386398 0.206107
 0.000026 2.781942 3.599769 6.381712 0.180872
 0.000027 2.779759 3.596876 6.376635 0.155396
 0.000027 2.776850 3.594323 6.371173 0.130143
 0.000028 2.772611 3.592116 6.364727 0.103219
 0.000028 2.767274 3.590142 6.357416 0.076457
 0.000029 2.760989 3.588475 6.349464 0.051899
 0.000029 2.753981 3.587124 6.341105 0.031197
 0.000030 2.746669 3.586095 6.332764 0.015762
 0.000030 2.738612 3.585443 6.324055 0.005215
 0.000031 2.730007 3.585097 6.315105 0.000303
 0.000031 2.721402 3.585053 6.306455 0.001265
 0.000032 2.712807 3.585279 6.298086 0.007536
 0.000032 2.704428 3.585761 6.290189 0.018271
 0.000033 2.696556 3.586575 6.283132 0.031821
 0.000033 2.689338 3.587703 6.277041 0.046519
 0.000034 2.683029 3.589073 6.272101 0.060483
 0.000034 2.677308 3.590644 6.267952 0.073628
 0.000035 2.672054 3.592472 6.264527 0.085450
 0.000035 2.667698 3.594471 6.262168 0.094101
 0.000036 2.663971 3.596730 6.260701 0.099697
 0.000036 2.660503 3.599222 6.259725 0.103506
 0.000037 2.657466 3.601883 6.259349 0.104994
 0.000037 2.654823 3.604741 6.259564 0.104142
 0.000038 2.652405 3.607803 6.260207 0.101615
 0.000038 2.650094 3.611102 6.261196 0.097791
 0.000039 2.647499 3.614637 6.262136 0.094223
 0.000039 2.644600 3.618439 6.263039 0.090859
 0.000040 2.640920 3.622411 6.263331 0.089783
 0.000040 2.636417 3.626435 6.262853 0.091549
 0.000041 2.631198 3.630535 6.261733 0.095744
 0.000041 2.625505 3.634741 6.260246 0.101463
 0.000042 2.620005 3.638896 6.258902 0.106775
 0.000042 2.614196 3.642936 6.257132 0.113975
 0.000043 2.608279 3.646906 6.255185 0.122169
 0.000043 2.602388 3.650850 6.253238 0.130646
 0.000044 2.596916 3.654735 6.251650 0.137767
 0.000044 2.591929 3.658611 6.250540 0.142861
 0.000045 2.587232 3.662477 6.249709 0.146734
 0.000045 2.583427 3.666288 6.249715 0.146704
 0.000046 2.580948 3.669994 6.250942 0.141005
 0.000046 2.579797 3.673525 6.253321 0.130275
 0.000047 2.579920 3.676927 6.256847 0.115157
 0.000047 2.580863 3.680104 6.260967 0.098669
 0.000048 2.583002 3.683058 6.266060 0.080049
 0.000048 2.585945 3.685788 6.271733 0.061598
 0.000049 2.589273 3.688381 6.277654 0.044916
 0.000049 2.592953 3.690915 6.283868 0.030234
 0.000050 2.596688 3.693362 6.290050 0.018501
 0.000050 2.600028 3.695660 6.295688 0.010301
 0.000051 2.602823 3.697638 6.300460 0.005223
 0.000051 2.604444 3.699329 6.303773 0.002702
 0.000052 2.604820 3.700643 6.305462 0.001734
 0.000052 2.604274 3.701600 6.305874 0.001530
 0.000053 2.602862 3.702251 6.305113 0.001916
 0.000053 2.600783 3.702634 6.303417 0.002934
 0.000054 2.598066 3.702590 6.300656 0.005052
 0.000054 2.594669 3.702051 6.296720 0.009058
 0.000055 2.591143 3.701133 6.292277 0.014978
 0.000055 2.587591 3.699813 6.287404 0.023172
 0.000056 2.584729 3.698044 6.282772 0.032612
 0.000056 2.583185 3.695933 6.279118 0.041195
 0.000057 2.583361 3.693411 6.276772 0.047233
 0.000057 2.584849 3.690517 6.275366 0.051051
 0.000058 2.587608 3.687232 6.274841 0.052513
 0.000058 2.591381 3.683562 6.274944 0.052225
 0.000059 2.596084 3.679510 6.275594 0.050421
 0.000059 2.601285 3.675146 6.276431 0.048146
 0.000060 2.606684 3.670407 6.277091 0.046388
 0.000060 2.612230 3.665454 6.277683 0.044838
 0.000061 2.617793 3.660365 6.278158 0.043617
 0.000061 2.622890 3.655105 6.277995 0.044033
 0.000062 2.627267 3.649749 6.277016 0.046585
 0.000062 2.630329 3.644322 6.274651 0.053046
 0.000063 2.632162 3.638961 6.271123 0.063465
 0.000063 2.632772 3.633729 6.266501 0.078528
 0.000064 2.632191 3.628590 6.260780 0.099389
 0.000064 2.630675 3.623484 6.254159 0.126598
 0.000065 2.628167 3.618554 6.246722 0.161083
 0.000065 2.625146 3.613759 6.238905 0.201797
 0.000066 2.622032 3.608968 6.231000 0.247630
 0.000066 2.619137 3.604254 6.223391 0.296175
 0.000067 2.616601 3.599753 6.216353 0.344943
 0.000067 2.613997 3.595365 6.209362 0.397063
 0.000068 2.612124 3.591089 6.203212 0.445943
 0.000068 2.611793 3.586972 6.198765 0.483063
 0.000069 2.612757 3.583096 6.195853 0.508167
 0.000069 2.615219 3.579305 6.194524 0.519834
 0.000070 2.619255 3.575599 6.194854 0.516927
 0.000070 2.624518 3.571974 6.196492 0.502602
 0.000071 2.630736 3.568501 6.199237 0.479047
 0.000071 2.638006 3.565229 6.203235 0.445759
 0.000072 2.645615 3.562088 6.207703 0.409971
 0.000072 2.653303 3.559082 6.212385 0.374079
 0.000073 2.660885 3.556159 6.217044 0.339996
 0.000073 2.668418 3.553278 6.221695 0.307589
 0.000074 2.675339 3.550365 6.225704 0.280962
 0.000074 2.681302 3.547494 6.228796 0.261248
 0.000075 2.686472 3.544623 6.231095 0.247055
 0.000075 2.691045 3.541893 6.232938 0.235962
 0.000076 2.694822 3.539380 6.234201 0.228506
 0.000076 2.698007 3.537077 6.235084 0.223369
 0.000077 2.700983 3.534928 6.235911 0.218603
 0.000077 2.704138 3.532889 6.237026 0.212267
 0.000078 2.707579 3.531031 6.238610 0.203421
 0.000078 2.711625 3.529266 6.240891 0.191021
 0.000079 2.716595 3.527524 6.244120 0.174126
 0.000079 2.722380 3.525788 6.248168 0.154053
 0.000080 2.729051 3.524156 6.253206 0.130784
 0.000080 2.737097 3.522611 6.259708 0.103574
 0.000081 2.746507 3.521118 6.267626 0.074716
 0.000081 2.757407 3.519673 6.277079 0.046418
 0.000082 2.769294 3.518252 6.287546 0.022909
 0.000082 2.781885 3.516895 6.298781 0.006816
 0.000083 2.794631 3.515525 6.310156 0.000166
 0.000083 2.807439 3.514134 6.321573 0.003251
 0.000084 2.820248 3.512819 6.333067 0.016231
 0.000084 2.832133 3.511545 6.343679 0.037012
 0.000085 2.843243 3.510336 6.353578 0.064014
 0.000085 2.853330 3.509194 6.362524 0.094735
 0.000086 2.862243 3.508213 6.370457 0.126997
 0.000086 2.869602 3.507282 6.376883 0.156596
 0.000087 2.875523 3.506502 6.382025 0.182509
 0.000087 2.880296 3.505968 6.386263 0.205357
 0.000088 2.884280 3.505582 6.389862 0.225813
 0.000088 2.887337 3.505335 6.392672 0.242466
 0.000089 2.890102 3.505330 6.395432 0.259394
 0.000089 2.892250 3.505548 6.397798 0.274364
 0.000090 2.894040 3.506022 6.400062 0.289080
 0.000090 2.895862 3.506733 6.402594 0.305998
 0.000091 2.898256 3.507626 6.405883 0.328681
 0.000091 2.900887 3.508768 6.409655 0.355703
 0.000092 2.904031 3.510167 6.414198 0.389663
 0.000092 2.907985 3.511784 6.419769 0.433416
 0.000093 2.912290 3.513559 6.425849 0.483822
 0.000093 2.916423 3.515596 6.432019 0.537812
 0.000094 2.920416 3.517941 6.438357 0.596248
 0.000094 2.924168 3.520517 6.444685 0.657592
 0.000095 2.927506 3.523448 6.450953 0.721324
 0.000095 2.930059 3.526704 6.456763 0.783021
 0.000096 2.931760 3.530311 6.462071 0.841600
 0.000096 2.932101 3.534104 6.466205 0.888692
 0.000097 2.930610 3.538166 6.468776 0.918619
 0.000097 2.927252 3.542482 6.469734 0.929905
 0.000098 2.921938 3.546951 6.468889 0.919945
 0.000098 2.914676 3.551685 6.466361 0.890488
 0.000099 2.905669 3.556630 6.462299 0.844160
 0.000099 2.895182 3.561675 6.456856 0.784031
 0.000100 2.883626 3.566830 6.450455 0.716151
 0.000100 2.870991 3.572015 6.443006 0.641021
 0.000101 2.857888 3.577199 6.435087 0.565723
 0.000101 2.844797 3.582297 6.427094 0.494493
 0.000102 2.832063 3.587351 6.419414 0.430555
 0.000102 2.820170 3.592410 6.412580 0.377388
 0.000103 2.808930 3.597422 6.406352 0.331987
 0.000103 2.798855 3.602371 6.401226 0.296795
 0.000104 2.790118 3.607248 6.397366 0.271599
 0.000104 2.782591 3.612141 6.394731 0.255044
 0.000105 2.776335 3.616897 6.393232 0.245855
 0.000105 2.770988 3.621559 6.392547 0.241711
 0.000106 2.765964 3.626178 6.392142 0.239280
 0.000106 2.761214 3.630625 6.391839 0.237466
 0.000107 2.756555 3.634934 6.391488 0.235380
 0.000107 2.751539 3.639122 6.390660 0.230487
 0.000108 2.745681 3.643138 6.388819 0.219789
 0.000108 2.739202 3.646867 6.386069 0.204282
 0.000109 2.732211 3.650418 6.382629 0.185680
 0.000109 2.724524 3.653638 6.378162 0.162856
 0.000110 2.716300 3.656616 6.372916 0.137957
 0.000110 2.708101 3.659329 6.367429 0.114129
 0.000111 2.699994 3.661789 6.361783 0.091961
 0.000111 2.691915 3.663991 6.355906 0.071431
 0.000112 2.684224 3.665814 6.350038 0.053513
 0.000112 2.676926 3.667421 6.344347 0.038603
 0.000113 2.670737 3.668898 6.339635 0.028097
 0.000113 2.665819 3.670184 6.336003 0.021136
 0.000114 2.661891 3.671226 6.333117 0.016309
 0.000114 2.658916 3.672162 6.331078 0.013276
 0.000115 2.657148 3.672925 6.330073 0.011897
 0.000115 2.657150 3.673471 6.330621 0.012639
 0.000116 2.658951 3.673879 6.332830 0.015864
 0.000116 2.662055 3.674213 6.336267 0.021609
 0.000117 2.666047 3.674436 6.340483 0.029865
 0.000117 2.670647 3.674577 6.345225 0.040745
 0.000118 2.675943 3.674767 6.350709 0.055432
 0.000118 2.681316 3.674911 6.356228 0.072486
 0.000119 2.686298 3.675016 6.361315 0.090231
 0.000119 2.690643 3.675060 6.365703 0.107097
 0.000120 2.694220 3.675020 6.369240 0.121743
 0.000120 2.697051 3.674970 6.372021 0.133918
 0.000121 2.699112 3.674889 6.374000 0.142936
 0.000121 2.700148 3.674726 6.374873 0.147006
 0.000122 2.699869 3.674471 6.374340 0.144514
 0.000122 2.698796 3.674190 6.372986 0.138277
 0.000123 2.697391 3.673907 6.371298 0.130698
 0.000123 2.696332 3.673545 6.369878 0.124484
 0.000124 2.695847 3.673060 6.368907 0.120325
 0.000124 2.695763 3.672502 6.368264 0.117610
 0.000125 2.696295 3.671781 6.368075 0.116817
 0.000125 2.698057 3.670965 6.369022 0.120812
 0.000126 2.701156 3.670081 6.371237 0.130426
 0.000126 2.705825 3.669077 6.374903 0.147144
 0.000127 2.711689 3.667853 6.379542 0.169748
 0.000127 2.718232 3.666506 6.384738 0.196981
 0.000128 2.725145 3.664994 6.390139 0.227428
 0.000128 2.732722 3.663241 6.395963 0.262716
 0.000129 2.740783 3.661385 6.402168 0.303118
 0.000129 2.748718 3.659355 6.408073 0.344236
 0.000130 2.756309 3.657308 6.413616 0.385226
 0.000130 2.763357 3.655193 6.418550 0.423642
 0.000131 2.769455 3.653059 6.422514 0.455830
 0.000131 2.774389 3.650772 6.425161 0.477981
 0.000132 2.777407 3.648408 6.425815 0.483531
 0.000132 2.778717 3.645997 6.424714 0.474206
 0.000133 2.778039 3.643475 6.421515 0.447606
 0.000133 2.776194 3.640832 6.417025 0.411576
 0.000134 2.773726 3.638125 6.411850 0.371918
 0.000134 2.770867 3.635346 6.406213 0.331002
 0.000135 2.767356 3.632473 6.399830 0.287554
 0.000135 2.763130 3.629601 6.392731 0.242821
 0.000136 2.758853 3.626617 6.385470 0.200975
 0.000136 2.755440 3.623462 6.378902 0.166533
 0.000137 2.753327 3.620133 6.373460 0.140443
 0.000137 2.752602 3.616722 6.369325 0.122106
 0.000138 2.752777 3.613239 6.366016 0.108355
 0.000138 2.753748 3.609651 6.363399 0.098063
 0.000139 2.755363 3.606062 6.361426 0.090640
 0.000139 2.757628 3.602567 6.360195 0.086158
 0.000140 2.760196 3.599018 6.359214 0.082669
 0.000140 2.763145 3.595465 6.358610 0.080553
 0.000141 2.765954 3.591985 6.357939 0.078240
 0.000141 2.767787 3.588639 6.356426 0.073142
 0.000142 2.768659 3.585510 6.354168 0.065855
 0.000142 2.768629 3.582517 6.351146 0.056698
 0.000143 2.767241 3.579481 6.346722 0.044531
 0.000143 2.763916 3.576574 6.340490 0.029880
 0.000144 2.759087 3.573804 6.332891 0.015958
 0.000144 2.753205 3.571178 6.324383 0.005509
 0.000145 2.746425 3.568736 6.315162 0.000315
 0.000145 2.739352 3.566455 6.305807 0.001562
 0.000146 2.732255 3.564412 6.296667 0.009121
 0.000146 2.725564 3.562520 6.288084 0.021921
 0.000147 2.719546 3.560859 6.280405 0.038057
 0.000147 2.714539 3.559461 6.274000 0.054898
 0.000148 2.710491 3.558292 6.268784 0.070889
 0.000148 2.707394 3.557383 6.264777 0.084557
 0.000149 2.704975 3.556738 6.261713 0.095821
 0.000149 2.703562 3.556299 6.259861 0.102970
 0.000150 2.703557 3.556084 6.259642 0.103834
 0.000150 2.704593 3.555992 6.260585 0.100143
 0.000151 2.706303 3.555992 6.262295 0.093627
 0.000151 2.707975 3.556148 6.264122 0.086903
 0.000152 2.709434 3.556493 6.265927 0.080511
 0.000152 2.710626 3.556971 6.267597 0.074811
 0.000153 2.711207 3.557687 6.268893 0.070531
 0.000153 2.710868 3.558662 6.269530 0.068475
 0.000154 2.709593 3.560049 6.269642 0.068117
 0.000154 2.707583 3.561679 6.269262 0.069338
 0.000155 2.704431 3.563611 6.268042 0.073328
 0.000155 2.700540 3.565844 6.266384 0.078931
 0.000156 2.696522 3.568376 6.264899 0.084123
 0.000156 2.692146 3.571285 6.263431 0.089418
 0.000157 2.687988 3.574557 6.262545 0.092693
 0.000157 2.684411 3.578199 6.262609 0.092453
 0.000158 2.681670 3.582176 6.263845 0.087907
 0.000158 2.679984 3.586452 6.266437 0.078749
 0.000159 2.679456 3.590984 6.270441 0.065589
 0.000159 2.679823 3.595712 6.275535 0.050583
 0.000160 2.680781 3.600702 6.281483 0.035526
 0.000160 2.682786 3.605937 6.288723 0.020779
 0.000161 2.685462 3.611264 6.296726 0.009051
 0.000161 2.688560 3.616640 6.305200 0.001870
 0.000162 2.692096 3.622151 6.314247 0.000148
 0.000162 2.695450 3.627719 6.323169 0.004461
 0.000163 2.698783 3.633510 6.332293 0.015046
 0.000163 2.701772 3.639462 6.341234 0.031476
 0.000164 2.704111 3.645529 6.349640 0.052392
 0.000164 2.706079 3.651646 6.357725 0.077507
 0.000165 2.707199 3.657912 6.365112 0.104741
 0.000165 2.707513 3.664115 6.371628 0.132162
 0.000166 2.706975 3.670236 6.377211 0.158188
 0.000166 2.705845 3.676288 6.382133 0.183074
 0.000167 2.704282 3.682239 6.386521 0.206788
 0.000167 2.702760 3.688011 6.390770 0.231132
 0.000168 2.701672 3.693672 6.395344 0.258847
 0.000168 2.701225 3.699199 6.400424 0.291469
 0.000169 2.701625 3.704515 6.406140 0.330488
 0.000169 2.703100 3.709712 6.412812 0.379133
 0.000170 2.706032 3.714799 6.420830 0.442016
 0.000170 2.710432 3.719651 6.430084 0.520572
 0.000171 2.716353 3.724317 6.440670 0.618327
 0.000171 2.723611 3.728681 6.452292 0.735316
 0.000172 2.732211 3.732830 6.465040 0.875296
 0.000172 2.741902 3.736876 6.478779 1.039791
 0.000173 2.752204 3.740691 6.492895 1.223562
 0.000173 2.763027 3.744310 6.507337 1.427031
 0.000174 2.774208 3.747672 6.521880 1.647736
 0.000174 2.785021 3.750759 6.535779 1.873499
 0.000175 2.795114 3.753614 6.548728 2.096859
 0.000175 2.803912 3.756216 6.560128 2.303898
 0.000176 2.811004 3.758592 6.569596 2.483271
 0.000176 2.816753 3.760701 6.577454 2.637247
 0.000177 2.821324 3.762486 6.583810 2.765191
 0.000177 2.824698 3.764038 6.588736 2.866421
 0.000178 2.826761 3.765195 6.591955 2.933564
 0.000178 2.827536 3.766035 6.593570 2.967537
 0.000179 2.827096 3.766613 6.593709 2.970457
 0.000179 2.825806 3.766879 6.592685 2.948894
 0.000180 2.823857 3.766783 6.590640 2.906042
 0.000180 2.821139 3.766204 6.587343 2.837612
 0.000181 2.818391 3.765210 6.583602 2.760943
 0.000181 2.816098 3.763798 6.579896 2.686042
 0.000182 2.813808 3.761934 6.575742 2.603315
 0.000182 2.811095 3.759652 6.570747 2.505538
 0.000183 2.808222 3.756959 6.565182 2.398814
 0.000183 2.805518 3.753710 6.559229 2.287217
 0.000184 2.802926 3.749952 6.552879 2.171111
 0.000184 2.800204 3.745846 6.546050 2.049635
 0.000185 2.797220 3.741364 6.538583 1.920796
 0.000185 2.793638 3.736512 6.530150 1.780322
 0.000186 2.789769 3.731330 6.521099 1.635479
 0.000186 2.785661 3.725852 6.511513 1.488785
 0.000187 2.780640 3.720086 6.500726 1.331955
 0.000187 2.774592 3.714178 6.488770 1.168320
 0.000188 2.767269 3.708135 6.475404 0.998076
 0.000188 2.758690 3.702126 6.460816 0.827561
 0.000189 2.749066 3.696210 6.445276 0.663477
 0.000189 2.738783 3.690464 6.429247 0.513208
 0.000190 2.727747 3.684795 6.412542 0.377101
 0.000190 2.716181 3.679184 6.395364 0.258975
 0.000191 2.704458 3.673822 6.378280 0.163440
 0.000191 2.692833 3.668704 6.361537 0.091050
 0.000192 2.681416 3.663945 6.345360 0.041081
 0.000192 2.671108 3.659500 6.330607 0.012621
 0.000193 2.661938 3.655440 6.317378 0.000981
 0.000193 2.653574 3.651798 6.305372 0.001780
 0.000194 2.646612 3.648483 6.295095 0.011052
 0.000194 2.641320 3.645491 6.286811 0.024292
 0.000195 2.637871 3.642694 6.280565 0.037676
 0.000195 2.636076 3.640011 6.276087 0.049075
 0.000196 2.635218 3.637564 6.272782 0.058450
 0.000196 2.635595 3.635334 6.270929 0.064067
 0.000197 2.636855 3.633465 6.270319 0.065970
 0.000197 2.638150 3.631883 6.270032 0.066876
 0.000198 2.639124 3.630442 6.269566 0.068361
 0.000198 2.639471 3.629175 6.268645 0.071340
 0.000199 2.638779 3.628101 6.266880 0.077233
 0.000199 2.636789 3.627247 6.264036 0.087216
 0.000200 2.633741 3.626502 6.260243 0.101476
 0.000200 2.629623 3.625884 6.255507 0.120795
 0.000201 2.624560 3.625446 6.250006 0.145343
 0.000201 2.619099 3.625216 6.244314 0.173133
 0.000202 2.613486 3.625214 6.238701 0.202923
 0.000202 2.607495 3.625310 6.232805 0.236752
 0.000203 2.601753 3.625583 6.227336 0.270467
 0.000203 2.596990 3.626179 6.223169 0.297658
 0.000204 2.593615 3.626888 6.220503 0.315741
 0.000204 2.591490 3.627738 6.219228 0.324572
 0.000205 2.590850 3.628694 6.219543 0.322378
 0.000205 2.591996 3.629836 6.221833 0.306656
 0.000206 2.594881 3.631062 6.225943 0.279410
 0.000206 2.599066 3.632310 6.231375 0.245351
 0.000207 2.603980 3.633773 6.237754 0.208181
 0.000207 2.609353 3.635363 6.244716 0.171093
 0.000208 2.615288 3.637113 6.252401 0.134376
 0.000208 2.621134 3.639026 6.260160 0.101800
 0.000209 2.626213 3.641114 6.267327 0.075719
 0.000209 2.630027 3.643377 6.273403 0.056625
 0.000210 2.632934 3.645841 6.278775 0.042052
 0.000210 2.634863 3.648607 6.283470 0.031086
 0.000211 2.635597 3.651565 6.287162 0.023626
 0.000211 2.635389 3.654757 6.290146 0.018342
 0.000212 2.634006 3.658114 6.292120 0.015214
 0.000212 2.631354 3.661573 6.292927 0.014019
 0.000213 2.627744 3.665146 6.292890 0.014073
 0.000213 2.623933 3.668881 6.292814 0.014184
 0.000214 2.620448 3.672707 6.293155 0.013690
 0.000214 2.617192 3.676449 6.293641 0.013003
 0.000215 2.614355 3.680122 6.294477 0.011862
 0.000215 2.612310 3.683679 6.295989 0.009931
 0.000216 2.611042 3.687117 6.298159 0.007459
 0.000216 2.610769 3.690458 6.301227 0.004567
 0.000217 2.611768 3.693764 6.305531 0.001699
 0.000217 2.613577 3.696950 6.310527 0.000113
 0.000218 2.616133 3.700052 6.316185 0.000577
 0.000218 2.619115 3.702944 6.322059 0.003599
 0.000219 2.622456 3.705593 6.328050 0.009347
 0.000219 2.626067 3.708171 6.334238 0.018111
 0.000220 2.629518 3.710643 6.340161 0.029189
 0.000220 2.632339 3.712945 6.345284 0.040893
 0.000221 2.634495 3.715080 6.349575 0.052211
 0.000221 2.636093 3.717032 6.353126 0.062620
 0.000222 2.636504 3.719029 6.355533 0.070214
 0.000222 2.635610 3.720934 6.356544 0.073533
 0.000223 2.632929 3.722883 6.355812 0.071122
 0.000223 2.628745 3.724812 6.353558 0.063949
 0.000224 2.623692 3.726773 6.350464 0.054728
 0.000224 2.618243 3.728741 6.346984 0.045212
 0.000225 2.612664 3.730770 6.343434 0.036439
 0.000225 2.607079 3.732891 6.339970 0.028790
 0.000226 2.601776 3.735090 6.336866 0.022701
 0.000226 2.596878 3.737446 6.334324 0.018252
 0.000227 2.592686 3.740030 6.332715 0.015688
 0.000227 2.589494 3.742785 6.332279 0.015026
 0.000228 2.587335 3.745724 6.333059 0.016220
 0.000228 2.586350 3.748774 6.335124 0.019600
 0.000229 2.586825 3.752009 6.338834 0.026478
 0.000229 2.588574 3.755367 6.343941 0.037633
 0.000230 2.591353 3.758884 6.350238 0.054080
 0.000230 2.594516 3.762266 6.356781 0.074323
 0.000231 2.597860 3.765451 6.363311 0.097725
 0.000231 2.601284 3.768533 6.369818 0.124224
 0.000232 2.604202 3.771469 6.375670 0.150772
 0.000232 2.606742 3.774157 6.380899 0.176661
 0.000233 2.608938 3.776729 6.385666 0.202058
 0.000233 2.609822 3.778966 6.388789 0.219613
 0.000234 2.609486 3.780847 6.390333 0.228562
 0.000234 2.608002 3.782388 6.390389 0.228895
 0.000235 2.605441 3.783551 6.388991 0.220778
 0.000235 2.601916 3.784281 6.386197 0.204987
 0.000236 2.597268 3.784506 6.381774 0.181196
 0.000236 2.592295 3.784174 6.376469 0.154597
 0.000237 2.587015 3.783345 6.370360 0.126578
 0.000237 2.581954 3.781998 6.363953 0.100197
 0.000238 2.577738 3.780178 6.357916 0.078162
 0.000238 2.574684 3.777894 6.352578 0.060951
 0.000239 2.573290 3.775390 6.348680 0.049734
 0.000239 2.573645 3.772376 6.346021 0.042737
 0.000240 2.575345 3.768938 6.344283 0.038450
 0.000240 2.578903 3.765210 6.344112 0.038041
 0.000241 2.583930 3.761314 6.345244 0.040793
 0.000241 2.590396 3.757241 6.347637 0.046927
 0.000242 2.598245 3.753003 6.351248 0.056997
 0.000242 2.606681 3.748641 6.355322 0.069532
 0.000243 2.615279 3.744222 6.359501 0.083681
 0.000243 2.623677 3.739550 6.363227 0.097404
 0.000244 2.631097 3.734921 6.366018 0.108364
 0.000244 2.637327 3.730405 6.367732 0.115384
 0.000245 2.641975 3.725971 6.367947 0.116279
 0.000245 2.644455 3.721748 6.366203 0.109111
 0.000246 2.645127 3.717675 6.362802 0.095787
 0.000246 2.644215 3.713745 6.357960 0.078310
 0.000247 2.641652 3.709996 6.351648 0.058173
 0.000247 2.638367 3.706485 6.344852 0.039828
 0.000248 2.634894 3.703080 6.337974 0.024792
 0.000248 2.631394 3.699864 6.331257 0.013531
 0.000249 2.628025 3.696910 6.324935 0.006023
 0.000249 2.625408 3.694277 6.319685 0.002066
 0.000250 2.623905 3.691903 6.315808 0.000472
 0.000250 2.624110 3.689658 6.313768 0.000085
 0.000251 2.625834 3.687605 6.313439 0.000052
 0.000251 2.628964 3.685776 6.314739 0.000230
 0.000252 2.633553 3.684082 6.317635 0.001083
 0.000252 2.639465 3.682582 6.322047 0.003590
 0.000253 2.646554 3.681330 6.327884 0.009151
 0.000253 2.653834 3.680221 6.334055 0.017810
 0.000254 2.661033 3.679223 6.340256 0.029388
 0.000254 2.667771 3.678384 6.346155 0.043078
 0.000255 2.673852 3.677594 6.351447 0.057579
 0.000255 2.678966 3.676906 6.355873 0.071321
 0.000256 2.682679 3.676321 6.359000 0.081917
 0.000256 2.684348 3.675919 6.360267 0.086417
 0.000257 2.684045 3.675915 6.359961 0.085318
 0.000257 2.682107 3.676173 6.358280 0.079412
 0.000258 2.678476 3.676693 6.355169 0.069037
 0.000258 2.673650 3.677586 6.351236 0.056960
 0.000259 2.667774 3.678732 6.346506 0.043974
 0.000259 2.661578 3.680181 6.341760 0.032629
 0.000260 2.655174 3.682046 6.337220 0.023359
 0.000260 2.649151 3.684226 6.333377 0.016719
 0.000261 2.644089 3.686662 6.330752 0.012820
 0.000261 2.639866 3.689469 6.329335 0.010931
 0.000262 2.636206 3.692680 6.328885 0.010363
 0.000262 2.634134 3.696214 6.330348 0.012267
 0.000263 2.633675 3.700085 6.333760 0.017331
 0.000263 2.634838 3.704125 6.338962 0.026734
 0.000264 2.637358 3.708317 6.345675 0.041865
 0.000264 2.641263 3.712626 6.353889 0.064981
 0.000265 2.645563 3.717126 6.362688 0.095354
 0.000265 2.650416 3.721853 6.372269 0.135033
 0.000266 2.655768 3.726709 6.382477 0.184880
 0.000266 2.660617 3.731642 6.392259 0.239980
 0.000267 2.664674 3.736774 6.401448 0.298279
 0.000267 2.667256 3.741940 6.409196 0.352357
 0.000268 2.668119 3.746990 6.415109 0.396652
 0.000268 2.667108 3.751985 6.419093 0.427978
 0.000269 2.664707 3.756758 6.421465 0.447194
 0.000269 2.660888 3.761465 6.422353 0.454502
 0.000270 2.656525 3.765887 6.422412 0.454984
 0.000270 2.651913 3.769986 6.421900 0.450764
 0.000271 2.647155 3.773690 6.420844 0.442130
 0.000271 2.642116 3.776965 6.419080 0.427879
 0.000272 2.637367 3.780030 6.417396 0.414497
 0.000272 2.633229 3.782845 6.416074 0.404134
 0.000273 2.629736 3.785275 6.415011 0.395897
 0.000273 2.627249 3.787492 6.414741 0.393823
 0.000274 2.626333 3.789343 6.415676 0.401043
 0.000274 2.627286 3.790819 6.418105 0.420103
 0.000275 2.629763 3.792043 6.421805 0.449991
 0.000275 2.633640 3.792932 6.426571 0.489999
 0.000276 2.638851 3.793494 6.432345 0.540747
 0.000276 2.645420 3.793865 6.439285 0.605051
 0.000277 2.652820 3.794003 6.446823 0.679002
 0.000277 2.660791 3.794079 6.454870 0.762638
 0.000278 2.668489 3.794088 6.462577 0.847293
 0.000278 2.675773 3.794045 6.469818 0.930893
 0.000279 2.682331 3.793964 6.476296 1.009013
 0.000279 2.687892 3.793792 6.481685 1.076400
 0.000280 2.692290 3.793557 6.485847 1.129940
 0.000280 2.695388 3.793401 6.488789 1.168561
 0.000281 2.696741 3.793377 6.490118 1.186225
 0.000281 2.696507 3.793520 6.490027 1.185020
 0.000282 2.695233 3.793852 6.489085 1.172489
 0.000282 2.693009 3.794203 6.487212 1.147786
 0.000283 2.690010 3.794578 6.484588 1.113607
 0.000283 2.687446 3.794989 6.482434 1.085950
 0.000284 2.685251 3.795446 6.480697 1.063890
 0.000284 2.683468 3.795756 6.479224 1.045363
 0.000285 2.682607 3.795943 6.478550 1.036938
 0.000285 2.682717 3.796099 6.478816 1.040253
 0.000286 2.684040 3.796000 6.480041 1.055614
 0.000286 2.686633 3.795640 6.482273 1.083896
 0.000287 2.690513 3.795176 6.485689 1.127882
 0.000287 2.695503 3.794472 6.489975 1.184315
 0.000288 2.701055 3.793428 6.494483 1.245168
 0.000288 2.706576 3.792140 6.498716 1.303691
 0.000289 2.712182 3.790587 6.502769 1.360989
 0.000289 2.717706 3.788743 6.506449 1.414071
 0.000290 2.722627 3.786619 6.509247 1.455109
 0.000290 2.726619 3.784094 6.510713 1.476852
 0.000291 2.729219 3.781236 6.510455 1.473020
 0.000291 2.730402 3.778054 6.508456 1.443450
 0.000292 2.730181 3.774511 6.504692 1.388604
 0.000292 2.728547 3.770623 6.499170 1.310045
 0.000293 2.725912 3.766363 6.492275 1.215171
 0.000293 2.722269 3.761756 6.484025 1.106342
 0.000294 2.717927 3.756823 6.474749 0.990080
 0.000294 2.713028 3.751765 6.464793 0.872464
 0.000295 2.707788 3.746395 6.454183 0.755307
 0.000295 2.702602 3.740843 6.443445 0.645332
 0.000296 2.698091 3.735116 6.433207 0.548535
 0.000296 2.694239 3.729247 6.423486 0.463903
 0.000297 2.691033 3.723325 6.414358 0.390884
 0.000297 2.688872 3.717350 6.406222 0.331068
 0.000298 2.687804 3.711232 6.399036 0.282364
 0.000298 2.687836 3.705109 6.392945 0.244116
 0.000299 2.689176 3.699063 6.388239 0.216467
 0.000299 2.691589 3.693136 6.384725 0.196907
 0.000300 2.694865 3.687249 6.382114 0.182972
 0.000300 2.698547 3.681260 6.379807 0.171088
 0.000301 2.702372 3.675111 6.377483 0.159516
 0.000301 2.706542 3.668968 6.375510 0.150012
 0.000302 2.710290 3.662871 6.373162 0.139078
 0.000302 2.713533 3.656831 6.370365 0.126597
 0.000303 2.716021 3.650746 6.366767 0.111406
 0.000303 2.717883 3.644677 6.362560 0.094871
 0.000304 2.719196 3.638678 6.357874 0.078016
 0.000304 2.719760 3.632624 6.352384 0.060366
 0.000305 2.719743 3.626620 6.346363 0.043607
 0.000305 2.719748 3.620631 6.340379 0.029646
 0.000306 2.719606 3.614538 6.334144 0.017956
 0.000306 2.719662 3.608456 6.328118 0.009427
 0.000307 2.720331 3.602366 6.322697 0.004083
 0.000307 2.721913 3.596140 6.318052 0.001257
 0.000308 2.724403 3.589924 6.314327 0.000160
 0.000308 2.727671 3.583708 6.311379 0.000029
 0.000309 2.731694 3.577459 6.309152 0.000363
 0.000309 2.736438 3.571098 6.307536 0.000838
 0.000310 2.741975 3.564785 6.306760 0.001135
 0.000310 2.748240 3.558536 6.306776 0.001129
 0.000311 2.755054 3.552325 6.307379 0.000894
 0.000311 2.761985 3.546233 6.308219 0.000613
 0.000312 2.768404 3.540387 6.308791 0.000452
 0.000312 2.773629 3.534626 6.308255 0.000602
 0.000313 2.777758 3.529055 6.306813 0.001114
 0.000313 2.780873 3.523760 6.304634 0.002182
 0.000314 2.782762 3.518702 6.301463 0.004373
 0.000314 2.783042 3.513924 6.296966 0.008774
 0.000315 2.781300 3.509556 6.290856 0.017183
 0.000315 2.777638 3.505547 6.283185 0.031706
 0.000316 2.772121 3.502051 6.274171 0.054409
 0.000316 2.764888 3.498969 6.263857 0.087865
 0.000317 2.756672 3.496316 6.252988 0.131753
 0.000317 2.747837 3.494103 6.241940 0.185444
 0.000318 2.738670 3.492232 6.230903 0.248224
 0.000318 2.729379 3.490639 6.220019 0.319082
 0.000319 2.720267 3.489343 6.209610 0.395151
 0.000319 2.712182 3.488361 6.200544 0.468037
 0.000320 2.705435 3.487837 6.193272 0.530952
 0.000320 2.699920 3.487643 6.187563 0.583119
 0.000321 2.695456 3.487706 6.183161 0.625014
 0.000321 2.692342 3.488063 6.180405 0.651987
 0.000322 2.690587 3.488560 6.179147 0.664485
 0.000322 2.689765 3.489239 6.179004 0.665913
 0.000323 2.689788 3.490180 6.179968 0.656317
 0.000323 2.690603 3.491207 6.181810 0.638164
 0.000324 2.691608 3.492381 6.183989 0.617026
 0.000324 2.692891 3.493740 6.186631 0.591867
 0.000325 2.694147 3.495325 6.189472 0.565404
 0.000325 2.695020 3.497148 6.192168 0.540845
 0.000326 2.694892 3.499066 6.193958 0.524845
 0.000326 2.693731 3.501117 6.194849 0.516971
 0.000327 2.691927 3.503299 6.195226 0.513658
 0.000327 2.689869 3.505783 6.195652 0.509920
 0.000328 2.687692 3.508431 6.196123 0.505808
 0.000328 2.685394 3.511255 6.196650 0.501234
 0.000329 2.683534 3.514297 6.197831 0.491043
 0.000329 2.682300 3.517602 6.199902 0.473428
 0.000330 2.682059 3.521151 6.203210 0.445961
 0.000330 2.682915 3.524953 6.207868 0.408678
 0.000331 2.685230 3.528867 6.214096 0.361371
 0.000331 2.689716 3.532850 6.222566 0.301703
 0.000332 2.696340 3.536939 6.233279 0.233935
 0.000332 2.704386 3.541284 6.245670 0.166295
 0.000333 2.713858 3.545832 6.259690 0.103642
 0.000333 2.724777 3.550651 6.275428 0.050878
 0.000334 2.736366 3.555640 6.292006 0.015386
 0.000334 2.748637 3.560815 6.309453 0.000296
 0.000335 2.760987 3.566210 6.327197 0.008364
 0.000335 2.773165 3.571709 6.344874 0.039882
 0.000336 2.784224 3.577408 6.361632 0.091402
 0.000336 2.793588 3.583167 6.376756 0.155978
 0.000337 2.801127 3.589005 6.390133 0.227394
 0.000337 2.806812 3.594902 6.401713 0.300056
 0.000338 2.810249 3.600935 6.411184 0.366962
 0.000338 2.811348 3.607046 6.418394 0.422400
 0.000339 2.810211 3.613130 6.423341 0.462697
 0.000339 2.807087 3.619187 6.426274 0.487452
 0.000340 2.801954 3.625158 6.427112 0.494647
 0.000340 2.795046 3.630863 6.425909 0.484338
 0.000341 2.786699 3.636191 6.422890 0.458943
 0.000341 2.777366 3.641092 6.418458 0.422912
 0.000342 2.767449 3.645775 6.413225 0.382255
 0.000342 2.757035 3.650232 6.407267 0.338475
 0.000343 2.746446 3.654402 6.400848 0.294279
 0.000343 2.735677 3.658249 6.393926 0.250088
 0.000344 2.725139 3.661746 6.386885 0.208822
 0.000344 2.715122 3.664808 6.379929 0.171708
 0.000345 2.706017 3.667539 6.373557 0.140888
 0.000345 2.697877 3.670035 6.367913 0.116136
 0.000346 2.690322 3.672204 6.362527 0.094744
 0.000346 2.683414 3.674099 6.357514 0.076790
 0.000347 2.677242 3.675774 6.353016 0.062283
 0.000347 2.671749 3.677247 6.348996 0.050602
 0.000348 2.666873 3.678482 6.345355 0.041068
 0.000348 2.662162 3.679491 6.341654 0.032395
 0.000349 2.657621 3.680332 6.337953 0.024750
 0.000349 2.652594 3.680939 6.333533 0.016967
 0.000350 2.647452 3.681361 6.328813 0.010273
 0.000350 2.641953 3.681625 6.323577 0.004801
 0.000351 2.636425 3.681770 6.318195 0.001320
 0.000351 2.631121 3.681858 6.312979 0.000019
 0.000352 2.626402 3.681873 6.308274 0.000596
 0.000352 2.622708 3.681803 6.304511 0.002253
 0.000353 2.620223 3.681578 6.301800 0.004104
 0.000353 2.618828 3.681171 6.299998 0.005640
 0.000354 2.618664 3.680587 6.299251 0.006348
 0.000354 2.620050 3.679755 6.299806 0.005819
 0.000355 2.623334 3.678720 6.302054 0.003908
 0.000355 2.628230 3.677417 6.305647 0.001641
 0.000356 2.634986 3.675836 6.310821 0.000078
 0.000356 2.643370 3.673924 6.317294 0.000950
 0.000357 2.653597 3.671654 6.325251 0.006327
 0.000357 2.664930 3.669015 6.333945 0.017631
 0.000358 2.677088 3.666156 6.343244 0.035994
 0.000358 2.689417 3.663095 6.352511 0.060750
 0.000359 2.701629 3.659897 6.361526 0.091011
 0.000359 2.713587 3.656509 6.370096 0.125429
 0.000360 2.725262 3.652959 6.378220 0.163144
 0.000360 2.735801 3.649184 6.384985 0.198324
 0.000361 2.745173 3.645200 6.390373 0.228798
 0.000361 2.753341 3.641102 6.394443 0.253261
 0.000362 2.760643 3.636748 6.397391 0.271760
 0.000362 2.766989 3.632178 6.399167 0.283214
 0.000363 2.772202 3.627608 6.399810 0.287424
 0.000363 2.776379 3.623114 6.399493 0.285346
 0.000364 2.779988 3.618823 6.398811 0.280902
 0.000364 2.782870 3.614643 6.397512 0.272534
 0.000365 2.785214 3.610637 6.395850 0.262012
 0.000365 2.787015 3.606857 6.393872 0.249759
 0.000366 2.788308 3.603285 6.391593 0.236001
 0.000366 2.789169 3.599937 6.389106 0.221440
 0.000367 2.789944 3.596870 6.386813 0.208420
 0.000367 2.790682 3.594064 6.384747 0.197025
 0.000368 2.791385 3.591560 6.382945 0.187355
 0.000368 2.792389 3.589358 6.381747 0.181057
 0.000369 2.793786 3.587491 6.381278 0.178619
 0.000369 2.795398 3.586012 6.381409 0.179300
 0.000370 2.797326 3.584874 6.382200 0.183425
 0.000370 2.799447 3.584150 6.383597 0.190824
 0.000371 2.801595 3.583943 6.385537 0.201347
 0.000371 2.803374 3.584099 6.387473 0.212125
 0.000372 2.804037 3.584699 6.388736 0.219310
 0.000372 2.803821 3.585837 6.389658 0.224629
 0.000373 2.802390 3.587358 6.389748 0.225155
 0.000373 2.799665 3.589182 6.388846 0.219943
 0.000374 2.795746 3.591408 6.387154 0.210327
 0.000374 2.790650 3.594170 6.384821 0.197428
 0.000375 2.784323 3.597284 6.381606 0.180323
 0.000375 2.777045 3.600807 6.377852 0.161327
 0.000376 2.769603 3.604648 6.374251 0.144100
 0.000376 2.762239 3.608720 6.370959 0.129200
 0.000377 2.754718 3.612970 6.367689 0.115204
 0.000377 2.747916 3.617357 6.365273 0.105381
 0.000378 2.741718 3.621832 6.363550 0.098643
 0.000378 2.736639 3.626244 6.362883 0.096093
 0.000379 2.732864 3.630560 6.363424 0.098157
 0.000379 2.730045 3.634731 6.364776 0.103414
 0.000380 2.728680 3.638739 6.367419 0.114087
 0.000380 2.728674 3.642647 6.371321 0.130798
 0.000381 2.729741 3.646380 6.376121 0.152924
 0.000381 2.731576 3.649907 6.381484 0.179687
 0.000382 2.733824 3.653163 6.386988 0.209397
 0.000382 2.736560 3.656161 6.392722 0.242766
 0.000383 2.739117 3.658910 6.398027 0.275838
 0.000383 2.740860 3.661417 6.402278 0.303855
 0.000384 2.741310 3.663671 6.404981 0.322378
 0.000384 2.740245 3.665777 6.406022 0.329658
 0.000385 2.737933 3.667663 6.405597 0.326676
 0.000385 2.734044 3.669534 6.403577 0.312692
 0.000386 2.728674 3.671444 6.400118 0.289451
 0.000386 2.722065 3.673413 6.395478 0.259685
 0.000387 2.714904 3.675608 6.390511 0.229611
 0.000387 2.707263 3.677930 6.385193 0.199459
 0.000388 2.699478 3.680387 6.379864 0.171376
 0.000388 2.692051 3.682931 6.374982 0.147518
 0.000389 2.685158 3.685663 6.370821 0.128593
 0.000389 2.678750 3.688519 6.367270 0.113469
 0.000390 2.673042 3.691436 6.364478 0.102244
 0.000390 2.668365 3.694511 6.362876 0.096067
 0.000391 2.664624 3.697778 6.362402 0.094277
 0.000391 2.662004 3.701169 6.363173 0.097197
 0.000392 2.660193 3.704534 6.364727 0.103222
 0.000392 2.658570 3.707936 6.366505 0.110338
 0.000393 2.657612 3.711498 6.369110 0.121188
 0.000393 2.657514 3.715192 6.372706 0.137004
 0.000394 2.657580 3.718909 6.376490 0.154694
 0.000394 2.657253 3.722634 6.379887 0.171491
 0.000395 2.655628 3.726360 6.381989 0.182317
 0.000395 2.652803 3.730091 6.382894 0.187082
 0.000396 2.649125 3.733856 6.382981 0.187544
 0.000396 2.644330 3.737666 6.381996 0.182354
 0.000397 2.638481 3.741632 6.380113 0.172641
 0.000397 2.631281 3.745593 6.376874 0.156552
 0.000398 2.623310 3.749588 6.372898 0.137876
 0.000398 2.614648 3.753654 6.368302 0.117767
 0.000399 2.605536 3.757740 6.363276 0.097591
 0.000399 2.596464 3.761757 6.358221 0.079208
 0.000400 2.587632 3.765817 6.353449 0.063613
 0.000400 2.579335 3.769921 6.349256 0.051320
 0.000401 2.572090 3.774045 6.346135 0.043026
 0.000401 2.566000 3.778200 6.344200 0.038251
 0.000402 2.561444 3.782318 6.343763 0.037211
 0.000402 2.558518 3.786469 6.344987 0.040160
 0.000403 2.557492 3.790620 6.348112 0.048196
 0.000403 2.557654 3.794850 6.352504 0.060729
 0.000404 2.559318 3.799171 6.358489 0.080136
 0.000404 2.562391 3.803515 6.365907 0.107915
 0.000405 2.565949 3.807912 6.373861 0.142291
 0.000405 2.569713 3.812313 6.382026 0.182513
 0.000406 2.573590 3.816662 6.390252 0.228090
 0.000406 2.577004 3.820912 6.397917 0.275126
 0.000407 2.579647 3.824983 6.404629 0.319939
 0.000407 2.581231 3.828885 6.410116 0.359077
 0.000408 2.581766 3.832512 6.414278 0.390270
 0.000408 2.580954 3.835753 6.416707 0.409078
 0.000409 2.579174 3.838572 6.417745 0.417251
 0.000409 2.576755 3.840953 6.417708 0.416955
 0.000410 2.573968 3.842950 6.416918 0.410734
 0.000410 2.571241 3.844476 6.415717 0.401359
 0.000411 2.569156 3.845474 6.414630 0.392970
 0.000411 2.567688 3.845880 6.413567 0.384853
 0.000412 2.567463 3.845528 6.412991 0.380491
 0.000412 2.568355 3.844482 6.412837 0.379324
 0.000413 2.570307 3.842824 6.413131 0.381547
 0.000413 2.573590 3.840506 6.414096 0.388880
 0.000414 2.578452 3.837646 6.416098 0.404324
 0.000414 2.584850 3.834222 6.419072 0.427812
 0.000415 2.592526 3.830227 6.422754 0.457814
 0.000415 2.601197 3.825679 6.426876 0.492612
 0.000416 2.611087 3.820804 6.431892 0.536671
 0.000416 2.621578 3.815565 6.437143 0.584824
 0.000417 2.632564 3.809968 6.442532 0.636386
 0.000417 2.643310 3.804186 6.447495 0.685800
 0.000418 2.653622 3.798071 6.451693 0.729039
 0.000418 2.663027 3.791778 6.454805 0.761940
 0.000419 2.671052 3.785487 6.456538 0.780587
 0.000419 2.677903 3.779121 6.457024 0.785853
 0.000420 2.683873 3.772728 6.456600 0.781258
 0.000420 2.688690 3.766326 6.455016 0.764200
 0.000421 2.692001 3.760096 6.452098 0.733273
 0.000421 2.694401 3.753964 6.448365 0.694655
 0.000422 2.696044 3.747958 6.444003 0.650835
 0.000422 2.696944 3.742173 6.439117 0.603458
 0.000423 2.697614 3.736491 6.434105 0.556709
 0.000423 2.698478 3.731098 6.429576 0.516092
 0.000424 2.699826 3.725997 6.425823 0.483602
 0.000424 2.701364 3.721229 6.422593 0.456484
 0.000425 2.703220 3.716785 6.420005 0.435319
 0.000425 2.705435 3.712688 6.418123 0.420245
 0.000426 2.708262 3.709030 6.417292 0.413671
 0.000426 2.711746 3.705762 6.417508 0.415374
 0.000427 2.715820 3.702793 6.418613 0.424147
 0.000427 2.720171 3.700152 6.420323 0.437897
 0.000428 2.724866 3.697854 6.422720 0.457535
 0.000428 2.729303 3.695855 6.425157 0.477951
 0.000429 2.733315 3.694159 6.427474 0.497771
 0.000429 2.736539 3.692773 6.429312 0.513773
 0.000430 2.739062 3.691691 6.430753 0.526507
 0.000430 2.741108 3.690915 6.432023 0.537848
 0.000431 2.742320 3.690487 6.432806 0.544910
 0.000431 2.742467 3.690377 6.432844 0.545252
 0.000432 2.741394 3.690527 6.431921 0.536937
 0.000432 2.739510 3.690928 6.430437 0.523703
 0.000433 2.737044 3.691642 6.428687 0.508300
 0.000433 2.734049 3.692527 6.426577 0.490043
 0.000434 2.730877 3.693656 6.424534 0.472683
 0.000434 2.727884 3.694991 6.422875 0.458820
 0.000435 2.725550 3.696450 6.422000 0.451588
 0.000435 2.723872 3.698109 6.421981 0.451435
 0.000436 2.723109 3.699950 6.423059 0.460353
 0.000436 2.723520 3.701932 6.425452 0.480452
 0.000437 2.724632 3.704211 6.428843 0.509668
 0.000437 2.726625 3.706537 6.433162 0.548132
 0.000438 2.729448 3.708936 6.438384 0.596499
 0.000438 2.733361 3.711448 6.444810 0.658832
 0.000439 2.737661 3.713962 6.451624 0.728311
 0.000439 2.741934 3.716493 6.458427 0.801159
 0.000440 2.745915 3.719110 6.465025 0.875116
 0.000440 2.749564 3.721695 6.471259 0.948000
 0.000441 2.752669 3.724278 6.476947 1.017045
 0.000441 2.754613 3.726993 6.481606 1.075399
 0.000442 2.755350 3.729817 6.485167 1.121106
 0.000442 2.754757 3.732551 6.487308 1.149036
 0.000443 2.752600 3.735083 6.487683 1.153967
 0.000443 2.748798 3.737480 6.486279 1.135566
 0.000444 2.743602 3.739779 6.483381 1.098060
 0.000444 2.736777 3.741853 6.478630 1.037942
 0.000445 2.729227 3.743694 6.472920 0.967916
 0.000445 2.721190 3.745424 6.466613 0.893410
 0.000446 2.712999 3.747018 6.460018 0.818688
 0.000446 2.705013 3.748355 6.453368 0.746660
 0.000447 2.697548 3.749360 6.446908 0.679852
 0.000447 2.691120 3.750308 6.441428 0.625640
 0.000448 2.685853 3.750949 6.436802 0.581634
 0.000448 2.681778 3.751401 6.433180 0.548289
 0.000449 2.679078 3.751653 6.430731 0.526305
 0.000449 2.677740 3.751651 6.429391 0.514468
 0.000450 2.677955 3.751513 6.429468 0.515145
 0.000450 2.679103 3.751311 6.430414 0.523492
 0.000451 2.680730 3.751075 6.431804 0.535889
 0.000451 2.682370 3.750771 6.433140 0.547933
 0.000452 2.683905 3.750541 6.434446 0.559831
 0.000452 2.685089 3.750236 6.435325 0.567919
 0.000453 2.684962 3.749878 6.434839 0.563446
 0.000453 2.683630 3.749657 6.433287 0.549263
 0.000454 2.681347 3.749578 6.430925 0.528036
 0.000454 2.678100 3.749606 6.427707 0.499780
 0.000455 2.673401 3.749716 6.423116 0.460825
 0.000455 2.667369 3.749978 6.417347 0.414107
 0.000456 2.659846 3.750420 6.410266 0.360181
 0.000456 2.651119 3.751139 6.402258 0.303720
 0.000457 2.641465 3.752077 6.393541 0.247738
 0.000457 2.631455 3.753179 6.384634 0.196415
 0.000458 2.621777 3.754455 6.376232 0.153453
 0.000458 2.612497 3.755968 6.368465 0.118453
 0.000459 2.603865 3.757676 6.361541 0.091067
 0.000459 2.596266 3.759568 6.355834 0.071196
 0.000460 2.589624 3.761607 6.351231 0.056946
 0.000460 2.584541 3.763760 6.348301 0.048704
 0.000461 2.581076 3.765912 6.346988 0.045222
 0.000461 2.578778 3.767992 6.346770 0.044656
 0.000462 2.577456 3.769984 6.347440 0.046405
 0.000462 2.577124 3.771881 6.349004 0.050625
 0.000463 2.577062 3.773774 6.350836 0.055799
 0.000463 2.576630 3.775525 6.352154 0.059676
 0.000464 2.575755 3.777094 6.352849 0.061772
 0.000464 2.573709 3.778455 6.352164 0.059706
 0.000465 2.570245 3.779634 6.349878 0.053062
 0.000465 2.565069 3.780615 6.345684 0.041888
 0.000466 2.558204 3.781271 6.339476 0.027772
 0.000466 2.549616 3.781679 6.331295 0.013585
 0.000467 2.539280 3.781731 6.321011 0.002870
 0.000467 2.528026 3.781524 6.309551 0.000276
 0.000468 2.516003 3.781142 6.297145 0.008569
 0.000468 2.503852 3.780529 6.284381 0.029151
 0.000469 2.492540 3.779615 6.272155 0.060322
 0.000469 2.482612 3.778465 6.261078 0.098244
 0.000470 2.474406 3.777040 6.251446 0.138696
 0.000470 2.468346 3.775341 6.243687 0.176343
 0.000471 2.464409 3.773405 6.237814 0.207842
 0.000471 2.463020 3.771342 6.234362 0.227566
 0.000472 2.464551 3.769099 6.233650 0.231745
 0.000472 2.469186 3.766654 6.235840 0.219011
 0.000473 2.476473 3.764132 6.240605 0.192555
 0.000473 2.485596 3.761576 6.247171 0.158881
 0.000474 2.495590 3.759018 6.254608 0.124648
 0.000474 2.506446 3.756461 6.262906 0.091349
 0.000475 2.517406 3.753919 6.271325 0.062844
 0.000475 2.527400 3.751433 6.278834 0.041905
 0.000476 2.535854 3.749138 6.284992 0.027887
 0.000476 2.542345 3.747055 6.289400 0.019600
 0.000477 2.546445 3.745034 6.291479 0.016197
 0.000477 2.548818 3.743077 6.291894 0.015557
 0.000478 2.550032 3.741102 6.291134 0.016740
 0.000478 2.550028 3.739043 6.289071 0.020169
 0.000479 2.549566 3.736988 6.286553 0.024785
 0.000479 2.549071 3.734916 6.283987 0.029981
 0.000480 2.548974 3.732781 6.281755 0.034902
 0.000480 2.549928 3.730419 6.280347 0.038195
 0.000481 2.552402 3.727869 6.280271 0.038378
 0.000481 2.556436 3.725232 6.281668 0.035100
 0.000482 2.562654 3.722474 6.285128 0.027610
 0.000482 2.571503 3.719493 6.290996 0.016960
 0.000483 2.583137 3.716287 6.299424 0.006180
 0.000483 2.597055 3.712823 6.309878 0.000213
 0.000484 2.612680 3.709100 6.321780 0.003397
 0.000484 2.629690 3.705089 6.334779 0.019013
 0.000485 2.647877 3.700994 6.348871 0.050259
 0.000485 2.666553 3.696822 6.363375 0.097971
 0.000486 2.685020 3.692477 6.377497 0.159587
 0.000486 2.702988 3.688056 6.391044 0.232746
 0.000487 2.719961 3.683653 6.403614 0.312941
 0.000487 2.735066 3.679253 6.414319 0.390585
 0.000488 2.748349 3.674816 6.423165 0.461228
 0.000488 2.759543 3.670450 6.429993 0.519770
 0.000489 2.768656 3.666137 6.434793 0.563020
 0.000489 2.775722 3.661984 6.437706 0.590107
 0.000490 2.780883 3.658011 6.438894 0.601333
 0.000490 2.784601 3.654187 6.438788 0.600333
 0.000491 2.787786 3.650476 6.438262 0.595351
 0.000491 2.791048 3.646956 6.438004 0.592915
 0.000492 2.794172 3.643675 6.437847 0.591438
 0.000492 2.797564 3.640485 6.438050 0.593344
 0.000493 2.801600 3.637395 6.438995 0.602294
 0.000493 2.805993 3.634487 6.440479 0.616486
 0.000494 2.810744 3.631682 6.442426 0.635350
 0.000494 2.815997 3.628984 6.444981 0.660539
 0.000495 2.821895 3.626448 6.448343 0.694427
 0.000495 2.828439 3.624056 6.452494 0.737442
 0.000496 2.835174 3.621780 6.456954 0.785094
 0.000496 2.841912 3.619671 6.461582 0.836119
 0.000497 2.847882 3.617803 6.465685 0.882694
 0.000497 2.852888 3.616075 6.468964 0.920828
 0.000498 2.857207 3.614574 6.471781 0.954236
 0.000498 2.860662 3.613255 6.473917 0.979957
 0.000499 2.862548 3.612111 6.474660 0.988988
 0.000499 2.862526 3.611240 6.473765 0.978122
 0.000500 2.860040 3.610664 6.470704 0.941389
