#! FIELDS time dAB dAC rc bias
 0.000000 2.333274 2.082144 4.415418 14.186276
 0.000000 2.329409 2.078159 4.407569 13.771278
 0.000001 2.325080 2.072840 4.397920 13.269563
 0.000001 2.320395 2.065957 4.386351 12.680286
 0.000002 2.315430 2.057497 4.372927 12.013235
 0.000002 2.310300 2.047971 4.358271 11.305587
 0.000003 2.305198 2.037479 4.342677 10.576252
 0.000003 2.300288 2.026230 4.326518 9.846126
 0.000004 2.295569 2.014131 4.309700 9.113961
 0.000004 2.291101 2.001195 4.292296 8.386042
 0.000005 2.286789 1.987643 4.274432 7.670413
 0.000005 2.282717 1.973461 4.256178 6.972099
 0.000006 2.278780 1.958944 4.237724 6.300028
 0.000006 2.275002 1.944663 4.219665 5.675300
 0.000007 2.271304 1.931133 4.202437 5.109716
 0.000007 2.267635 1.918342 4.185978 4.597088
 0.000008 2.263830 1.906856 4.170686 4.145109
 0.000008 2.259811 1.896892 4.156704 3.752297
 0.000009 2.255676 1.888635 4.144311 3.420488
 0.000009 2.251362 1.882198 4.133559 3.145051
 0.000010 2.246956 1.877898 4.124855 2.930521
 0.000010 2.242598 1.875565 4.118163 2.770758
 0.000011 2.238279 1.875081 4.113359 2.658837
 0.000011 2.233954 1.876430 4.110384 2.590662
 0.000012 2.229905 1.879836 4.109741 2.576042
 0.000012 2.226159 1.885276 4.111435 2.614648
 0.000013 2.222691 1.892550 4.115241 2.702412
 0.000013 2.219737 1.901535 4.121272 2.844425
 0.000014 2.217320 1.912286 4.129606 3.046685
 0.000014 2.215460 1.924482 4.139942 3.307161
 0.000015 2.214167 1.937404 4.151572 3.613020
 0.000015 2.213383 1.950756 4.164139 3.958758
 0.000016 2.212956 1.964671 4.177627 4.347366
 0.000016 2.212965 1.978606 4.191571 4.768242
 0.000017 2.213405 1.992490 4.205896 5.220874
 0.000017 2.214159 2.005592 4.219751 5.678179
 0.000018 2.215242 2.017272 4.232515 6.116465
 0.000018 2.216661 2.027740 4.244401 6.539259
 0.000019 2.218293 2.037047 4.255341 6.940863
 0.000019 2.220284 2.044780 4.265064 7.307884
 0.000020 2.222659 2.050897 4.273556 7.636148
 0.000020 2.225428 2.055253 4.280681 7.917102
 0.000021 2.228579 2.058288 4.286868 8.165213
 0.000021 2.232123 2.060002 4.292125 8.379048
 0.000022 2.236181 2.060720 4.296901 8.575697
 0.000022 2.240657 2.060720 4.301377 8.762062
 0.000023 2.245632 2.060361 4.305993 8.956378
 0.000023 2.251183 2.059544 4.310727 9.157857
 0.000024 2.257123 2.058783 4.315905 9.380808
 0.000024 2.263501 2.058474 4.321975 9.645564
 0.000025 2.270306 2.058638 4.328944 9.954058
 0.000025 2.277342 2.059147 4.336489 10.293547
 0.000026 2.284330 2.059948 4.344278 10.650001
 0.000026 2.291218 2.061126 4.352344 11.025513
 0.000027 2.297882 2.062344 4.360227 11.398779
 0.000027 2.304213 2.063591 4.367804 11.763463
 0.000028 2.310246 2.065113 4.375358 12.132723
 0.000028 2.315936 2.066529 4.382465 12.485322
 0.000029 2.321103 2.067714 4.388817 12.804733
 0.000029 2.325780 2.068510 4.394290 13.083198
 0.000030 2.330097 2.068942 4.399039 13.327284
 0.000030 2.334027 2.069007 4.403034 13.534303
 0.000031 2.337728 2.068112 4.405839 13.680675
 0.000031 2.341191 2.067253 4.408444 13.817257
 0.000032 2.344429 2.066019 4.410448 13.922808
 0.000032 2.347324 2.064402 4.411726 13.990318
 0.000033 2.349706 2.062701 4.412407 14.026374
 0.000033 2.351627 2.060592 4.412219 14.016415
 0.000034 2.353171 2.057549 4.410720 13.937141
 0.000034 2.354250 2.053611 4.407861 13.786628
 0.000035 2.354801 2.048558 4.403359 13.551216
 0.000035 2.354714 2.042466 4.397179 13.231442
 0.000036 2.353983 2.035577 4.389560 12.842377
 0.000036 2.352633 2.027952 4.380585 12.391557
 0.000037 2.350502 2.019643 4.370146 11.877301
 0.000037 2.347553 2.010431 4.357984 11.291938
 0.000038 2.343910 2.000457 4.344367 10.654127
 0.000038 2.339563 1.990185 4.329748 9.989988
 0.000039 2.334494 1.979656 4.314150 9.304917
 0.000039 2.328974 1.969314 4.298288 8.633218
 0.000040 2.323209 1.958997 4.282205 7.977888
 0.000040 2.317232 1.949728 4.266960 7.380530
 0.000041 2.311119 1.941444 4.252563 6.837757
 0.000041 2.305168 1.934187 4.239354 6.358024
 0.000042 2.299487 1.928428 4.227915 5.956634
 0.000042 2.294029 1.924149 4.218178 5.625312
 0.000043 2.288718 1.921313 4.210031 5.355361
 0.000043 2.283630 1.920467 4.204097 5.162907
 0.000044 2.278835 1.921330 4.200165 5.037344
 0.000044 2.274296 1.923880 4.198176 4.974391
 0.000045 2.269842 1.928262 4.198104 4.972142
 0.000045 2.265525 1.933922 4.199447 5.014571
 0.000046 2.261356 1.940859 4.202215 5.102625
 0.000046 2.257235 1.948679 4.205914 5.221466
 0.000047 2.253011 1.957276 4.210287 5.363739
 0.000047 2.248822 1.966186 4.215008 5.519481
 0.000048 2.244617 1.974772 4.219389 5.665987
 0.000048 2.240504 1.983175 4.223680 5.811366
 0.000049 2.236663 1.991181 4.227845 5.954216
 0.000049 2.233224 1.998746 4.231970 6.097447
 0.000050 2.230162 2.005334 4.235496 6.221196
 0.000050 2.227493 2.010585 4.238079 6.312617
 0.000051 2.225384 2.014672 4.240056 6.383075
 0.000051 2.223769 2.017818 4.241587 6.437881
 0.000052 2.222543 2.020326 4.242869 6.483987
 0.000052 2.221721 2.022028 4.243749 6.515712
 0.000053 2.221363 2.022588 4.243950 6.522967
 0.000053 2.221525 2.021711 4.243236 6.497192
 0.000054 2.222084 2.019759 4.241843 6.447080
 0.000054 2.223086 2.017127 4.240212 6.388650
 0.000055 2.224419 2.013865 4.238284 6.319923
 0.000055 2.226213 2.009917 4.236131 6.243594
 0.000056 2.228342 2.005383 4.233725 6.158881
 0.000056 2.230735 2.000398 4.231133 6.068249
 0.000057 2.233367 1.994717 4.228084 5.962482
 0.000057 2.236307 1.988665 4.224972 5.855492
 0.000058 2.239493 1.982714 4.222207 5.761256
 0.000058 2.243019 1.976488 4.219506 5.669946
 0.000059 2.247032 1.970271 4.217302 5.595980
 0.000059 2.251475 1.964393 4.215867 5.548071
 0.000060 2.256506 1.959007 4.215513 5.536271
 0.000060 2.262047 1.953992 4.216038 5.553767
 0.000061 2.268201 1.950047 4.218248 5.627668
 0.000061 2.274916 1.947531 4.222448 5.769427
 0.000062 2.282040 1.946386 4.228426 5.974308
 0.000062 2.289372 1.946878 4.236250 6.247813
 0.000063 2.296882 1.948580 4.245462 6.577671
 0.000063 2.304564 1.951712 4.256276 6.975757
 0.000064 2.312356 1.956503 4.268859 7.453666
 0.000064 2.319963 1.962221 4.282184 7.977030
 0.000065 2.327266 1.968357 4.295623 8.522841
 0.000065 2.334287 1.974781 4.309068 9.086997
 0.000066 2.340843 1.980898 4.321742 9.635309
 0.000066 2.346764 1.986706 4.333470 10.157024
 0.000067 2.352129 1.992068 4.344197 10.646266
 0.000067 2.356940 1.996188 4.353128 11.062377
 0.000068 2.361217 1.998823 4.360040 11.389857
 0.000068 2.364966 2.000377 4.365343 11.644367
 0.000069 2.368334 2.000483 4.368816 11.812606
 0.000069 2.371297 1.998901 4.370198 11.879870
 0.000070 2.373823 1.995953 4.369776 11.859299
 0.000070 2.375900 1.992076 4.367976 11.771787
 0.000071 2.377700 1.987567 4.365267 11.640728
 0.000071 2.379171 1.982561 4.361731 11.470744
 0.000072 2.380240 1.976965 4.357205 11.254985
 0.000072 2.380956 1.971408 4.352364 11.026473
 0.000073 2.381274 1.966213 4.347487 10.798630
 0.000073 2.381071 1.961510 4.342581 10.571843
 0.000074 2.380203 1.957597 4.337800 10.353133
 0.000074 2.378767 1.954338 4.333105 10.140583
 0.000075 2.376733 1.951637 4.328370 9.928469
 0.000075 2.374149 1.949918 4.324067 9.737659
 0.000076 2.371036 1.949172 4.320208 9.568104
 0.000076 2.367511 1.948552 4.316062 9.387600
 0.000077 2.363631 1.947920 4.311551 9.193132
 0.000077 2.359725 1.947158 4.306883 8.994095
 0.000078 2.355736 1.946371 4.302106 8.792627
 0.000078 2.351694 1.945674 4.297368 8.595039
 0.000079 2.347579 1.945110 4.292689 8.402161
 0.000079 2.343596 1.944938 4.288534 8.232691
 0.000080 2.339870 1.945155 4.285025 8.090902
 0.000080 2.336312 1.946007 4.282319 7.982412
 0.000081 2.332833 1.947584 4.280416 7.906578
 0.000081 2.329422 1.950084 4.279507 7.870446
 0.000082 2.326101 1.953595 4.279696 7.877945
 0.000082 2.322817 1.957924 4.280741 7.919489
 0.000083 2.319540 1.962805 4.282346 7.983495
 0.000083 2.316088 1.967547 4.283635 8.035095
 0.000084 2.312418 1.972034 4.284451 8.067856
 0.000084 2.308841 1.975843 4.284685 8.077225
 0.000085 2.305251 1.978353 4.283604 8.033861
 0.000085 2.301790 1.979357 4.281148 7.935691
 0.000086 2.298506 1.978577 4.277083 7.774599
 0.000086 2.295568 1.976065 4.271633 7.561150
 0.000087 2.292969 1.971626 4.264595 7.289944
 0.000087 2.290862 1.964672 4.255534 6.948057
 0.000088 2.289380 1.955635 4.245016 6.561510
 0.000088 2.288716 1.944738 4.233454 6.149374
 0.000089 2.288792 1.932757 4.221548 5.738920
 0.000089 2.289633 1.919975 4.209608 5.341513
 0.000090 2.291082 1.907061 4.198143 4.973360
 0.000090 2.293131 1.894253 4.187384 4.639825
 0.000091 2.295873 1.882187 4.178060 4.360146
 0.000091 2.299140 1.871335 4.170475 4.139029
 0.000092 2.302829 1.862196 4.165025 3.983719
 0.000092 2.306830 1.855242 4.162072 3.900803
 0.000093 2.311297 1.850698 4.161995 3.898659
 0.000093 2.316161 1.848222 4.164383 3.965621
 0.000094 2.321295 1.847718 4.169013 4.097079
 0.000094 2.326566 1.849168 4.175734 4.291735
 0.000095 2.332022 1.851923 4.183945 4.535666
 0.000095 2.337909 1.855492 4.193401 4.824945
 0.000096 2.344183 1.859512 4.203695 5.150007
 0.000096 2.350782 1.863798 4.214580 5.505263
 0.000097 2.357821 1.867833 4.225655 5.878890
 0.000097 2.365391 1.871525 4.236916 6.271386
 0.000098 2.373291 1.874966 4.248257 6.679454
 0.000098 2.381595 1.878254 4.259850 7.109881
 0.000099 2.390184 1.881602 4.271786 7.567120
 0.000099 2.399071 1.884974 4.284045 8.051547
 0.000100 2.407936 1.888670 4.296606 8.563482
 0.000100 2.416762 1.893366 4.310127 9.132205
 0.000101 2.425462 1.899079 4.324541 9.758596
 0.000101 2.433900 1.905308 4.339208 10.417317
 0.000102 2.441818 1.912461 4.354279 11.116580
 0.000102 2.449182 1.920388 4.369570 11.849282
 0.000103 2.455754 1.929099 4.384853 12.604936
 0.000103 2.461422 1.938398 4.399820 13.367605
 0.000104 2.466233 1.947886 4.414119 14.117195
 0.000104 2.470139 1.957230 4.427369 14.830050
 0.000105 2.473164 1.965979 4.439143 15.478162
 0.000105 2.475416 1.973834 4.449250 16.045626
 0.000106 2.476982 1.979911 4.456893 16.481498
 0.000106 2.477933 1.983753 4.461685 16.757799
 0.000107 2.478250 1.985565 4.463815 16.881343
 0.000107 2.478139 1.985024 4.463164 16.843507
 0.000108 2.477529 1.981807 4.459336 16.622093
 0.000108 2.476455 1.976087 4.452542 16.232668
 0.000109 2.474887 1.968551 4.443438 15.718043
 0.000109 2.472923 1.959671 4.432593 15.115916
 0.000110 2.470485 1.950281 4.420766 14.472594
 0.000110 2.467485 1.941267 4.408751 13.833406
 0.000111 2.463726 1.933441 4.397167 13.230798
 0.000111 2.459224 1.927066 4.386289 12.677164
 0.000112 2.454080 1.922506 4.376586 12.193279
 0.000112 2.448370 1.919536 4.367906 11.768394
 0.000113 2.442119 1.918950 4.361069 11.439052
 0.000113 2.435247 1.920964 4.356210 11.207815
 0.000114 2.428010 1.924983 4.352993 11.056020
 0.000114 2.420492 1.930912 4.351404 10.981440
 0.000115 2.412959 1.937811 4.350770 10.951721
 0.000115 2.405514 1.944653 4.350167 10.923537
 0.000116 2.398422 1.950727 4.349149 10.876018
 0.000116 2.391752 1.955603 4.347354 10.792463
 0.000117 2.385345 1.958555 4.343899 10.632544
 0.000117 2.379399 1.959237 4.338635 10.391177
 0.000118 2.373972 1.957903 4.331875 10.085278
 0.000118 2.368992 1.954427 4.323420 9.709103
 0.000119 2.364567 1.949396 4.313962 9.296828
 0.000119 2.360432 1.943406 4.303838 8.865402
 0.000120 2.356710 1.936978 4.293688 8.443146
 0.000120 2.353260 1.930654 4.283914 8.046287
 0.000121 2.349844 1.924106 4.273950 7.651536
 0.000121 2.346618 1.917407 4.264025 7.268204
 0.000122 2.343561 1.910764 4.254325 6.903070
 0.000122 2.340632 1.904680 4.245312 6.572236
 0.000123 2.337964 1.899650 4.237614 6.296117
 0.000123 2.335490 1.895735 4.231224 6.071423
 0.000124 2.333416 1.893055 4.226471 5.906909
 0.000124 2.331700 1.891120 4.222820 5.782074
 0.000125 2.330465 1.889961 4.220426 5.700967
 0.000125 2.329716 1.889415 4.219131 5.657330
 0.000126 2.329527 1.888787 4.218314 5.629858
 0.000126 2.329962 1.887910 4.217872 5.615057
 0.000127 2.331071 1.886457 4.217528 5.603532
 0.000127 2.332673 1.884178 4.216851 5.580889
 0.000128 2.334823 1.881384 4.216208 5.559413
 0.000128 2.337464 1.878578 4.216043 5.553911
 0.000129 2.340311 1.876180 4.216491 5.568866
 0.000129 2.343205 1.874535 4.217740 5.610640
 0.000130 2.346240 1.873921 4.220160 5.691989
 0.000130 2.349221 1.874665 4.223886 5.818387
 0.000131 2.352089 1.877284 4.229372 6.007052
 0.000131 2.354688 1.881892 4.236579 6.259444
 0.000132 2.357077 1.888391 4.245468 6.577902
 0.000132 2.359134 1.896816 4.255950 6.963578
 0.000133 2.360876 1.906536 4.267412 7.397902
 0.000133 2.362400 1.917095 4.279495 7.869974
 0.000134 2.363818 1.928368 4.292186 8.381544
 0.000134 2.365027 1.939823 4.304850 8.908044
 0.000135 2.365982 1.950658 4.316640 9.412635
 0.000135 2.366671 1.960404 4.327075 9.870834
 0.000136 2.367216 1.968442 4.335657 10.255861
 0.000136 2.367721 1.974346 4.342067 10.548222
 0.000137 2.368008 1.977830 4.345838 10.722119
 0.000137 2.368141 1.978822 4.346962 10.774252
 0.000138 2.368184 1.977154 4.345338 10.698976
 0.000138 2.368045 1.973294 4.341339 10.514814
 0.000139 2.367697 1.967953 4.335650 10.255541
 0.000139 2.367068 1.961411 4.328480 9.933357
 0.000140 2.366174 1.954207 4.320381 9.575666
 0.000140 2.364921 1.946563 4.311483 9.190235
 0.000141 2.363293 1.939176 4.302469 8.807833
 0.000141 2.361279 1.932654 4.293932 8.453192
 0.000142 2.359062 1.927769 4.286830 8.163694
 0.000142 2.356827 1.924458 4.281285 7.941154
 0.000143 2.354518 1.922307 4.276825 7.764423
 0.000143 2.352192 1.921558 4.273750 7.643708
 0.000144 2.349897 1.922717 4.272613 7.599329
 0.000144 2.347757 1.925084 4.272841 7.608206
 0.000145 2.345793 1.928350 4.274143 7.659083
 0.000145 2.344126 1.932463 4.276588 7.755092
 0.000146 2.342768 1.937146 4.279915 7.886647
 0.000146 2.341816 1.942203 4.284019 8.050499
 0.000147 2.341285 1.947647 4.288932 8.248829
 0.000147 2.340931 1.953218 4.294149 8.462086
 0.000148 2.340715 1.958072 4.298787 8.653986
 0.000148 2.340568 1.962222 4.302789 8.821282
 0.000149 2.340531 1.966108 4.306639 8.983715
 0.000149 2.340444 1.969572 4.310015 9.127411
 0.000150 2.340237 1.973009 4.313246 9.265982
 0.000150 2.339834 1.976458 4.316292 9.397545
 0.000151 2.339298 1.979537 4.318835 9.508145
 0.000151 2.338549 1.982313 4.320862 9.596709
 0.000152 2.337798 1.984940 4.322738 9.679089
 0.000152 2.337016 1.987382 4.324399 9.752303
 0.000153 2.336108 1.989354 4.325462 9.799313
 0.000153 2.335209 1.990455 4.325664 9.808250
 0.000154 2.334303 1.990536 4.324839 9.771773
 0.000154 2.333488 1.989175 4.322663 9.675777
 0.000155 2.332778 1.986468 4.319246 9.526042
 0.000155 2.332245 1.982027 4.314272 9.310174
 0.000156 2.331599 1.975395 4.306994 8.998798
 0.000156 2.330937 1.966492 4.297429 8.597588
 0.000157 2.330214 1.955673 4.285887 8.125625
 0.000157 2.329507 1.943005 4.272512 7.595402
 0.000158 2.328782 1.928327 4.257109 7.006914
 0.000158 2.327941 1.912035 4.239976 6.380208
 0.000159 2.326982 1.895197 4.222180 5.760342
 0.000159 2.325865 1.878537 4.204402 5.172713
 0.000160 2.324572 1.862880 4.187452 4.641899
 0.000160 2.323125 1.849463 4.172588 4.200045
 0.000161 2.321581 1.838464 4.160044 3.844372
 0.000161 2.319939 1.830160 4.150098 3.573529
 0.000162 2.318256 1.825019 4.143275 3.393431
 0.000162 2.316780 1.822697 4.139477 3.295208
 0.000163 2.315490 1.823201 4.138691 3.275069
 0.000163 2.314474 1.826200 4.140674 3.326010
 0.000164 2.313694 1.830925 4.144619 3.428540
 0.000164 2.313104 1.837398 4.150502 3.584337
 0.000165 2.312650 1.844974 4.157624 3.777557
 0.000165 2.312441 1.853516 4.165957 4.010056
 0.000166 2.312427 1.861804 4.174231 4.247798
 0.000166 2.312536 1.869098 4.181634 4.466321
 0.000167 2.312586 1.875252 4.187837 4.653645
 0.000167 2.312519 1.879967 4.192486 4.796556
 0.000168 2.312299 1.883325 4.195625 4.894255
 0.000168 2.311916 1.885891 4.197808 4.962800
 0.000169 2.311411 1.887756 4.199167 5.005706
 0.000169 2.310854 1.889458 4.200311 5.041987
 0.000170 2.310142 1.891572 4.201714 5.086629
 0.000170 2.309256 1.894243 4.203499 5.143726
 0.000171 2.308247 1.897412 4.205659 5.213222
 0.000171 2.307287 1.901921 4.209208 5.328461
 0.000172 2.306359 1.907958 4.214317 5.496546
 0.000172 2.305453 1.915647 4.221100 5.723756
 0.000173 2.304545 1.924818 4.229363 6.006715
 0.000173 2.303810 1.935175 4.238985 6.344846
 0.000174 2.303261 1.946132 4.249393 6.721036
 0.000174 2.302909 1.957384 4.260293 7.126615
 0.000175 2.302873 1.968173 4.271046 7.538371
 0.000175 2.303001 1.978236 4.281237 7.939250
 0.000176 2.303324 1.987681 4.291005 8.333252
 0.000176 2.303744 1.996163 4.299906 8.700610
 0.000177 2.304137 2.003134 4.307271 9.010538
 0.000177 2.304561 2.008828 4.313389 9.272144
 0.000178 2.305020 2.013581 4.318601 9.497912
 0.000178 2.305567 2.017647 4.323214 9.700030
 0.000179 2.306328 2.021122 4.327451 9.887561
 0.000179 2.307219 2.025250 4.332469 10.111982
 0.000180 2.308178 2.030470 4.338648 10.391755
 0.000180 2.309363 2.036890 4.346253 10.741357
 0.000181 2.310658 2.045279 4.355937 11.194889
 0.000181 2.312113 2.055637 4.367750 11.760831
 0.000182 2.313682 2.067336 4.381018 12.413131
 0.000182 2.315327 2.079893 4.395220 13.130828
 0.000183 2.316996 2.093131 4.410127 13.905861
 0.000183 2.318600 2.106761 4.425361 14.720858
 0.000184 2.320102 2.119829 4.439931 15.522041
 0.000184 2.321288 2.132015 4.453303 16.276055
 0.000185 2.322404 2.143051 4.465455 16.976752
 0.000185 2.323514 2.152067 4.475582 17.571953
 0.000186 2.324520 2.158716 4.483236 18.028679
 0.000186 2.325383 2.162205 4.487588 18.290940
 0.000187 2.325956 2.161834 4.487790 18.303144
 0.000187 2.326521 2.157561 4.484082 18.079502
 0.000188 2.327041 2.149558 4.476598 17.632289
 0.000188 2.327446 2.138127 4.465572 16.983598
 0.000189 2.327742 2.123632 4.451374 16.166193
 0.000189 2.327868 2.106729 4.434597 15.226253
 0.000190 2.327785 2.088087 4.415873 14.210528
 0.000190 2.327650 2.068532 4.396182 13.180153
 0.000191 2.327401 2.048527 4.375928 12.160803
 0.000191 2.327099 2.028309 4.355408 11.169862
 0.000192 2.326736 2.008643 4.335379 10.243273
 0.000192 2.326242 1.989918 4.316160 9.391825
 0.000193 2.325574 1.972978 4.298552 8.644192
 0.000193 2.324697 1.957942 4.282640 7.995250
 0.000194 2.323710 1.944682 4.268392 7.435665
 0.000194 2.322539 1.933446 4.255985 6.964905
 0.000195 2.321094 1.924299 4.245393 6.575173
 0.000195 2.319382 1.916575 4.235958 6.237485
 0.000196 2.317464 1.910139 4.227603 5.945881
 0.000196 2.315359 1.904546 4.219905 5.683394
 0.000197 2.313021 1.899399 4.212421 5.433849
 0.000197 2.310477 1.894318 4.204795 5.185371
 0.000198 2.307950 1.889127 4.197077 4.939813
 0.000198 2.305505 1.883780 4.189285 4.697907
 0.000199 2.303200 1.878341 4.181541 4.463558
 0.000199 2.301016 1.873423 4.174440 4.253891
 0.000200 2.298892 1.869428 4.168320 4.077257
 0.000200 2.296848 1.866845 4.163692 3.946185
 0.000201 2.295059 1.866096 4.161154 3.875210
 0.000201 2.293482 1.867529 4.161011 3.871212
 0.000202 2.291996 1.871001 4.162997 3.926679
 0.000202 2.290584 1.876909 4.167492 4.053659
 0.000203 2.289213 1.885774 4.174987 4.269876
 0.000203 2.287955 1.896925 4.184880 4.563856
 0.000204 2.286645 1.909569 4.196214 4.912719
 0.000204 2.285337 1.923161 4.208498 5.305291
 0.000205 2.284131 1.937097 4.221228 5.728083
 0.000205 2.283040 1.950645 4.233685 6.157475
 0.000206 2.282064 1.963066 4.245130 6.565668
 0.000206 2.281060 1.973868 4.254928 6.925487
 0.000207 2.280257 1.982402 4.262659 7.216204
 0.000207 2.279735 1.988389 4.268124 7.425316
 0.000208 2.279463 1.991580 4.271042 7.538215
 0.000208 2.279603 1.992254 4.271857 7.569895
 0.000209 2.280134 1.990780 4.270915 7.533260
 0.000209 2.281104 1.987228 4.268332 7.433347
 0.000210 2.282561 1.982243 4.264804 7.297926
 0.000210 2.284495 1.976115 4.260610 7.138578
 0.000211 2.286850 1.969380 4.256230 6.974045
 0.000211 2.289615 1.962577 4.252192 6.824039
 0.000212 2.292684 1.955711 4.248395 6.684491
 0.000212 2.295996 1.949549 4.245545 6.580699
 0.000213 2.299459 1.944360 4.243818 6.518212
 0.000213 2.303063 1.940230 4.243293 6.499244
 0.000214 2.306883 1.937464 4.244347 6.537300
 0.000214 2.310701 1.936494 4.247194 6.640661
 0.000215 2.314509 1.937173 4.251682 6.805228
 0.000215 2.318235 1.939300 4.257535 7.022871
 0.000216 2.321774 1.942813 4.264586 7.289623
 0.000216 2.325212 1.947451 4.272663 7.601285
 0.000217 2.328673 1.952546 4.281219 7.938519
 0.000217 2.332308 1.957221 4.289529 8.273106
 0.000218 2.336145 1.961589 4.297734 8.610247
 0.000218 2.340042 1.965217 4.305259 8.925328
 0.000219 2.343976 1.968590 4.312566 9.236733
 0.000219 2.347848 1.971806 4.319654 9.543881
 0.000220 2.351670 1.974390 4.326060 9.825793
 0.000220 2.355397 1.976360 4.331757 10.079962
 0.000221 2.358898 1.978426 4.337325 10.331508
 0.000221 2.362165 1.980838 4.343002 10.591218
 0.000222 2.365113 1.983677 4.348790 10.859252
 0.000222 2.367547 1.986966 4.354513 11.127587
 0.000223 2.369378 1.990762 4.360141 11.394691
 0.000223 2.370447 1.994601 4.365049 11.630179
 0.000224 2.370703 1.998256 4.368959 11.819539
 0.000224 2.370109 2.002366 4.372476 11.991133
 0.000225 2.368688 2.006104 4.374792 12.104839
 0.000225 2.366473 2.008780 4.375253 12.127535
 0.000226 2.363631 2.010533 4.374164 12.073957
 0.000226 2.360171 2.011023 4.371194 11.928450
 0.000227 2.356170 2.009447 4.365617 11.657630
 0.000227 2.351852 2.005845 4.357696 11.278299
 0.000228 2.347233 2.000426 4.347659 10.806619
 0.000228 2.342415 1.993113 4.335528 10.250004
 0.000229 2.337421 1.983884 4.321306 9.616171
 0.000229 2.332370 1.973363 4.305733 8.945361
 0.000230 2.327317 1.961833 4.289151 8.257730
 0.000230 2.322250 1.950442 4.272692 7.602408
 0.000231 2.317067 1.939802 4.256869 6.997934
 0.000231 2.311828 1.930772 4.242601 6.474310
 0.000232 2.306508 1.923578 4.230086 6.031818
 0.000232 2.301124 1.918864 4.219987 5.686166
 0.000233 2.295728 1.917083 4.212811 5.446729
 0.000233 2.290368 1.918284 4.208652 5.310317
 0.000234 2.285242 1.922149 4.207391 5.269316
 0.000234 2.280230 1.928562 4.208793 5.314908
 0.000235 2.275295 1.936801 4.212096 5.423170
 0.000235 2.270439 1.946766 4.217204 5.592699
 0.000236 2.265787 1.957723 4.223511 5.805598
 0.000236 2.261447 1.968827 4.230274 6.038344
 0.000237 2.257463 1.979673 4.237136 6.279156
 0.000237 2.253944 1.989795 4.243739 6.515338
 0.000238 2.250785 1.998545 4.249330 6.718720
 0.000238 2.248127 2.006130 4.254257 6.900546
 0.000239 2.246014 2.012367 4.258381 7.054599
 0.000239 2.244297 2.017255 4.261552 7.174234
 0.000240 2.243010 2.020664 4.263674 7.254813
 0.000240 2.242055 2.022326 4.264381 7.281788
 0.000241 2.241291 2.022482 4.263774 7.258628
 0.000241 2.240649 2.021360 4.262008 7.191520
 0.000242 2.240176 2.019014 4.259190 7.085028
 0.000242 2.239835 2.015483 4.255318 6.940037
 0.000243 2.239448 2.010508 4.249956 6.741705
 0.000243 2.239108 2.004080 4.243188 6.495472
 0.000244 2.238856 1.996851 4.235708 6.228647
 0.000244 2.238668 1.988879 4.227548 5.943973
 0.000245 2.238645 1.980364 4.219009 5.653203
 0.000245 2.238889 1.971955 4.210844 5.381991
 0.000246 2.239584 1.963695 4.203279 5.136658
 0.000246 2.240803 1.955735 4.196538 4.922861
 0.000247 2.242428 1.948098 4.190526 4.736041
 0.000247 2.244465 1.941201 4.185666 4.587631
 0.000248 2.246898 1.935156 4.182054 4.478876
 0.000248 2.249716 1.930540 4.180256 4.425244
 0.000249 2.253115 1.927778 4.180894 4.444227
 0.000249 2.257018 1.927137 4.184156 4.542012
 0.000250 2.261380 1.928770 4.190150 4.724481
 0.000250 2.266088 1.933082 4.199170 5.005804
 0.000251 2.271013 1.940441 4.211454 5.402019
 0.000251 2.276094 1.950480 4.226574 5.910457
 0.000252 2.281219 1.962771 4.243990 6.524408
 0.000252 2.286336 1.977284 4.263619 7.252739
 0.000253 2.291546 1.993789 4.285335 8.103382
 0.000253 2.296821 2.011581 4.308402 9.058596
 0.000254 2.302100 2.029947 4.332047 10.092982
 0.000254 2.307253 2.048380 4.355633 11.180524
 0.000255 2.312237 2.066245 4.378482 12.287107
 0.000255 2.317033 2.082840 4.399873 13.370368
 0.000256 2.321665 2.097317 4.418982 14.376768
 0.000256 2.326164 2.109334 4.435498 15.276057
 0.000257 2.330654 2.118432 4.449087 16.036374
 0.000257 2.335055 2.124299 4.459355 16.623158
 0.000258 2.339388 2.127032 4.466421 17.033086
 0.000258 2.343580 2.126582 4.470161 17.252096
 0.000259 2.347595 2.123285 4.470881 17.294370
 0.000259 2.351282 2.117482 4.468765 17.170147
 0.000260 2.354610 2.109095 4.463704 16.874890
 0.000260 2.357626 2.098819 4.456445 16.455782
 0.000261 2.360136 2.087089 4.447225 15.931103
 0.000261 2.362111 2.074574 4.436686 15.341769
 0.000262 2.363371 2.061953 4.425324 14.718886
 0.000262 2.364012 2.049335 4.413346 14.076174
 0.000263 2.364210 2.037393 4.401603 13.459981
 0.000263 2.363942 2.026184 4.390126 12.871094
 0.000264 2.363307 2.015568 4.378875 12.306585
 0.000264 2.362468 2.005696 4.368164 11.780897
 0.000265 2.361384 1.996413 4.357797 11.283052
 0.000265 2.360251 1.987963 4.348214 10.832456
 0.000266 2.359234 1.980518 4.339752 10.442159
 0.000266 2.358175 1.973994 4.332169 10.098475
 0.000267 2.357173 1.968228 4.325401 9.796596
 0.000267 2.356248 1.963513 4.319761 9.548571
 0.000268 2.355385 1.960175 4.315560 9.365834
 0.000268 2.354558 1.958160 4.312717 9.243228
 0.000269 2.353802 1.957635 4.311436 9.188235
 0.000269 2.352900 1.958458 4.311358 9.184864
 0.000270 2.351911 1.960350 4.312262 9.223645
 0.000270 2.350786 1.963282 4.314067 9.301360
 0.000271 2.349481 1.966983 4.316464 9.405003
 0.000271 2.347901 1.971079 4.318980 9.514456
 0.000272 2.346150 1.975570 4.321721 9.634381
 0.000272 2.344066 1.979739 4.323805 9.726117
 0.000273 2.341815 1.982934 4.324749 9.767762
 0.000273 2.339423 1.984698 4.324121 9.740019
 0.000274 2.337050 1.984838 4.321887 9.641708
 0.000274 2.334660 1.982775 4.317435 9.447193
 0.000275 2.332138 1.978358 4.310496 9.147949
 0.000275 2.329675 1.971261 4.300936 8.743636
 0.000276 2.327291 1.961621 4.288912 8.248012
 0.000276 2.325016 1.949636 4.274651 7.678995
 0.000277 2.322929 1.935538 4.258466 7.057817
 0.000277 2.320995 1.919957 4.240952 6.415133
 0.000278 2.319232 1.903781 4.223013 5.788645
 0.000278 2.317743 1.887428 4.205171 5.197480
 0.000279 2.316479 1.871695 4.188174 4.663920
 0.000279 2.315445 1.857676 4.173120 4.215497
 0.000280 2.314470 1.846283 4.160753 3.864043
 0.000280 2.313802 1.838149 4.151951 3.623233
 0.000281 2.313465 1.833489 4.146954 3.489955
 0.000281 2.313408 1.832539 4.145948 3.463424
 0.000282 2.313686 1.835224 4.148910 3.541817
 0.000282 2.314449 1.841125 4.155574 3.721404
 0.000283 2.315494 1.849948 4.165442 3.995505
 0.000283 2.316934 1.861334 4.178268 4.366295
 0.000284 2.318876 1.874721 4.193597 4.831011
 0.000284 2.321468 1.889259 4.210726 5.378138
 0.000285 2.324494 1.904408 4.228902 5.990773
 0.000285 2.328155 1.919964 4.248119 6.674418
 0.000286 2.332081 1.935480 4.267561 7.403642
 0.000286 2.336399 1.950977 4.287376 8.185745
 0.000287 2.340994 1.966280 4.307275 9.010692
 0.000287 2.345713 1.981533 4.327246 9.878430
 0.000288 2.350365 1.996481 4.346846 10.768860
 0.000288 2.354869 2.011267 4.366136 11.682696
 0.000289 2.359163 2.025529 4.384692 12.596876
 0.000289 2.362991 2.039269 4.402260 13.494095
 0.000290 2.366360 2.051889 4.418249 14.337519
 0.000290 2.369221 2.063363 4.432584 15.115411
 0.000291 2.371466 2.073452 4.444918 15.801163
 0.000291 2.373127 2.082042 4.455169 16.382704
 0.000292 2.374282 2.088572 4.462854 16.825509
 0.000292 2.374999 2.092616 4.467614 17.102816
 0.000293 2.375595 2.093870 4.469466 17.211267
 0.000293 2.376026 2.092267 4.468293 17.142512
 0.000294 2.376165 2.087952 4.464117 16.898851
 0.000294 2.376074 2.080946 4.457020 16.488791
 0.000295 2.375918 2.070850 4.446767 15.905297
 0.000295 2.375682 2.058135 4.433816 15.183235
 0.000296 2.375331 2.043058 4.418389 14.344987
 0.000296 2.374806 2.026004 4.400810 13.418841
 0.000297 2.374109 2.008175 4.382283 12.476233
 0.000297 2.373149 1.990683 4.363831 11.571551
 0.000298 2.371887 1.973892 4.345779 10.719395
 0.000298 2.370240 1.958397 4.328637 9.940365
 0.000299 2.368090 1.944540 4.312630 9.239480
 0.000299 2.365455 1.933164 4.298619 8.647004
 0.000300 2.362410 1.925155 4.287565 8.193397
 0.000300 2.359007 1.920778 4.279785 7.881485
 0.000301 2.355267 1.919892 4.275159 7.698922
 0.000301 2.351307 1.922546 4.273853 7.647747
 0.000302 2.347219 1.928292 4.275510 7.712687
 0.000302 2.343009 1.936409 4.279418 7.866918
 0.000303 2.338784 1.946067 4.284851 8.083914
 0.000303 2.334564 1.956480 4.291044 8.334860
 0.000304 2.330298 1.967234 4.297532 8.601847
 0.000304 2.326005 1.977723 4.303728 8.860763
 0.000305 2.321856 1.987124 4.308980 9.083247
 0.000305 2.317861 1.995162 4.313023 9.256388
 0.000306 2.313899 2.001553 4.315452 9.361176
 0.000306 2.309993 2.006124 4.316117 9.389954
 0.000307 2.305999 2.009108 4.315107 9.346262
 0.000307 2.301943 2.010337 4.312280 9.224419
 0.000308 2.297668 2.009652 4.307320 9.012633
 0.000308 2.293221 2.007437 4.300657 8.731966
 0.000309 2.288755 2.003560 4.292315 8.386836
 0.000309 2.284259 1.998322 4.282581 7.992897
 0.000310 2.279725 1.991804 4.271529 7.557132
 0.000310 2.275139 1.984365 4.259503 7.096834
 0.000311 2.270652 1.976742 4.247394 6.647944
 0.000311 2.266381 1.969042 4.235423 6.218600
 0.000312 2.262357 1.961492 4.223849 5.817143
 0.000312 2.258872 1.953888 4.212760 5.445058
 0.000313 2.255882 1.946212 4.202094 5.098750
 0.000313 2.253306 1.938446 4.191752 4.773831
 0.000314 2.251409 1.930476 4.181885 4.473824
 0.000314 2.250330 1.922412 4.172742 4.204519
 0.000315 2.250104 1.914831 4.164935 3.981167
 0.000315 2.250608 1.907702 4.158310 3.796429
 0.000316 2.251885 1.901568 4.153453 3.663763
 0.000316 2.253849 1.897044 4.150893 3.594795
 0.000317 2.256316 1.894285 4.150600 3.586963
 0.000317 2.259337 1.894000 4.153337 3.660628
 0.000318 2.262889 1.896458 4.159347 3.825067
 0.000318 2.266697 1.901826 4.168523 4.083058
 0.000319 2.270800 1.910266 4.181066 4.449360
 0.000319 2.275226 1.921524 4.196750 4.929521
 0.000320 2.279821 1.935627 4.215448 5.534117
 0.000320 2.284558 1.951747 4.236305 6.249759
 0.000321 2.289491 1.969391 4.258882 7.073428
 0.000321 2.294528 1.988068 4.282596 7.993492
 0.000322 2.299664 2.006898 4.306562 8.980447
 0.000322 2.304939 2.025432 4.330371 10.017834
 0.000323 2.310295 2.042903 4.353197 11.065628
 0.000323 2.315655 2.058219 4.373875 12.059751
 0.000324 2.321102 2.070761 4.391863 12.959374
 0.000324 2.326552 2.079640 4.406192 13.699110
 0.000325 2.331748 2.084659 4.416407 14.239032
 0.000325 2.336852 2.085824 4.422676 14.575549
 0.000326 2.341531 2.083127 4.424659 14.682780
 0.000326 2.345694 2.076761 4.422455 14.563620
 0.000327 2.349358 2.067325 4.416683 14.253771
 0.000327 2.352364 2.055489 4.407853 13.786196
 0.000328 2.354808 2.041776 4.396584 13.200850
 0.000328 2.356791 2.026970 4.383761 12.550173
 0.000329 2.358233 2.011594 4.369827 11.861771
 0.000329 2.359221 1.996447 4.355668 11.182158
 0.000330 2.359883 1.981711 4.341594 10.526491
 0.000330 2.360232 1.968107 4.328339 9.927108
 0.000331 2.360413 1.956171 4.316584 9.410213
 0.000331 2.360418 1.946263 4.306681 8.985524
 0.000332 2.360286 1.938589 4.298874 8.657615
 0.000332 2.360112 1.933818 4.293930 8.453112
 0.000333 2.359852 1.931736 4.291588 8.357077
 0.000333 2.359728 1.932010 4.291738 8.363213
 0.000334 2.359668 1.934318 4.293986 8.455378
 0.000334 2.359663 1.938292 4.297955 8.619395
 0.000335 2.359733 1.943280 4.303012 8.830658
 0.000335 2.359814 1.949194 4.309008 9.084406
 0.000336 2.359893 1.955568 4.315462 9.361601
 0.000336 2.359883 1.961991 4.321873 9.641087
 0.000337 2.359768 1.968437 4.328204 9.921097
 0.000337 2.359504 1.975109 4.334613 10.208630
 0.000338 2.359048 1.981725 4.340773 10.488863
 0.000338 2.358535 1.988906 4.347441 10.796496
 0.000339 2.357954 1.996850 4.354804 11.141351
 0.000339 2.357291 2.005779 4.363070 11.534941
 0.000340 2.356544 2.015887 4.372431 11.988945
 0.000340 2.355669 2.027142 4.382811 12.502612
 0.000341 2.354506 2.038907 4.393413 13.038387
 0.000341 2.353164 2.050166 4.403330 13.549734
 0.000342 2.351693 2.061076 4.412769 14.045530
 0.000342 2.349905 2.071174 4.421079 14.489437
 0.000343 2.347960 2.079778 4.427738 14.850132
 0.000343 2.345866 2.086830 4.432696 15.121531
 0.000344 2.343481 2.091588 4.435069 15.252359
 0.000344 2.340795 2.093908 4.434704 15.232171
 0.000345 2.337731 2.093403 4.431134 15.035787
 0.000345 2.334261 2.090340 4.424601 14.679652
 0.000346 2.330510 2.084356 4.414866 14.156913
 0.000346 2.326482 2.075631 4.402113 13.486452
 0.000347 2.322029 2.064426 4.386455 12.685482
 0.000347 2.317200 2.051476 4.368676 11.805766
 0.000348 2.312121 2.037662 4.349783 10.905591
 0.000348 2.306971 2.023690 4.330661 10.030848
 0.000349 2.301810 2.010253 4.312063 9.215121
 0.000349 2.296636 1.997818 4.294454 8.474654
 0.000350 2.291586 1.986636 4.278222 7.819552
 0.000350 2.286764 1.977087 4.263851 7.261555
 0.000351 2.282236 1.969663 4.251899 6.813239
 0.000351 2.277879 1.964173 4.242053 6.454613
 0.000352 2.273696 1.960873 4.234569 6.188521
 0.000352 2.269535 1.960115 4.229650 6.016687
 0.000353 2.265540 1.961737 4.227276 5.934618
 0.000353 2.261799 1.965615 4.227414 5.939366
 0.000354 2.258138 1.971506 4.229644 6.016478
 0.000354 2.254509 1.979163 4.233672 6.157009
 0.000355 2.250823 1.988009 4.238833 6.339441
 0.000355 2.247192 1.997573 4.244765 6.552428
 0.000356 2.243526 2.007174 4.250699 6.769022
 0.000356 2.239822 2.016582 4.256405 6.980565
 0.000357 2.236125 2.025694 4.261819 7.184341
 0.000357 2.232452 2.034354 4.266806 7.374600
 0.000358 2.228992 2.042452 4.271444 7.553833
 0.000358 2.225660 2.050179 4.275838 7.725579
 0.000359 2.222363 2.057181 4.279544 7.871944
 0.000359 2.219200 2.063802 4.283002 8.009742
 0.000360 2.216084 2.069940 4.286024 8.131161
 0.000360 2.213073 2.075305 4.288378 8.226346
 0.000361 2.210215 2.079900 4.290115 8.296941
 0.000361 2.207556 2.083330 4.290886 8.328386
 0.000362 2.205024 2.085777 4.290801 8.324918
 0.000362 2.202555 2.086785 4.289341 8.265444
 0.000363 2.200150 2.085864 4.286015 8.130766
 0.000363 2.197672 2.082979 4.280652 7.915940
 0.000364 2.195146 2.078427 4.273572 7.636771
 0.000364 2.192706 2.072378 4.265084 7.308639
 0.000365 2.190223 2.064731 4.254954 6.926487
 0.000365 2.187829 2.055364 4.243192 6.495628
 0.000366 2.185463 2.044923 4.230386 6.042244
 0.000366 2.183354 2.033985 4.217339 5.597193
 0.000367 2.181517 2.023166 4.204683 5.181753
 0.000367 2.180082 2.013224 4.193306 4.821999
 0.000368 2.179251 2.004756 4.184007 4.537535
 0.000368 2.179093 1.998470 4.177563 4.345491
 0.000369 2.179366 1.994675 4.174042 4.242292
 0.000369 2.180180 1.993880 4.174060 4.242825
 0.000370 2.181422 1.995881 4.177302 4.337800
 0.000370 2.182931 2.000965 4.183896 4.534192
 0.000371 2.184884 2.009219 4.194103 4.846765
 0.000371 2.187270 2.020092 4.207362 5.268363
 0.000372 2.189967 2.033486 4.223453 5.803639
 0.000372 2.192907 2.049163 4.242070 6.455232
 0.000373 2.195934 2.066585 4.262519 7.210913
 0.000373 2.198994 2.084873 4.283867 8.044402
 0.000374 2.201938 2.104053 4.305991 8.956284
 0.000374 2.204865 2.123582 4.328447 9.931898
 0.000375 2.207770 2.142837 4.350607 10.944095
 0.000375 2.210598 2.161138 4.371737 11.954976
 0.000376 2.213376 2.177980 4.391357 12.933603
 0.000376 2.216193 2.192481 4.408674 13.829374
 0.000377 2.218961 2.204627 4.423587 14.624788
 0.000377 2.221629 2.214434 4.436064 15.307326
 0.000378 2.224061 2.221428 4.445488 15.833245
 0.000378 2.226425 2.225814 4.452239 16.215393
 0.000379 2.228633 2.227063 4.455696 16.412853
 0.000379 2.230532 2.225097 4.455628 16.408990
 0.000380 2.232001 2.219688 4.451689 16.184110
 0.000380 2.232971 2.211385 4.444355 15.769534
 0.000381 2.233586 2.200186 4.433772 15.180778
 0.000381 2.233761 2.186149 4.419910 14.426579
 0.000382 2.233491 2.169926 4.403417 13.554279
 0.000382 2.232896 2.151948 4.384843 12.604454
 0.000383 2.231925 2.132366 4.364291 11.593667
 0.000383 2.230450 2.111654 4.342104 10.549914
 0.000384 2.228452 2.089739 4.318191 9.480069
 0.000384 2.226225 2.067025 4.293250 8.425166
 0.000385 2.223810 2.043979 4.267789 7.412431
 0.000385 2.221362 2.020747 4.242109 6.456617
 0.000386 2.218942 1.998325 4.217267 5.594808
 0.000386 2.216677 1.977748 4.194425 4.856805
 0.000387 2.214511 1.959366 4.173876 4.237473
 0.000387 2.212541 1.943890 4.156430 3.744815
 0.000388 2.210731 1.931116 4.141847 3.356330
 0.000388 2.209197 1.921609 4.130805 3.076361
 0.000389 2.207959 1.915473 4.123432 2.896188
 0.000389 2.207197 1.913038 4.120235 2.819756
 0.000390 2.206785 1.914678 4.121463 2.848979
 0.000390 2.206621 1.920222 4.126843 2.978871
 0.000391 2.206737 1.928924 4.135661 3.197974
 0.000391 2.207038 1.940143 4.147181 3.495965
 0.000392 2.207493 1.953061 4.160554 3.858517
 0.000392 2.207882 1.966604 4.174486 4.255230
 0.000393 2.208358 1.980176 4.188534 4.674921
 0.000393 2.208934 1.992518 4.201451 5.078256
 0.000394 2.209535 2.003080 4.212616 5.440283
 0.000394 2.210174 2.011480 4.221654 5.742488
 0.000395 2.211021 2.017320 4.228341 5.971365
 0.000395 2.212154 2.020307 4.232461 6.114591
 0.000396 2.213742 2.020143 4.233885 6.164503
 0.000396 2.215772 2.017484 4.233256 6.142429
 0.000397 2.218078 2.012407 4.230485 6.045671
 0.000397 2.220763 2.005237 4.226000 5.890738
 0.000398 2.223766 1.996458 4.220224 5.694144
 0.000398 2.227125 1.986513 4.213638 5.474052
 0.000399 2.230866 1.975686 4.206552 5.242099
 0.000399 2.234941 1.964936 4.199877 5.028203
 0.000400 2.239304 1.954604 4.193909 4.840713
 0.000400 2.243951 1.944904 4.188855 4.684748
 0.000401 2.248740 1.935950 4.184689 4.558110
 0.000401 2.253591 1.927726 4.181317 4.456859
 0.000402 2.258503 1.920312 4.178815 4.382479
 0.000402 2.263605 1.913530 4.177134 4.332846
 0.000403 2.268872 1.907546 4.176418 4.311787
 0.000403 2.274183 1.902560 4.176742 4.321325
 0.000404 2.279691 1.898553 4.178244 4.365582
 0.000404 2.285536 1.895707 4.181243 4.454654
 0.000405 2.291702 1.894218 4.185921 4.595361
 0.000405 2.298176 1.893877 4.192053 4.783156
 0.000406 2.305073 1.895302 4.200375 5.044003
 0.000406 2.312261 1.898776 4.211036 5.388310
 0.000407 2.319688 1.904260 4.223948 5.820519
 0.000407 2.327187 1.912036 4.239223 6.353338
 0.000408 2.334636 1.922195 4.256831 6.996500
 0.000408 2.342016 1.934749 4.276765 7.762069
 0.000409 2.349188 1.949865 4.299053 8.665063
 0.000409 2.356033 1.966921 4.322954 9.688582
 0.000410 2.362535 1.985376 4.347911 10.818340
 0.000410 2.368533 2.005099 4.373633 12.047872
 0.000411 2.373910 2.025160 4.399070 13.328867
 0.000411 2.378549 2.044708 4.423257 14.606904
 0.000412 2.382465 2.063208 4.445672 15.843600
 0.000412 2.385582 2.079910 4.465492 16.978908
 0.000413 2.387960 2.094149 4.482108 17.960998
 0.000413 2.389608 2.105581 4.495189 18.753531
 0.000414 2.390392 2.113756 4.504148 19.306262
 0.000414 2.390528 2.118138 4.508666 19.587996
 0.000415 2.390113 2.119150 4.509263 19.625414
 0.000415 2.389145 2.117000 4.506145 19.430500
 0.000416 2.387635 2.111795 4.499430 19.014204
 0.000416 2.385742 2.103466 4.489207 18.388996
 0.000417 2.383450 2.092381 4.475831 17.586722
 0.000417 2.380642 2.079185 4.459827 16.650405
 0.000418 2.377586 2.064710 4.442296 15.654099
 0.000418 2.374195 2.049484 4.423680 14.629789
 0.000419 2.370397 2.034125 4.404521 13.611823
 0.000419 2.366237 2.019682 4.385918 12.658486
 0.000420 2.361775 2.006714 4.368488 11.796670
 0.000420 2.356862 1.995674 4.352536 11.034561
 0.000421 2.351442 1.986446 4.337888 10.357146
 0.000421 2.345700 1.979853 4.325552 9.803302
 0.000422 2.339629 1.975836 4.315466 9.361763
 0.000422 2.333351 1.974210 4.307561 9.022859
 0.000423 2.326844 1.974435 4.301279 8.757976
 0.000423 2.320145 1.976330 4.296476 8.558095
 0.000424 2.313480 1.979946 4.293427 8.432409
 0.000424 2.307023 1.984659 4.291682 8.360918
 0.000425 2.300758 1.990144 4.290903 8.329078
 0.000425 2.294735 1.996091 4.290825 8.325924
 0.000426 2.289083 2.002253 4.291335 8.346753
 0.000426 2.283593 2.008398 4.291991 8.373542
 0.000427 2.278326 2.014100 4.292426 8.391385
 0.000427 2.273267 2.019275 4.292542 8.396141
 0.000428 2.268286 2.024259 4.292545 8.396231
 0.000428 2.263392 2.028676 4.292068 8.376703
 0.000429 2.258497 2.032504 4.291001 8.333096
 0.000429 2.253459 2.035760 4.289219 8.260490
 0.000430 2.248302 2.037850 4.286152 8.136319
 0.000430 2.242992 2.038571 4.281563 7.952250
 0.000431 2.237527 2.037802 4.275330 7.705595
 0.000431 2.232007 2.035476 4.267482 7.400613
 0.000432 2.226436 2.031758 4.258193 7.047561
 0.000432 2.220973 2.026568 4.247540 6.653288
 0.000433 2.215673 2.019366 4.235040 6.205092
 0.000433 2.210606 2.010060 4.220667 5.709093
 0.000434 2.205755 1.998788 4.204542 5.177239
 0.000434 2.201273 1.985937 4.187210 4.634544
 0.000435 2.197331 1.971750 4.169082 4.099047
 0.000435 2.193828 1.956442 4.150269 3.578102
 0.000436 2.190798 1.940447 4.131245 3.087274
 0.000436 2.188277 1.924380 4.112657 2.642658
 0.000437 2.186148 1.908968 4.095116 2.254791
 0.000437 2.184507 1.895315 4.079821 1.941687
 0.000438 2.183442 1.883936 4.067378 1.704216
 0.000438 2.182910 1.875941 4.058851 1.550426
 0.000439 2.182800 1.871888 4.054688 1.477980
 0.000439 2.183223 1.871542 4.054765 1.479317
 0.000440 2.184136 1.874768 4.058904 1.551366
 0.000440 2.185599 1.881641 4.067239 1.701652
 0.000441 2.187519 1.892376 4.079895 1.943141
 0.000441 2.189838 1.906959 4.096797 2.290624
 0.000442 2.192628 1.924674 4.117302 2.750526
 0.000442 2.195914 1.944876 4.140790 3.329007
 0.000443 2.199900 1.966516 4.166416 4.023086
 0.000443 2.204498 1.989152 4.193650 4.832670
 0.000444 2.209518 2.012469 4.221987 5.753810
 0.000444 2.214999 2.035784 4.250784 6.772116
 0.000445 2.220787 2.058350 4.279137 7.855783
 0.000445 2.226856 2.079420 4.306275 8.968314
 0.000446 2.233180 2.098569 4.331748 10.079586
 0.000446 2.239702 2.115588 4.355290 11.164304
 0.000447 2.246226 2.130543 4.376769 12.202316
 0.000447 2.252698 2.142913 4.395611 13.150873
 0.000448 2.258974 2.152437 4.411411 13.973671
 0.000448 2.264924 2.158868 4.423791 14.635826
 0.000449 2.270490 2.162259 4.432749 15.124478
 0.000449 2.275681 2.162315 4.437995 15.414398
 0.000450 2.280497 2.159195 4.439691 15.508705
 0.000450 2.284912 2.152994 4.437906 15.409458
 0.000451 2.288934 2.144114 4.433048 15.140929
 0.000451 2.292617 2.132617 4.425233 14.713939
 0.000452 2.295966 2.118544 4.414509 14.137936
 0.000452 2.299101 2.102395 4.401495 13.454393
 0.000453 2.302109 2.084731 4.386840 12.704906
 0.000453 2.305018 2.065610 4.370628 11.900823
 0.000454 2.307784 2.045708 4.353492 11.079478
 0.000454 2.310405 2.025667 4.336072 10.274650
 0.000455 2.312795 2.005731 4.318526 9.494657
 0.000455 2.314954 1.986941 4.301896 8.783793
 0.000456 2.316814 1.970191 4.287004 8.170733
 0.000456 2.318384 1.955406 4.273790 7.645275
 0.000457 2.319677 1.943235 4.262912 7.225813
 0.000457 2.320430 1.934156 4.254586 6.912787
 0.000458 2.320611 1.928266 4.248877 6.702141
 0.000458 2.320371 1.925663 4.246034 6.598466
 0.000459 2.319665 1.925845 4.245510 6.579416
 0.000459 2.318811 1.928495 4.247305 6.644713
 0.000460 2.317750 1.933566 4.251316 6.791734
 0.000460 2.316454 1.940758 4.257211 7.010738
 0.000461 2.314984 1.949460 4.264444 7.284176
 0.000461 2.313253 1.958904 4.272157 7.581568
 0.000462 2.311293 1.968216 4.279509 7.870524
 0.000462 2.309067 1.976796 4.285863 8.124652
 0.000463 2.306434 1.984133 4.290566 8.315356
 0.000463 2.303408 1.990092 4.293500 8.435424
 0.000464 2.299953 1.994400 4.294353 8.470476
 0.000464 2.296226 1.997020 4.293246 8.424992
 0.000465 2.292117 1.997704 4.289821 8.284987
 0.000465 2.287585 1.996264 4.283849 8.043674
 0.000466 2.282847 1.992546 4.275393 7.708069
 0.000466 2.277887 1.986758 4.264645 7.291877
 0.000467 2.272666 1.979205 4.251871 6.812208
 0.000467 2.267172 1.969984 4.237156 6.279893
 0.000468 2.261691 1.959368 4.221059 5.722349
 0.000468 2.256289 1.947584 4.203873 5.155721
 0.000469 2.251112 1.934986 4.186098 4.600752
 0.000469 2.246292 1.922035 4.168327 4.077458
 0.000470 2.242117 1.908917 4.151034 3.598580
 0.000470 2.238693 1.896383 4.135075 3.183182
 0.000471 2.236020 1.884391 4.120411 2.823943
 0.000471 2.234277 1.873079 4.107357 2.522216
 0.000472 2.233326 1.862845 4.096171 2.277235
 0.000472 2.233290 1.854165 4.087455 2.095021
 0.000473 2.234284 1.847393 4.081677 1.978426
 0.000473 2.236262 1.842522 4.078784 1.921305
 0.000474 2.239297 1.840115 4.079411 1.933610
 0.000474 2.243305 1.839972 4.083277 2.010385
 0.000475 2.248292 1.842734 4.091026 2.168761
 0.000475 2.254108 1.848546 4.102654 2.417710
 0.000476 2.260515 1.857557 4.118072 2.768618
 0.000476 2.267335 1.869500 4.136835 3.227728
 0.000477 2.274422 1.884204 4.158626 3.805133
 0.000477 2.281753 1.901667 4.183419 4.519843
 0.000478 2.289151 1.921339 4.210490 5.370393
 0.000478 2.296576 1.942537 4.239113 6.349417
 0.000479 2.304048 1.964475 4.268523 7.440723
 0.000479 2.311606 1.986582 4.298188 8.629071
 0.000480 2.319254 2.008387 4.327642 9.896055
 0.000480 2.326879 2.028796 4.355675 11.182498
 0.000481 2.334372 2.046951 4.381324 12.428365
 0.000481 2.341658 2.062125 4.403784 13.573366
 0.000482 2.348739 2.073897 4.422636 14.573380
 0.000482 2.355506 2.081443 4.436949 15.356361
 0.000483 2.361885 2.084398 4.446283 15.878006
 0.000483 2.367829 2.082911 4.450741 16.130187
 0.000484 2.373366 2.077355 4.450721 16.129085
 0.000484 2.378322 2.067843 4.446165 15.871338
 0.000485 2.382703 2.054894 4.437597 15.392270
 0.000485 2.386519 2.039702 4.426222 14.767620
 0.000486 2.389662 2.022561 4.412223 14.016634
 0.000486 2.392186 2.004256 4.396442 13.193531
 0.000487 2.394243 1.985521 4.379764 12.350715
 0.000487 2.395747 1.966774 4.362521 11.508573
 0.000488 2.396878 1.949405 4.346283 10.742751
 0.000488 2.397769 1.933831 4.331600 10.072917
 0.000489 2.398347 1.920436 4.318782 9.505829
 0.000489 2.398761 1.909442 4.308203 9.050129
 0.000490 2.399021 1.900840 4.299861 8.698727
 0.000490 2.399050 1.894855 4.293905 8.452070
 0.000491 2.399083 1.891877 4.290959 8.331390
 0.000491 2.399089 1.891492 4.290581 8.315951
 0.000492 2.398902 1.893722 4.292624 8.399468
 0.000492 2.398457 1.897868 4.296325 8.551875
 0.000493 2.397802 1.904168 4.301970 8.786897
 0.000493 2.397089 1.912052 4.309142 9.090124
 0.000494 2.396216 1.921550 4.317766 9.461591
 0.000494 2.395142 1.932451 4.327593 9.893870
 0.000495 2.393781 1.944496 4.338278 10.374883
 0.000495 2.392259 1.957241 4.349500 10.892391
 0.000496 2.390505 1.970547 4.361052 11.438247
 0.000496 2.388284 1.984118 4.372402 11.987551
 0.000497 2.385781 1.997497 4.383278 12.525985
 0.000497 2.383019 2.010188 4.393207 13.027887
 0.000498 2.379912 2.021057 4.400969 13.427106
 0.000498 2.376582 2.029608 4.406190 13.699010
 0.000499 2.373191 2.035673 4.408864 13.839335
 0.000499 2.369831 2.038764 4.408595 13.825194
 0.000500 2.366588 2.038385 4.404973 13.635405
