#! FIELDS time dAB dAC rc bias
 0.000000 1.847194 3.003503 4.850697 11.907921
 0.000000 1.851513 3.002608 4.854121 12.053057
 0.000001 1.854139 3.001260 4.855399 12.107447
 0.000001 1.855039 2.999586 4.854625 12.074508
 0.000002 1.853616 2.997449 4.851065 11.923492
 0.000002 1.849864 2.994870 4.844734 11.657223
 0.000003 1.843941 2.991941 4.835882 11.290010
 0.000003 1.835816 2.988583 4.824400 10.822434
 0.000004 1.826332 2.984780 4.811113 10.293706
 0.000004 1.815987 2.980596 4.796583 9.730688
 0.000005 1.805560 2.976088 4.781648 9.168451
 0.000005 1.795660 2.971115 4.766775 8.625220
 0.000006 1.786902 2.965749 4.752651 8.124665
 0.000006 1.779592 2.960120 4.739711 7.679216
 0.000007 1.773931 2.954160 4.728091 7.289884
 0.000007 1.770403 2.947864 4.718267 6.968640
 0.000008 1.768905 2.941299 4.710203 6.710384
 0.000008 1.769831 2.934513 4.704344 6.525759
 0.000009 1.773448 2.927509 4.700957 6.420234
 0.000009 1.779343 2.920469 4.699812 6.384740
 0.000010 1.787604 2.913397 4.701000 6.421585
 0.000010 1.797652 2.906212 4.703864 6.510769
 0.000011 1.809519 2.898971 4.708491 6.656149
 0.000011 1.822836 2.891754 4.714591 6.850294
 0.000012 1.837502 2.884708 4.722209 7.096689
 0.000012 1.853177 2.877876 4.731053 7.388150
 0.000013 1.868920 2.871164 4.740084 7.691873
 0.000013 1.884559 2.864638 4.749198 8.004542
 0.000014 1.899513 2.858352 4.757864 8.307675
 0.000014 1.913076 2.852230 4.765306 8.572455
 0.000015 1.924752 2.846417 4.771170 8.783994
 0.000015 1.934373 2.840852 4.775225 8.931818
 0.000016 1.941900 2.835535 4.777435 9.012885
 0.000016 1.947013 2.830499 4.777512 9.015742
 0.000017 1.950144 2.825722 4.775866 8.955306
 0.000017 1.951270 2.821235 4.772504 8.832514
 0.000018 1.950660 2.816936 4.767596 8.654772
 0.000018 1.949096 2.812881 4.761977 8.453488
 0.000019 1.946825 2.809075 4.755900 8.238472
 0.000019 1.944082 2.805542 4.749624 8.019322
 0.000020 1.941279 2.802210 4.743489 7.807954
 0.000020 1.938499 2.799136 4.737635 7.608896
 0.000021 1.936255 2.796246 4.732500 7.436425
 0.000021 1.934449 2.793551 4.727999 7.286856
 0.000022 1.933162 2.791112 4.724274 7.164224
 0.000022 1.932228 2.788766 4.720993 7.057074
 0.000023 1.931425 2.786664 4.718089 6.962884
 0.000023 1.930668 2.784720 4.715388 6.875864
 0.000024 1.929854 2.782947 4.712801 6.793046
 0.000024 1.929217 2.781430 4.710647 6.724464
 0.000025 1.928672 2.779982 4.708654 6.661305
 0.000025 1.928212 2.778613 4.706825 6.603638
 0.000026 1.927385 2.777366 4.704751 6.538523
 0.000026 1.925616 2.776304 4.701921 6.450183
 0.000027 1.922530 2.775403 4.697933 6.326722
 0.000027 1.917692 2.774650 4.692342 6.155662
 0.000028 1.910830 2.774012 4.684842 5.929877
 0.000028 1.902204 2.773516 4.675720 5.660946
 0.000029 1.891665 2.773135 4.664800 5.347210
 0.000029 1.879250 2.772890 4.652140 4.994660
 0.000030 1.865342 2.772715 4.638058 4.616652
 0.000030 1.850612 2.772767 4.623379 4.238455
 0.000031 1.835331 2.773104 4.608435 3.870032
 0.000031 1.819807 2.773734 4.593540 3.519482
 0.000032 1.804306 2.774571 4.578876 3.190620
 0.000032 1.790075 2.775533 4.565608 2.906956
 0.000033 1.777785 2.776695 4.554480 2.679216
 0.000033 1.767886 2.778088 4.545975 2.511427
 0.000034 1.760726 2.779640 4.540366 2.403759
 0.000034 1.756472 2.781258 4.537730 2.353958
 0.000035 1.755284 2.782955 4.538239 2.363529
 0.000035 1.757370 2.784661 4.542031 2.435476
 0.000036 1.762612 2.786433 4.549045 2.571367
 0.000036 1.771089 2.788362 4.559451 2.779801
 0.000037 1.782012 2.790473 4.572486 3.052344
 0.000037 1.795283 2.792689 4.587972 3.392698
 0.000038 1.809401 2.794940 4.604341 3.772015
 0.000038 1.823816 2.797148 4.620964 4.177788
 0.000039 1.838236 2.799302 4.637538 4.602983
 0.000039 1.851508 2.801408 4.652916 5.015948
 0.000040 1.862723 2.803457 4.666180 5.386365
 0.000040 1.871748 2.805569 4.677317 5.707589
 0.000041 1.878078 2.807710 4.685788 5.958125
 0.000041 1.881762 2.809847 4.691609 6.133420
 0.000042 1.883295 2.811914 4.695210 6.243115
 0.000042 1.883175 2.813938 4.697112 6.301474
 0.000043 1.881908 2.815828 4.697736 6.320671
 0.000043 1.879671 2.817707 4.697378 6.309634
 0.000044 1.876903 2.819600 4.696503 6.282769
 0.000044 1.874546 2.821322 4.695867 6.263257
 0.000045 1.873034 2.822868 4.695903 6.264341
 0.000045 1.872182 2.824325 4.696506 6.282860
 0.000046 1.872643 2.825500 4.698143 6.333196
 0.000046 1.874995 2.826466 4.701461 6.435886
 0.000047 1.879300 2.827321 4.706621 6.597202
 0.000047 1.884930 2.828036 4.712967 6.798334
 0.000048 1.892342 2.828640 4.720982 7.056719
 0.000048 1.901091 2.829151 4.730243 7.361211
 0.000049 1.911342 2.829380 4.740722 7.713559
 0.000049 1.922722 2.829341 4.752063 8.104142
 0.000050 1.934768 2.829110 4.763878 8.521308
 0.000050 1.947173 2.828742 4.775915 8.957106
 0.000051 1.959021 2.828216 4.787237 9.376900
 0.000051 1.970072 2.827473 4.797545 9.767495
 0.000052 1.979680 2.826408 4.806088 10.097218
 0.000052 1.987247 2.825216 4.812463 10.346831
 0.000053 1.992717 2.823907 4.816624 10.511410
 0.000053 1.995168 2.822457 4.817625 10.551190
 0.000054 1.994692 2.820941 4.815633 10.472112
 0.000054 1.991478 2.819204 4.810681 10.276773
 0.000055 1.985536 2.817429 4.802965 9.976059
 0.000055 1.977271 2.815607 4.792878 9.589664
 0.000056 1.967413 2.813751 4.781164 9.150529
 0.000056 1.956098 2.811806 4.767904 8.665860
 0.000057 1.944306 2.809701 4.754007 8.172077
 0.000057 1.932970 2.807537 4.740507 7.706239
 0.000058 1.922745 2.805311 4.728056 7.288733
 0.000058 1.913781 2.802993 4.716773 6.920440
 0.000059 1.906669 2.800742 4.707411 6.622070
 0.000059 1.902216 2.798544 4.700760 6.414115
 0.000060 1.900204 2.796313 4.696517 6.283194
 0.000060 1.901074 2.794015 4.695089 6.239437
 0.000061 1.905091 2.791588 4.696679 6.288153
 0.000061 1.911545 2.789157 4.700702 6.412319
 0.000062 1.920445 2.786726 4.707171 6.614511
 0.000062 1.931804 2.784381 4.716185 6.901488
 0.000063 1.945338 2.782082 4.727420 7.267720
 0.000063 1.960185 2.779773 4.739958 7.687584
 0.000064 1.975862 2.777376 4.753239 8.145187
 0.000064 1.992090 2.775037 4.767127 8.637873
 0.000065 2.007896 2.772672 4.780569 9.128481
 0.000065 2.022491 2.770105 4.792597 9.578993
 0.000066 2.035108 2.767480 4.802588 9.961481
 0.000066 2.044916 2.764827 4.809743 10.239960
 0.000067 2.051286 2.762042 4.813327 10.380914
 0.000067 2.054348 2.759143 4.813491 10.387378
 0.000068 2.054221 2.756047 4.810269 10.260578
 0.000068 2.051071 2.752830 4.803902 10.012316
 0.000069 2.045593 2.749576 4.795169 9.676746
 0.000069 2.038699 2.746223 4.784922 9.290298
 0.000070 2.031400 2.742753 4.774153 8.892635
 0.000070 2.024342 2.739268 4.763610 8.511724
 0.000071 2.018268 2.735705 4.753972 8.170843
 0.000071 2.013829 2.732178 4.746007 7.894383
 0.000072 2.011457 2.728520 4.739977 7.688230
 0.000072 2.011882 2.724761 4.736643 7.575416
 0.000073 2.015175 2.720859 4.736034 7.554897
 0.000073 2.021448 2.716953 4.738401 7.634790
 0.000074 2.030644 2.712938 4.743582 7.811151
 0.000074 2.042811 2.708901 4.751713 8.091929
 0.000075 2.057529 2.704863 4.762392 8.468272
 0.000075 2.074477 2.700879 4.775356 8.936616
 0.000076 2.092794 2.696857 4.789652 9.467694
 0.000076 2.111804 2.692875 4.804679 10.042437
 0.000077 2.131157 2.688961 4.820118 10.650614
 0.000077 2.150097 2.685156 4.835253 11.264146
 0.000078 2.167083 2.681376 4.848459 11.813503
 0.000078 2.181504 2.677712 4.859216 12.270674
 0.000079 2.192954 2.674186 4.867140 12.612995
 0.000079 2.201050 2.670919 4.871969 12.823904
 0.000080 2.205568 2.667891 4.873460 12.889367
 0.000080 2.206508 2.665207 4.871716 12.812804
 0.000081 2.203773 2.662710 4.866483 12.584428
 0.000081 2.197857 2.660345 4.858203 12.227242
 0.000082 2.189569 2.658177 4.847746 11.783540
 0.000082 2.179115 2.656325 4.835440 11.271814
 0.000083 2.167454 2.654870 4.822325 10.739000
 0.000083 2.155921 2.653733 4.809654 10.236469
 0.000084 2.144986 2.652837 4.797823 9.778109
 0.000084 2.135203 2.652223 4.787426 9.383986
 0.000085 2.127216 2.651835 4.779051 9.072425
 0.000085 2.121201 2.651714 4.772914 8.847444
 0.000086 2.117396 2.651932 4.769328 8.717260
 0.000086 2.116143 2.652576 4.768719 8.695264
 0.000087 2.117541 2.653625 4.771166 8.783854
 0.000087 2.121264 2.654868 4.776131 8.965021
 0.000088 2.126767 2.656417 4.783183 9.225499
 0.000088 2.133199 2.658366 4.791565 9.539912
 0.000089 2.140183 2.660645 4.800828 9.893542
 0.000089 2.147284 2.663228 4.810512 10.270104
 0.000090 2.153616 2.666058 4.819673 10.632849
 0.000090 2.158531 2.669168 4.827699 10.955792
 0.000091 2.161831 2.672558 4.834389 11.228678
 0.000091 2.163163 2.676085 4.839248 11.428969
 0.000092 2.161696 2.679665 4.841361 11.516593
 0.000092 2.156988 2.683448 4.840436 11.478202
 0.000093 2.148704 2.687343 4.836047 11.296816
 0.000093 2.137400 2.691303 4.828703 10.996529
 0.000094 2.123571 2.695294 4.818864 10.600567
 0.000094 2.107751 2.699293 4.807044 10.134454
 0.000095 2.090864 2.703294 4.794158 9.638282
 0.000095 2.073673 2.707310 4.780983 9.143838
 0.000096 2.056885 2.711302 4.768187 8.676083
 0.000096 2.041060 2.715280 4.756340 8.253946
 0.000097 2.026698 2.719271 4.745970 7.893085
 0.000097 2.014349 2.723208 4.737557 7.606278
 0.000098 2.004533 2.727014 4.731546 7.404591
 0.000098 1.997758 2.730785 4.728544 7.304871
 0.000099 1.993997 2.734490 4.728487 7.302991
 0.000099 1.993206 2.738177 4.731383 7.399164
 0.000100 1.995578 2.741745 4.737322 7.598337
 0.000100 2.000472 2.745168 4.745640 7.881760
 0.000101 2.007752 2.748361 4.756113 8.245973
 0.000101 2.016738 2.751573 4.768311 8.680549
 0.000102 2.026870 2.754610 4.781480 9.162242
 0.000102 2.037640 2.757338 4.794978 9.669475
 0.000103 2.048276 2.759822 4.808097 10.175565
 0.000103 2.057658 2.761911 4.819569 10.628689
 0.000104 2.065037 2.763609 4.828646 10.994187
 0.000104 2.069541 2.764970 4.834511 11.233662
 0.000105 2.071209 2.765861 4.837070 11.338966
 0.000105 2.069893 2.766482 4.836375 11.310314
 0.000106 2.065562 2.766878 4.832440 11.148799
 0.000106 2.058446 2.766984 4.825430 10.863998
 0.000107 2.049234 2.766768 4.816002 10.486733
 0.000107 2.038255 2.766161 4.804416 10.032256
 0.000108 2.026355 2.765206 4.791561 9.539765
 0.000108 2.014305 2.764014 4.778318 9.045399
 0.000109 2.002680 2.762448 4.765128 8.566056
 0.000109 1.991818 2.760459 4.752277 8.111591
 0.000110 1.982811 2.758257 4.741068 7.725319
 0.000110 1.975925 2.755884 4.731810 7.413382
 0.000111 1.970988 2.753144 4.724132 7.159558
 0.000111 1.968177 2.750223 4.718401 6.972967
 0.000112 1.967658 2.747070 4.714727 6.854678
 0.000112 1.969036 2.743752 4.712788 6.792635
 0.000113 1.972597 2.740468 4.713066 6.801494
 0.000113 1.978445 2.736950 4.715395 6.876092
 0.000114 1.986612 2.733141 4.719753 7.016769
 0.000114 1.996061 2.729157 4.725218 7.195190
 0.000115 2.006361 2.725090 4.731451 7.401420
 0.000115 2.016672 2.720889 4.737561 7.606414
 0.000116 2.026363 2.716528 4.742892 7.787539
 0.000116 2.034863 2.712226 4.747089 7.931641
 0.000117 2.041517 2.708122 4.749639 8.019842
 0.000117 2.045343 2.704130 4.749473 8.014084
 0.000118 2.046096 2.700125 4.746221 7.901741
 0.000118 2.043646 2.696160 4.739807 7.682445
 0.000119 2.037890 2.692331 4.730221 7.360480
 0.000119 2.029329 2.688580 4.717909 6.957066
 0.000120 2.018814 2.684967 4.703781 6.508176
 0.000120 2.007236 2.681517 4.688753 6.047094
 0.000121 1.995253 2.678131 4.673385 5.593093
 0.000121 1.983758 2.674887 4.658646 5.174336
 0.000122 1.972912 2.671667 4.644579 4.789860
 0.000122 1.963260 2.668667 4.631927 4.456740
 0.000123 1.955865 2.665809 4.621674 4.195590
 0.000123 1.950442 2.663214 4.613656 3.996855
 0.000124 1.947456 2.660945 4.608402 3.869229
 0.000124 1.946947 2.658875 4.605822 3.807328
 0.000125 1.948662 2.657036 4.605698 3.804367
 0.000125 1.952431 2.655400 4.607832 3.855509
 0.000126 1.958264 2.654035 4.612299 3.963683
 0.000126 1.966025 2.652810 4.618835 4.124662
 0.000127 1.975080 2.651802 4.626882 4.327256
 0.000127 1.985202 2.651011 4.636212 4.568220
 0.000128 1.996024 2.650378 4.646403 4.838870
 0.000128 2.007150 2.649803 4.656953 5.127268
 0.000129 2.017601 2.649328 4.666929 5.407666
 0.000129 2.026881 2.649068 4.675949 5.667605
 0.000130 2.034103 2.649003 4.683106 5.878216
 0.000130 2.038467 2.649127 4.687594 6.012252
 0.000131 2.039612 2.649462 4.689074 6.056771
 0.000131 2.037960 2.649953 4.687914 6.021843
 0.000132 2.033575 2.650537 4.684111 5.908113
 0.000132 2.027124 2.651349 4.678472 5.741431
 0.000133 2.019498 2.652223 4.671721 5.545013
 0.000133 2.011107 2.653221 4.664328 5.333853
 0.000134 2.002537 2.654317 4.656854 5.124536
 0.000134 1.994636 2.655489 4.650125 4.939667
 0.000135 1.987600 2.656642 4.644242 4.780837
 0.000135 1.982081 2.657734 4.639814 4.662996
 0.000136 1.978174 2.658833 4.637007 4.589057
 0.000136 1.975884 2.659864 4.635748 4.556083
 0.000137 1.975285 2.660950 4.636235 4.568807
 0.000137 1.976679 2.662052 4.638731 4.634378
 0.000138 1.979992 2.663204 4.643196 4.752857
 0.000138 1.985046 2.664511 4.649557 4.924225
 0.000139 1.991439 2.665907 4.657347 5.138200
 0.000139 1.999255 2.667449 4.666704 5.401260
 0.000140 2.008131 2.668998 4.677129 5.702089
 0.000140 2.017275 2.670589 4.687864 6.020353
 0.000141 2.025558 2.672176 4.697733 6.320589
 0.000141 2.032536 2.673862 4.706397 6.590178
 0.000142 2.037571 2.675662 4.713234 6.806866
 0.000142 2.040075 2.677623 4.717698 6.950263
 0.000143 2.040145 2.679752 4.719897 7.021446
 0.000143 2.037364 2.681986 4.719350 7.003706
 0.000144 2.031970 2.684414 4.716384 6.907906
 0.000144 2.024359 2.687020 4.711379 6.747727
 0.000145 2.014907 2.689730 4.704637 6.534947
 0.000145 2.004202 2.692591 4.696794 6.291690
 0.000146 1.992859 2.695486 4.688345 6.034823
 0.000146 1.981462 2.698677 4.680139 5.790457
 0.000147 1.970622 2.702173 4.672795 5.576019
 0.000147 1.960907 2.705895 4.666802 5.404058
 0.000148 1.952515 2.709738 4.662253 5.275321
 0.000148 1.945783 2.713775 4.659557 5.199758
 0.000149 1.940949 2.718186 4.659135 5.187980
 0.000149 1.937942 2.722932 4.660874 5.236597
 0.000150 1.937093 2.727821 4.664913 5.350419
 0.000150 1.938402 2.733028 4.671430 5.536633
 0.000151 1.941410 2.738462 4.679871 5.782564
 0.000151 1.945536 2.744025 4.689561 6.071454
 0.000152 1.950390 2.749780 4.700170 6.395835
 0.000152 1.955278 2.755600 4.710879 6.731820
 0.000153 1.960164 2.761510 4.721674 7.079247
 0.000153 1.964431 2.767516 4.731947 7.417963
 0.000154 1.966855 2.773603 4.740458 7.704579
 0.000154 1.967147 2.779848 4.746995 7.928392
 0.000155 1.965147 2.786324 4.751471 8.083507
 0.000155 1.960340 2.792972 4.753312 8.147761
 0.000156 1.952997 2.799735 4.752732 8.127491
 0.000156 1.943257 2.806563 4.749820 8.026143
 0.000157 1.931400 2.813560 4.744960 7.858369
 0.000157 1.918057 2.820637 4.738694 7.644713
 0.000158 1.904042 2.827746 4.731789 7.412671
 0.000158 1.890016 2.834765 4.724780 7.180821
 0.000159 1.876430 2.841905 4.718335 6.970850
 0.000159 1.863986 2.848955 4.712941 6.797524
 0.000160 1.852595 2.855962 4.708557 6.658263
 0.000160 1.843245 2.862872 4.706117 6.581366
 0.000161 1.835999 2.869783 4.705782 6.570840
 0.000161 1.830786 2.876601 4.707386 6.621304
 0.000162 1.827478 2.883347 4.710825 6.730127
 0.000162 1.826329 2.889944 4.716273 6.904340
 0.000163 1.827201 2.896259 4.723460 7.137541
 0.000163 1.829680 2.902457 4.732137 7.424312
 0.000164 1.833671 2.908456 4.742127 7.761419
 0.000164 1.839153 2.914290 4.753443 8.152329
 0.000165 1.845636 2.919934 4.765570 8.581917
 0.000165 1.852752 2.925309 4.778061 9.035943
 0.000166 1.859987 2.930365 4.790352 9.494103
 0.000166 1.866549 2.935142 4.801692 9.926843
 0.000167 1.872236 2.939576 4.811812 10.321221
 0.000167 1.876665 2.943698 4.820363 10.660392
 0.000168 1.879395 2.947461 4.826857 10.921653
 0.000168 1.879898 2.950942 4.830840 11.083476
 0.000169 1.878672 2.954178 4.832850 11.165597
 0.000169 1.875683 2.957069 4.832752 11.161567
 0.000170 1.871415 2.959641 4.831056 11.092308
 0.000170 1.866223 2.961942 4.828165 10.974666
 0.000171 1.860485 2.963942 4.824427 10.823539
 0.000171 1.854300 2.965577 4.819876 10.640953
 0.000172 1.848089 2.966816 4.814905 10.443266
 0.000172 1.842319 2.967665 4.809985 10.249439
 0.000173 1.837498 2.968128 4.805626 10.079254
 0.000173 1.834041 2.968366 4.802406 9.954445
 0.000174 1.832082 2.968204 4.800286 9.872673
 0.000174 1.831678 2.967614 4.799292 9.834462
 0.000175 1.833057 2.966740 4.799796 9.853847
 0.000175 1.835713 2.965583 4.801296 9.911584
 0.000176 1.840037 2.964203 4.804239 10.025403
 0.000176 1.845851 2.962432 4.808283 10.182822
 0.000177 1.853057 2.960368 4.813426 10.384810
 0.000177 1.861418 2.957973 4.819391 10.621580
 0.000178 1.870823 2.955295 4.826117 10.891760
 0.000178 1.880889 2.952547 4.833437 11.189613
 0.000179 1.891381 2.949576 4.840957 11.499835
 0.000179 1.901505 2.946411 4.847916 11.790670
 0.000180 1.910932 2.942932 4.853864 12.042140
 0.000180 1.919683 2.939138 4.858821 12.253755
 0.000181 1.927343 2.935182 4.862525 12.413066
 0.000181 1.933513 2.931056 4.864569 12.501389
 0.000182 1.938305 2.926752 4.865058 12.522587
 0.000182 1.941054 2.922351 4.863405 12.451053
 0.000183 1.941732 2.917771 4.859503 12.283002
 0.000183 1.940363 2.913075 4.853438 12.024028
 0.000184 1.937189 2.908293 4.845482 11.688519
 0.000184 1.932457 2.903527 4.835984 11.294218
 0.000185 1.926618 2.898736 4.825354 10.860906
 0.000185 1.920579 2.894004 4.814583 10.430541
 0.000186 1.914459 2.889291 4.803750 10.006446
 0.000186 1.908408 2.884678 4.793086 9.597544
 0.000187 1.902712 2.880188 4.782900 9.214942
 0.000187 1.897799 2.875740 4.773540 8.870233
 0.000188 1.893707 2.871299 4.765005 8.561670
 0.000188 1.890349 2.866849 4.757198 8.284181
 0.000189 1.888446 2.862344 4.750790 8.059828
 0.000189 1.887878 2.857859 4.745737 7.885079
 0.000190 1.888444 2.853361 4.741805 7.750437
 0.000190 1.890393 2.848848 4.739241 7.663268
 0.000191 1.893531 2.844328 4.737859 7.616485
 0.000191 1.897744 2.839775 4.737519 7.604985
 0.000192 1.902704 2.835244 4.737948 7.619472
 0.000192 1.908133 2.830711 4.738844 7.649809
 0.000193 1.913453 2.826221 4.739674 7.677950
 0.000193 1.918458 2.821799 4.740257 7.697736
 0.000194 1.922764 2.817465 4.740229 7.696784
 0.000194 1.925675 2.813170 4.738845 7.649830
 0.000195 1.927041 2.808966 4.736007 7.554014
 0.000195 1.926470 2.804788 4.731258 7.395005
 0.000196 1.924120 2.800773 4.724893 7.184515
 0.000196 1.920344 2.796885 4.717230 6.935149
 0.000197 1.915307 2.793040 4.708347 6.651613
 0.000197 1.908989 2.789392 4.698381 6.340538
 0.000198 1.902057 2.785845 4.687902 6.021491
 0.000198 1.894756 2.782522 4.677278 5.706447
 0.000199 1.887433 2.779423 4.666856 5.405580
 0.000199 1.880108 2.776462 4.656571 5.116679
 0.000200 1.873352 2.773671 4.647024 4.855613
 0.000200 1.867362 2.770996 4.638358 4.624554
 0.000201 1.862178 2.768426 4.630604 4.422586
 0.000201 1.858634 2.766049 4.624683 4.271403
 0.000202 1.856799 2.763870 4.620669 4.170397
 0.000202 1.856201 2.761821 4.618022 4.104460
 0.000203 1.857193 2.759900 4.617093 4.081440
 0.000203 1.860443 2.758288 4.618731 4.122065
 0.000204 1.865854 2.756835 4.622689 4.221073
 0.000204 1.872836 2.755488 4.628324 4.364056
 0.000205 1.880917 2.754253 4.635170 4.540979
 0.000205 1.889839 2.753063 4.642902 4.745014
 0.000206 1.899001 2.751890 4.650890 4.960525
 0.000206 1.907870 2.750603 4.658473 5.169523
 0.000207 1.916133 2.749259 4.665392 5.363973
 0.000207 1.923946 2.747885 4.671831 5.548188
 0.000208 1.930614 2.746585 4.677199 5.704123
 0.000208 1.935245 2.745314 4.680559 5.802836
 0.000209 1.938168 2.744020 4.682189 5.851008
 0.000209 1.939542 2.742708 4.682250 5.852841
 0.000210 1.939610 2.741431 4.681041 5.817070
 0.000210 1.938535 2.740287 4.678822 5.751684
 0.000211 1.936627 2.739083 4.675710 5.660654
 0.000211 1.933856 2.737942 4.671798 5.547231
 0.000212 1.930746 2.736898 4.667644 5.428056
 0.000212 1.927288 2.735900 4.663188 5.301653
 0.000213 1.923961 2.735189 4.659150 5.188389
 0.000213 1.921147 2.734750 4.655897 5.098039
 0.000214 1.919317 2.734483 4.653800 5.040205
 0.000214 1.918116 2.734334 4.652451 5.003176
 0.000215 1.918038 2.734321 4.652359 5.000660
 0.000215 1.919308 2.734567 4.653876 5.042289
 0.000216 1.922065 2.735040 4.657105 5.131488
 0.000216 1.926287 2.735890 4.662176 5.273163
 0.000217 1.931245 2.737059 4.668304 5.446910
 0.000217 1.936933 2.738451 4.675384 5.651156
 0.000218 1.942826 2.740050 4.682876 5.871394
 0.000218 1.948453 2.741869 4.690322 6.094430
 0.000219 1.953630 2.743975 4.697605 6.316621
 0.000219 1.957565 2.746435 4.704000 6.515010
 0.000220 1.960073 2.749049 4.709121 6.676093
 0.000220 1.961106 2.751773 4.712879 6.795532
 0.000221 1.960184 2.754600 4.714784 6.856510
 0.000221 1.957467 2.757594 4.715061 6.865371
 0.000222 1.953185 2.760796 4.713981 6.830780
 0.000222 1.947400 2.764165 4.711564 6.753629
 0.000223 1.940455 2.767474 4.707929 6.638407
 0.000223 1.932652 2.770780 4.703432 6.497269
 0.000224 1.923755 2.774057 4.697812 6.323005
 0.000224 1.914173 2.777250 4.691424 6.127797
 0.000225 1.904268 2.780313 4.684581 5.922085
 0.000225 1.894632 2.783393 4.678026 5.728329
 0.000226 1.885725 2.786336 4.672061 5.554835
 0.000226 1.877559 2.789176 4.666735 5.402145
 0.000227 1.870249 2.791863 4.662111 5.271332
 0.000227 1.864032 2.794427 4.658459 5.169131
 0.000228 1.859064 2.796796 4.655859 5.096999
 0.000228 1.855305 2.798912 4.654217 5.051697
 0.000229 1.852711 2.800803 4.653514 5.032351
 0.000229 1.851541 2.802469 4.654010 5.045986
 0.000230 1.851483 2.803907 4.655390 5.084017
 0.000230 1.852267 2.805141 4.657408 5.139898
 0.000231 1.854256 2.806056 4.660311 5.220835
 0.000231 1.856804 2.806709 4.663513 5.310810
 0.000232 1.859419 2.807030 4.666449 5.394017
 0.000232 1.861735 2.807030 4.668765 5.460093
 0.000233 1.863663 2.806775 4.670438 5.508062
 0.000233 1.864660 2.806314 4.670974 5.523482
 0.000234 1.864506 2.805666 4.670171 5.500414
 0.000234 1.863027 2.804870 4.667897 5.435282
 0.000235 1.859677 2.803813 4.663491 5.310185
 0.000235 1.854815 2.802513 4.657328 5.137682
 0.000236 1.848889 2.801048 4.649937 4.934547
 0.000236 1.842420 2.799362 4.641782 4.715176
 0.000237 1.835671 2.797398 4.633069 4.486313
 0.000237 1.828879 2.795326 4.624206 4.259333
 0.000238 1.822671 2.793181 4.615852 4.050802
 0.000238 1.817327 2.790946 4.608273 3.866135
 0.000239 1.813333 2.788652 4.601985 3.716181
 0.000239 1.811323 2.786248 4.597571 3.612701
 0.000240 1.811630 2.783755 4.595385 3.561997
 0.000240 1.813912 2.781137 4.595049 3.554231
 0.000241 1.817985 2.778386 4.596370 3.584806
 0.000241 1.824024 2.775511 4.599535 3.658572
 0.000242 1.831706 2.772557 4.604263 3.770156
 0.000242 1.840864 2.769755 4.610619 3.922827
 0.000243 1.851553 2.766996 4.618549 4.117547
 0.000243 1.863185 2.764053 4.627239 4.336334
 0.000244 1.875247 2.761049 4.636296 4.570410
 0.000244 1.887837 2.758113 4.645950 4.826691
 0.000245 1.900097 2.755124 4.655221 5.079357
 0.000245 1.911623 2.752120 4.663743 5.317319
 0.000246 1.922230 2.749098 4.671329 5.533706
 0.000246 1.931721 2.746072 4.677794 5.721527
 0.000247 1.939427 2.743108 4.682535 5.861275
 0.000247 1.944777 2.740240 4.685017 5.935087
 0.000248 1.948023 2.737539 4.685562 5.951375
 0.000248 1.949766 2.734929 4.684695 5.925508
 0.000249 1.950363 2.732343 4.682706 5.866340
 0.000249 1.950322 2.729936 4.680258 5.793946
 0.000250 1.949797 2.727838 4.677634 5.716869
 0.000250 1.949193 2.725985 4.675178 5.645171
 0.000251 1.949151 2.724406 4.673557 5.598085
 0.000251 1.949981 2.723084 4.673066 5.583858
 0.000252 1.952208 2.721971 4.674179 5.616128
 0.000252 1.956300 2.720990 4.677290 5.706789
 0.000253 1.962344 2.720194 4.682538 5.861360
 0.000253 1.970040 2.719570 4.689610 6.072934
 0.000254 1.979470 2.719101 4.698571 6.346393
 0.000254 1.990834 2.718875 4.709709 6.694709
 0.000255 2.003435 2.718852 4.722288 7.099255
 0.000255 2.017172 2.719069 4.736240 7.561857
 0.000256 2.031261 2.719506 4.750768 8.059041
 0.000256 2.045578 2.720155 4.765733 8.587781
 0.000257 2.060261 2.720909 4.781169 9.150727
 0.000257 2.074735 2.721807 4.796541 9.729091
 0.000258 2.087843 2.722673 4.810516 10.270261
 0.000258 2.098731 2.723565 4.822296 10.737832
 0.000259 2.107028 2.724523 4.831551 11.112489
 0.000259 2.112870 2.725614 4.838484 11.397345
 0.000260 2.115924 2.726805 4.842728 11.573516
 0.000260 2.116123 2.728002 4.844125 11.631766
 0.000261 2.113949 2.729174 4.843123 11.589945
 0.000261 2.109954 2.730313 4.840267 11.471184
 0.000262 2.104411 2.731316 4.835727 11.283650
 0.000262 2.097448 2.732198 4.829646 11.034846
 0.000263 2.089565 2.732898 4.822463 10.744532
 0.000263 2.081276 2.733447 4.814723 10.436064
 0.000264 2.073332 2.733823 4.807155 10.138764
 0.000264 2.066542 2.734122 4.800664 9.887222
 0.000265 2.060908 2.734225 4.795133 9.675387
 0.000265 2.056671 2.734192 4.790863 9.513368
 0.000266 2.053907 2.734011 4.787918 9.402456
 0.000266 2.052404 2.733730 4.786134 9.335593
 0.000267 2.052318 2.733398 4.785717 9.319976
 0.000267 2.053585 2.733111 4.786696 9.356633
 0.000268 2.056072 2.732795 4.788867 9.438123
 0.000268 2.059392 2.732549 4.791942 9.554172
 0.000269 2.063112 2.732347 4.795459 9.687796
 0.000269 2.066499 2.732095 4.798594 9.807665
 0.000270 2.069174 2.731875 4.801049 9.902043
 0.000270 2.070379 2.731660 4.802039 9.940260
 0.000271 2.069865 2.731492 4.801356 9.913914
 0.000271 2.067446 2.731404 4.798850 9.817501
 0.000272 2.063480 2.731294 4.794774 9.661704
 0.000272 2.058009 2.731286 4.789295 9.454239
 0.000273 2.050965 2.731261 4.782226 9.189918
 0.000273 2.043044 2.731344 4.774387 8.901174
 0.000274 2.034421 2.731690 4.766111 8.601347
 0.000274 2.025272 2.732318 4.757589 8.297959
 0.000275 2.016079 2.733130 4.749210 8.004964
 0.000275 2.008182 2.734001 4.742183 7.763326
 0.000276 2.002085 2.735015 4.737100 7.590844
 0.000276 1.998045 2.736226 4.734271 7.495668
 0.000277 1.996320 2.737536 4.733856 7.481763
 0.000277 1.997181 2.739006 4.736187 7.560051
 0.000278 2.000996 2.740721 4.741717 7.747432
 0.000278 2.007677 2.742633 4.750310 8.043127
 0.000279 2.016640 2.744720 4.761360 8.431534
 0.000279 2.027595 2.746902 4.774498 8.905213
 0.000280 2.040447 2.749337 4.789784 9.472669
 0.000280 2.054667 2.751948 4.806615 10.117732
 0.000281 2.069934 2.754647 4.824581 10.829762
 0.000281 2.084754 2.757299 4.842052 11.545372
 0.000282 2.098113 2.759945 4.858057 12.221016
 0.000282 2.109987 2.762704 4.872690 12.855572
 0.000283 2.119756 2.765485 4.885241 13.412615
 0.000283 2.126601 2.768408 4.895009 13.854332
 0.000284 2.130519 2.771221 4.901740 14.162877
 0.000284 2.131807 2.774016 4.905823 14.351679
 0.000285 2.130603 2.776541 4.907144 14.413052
 0.000285 2.127305 2.778851 4.906156 14.367155
 0.000286 2.122848 2.780955 4.903803 14.258123
 0.000286 2.117819 2.782797 4.900616 14.111101
 0.000287 2.112473 2.784323 4.896795 13.935866
 0.000287 2.107339 2.785476 4.892815 13.754474
 0.000288 2.102857 2.786197 4.889054 13.584183
 0.000288 2.099228 2.786500 4.885728 13.434446
 0.000289 2.096667 2.786508 4.883176 13.320129
 0.000289 2.095495 2.786218 4.881713 13.254823
 0.000290 2.095809 2.785540 4.881349 13.238618
 0.000290 2.097657 2.784507 4.882165 13.274988
 0.000291 2.100887 2.783186 4.884073 13.360270
 0.000291 2.105973 2.781505 4.887478 13.513135
 0.000292 2.112603 2.779505 4.892108 13.722407
 0.000292 2.120079 2.777064 4.897143 13.951756
 0.000293 2.128048 2.774269 4.902317 14.189459
 0.000293 2.136399 2.771116 4.907515 14.430309
 0.000294 2.144001 2.767668 4.911669 14.624226
 0.000294 2.150574 2.763919 4.914493 14.756755
 0.000295 2.155747 2.759869 4.915616 14.809637
 0.000295 2.158891 2.755525 4.914416 14.753146
 0.000296 2.159507 2.750943 4.910450 14.567180
 0.000296 2.156859 2.746179 4.903037 14.222725
 0.000297 2.150637 2.741212 4.891849 13.710632
 0.000297 2.140886 2.735979 4.876865 13.039547
 0.000298 2.127518 2.730499 4.858017 12.219289
 0.000298 2.110753 2.724931 4.835683 11.281831
 0.000299 2.091331 2.719338 4.810670 10.276305
 0.000299 2.070198 2.713632 4.783829 9.249546
 0.000300 2.048629 2.707839 4.756469 8.258476
 0.000300 2.027707 2.702070 4.729777 7.345739
 0.000301 2.007862 2.696357 4.704219 6.521867
 0.000301 1.989967 2.690693 4.680660 5.805814
 0.000302 1.974785 2.685040 4.659826 5.207253
 0.000302 1.962924 2.679537 4.642462 4.733271
 0.000303 1.955049 2.674066 4.629115 4.384324
 0.000303 1.951482 2.668730 4.620212 4.158988
 0.000304 1.951958 2.663581 4.615539 4.043083
 0.000304 1.956456 2.658679 4.615136 4.033155
 0.000305 1.964781 2.653929 4.618711 4.121566
 0.000305 1.976073 2.649305 4.625378 4.289003
 0.000306 1.989299 2.644697 4.633996 4.510383
 0.000306 2.003516 2.640298 4.643814 4.769368
 0.000307 2.017207 2.636113 4.653320 5.027021
 0.000307 2.029578 2.632109 4.661688 5.259421
 0.000308 2.039879 2.628365 4.668244 5.445201
 0.000308 2.046624 2.624946 4.671570 5.540662
 0.000309 2.049626 2.621820 4.671446 5.537090
 0.000309 2.048772 2.619058 4.667830 5.433364
 0.000310 2.044717 2.616706 4.661423 5.251992
 0.000310 2.038250 2.614736 4.652986 5.017857
 0.000311 2.030251 2.613074 4.643324 4.756288
 0.000311 2.022084 2.611688 4.633773 4.504587
 0.000312 2.014613 2.610500 4.625113 4.282303
 0.000312 2.008400 2.609716 4.618117 4.106814
 0.000313 2.004772 2.609225 4.613997 4.005209
 0.000313 2.003917 2.609078 4.612995 3.980677
 0.000314 2.005901 2.609284 4.615185 4.034380
 0.000314 2.011003 2.609838 4.620841 4.174717
 0.000315 2.019137 2.610726 4.629863 4.403525
 0.000315 2.030196 2.611870 4.642066 4.722736
 0.000316 2.044168 2.613265 4.657433 5.140600
 0.000316 2.060840 2.614846 4.675686 5.659949
 0.000317 2.079730 2.616628 4.696358 6.278300
 0.000317 2.099774 2.618670 4.718444 6.974361
 0.000318 2.120562 2.620969 4.741531 7.741102
 0.000318 2.141246 2.623376 4.764622 8.547937
 0.000319 2.160702 2.625941 4.786643 9.354644
 0.000319 2.178058 2.628543 4.806601 10.117177
 0.000320 2.192461 2.631253 4.823713 10.794807
 0.000320 2.203697 2.633993 4.837690 11.364538
 0.000321 2.211131 2.636827 4.847958 11.792448
 0.000321 2.214848 2.639747 4.854595 12.073234
 0.000322 2.214454 2.642808 4.857262 12.187000
 0.000322 2.210269 2.645881 4.856150 12.139478
 0.000323 2.203086 2.648815 4.851902 11.958883
 0.000323 2.193186 2.651661 4.844847 11.661963
 0.000324 2.181305 2.654556 4.835860 11.289126
 0.000324 2.168041 2.657421 4.825462 10.865295
 0.000325 2.153154 2.660342 4.813496 10.387564
 0.000325 2.137277 2.663232 4.800508 9.881240
 0.000326 2.121184 2.666067 4.787251 9.377435
 0.000326 2.104970 2.668878 4.773848 8.881471
 0.000327 2.088894 2.671679 4.760574 8.403591
 0.000327 2.073121 2.674417 4.747538 7.947131
 0.000328 2.057985 2.677082 4.735067 7.522404
 0.000328 2.043729 2.679642 4.723371 7.134636
 0.000329 2.030355 2.682137 4.712492 6.783180
 0.000329 2.017818 2.684763 4.702581 6.470716
 0.000330 2.005747 2.687505 4.693252 6.183356
 0.000330 1.993879 2.690328 4.684207 5.910943
 0.000331 1.982017 2.693171 4.675187 5.645437
 0.000331 1.970142 2.696163 4.666305 5.389918
 0.000332 1.957528 2.699263 4.656790 5.122769
 0.000332 1.944201 2.702480 4.646681 4.846382
 0.000333 1.929695 2.705848 4.635543 4.550717
 0.000333 1.914087 2.709379 4.623466 4.240644
 0.000334 1.897283 2.713084 4.610366 3.916702
 0.000334 1.879047 2.717088 4.596135 3.579353
 0.000335 1.860243 2.721235 4.581477 3.247775
 0.000335 1.841466 2.725650 4.567115 2.938515
 0.000336 1.823443 2.730244 4.553686 2.663335
 0.000336 1.807435 2.735056 4.542491 2.444269
 0.000337 1.794053 2.740017 4.534070 2.285678
 0.000337 1.783795 2.745275 4.529070 2.194044
 0.000338 1.777171 2.750822 4.527993 2.174543
 0.000338 1.774536 2.756739 4.531275 2.234218
 0.000339 1.776213 2.762909 4.539122 2.380196
 0.000339 1.781598 2.769345 4.550943 2.608780
 0.000340 1.790616 2.775953 4.566569 2.927061
 0.000340 1.802891 2.782781 4.585672 3.341026
 0.000341 1.817845 2.789843 4.607687 3.852035
 0.000341 1.834793 2.797143 4.631935 4.456951
 0.000342 1.852884 2.804602 4.657486 5.142061
 0.000342 1.871289 2.812247 4.683536 5.890988
 0.000343 1.889259 2.820051 4.709310 6.682073
 0.000343 1.905812 2.827911 4.733723 7.477331
 0.000344 1.920372 2.835804 4.756176 8.248187
 0.000344 1.932576 2.843734 4.776310 8.971582
 0.000345 1.942511 2.851566 4.794078 9.635208
 0.000345 1.950123 2.859337 4.809460 10.228858
 0.000346 1.955359 2.867011 4.822370 10.740830
 0.000346 1.958693 2.874600 4.833292 11.183684
 0.000347 1.960200 2.881991 4.842191 11.551149
 0.000347 1.960903 2.889195 4.850098 11.882612
 0.000348 1.960951 2.896080 4.857031 12.177097
 0.000348 1.961189 2.902655 4.863845 12.470056
 0.000349 1.961934 2.908862 4.870796 12.772510
 0.000349 1.963361 2.914756 4.878117 13.094967
 0.000350 1.965406 2.920380 4.885785 13.437029
 0.000350 1.968151 2.925609 4.893760 13.797437
 0.000351 1.971295 2.930533 4.901828 14.166914
 0.000351 1.974851 2.935026 4.909877 14.540372
 0.000352 1.979155 2.939126 4.918281 14.935538
 0.000352 1.984047 2.942877 4.926925 15.347451
 0.000353 1.988875 2.946183 4.935058 15.740170
 0.000353 1.993400 2.949097 4.942496 16.103676
 0.000354 1.997572 2.951644 4.949216 16.435630
 0.000354 2.001270 2.953821 4.955092 16.728674
 0.000355 2.004129 2.955719 4.959848 16.967784
 0.000355 2.005554 2.957323 4.962877 17.120917
 0.000356 2.005278 2.958461 4.963739 17.164648
 0.000356 2.002977 2.959338 4.962314 17.092420
 0.000357 1.997905 2.959953 4.957858 16.867544
 0.000357 1.989787 2.960249 4.950036 16.476353
 0.000358 1.978834 2.960388 4.939223 15.943176
 0.000358 1.965096 2.960283 4.925379 15.273397
 0.000359 1.948524 2.959939 4.908463 14.474409
 0.000359 1.929517 2.959418 4.888935 13.578817
 0.000360 1.908873 2.958764 4.867637 12.634603
 0.000360 1.887148 2.958044 4.845192 11.676412
 0.000361 1.865121 2.957191 4.822312 10.738489
 0.000361 1.843367 2.956190 4.799557 9.844653
 0.000362 1.822770 2.955170 4.777940 9.031478
 0.000362 1.804097 2.954239 4.758336 8.324321
 0.000363 1.788084 2.953243 4.741327 7.734153
 0.000363 1.775295 2.952057 4.727352 7.265482
 0.000364 1.766190 2.950795 4.716985 6.927276
 0.000364 1.760877 2.949511 4.710388 6.716256
 0.000365 1.759567 2.948141 4.707708 6.631443
 0.000365 1.762132 2.946796 4.708927 6.669957
 0.000366 1.768395 2.945492 4.713887 6.827758
 0.000366 1.778321 2.944287 4.722608 7.109709
 0.000367 1.791040 2.943117 4.734157 7.491850
 0.000367 1.806016 2.942066 4.748082 7.965929
 0.000368 1.822178 2.940992 4.763169 8.496001
 0.000368 1.838987 2.939774 4.778762 9.061740
 0.000369 1.854917 2.938492 4.793409 9.609799
 0.000369 1.868724 2.937143 4.805867 10.088622
 0.000370 1.879680 2.935639 4.815319 10.459651
 0.000370 1.886698 2.934194 4.820892 10.681552
 0.000371 1.888776 2.932828 4.821604 10.710101
 0.000371 1.886001 2.931495 4.817496 10.546061
 0.000372 1.878605 2.930117 4.808722 10.199971
 0.000372 1.867918 2.928822 4.796740 9.736699
 0.000373 1.854847 2.927600 4.782447 9.198110
 0.000373 1.840551 2.926482 4.767033 8.634484
 0.000374 1.826563 2.925478 4.752041 8.103372
 0.000374 1.814207 2.924658 4.738866 7.650541
 0.000375 1.803952 2.923989 4.727941 7.284918
 0.000375 1.796048 2.923447 4.719495 7.008417
 0.000376 1.791370 2.923113 4.714484 6.846873
 0.000376 1.790601 2.922998 4.713600 6.818565
 0.000377 1.793920 2.923105 4.717026 6.928573
 0.000377 1.801329 2.923415 4.724744 7.179631
 0.000378 1.812166 2.923730 4.735896 7.550285
 0.000378 1.826235 2.924106 4.750342 8.044234
 0.000379 1.843840 2.924579 4.768419 8.684442
 0.000379 1.864398 2.925093 4.789491 9.461624
 0.000380 1.887083 2.925757 4.812840 10.361686
 0.000380 1.911339 2.926443 4.837783 11.368361
 0.000381 1.937075 2.927174 4.864249 12.487534
 0.000381 1.963271 2.927931 4.891202 13.681306
 0.000382 1.989158 2.928674 4.917831 14.914255
 0.000382 2.014121 2.929291 4.943413 16.148739
 0.000383 2.037167 2.929835 4.967002 17.330613
 0.000383 2.057320 2.930263 4.987583 18.395850
 0.000384 2.073992 2.930523 5.004515 19.296010
 0.000384 2.086503 2.930511 5.017014 19.974324
 0.000385 2.093833 2.930164 5.023996 20.358351
 0.000385 2.096188 2.929478 5.025666 20.450720
 0.000386 2.093222 2.928483 5.021705 20.231922
 0.000386 2.085164 2.927193 5.012357 19.720220
 0.000387 2.072810 2.925546 4.998356 18.966077
 0.000387 2.056726 2.923705 4.980430 18.022024
 0.000388 2.037417 2.921760 4.959176 16.933904
 0.000388 2.015709 2.919622 4.935331 15.753434
 0.000389 1.992642 2.917254 4.909897 14.541311
 0.000389 1.969153 2.914724 4.883878 13.351534
 0.000390 1.945860 2.911833 4.857693 12.205419
 0.000390 1.923121 2.908667 4.831787 11.122136
 0.000391 1.901057 2.905323 4.806379 10.108558
 0.000391 1.879625 2.901815 4.781440 9.160741
 0.000392 1.859409 2.898266 4.757674 8.300969
 0.000392 1.841254 2.894695 4.735949 7.552057
 0.000393 1.825398 2.891165 4.716564 6.913682
 0.000393 1.811756 2.887786 4.699542 6.376399
 0.000394 1.800328 2.884508 4.684836 5.929710
 0.000394 1.791409 2.881391 4.672800 5.576172
 0.000395 1.785445 2.878568 4.664012 5.324922
 0.000395 1.782505 2.875962 4.658467 5.169361
 0.000396 1.782084 2.873560 4.655644 5.091049
 0.000396 1.783331 2.871395 4.654726 5.065698
 0.000397 1.785448 2.869366 4.654814 5.068145
 0.000397 1.787487 2.867485 4.654972 5.072491
 0.000398 1.788842 2.865833 4.654674 5.064284
 0.000398 1.788968 2.864315 4.653283 5.026019
 0.000399 1.787411 2.863032 4.650443 4.948335
 0.000399 1.783137 2.862007 4.645143 4.804999
 0.000400 1.776353 2.861082 4.637435 4.600280
 0.000400 1.767276 2.860370 4.627646 4.346723
 0.000401 1.756290 2.859728 4.616018 4.054892
 0.000401 1.744174 2.859287 4.603462 3.751130
 0.000402 1.731563 2.859082 4.590645 3.453275
 0.000402 1.719212 2.858966 4.578179 3.175375
 0.000403 1.708029 2.858910 4.566938 2.934800
 0.000403 1.698474 2.858918 4.557392 2.737920
 0.000404 1.691766 2.858949 4.550714 2.604266
 0.000404 1.688332 2.858986 4.547318 2.537562
 0.000405 1.688495 2.859109 4.547604 2.543152
 0.000405 1.692136 2.859288 4.551424 2.618304
 0.000406 1.699308 2.859372 4.558680 2.764079
 0.000406 1.709561 2.859400 4.568960 2.977375
 0.000407 1.723015 2.859385 4.582400 3.268175
 0.000407 1.739710 2.859235 4.598945 3.644752
 0.000408 1.759759 2.858839 4.618597 4.118747
 0.000408 1.782659 2.858157 4.640815 4.689502
 0.000409 1.807848 2.857267 4.665116 5.356148
 0.000409 1.834280 2.856245 4.690525 6.100593
 0.000410 1.861921 2.854926 4.716847 6.922821
 0.000410 1.890199 2.853293 4.743492 7.808055
 0.000411 1.918255 2.851339 4.769594 8.726900
 0.000411 1.945178 2.849141 4.794319 9.644401
 0.000412 1.970560 2.846658 4.817218 10.535001
 0.000412 1.993903 2.843871 4.837774 11.367990
 0.000413 2.015174 2.840732 4.855906 12.129095
 0.000413 2.033875 2.837269 4.871144 12.787761
 0.000414 2.050343 2.833391 4.883734 13.345112
 0.000414 2.064592 2.829282 4.893873 13.802596
 0.000415 2.075981 2.824873 4.900854 14.122040
 0.000415 2.084703 2.820115 4.904817 14.305063
 0.000416 2.090859 2.815067 4.905927 14.356494
 0.000416 2.095031 2.809750 4.904781 14.303380
 0.000417 2.097399 2.804131 4.901530 14.153202
 0.000417 2.098025 2.798238 4.896263 13.911553
 0.000418 2.097124 2.792227 4.889351 13.597609
 0.000418 2.095412 2.786179 4.881591 13.249389
 0.000419 2.093114 2.780035 4.873149 12.875703
 0.000419 2.090384 2.773695 4.864080 12.480233
 0.000420 2.086815 2.767310 4.854126 12.053260
 0.000420 2.081982 2.760804 4.842786 11.575925
 0.000421 2.076376 2.754281 4.830657 11.076011
 0.000421 2.069986 2.747745 4.817731 10.555400
 0.000422 2.062898 2.741180 4.804078 10.019137
 0.000422 2.055592 2.734588 4.790180 9.487611
 0.000423 2.047757 2.727975 4.775732 8.950383
 0.000423 2.039154 2.721433 4.760587 8.404054
 0.000424 2.029649 2.715063 4.744712 7.849873
 0.000424 2.019627 2.708863 4.728491 7.303111
 0.000425 2.008480 2.702838 4.711318 6.745792
 0.000425 1.995896 2.697062 4.692958 6.174404
 0.000426 1.981951 2.691475 4.673426 5.594289
 0.000426 1.967264 2.686153 4.653417 5.029692
 0.000427 1.952146 2.681148 4.633293 4.492131
 0.000427 1.937222 2.676343 4.613566 3.994632
 0.000428 1.922979 2.671864 4.594843 3.549482
 0.000428 1.909497 2.667682 4.577178 3.153575
 0.000429 1.897309 2.663904 4.561213 2.815905
 0.000429 1.886908 2.660447 4.547356 2.538306
 0.000430 1.878759 2.657408 4.536167 2.324682
 0.000430 1.873165 2.654809 4.527973 2.174194
 0.000431 1.870021 2.652584 4.522605 2.078318
 0.000431 1.869262 2.650807 4.520068 2.033778
 0.000432 1.870751 2.649446 4.520197 2.036029
 0.000432 1.874827 2.648419 4.523246 2.089650
 0.000433 1.881137 2.647706 4.528843 2.189916
 0.000433 1.889054 2.647360 4.536414 2.329295
 0.000434 1.898030 2.647365 4.545395 2.500186
 0.000434 1.908150 2.647634 4.555784 2.705422
 0.000435 1.919249 2.648111 4.567360 2.943660
 0.000435 1.930556 2.648890 4.579446 3.203095
 0.000436 1.941503 2.649894 4.591397 3.470407
 0.000436 1.951717 2.651146 4.602862 3.736930
 0.000437 1.961135 2.652665 4.613799 4.000349
 0.000437 1.969826 2.654331 4.624157 4.258087
 0.000438 1.977858 2.656144 4.634002 4.510542
 0.000438 1.985210 2.658009 4.643219 4.753485
 0.000439 1.992125 2.660015 4.652140 4.994669
 0.000439 1.998786 2.662057 4.660843 5.235721
 0.000440 2.005497 2.664296 4.669793 5.489549
 0.000440 2.012409 2.666468 4.678877 5.753317
 0.000441 2.019627 2.668569 4.688197 6.030349
 0.000441 2.027377 2.670640 4.698017 6.329328
 0.000442 2.036169 2.672535 4.708704 6.662912
 0.000442 2.046547 2.674230 4.720778 7.050064
 0.000443 2.058468 2.675699 4.734167 7.492194
 0.000443 2.071637 2.676985 4.748622 7.984607
 0.000444 2.085523 2.678028 4.763551 8.509634
 0.000444 2.100143 2.678897 4.779040 9.072007
 0.000445 2.115129 2.679687 4.794815 9.663278
 0.000445 2.130041 2.680375 4.810415 10.266333
 0.000446 2.144537 2.680933 4.825470 10.865599
 0.000446 2.158383 2.681477 4.839860 11.454328
 0.000447 2.171498 2.681883 4.853381 12.021623
 0.000447 2.182977 2.682065 4.865042 12.521910
 0.000448 2.192393 2.682205 4.874598 12.939492
 0.000448 2.199114 2.682245 4.881359 13.239047
 0.000449 2.202867 2.682157 4.885024 13.402876
 0.000449 2.203284 2.682028 4.885313 13.415817
 0.000450 2.200556 2.681835 4.882391 13.285078
 0.000450 2.194571 2.681670 4.876242 13.011994
 0.000451 2.185457 2.681410 4.866867 12.601103
 0.000451 2.173590 2.681210 4.854800 12.081957
 0.000452 2.159315 2.681055 4.840371 11.475488
 0.000452 2.142929 2.680921 4.823850 10.800320
 0.000453 2.125101 2.680826 4.805927 10.090954
 0.000453 2.106537 2.680895 4.787432 9.384235
 0.000454 2.087974 2.681133 4.769107 8.709303
 0.000454 2.069635 2.681452 4.751088 8.070169
 0.000455 2.051906 2.681850 4.733756 7.478417
 0.000455 2.035113 2.682301 4.717414 6.941108
 0.000456 2.019574 2.682869 4.702443 6.466442
 0.000456 2.005263 2.683563 4.688826 6.049284
 0.000457 1.992488 2.684444 4.676932 5.696312
 0.000457 1.982003 2.685622 4.667625 5.427511
 0.000458 1.974078 2.687044 4.661123 5.243569
 0.000458 1.968369 2.688762 4.657131 5.132220
 0.000459 1.964221 2.690620 4.654841 5.068872
 0.000459 1.961442 2.692629 4.654071 5.047667
 0.000460 1.959743 2.694868 4.654611 5.062538
 0.000460 1.958699 2.697387 4.656087 5.103286
 0.000461 1.957898 2.700134 4.658033 5.157273
 0.000461 1.956248 2.703073 4.659321 5.193161
 0.000462 1.953505 2.706193 4.659698 5.203682
 0.000462 1.949638 2.709452 4.659090 5.186721
 0.000463 1.944411 2.712993 4.657403 5.139781
 0.000463 1.937270 2.716745 4.654015 5.046114
 0.000464 1.928670 2.720919 4.649589 4.925097
 0.000464 1.918838 2.725428 4.644266 4.781485
 0.000465 1.908308 2.730155 4.638463 4.627320
 0.000465 1.897682 2.735058 4.632740 4.477771
 0.000466 1.887707 2.740060 4.627767 4.349814
 0.000466 1.878560 2.745167 4.623728 4.247259
 0.000467 1.871075 2.750289 4.621364 4.187799
 0.000467 1.865393 2.755482 4.620874 4.175540
 0.000468 1.862024 2.760697 4.622721 4.221873
 0.000468 1.861443 2.765875 4.627319 4.338377
 0.000469 1.863273 2.770949 4.634222 4.516278
 0.000469 1.867407 2.775983 4.643389 4.758028
 0.000470 1.873750 2.780922 4.654673 5.064234
 0.000470 1.882414 2.785609 4.668023 5.438874
 0.000471 1.892984 2.790023 4.683007 5.875281
 0.000471 1.904973 2.794111 4.699085 6.362267
 0.000472 1.917879 2.797886 4.715765 6.887985
 0.000472 1.931721 2.801219 4.732940 7.451118
 0.000473 1.945657 2.804256 4.749913 8.029353
 0.000473 1.959426 2.806900 4.766326 8.609075
 0.000474 1.972028 2.809154 4.781181 9.151175
 0.000474 1.983185 2.810883 4.794069 9.634863
 0.000475 1.992800 2.812120 4.804920 10.051792
 0.000475 2.000918 2.812869 4.813786 10.399043
 0.000476 2.007555 2.812978 4.820533 10.667208
 0.000476 2.013269 2.812622 4.825890 10.882584
 0.000477 2.017603 2.811764 4.829367 11.023508
 0.000477 2.020755 2.810470 4.831225 11.099184
 0.000478 2.023441 2.808633 4.832074 11.133867
 0.000478 2.026170 2.806393 4.832563 11.153848
 0.000479 2.028800 2.803766 4.832566 11.153969
 0.000479 2.031118 2.800779 4.831897 11.126638
 0.000480 2.033103 2.797570 4.830673 11.076668
 0.000480 2.035496 2.794104 4.829600 11.032985
 0.000481 2.038063 2.790195 4.828259 10.978473
 0.000481 2.040557 2.786016 4.826573 10.910170
 0.000482 2.043116 2.781547 4.824663 10.833045
 0.000482 2.045568 2.776828 4.822396 10.741862
 0.000483 2.047437 2.771979 4.819416 10.622573
 0.000483 2.049156 2.766990 4.816146 10.492440
 0.000484 2.050667 2.761966 4.812633 10.353537
 0.000484 2.051771 2.756992 4.808763 10.201605
 0.000485 2.052265 2.752130 4.804395 10.031427
 0.000485 2.052007 2.747298 4.799305 9.834947
 0.000486 2.050956 2.742436 4.793392 9.609160
 0.000486 2.048634 2.737737 4.786371 9.344462
 0.000487 2.044900 2.733267 4.778167 9.039832
 0.000487 2.039730 2.728957 4.768688 8.694131
 0.000488 2.033334 2.724875 4.758209 8.319845
 0.000488 2.025842 2.721207 4.747049 7.930255
 0.000489 2.017728 2.717897 4.735625 7.541135
 0.000489 2.009074 2.714961 4.724035 7.156388
 0.000490 2.000106 2.712418 4.712524 6.784205
 0.000490 1.991154 2.710366 4.701520 6.437720
 0.000491 1.982593 2.708714 4.691306 6.124245
 0.000491 1.975019 2.707441 4.682460 5.859055
 0.000492 1.968533 2.706578 4.675111 5.643217
 0.000492 1.963599 2.706140 4.669739 5.487992
 0.000493 1.960544 2.706192 4.666736 5.402184
 0.000493 1.959542 2.706709 4.666251 5.388372
 0.000494 1.960547 2.707792 4.668339 5.447909
 0.000494 1.963563 2.709382 4.672944 5.580348
 0.000495 1.967848 2.711267 4.679115 5.760305
 0.000495 1.973604 2.713371 4.686975 5.993671
 0.000496 1.980397 2.715712 4.696109 6.270671
 0.000496 1.987740 2.718348 4.706088 6.580443
 0.000497 1.995318 2.721269 4.716587 6.914436
 0.000497 2.002875 2.724414 4.727289 7.263382
 0.000498 2.010180 2.727735 4.737915 7.618379
 0.000498 2.016780 2.731271 4.748051 7.964856
 0.000499 2.022133 2.734907 4.757040 8.278614
 0.000499 2.026340 2.738650 4.764990 8.561117
 0.000500 2.029250 2.742447 4.771697 8.803134
