#! FIELDS time dAB dAC rc bias
 0.000000 1.569140 2.012387 3.581527 20.799628
 0.000000 1.566623 2.007656 3.574280 20.334838
 0.000001 1.563239 1.999899 3.563138 19.630516
 0.000001 1.558977 1.989168 3.548145 18.702314
 0.000002 1.553882 1.975778 3.529660 17.588856
 0.000002 1.547941 1.960190 3.508132 16.335176
 0.000003 1.541308 1.942587 3.483895 14.979238
 0.000003 1.534142 1.923744 3.457885 13.589431
 0.000004 1.526400 1.904626 3.431026 12.225217
 0.000004 1.518020 1.885460 3.403481 10.901140
 0.000005 1.509046 1.866680 3.375726 9.643700
 0.000005 1.499882 1.848789 3.348670 8.492090
 0.000006 1.490719 1.831996 3.322715 7.456117
 0.000006 1.481610 1.817278 3.298887 6.564357
 0.000007 1.472661 1.804963 3.277625 5.816541
 0.000007 1.464047 1.795005 3.259052 5.200331
 0.000008 1.456031 1.788232 3.244263 4.734299
 0.000008 1.448561 1.784775 3.233336 4.404046
 0.000009 1.441727 1.784818 3.226545 4.204807
 0.000009 1.435670 1.788722 3.224393 4.142616
 0.000010 1.430530 1.796427 3.226957 4.216754
 0.000010 1.426372 1.807328 3.233700 4.414851
 0.000011 1.423094 1.820923 3.244017 4.726758
 0.000011 1.420715 1.837212 3.257927 5.164114
 0.000012 1.419229 1.855756 3.274985 5.726865
 0.000012 1.418485 1.875917 3.294402 6.402843
 0.000013 1.418321 1.896763 3.315084 7.164351
 0.000013 1.418790 1.918127 3.336917 8.014620
 0.000014 1.419789 1.939365 3.359154 8.929646
 0.000014 1.421232 1.960143 3.381375 9.893395
 0.000015 1.422987 1.979741 3.402729 10.866045
 0.000015 1.424921 1.998005 3.422926 11.827982
 0.000016 1.426953 2.014193 3.441146 12.730777
 0.000016 1.429016 2.028543 3.457560 13.572462
 0.000017 1.431156 2.041062 3.472218 14.346935
 0.000017 1.433291 2.051545 3.484836 15.030786
 0.000018 1.435454 2.059270 3.494723 15.577782
 0.000018 1.437424 2.064582 3.502006 15.986924
 0.000019 1.439038 2.067339 3.506377 16.235045
 0.000019 1.440329 2.067026 3.507355 16.290793
 0.000020 1.441256 2.064264 3.505521 16.186290
 0.000020 1.441774 2.058641 3.500415 15.897092
 0.000021 1.441958 2.050758 3.492716 15.465920
 0.000021 1.441808 2.041032 3.482839 14.921515
 0.000022 1.441194 2.030465 3.471658 14.316958
 0.000022 1.440215 2.018972 3.459187 13.657370
 0.000023 1.438914 2.006755 3.445669 12.960011
 0.000023 1.437466 1.993985 3.431451 12.246288
 0.000024 1.435924 1.980883 3.416807 11.532267
 0.000024 1.434335 1.967783 3.402117 10.837572
 0.000025 1.432633 1.954854 3.387487 10.167117
 0.000025 1.430916 1.942214 3.373131 9.530053
 0.000026 1.429272 1.930195 3.359467 8.942846
 0.000026 1.427714 1.918616 3.346330 8.395914
 0.000027 1.426379 1.907577 3.333957 7.896539
 0.000027 1.425357 1.897223 3.322580 7.450888
 0.000028 1.424833 1.887716 3.312549 7.068698
 0.000028 1.424660 1.879559 3.304219 6.758958
 0.000029 1.424877 1.873006 3.297883 6.528031
 0.000029 1.425673 1.868475 3.294148 6.393762
 0.000030 1.426920 1.865763 3.292683 6.341479
 0.000030 1.428629 1.864897 3.293527 6.371552
 0.000031 1.430581 1.866219 3.296800 6.488943
 0.000031 1.432802 1.870060 3.302862 6.709157
 0.000032 1.435217 1.876481 3.311698 7.036749
 0.000032 1.437823 1.885084 3.322907 7.463536
 0.000033 1.440620 1.896200 3.336820 8.010722
 0.000033 1.443627 1.909074 3.352701 8.659004
 0.000034 1.446707 1.923477 3.370184 9.401833
 0.000034 1.449785 1.938710 3.388494 10.212613
 0.000035 1.452773 1.954130 3.406903 11.061499
 0.000035 1.455671 1.969609 3.425280 11.942766
 0.000036 1.458457 1.985040 3.443496 12.849636
 0.000036 1.460916 2.000313 3.461229 13.764317
 0.000037 1.463014 2.014756 3.477770 14.645859
 0.000037 1.464620 2.028165 3.492785 15.469745
 0.000038 1.465729 2.039918 3.505647 16.193451
 0.000038 1.466398 2.049288 3.515686 16.769842
 0.000039 1.466699 2.056192 3.522891 17.189696
 0.000039 1.466575 2.060578 3.527153 17.440477
 0.000040 1.465803 2.062467 3.528270 17.506537
 0.000040 1.464490 2.061309 3.525798 17.360573
 0.000041 1.462685 2.057166 3.519852 17.011934
 0.000041 1.460447 2.049609 3.510056 16.445367
 0.000042 1.457918 2.039190 3.497108 15.711146
 0.000042 1.455047 2.026349 3.481396 14.842775
 0.000043 1.451982 2.011817 3.463799 13.899472
 0.000043 1.448700 1.995852 3.444552 12.903217
 0.000044 1.445284 1.978951 3.424235 11.891736
 0.000044 1.442067 1.962043 3.404110 10.930518
 0.000045 1.439238 1.945441 3.384679 10.040918
 0.000045 1.436846 1.929842 3.366689 9.250886
 0.000046 1.434883 1.915732 3.350615 8.572418
 0.000046 1.433601 1.902926 3.336527 7.999016
 0.000047 1.433077 1.891408 3.324485 7.524622
 0.000047 1.433312 1.881721 3.315033 7.162414
 0.000048 1.434270 1.874131 3.308401 6.913587
 0.000048 1.436096 1.868976 3.305073 6.790382
 0.000049 1.438864 1.866258 3.305122 6.792202
 0.000049 1.442465 1.865687 3.308152 6.904326
 0.000050 1.446710 1.867060 3.313770 7.114688
 0.000050 1.451417 1.870797 3.322214 7.436771
 0.000051 1.456638 1.876448 3.333086 7.861960
 0.000051 1.462373 1.883830 3.346203 8.390718
 0.000052 1.468339 1.892987 3.361326 9.021654
 0.000052 1.474237 1.903513 3.377750 9.732801
 0.000053 1.479887 1.915241 3.395128 10.514608
 0.000053 1.485275 1.927786 3.413062 11.353081
 0.000054 1.490238 1.940296 3.430535 12.200964
 0.000054 1.494714 1.952087 3.446801 13.017692
 0.000055 1.498580 1.962589 3.461169 13.761143
 0.000055 1.501884 1.971887 3.473771 14.430204
 0.000056 1.504601 1.979689 3.484291 15.000906
 0.000056 1.506733 1.985425 3.492158 15.434943
 0.000057 1.508209 1.989058 3.497267 15.720101
 0.000057 1.508907 1.990429 3.499336 15.836312
 0.000058 1.508911 1.989619 3.498530 15.790997
 0.000058 1.508257 1.986627 3.494883 15.586711
 0.000059 1.506792 1.981618 3.488410 15.227399
 0.000059 1.504563 1.974809 3.479372 14.732680
 0.000060 1.501467 1.966060 3.467527 14.096737
 0.000060 1.497477 1.955088 3.452565 13.313486
 0.000061 1.492643 1.941912 3.434555 12.400382
 0.000061 1.487098 1.926707 3.413805 11.388552
 0.000062 1.481068 1.910578 3.391645 10.355500
 0.000062 1.474575 1.893915 3.368490 9.328521
 0.000063 1.467559 1.877537 3.345096 8.345438
 0.000063 1.460180 1.861554 3.321734 7.418261
 0.000064 1.452537 1.846666 3.299203 6.575808
 0.000064 1.444605 1.833598 3.278203 5.836290
 0.000065 1.436610 1.822617 3.259227 5.205961
 0.000065 1.428906 1.813564 3.242470 4.679288
 0.000066 1.421521 1.807050 3.228571 4.263766
 0.000066 1.414724 1.803140 3.217864 3.956833
 0.000067 1.408765 1.801751 3.210517 3.752840
 0.000067 1.403677 1.802716 3.206393 3.640713
 0.000068 1.399472 1.805412 3.204884 3.600110
 0.000068 1.396300 1.809868 3.206169 3.634663
 0.000069 1.394117 1.816436 3.210552 3.753820
 0.000069 1.393213 1.825023 3.218236 3.967309
 0.000070 1.393449 1.835539 3.228988 4.275949
 0.000070 1.394789 1.847413 3.242202 4.671108
 0.000071 1.397070 1.861068 3.258139 5.170910
 0.000071 1.400294 1.876587 3.276881 5.791199
 0.000072 1.404279 1.893393 3.297671 6.520363
 0.000072 1.408949 1.911456 3.320405 7.367165
 0.000073 1.414290 1.930575 3.344864 8.335963
 0.000073 1.420063 1.950435 3.370498 9.415486
 0.000074 1.426026 1.970539 3.396564 10.580576
 0.000074 1.432205 1.990344 3.422548 11.809633
 0.000075 1.438362 2.009057 3.447419 13.049258
 0.000075 1.444591 2.025655 3.470245 14.241443
 0.000076 1.450686 2.039170 3.489856 15.307298
 0.000076 1.456569 2.049471 3.506040 16.215830
 0.000077 1.462091 2.056541 3.518632 16.940874
 0.000077 1.467355 2.060348 3.527703 17.472990
 0.000078 1.472112 2.060787 3.532898 17.781472
 0.000078 1.476457 2.058160 3.534617 17.884109
 0.000079 1.480274 2.052455 3.532728 17.771336
 0.000079 1.483560 2.044016 3.527576 17.465485
 0.000080 1.486244 2.033151 3.519395 16.985301
 0.000080 1.488190 2.019995 3.508185 16.338226
 0.000081 1.489405 2.004444 3.493849 15.528997
 0.000081 1.489851 1.986865 3.476715 14.588843
 0.000082 1.489590 1.967127 3.456717 13.528574
 0.000082 1.488563 1.945975 3.434538 12.399532
 0.000083 1.486964 1.923215 3.410179 11.216148
 0.000083 1.484882 1.900151 3.385033 10.056757
 0.000084 1.482388 1.877178 3.359567 8.947081
 0.000084 1.479746 1.854801 3.334546 7.919985
 0.000085 1.476985 1.833864 3.310849 7.004919
 0.000085 1.474220 1.815160 3.289379 6.224370
 0.000086 1.471518 1.799401 3.270919 5.590080
 0.000086 1.469001 1.786781 3.255782 5.095403
 0.000087 1.466829 1.777828 3.244656 4.746427
 0.000087 1.465110 1.772595 3.237705 4.534654
 0.000088 1.463973 1.770748 3.234721 4.445255
 0.000088 1.463495 1.772517 3.236012 4.483824
 0.000089 1.463613 1.777295 3.240907 4.631611
 0.000089 1.464302 1.784957 3.249258 4.889268
 0.000090 1.465456 1.795246 3.260702 5.253660
 0.000090 1.467002 1.807934 3.274937 5.725225
 0.000091 1.468937 1.822774 3.291711 6.306888
 0.000091 1.471157 1.839717 3.310874 7.005850
 0.000092 1.473564 1.858942 3.332506 7.838987
 0.000092 1.476125 1.880342 3.356468 8.816473
 0.000093 1.478730 1.902817 3.381547 9.901059
 0.000093 1.481245 1.925541 3.406786 11.056021
 0.000094 1.483622 1.947970 3.431592 12.253254
 0.000094 1.485617 1.969434 3.455051 13.442090
 0.000095 1.487153 1.989028 3.476181 14.559966
 0.000095 1.488142 2.006350 3.494493 15.564903
 0.000096 1.488574 2.020650 3.509223 16.397637
 0.000096 1.488401 2.031783 3.520184 17.031337
 0.000097 1.487547 2.039705 3.527252 17.446326
 0.000097 1.485866 2.044060 3.529926 17.604638
 0.000098 1.483436 2.044976 3.528412 17.514929
 0.000098 1.480258 2.042488 3.522746 17.181161
 0.000099 1.476332 2.036658 3.512990 16.614053
 0.000099 1.471784 2.027743 3.499528 15.847092
 0.000100 1.466669 2.015826 3.482495 14.902712
 0.000100 1.461009 2.001613 3.462622 13.837487
 0.000101 1.454843 1.985520 3.440363 12.691285
 0.000101 1.448200 1.967821 3.416021 11.494543
 0.000102 1.441087 1.948560 3.389646 10.264735
 0.000102 1.433696 1.928335 3.362031 9.051652
 0.000103 1.426135 1.907655 3.333790 7.889930
 0.000103 1.418577 1.887611 3.306187 6.831525
 0.000104 1.411258 1.868808 3.280066 5.900097
 0.000104 1.404427 1.851960 3.256388 5.114747
 0.000105 1.398257 1.837465 3.235722 4.475129
 0.000105 1.392916 1.825800 3.218716 3.980844
 0.000106 1.388618 1.817330 3.205948 3.628718
 0.000106 1.385608 1.812669 3.198277 3.425003
 0.000107 1.383940 1.811286 3.195226 3.345611
 0.000107 1.383502 1.812973 3.196475 3.378006
 0.000108 1.384420 1.817450 3.201870 3.519697
 0.000108 1.386794 1.824085 3.210879 3.762776
 0.000109 1.390419 1.832788 3.223207 4.108568
 0.000109 1.395153 1.843553 3.238706 4.564864
 0.000110 1.400944 1.856027 3.256971 5.133412
 0.000110 1.407790 1.869992 3.277782 5.821916
 0.000111 1.415522 1.885058 3.300580 6.625847
 0.000111 1.423822 1.900978 3.324800 7.536824
 0.000112 1.432347 1.917577 3.349924 8.543836
 0.000112 1.441000 1.934471 3.375471 9.632489
 0.000113 1.449713 1.951541 3.401254 10.797403
 0.000113 1.458206 1.968308 3.426514 12.003149
 0.000114 1.466408 1.984161 3.450570 13.210720
 0.000114 1.474331 1.998965 3.473296 14.404739
 0.000115 1.481682 2.012071 3.493753 15.523652
 0.000115 1.488394 2.022639 3.511033 16.501452
 0.000116 1.494418 2.030106 3.524523 17.285529
 0.000116 1.499726 2.034223 3.533949 17.844183
 0.000117 1.504203 2.034634 3.538837 18.137382
 0.000117 1.507803 2.031663 3.539465 18.175242
 0.000118 1.510521 2.025185 3.535706 17.949316
 0.000118 1.512349 2.015681 3.528029 17.492284
 0.000119 1.513307 2.003767 3.517074 16.850296
 0.000119 1.513510 1.989635 3.503145 16.051399
 0.000120 1.512886 1.973739 3.486625 15.129004
 0.000120 1.511355 1.956079 3.467434 14.091800
 0.000121 1.509092 1.937225 3.446317 12.993039
 0.000121 1.505975 1.917431 3.423406 11.851345
 0.000122 1.501864 1.896866 3.398730 10.680461
 0.000122 1.496911 1.876123 3.373035 9.525869
 0.000123 1.491456 1.855324 3.346780 8.414361
 0.000123 1.485568 1.835094 3.320662 7.377047
 0.000124 1.479371 1.816227 3.295598 6.445717
 0.000124 1.473104 1.799042 3.272146 5.631163
 0.000125 1.466945 1.784121 3.251066 4.945961
 0.000125 1.461025 1.771706 3.232731 4.386099
 0.000126 1.455469 1.762342 3.217811 3.955350
 0.000126 1.450312 1.756694 3.207005 3.657249
 0.000127 1.445700 1.755339 3.201040 3.497697
 0.000127 1.441596 1.758148 3.199744 3.463497
 0.000128 1.437939 1.765489 3.203427 3.561134
 0.000128 1.434956 1.777022 3.211979 3.792997
 0.000129 1.432649 1.792451 3.225100 4.162997
 0.000129 1.430935 1.811404 3.242340 4.675319
 0.000130 1.429823 1.833940 3.263763 5.353345
 0.000130 1.429154 1.858921 3.288075 6.178447
 0.000131 1.428898 1.885972 3.314870 7.156251
 0.000131 1.428924 1.914355 3.343279 8.271349
 0.000132 1.429183 1.943334 3.372518 9.503310
 0.000132 1.429595 1.972471 3.402066 10.835187
 0.000133 1.430109 2.000664 3.430774 12.212760
 0.000133 1.430741 2.027554 3.458295 13.610789
 0.000134 1.431451 2.052883 3.484334 15.003284
 0.000134 1.432206 2.075429 3.507635 16.306785
 0.000135 1.432815 2.094201 3.527016 17.432404
 0.000135 1.433259 2.108860 3.542120 18.335626
 0.000136 1.433668 2.119511 3.553179 19.011454
 0.000136 1.433926 2.125963 3.559889 19.427472
 0.000137 1.433880 2.127945 3.561825 19.548361
 0.000137 1.433435 2.125820 3.559255 19.387960
 0.000138 1.432719 2.119514 3.552234 18.953209
 0.000138 1.431718 2.108945 3.540663 18.247506
 0.000139 1.430421 2.095067 3.525488 17.342283
 0.000139 1.428905 2.078315 3.507220 16.283139
 0.000140 1.427221 2.059129 3.486350 15.113921
 0.000140 1.425192 2.037563 3.462754 13.844450
 0.000141 1.422935 2.013808 3.436743 12.509573
 0.000141 1.420672 1.988520 3.409192 11.169457
 0.000142 1.418508 1.962541 3.381049 9.878905
 0.000142 1.416566 1.936397 3.352963 8.669917
 0.000143 1.415015 1.910381 3.325396 7.559992
 0.000143 1.413856 1.885303 3.299158 6.574180
 0.000144 1.413102 1.861947 3.275049 5.729014
 0.000144 1.412803 1.841229 3.254032 5.039677
 0.000145 1.413151 1.823628 3.236779 4.506823
 0.000145 1.414161 1.809510 3.223670 4.121848
 0.000146 1.415751 1.799174 3.214925 3.874586
 0.000146 1.417832 1.792467 3.210299 3.746873
 0.000147 1.420524 1.789295 3.209819 3.733751
 0.000147 1.423824 1.789431 3.213255 3.828238
 0.000148 1.427739 1.793168 3.220907 4.042891
 0.000148 1.432087 1.799852 3.231939 4.362692
 0.000149 1.436871 1.809350 3.246221 4.794756
 0.000149 1.441844 1.821378 3.263222 5.335659
 0.000150 1.446957 1.835526 3.282483 5.983419
 0.000150 1.452154 1.851317 3.303471 6.731474
 0.000151 1.457088 1.868115 3.325203 7.552500
 0.000151 1.461796 1.885391 3.347187 8.431061
 0.000152 1.466315 1.902678 3.368993 9.350274
 0.000152 1.470622 1.919491 3.390113 10.285872
 0.000153 1.474574 1.935541 3.410115 11.213099
 0.000153 1.478276 1.950472 3.428748 12.112862
 0.000154 1.481746 1.964191 3.445937 12.973659
 0.000154 1.484933 1.976754 3.461687 13.788366
 0.000155 1.487841 1.987567 3.475408 14.518311
 0.000155 1.490415 1.996347 3.486762 15.136546
 0.000156 1.492634 2.002576 3.495209 15.604917
 0.000156 1.494598 2.006055 3.500653 15.910505
 0.000157 1.496170 2.006708 3.502879 16.036307
 0.000157 1.497271 2.003817 3.501088 15.935058
 0.000158 1.497887 1.997737 3.495624 15.628072
 0.000158 1.498018 1.988455 3.486473 15.120672
 0.000159 1.497942 1.976342 3.474285 14.457833
 0.000159 1.497663 1.962146 3.459809 13.689926
 0.000160 1.497158 1.946112 3.443270 12.838189
 0.000160 1.496413 1.928804 3.425217 11.939682
 0.000161 1.495452 1.910634 3.406086 11.023116
 0.000161 1.494281 1.892341 3.386622 10.128152
 0.000162 1.493038 1.874369 3.367407 9.281814
 0.000162 1.491939 1.856903 3.348842 8.499173
 0.000163 1.490916 1.839707 3.330623 7.764594
 0.000163 1.489960 1.822845 3.312805 7.078315
 0.000164 1.489066 1.807153 3.296219 6.468031
 0.000164 1.488422 1.792640 3.281062 5.934372
 0.000165 1.488086 1.779830 3.267916 5.490124
 0.000165 1.488052 1.768841 3.256893 5.130929
 0.000166 1.488419 1.759501 3.247920 4.847504
 0.000166 1.489166 1.752298 3.241464 4.648586
 0.000167 1.490349 1.747776 3.238125 4.547314
 0.000167 1.491978 1.745931 3.237909 4.540815
 0.000168 1.493880 1.746985 3.240866 4.630346
 0.000168 1.495966 1.751449 3.247415 4.831808
 0.000169 1.498099 1.759866 3.257965 5.165326
 0.000169 1.500114 1.772106 3.272221 5.633678
 0.000170 1.502078 1.788026 3.290104 6.249945
 0.000170 1.503937 1.807362 3.311299 7.021771
 0.000171 1.505694 1.829121 3.334815 7.930672
 0.000171 1.507290 1.853102 3.360392 8.982044
 0.000172 1.508650 1.878702 3.387353 10.161068
 0.000172 1.509732 1.904991 3.414723 11.432389
 0.000173 1.510484 1.931263 3.441747 12.761098
 0.000173 1.510760 1.956997 3.467756 14.108916
 0.000174 1.510553 1.981336 3.491889 15.419990
 0.000174 1.509853 2.003532 3.513385 16.636840
 0.000175 1.508597 2.023128 3.531725 17.711581
 0.000175 1.506760 2.039520 3.546281 18.588472
 0.000176 1.504303 2.052428 3.556731 19.231088
 0.000176 1.501221 2.061593 3.562813 19.610188
 0.000177 1.497456 2.067067 3.564523 19.717414
 0.000177 1.493041 2.068992 3.562033 19.561347
 0.000178 1.488125 2.067415 3.555541 19.157377
 0.000178 1.482586 2.062240 3.544826 18.499856
 0.000179 1.476469 2.053770 3.530239 17.623210
 0.000179 1.469862 2.042320 3.512182 16.567520
 0.000180 1.462768 2.028818 3.491586 15.403162
 0.000180 1.455320 2.013748 3.469068 14.178680
 0.000181 1.447715 1.997382 3.445098 12.930943
 0.000181 1.439924 1.980088 3.420011 11.686656
 0.000182 1.432116 1.962461 3.394577 10.489367
 0.000182 1.424539 1.944768 3.369307 9.363856
 0.000183 1.417384 1.927728 3.345111 8.346049
 0.000183 1.410869 1.911610 3.322478 7.446969
 0.000184 1.405287 1.896596 3.301883 6.673356
 0.000184 1.400626 1.882843 3.283468 6.017557
 0.000185 1.397054 1.871252 3.268305 5.503018
 0.000185 1.394652 1.862109 3.256762 5.126725
 0.000186 1.393381 1.855292 3.248673 4.870985
 0.000186 1.393263 1.851192 3.244455 4.740213
 0.000187 1.394179 1.849943 3.244122 4.729964
 0.000187 1.396184 1.851504 3.247688 4.840290
 0.000188 1.399288 1.855880 3.255168 5.075819
 0.000188 1.403144 1.862886 3.266030 5.427791
 0.000189 1.407655 1.872512 3.280167 5.903580
 0.000189 1.412705 1.884557 3.297262 6.505580
 0.000190 1.418143 1.898716 3.316859 7.231682
 0.000190 1.423751 1.914797 3.338548 8.080061
 0.000191 1.429559 1.932459 3.362018 9.051088
 0.000191 1.435408 1.950981 3.386389 10.117696
 0.000192 1.441012 1.969679 3.410692 11.240439
 0.000192 1.446249 1.988242 3.434491 12.397156
 0.000193 1.451042 2.006087 3.457129 13.550010
 0.000193 1.455219 2.022405 3.477624 14.637954
 0.000194 1.458754 2.036532 3.495286 15.609224
 0.000194 1.461625 2.048404 3.510029 16.443811
 0.000195 1.463879 2.058312 3.522191 17.148646
 0.000195 1.465303 2.065548 3.530851 17.659568
 0.000196 1.465961 2.070008 3.535969 17.965042
 0.000196 1.465678 2.071683 3.537361 18.048605
 0.000197 1.464626 2.070376 3.535002 17.907159
 0.000197 1.462865 2.065955 3.528820 17.539091
 0.000198 1.460389 2.058862 3.519252 16.976954
 0.000198 1.457277 2.049501 3.506778 16.257908
 0.000199 1.453492 2.038212 3.491704 15.409688
 0.000199 1.449300 2.025272 3.474573 14.473323
 0.000200 1.444837 2.010739 3.455576 13.469292
 0.000200 1.440033 1.995459 3.435491 12.447030
 0.000201 1.435134 1.979669 3.414803 11.436191
 0.000201 1.430347 1.963701 3.394047 10.465113
 0.000202 1.425933 1.948300 3.374234 9.578271
 0.000202 1.422011 1.934015 3.356026 8.797914
 0.000203 1.418818 1.921104 3.339922 8.135361
 0.000203 1.416533 1.909597 3.326130 7.588544
 0.000204 1.415395 1.900020 3.315416 7.176893
 0.000204 1.415286 1.893128 3.308414 6.914074
 0.000205 1.416057 1.888849 3.304905 6.784225
 0.000205 1.417966 1.886678 3.304644 6.774602
 0.000206 1.421161 1.886348 3.307509 6.880451
 0.000206 1.425618 1.887882 3.313500 7.104509
 0.000207 1.431133 1.891148 3.322281 7.439340
 0.000207 1.437365 1.895783 3.333148 7.864436
 0.000208 1.444319 1.901980 3.346299 8.394636
 0.000208 1.451847 1.909807 3.361654 9.035597
 0.000209 1.459705 1.918534 3.378238 9.754353
 0.000209 1.467572 1.928274 3.395846 10.547559
 0.000210 1.475468 1.939095 3.414563 11.424734
 0.000210 1.483205 1.950230 3.433436 12.344689
 0.000211 1.490835 1.961580 3.452415 13.305748
 0.000211 1.498341 1.972651 3.470991 14.281284
 0.000212 1.505423 1.983385 3.488808 15.249334
 0.000212 1.512171 1.993206 3.505377 16.178109
 0.000213 1.518503 2.001388 3.519892 17.014274
 0.000213 1.524406 2.007689 3.532095 17.733597
 0.000214 1.529681 2.011032 3.540712 18.250494
 0.000214 1.534182 2.011233 3.545416 18.535758
 0.000215 1.537888 2.008915 3.546803 18.620344
 0.000215 1.540774 2.004260 3.545034 18.512509
 0.000216 1.542781 1.997106 3.539887 18.200702
 0.000216 1.543979 1.987762 3.531741 17.712538
 0.000217 1.544312 1.976496 3.520808 17.067773
 0.000217 1.543638 1.963287 3.506925 16.266296
 0.000218 1.541905 1.949053 3.490959 15.368347
 0.000218 1.539157 1.933698 3.472855 14.381070
 0.000219 1.535412 1.916854 3.452267 13.298089
 0.000219 1.530594 1.899096 3.429690 12.159263
 0.000220 1.524589 1.880466 3.405055 10.974780
 0.000220 1.517762 1.861276 3.379038 9.789711
 0.000221 1.510186 1.842087 3.352273 8.641222
 0.000221 1.501908 1.823292 3.325200 7.552365
 0.000222 1.493167 1.805439 3.298606 6.554165
 0.000222 1.483982 1.789332 3.273314 5.670427
 0.000223 1.474487 1.774870 3.249357 4.892368
 0.000223 1.465098 1.762856 3.227953 4.245746
 0.000224 1.456019 1.754099 3.210119 3.741943
 0.000224 1.447451 1.748843 3.196294 3.373304
 0.000225 1.439666 1.747616 3.187281 3.143266
 0.000225 1.432737 1.750489 3.183226 3.042401
 0.000226 1.426618 1.757066 3.183684 3.053709
 0.000226 1.421374 1.767781 3.189156 3.190438
 0.000227 1.417187 1.782420 3.199607 3.459898
 0.000227 1.414155 1.800677 3.214832 3.871991
 0.000228 1.412205 1.822437 3.234642 4.442892
 0.000228 1.411190 1.847226 3.258416 5.179824
 0.000229 1.411139 1.874891 3.286029 6.106733
 0.000229 1.411877 1.904915 3.316792 7.229140
 0.000230 1.413364 1.936305 3.349669 8.533301
 0.000230 1.415528 1.968753 3.384281 10.023094
 0.000231 1.418270 2.001558 3.419828 11.677803
 0.000231 1.421525 2.034278 3.455803 13.481089
 0.000232 1.425267 2.066095 3.491363 15.390758
 0.000232 1.429420 2.095915 3.525335 17.333312
 0.000233 1.434097 2.122598 3.556695 19.228906
 0.000233 1.439062 2.145720 3.584782 21.010134
 0.000234 1.444229 2.164745 3.608974 22.607558
 0.000234 1.449517 2.178865 3.628382 23.931467
 0.000235 1.454739 2.188029 3.642768 24.937043
 0.000235 1.459730 2.191969 3.651699 25.571759
 0.000236 1.464339 2.190485 3.654824 25.795722
 0.000236 1.468668 2.183807 3.652475 25.627306
 0.000237 1.472465 2.171704 3.644168 25.036061
 0.000237 1.475778 2.154317 3.630095 24.050131
 0.000238 1.478628 2.132437 3.611065 22.748436
 0.000238 1.480992 2.106598 3.587590 21.192556
 0.000239 1.482865 2.077397 3.560262 19.450730
 0.000239 1.484181 2.045325 3.529506 17.579767
 0.000240 1.484879 2.011261 3.496140 15.656938
 0.000240 1.485131 1.975841 3.460972 13.750842
 0.000241 1.484980 1.939491 3.424471 11.903273
 0.000241 1.484563 1.903208 3.387771 10.179955
 0.000242 1.483956 1.867295 3.351251 8.598791
 0.000242 1.483348 1.832182 3.315530 7.181223
 0.000243 1.482887 1.798803 3.281690 5.956025
 0.000243 1.482585 1.767947 3.250532 4.929173
 0.000244 1.482493 1.740211 3.222703 4.094139
 0.000244 1.482595 1.715521 3.198117 3.420807
 0.000245 1.482937 1.694320 3.177258 2.896969
 0.000245 1.483507 1.676785 3.160292 2.502996
 0.000246 1.484451 1.663177 3.147629 2.227676
 0.000246 1.485626 1.652987 3.138613 2.041439
 0.000247 1.487139 1.645425 3.132564 1.921046
 0.000247 1.488767 1.640542 3.129309 1.857772
 0.000248 1.490362 1.637540 3.127902 1.830749
 0.000248 1.491877 1.636155 3.128031 1.833220
 0.000249 1.493362 1.635765 3.129126 1.854250
 0.000249 1.494866 1.635992 3.130859 1.887758
 0.000250 1.496486 1.636162 3.132648 1.922696
 0.000250 1.498038 1.635703 3.133741 1.944181
 0.000251 1.499490 1.634138 3.133628 1.941952
 0.000251 1.500952 1.630575 3.131527 1.900768
 0.000252 1.502331 1.624202 3.126533 1.804646
 0.000252 1.503582 1.614525 3.118107 1.648123
 0.000253 1.504866 1.600558 3.105425 1.425905
 0.000253 1.506172 1.581616 3.087788 1.143616
 0.000254 1.507404 1.557682 3.065085 0.826044
 0.000254 1.508621 1.528827 3.037447 0.508996
 0.000255 1.509744 1.495372 3.005116 0.235050
 0.000255 1.510841 1.457699 2.968540 0.051163
 0.000256 1.511922 1.417139 2.929061 0.002806
 0.000256 1.512842 1.375419 2.888261 0.116601
 0.000257 1.513637 1.334959 2.848596 0.386811
 0.000257 1.514227 1.298547 2.812774 0.766050
 0.000258 1.514667 1.269348 2.784015 1.163368
 0.000258 1.514803 1.250309 2.765112 1.469584
 0.000259 1.514901 1.243863 2.758764 1.580425
 0.000259 1.514995 1.250929 2.765924 1.455686
 0.000260 1.515032 1.270582 2.785614 1.139103
 0.000260 1.514970 1.299753 2.814723 0.742107
 0.000261 1.514900 1.335912 2.850811 0.367572
 0.000261 1.514844 1.376034 2.890879 0.104302
 0.000262 1.514575 1.416979 2.931554 0.001249
 0.000262 1.514021 1.456397 2.970418 0.057346
 0.000263 1.513232 1.492565 3.005797 0.239745
 0.000263 1.512126 1.524074 3.036200 0.496486
 0.000264 1.510687 1.550154 3.060842 0.772402
 0.000264 1.508847 1.569463 3.078310 1.004767
 0.000265 1.506572 1.582105 3.088678 1.157116
 0.000265 1.503821 1.587856 3.091676 1.203182
 0.000266 1.500597 1.586888 3.087485 1.139049
 0.000266 1.496903 1.579105 3.076009 0.972410
 0.000267 1.492790 1.564672 3.057463 0.730971
 0.000267 1.488217 1.543810 3.032027 0.455774
 0.000268 1.483197 1.516999 3.000196 0.202531
 0.000268 1.477946 1.484995 2.962940 0.034818
 0.000269 1.472701 1.449266 2.921968 0.010635
 0.000269 1.467502 1.410948 2.878450 0.168789
 0.000270 1.462460 1.372046 2.834506 0.520668
 0.000270 1.457725 1.334610 2.792335 1.039925
 0.000271 1.453544 1.301355 2.754899 1.649887
 0.000271 1.449955 1.274751 2.724706 2.243931
 0.000272 1.447014 1.257353 2.704367 2.695488
 0.000272 1.444709 1.250987 2.695697 2.900560
 0.000273 1.443060 1.256636 2.699696 2.805034
 0.000273 1.442045 1.273652 2.715697 2.438839
 0.000274 1.441561 1.300105 2.741666 1.899017
 0.000274 1.441655 1.332999 2.774654 1.310541
 0.000275 1.442108 1.369679 2.811787 0.778313
 0.000275 1.442736 1.407484 2.850220 0.372658
 0.000276 1.443497 1.443959 2.887456 0.120521
 0.000276 1.444363 1.477415 2.921778 0.010913
 0.000277 1.445105 1.506165 2.951270 0.010831
 0.000277 1.445598 1.529517 2.975115 0.074356
 0.000278 1.445703 1.546216 2.991919 0.153275
 0.000278 1.445438 1.555552 3.000990 0.207614
 0.000279 1.444841 1.557323 3.002164 0.215249
 0.000279 1.443804 1.550817 2.994621 0.168604
 0.000280 1.442271 1.536053 2.978324 0.087247
 0.000280 1.440347 1.513800 2.954148 0.015481
 0.000281 1.438055 1.484494 2.922549 0.009804
 0.000281 1.435354 1.449548 2.884902 0.133385
 0.000282 1.432290 1.410595 2.842885 0.438675
 0.000282 1.428962 1.369334 2.798296 0.955739
 0.000283 1.425362 1.328805 2.754167 1.663205
 0.000283 1.421579 1.292057 2.713636 2.484573
 0.000284 1.417848 1.261897 2.679745 3.297481
 0.000284 1.414120 1.242141 2.656262 3.928123
 0.000285 1.410508 1.234961 2.645469 4.236454
 0.000285 1.407093 1.241530 2.648624 4.145125
 0.000286 1.403911 1.261144 2.665055 3.685527
 0.000286 1.400891 1.291219 2.692111 2.987566
 0.000287 1.398139 1.328165 2.726303 2.210217
 0.000287 1.395684 1.368198 2.763882 1.490735
 0.000288 1.393378 1.408540 2.801918 0.906313
 0.000288 1.391281 1.446766 2.838047 0.485163
 0.000289 1.389426 1.480794 2.870220 0.219994
 0.000289 1.387811 1.508680 2.896491 0.080245
 0.000290 1.386369 1.529437 2.915806 0.021518
 0.000290 1.385210 1.542147 2.927356 0.004228
 0.000291 1.384341 1.546444 2.930785 0.001663
 0.000291 1.383689 1.542202 2.925891 0.005683
 0.000292 1.383275 1.529625 2.912900 0.027970
 0.000292 1.383055 1.508959 2.892014 0.099179
 0.000293 1.383092 1.481276 2.864368 0.260526
 0.000293 1.383404 1.447546 2.830950 0.557583
 0.000294 1.384093 1.409910 2.794003 1.016011
 0.000294 1.385283 1.370805 2.756087 1.628367
 0.000295 1.386941 1.332300 2.719241 2.361189
 0.000295 1.388958 1.297555 2.686513 3.125967
 0.000296 1.391343 1.269659 2.661002 3.796380
 0.000296 1.394369 1.251872 2.646241 4.214030
 0.000297 1.398005 1.246500 2.644505 4.264568
 0.000297 1.402084 1.254035 2.656119 3.932121
 0.000298 1.406676 1.273561 2.680238 3.284836
 0.000298 1.411813 1.302368 2.714182 2.472423
 0.000299 1.417158 1.337055 2.754213 1.662364
 0.000299 1.422538 1.374341 2.796878 0.975435
 0.000300 1.427971 1.411402 2.839373 0.472186
 0.000300 1.433450 1.446013 2.879464 0.162951
 0.000301 1.438895 1.476230 2.915125 0.022956
 0.000301 1.444268 1.500812 2.945080 0.003636
 0.000302 1.449348 1.518469 2.967817 0.048876
 0.000302 1.453936 1.528615 2.982551 0.105797
 0.000303 1.457974 1.530683 2.988658 0.135752
 0.000303 1.461309 1.524685 2.985995 0.122231
 0.000304 1.464068 1.510629 2.974697 0.072754
 0.000304 1.466291 1.489014 2.955304 0.017583
 0.000305 1.467820 1.460769 2.928589 0.003170
 0.000305 1.468916 1.427343 2.896258 0.081178
 0.000306 1.469628 1.390290 2.859918 0.293633
 0.000306 1.470039 1.351754 2.821794 0.658472
 0.000307 1.470133 1.314090 2.784223 1.160201
 0.000307 1.470023 1.280773 2.750797 1.725244
 0.000308 1.469842 1.254863 2.724705 2.243947
 0.000308 1.469727 1.239377 2.709103 2.586636
 0.000309 1.469523 1.236750 2.706274 2.651394
 0.000309 1.469261 1.246829 2.716090 2.430158
 0.000310 1.469038 1.268401 2.737439 1.982292
 0.000310 1.468832 1.298962 2.767794 1.423960
 0.000311 1.468602 1.335386 2.803988 0.878659
 0.000311 1.468228 1.374573 2.842801 0.439459
 0.000312 1.467410 1.413378 2.880788 0.155480
 0.000312 1.466052 1.449603 2.915654 0.021835
 0.000313 1.464142 1.480817 2.944959 0.003534
 0.000313 1.461717 1.505484 2.967202 0.046971
 0.000314 1.458777 1.522756 2.981533 0.101168
 0.000314 1.455376 1.532247 2.987623 0.130413
 0.000315 1.451394 1.533484 2.984878 0.116773
 0.000315 1.446879 1.526846 2.973725 0.069093
 0.000316 1.441958 1.512674 2.954632 0.016344
 0.000316 1.436931 1.491645 2.928576 0.003181
 0.000317 1.431801 1.464146 2.895947 0.082436
 0.000317 1.426732 1.431504 2.858237 0.306661
 0.000318 1.421992 1.395489 2.817481 0.708888
 0.000318 1.417597 1.358418 2.776015 1.288604
 0.000319 1.413644 1.323124 2.736768 1.995671
 0.000319 1.410349 1.292330 2.702678 2.734838
 0.000320 1.407778 1.268736 2.676514 3.380991
 0.000320 1.406058 1.255152 2.661210 3.790651
 0.000321 1.405328 1.253213 2.658541 3.864491
 0.000321 1.405690 1.262927 2.668617 3.589446
 0.000322 1.407214 1.282905 2.690119 3.036465
 0.000322 1.409674 1.311197 2.720871 2.325914
 0.000323 1.412880 1.344471 2.757351 1.605646
 0.000323 1.416788 1.379798 2.796586 0.979525
 0.000324 1.421353 1.414575 2.835928 0.506255
 0.000324 1.426598 1.446595 2.873193 0.200717
 0.000325 1.432267 1.473852 2.906119 0.046307
 0.000325 1.438166 1.494829 2.932996 0.000632
 0.000326 1.444208 1.508862 2.953070 0.013642
 0.000326 1.450252 1.515210 2.965462 0.041790
 0.000327 1.456085 1.514039 2.970125 0.056357
 0.000327 1.461729 1.505085 2.966815 0.045792
 0.000328 1.466947 1.488878 2.955826 0.018574
 0.000328 1.471770 1.466124 2.937894 0.000090
 0.000329 1.476165 1.437845 2.914010 0.025406
 0.000329 1.480125 1.405114 2.885239 0.131649
 0.000330 1.483661 1.369534 2.853195 0.347415
 0.000330 1.486610 1.333559 2.820169 0.677246
 0.000331 1.488990 1.299820 2.788810 1.091374
 0.000331 1.490904 1.271564 2.762468 1.515252
 0.000332 1.492182 1.251658 2.743840 1.856888
 0.000332 1.492764 1.242271 2.735036 2.030437
 0.000333 1.492627 1.244459 2.737086 1.989328
 0.000333 1.491654 1.258512 2.750165 1.736994
 0.000334 1.490060 1.282423 2.772483 1.345924
 0.000334 1.487745 1.313550 2.801294 0.914727
 0.000335 1.484789 1.349055 2.833844 0.527439
 0.000335 1.481106 1.385763 2.866870 0.242779
 0.000336 1.476633 1.421074 2.897707 0.075444
 0.000336 1.471386 1.452979 2.924365 0.007425
 0.000337 1.465512 1.480309 2.945821 0.004296
 0.000337 1.459151 1.501589 2.960740 0.029254
 0.000338 1.452304 1.516147 2.968451 0.050878
 0.000338 1.445066 1.523416 2.968482 0.050977
 0.000339 1.437613 1.523252 2.960864 0.029555
 0.000339 1.430053 1.515314 2.945367 0.003886
 0.000340 1.422593 1.500036 2.922629 0.009692
 0.000340 1.415312 1.478436 2.893748 0.091610
 0.000341 1.408480 1.451371 2.859852 0.294146
 0.000341 1.402217 1.420309 2.822526 0.650089
 0.000342 1.396843 1.387165 2.784008 1.163479
 0.000342 1.392262 1.353752 2.746014 1.815225
 0.000343 1.388718 1.322493 2.711211 2.538932
 0.000343 1.386382 1.295674 2.682056 3.238402
 0.000344 1.385324 1.276076 2.661399 3.785442
 0.000344 1.385625 1.265580 2.651205 4.071134
 0.000345 1.387406 1.265414 2.652820 4.025185
 0.000345 1.390420 1.275668 2.666088 3.657541
 0.000346 1.394612 1.295210 2.689822 3.043790
 0.000346 1.399833 1.321909 2.721742 2.307155
 0.000347 1.405967 1.353267 2.759234 1.572080
 0.000347 1.412791 1.386401 2.799191 0.943395
 0.000348 1.420161 1.419221 2.839382 0.472100
 0.000348 1.427925 1.449680 2.877605 0.173738
 0.000349 1.435827 1.476122 2.911949 0.030266
 0.000349 1.443555 1.497389 2.940943 0.000964
 0.000350 1.451011 1.512260 2.963271 0.035696
 0.000350 1.458065 1.519861 2.977926 0.085591
 0.000351 1.464544 1.519150 2.983694 0.111121
 0.000351 1.470258 1.510309 2.980567 0.096866
 0.000352 1.475083 1.493691 2.968775 0.051916
 0.000352 1.479023 1.469842 2.948865 0.007581
 0.000353 1.482220 1.439777 2.921996 0.010593
 0.000353 1.484682 1.404697 2.889379 0.111263
 0.000354 1.486535 1.366716 2.853251 0.346948
 0.000354 1.487987 1.328395 2.816382 0.722035
 0.000355 1.489181 1.292989 2.782170 1.191683
 0.000355 1.489953 1.263400 2.753353 1.678094
 0.000356 1.490408 1.243284 2.733692 2.057612
 0.000356 1.490527 1.235079 2.725606 2.224895
 0.000357 1.490454 1.239773 2.730227 2.128499
 0.000357 1.490233 1.256533 2.746765 1.800947
 0.000358 1.489822 1.283213 2.773035 1.336892
 0.000358 1.489150 1.316752 2.805902 0.853468
 0.000359 1.488171 1.353995 2.842166 0.445434
 0.000359 1.486755 1.391716 2.878471 0.168669
 0.000360 1.484531 1.427290 2.911821 0.030581
 0.000360 1.481545 1.459138 2.940683 0.000853
 0.000361 1.477875 1.485800 2.963675 0.036784
 0.000361 1.473595 1.505957 2.979553 0.092454
 0.000362 1.468560 1.518734 2.987294 0.128738
 0.000362 1.462802 1.523459 2.986262 0.123553
 0.000363 1.456508 1.520414 2.976922 0.081488
 0.000363 1.449833 1.509730 2.959563 0.026476
 0.000364 1.442944 1.491895 2.934839 0.000147
 0.000364 1.435879 1.468003 2.903881 0.053368
 0.000365 1.428772 1.439246 2.868017 0.234847
 0.000365 1.421751 1.406542 2.828293 0.585992
 0.000366 1.415019 1.372565 2.787584 1.109562
 0.000366 1.408657 1.340046 2.748703 1.764355
 0.000367 1.402776 1.310930 2.713707 2.482994
 0.000367 1.397467 1.287757 2.685224 3.158282
 0.000368 1.392837 1.273430 2.666267 3.652694
 0.000368 1.388903 1.269161 2.658063 3.877797
 0.000369 1.385687 1.275588 2.661275 3.788874
 0.000369 1.383160 1.292006 2.675166 3.416130
 0.000370 1.381346 1.316056 2.697402 2.859634
 0.000370 1.380242 1.345765 2.726007 2.216449
 0.000371 1.379880 1.378483 2.758364 1.587546
 0.000371 1.380252 1.412293 2.792544 1.036905
 0.000372 1.381249 1.444658 2.825907 0.612115
 0.000372 1.382862 1.473566 2.856429 0.320984
 0.000373 1.384990 1.497527 2.882517 0.145989
 0.000373 1.387662 1.515709 2.903371 0.055048
 0.000374 1.390873 1.527657 2.918530 0.016240
 0.000374 1.394542 1.532500 2.927042 0.004522
 0.000375 1.398554 1.530156 2.928711 0.003074
 0.000375 1.402932 1.520657 2.923589 0.008402
 0.000376 1.407685 1.504373 2.912058 0.029996
 0.000376 1.412677 1.481668 2.894345 0.089069
 0.000377 1.417888 1.453397 2.871285 0.212988
 0.000377 1.423282 1.421356 2.844638 0.422408
 0.000378 1.428882 1.387066 2.815947 0.727270
 0.000378 1.434581 1.352246 2.786827 1.120873
 0.000379 1.440257 1.319506 2.759763 1.562717
 0.000379 1.445833 1.291267 2.737100 1.989047
 0.000380 1.451279 1.270723 2.722002 2.301589
 0.000380 1.456630 1.259999 2.716629 2.418291
 0.000381 1.461695 1.260099 2.721794 2.306049
 0.000381 1.466389 1.271230 2.737619 1.978716
 0.000382 1.470764 1.291936 2.762700 1.511217
 0.000382 1.474644 1.320074 2.794718 1.005837
 0.000383 1.477915 1.352987 2.830902 0.558098
 0.000383 1.480548 1.387872 2.868420 0.232098
 0.000384 1.482442 1.421974 2.904416 0.051637
 0.000384 1.483498 1.453136 2.936634 0.000000
 0.000385 1.483709 1.479487 2.963196 0.035495
 0.000385 1.482910 1.499471 2.982381 0.105017
 0.000386 1.481021 1.512690 2.993711 0.163357
 0.000386 1.478120 1.518754 2.996873 0.181935
 0.000387 1.474191 1.517663 2.991854 0.152915
 0.000387 1.469225 1.509492 2.978717 0.088895
 0.000388 1.463203 1.494113 2.957316 0.021557
 0.000388 1.456282 1.472112 2.928394 0.003328
 0.000389 1.448641 1.444759 2.893400 0.093102
 0.000389 1.440467 1.413667 2.854134 0.339633
 0.000390 1.431886 1.380723 2.812609 0.768096
 0.000390 1.423172 1.347860 2.771032 1.369838
 0.000391 1.414608 1.317631 2.732238 2.087197
 0.000391 1.406347 1.292541 2.698888 2.824202
 0.000392 1.398599 1.275227 2.673826 3.451240
 0.000392 1.391744 1.267601 2.659345 3.842183
 0.000393 1.385771 1.270180 2.655951 3.936838
 0.000393 1.380872 1.283042 2.663913 3.716586
 0.000394 1.377096 1.304588 2.681684 3.247888
 0.000394 1.374501 1.332809 2.707310 2.627600
 0.000395 1.373116 1.365283 2.738399 1.963231
 0.000395 1.372873 1.399377 2.772250 1.349758
 0.000396 1.373866 1.433189 2.807054 0.838482
 0.000396 1.375919 1.463914 2.839834 0.467720
 0.000397 1.378890 1.490251 2.869142 0.227205
 0.000397 1.382731 1.511066 2.893797 0.091399
 0.000398 1.387387 1.525101 2.912487 0.028955
 0.000398 1.392726 1.531900 2.924626 0.007111
 0.000399 1.398598 1.530968 2.929566 0.002440
 0.000399 1.404780 1.522407 2.927187 0.004385
 0.000400 1.411198 1.506696 2.917894 0.017406
 0.000400 1.417720 1.484197 2.901917 0.059978
 0.000401 1.424372 1.455467 2.879839 0.160816
 0.000401 1.431120 1.421998 2.853118 0.348059
 0.000402 1.437838 1.385599 2.823438 0.639741
 0.000402 1.444428 1.348231 2.792658 1.035267
 0.000403 1.450695 1.312681 2.763376 1.499486
 0.000403 1.456640 1.281885 2.738525 1.960725
 0.000404 1.462305 1.259069 2.721373 2.315086
 0.000404 1.467595 1.246668 2.714264 2.470596
 0.000405 1.472424 1.245866 2.718289 2.381922
 0.000405 1.476711 1.256504 2.733215 2.067300
 0.000406 1.480279 1.276926 2.757205 1.608254
 0.000406 1.483255 1.305215 2.788470 1.096413
 0.000407 1.485508 1.338276 2.823784 0.635828
 0.000407 1.487053 1.373584 2.860638 0.288148
 0.000408 1.487782 1.408346 2.896127 0.081706
 0.000408 1.487865 1.440087 2.927953 0.003697
 0.000409 1.487102 1.467365 2.954467 0.016048
 0.000409 1.485614 1.488773 2.974388 0.071577
 0.000410 1.483523 1.503562 2.987086 0.127685
 0.000410 1.481009 1.511156 2.992165 0.154641
 0.000411 1.478215 1.510857 2.989071 0.137915
 0.000411 1.475223 1.502809 2.978031 0.086027
 0.000412 1.472101 1.487558 2.959659 0.026697
 0.000412 1.469082 1.465788 2.934870 0.000141
 0.000413 1.466135 1.438356 2.904491 0.051393
 0.000413 1.463217 1.406424 2.869641 0.223851
 0.000414 1.460431 1.372057 2.832488 0.541462
 0.000414 1.457963 1.337429 2.795392 0.996297
 0.000415 1.455703 1.305342 2.761045 1.540134
 0.000415 1.453815 1.278570 2.732384 2.084215
 0.000416 1.452238 1.259434 2.711672 2.528541
 0.000416 1.451007 1.250056 2.701063 2.772748
 0.000417 1.450229 1.251871 2.702100 2.748378
 0.000417 1.449901 1.264786 2.714686 2.461212
 0.000418 1.449916 1.287206 2.737122 1.988612
 0.000418 1.450174 1.316582 2.766756 1.441536
 0.000419 1.450602 1.350086 2.800688 0.922943
 0.000419 1.451083 1.385083 2.836166 0.503863
 0.000420 1.451487 1.418402 2.869888 0.222200
 0.000420 1.451685 1.448396 2.900081 0.066506
 0.000421 1.451432 1.473167 2.924599 0.007144
 0.000421 1.450616 1.491833 2.942449 0.001739
 0.000422 1.449336 1.503505 2.952841 0.013267
 0.000422 1.447415 1.507738 2.955154 0.017302
 0.000423 1.444795 1.504213 2.949008 0.007758
 0.000423 1.441489 1.493260 2.934748 0.000163
 0.000424 1.437536 1.475179 2.912715 0.028410
 0.000424 1.432988 1.450804 2.883791 0.139184
 0.000425 1.427805 1.420954 2.848759 0.385377
 0.000425 1.422020 1.387498 2.809518 0.806876
 0.000426 1.415671 1.352541 2.768213 1.416901
 0.000426 1.408844 1.318851 2.727695 2.181063
 0.000427 1.401802 1.289513 2.691315 3.007053
 0.000427 1.394794 1.267035 2.661829 3.773623
 0.000428 1.387979 1.253825 2.641804 4.343811
 0.000428 1.381440 1.251387 2.632827 4.612432
 0.000429 1.375248 1.259992 2.635240 4.539425
 0.000429 1.369514 1.278873 2.648387 4.151951
 0.000430 1.364275 1.305610 2.669885 3.555558
 0.000430 1.359547 1.337933 2.697480 2.857776
 0.000431 1.355242 1.373373 2.728615 2.161879
 0.000431 1.351545 1.408713 2.760258 1.553970
 0.000432 1.348341 1.442004 2.790345 1.068818
 0.000432 1.345666 1.471806 2.817472 0.709002
 0.000433 1.343604 1.496895 2.840499 0.461302
 0.000433 1.341946 1.516084 2.858029 0.308287
 0.000434 1.340693 1.528636 2.869329 0.225945
 0.000434 1.339808 1.534171 2.873979 0.195767
 0.000435 1.339208 1.532574 2.871782 0.209756
 0.000435 1.338770 1.523941 2.862711 0.272622
 0.000436 1.338783 1.508450 2.847233 0.398893
 0.000436 1.339302 1.486735 2.826037 0.610674
 0.000437 1.340407 1.459533 2.799941 0.933129
 0.000437 1.342179 1.428246 2.770425 1.379903
 0.000438 1.344721 1.394497 2.739218 1.947031
 0.000438 1.347860 1.360158 2.708018 2.611380
 0.000439 1.351631 1.327446 2.679077 3.314655
 0.000439 1.356116 1.299160 2.655276 3.955796
 0.000440 1.361189 1.277717 2.638906 4.429647
 0.000440 1.366801 1.265410 2.632211 4.631159
 0.000441 1.372813 1.263456 2.636269 4.508489
 0.000441 1.379083 1.272075 2.651158 4.072478
 0.000442 1.385614 1.290124 2.675738 3.401198
 0.000442 1.392310 1.315264 2.707574 2.621531
 0.000443 1.398961 1.345445 2.744405 1.846009
 0.000443 1.405496 1.378350 2.783845 1.165963
 0.000444 1.411881 1.411109 2.822990 0.644818
 0.000444 1.418096 1.441762 2.859857 0.294102
 0.000445 1.424062 1.468880 2.892942 0.095089
 0.000445 1.429753 1.490707 2.920460 0.012947
 0.000446 1.434930 1.506470 2.941400 0.001175
 0.000446 1.439632 1.515118 2.954749 0.016557
 0.000447 1.443866 1.516062 2.959928 0.027323
 0.000447 1.447802 1.509455 2.957258 0.021437
 0.000448 1.451380 1.495692 2.947072 0.005534
 0.000448 1.454773 1.475235 2.930008 0.002141
 0.000449 1.457984 1.448786 2.906770 0.044347
 0.000449 1.461051 1.417427 2.878478 0.168628
 0.000450 1.464082 1.382921 2.847002 0.400955
 0.000450 1.467035 1.347495 2.814530 0.744468
 0.000451 1.470071 1.314012 2.784084 1.162326
 0.000451 1.473246 1.285015 2.758261 1.589374
 0.000452 1.476530 1.263127 2.739657 1.938379
 0.000452 1.480076 1.251213 2.731289 2.106638
 0.000453 1.483936 1.250797 2.734733 2.036544
 0.000453 1.488030 1.261401 2.749430 1.750718
 0.000454 1.492272 1.281508 2.773780 1.324736
 0.000454 1.496720 1.308794 2.805514 0.858544
 0.000455 1.501223 1.340694 2.841917 0.447782
 0.000455 1.505673 1.374128 2.879801 0.161032
 0.000456 1.509941 1.406765 2.916706 0.019692
 0.000456 1.513826 1.436502 2.950328 0.009489
 0.000457 1.517406 1.461585 2.978991 0.090055
 0.000457 1.520627 1.480695 3.001322 0.209757
 0.000458 1.523301 1.492964 3.016265 0.317709
 0.000458 1.525163 1.497721 3.022884 0.372660
 0.000459 1.526458 1.494793 3.021252 0.358705
 0.000459 1.526931 1.484139 3.011070 0.277648
 0.000460 1.526463 1.466264 2.992726 0.157780
 0.000460 1.524969 1.442218 2.967187 0.046927
 0.000461 1.522530 1.412971 2.935501 0.000055
 0.000461 1.519315 1.380370 2.899685 0.067959
 0.000462 1.515351 1.345925 2.861276 0.283325
 0.000462 1.510764 1.312311 2.823075 0.643844
 0.000463 1.505559 1.283210 2.788769 1.091984
 0.000463 1.499738 1.261344 2.761082 1.539490
 0.000464 1.493529 1.248844 2.742373 1.885259
 0.000464 1.487099 1.247148 2.734247 2.046367
 0.000465 1.480336 1.256378 2.736714 1.996758
 0.000465 1.473370 1.275834 2.749204 1.754953
 0.000466 1.466256 1.303710 2.769966 1.387537
 0.000466 1.458996 1.336629 2.795624 0.993025
 0.000467 1.451647 1.371892 2.823539 0.638593
 0.000467 1.444218 1.407012 2.851230 0.363987
 0.000468 1.436753 1.439495 2.876248 0.181826
 0.000468 1.429311 1.468006 2.897316 0.076971
 0.000469 1.421982 1.491366 2.913348 0.026921
 0.000469 1.414724 1.508258 2.922982 0.009207
 0.000470 1.407505 1.518075 2.925581 0.006018
 0.000470 1.400313 1.520640 2.920952 0.012167
 0.000471 1.393098 1.515787 2.908886 0.038271
 0.000471 1.385882 1.503561 2.889443 0.110961
 0.000472 1.378790 1.484615 2.863405 0.267523
 0.000472 1.371871 1.459991 2.831862 0.548001
 0.000473 1.365342 1.430983 2.796324 0.983188
 0.000473 1.359335 1.399288 2.758623 1.582923
 0.000474 1.353957 1.366456 2.720413 2.335789
 0.000474 1.349286 1.334469 2.683755 3.195310
 0.000475 1.345576 1.305813 2.651389 4.065900
 0.000475 1.342947 1.283588 2.626535 4.805515
 0.000476 1.341572 1.269897 2.611469 5.283932
 0.000476 1.341270 1.266130 2.607400 5.417048
 0.000477 1.342022 1.273062 2.615084 5.167073
 0.000477 1.343805 1.290112 2.633917 4.579398
 0.000478 1.346533 1.315268 2.661801 3.774394
 0.000478 1.350073 1.345714 2.695788 2.898369
 0.000479 1.354327 1.378817 2.733144 2.068740
 0.000479 1.358974 1.412055 2.771029 1.369896
 0.000480 1.363846 1.443540 2.807387 0.834183
 0.000480 1.368962 1.471266 2.840228 0.463915
 0.000481 1.374311 1.494369 2.868680 0.230330
 0.000481 1.379810 1.511518 2.891328 0.102258
 0.000482 1.385449 1.521945 2.907395 0.042507
 0.000482 1.391012 1.525314 2.916326 0.020454
 0.000483 1.396400 1.521468 2.917869 0.017453
 0.000483 1.401726 1.510599 2.912325 0.029346
 0.000484 1.406949 1.493150 2.900100 0.066438
 0.000484 1.412135 1.469229 2.881364 0.152286
 0.000485 1.417534 1.440021 2.857555 0.312025
 0.000485 1.422919 1.407299 2.830218 0.565344
 0.000486 1.428344 1.372308 2.800652 0.923438
 0.000486 1.433744 1.336936 2.770680 1.375665
 0.000487 1.439133 1.304518 2.743651 1.860540
 0.000487 1.444504 1.277708 2.722213 2.297063
 0.000488 1.449812 1.259293 2.709105 2.586606
 0.000488 1.455047 1.251243 2.706290 2.651031
 0.000489 1.460266 1.254637 2.714903 2.456418
 0.000489 1.465461 1.268799 2.734260 2.046094
 0.000490 1.470527 1.291764 2.762290 1.518354
 0.000490 1.475324 1.321031 2.796355 0.982760
 0.000491 1.479856 1.354238 2.834093 0.524888
 0.000491 1.484066 1.388315 2.872381 0.205895
 0.000492 1.487891 1.420687 2.908578 0.039127
 0.000492 1.491384 1.449622 2.941005 0.000992
 0.000493 1.494299 1.473638 2.967937 0.049252
 0.000493 1.496511 1.490784 2.987294 0.128741
 0.000494 1.497988 1.500280 2.998268 0.190445
 0.000494 1.498724 1.502279 3.001003 0.207699
 0.000495 1.498649 1.496585 2.995233 0.172177
 0.000495 1.497853 1.483503 2.981356 0.100371
 0.000496 1.496313 1.463531 2.959844 0.027125
 0.000496 1.494032 1.437295 2.931327 0.001365
 0.000497 1.490839 1.406164 2.897004 0.078203
 0.000497 1.486930 1.372264 2.859194 0.299211
 0.000498 1.482515 1.337442 2.819957 0.679718
 0.000498 1.477614 1.304361 2.781975 1.194694
 0.000499 1.472329 1.276631 2.748960 1.759536
 0.000499 1.466959 1.256712 2.723670 2.265926
 0.000500 1.461604 1.246880 2.708484 2.600746
