#! FIELDS time dAB dAC rc bias
 0.000000 3.709879 2.668076 6.377955 6.706263
 0.000000 3.710392 2.673332 6.383724 6.919191
 0.000001 3.709468 2.676154 6.385622 6.989999
 0.000001 3.707396 2.676910 6.384306 6.940857
 0.000002 3.704440 2.675058 6.379498 6.762868
 0.000002 3.701079 2.669462 6.370542 6.437500
 0.000003 3.697647 2.658139 6.355786 5.918937
 0.000003 3.694631 2.638225 6.332856 5.156291
 0.000004 3.692236 2.609130 6.301366 4.194610
 0.000004 3.690387 2.572937 6.263324 3.165136
 0.000005 3.688830 2.533110 6.221939 2.209518
 0.000005 3.687102 2.493877 6.180978 1.432350
 0.000006 3.685152 2.458089 6.143242 0.864841
 0.000006 3.682829 2.427175 6.110004 0.482950
 0.000007 3.680160 2.401578 6.081738 0.245097
 0.000007 3.677182 2.382061 6.059244 0.112905
 0.000008 3.674156 2.368592 6.042748 0.048124
 0.000008 3.671128 2.361156 6.032284 0.021136
 0.000009 3.668293 2.360008 6.028302 0.013741
 0.000009 3.665844 2.365148 6.030993 0.018564
 0.000010 3.663820 2.376954 6.040774 0.042195
 0.000010 3.662319 2.395045 6.057364 0.104148
 0.000011 3.661380 2.418210 6.079589 0.230283
 0.000011 3.661106 2.444847 6.105953 0.443951
 0.000012 3.661611 2.470713 6.132323 0.727209
 0.000012 3.663102 2.491426 6.154528 1.019644
 0.000013 3.665761 2.502083 6.167845 1.218683
 0.000013 3.669425 2.501220 6.170646 1.262802
 0.000014 3.673510 2.491015 6.164525 1.167400
 0.000014 3.677349 2.475543 6.152892 0.996420
 0.000015 3.680244 2.458641 6.138885 0.808491
 0.000015 3.681463 2.442614 6.124078 0.631164
 0.000016 3.680692 2.428053 6.108745 0.470648
 0.000016 3.677764 2.415150 6.092914 0.329592
 0.000017 3.672816 2.404397 6.077213 0.214439
 0.000017 3.666079 2.396423 6.062501 0.128915
 0.000018 3.657726 2.391032 6.048758 0.068576
 0.000018 3.648256 2.388580 6.036837 0.031532
 0.000019 3.637859 2.388895 6.026754 0.011294
 0.000019 3.626909 2.391760 6.018669 0.002412
 0.000020 3.615600 2.397750 6.013350 0.000132
 0.000020 3.604362 2.406505 6.010866 0.000037
 0.000021 3.593682 2.417175 6.010857 0.000038
 0.000021 3.584079 2.427508 6.011586 0.000001
 0.000022 3.576011 2.433936 6.009946 0.000158
 0.000022 3.569890 2.432459 6.002350 0.004394
 0.000023 3.565832 2.421493 5.987325 0.029765
 0.000023 3.563467 2.403366 5.966832 0.100763
 0.000024 3.562327 2.382116 5.944443 0.226335
 0.000024 3.561901 2.361932 5.923834 0.386236
 0.000025 3.561807 2.345183 5.906990 0.548462
 0.000025 3.562198 2.333694 5.895892 0.670854
 0.000026 3.563141 2.328398 5.891539 0.722221
 0.000026 3.564917 2.329107 5.894025 0.692660
 0.000027 3.567467 2.335487 5.902955 0.591540
 0.000027 3.570946 2.347386 5.918331 0.436112
 0.000028 3.575222 2.364276 5.939498 0.260828
 0.000028 3.580596 2.385784 5.966380 0.102804
 0.000029 3.586940 2.411094 5.998034 0.009371
 0.000029 3.594043 2.439650 6.033693 0.024131
 0.000030 3.601877 2.470456 6.072333 0.183670
 0.000030 3.610256 2.501937 6.112192 0.504691
 0.000031 3.619104 2.531946 6.151050 0.970578
 0.000031 3.628300 2.557436 6.185737 1.514015
 0.000032 3.637781 2.575134 6.212915 2.023887
 0.000032 3.647312 2.582598 6.229909 2.380236
 0.000033 3.656332 2.579500 6.235832 2.511222
 0.000033 3.664457 2.567174 6.231631 2.417959
 0.000034 3.671001 2.548345 6.219346 2.155333
 0.000034 3.675361 2.526097 6.201458 1.799953
 0.000035 3.677493 2.503421 6.180913 1.431249
 0.000035 3.677555 2.481304 6.158859 1.082431
 0.000036 3.675747 2.460737 6.136484 0.778252
 0.000036 3.672166 2.442561 6.114727 0.530484
 0.000037 3.667341 2.426946 6.094287 0.340833
 0.000037 3.661662 2.414727 6.076390 0.209082
 0.000038 3.655506 2.406261 6.061767 0.125215
 0.000038 3.649232 2.402001 6.051234 0.078051
 0.000039 3.643004 2.402815 6.045819 0.058123
 0.000039 3.637080 2.408801 6.045881 0.058335
 0.000040 3.631619 2.420198 6.051817 0.080372
 0.000040 3.626783 2.435853 6.062637 0.129604
 0.000041 3.622859 2.454199 6.077058 0.213426
 0.000041 3.620006 2.472233 6.092239 0.324136
 0.000042 3.618556 2.486350 6.104906 0.434144
 0.000042 3.618554 2.493476 6.112030 0.503059
 0.000043 3.619824 2.492602 6.112426 0.507040
 0.000043 3.622024 2.485409 6.107434 0.458014
 0.000044 3.624498 2.475439 6.099938 0.389083
 0.000044 3.626736 2.465849 6.092585 0.326921
 0.000045 3.628541 2.458488 6.087029 0.283538
 0.000045 3.630058 2.454074 6.084132 0.262146
 0.000046 3.631460 2.452793 6.084253 0.263022
 0.000046 3.632917 2.454268 6.087186 0.284721
 0.000047 3.634525 2.458206 6.092731 0.328103
 0.000047 3.636253 2.464247 6.100500 0.394061
 0.000048 3.637928 2.472002 6.109930 0.482221
 0.000048 3.639567 2.481275 6.120842 0.595337
 0.000049 3.640997 2.491872 6.132869 0.733807
 0.000049 3.642154 2.503444 6.145598 0.896115
 0.000050 3.642947 2.515086 6.158033 1.070312
 0.000050 3.643509 2.525054 6.168562 1.229911
 0.000051 3.643751 2.531381 6.175132 1.335105
 0.000051 3.643835 2.531566 6.175401 1.339502
 0.000052 3.643621 2.522957 6.166578 1.198986
 0.000052 3.642893 2.504884 6.147776 0.925510
 0.000053 3.641071 2.479239 6.120310 0.589549
 0.000053 3.637813 2.449484 6.087297 0.285561
 0.000054 3.632782 2.419029 6.051810 0.080346
 0.000054 3.626084 2.390712 6.016796 0.001286
 0.000055 3.617947 2.366877 5.984824 0.036181
 0.000055 3.608732 2.348566 5.957298 0.148108
 0.000056 3.598981 2.336244 5.935225 0.292605
 0.000056 3.589207 2.329944 5.919151 0.428489
 0.000057 3.579595 2.329860 5.909455 0.522953
 0.000057 3.570389 2.336059 5.906448 0.554154
 0.000058 3.561763 2.348787 5.910550 0.511807
 0.000058 3.554110 2.367925 5.922034 0.402212
 0.000059 3.547546 2.392308 5.939855 0.258261
 0.000059 3.542255 2.420911 5.963166 0.117894
 0.000060 3.538361 2.452123 5.990484 0.022556
 0.000060 3.536185 2.483594 6.019779 0.003244
 0.000061 3.535672 2.513128 6.048799 0.068729
 0.000061 3.536725 2.539348 6.076073 0.207037
 0.000062 3.538966 2.561373 6.100339 0.392631
 0.000062 3.541824 2.580482 6.122306 0.611418
 0.000063 3.544642 2.597538 6.142180 0.850940
 0.000063 3.547084 2.612734 6.159818 1.096592
 0.000064 3.548874 2.626524 6.175398 1.339460
 0.000064 3.550130 2.638302 6.188433 1.561294
 0.000065 3.551216 2.647887 6.199103 1.755534
 0.000065 3.552388 2.654790 6.207178 1.910106
 0.000066 3.553708 2.658796 6.212504 2.015634
 0.000066 3.555387 2.660107 6.215494 2.076113
 0.000067 3.557439 2.658166 6.215605 2.078375
 0.000067 3.559978 2.653199 6.213176 2.029149
 0.000068 3.562849 2.645603 6.208452 1.935097
 0.000068 3.565914 2.635722 6.201636 1.803333
 0.000069 3.569150 2.623411 6.192562 1.635110
 0.000069 3.572624 2.609575 6.182199 1.453085
 0.000070 3.576389 2.593760 6.170149 1.254922
 0.000070 3.580449 2.574619 6.155068 1.027374
 0.000071 3.584788 2.551399 6.136187 0.774551
 0.000071 3.589287 2.523975 6.113262 0.515502
 0.000072 3.593593 2.492680 6.086273 0.277877
 0.000072 3.597260 2.459474 6.056734 0.101292
 0.000073 3.599705 2.426831 6.026536 0.010970
 0.000073 3.600445 2.396856 5.997301 0.010401
 0.000074 3.599467 2.371481 5.970948 0.083133
 0.000074 3.597223 2.351674 5.948897 0.197362
 0.000075 3.594224 2.338254 5.932477 0.314002
 0.000075 3.591026 2.332019 5.923045 0.393200
 0.000076 3.587854 2.333210 5.921065 0.410957
 0.000076 3.584978 2.341779 5.926758 0.360965
 0.000077 3.582725 2.357546 5.940271 0.255279
 0.000077 3.581401 2.379989 5.961390 0.126675
 0.000078 3.581024 2.408395 5.989419 0.024876
 0.000078 3.581725 2.441346 6.023071 0.006437
 0.000079 3.583427 2.477087 6.060514 0.119024
 0.000079 3.586297 2.513416 6.099714 0.387109
 0.000080 3.590472 2.547497 6.137970 0.796897
 0.000080 3.596016 2.577508 6.173524 1.308953
 0.000081 3.602684 2.602393 6.205078 1.869278
 0.000081 3.609987 2.621561 6.231548 2.416125
 0.000082 3.617316 2.635273 6.252590 2.900815
 0.000082 3.624001 2.644209 6.268210 3.289238
 0.000083 3.629321 2.648785 6.278107 3.547980
 0.000083 3.632915 2.649400 6.282314 3.660956
 0.000084 3.634720 2.646322 6.281042 3.626594
 0.000084 3.634967 2.640251 6.275218 3.471456
 0.000085 3.634105 2.631130 6.265235 3.213388
 0.000085 3.632307 2.619224 6.251531 2.875365
 0.000086 3.629834 2.604967 6.234801 2.488161
 0.000086 3.626871 2.588983 6.215855 2.083465
 0.000087 3.623468 2.571511 6.194979 1.679116
 0.000087 3.619674 2.553301 6.172975 1.300090
 0.000088 3.615683 2.534517 6.150199 0.958766
 0.000088 3.611685 2.515237 6.126923 0.663536
 0.000089 3.607987 2.494827 6.102814 0.414871
 0.000089 3.604763 2.472117 6.076880 0.212266
 0.000090 3.602304 2.446225 6.048530 0.067732
 0.000090 3.600558 2.417122 6.017681 0.001774
 0.000091 3.599254 2.386003 5.985257 0.035025
 0.000091 3.597942 2.355649 5.953591 0.168974
 0.000092 3.595940 2.328445 5.924385 0.381403
 0.000092 3.592693 2.306520 5.899213 0.632936
 0.000093 3.587760 2.291131 5.878891 0.882227
 0.000093 3.581123 2.283828 5.864951 1.077117
 0.000094 3.573348 2.285972 5.859321 1.161338
 0.000094 3.565190 2.297058 5.862248 1.117150
 0.000095 3.557039 2.316547 5.873586 0.954105
 0.000095 3.549434 2.343650 5.893084 0.703780
 0.000096 3.542572 2.377573 5.920145 0.419336
 0.000096 3.536647 2.416843 5.953491 0.169557
 0.000097 3.531677 2.459970 5.991646 0.020156
 0.000097 3.527786 2.505111 6.032897 0.022415
 0.000098 3.525070 2.550194 6.075264 0.201867
 0.000098 3.523524 2.593280 6.116804 0.552088
 0.000099 3.522966 2.633347 6.156313 1.045293
 0.000099 3.523313 2.669617 6.192931 1.641788
 0.000100 3.524335 2.701096 6.225431 2.283541
 0.000100 3.525974 2.726929 6.252903 2.908360
 0.000101 3.527842 2.746636 6.274477 3.451960
 0.000101 3.529553 2.759901 6.289454 3.856685
 0.000102 3.530572 2.766626 6.297199 4.074786
 0.000102 3.530358 2.766254 6.296612 4.058061
 0.000103 3.528529 2.758756 6.287285 3.796698
 0.000103 3.524823 2.744780 6.269603 3.325077
 0.000104 3.519686 2.725062 6.244748 2.715010
 0.000104 3.513539 2.700391 6.213930 2.044368
 0.000105 3.506817 2.671850 6.178668 1.393509
 0.000105 3.500011 2.640552 6.140563 0.829971
 0.000106 3.493433 2.607903 6.101336 0.401517
 0.000106 3.487463 2.573999 6.061462 0.123694
 0.000107 3.482234 2.540167 6.022401 0.005700
 0.000107 3.477821 2.507672 5.985493 0.034404
 0.000108 3.474369 2.476938 5.951307 0.182511
 0.000108 3.472059 2.448411 5.920470 0.416366
 0.000109 3.470973 2.422764 5.893736 0.696055
 0.000109 3.471081 2.400915 5.871996 0.976203
 0.000110 3.472209 2.383185 5.855394 1.221957
 0.000110 3.474407 2.370492 5.844900 1.391522
 0.000111 3.477482 2.363838 5.841320 1.451884
 0.000111 3.481026 2.364071 5.845097 1.388235
 0.000112 3.484479 2.371407 5.855887 1.214267
 0.000112 3.487119 2.385691 5.872811 0.964849
 0.000113 3.488443 2.406153 5.894596 0.685947
 0.000113 3.488195 2.432008 5.920204 0.418800
 0.000114 3.486752 2.461981 5.948732 0.198398
 0.000114 3.484617 2.495141 5.979759 0.051089
 0.000115 3.482456 2.529618 6.012074 0.000006
 0.000115 3.480580 2.564282 6.044862 0.054906
 0.000116 3.479109 2.597588 6.076697 0.211071
 0.000116 3.478144 2.629342 6.107486 0.458512
 0.000117 3.477562 2.659323 6.136885 0.783265
 0.000117 3.477313 2.687655 6.164968 1.174185
 0.000118 3.477210 2.713972 6.191183 1.610266
 0.000118 3.477258 2.737705 6.214962 2.065285
 0.000119 3.477314 2.758484 6.235799 2.510472
 0.000119 3.477332 2.775753 6.253086 2.912766
 0.000120 3.477224 2.788647 6.265870 3.229515
 0.000120 3.476904 2.796135 6.273039 3.414281
 0.000121 3.476099 2.797742 6.273841 3.435256
 0.000121 3.474763 2.793406 6.268170 3.288212
 0.000122 3.472502 2.783286 6.255788 2.978354
 0.000122 3.468796 2.767489 6.236285 2.521371
 0.000123 3.463518 2.746885 6.210403 1.973671
 0.000123 3.456545 2.721976 6.178521 1.391057
 0.000124 3.448272 2.693232 6.141505 0.842150
 0.000124 3.439403 2.661284 6.100686 0.395711
 0.000125 3.430723 2.627479 6.058203 0.108012
 0.000125 3.422691 2.592337 6.015027 0.000546
 0.000126 3.415524 2.557377 5.972901 0.075361
 0.000126 3.409376 2.523982 5.933358 0.307063
 0.000127 3.404420 2.493937 5.898357 0.642603
 0.000127 3.400551 2.468746 5.869296 1.014282
 0.000128 3.397761 2.449774 5.847535 1.347901
 0.000128 3.396128 2.437609 5.833737 1.583968
 0.000129 3.395597 2.432947 5.828543 1.677757
 0.000129 3.395994 2.435931 5.831925 1.616384
 0.000130 3.397209 2.446873 5.844083 1.405184
 0.000130 3.399234 2.465256 5.864490 1.083899
 0.000131 3.401841 2.490487 5.892328 0.712771
 0.000131 3.404661 2.521318 5.925979 0.367612
 0.000132 3.407112 2.556475 5.963587 0.115857
 0.000132 3.408601 2.594586 6.003186 0.003645
 0.000133 3.408410 2.634227 6.042637 0.047780
 0.000133 3.406373 2.673768 6.080141 0.234043
 0.000134 3.402877 2.711612 6.114489 0.528035
 0.000134 3.398635 2.747324 6.145959 0.900944
 0.000135 3.394008 2.780310 6.174318 1.321837
 0.000135 3.389303 2.810299 6.199601 1.764895
 0.000136 3.384735 2.836507 6.221242 2.194882
 0.000136 3.380376 2.858484 6.238861 2.579548
 0.000137 3.376310 2.876054 6.252364 2.895376
 0.000137 3.372774 2.888553 6.261326 3.115060
 0.000138 3.369674 2.895376 6.265049 3.208678
 0.000138 3.367099 2.896195 6.263294 3.164360
 0.000139 3.364933 2.890878 6.255811 2.978924
 0.000139 3.363318 2.879934 6.243252 2.680257
 0.000140 3.362409 2.863903 6.226312 2.302403
 0.000140 3.362301 2.843390 6.205691 1.881148
 0.000141 3.362938 2.818730 6.181668 1.444050
 0.000141 3.364417 2.790365 6.154782 1.023278
 0.000142 3.366589 2.758644 6.125233 0.644213
 0.000142 3.368853 2.724233 6.093086 0.330989
 0.000143 3.370613 2.688225 6.058838 0.110984
 0.000143 3.371340 2.651903 6.023243 0.006634
 0.000144 3.371154 2.615840 5.986995 0.030577
 0.000144 3.370381 2.581582 5.951964 0.178566
 0.000145 3.369451 2.550533 5.919985 0.420807
 0.000145 3.368832 2.524041 5.892872 0.706287
 0.000146 3.368878 2.502813 5.871691 0.980466
 0.000146 3.369512 2.487765 5.857277 1.192698
 0.000147 3.370988 2.479438 5.850426 1.300861
 0.000147 3.373318 2.478128 5.851446 1.284459
 0.000148 3.376352 2.483963 5.860315 1.146231
 0.000148 3.379964 2.496826 5.876790 0.910361
 0.000149 3.384115 2.515944 5.900059 0.623460
 0.000149 3.388791 2.540564 5.929355 0.339233
 0.000150 3.393783 2.569820 5.963603 0.115783
 0.000150 3.398922 2.602134 6.001055 0.005691
 0.000151 3.403933 2.636439 6.040372 0.041036
 0.000151 3.408459 2.671746 6.080205 0.234480
 0.000152 3.411982 2.707260 6.119241 0.577998
 0.000152 3.413944 2.741786 6.155730 1.036890
 0.000153 3.413820 2.774075 6.187895 1.551816
 0.000153 3.411276 2.803628 6.214904 2.064113
 0.000154 3.406742 2.829646 6.236389 2.523707
 0.000154 3.400781 2.851408 6.252189 2.891168
 0.000155 3.393648 2.868073 6.261721 3.124928
 0.000155 3.385870 2.879377 6.265247 3.213696
 0.000156 3.377786 2.885677 6.263464 3.168641
 0.000156 3.369660 2.886598 6.256259 2.989857
 0.000157 3.361466 2.881879 6.243345 2.682422
 0.000157 3.353347 2.872323 6.225670 2.288645
 0.000158 3.345617 2.858529 6.204146 1.851318
 0.000158 3.338439 2.841341 6.179781 1.412151
 0.000159 3.331844 2.820835 6.152679 0.993412
 0.000159 3.325965 2.797582 6.123546 0.625210
 0.000160 3.320883 2.772636 6.093518 0.334516
 0.000160 3.316713 2.746880 6.063593 0.134518
 0.000161 3.313379 2.720965 6.034343 0.025581
 0.000161 3.310787 2.695424 6.006211 0.001520
 0.000162 3.308579 2.670686 5.979265 0.052681
 0.000162 3.306137 2.647391 5.953528 0.169339
 0.000163 3.302994 2.626647 5.929641 0.336881
 0.000163 3.298888 2.609149 5.908037 0.537553
 0.000164 3.293863 2.595791 5.889654 0.745057
 0.000164 3.288505 2.587010 5.875515 0.927647
 0.000165 3.283256 2.582730 5.865987 1.061968
 0.000165 3.278476 2.583304 5.861780 1.124167
 0.000166 3.274448 2.588880 5.863328 1.101068
 0.000166 3.271151 2.598667 5.869818 1.006863
 0.000167 3.268675 2.612576 5.881251 0.851161
 0.000167 3.267156 2.630078 5.897234 0.655397
 0.000168 3.266507 2.651004 5.917511 0.443806
 0.000168 3.266681 2.674417 5.941098 0.249403
 0.000169 3.267563 2.699349 5.966913 0.100404
 0.000169 3.269037 2.725233 5.994271 0.015231
 0.000170 3.271092 2.751100 6.022192 0.005479
 0.000170 3.273438 2.775884 6.049322 0.070681
 0.000171 3.276009 2.798568 6.074577 0.197527
 0.000171 3.278592 2.818668 6.097260 0.365821
 0.000172 3.280643 2.835492 6.116135 0.545080
 0.000172 3.281739 2.848192 6.129931 0.698642
 0.000173 3.281740 2.856162 6.137902 0.796040
 0.000173 3.280494 2.858631 6.139126 0.811558
 0.000174 3.278258 2.855173 6.133431 0.740622
 0.000174 3.275253 2.845801 6.121054 0.597646
 0.000175 3.271912 2.831041 6.102953 0.416136
 0.000175 3.268551 2.811870 6.080421 0.235963
 0.000176 3.265449 2.789070 6.054519 0.091569
 0.000176 3.262981 2.763037 6.026018 0.010215
 0.000177 3.261317 2.734454 5.995772 0.012724
 0.000177 3.260589 2.704482 5.965071 0.108824
 0.000178 3.260948 2.674341 5.935289 0.292119
 0.000178 3.262357 2.645026 5.907383 0.544354
 0.000179 3.265004 2.617230 5.882234 0.838387
 0.000179 3.268846 2.591828 5.860674 1.140813
 0.000180 3.273894 2.569883 5.843777 1.410310
 0.000180 3.280108 2.552437 5.832545 1.605254
 0.000181 3.287106 2.539170 5.826276 1.719553
 0.000181 3.294473 2.530989 5.825462 1.734680
 0.000182 3.301756 2.528469 5.830225 1.647096
 0.000182 3.308480 2.531704 5.840184 1.471309
 0.000183 3.314261 2.540497 5.854758 1.231919
 0.000183 3.319068 2.554834 5.873901 0.949754
 0.000184 3.323217 2.574534 5.897751 0.649490
 0.000184 3.326804 2.598483 5.925288 0.373564
 0.000185 3.330293 2.625590 5.955883 0.155914
 0.000185 3.333906 2.655242 5.989148 0.025484
 0.000186 3.337687 2.686937 6.024624 0.008321
 0.000186 3.341585 2.720282 6.061867 0.125714
 0.000187 3.345575 2.754271 6.099846 0.388273
 0.000187 3.349488 2.788489 6.137978 0.796997
 0.000188 3.353283 2.822258 6.175541 1.341795
 0.000188 3.356669 2.855403 6.212072 2.006969
 0.000189 3.359638 2.886827 6.246465 2.755159
 0.000189 3.362081 2.916342 6.278422 3.556399
 0.000190 3.363906 2.942964 6.306870 4.355552
 0.000190 3.364918 2.965920 6.330838 5.091689
 0.000191 3.364877 2.984354 6.349231 5.695538
 0.000191 3.363609 2.997595 6.361204 6.106797
 0.000192 3.360744 3.005532 6.366276 6.285356
 0.000192 3.356147 3.007446 6.363593 6.190587
 0.000193 3.350110 3.003135 6.353244 5.831803
 0.000193 3.343059 2.992655 6.335713 5.248445
 0.000194 3.335524 2.976099 6.311624 4.496983
 0.000194 3.327946 2.953459 6.281405 3.636381
 0.000195 3.320710 2.925293 6.246003 2.744340
 0.000195 3.313798 2.892365 6.206163 1.890330
 0.000196 3.307441 2.856437 6.163878 1.157537
 0.000196 3.301838 2.819440 6.121278 0.600099
 0.000197 3.296939 2.782623 6.079563 0.230103
 0.000197 3.292744 2.747496 6.040240 0.040658
 0.000198 3.289181 2.715814 6.004996 0.002263
 0.000198 3.286228 2.688910 5.975138 0.066926
 0.000199 3.283610 2.667808 5.951418 0.181841
 0.000199 3.281284 2.653740 5.935024 0.294146
 0.000200 3.279136 2.647079 5.926215 0.365594
 0.000200 3.276906 2.647816 5.924723 0.378462
 0.000201 3.274225 2.655501 5.929726 0.336184
 0.000201 3.270725 2.669423 5.940148 0.256154
 0.000202 3.266334 2.688524 5.954857 0.161693
 0.000202 3.261075 2.711010 5.972085 0.078564
 0.000203 3.255106 2.734826 5.989932 0.023745
 0.000203 3.248989 2.758532 6.007521 0.000883
 0.000204 3.242995 2.780795 6.023790 0.007279
 0.000204 3.237355 2.800735 6.038090 0.034759
 0.000205 3.232176 2.818699 6.050875 0.076640
 0.000205 3.227349 2.835783 6.063131 0.132135
 0.000206 3.222860 2.852562 6.075422 0.202874
 0.000206 3.218614 2.869549 6.088164 0.292150
 0.000207 3.214387 2.887135 6.101522 0.403184
 0.000207 3.210119 2.904384 6.114504 0.528183
 0.000208 3.205884 2.921018 6.126902 0.663293
 0.000208 3.201636 2.936309 6.137945 0.796579
 0.000209 3.197367 2.949409 6.146776 0.911954
 0.000209 3.193009 2.960080 6.153089 0.999206
 0.000210 3.188694 2.967786 6.156480 1.047711
 0.000210 3.184167 2.972586 6.156753 1.051671
 0.000211 3.179411 2.974599 6.154010 1.012260
 0.000211 3.174280 2.973543 6.147823 0.926146
 0.000212 3.168744 2.969212 6.137957 0.796735
 0.000212 3.163081 2.961323 6.124403 0.634829
 0.000213 3.157713 2.949132 6.106845 0.452398
 0.000213 3.153109 2.932428 6.085537 0.272413
 0.000214 3.149701 2.910986 6.060687 0.119868
 0.000214 3.147735 2.885387 6.033122 0.022893
 0.000215 3.147229 2.856968 6.004197 0.002833
 0.000215 3.148160 2.827308 5.975468 0.065726
 0.000216 3.150347 2.798046 5.948394 0.200538
 0.000216 3.153683 2.771037 5.924720 0.378485
 0.000217 3.158071 2.747311 5.905382 0.565428
 0.000217 3.163385 2.727716 5.891101 0.727497
 0.000218 3.169335 2.712769 5.882104 0.840074
 0.000218 3.175664 2.703234 5.878898 0.882134
 0.000219 3.182209 2.699264 5.881473 0.848268
 0.000219 3.188724 2.701077 5.889801 0.743257
 0.000220 3.194914 2.708622 5.903536 0.585234
 0.000220 3.200360 2.721335 5.921696 0.405256
 0.000221 3.204530 2.737745 5.942275 0.241159
 0.000221 3.207509 2.755936 5.963445 0.116543
 0.000222 3.209529 2.773811 5.983340 0.040282
 0.000222 3.210944 2.789328 6.000272 0.006558
 0.000223 3.212163 2.800780 6.012942 0.000074
 0.000223 3.213177 2.807465 6.020643 0.003977
 0.000224 3.213971 2.810230 6.024201 0.007784
 0.000224 3.214438 2.811613 6.026051 0.010263
 0.000225 3.214522 2.813320 6.027842 0.012990
 0.000225 3.214124 2.816475 6.030599 0.017812
 0.000226 3.213165 2.821633 6.034798 0.026620
 0.000226 3.211565 2.828624 6.040190 0.040514
 0.000227 3.209317 2.837393 6.046710 0.061200
 0.000227 3.206234 2.847103 6.053336 0.086579
 0.000228 3.202389 2.857794 6.060183 0.117415
 0.000228 3.197747 2.869812 6.067560 0.155880
 0.000229 3.192231 2.883303 6.075534 0.203584
 0.000229 3.185670 2.897861 6.083531 0.257811
 0.000230 3.178078 2.913302 6.091380 0.317251
 0.000230 3.169380 2.929555 6.098935 0.380289
 0.000231 3.159882 2.945858 6.105740 0.441951
 0.000231 3.149875 2.961536 6.111411 0.496872
 0.000232 3.139740 2.976084 6.115823 0.541833
 0.000232 3.129844 2.989903 6.119747 0.583444
 0.000233 3.120183 3.003081 6.123264 0.622056
 0.000233 3.110904 3.016611 6.127515 0.670379
 0.000234 3.101918 3.030969 6.132887 0.734025
 0.000234 3.093223 3.045721 6.138944 0.809245
 0.000235 3.084867 3.060310 6.145177 0.890482
 0.000235 3.076764 3.073967 6.150731 0.966152
 0.000236 3.068911 3.086252 6.155164 1.028747
 0.000236 3.061306 3.096443 6.157749 1.066164
 0.000237 3.053918 3.104381 6.158299 1.074209
 0.000237 3.046532 3.109749 6.156281 1.044830
 0.000238 3.038961 3.112134 6.151095 0.971209
 0.000238 3.030951 3.111883 6.142834 0.859492
 0.000239 3.022460 3.109355 6.131815 0.721089
 0.000239 3.013437 3.104883 6.118320 0.568137
 0.000240 3.003807 3.099027 6.102833 0.415044
 0.000240 2.993628 3.092246 6.085874 0.274910
 0.000241 2.982849 3.085442 6.068292 0.159993
 0.000241 2.971825 3.079265 6.051090 0.077482
 0.000242 2.960835 3.073769 6.034603 0.026173
 0.000242 2.950020 3.069252 6.019272 0.002848
 0.000243 2.939507 3.065027 6.004534 0.002585
 0.000243 2.929476 3.059996 5.989471 0.024759
 0.000244 2.920064 3.054011 5.974076 0.070871
 0.000244 2.911179 3.046189 5.957369 0.147725
 0.000245 2.903031 3.036401 5.939432 0.261309
 0.000245 2.895712 3.024147 5.919859 0.421958
 0.000246 2.889155 3.009218 5.898373 0.642426
 0.000246 2.883522 2.991736 5.875258 0.931154
 0.000247 2.878644 2.971995 5.850639 1.297414
 0.000247 2.874540 2.950970 5.825510 1.733783
 0.000248 2.871029 2.928509 5.799537 2.251163
 0.000248 2.867823 2.906339 5.774161 2.821802
 0.000249 2.864885 2.885309 5.750194 3.419900
 0.000249 2.862182 2.865767 5.727948 4.026435
 0.000250 2.859464 2.848624 5.708087 4.609773
 0.000250 2.856766 2.834367 5.691133 5.138931
 0.000251 2.854463 2.823592 5.678054 5.566772
 0.000251 2.852758 2.816249 5.669006 5.872777
 0.000252 2.851734 2.812287 5.664021 6.044871
 0.000252 2.851606 2.812058 5.663664 6.057297
 0.000253 2.852375 2.816016 5.668391 5.893871
 0.000253 2.854117 2.824054 5.678171 5.562887
 0.000254 2.856784 2.836089 5.692873 5.083293
 0.000254 2.860240 2.851966 5.712206 4.485558
 0.000255 2.864293 2.870468 5.734761 3.835431
 0.000255 2.868852 2.890555 5.759407 3.183196
 0.000256 2.873699 2.911631 5.785330 2.562715
 0.000256 2.878824 2.932618 5.811442 2.005642
 0.000257 2.883930 2.953051 5.836981 1.526759
 0.000257 2.888811 2.972560 5.861372 1.130296
 0.000258 2.893185 2.991318 5.884504 0.809249
 0.000258 2.896888 3.009524 5.906412 0.554536
 0.000259 2.899815 3.027013 5.926828 0.360366
 0.000259 2.901968 3.043921 5.945889 0.216716
 0.000260 2.903416 3.060790 5.964206 0.112898
 0.000260 2.904258 3.077972 5.982230 0.043495
 0.000261 2.904923 3.096661 6.001583 0.005142
 0.000261 2.905606 3.117720 6.023326 0.006730
 0.000262 2.906288 3.141348 6.047636 0.064484
 0.000262 2.907123 3.166737 6.073860 0.193044
 0.000263 2.908114 3.192113 6.100227 0.391634
 0.000263 2.909137 3.215480 6.124617 0.637243
 0.000264 2.910353 3.235320 6.145673 0.897116
 0.000264 2.911701 3.250182 6.161883 1.127381
 0.000265 2.912989 3.259562 6.172551 1.293264
 0.000265 2.914191 3.263423 6.177614 1.375971
 0.000266 2.915132 3.261642 6.176774 1.362071
 0.000266 2.915711 3.254417 6.170128 1.254586
 0.000267 2.915951 3.242189 6.158141 1.071889
 0.000267 2.915715 3.226241 6.141956 0.848012
 0.000268 2.914898 3.207875 6.122773 0.616595
 0.000268 2.913496 3.188539 6.102035 0.407802
 0.000269 2.911528 3.170215 6.081743 0.245131
 0.000269 2.909253 3.154867 6.064120 0.137265
 0.000270 2.906764 3.144457 6.051221 0.078001
 0.000270 2.904343 3.139681 6.044025 0.052167
 0.000271 2.902126 3.140750 6.042876 0.048520
 0.000271 2.900088 3.147105 6.047193 0.062901
 0.000272 2.898285 3.157508 6.055794 0.097106
 0.000272 2.896865 3.170306 6.067172 0.153721
 0.000273 2.895832 3.184189 6.080021 0.233221
 0.000273 2.895249 3.197811 6.093060 0.330775
 0.000274 2.894978 3.209959 6.104937 0.434429
 0.000274 2.895151 3.219511 6.114662 0.529813
 0.000275 2.895610 3.225565 6.121175 0.598977
 0.000275 2.896177 3.227873 6.124050 0.630855
 0.000276 2.896620 3.226163 6.122783 0.616708
 0.000276 2.896857 3.220728 6.117585 0.560328
 0.000277 2.896733 3.211374 6.108108 0.464489
 0.000277 2.896051 3.199005 6.095055 0.347204
 0.000278 2.894888 3.184400 6.079288 0.228244
 0.000278 2.893178 3.168594 6.061771 0.125236
 0.000279 2.891010 3.152334 6.043344 0.049992
 0.000279 2.888494 3.136825 6.025319 0.009240
 0.000280 2.885940 3.122561 6.008501 0.000519
 0.000280 2.883568 3.109527 5.993096 0.017351
 0.000281 2.881447 3.097903 5.979350 0.052403
 0.000281 2.879566 3.086947 5.966513 0.102203
 0.000282 2.878091 3.076505 5.954596 0.163182
 0.000282 2.877049 3.066027 5.943076 0.235631
 0.000283 2.876488 3.055073 5.931561 0.321303
 0.000283 2.876306 3.043693 5.919999 0.420677
 0.000284 2.876573 3.031911 5.908484 0.532929
 0.000284 2.877127 3.019650 5.896776 0.660652
 0.000285 2.878172 3.006912 5.885085 0.801876
 0.000285 2.879546 2.993943 5.873489 0.955444
 0.000286 2.880994 2.981133 5.862128 1.118954
 0.000286 2.882407 2.969441 5.851847 1.278032
 0.000287 2.883599 2.959075 5.842674 1.428900
 0.000287 2.884569 2.950208 5.834778 1.565505
 0.000288 2.885413 2.943268 5.828681 1.675244
 0.000288 2.886245 2.937951 5.824196 1.758333
 0.000289 2.887350 2.933829 5.821178 1.815384
 0.000289 2.889006 2.929721 5.818727 1.862403
 0.000290 2.891482 2.924868 5.816350 1.908556
 0.000290 2.895027 2.919587 5.814613 1.942631
 0.000291 2.899484 2.914729 5.814213 1.950533
 0.000291 2.904578 2.911337 5.815915 1.917056
 0.000292 2.910179 2.910005 5.820184 1.834390
 0.000292 2.916275 2.910324 5.826599 1.713564
 0.000293 2.922630 2.912182 5.834812 1.564893
 0.000293 2.929199 2.915288 5.844487 1.398409
 0.000294 2.935916 2.919581 5.855497 1.220344
 0.000294 2.942530 2.924697 5.867226 1.043979
 0.000295 2.948877 2.930264 5.879142 0.878907
 0.000295 2.954938 2.936437 5.891375 0.724194
 0.000296 2.960478 2.943173 5.903650 0.583999
 0.000296 2.965415 2.950665 5.916080 0.457387
 0.000297 2.969704 2.958162 5.927865 0.351615
 0.000297 2.973445 2.965039 5.938484 0.268208
 0.000298 2.976789 2.970484 5.947273 0.207699
 0.000298 2.980078 2.973372 5.953450 0.169793
 0.000299 2.983740 2.972457 5.956197 0.154161
 0.000299 2.987964 2.967070 5.955034 0.160689
 0.000300 2.992758 2.957544 5.950303 0.188629
 0.000300 2.998001 2.945620 5.943621 0.231904
 0.000301 3.003547 2.933194 5.936741 0.281125
 0.000301 3.009186 2.921962 5.931148 0.324626
 0.000302 3.014812 2.912996 5.927808 0.352092
 0.000302 3.020252 2.907027 5.927280 0.356545
 0.000303 3.025511 2.904288 5.929799 0.335582
 0.000303 3.030522 2.905065 5.935587 0.289841
 0.000304 3.035340 2.909309 5.944649 0.224957
 0.000304 3.039709 2.916890 5.956598 0.151943
 0.000305 3.043588 2.927455 5.971043 0.082748
 0.000305 3.046926 2.941010 5.987936 0.028293
 0.000306 3.049858 2.957718 6.007576 0.000860
 0.000306 3.052487 2.977310 6.029796 0.016331
 0.000307 3.054743 2.999061 6.053805 0.088539
 0.000307 3.056835 3.021559 6.078395 0.222248
 0.000308 3.059049 3.043356 6.102404 0.411144
 0.000308 3.061628 3.062575 6.124203 0.632571
 0.000309 3.064700 3.077723 6.142423 0.854109
 0.000309 3.068281 3.089288 6.157569 1.063532
 0.000310 3.072080 3.097755 6.169835 1.249957
 0.000310 3.075911 3.104125 6.180036 1.416444
 0.000311 3.079630 3.109240 6.188869 1.569023
 0.000311 3.083131 3.112975 6.196106 1.699837
 0.000312 3.086261 3.115363 6.201624 1.803104
 0.000312 3.089037 3.115934 6.204971 1.867209
 0.000313 3.091557 3.114563 6.206121 1.889498
 0.000313 3.093602 3.111006 6.204608 1.860209
 0.000314 3.095043 3.105229 6.200273 1.777527
 0.000314 3.095809 3.097425 6.193235 1.647304
 0.000315 3.095885 3.087639 6.183523 1.475749
 0.000315 3.095265 3.076761 6.172027 1.284847
 0.000316 3.094101 3.064855 6.158957 1.083875
 0.000316 3.092401 3.052546 6.144947 0.887418
 0.000317 3.090501 3.038956 6.129457 0.693047
 0.000317 3.088433 3.023492 6.111926 0.502016
 0.000318 3.086460 3.005048 6.091508 0.318271
 0.000318 3.084814 2.982238 6.067052 0.153060
 0.000319 3.083562 2.954160 6.037722 0.033794
 0.000319 3.082795 2.921845 6.004640 0.002509
 0.000320 3.082209 2.887858 5.970067 0.086768
 0.000320 3.081502 2.854954 5.936456 0.283265
 0.000321 3.080385 2.825664 5.906049 0.558363
 0.000321 3.078889 2.801755 5.880644 0.859097
 0.000322 3.076907 2.784161 5.861068 1.134870
 0.000322 3.074440 2.773059 5.847499 1.348497
 0.000323 3.071313 2.768444 5.839758 1.478622
 0.000323 3.067414 2.770208 5.837623 1.515569
 0.000324 3.062865 2.778462 5.841327 1.451767
 0.000324 3.057632 2.793139 5.850771 1.295300
 0.000325 3.051881 2.813430 5.865311 1.071841
 0.000325 3.045805 2.838223 5.884029 0.815305
 0.000326 3.039521 2.865967 5.905488 0.564305
 0.000326 3.033152 2.894622 5.927774 0.352378
 0.000327 3.027131 2.921453 5.948584 0.199336
 0.000327 3.021758 2.944028 5.965786 0.105517
 0.000328 3.017240 2.960833 5.978073 0.056619
 0.000328 3.013518 2.972203 5.985721 0.033809
 0.000329 3.010360 2.979591 5.989951 0.023703
 0.000329 3.007613 2.984711 5.992324 0.018818
 0.000330 3.005032 2.988574 5.993607 0.016412
 0.000330 3.002175 2.991536 5.993711 0.016223
 0.000331 2.999079 2.993956 5.993035 0.017464
 0.000331 2.995839 2.995791 5.991631 0.020187
 0.000332 2.992248 2.997034 5.989282 0.025182
 0.000332 2.988321 2.997680 5.986001 0.033085
 0.000333 2.984085 2.998379 5.982465 0.042805
 0.000333 2.979656 2.999024 5.978681 0.054594
 0.000334 2.975048 3.000256 5.975305 0.066319
 0.000334 2.970347 3.002277 5.972624 0.076441
 0.000335 2.965823 3.005231 5.971054 0.082705
 0.000335 2.961605 3.009183 5.970788 0.083789
 0.000336 2.957983 3.014161 5.972144 0.078329
 0.000336 2.955246 3.019477 5.974723 0.068454
 0.000337 2.953556 3.024017 5.977573 0.058316
 0.000337 2.952938 3.027479 5.980417 0.049008
 0.000338 2.953218 3.030454 5.983671 0.039348
 0.000338 2.954254 3.033997 5.988251 0.027548
 0.000339 2.955743 3.039489 5.995232 0.013600
 0.000339 2.957326 3.047250 6.004576 0.002555
 0.000340 2.958751 3.057268 6.016019 0.000922
 0.000340 2.959891 3.069055 6.028946 0.014829
 0.000341 2.960727 3.082062 6.042790 0.048254
 0.000341 2.961389 3.095701 6.057090 0.102905
 0.000342 2.961742 3.109148 6.070889 0.175025
 0.000342 2.961794 3.122021 6.083814 0.259850
 0.000343 2.961540 3.134056 6.095595 0.351719
 0.000343 2.961183 3.145179 6.106362 0.447814
 0.000344 2.960750 3.154938 6.115688 0.540427
 0.000344 2.960294 3.163457 6.123750 0.627490
 0.000345 2.959979 3.170337 6.130317 0.703208
 0.000345 2.959881 3.175531 6.135412 0.764938
 0.000346 2.959949 3.179208 6.139156 0.811948
 0.000346 2.960098 3.181098 6.141195 0.838139
 0.000347 2.960391 3.181435 6.141825 0.846316
 0.000347 2.960756 3.180373 6.141129 0.837282
 0.000348 2.961085 3.177692 6.138777 0.807117
 0.000348 2.961104 3.173588 6.134692 0.756051
 0.000349 2.960680 3.168184 6.128864 0.686092
 0.000349 2.959704 3.161274 6.120978 0.596816
 0.000350 2.958175 3.153396 6.111571 0.498470
 0.000350 2.955966 3.144167 6.100132 0.390800
 0.000351 2.953115 3.133358 6.086473 0.279367
 0.000351 2.949711 3.121242 6.070954 0.175406
 0.000352 2.945897 3.108442 6.054339 0.090801
 0.000352 2.941775 3.094873 6.036648 0.031061
 0.000353 2.937470 3.081432 6.018902 0.002576
 0.000353 2.933087 3.068532 6.001619 0.005105
 0.000354 2.928629 3.056935 5.985564 0.034217
 0.000354 2.924342 3.047402 5.971744 0.079922
 0.000355 2.920290 3.040716 5.961006 0.128618
 0.000355 2.916687 3.036597 5.953284 0.170764
 0.000356 2.913674 3.034721 5.948394 0.200533
 0.000356 2.911267 3.035005 5.946271 0.214203
 0.000357 2.909379 3.037700 5.947079 0.208952
 0.000357 2.907771 3.042894 5.950664 0.186415
 0.000358 2.906327 3.050037 5.956365 0.153233
 0.000358 2.904940 3.058613 5.963554 0.116018
 0.000359 2.903426 3.067926 5.971351 0.081499
 0.000359 2.901703 3.076853 5.978556 0.055006
 0.000360 2.899820 3.084928 5.984748 0.036386
 0.000360 2.897843 3.091343 5.989186 0.025399
 0.000361 2.896014 3.095300 5.991314 0.020830
 0.000361 2.894348 3.096540 5.990889 0.021706
 0.000362 2.892672 3.095174 5.987846 0.028508
 0.000362 2.891212 3.091466 5.982679 0.042182
 0.000363 2.889998 3.085574 5.975573 0.065346
 0.000363 2.889196 3.077742 5.966938 0.100290
 0.000364 2.888807 3.068498 5.957305 0.148073
 0.000364 2.888744 3.058692 5.947437 0.206643
 0.000365 2.889035 3.048983 5.938019 0.271625
 0.000365 2.889767 3.039273 5.929040 0.341832
 0.000366 2.890833 3.029936 5.920769 0.413639
 0.000366 2.892010 3.021246 5.913256 0.484799
 0.000367 2.893197 3.012937 5.906134 0.557467
 0.000367 2.894087 3.005118 5.899206 0.633022
 0.000368 2.894353 2.997757 5.892110 0.715375
 0.000368 2.893968 2.991084 5.885053 0.802282
 0.000369 2.892971 2.985215 5.878186 0.891620
 0.000369 2.891448 2.980385 5.871833 0.978475
 0.000370 2.889491 2.976519 5.866010 1.061632
 0.000370 2.887401 2.973942 5.861343 1.130724
 0.000371 2.885166 2.972447 5.857612 1.187520
 0.000371 2.882937 2.972748 5.855686 1.217401
 0.000372 2.880721 2.975368 5.856089 1.211114
 0.000372 2.878720 2.980523 5.859244 1.162514
 0.000373 2.877031 2.988762 5.865794 1.064787
 0.000373 2.875829 3.000556 5.876385 0.915831
 0.000374 2.875032 3.015815 5.890847 0.730564
 0.000374 2.874724 3.034485 5.909209 0.525468
 0.000375 2.874666 3.056993 5.931659 0.320520
 0.000375 2.874935 3.083069 5.958004 0.144290
 0.000376 2.875440 3.111956 5.987396 0.029593
 0.000376 2.875732 3.142966 6.018698 0.002431
 0.000377 2.875849 3.174648 6.050497 0.075167
 0.000377 2.875603 3.205749 6.081353 0.242405
 0.000378 2.875103 3.234677 6.109781 0.480755
 0.000378 2.874463 3.259684 6.134147 0.749370
 0.000379 2.873689 3.279909 6.153597 1.006401
 0.000379 2.872925 3.294566 6.167491 1.213169
 0.000380 2.872312 3.303363 6.175674 1.343983
 0.000380 2.872006 3.306486 6.178492 1.390573
 0.000381 2.871974 3.303877 6.175850 1.346870
 0.000381 2.872272 3.295960 6.168232 1.224729
 0.000382 2.872887 3.283663 6.156549 1.048719
 0.000382 2.873780 3.268275 6.142055 0.849306
 0.000383 2.874869 3.251519 6.126388 0.657393
 0.000383 2.876019 3.235519 6.111538 0.498143
 0.000384 2.877145 3.221774 6.098920 0.380153
 0.000384 2.878238 3.211443 6.089681 0.303866
 0.000385 2.878978 3.204902 6.083880 0.260322
 0.000385 2.879393 3.201357 6.080750 0.238229
 0.000386 2.879233 3.199771 6.079004 0.226331
 0.000386 2.878332 3.198547 6.076879 0.212256
 0.000387 2.876598 3.196293 6.072891 0.187069
 0.000387 2.874060 3.191682 6.065742 0.145898
 0.000388 2.871006 3.184217 6.055223 0.094607
 0.000388 2.867494 3.173837 6.041331 0.043828
 0.000389 2.863540 3.160497 6.024037 0.007580
 0.000389 2.859301 3.144290 6.003592 0.003307
 0.000390 2.855036 3.125578 5.980614 0.048391
 0.000390 2.850809 3.104942 5.955751 0.156651
 0.000391 2.846647 3.083011 5.929659 0.336736
 0.000391 2.842826 3.061076 5.903901 0.581288
 0.000392 2.839464 3.040197 5.879661 0.872036
 0.000392 2.836723 3.021394 5.858117 1.179758
 0.000393 2.834696 3.005733 5.840429 1.467094
 0.000393 2.833344 2.993587 5.826931 1.707418
 0.000394 2.832725 2.985338 5.818063 1.875229
 0.000394 2.832774 2.980814 5.813588 1.962900
 0.000395 2.833465 2.979499 5.812964 1.975283
 0.000395 2.834620 2.981221 5.815841 1.918506
 0.000396 2.836017 2.985457 5.821474 1.809753
 0.000396 2.837605 2.991389 5.828994 1.669519
 0.000397 2.839497 2.998509 5.838006 1.508898
 0.000397 2.841762 3.006183 5.847945 1.341188
 0.000398 2.844378 3.014065 5.858443 1.174752
 0.000398 2.847483 3.021749 5.869232 1.015197
 0.000399 2.851123 3.028803 5.879926 0.868540
 0.000399 2.855492 3.035295 5.890787 0.731290
 0.000400 2.860557 3.040894 5.901450 0.608015
 0.000400 2.866209 3.046368 5.912577 0.491509
 0.000401 2.872384 3.051977 5.924360 0.381621
 0.000401 2.879091 3.058167 5.937258 0.277257
 0.000402 2.886288 3.065766 5.952054 0.178027
 0.000402 2.893904 3.074886 5.968791 0.092163
 0.000403 2.901779 3.085536 5.987314 0.029793
 0.000403 2.909684 3.098427 6.008110 0.000653
 0.000404 2.917449 3.113042 6.030491 0.017610
 0.000404 2.924716 3.129074 6.053790 0.088476
 0.000405 2.931190 3.145017 6.076207 0.207904
 0.000405 2.936588 3.159547 6.096134 0.356255
 0.000406 2.940869 3.171915 6.112784 0.510659
 0.000406 2.944227 3.181631 6.125858 0.651327
 0.000407 2.946924 3.188183 6.135107 0.761169
 0.000407 2.949058 3.190920 6.139979 0.822462
 0.000408 2.950932 3.190243 6.141175 0.837882
 0.000408 2.952716 3.185917 6.138633 0.805289
 0.000409 2.954536 3.178301 6.132837 0.733418
 0.000409 2.956684 3.167900 6.124584 0.636863
 0.000410 2.959325 3.155487 6.114812 0.531360
 0.000410 2.962528 3.141422 6.103950 0.425282
 0.000411 2.966396 3.127049 6.093446 0.333919
 0.000411 2.970961 3.113598 6.084559 0.265243
 0.000412 2.976259 3.101663 6.077921 0.219104
 0.000412 2.982217 3.091814 6.074030 0.194104
 0.000413 2.988929 3.084112 6.073042 0.187993
 0.000413 2.996139 3.078613 6.074752 0.198626
 0.000414 3.003614 3.074599 6.078213 0.221037
 0.000414 3.011142 3.072139 6.083282 0.256025
 0.000415 3.018346 3.071059 6.089405 0.301714
 0.000415 3.025043 3.070758 6.095802 0.353452
 0.000416 3.031227 3.070995 6.102222 0.409491
 0.000416 3.037134 3.070899 6.108033 0.463771
 0.000417 3.042905 3.070758 6.113663 0.519577
 0.000417 3.048717 3.070429 6.119146 0.576969
 0.000418 3.054543 3.069640 6.124183 0.632348
 0.000418 3.060456 3.068467 6.128923 0.686779
 0.000419 3.066577 3.066367 6.132944 0.734712
 0.000419 3.072895 3.063653 6.136548 0.779055
 0.000420 3.079360 3.060296 6.139656 0.818327
 0.000420 3.085832 3.056519 6.142351 0.853165
 0.000421 3.092371 3.052412 6.144783 0.885231
 0.000421 3.098792 3.047942 6.146734 0.911383
 0.000422 3.105118 3.042518 6.147636 0.923603
 0.000422 3.111113 3.035975 6.147088 0.916164
 0.000423 3.116536 3.028004 6.144540 0.882002
 0.000423 3.121248 3.018508 6.139757 0.819617
 0.000424 3.124811 3.007979 6.132790 0.732845
 0.000424 3.126940 2.996126 6.123066 0.619851
 0.000425 3.127530 2.983230 6.110760 0.490404
 0.000425 3.126564 2.969449 6.096013 0.355229
 0.000426 3.124571 2.954951 6.079522 0.229828
 0.000426 3.121727 2.939622 6.061349 0.123130
 0.000427 3.118499 2.923884 6.042383 0.046997
 0.000427 3.115262 2.908103 6.023365 0.006776
 0.000428 3.112370 2.892790 6.005160 0.002154
 0.000428 3.110111 2.877947 5.988059 0.028003
 0.000429 3.108794 2.863869 5.972663 0.076290
 0.000429 3.108571 2.850505 5.959075 0.138596
 0.000430 3.109589 2.838011 5.947600 0.205596
 0.000430 3.112074 2.825681 5.937755 0.273569
 0.000431 3.116241 2.813092 5.929333 0.339413
 0.000431 3.122043 2.799733 5.921776 0.404534
 0.000432 3.129324 2.785928 5.915253 0.465337
 0.000432 3.137577 2.771849 5.909426 0.523240
 0.000433 3.146437 2.757975 5.904412 0.575791
 0.000433 3.155495 2.745356 5.900851 0.614648
 0.000434 3.164358 2.734652 5.899010 0.635227
 0.000434 3.172866 2.726225 5.899091 0.634317
 0.000435 3.181121 2.720762 5.901884 0.603247
 0.000435 3.189145 2.718427 5.907572 0.542379
 0.000436 3.197056 2.718946 5.916002 0.458134
 0.000436 3.204925 2.722107 5.927033 0.358634
 0.000437 3.212890 2.727699 5.940589 0.253013
 0.000437 3.220889 2.734886 5.955775 0.156517
 0.000438 3.229043 2.743232 5.972274 0.077814
 0.000438 3.237244 2.752391 5.989635 0.024397
 0.000439 3.245430 2.761701 6.007131 0.001055
 0.000439 3.253505 2.769878 6.023383 0.006797
 0.000440 3.261387 2.776074 6.037461 0.033119
 0.000440 3.269028 2.779423 6.048451 0.067443
 0.000441 3.276160 2.780185 6.056345 0.099553
 0.000441 3.282510 2.778293 6.060804 0.120439
 0.000442 3.287860 2.773906 6.061766 0.125208
 0.000442 3.291834 2.767571 6.059405 0.113673
 0.000443 3.294217 2.759998 6.054215 0.090274
 0.000443 3.294860 2.752040 6.046899 0.061865
 0.000444 3.294097 2.744343 6.038440 0.035688
 0.000444 3.292057 2.737334 6.029391 0.015606
 0.000445 3.289319 2.731314 6.020633 0.003968
 0.000445 3.286184 2.726563 6.012747 0.000052
 0.000446 3.283011 2.723592 6.006603 0.001311
 0.000446 3.280226 2.722481 6.002706 0.004066
 0.000447 3.278103 2.723140 6.001242 0.005493
 0.000447 3.276752 2.725390 6.002142 0.004591
 0.000448 3.276462 2.728994 6.005455 0.001965
 0.000448 3.277189 2.733316 6.010505 0.000074
 0.000449 3.279054 2.737486 6.016540 0.001160
 0.000449 3.282169 2.741197 6.023366 0.006777
 0.000450 3.286529 2.744560 6.031089 0.018750
 0.000450 3.291824 2.747606 6.039429 0.038379
 0.000451 3.297673 2.750519 6.048192 0.066494
 0.000451 3.303872 2.753117 6.056989 0.102445
 0.000452 3.309999 2.755895 6.065894 0.146716
 0.000452 3.315457 2.759671 6.075127 0.200998
 0.000453 3.320012 2.764881 6.084892 0.267678
 0.000453 3.323709 2.771338 6.095047 0.347137
 0.000454 3.326657 2.779179 6.105836 0.442848
 0.000454 3.329177 2.788135 6.117312 0.557442
 0.000455 3.331318 2.797644 6.128962 0.687234
 0.000455 3.333172 2.807523 6.140695 0.831674
 0.000456 3.334883 2.817619 6.152502 0.990918
 0.000456 3.336528 2.828121 6.164648 1.169289
 0.000457 3.337942 2.838606 6.176548 1.358346
 0.000457 3.338909 2.848384 6.187293 1.541224
 0.000458 3.339419 2.856851 6.196270 1.702858
 0.000458 3.339617 2.863247 6.202864 1.826716
 0.000459 3.339442 2.866944 6.206386 1.894664
 0.000459 3.338748 2.867706 6.206453 1.895976
 0.000460 3.337494 2.865625 6.203120 1.831611
 0.000460 3.335463 2.860830 6.196293 1.703285
 0.000461 3.332377 2.854165 6.186543 1.528076
 0.000461 3.328040 2.845866 6.173906 1.315156
 0.000462 3.322164 2.836319 6.158483 1.076905
 0.000462 3.314724 2.826779 6.141503 0.842132
 0.000463 3.305692 2.817425 6.123118 0.620427
 0.000463 3.295546 2.808561 6.104106 0.426723
 0.000464 3.284622 2.800736 6.085358 0.271095
 0.000464 3.273498 2.793940 6.067437 0.155199
 0.000465 3.262648 2.788511 6.051159 0.077755
 0.000465 3.252377 2.784584 6.036961 0.031845
 0.000466 3.242856 2.782138 6.024994 0.008804
 0.000466 3.234264 2.780779 6.015043 0.000551
 0.000467 3.226679 2.780647 6.007326 0.000967
 0.000467 3.220098 2.781927 6.002025 0.004704
 0.000468 3.214709 2.784639 5.999348 0.007659
 0.000468 3.210437 2.788625 5.999062 0.008017
 0.000469 3.207246 2.793544 6.000790 0.005977
 0.000469 3.205008 2.799936 6.004944 0.002298
 0.000470 3.203519 2.807925 6.011443 0.000004
 0.000470 3.202308 2.817334 6.019642 0.003135
 0.000471 3.201103 2.827791 6.028894 0.014741
 0.000471 3.199609 2.838970 6.038578 0.036058
 0.000472 3.197391 2.850547 6.047939 0.065574
 0.000472 3.194590 2.862375 6.056965 0.102337
 0.000473 3.191431 2.874164 6.065595 0.145103
 0.000473 3.188040 2.885761 6.073801 0.192677
 0.000474 3.184449 2.896908 6.081356 0.242432
 0.000474 3.180827 2.907921 6.088748 0.296635
 0.000475 3.177280 2.918515 6.095795 0.353394
 0.000475 3.173808 2.928928 6.102736 0.414155
 0.000476 3.170293 2.939500 6.109793 0.480873
 0.000476 3.166487 2.949917 6.116404 0.547891
 0.000477 3.162268 2.960601 6.122869 0.617663
 0.000477 3.157819 2.971172 6.128991 0.687577
 0.000478 3.153087 2.981334 6.134422 0.752734
 0.000478 3.147937 2.990870 6.138808 0.807512
 0.000479 3.142319 2.998744 6.141063 0.836423
 0.000479 3.136178 3.004615 6.140793 0.832934
 0.000480 3.129387 3.008139 6.137526 0.791308
 0.000480 3.121760 3.008814 6.130573 0.706255
 0.000481 3.113324 3.006798 6.120122 0.587506
 0.000481 3.104312 3.002600 6.106912 0.453040
 0.000482 3.095134 2.996395 6.091528 0.318435
 0.000482 3.086421 2.989053 6.075474 0.203202
 0.000483 3.078272 2.980872 6.059144 0.112432
 0.000483 3.071045 2.972716 6.043760 0.051316
 0.000484 3.064982 2.964999 6.029981 0.016665
 0.000484 3.060229 2.958208 6.018437 0.002253
 0.000485 3.056978 2.953260 6.010238 0.000110
 0.000485 3.055261 2.950974 6.006235 0.001506
 0.000486 3.054997 2.951221 6.006218 0.001516
 0.000486 3.056244 2.953910 6.010155 0.000123
 0.000487 3.059032 2.958523 6.017555 0.001700
 0.000487 3.063381 2.964691 6.028072 0.013362
 0.000488 3.069236 2.971671 6.040906 0.042581
 0.000488 3.076372 2.978938 6.055310 0.094986
 0.000489 3.084530 2.986037 6.070566 0.173121
 0.000489 3.093193 2.992433 6.085626 0.273076
 0.000490 3.102065 2.997763 6.099828 0.388119
 0.000490 3.110782 3.001402 6.112184 0.504612
 0.000491 3.118992 3.003533 6.122525 0.613842
 0.000491 3.126586 3.004600 6.131186 0.713551
 0.000492 3.133475 3.004918 6.138393 0.802250
 0.000492 3.139959 3.004472 6.144431 0.880554
 0.000493 3.146072 3.003736 6.149808 0.953362
 0.000493 3.151972 3.002905 6.154877 1.024639
 0.000494 3.157489 3.002073 6.159563 1.092811
 0.000494 3.162537 3.001471 6.164008 1.159517
 0.000495 3.167211 3.000933 6.168144 1.223352
 0.000495 3.171455 2.999973 6.171428 1.275270
 0.000496 3.175392 2.998270 6.173662 1.311192
 0.000496 3.178994 2.994868 6.173862 1.314436
 0.000497 3.182242 2.989441 6.171683 1.279350
 0.000497 3.185133 2.981656 6.166789 1.202261
 0.000498 3.187775 2.970780 6.158555 1.077963
 0.000498 3.190227 2.956970 6.147197 0.917649
 0.000499 3.192277 2.940432 6.132709 0.731864
 0.000499 3.193705 2.921699 6.115404 0.537478
 0.000500 3.194487 2.900627 6.095114 0.347694
