#! FIELDS time dAB dAC rc bias
 0.000000 2.421945 2.062019 4.483964 11.661049
 0.000000 2.420415 2.046042 4.466456 10.830876
 0.000001 2.419252 2.028252 4.447504 9.966744
 0.000001 2.418342 2.009331 4.427673 9.101024
 0.000002 2.417743 1.990804 4.408548 8.303351
 0.000002 2.417359 1.973405 4.390764 7.594452
 0.000003 2.417194 1.957587 4.374781 6.984310
 0.000003 2.417057 1.943777 4.360835 6.472803
 0.000004 2.416927 1.932486 4.349413 6.068396
 0.000004 2.416688 1.923841 4.340530 5.762849
 0.000005 2.416386 1.918466 4.334852 5.571708
 0.000005 2.415917 1.916483 4.332400 5.490166
 0.000006 2.415251 1.917291 4.332542 5.494865
 0.000006 2.414289 1.920432 4.334722 5.567356
 0.000007 2.412964 1.926205 4.339169 5.716758
 0.000007 2.411519 1.933867 4.345387 5.928925
 0.000008 2.410067 1.941716 4.351783 6.151213
 0.000008 2.408680 1.948592 4.357272 6.345252
 0.000009 2.407288 1.953334 4.360622 6.465170
 0.000009 2.405987 1.955226 4.361213 6.486440
 0.000010 2.404863 1.953625 4.358488 6.388655
 0.000010 2.403945 1.948409 4.352353 6.171249
 0.000011 2.403109 1.940129 4.343238 5.855157
 0.000011 2.402425 1.930468 4.332893 5.506501
 0.000012 2.401860 1.920392 4.322252 5.159023
 0.000012 2.401195 1.911000 4.312196 4.841065
 0.000013 2.400512 1.902784 4.303297 4.568123
 0.000013 2.399810 1.896044 4.295854 4.345935
 0.000014 2.398795 1.891728 4.290523 4.190185
 0.000014 2.397536 1.890067 4.287603 4.106073
 0.000015 2.396013 1.891614 4.287627 4.106767
 0.000015 2.394261 1.895906 4.290168 4.179896
 0.000016 2.392222 1.902157 4.294380 4.302567
 0.000016 2.390063 1.909892 4.299955 4.467679
 0.000017 2.387958 1.918358 4.306316 4.659846
 0.000017 2.386085 1.926225 4.312310 4.844609
 0.000018 2.384587 1.932016 4.316604 4.979203
 0.000018 2.383603 1.934725 4.318328 5.033761
 0.000019 2.383127 1.933853 4.316980 4.991092
 0.000019 2.383107 1.930014 4.313121 4.869915
 0.000020 2.383703 1.923435 4.307138 4.684971
 0.000020 2.384722 1.915253 4.299975 4.468278
 0.000021 2.386153 1.906896 4.293050 4.263639
 0.000021 2.387797 1.899517 4.287314 4.097807
 0.000022 2.389587 1.894398 4.283984 4.003028
 0.000022 2.391471 1.892422 4.283893 4.000447
 0.000023 2.393392 1.893572 4.286964 4.087784
 0.000023 2.395374 1.897942 4.293316 4.271425
 0.000024 2.397359 1.905862 4.303221 4.565827
 0.000024 2.399321 1.917522 4.316843 4.986750
 0.000025 2.401128 1.932587 4.333716 5.533846
 0.000025 2.402770 1.950498 4.353268 6.203424
 0.000026 2.404217 1.970562 4.374780 6.984268
 0.000026 2.405546 1.991578 4.397124 7.844353
 0.000027 2.406827 2.012752 4.419579 8.758995
 0.000027 2.408138 2.033440 4.441578 9.703925
 0.000028 2.409494 2.052701 4.462195 10.633474
 0.000028 2.410956 2.069393 4.480349 11.487130
 0.000029 2.412667 2.082807 4.495474 12.223524
 0.000029 2.414619 2.093099 4.507718 12.836432
 0.000030 2.416681 2.099804 4.516485 13.284457
 0.000030 2.418799 2.103113 4.521912 13.565687
 0.000031 2.420842 2.103970 4.524812 13.717123
 0.000031 2.422812 2.102511 4.525323 13.743924
 0.000032 2.424605 2.098888 4.523493 13.648123
 0.000032 2.426266 2.094004 4.520270 13.480257
 0.000033 2.427516 2.088394 4.515910 13.254844
 0.000033 2.428391 2.082545 4.510936 12.999962
 0.000034 2.428721 2.076511 4.505231 12.710728
 0.000034 2.428596 2.070199 4.498795 12.388278
 0.000035 2.428094 2.064071 4.492165 12.060479
 0.000035 2.427230 2.057807 4.485038 11.712961
 0.000036 2.426092 2.052067 4.478160 11.382418
 0.000036 2.424659 2.046308 4.470966 11.041795
 0.000037 2.422928 2.040314 4.463242 10.681803
 0.000037 2.421188 2.033592 4.454781 10.294276
 0.000038 2.419516 2.025820 4.445336 9.870203
 0.000038 2.417928 2.016841 4.434769 9.406300
 0.000039 2.416335 2.006535 4.422869 8.897236
 0.000039 2.414801 1.994883 4.409684 8.349723
 0.000040 2.413254 1.982485 4.395738 7.789561
 0.000040 2.411602 1.970097 4.381698 7.245249
 0.000041 2.409624 1.958247 4.367871 6.728440
 0.000041 2.407208 1.947567 4.354774 6.256596
 0.000042 2.404426 1.938313 4.342738 5.838073
 0.000042 2.401245 1.930825 4.332070 5.479214
 0.000043 2.397729 1.925115 4.322844 5.178084
 0.000043 2.393860 1.921771 4.315631 4.948556
 0.000044 2.389553 1.920782 4.310336 4.783365
 0.000044 2.384901 1.921425 4.306326 4.660152
 0.000045 2.379876 1.923594 4.303470 4.573354
 0.000045 2.374616 1.926629 4.301245 4.506316
 0.000046 2.369099 1.930186 4.299286 4.447695
 0.000046 2.363538 1.933775 4.297313 4.389051
 0.000047 2.358037 1.936322 4.294359 4.301956
 0.000047 2.352542 1.936993 4.289535 4.161626
 0.000048 2.347193 1.934764 4.281958 3.945892
 0.000048 2.342068 1.929633 4.271701 3.663019
 0.000049 2.337159 1.922127 4.259286 3.334685
 0.000049 2.332380 1.913291 4.245671 2.992340
 0.000050 2.327638 1.903848 4.231486 2.655399
 0.000050 2.322887 1.894536 4.217424 2.341214
 0.000051 2.318204 1.885821 4.204025 2.060260
 0.000051 2.313631 1.878789 4.192420 1.831418
 0.000052 2.309192 1.874278 4.183470 1.664142
 0.000052 2.304886 1.872903 4.177789 1.562111
 0.000053 2.300807 1.874501 4.175308 1.518571
 0.000053 2.297115 1.879281 4.176396 1.537589
 0.000054 2.293834 1.887376 4.181210 1.623163
 0.000054 2.291183 1.898714 4.189897 1.783461
 0.000055 2.289202 1.912217 4.201419 2.007690
 0.000055 2.287850 1.927304 4.215154 2.292359
 0.000056 2.287197 1.943302 4.230499 2.632688
 0.000056 2.287304 1.959490 4.246793 3.019874
 0.000057 2.288224 1.974881 4.263105 3.434059
 0.000057 2.289900 1.988611 4.278511 3.849651
 0.000058 2.292400 2.000309 4.292709 4.253701
 0.000058 2.295640 2.009616 4.305256 4.627545
 0.000059 2.299496 2.016080 4.315575 4.946802
 0.000059 2.303904 2.019628 4.323533 5.200260
 0.000060 2.308626 2.021354 4.329979 5.410233
 0.000060 2.313700 2.021653 4.335353 5.588451
 0.000061 2.319038 2.021375 4.340413 5.758902
 0.000061 2.324632 2.020912 4.345544 5.934347
 0.000062 2.330429 2.020406 4.350835 6.118022
 0.000062 2.336582 2.020184 4.356765 6.327228
 0.000063 2.343016 2.021044 4.364060 6.589369
 0.000063 2.349684 2.023149 4.372833 6.911705
 0.000064 2.356497 2.026121 4.382617 7.280280
 0.000064 2.363353 2.030077 4.393430 7.698712
 0.000065 2.370462 2.034800 4.405262 8.169979
 0.000065 2.377687 2.039612 4.417299 8.663827
 0.000066 2.384924 2.044083 4.429008 9.158051
 0.000066 2.392202 2.048045 4.440247 9.645377
 0.000067 2.399586 2.050790 4.450377 10.095419
 0.000067 2.406802 2.051820 4.458622 10.469306
 0.000068 2.413811 2.051112 4.464924 10.759655
 0.000068 2.420689 2.048416 4.469105 10.954511
 0.000069 2.427152 2.044240 4.471392 11.061804
 0.000069 2.433045 2.038962 4.472007 11.090763
 0.000070 2.438480 2.033381 4.471862 11.083906
 0.000070 2.443187 2.027818 4.471005 11.043625
 0.000071 2.447153 2.022620 4.469773 10.985796
 0.000071 2.450290 2.018362 4.468652 10.933296
 0.000072 2.452713 2.015526 4.468239 10.914021
 0.000072 2.454276 2.014344 4.468620 10.931810
 0.000073 2.455086 2.014470 4.469556 10.975606
 0.000073 2.455180 2.015801 4.470981 11.042486
 0.000074 2.454480 2.018255 4.472735 11.125073
 0.000074 2.453009 2.021734 4.474743 11.219966
 0.000075 2.450818 2.025610 4.476427 11.299921
 0.000075 2.447906 2.029212 4.477118 11.332772
 0.000076 2.444384 2.032102 4.476486 11.302716
 0.000076 2.440256 2.034357 4.474613 11.213835
 0.000077 2.435571 2.035758 4.471330 11.058871
 0.000077 2.430253 2.035957 4.466210 10.819424
 0.000078 2.424302 2.034258 4.458560 10.466476
 0.000078 2.417621 2.030927 4.448549 10.013455
 0.000079 2.410396 2.026005 4.436401 9.477208
 0.000079 2.402640 2.020043 4.422684 8.889398
 0.000080 2.394224 2.013976 4.408200 8.289185
 0.000080 2.385274 2.008847 4.394121 7.725865
 0.000081 2.376057 2.004932 4.380989 7.218282
 0.000081 2.366500 2.002682 4.369182 6.776618
 0.000082 2.356638 2.002444 4.359082 6.409901
 0.000082 2.346534 2.004508 4.351041 6.125244
 0.000083 2.336169 2.008739 4.344908 5.912442
 0.000083 2.325856 2.015242 4.341098 5.782146
 0.000084 2.315572 2.023393 4.338964 5.709835
 0.000084 2.305376 2.032842 4.338218 5.684637
 0.000085 2.295428 2.043446 4.338874 5.706782
 0.000085 2.285784 2.054770 4.340554 5.763683
 0.000086 2.276416 2.066158 4.342574 5.832460
 0.000086 2.267318 2.076601 4.343919 5.878488
 0.000087 2.258331 2.085989 4.344319 5.892220
 0.000087 2.249679 2.093780 4.343460 5.862754
 0.000088 2.241242 2.099855 4.341097 5.782137
 0.000088 2.233008 2.103690 4.336699 5.633521
 0.000089 2.224992 2.105584 4.330576 5.429895
 0.000089 2.217324 2.105851 4.323175 5.188713
 0.000090 2.210214 2.104076 4.314290 4.906448
 0.000090 2.203654 2.100245 4.303898 4.586327
 0.000091 2.197688 2.094905 4.292593 4.250320
 0.000091 2.192200 2.088249 4.280450 3.903640
 0.000092 2.187293 2.080682 4.267974 3.562845
 0.000092 2.183207 2.072572 4.255779 3.244732
 0.000093 2.179890 2.064330 4.244220 2.956957
 0.000093 2.177316 2.056178 4.233495 2.701892
 0.000094 2.175584 2.048076 4.223660 2.478110
 0.000094 2.174684 2.040512 4.215197 2.293272
 0.000095 2.174648 2.033664 4.208312 2.148197
 0.000095 2.175436 2.027892 4.203329 2.046145
 0.000096 2.176937 2.022905 4.199842 1.976229
 0.000096 2.178943 2.018531 4.197474 1.929424
 0.000097 2.181502 2.014389 4.195891 1.898451
 0.000097 2.184649 2.010796 4.195446 1.889787
 0.000098 2.188233 2.008189 4.196422 1.908808
 0.000098 2.192203 2.006628 4.198831 1.956178
 0.000099 2.196479 2.006351 4.202830 2.036063
 0.000099 2.201107 2.007825 4.208932 2.161063
 0.000100 2.205976 2.011095 4.217071 2.333580
 0.000100 2.211149 2.016495 4.227643 2.567579
 0.000101 2.216662 2.024035 4.240697 2.871906
 0.000101 2.222383 2.033901 4.256284 3.257620
 0.000102 2.228269 2.045558 4.273827 3.720793
 0.000102 2.234318 2.058879 4.293198 4.267963
 0.000103 2.240569 2.073626 4.314195 4.903483
 0.000103 2.246871 2.088985 4.335856 5.605265
 0.000104 2.253028 2.104982 4.358010 6.371585
 0.000104 2.259171 2.120837 4.380008 7.181040
 0.000105 2.265160 2.135941 4.401100 8.002630
 0.000105 2.270936 2.149926 4.420862 8.812750
 0.000106 2.276263 2.162409 4.438673 9.576361
 0.000106 2.281162 2.172517 4.453679 10.244374
 0.000107 2.285654 2.179928 4.465582 10.790229
 0.000107 2.289676 2.184798 4.474475 11.207283
 0.000108 2.293081 2.186664 4.479745 11.458195
 0.000108 2.295848 2.186096 4.481945 11.563743
 0.000109 2.298008 2.183271 4.481279 11.531756
 0.000109 2.299608 2.178103 4.477711 11.361009
 0.000110 2.300713 2.171159 4.471873 11.084427
 0.000110 2.301383 2.162634 4.464018 10.717666
 0.000111 2.301688 2.153106 4.454794 10.294873
 0.000111 2.301654 2.142820 4.444474 9.831917
 0.000112 2.301331 2.132271 4.433602 9.355714
 0.000112 2.300756 2.121982 4.422739 8.891724
 0.000113 2.300166 2.112651 4.412817 8.478245
 0.000113 2.299509 2.104725 4.404234 8.128485
 0.000114 2.298760 2.098307 4.397067 7.842105
 0.000114 2.297803 2.093776 4.391579 7.626269
 0.000115 2.296616 2.090996 4.387612 7.472117
 0.000115 2.295096 2.089550 4.384645 7.357867
 0.000116 2.293261 2.089311 4.382572 7.278526
 0.000116 2.291041 2.090093 4.381134 7.223785
 0.000117 2.288587 2.091636 4.380223 7.189192
 0.000117 2.285956 2.093908 4.379864 7.175596
 0.000118 2.283130 2.096554 4.379683 7.168754
 0.000118 2.280088 2.099408 4.379496 7.161667
 0.000119 2.276901 2.102327 4.379228 7.151499
 0.000119 2.273662 2.105359 4.379021 7.143687
 0.000120 2.270527 2.108212 4.378739 7.133024
 0.000120 2.267476 2.111020 4.378496 7.123870
 0.000121 2.264572 2.114136 4.378708 7.131857
 0.000121 2.261827 2.117109 4.378936 7.140465
 0.000122 2.259152 2.119133 4.378285 7.115894
 0.000122 2.256672 2.120464 4.377137 7.072639
 0.000123 2.254261 2.120712 4.374973 6.991499
 0.000123 2.251843 2.119861 4.371703 6.869769
 0.000124 2.249403 2.117414 4.366817 6.689858
 0.000124 2.246874 2.113393 4.360267 6.452388
 0.000125 2.244248 2.107652 4.351901 6.155348
 0.000125 2.241493 2.099614 4.341108 5.782494
 0.000126 2.238597 2.089063 4.327660 5.334213
 0.000126 2.235637 2.075637 4.311275 4.812446
 0.000127 2.232648 2.059629 4.292276 4.241094
 0.000127 2.229783 2.041684 4.271468 3.656706
 0.000128 2.227097 2.022298 4.249395 3.084152
 0.000128 2.224905 2.001810 4.226716 2.546601
 0.000129 2.223287 1.981253 4.204540 2.070724
 0.000129 2.222204 1.961369 4.183573 1.666023
 0.000130 2.221868 1.942598 4.164466 1.335497
 0.000130 2.222245 1.925948 4.148193 1.082780
 0.000131 2.223499 1.912463 4.135962 0.910270
 0.000131 2.225550 1.902855 4.128405 0.811167
 0.000132 2.228485 1.897209 4.125693 0.776992
 0.000132 2.232261 1.895684 4.127946 0.805322
 0.000133 2.236899 1.898512 4.135411 0.902847
 0.000133 2.242385 1.904866 4.147252 1.068971
 0.000134 2.248561 1.914061 4.162622 1.305532
 0.000134 2.255235 1.925313 4.180548 1.611262
 0.000135 2.262513 1.937426 4.199939 1.978152
 0.000135 2.270196 1.949794 4.219990 2.397084
 0.000136 2.278219 1.961585 4.239804 2.850543
 0.000136 2.286571 1.972318 4.258890 3.324461
 0.000137 2.295247 1.981451 4.276698 3.799516
 0.000137 2.304120 1.988724 4.292844 4.257642
 0.000138 2.313169 1.994605 4.307774 4.704467
 0.000138 2.322474 1.999551 4.322025 5.151747
 0.000139 2.331839 2.003887 4.335726 5.600923
 0.000139 2.341207 2.007460 4.348667 6.042410
 0.000140 2.350679 2.010160 4.360839 6.472967
 0.000140 2.360033 2.012657 4.372691 6.906417
 0.000141 2.369334 2.014741 4.384075 7.335991
 0.000141 2.378514 2.016589 4.395103 7.764505
 0.000142 2.387382 2.018424 4.405806 8.191982
 0.000142 2.395812 2.020139 4.415951 8.607785
 0.000143 2.403659 2.021187 4.424846 8.980798
 0.000143 2.410895 2.021589 4.432484 9.307424
 0.000144 2.417357 2.021382 4.438740 9.579287
 0.000144 2.422935 2.020055 4.442990 9.766251
 0.000145 2.427600 2.017447 4.445047 9.857335
 0.000145 2.431509 2.013279 4.444788 9.845879
 0.000146 2.434597 2.007399 4.441996 9.722371
 0.000146 2.436829 2.000336 4.437165 9.510503
 0.000147 2.438307 1.992272 4.430579 9.225429
 0.000147 2.439100 1.983766 4.422866 8.897105
 0.000148 2.439221 1.975428 4.414649 8.553848
 0.000148 2.438855 1.967704 4.406559 8.222509
 0.000149 2.438077 1.961619 4.399696 7.946550
 0.000149 2.437074 1.957840 4.394915 7.757084
 0.000150 2.435875 1.956847 4.392721 7.670923
 0.000150 2.434463 1.958733 4.393197 7.689552
 0.000151 2.432799 1.963913 4.396711 7.828002
 0.000151 2.430886 1.972447 4.403332 8.092175
 0.000152 2.428577 1.984140 4.412717 8.474126
 0.000152 2.425918 1.998840 4.424758 8.977088
 0.000153 2.422844 2.015689 4.438533 9.570236
 0.000153 2.419396 2.034226 4.453621 10.241748
 0.000154 2.415587 2.053266 4.468854 10.942746
 0.000154 2.411286 2.071810 4.483096 11.619149
 0.000155 2.406435 2.089031 4.495466 12.223119
 0.000155 2.401226 2.103985 4.505210 12.709670
 0.000156 2.395851 2.115471 4.511322 13.019671
 0.000156 2.390257 2.123476 4.513733 13.142971
 0.000157 2.384549 2.127868 4.512417 13.075629
 0.000157 2.378877 2.128211 4.507089 12.804542
 0.000158 2.373428 2.123862 4.497290 12.313491
 0.000158 2.368417 2.115126 4.483543 11.640719
 0.000159 2.363590 2.102604 4.466194 10.818671
 0.000159 2.359094 2.086789 4.445882 9.894485
 0.000160 2.354907 2.068359 4.423266 8.913982
 0.000160 2.351127 2.048196 4.399323 7.931703
 0.000161 2.347710 2.026773 4.374483 6.973176
 0.000161 2.344613 2.004817 4.349430 6.068975
 0.000162 2.341691 1.982814 4.324505 5.231668
 0.000162 2.338944 1.961120 4.300063 4.470915
 0.000163 2.336436 1.940789 4.277225 3.814060
 0.000163 2.334162 1.922215 4.256376 3.259976
 0.000164 2.332107 1.905345 4.237452 2.794651
 0.000164 2.330146 1.890389 4.220535 2.409025
 0.000165 2.328374 1.877545 4.205919 2.098883
 0.000165 2.326986 1.866509 4.193495 1.852056
 0.000166 2.326043 1.857383 4.183426 1.663327
 0.000166 2.325713 1.849907 4.175621 1.524017
 0.000167 2.326073 1.843411 4.169484 1.418759
 0.000167 2.327101 1.838543 4.165644 1.354821
 0.000168 2.328931 1.835228 4.164158 1.330465
 0.000168 2.331542 1.833928 4.165470 1.351954
 0.000169 2.334872 1.834818 4.169690 1.422231
 0.000169 2.338826 1.838471 4.177297 1.553417
 0.000170 2.343370 1.844947 4.188317 1.753740
 0.000170 2.348507 1.853833 4.202340 2.026196
 0.000171 2.354032 1.865959 4.219992 2.397116
 0.000171 2.359717 1.880875 4.240592 2.869391
 0.000172 2.365476 1.897791 4.263267 3.438300
 0.000172 2.371342 1.916252 4.287594 4.105827
 0.000173 2.377150 1.935491 4.312641 4.854944
 0.000173 2.382792 1.955015 4.337807 5.670780
 0.000174 2.388182 1.974041 4.362222 6.522839
 0.000174 2.393320 1.991360 4.384680 7.359179
 0.000175 2.398188 2.006862 4.405050 8.161423
 0.000175 2.402659 2.020567 4.423227 8.912314
 0.000176 2.406693 2.032157 4.438850 9.584120
 0.000176 2.410380 2.041046 4.451426 10.142630
 0.000177 2.413848 2.047353 4.461201 10.587684
 0.000177 2.417161 2.050851 4.468011 10.903363
 0.000178 2.420273 2.051496 4.471769 11.079535
 0.000178 2.423263 2.050084 4.473347 11.153979
 0.000179 2.426187 2.047165 4.473353 11.154223
 0.000179 2.428993 2.042992 4.471985 11.089735
 0.000180 2.431526 2.037980 4.469506 10.973262
 0.000180 2.433783 2.032555 4.466338 10.825356
 0.000181 2.435659 2.027048 4.462706 10.657038
 0.000181 2.437118 2.021827 4.458945 10.484115
 0.000182 2.438156 2.017089 4.455245 10.315354
 0.000182 2.438788 2.013551 4.452340 10.183822
 0.000183 2.438984 2.011165 4.450149 10.085197
 0.000183 2.438712 2.009905 4.448617 10.016517
 0.000184 2.438033 2.010099 4.448132 9.994818
 0.000184 2.437025 2.011743 4.448768 10.023257
 0.000185 2.435737 2.013959 4.449695 10.064820
 0.000185 2.434243 2.017041 4.451284 10.136234
 0.000186 2.432681 2.020660 4.453341 10.229042
 0.000186 2.431175 2.024385 4.455560 10.329685
 0.000187 2.429883 2.028120 4.458003 10.441021
 0.000187 2.428850 2.032041 4.460891 10.573397
 0.000188 2.427994 2.035514 4.463507 10.694047
 0.000188 2.427252 2.038685 4.465937 10.806720
 0.000189 2.426803 2.041637 4.468440 10.923395
 0.000189 2.426687 2.044222 4.470908 11.039079
 0.000190 2.426639 2.046126 4.472765 11.126479
 0.000190 2.426605 2.047106 4.473711 11.171141
 0.000191 2.426382 2.047221 4.473602 11.166018
 0.000191 2.426043 2.046736 4.472779 11.127162
 0.000192 2.425551 2.045056 4.470607 11.024903
 0.000192 2.424817 2.041838 4.466654 10.840086
 0.000193 2.423967 2.037019 4.460986 10.577772
 0.000193 2.422951 2.030265 4.453217 10.223444
 0.000194 2.421759 2.020890 4.442649 9.751173
 0.000194 2.420364 2.009070 4.429434 9.176322
 0.000195 2.418896 1.994582 4.413478 8.505466
 0.000195 2.417384 1.977990 4.395374 7.775192
 0.000196 2.415987 1.959464 4.375451 7.009391
 0.000196 2.414651 1.939141 4.353792 6.221899
 0.000197 2.413458 1.917320 4.330778 5.436549
 0.000197 2.412425 1.894198 4.306622 4.669200
 0.000198 2.411574 1.871201 4.282775 3.968880
 0.000198 2.411012 1.849099 4.260110 3.356014
 0.000199 2.410767 1.828367 4.239134 2.834558
 0.000199 2.410909 1.809386 4.220295 2.403757
 0.000200 2.411114 1.792666 4.203780 2.055282
 0.000200 2.411367 1.779436 4.190803 1.800602
 0.000201 2.411732 1.770720 4.182453 1.645626
 0.000201 2.412205 1.766532 4.178737 1.578912
 0.000202 2.412737 1.766418 4.179155 1.586352
 0.000202 2.413353 1.770024 4.183378 1.662449
 0.000203 2.414281 1.776714 4.190995 1.804258
 0.000203 2.415354 1.786171 4.201524 2.009809
 0.000204 2.416886 1.797585 4.214471 2.277763
 0.000204 2.418774 1.810341 4.229115 2.601039
 0.000205 2.421064 1.823960 4.245024 2.976534
 0.000205 2.424045 1.837824 4.261869 3.401732
 0.000206 2.427411 1.851972 4.279383 3.873894
 0.000206 2.431166 1.866273 4.297439 4.392783
 0.000207 2.435224 1.880917 4.316142 4.964625
 0.000207 2.439458 1.896131 4.335588 5.596319
 0.000208 2.443830 1.912106 4.355936 6.297742
 0.000208 2.448042 1.928762 4.376804 7.060138
 0.000209 2.451915 1.945333 4.397248 7.849254
 0.000209 2.455568 1.961455 4.417024 8.652344
 0.000210 2.458863 1.977013 4.435876 9.454343
 0.000210 2.461553 1.991520 4.453073 10.216959
 0.000211 2.463581 2.005077 4.468658 10.933565
 0.000211 2.464826 2.017492 4.482317 11.581647
 0.000212 2.465416 2.028237 4.493653 12.133650
 0.000212 2.465494 2.036574 4.502068 12.551706
 0.000213 2.465237 2.042308 4.507545 12.827662
 0.000213 2.464576 2.045108 4.509683 12.936183
 0.000214 2.463602 2.044982 4.508584 12.880313
 0.000214 2.462291 2.042216 4.504507 12.674218
 0.000215 2.460625 2.036412 4.497037 12.300934
 0.000215 2.458670 2.028421 4.487092 11.812587
 0.000216 2.456467 2.018787 4.475254 11.244205
 0.000216 2.453870 2.007400 4.461270 10.590841
 0.000217 2.450949 1.995582 4.446530 9.923335
 0.000217 2.447675 1.983699 4.431374 9.259610
 0.000218 2.444141 1.973145 4.417285 8.663234
 0.000218 2.440173 1.964530 4.404703 8.147411
 0.000219 2.435829 1.958028 4.393857 7.715470
 0.000219 2.431003 1.954115 4.385118 7.376026
 0.000220 2.425675 1.953646 4.379321 7.155035
 0.000220 2.419758 1.956917 4.376675 7.055293
 0.000221 2.413440 1.963638 4.377079 7.070457
 0.000221 2.406834 1.973577 4.380411 7.196332
 0.000222 2.400014 1.986032 4.386046 7.411695
 0.000222 2.393104 2.000305 4.393409 7.697875
 0.000223 2.386165 2.015848 4.402013 8.039188
 0.000223 2.379282 2.031705 4.410986 8.403015
 0.000224 2.372461 2.047491 4.419952 8.774588
 0.000224 2.365801 2.061936 4.427737 9.103748
 0.000225 2.359541 2.074208 4.433750 9.362115
 0.000225 2.353662 2.083521 4.437183 9.511289
 0.000226 2.347931 2.089471 4.437402 9.520845
 0.000226 2.342312 2.092020 4.434332 9.387331
 0.000227 2.336810 2.091318 4.428128 9.120438
 0.000227 2.331197 2.088017 4.419214 8.743714
 0.000228 2.325284 2.082638 4.407921 8.277850
 0.000228 2.319205 2.075159 4.394364 7.735387
 0.000229 2.312856 2.065750 4.378605 7.127992
 0.000229 2.306318 2.055063 4.361381 6.492481
 0.000230 2.299676 2.043800 4.343476 5.863293
 0.000230 2.293021 2.031981 4.325002 5.247751
 0.000231 2.286460 2.020284 4.306744 4.672905
 0.000231 2.280002 2.008988 4.288990 4.145928
 0.000232 2.273792 1.998417 4.272208 3.676760
 0.000232 2.267831 1.988682 4.256514 3.263476
 0.000233 2.262182 1.979500 4.241682 2.895550
 0.000233 2.256961 1.970275 4.227236 2.558364
 0.000234 2.252269 1.960941 4.213210 2.250915
 0.000234 2.248244 1.951129 4.199374 1.966922
 0.000235 2.244844 1.940728 4.185573 1.702717
 0.000235 2.241932 1.929942 4.171874 1.459306
 0.000236 2.239590 1.919031 4.158621 1.241681
 0.000236 2.237782 1.908938 4.146720 1.061213
 0.000237 2.236473 1.900664 4.137137 0.926198
 0.000237 2.235692 1.895453 4.131146 0.846446
 0.000238 2.235233 1.894006 4.129240 0.821829
 0.000238 2.234778 1.897066 4.131844 0.855555
 0.000239 2.234472 1.904917 4.139390 0.957109
 0.000239 2.234313 1.917827 4.152140 1.141645
 0.000240 2.234331 1.935341 4.169672 1.421938
 0.000240 2.234576 1.956990 4.191566 1.815107
 0.000241 2.235103 1.982081 4.217184 2.336039
 0.000241 2.235930 2.009524 4.245455 2.987061
 0.000242 2.237049 2.038068 4.275117 3.756058
 0.000242 2.238418 2.067009 4.305427 4.632738
 0.000243 2.240144 2.094859 4.335003 5.576756
 0.000243 2.242313 2.120864 4.363177 6.557345
 0.000244 2.244716 2.143593 4.388309 7.499068
 0.000244 2.247329 2.161988 4.409317 8.334722
 0.000245 2.250242 2.175861 4.426103 9.034174
 0.000245 2.253313 2.185307 4.438620 9.574072
 0.000246 2.256546 2.190410 4.446955 9.942267
 0.000246 2.259793 2.191435 4.451228 10.133709
 0.000247 2.262987 2.188307 4.451294 10.136688
 0.000247 2.266151 2.181514 4.447664 9.973916
 0.000248 2.269275 2.171698 4.440973 9.677292
 0.000248 2.272204 2.159634 4.431838 9.279576
 0.000249 2.275016 2.145544 4.420560 8.800094
 0.000249 2.277847 2.130461 4.408308 8.293586
 0.000250 2.280548 2.114720 4.395268 7.770995
 0.000250 2.283223 2.099081 4.382304 7.268309
 0.000251 2.286037 2.084198 4.370235 6.815452
 0.000251 2.289055 2.070729 4.359784 6.435047
 0.000252 2.292156 2.058559 4.350714 6.113796
 0.000252 2.295412 2.047759 4.343171 5.852861
 0.000253 2.298862 2.038884 4.337746 5.668718
 0.000253 2.302533 2.031922 4.334455 5.558469
 0.000254 2.306326 2.027239 4.333566 5.528845
 0.000254 2.310138 2.024281 4.334418 5.557240
 0.000255 2.313971 2.023331 4.337302 5.653790
 0.000255 2.317794 2.024325 4.342119 5.816940
 0.000256 2.321598 2.027008 4.348606 6.040297
 0.000256 2.325146 2.031520 4.356666 6.323694
 0.000257 2.328344 2.037957 4.366301 6.670998
 0.000257 2.331232 2.046147 4.377379 7.081747
 0.000258 2.333827 2.056010 4.389837 7.558373
 0.000258 2.336065 2.066660 4.402725 8.067767
 0.000259 2.338018 2.077592 4.415610 8.593639
 0.000259 2.339598 2.088159 4.427758 9.104635
 0.000260 2.340714 2.098359 4.439073 9.593880
 0.000260 2.341445 2.107963 4.449409 10.051967
 0.000261 2.341799 2.116447 4.458246 10.452112
 0.000261 2.341900 2.123424 4.465323 10.778211
 0.000262 2.341795 2.128446 4.470241 11.007756
 0.000262 2.341461 2.130740 4.472201 11.099890
 0.000263 2.340799 2.130084 4.470883 11.037893
 0.000263 2.340004 2.126036 4.466040 10.811519
 0.000264 2.338927 2.118632 4.457559 10.420733
 0.000264 2.337648 2.107816 4.445465 9.875922
 0.000265 2.336034 2.093288 4.429322 9.171518
 0.000265 2.334195 2.075837 4.410033 8.363971
 0.000266 2.332082 2.055756 4.387838 7.480841
 0.000266 2.329560 2.033875 4.363436 6.566735
 0.000267 2.326709 2.010808 4.337518 5.661050
 0.000267 2.323734 1.987457 4.311191 4.809861
 0.000268 2.320774 1.964705 4.285479 4.045421
 0.000268 2.317828 1.943263 4.261091 3.381467
 0.000269 2.314954 1.924090 4.239044 2.832416
 0.000269 2.312324 1.908009 4.220333 2.404597
 0.000270 2.310096 1.895568 4.205665 2.093673
 0.000270 2.308445 1.886579 4.195024 1.881597
 0.000271 2.307264 1.881313 4.188577 1.758611
 0.000271 2.306557 1.879741 4.186297 1.716117
 0.000272 2.306483 1.881527 4.188010 1.747991
 0.000272 2.306972 1.886484 4.193455 1.851290
 0.000273 2.307917 1.894233 4.202150 2.022372
 0.000273 2.309154 1.904526 4.213681 2.260923
 0.000274 2.310596 1.917225 4.227820 2.571594
 0.000274 2.312209 1.931548 4.243756 2.945698
 0.000275 2.313813 1.946752 4.260565 3.367795
 0.000275 2.315416 1.962626 4.278041 3.836638
 0.000276 2.317006 1.978443 4.295450 4.334011
 0.000276 2.318389 1.993732 4.312121 4.838749
 0.000277 2.319562 2.008284 4.327847 5.340307
 0.000277 2.320622 2.021583 4.342204 5.819841
 0.000278 2.321515 2.033210 4.354726 6.254868
 0.000278 2.322339 2.042828 4.365167 6.629623
 0.000279 2.323092 2.050251 4.373344 6.930708
 0.000279 2.323861 2.055668 4.379530 7.162928
 0.000280 2.324539 2.058907 4.383447 7.311965
 0.000280 2.325187 2.059839 4.385026 7.372456
 0.000281 2.325850 2.058200 4.384049 7.335014
 0.000281 2.326433 2.054505 4.380938 7.216341
 0.000282 2.326999 2.048584 4.375583 7.014345
 0.000282 2.327539 2.040324 4.367864 6.728178
 0.000283 2.327916 2.030411 4.358327 6.382882
 0.000283 2.328106 2.018953 4.347058 5.986628
 0.000284 2.328049 2.006117 4.334166 5.548825
 0.000284 2.327689 1.991923 4.319612 5.074596
 0.000285 2.327096 1.977001 4.304097 4.592340
 0.000285 2.326133 1.962390 4.288523 4.132478
 0.000286 2.324855 1.948521 4.273376 3.708491
 0.000286 2.323422 1.936426 4.259847 3.349201
 0.000287 2.321815 1.926510 4.248325 3.057634
 0.000287 2.320210 1.919336 4.239546 2.844391
 0.000288 2.318652 1.915119 4.233771 2.708311
 0.000288 2.317318 1.914744 4.232062 2.668690
 0.000289 2.316241 1.917812 4.234054 2.714898
 0.000289 2.315492 1.924485 4.239978 2.854690
 0.000290 2.315021 1.935033 4.250054 3.100536
 0.000290 2.314923 1.948496 4.263419 3.442288
 0.000291 2.315071 1.964874 4.279945 3.889550
 0.000291 2.315416 1.983616 4.299032 4.440123
 0.000292 2.316004 2.004397 4.320401 5.099736
 0.000292 2.316702 2.026080 4.342783 5.839585
 0.000293 2.317512 2.047825 4.365338 6.635842
 0.000293 2.318330 2.068906 4.387237 7.457606
 0.000294 2.319018 2.088779 4.407797 8.272795
 0.000294 2.319515 2.106997 4.426512 9.051557
 0.000295 2.319822 2.122640 4.442462 9.742934
 0.000295 2.319889 2.134969 4.454858 10.297790
 0.000296 2.319838 2.144236 4.464075 10.720303
 0.000296 2.319754 2.150512 4.470266 11.008908
 0.000297 2.319831 2.153885 4.473717 11.171420
 0.000297 2.320054 2.154211 4.474265 11.197337
 0.000298 2.320451 2.151712 4.472163 11.098125
 0.000298 2.320962 2.147043 4.468004 10.903048
 0.000299 2.321746 2.140044 4.461790 10.614788
 0.000299 2.323039 2.131248 4.454287 10.271875
 0.000300 2.324789 2.120480 4.445269 9.867216
 0.000300 2.327015 2.108118 4.435133 9.422061
 0.000301 2.329805 2.094429 4.424234 8.954909
 0.000301 2.332949 2.079901 4.412850 8.479612
 0.000302 2.336295 2.064902 4.401197 8.006491
 0.000302 2.339777 2.049962 4.389739 7.554545
 0.000303 2.343296 2.035743 4.379039 7.144376
 0.000303 2.346690 2.021823 4.368513 6.752026
 0.000304 2.350004 2.009197 4.359201 6.414164
 0.000304 2.353157 1.998219 4.351375 6.136938
 0.000305 2.356205 1.989152 4.345357 5.927914
 0.000305 2.359111 1.981610 4.340721 5.769339
 0.000306 2.362036 1.975860 4.337896 5.673770
 0.000306 2.364890 1.972115 4.337005 5.643812
 0.000307 2.367700 1.970321 4.338021 5.678000
 0.000307 2.370455 1.970466 4.340921 5.776143
 0.000308 2.373303 1.972024 4.345327 5.926857
 0.000308 2.376451 1.975130 4.351581 6.144156
 0.000309 2.379920 1.979752 4.359672 6.431056
 0.000309 2.383422 1.985277 4.368699 6.758847
 0.000310 2.386903 1.991662 4.378565 7.126473
 0.000310 2.390306 1.998562 4.388868 7.520723
 0.000311 2.393559 2.005315 4.398874 7.913808
 0.000311 2.396590 2.011268 4.407858 8.275252
 0.000312 2.399249 2.016461 4.415710 8.597783
 0.000312 2.401277 2.020626 4.421903 8.856506
 0.000313 2.402737 2.023731 4.426468 9.049683
 0.000313 2.403600 2.025013 4.428614 9.141192
 0.000314 2.403859 2.024137 4.427996 9.114813
 0.000314 2.403567 2.020624 4.424191 8.953071
 0.000315 2.402771 2.014942 4.417714 8.681074
 0.000315 2.401517 2.007073 4.408590 8.305084
 0.000316 2.399975 1.997058 4.397033 7.840723
 0.000316 2.398369 1.984711 4.383080 7.297922
 0.000317 2.396764 1.970316 4.367080 6.699467
 0.000317 2.395176 1.954569 4.349745 6.079964
 0.000318 2.393750 1.937979 4.331730 5.467970
 0.000318 2.392545 1.921162 4.313706 4.888189
 0.000319 2.391666 1.904442 4.296108 4.353418
 0.000319 2.391172 1.887995 4.279167 3.867884
 0.000320 2.391195 1.872904 4.264099 3.460143
 0.000320 2.391543 1.859780 4.251323 3.132207
 0.000321 2.392157 1.848638 4.240794 2.874238
 0.000321 2.393113 1.839845 4.232958 2.689416
 0.000322 2.394224 1.832957 4.227181 2.557121
 0.000322 2.395445 1.828100 4.223544 2.475534
 0.000323 2.396989 1.825613 4.222602 2.454606
 0.000323 2.398994 1.825469 4.224463 2.496007
 0.000324 2.401559 1.827507 4.229066 2.599929
 0.000324 2.404725 1.831879 4.236604 2.774659
 0.000325 2.408390 1.838622 4.247012 3.025255
 0.000325 2.412591 1.847029 4.259620 3.343327
 0.000326 2.417361 1.856625 4.273986 3.725130
 0.000326 2.422673 1.867709 4.290382 4.186111
 0.000327 2.428571 1.879424 4.307995 4.711248
 0.000327 2.435054 1.891720 4.326775 5.305337
 0.000328 2.441922 1.904606 4.346528 5.968303
 0.000328 2.449043 1.917968 4.367011 6.696942
 0.000329 2.456251 1.931570 4.387820 7.480158
 0.000329 2.463531 1.944840 4.408371 8.296146
 0.000330 2.470864 1.957707 4.428571 9.139371
 0.000330 2.478139 1.969991 4.448131 9.994746
 0.000331 2.485300 1.981483 4.466783 10.846103
 0.000331 2.491999 1.991631 4.483629 11.644879
 0.000332 2.498238 2.000025 4.498263 12.361801
 0.000332 2.503908 2.006742 4.510650 12.985399
 0.000333 2.508911 2.011390 4.520301 13.481860
 0.000333 2.513312 2.013613 4.526925 13.828049
 0.000334 2.517141 2.013197 4.530338 14.008098
 0.000334 2.520399 2.010103 4.530502 14.016798
 0.000335 2.523286 2.004470 4.527756 13.871790
 0.000335 2.525918 1.996197 4.522115 13.576266
 0.000336 2.528097 1.985699 4.513797 13.146259
 0.000336 2.529916 1.973577 4.503492 12.623187
 0.000337 2.531391 1.959964 4.491355 12.020701
 0.000337 2.532603 1.945887 4.478490 11.398210
 0.000338 2.533417 1.932000 4.465417 10.782558
 0.000338 2.533610 1.919134 4.452743 10.202050
 0.000339 2.533340 1.907851 4.441192 9.686920
 0.000339 2.532426 1.898712 4.431138 9.249442
 0.000340 2.530760 1.891727 4.422487 8.881117
 0.000340 2.528266 1.887510 4.415777 8.600552
 0.000341 2.524927 1.886231 4.411158 8.410085
 0.000341 2.520751 1.888470 4.409221 8.330794
 0.000342 2.515764 1.893505 4.409269 8.332760
 0.000342 2.510038 1.901072 4.411110 8.408086
 0.000343 2.503618 1.910568 4.414185 8.534684
 0.000343 2.496759 1.921101 4.417860 8.687171
 0.000344 2.489573 1.932325 4.421898 8.856297
 0.000344 2.482034 1.944054 4.426088 9.033531
 0.000345 2.474242 1.955694 4.429935 9.197800
 0.000345 2.466134 1.966655 4.432789 9.320595
 0.000346 2.457721 1.976725 4.434446 9.392293
 0.000346 2.449119 1.985729 4.434849 9.409742
 0.000347 2.440289 1.993412 4.433701 9.360021
 0.000347 2.431255 1.999296 4.430552 9.224262
 0.000348 2.421968 2.003691 4.425659 9.015291
 0.000348 2.412457 2.006302 4.418758 8.724658
 0.000349 2.402498 2.007052 4.409550 8.344262
 0.000349 2.392097 2.006097 4.398193 7.886762
 0.000350 2.381260 2.003741 4.385001 7.371507
 0.000350 2.370068 2.000214 4.370283 6.817212
 0.000351 2.358524 1.995453 4.353977 6.228419
 0.000351 2.346529 1.989573 4.336101 5.613485
 0.000352 2.334391 1.982188 4.316579 4.978429
 0.000352 2.322238 1.973790 4.296028 4.351049
 0.000353 2.310338 1.964363 4.274701 3.744663
 0.000353 2.298658 1.954271 4.252929 3.172547
 0.000354 2.287314 1.944006 4.231320 2.651579
 0.000354 2.276540 1.934141 4.210682 2.197595
 0.000355 2.266468 1.924464 4.190932 1.803046
 0.000355 2.257370 1.915314 4.172684 1.473186
 0.000356 2.249271 1.907289 4.156560 1.209409
 0.000356 2.242253 1.901310 4.143563 1.015721
 0.000357 2.236187 1.897215 4.133402 0.876056
 0.000357 2.231076 1.895985 4.127062 0.794143
 0.000358 2.226872 1.898257 4.125129 0.769967
 0.000358 2.223574 1.904566 4.128140 0.807793
 0.000359 2.221064 1.914692 4.135756 0.907500
 0.000359 2.219160 1.928503 4.147663 1.075001
 0.000360 2.217725 1.945232 4.162957 1.310939
 0.000360 2.216777 1.964785 4.181562 1.629509
 0.000361 2.216241 1.986591 4.202832 2.036105
 0.000361 2.216259 2.010038 4.226297 2.537171
 0.000362 2.216824 2.034458 4.251282 3.131191
 0.000362 2.217925 2.059117 4.277042 3.809020
 0.000363 2.219688 2.083308 4.302996 4.559031
 0.000363 2.222017 2.105832 4.327849 5.340371
 0.000364 2.224968 2.126461 4.351429 6.138810
 0.000364 2.228630 2.144949 4.373579 6.939473
 0.000365 2.232865 2.160783 4.393648 7.707282
 0.000365 2.237595 2.174150 4.411744 8.434127
 0.000366 2.242778 2.185194 4.427972 9.113772
 0.000366 2.248391 2.193250 4.441641 9.706691
 0.000367 2.254323 2.198212 4.452535 10.192624
 0.000367 2.260238 2.200058 4.460296 10.546050
 0.000368 2.266138 2.199504 4.465642 10.793011
 0.000368 2.271864 2.196499 4.468363 10.919805
 0.000369 2.277564 2.191176 4.468740 10.937417
 0.000369 2.283092 2.183609 4.466701 10.842267
 0.000370 2.288395 2.174758 4.463152 10.677653
 0.000370 2.293252 2.165169 4.458421 10.460119
 0.000371 2.297724 2.155177 4.452901 10.209175
 0.000371 2.301857 2.144790 4.446648 9.928556
 0.000372 2.305645 2.134009 4.439654 9.619364
 0.000372 2.309216 2.123281 4.432497 9.307984
 0.000373 2.312749 2.113250 4.425998 9.029709
 0.000373 2.316231 2.104583 4.420813 8.810714
 0.000374 2.319675 2.097247 4.416922 8.648133
 0.000374 2.322932 2.091298 4.414230 8.536515
 0.000375 2.326145 2.087186 4.413331 8.499436
 0.000375 2.329261 2.085226 4.414487 8.547158
 0.000376 2.332159 2.085541 4.417700 8.680511
 0.000376 2.334839 2.087776 4.422615 8.886511
 0.000377 2.337313 2.091823 4.429135 9.163519
 0.000377 2.339375 2.097305 4.436680 9.489360
 0.000378 2.340975 2.104301 4.445276 9.867546
 0.000378 2.341982 2.112316 4.454299 10.272424
 0.000379 2.342371 2.121313 4.463684 10.702210
 0.000379 2.342206 2.130767 4.472973 11.136286
 0.000380 2.341457 2.139771 4.481228 11.529311
 0.000380 2.340307 2.147686 4.487993 11.856423
 0.000381 2.338664 2.153682 4.492347 12.069381
 0.000381 2.336654 2.157299 4.493952 12.148400
 0.000382 2.334285 2.158338 4.492623 12.082967
 0.000382 2.331674 2.156407 4.488082 11.860746
 0.000383 2.328966 2.150955 4.479921 11.466597
 0.000383 2.326050 2.142208 4.468258 10.914898
 0.000384 2.322907 2.129979 4.452885 10.208458
 0.000384 2.319697 2.115356 4.435053 9.418603
 0.000385 2.316232 2.098696 4.414927 8.565361
 0.000385 2.312552 2.080843 4.393395 7.697345
 0.000386 2.308926 2.062486 4.371412 6.858983
 0.000386 2.305200 2.044702 4.349902 6.085416
 0.000387 2.301408 2.027977 4.329385 5.390717
 0.000387 2.297538 2.012912 4.310450 4.786901
 0.000388 2.293397 2.000237 4.293634 4.280737
 0.000388 2.289316 1.990381 4.279697 3.882635
 0.000389 2.285478 1.983726 4.269205 3.595762
 0.000389 2.281835 1.980168 4.262003 3.405234
 0.000390 2.278347 1.979499 4.257845 3.297593
 0.000390 2.275169 1.981701 4.256870 3.272580
 0.000391 2.272573 1.985956 4.258528 3.315155
 0.000391 2.270559 1.992267 4.262827 3.426755
 0.000392 2.269379 2.000732 4.270111 3.620114
 0.000392 2.269003 2.010353 4.279355 3.873121
 0.000393 2.269382 2.020431 4.289813 4.169648
 0.000393 2.270430 2.030828 4.301257 4.506691
 0.000394 2.272121 2.041669 4.313790 4.890797
 0.000394 2.274467 2.052578 4.327045 5.314153
 0.000395 2.277399 2.063198 4.340597 5.765125
 0.000395 2.280674 2.073005 4.353679 6.217892
 0.000396 2.284269 2.081379 4.365648 6.647133
 0.000396 2.288056 2.088422 4.376478 7.047904
 0.000397 2.291898 2.093824 4.385722 7.399231
 0.000397 2.295837 2.096598 4.392436 7.659742
 0.000398 2.299849 2.097005 4.396854 7.833643
 0.000398 2.303811 2.095291 4.399102 7.922870
 0.000399 2.307805 2.091193 4.398997 7.918719
 0.000399 2.311738 2.085166 4.396904 7.835623
 0.000400 2.315632 2.077301 4.392933 7.679232
 0.000400 2.319386 2.067614 4.387000 7.448457
 0.000401 2.323205 2.056117 4.379322 7.155072
 0.000401 2.327329 2.043300 4.370629 6.830016
 0.000402 2.331561 2.029579 4.361140 6.483811
 0.000402 2.335872 2.015415 4.351288 6.133868
 0.000403 2.340293 2.001121 4.341415 5.792929
 0.000403 2.344679 1.987315 4.331994 5.476700
 0.000404 2.349038 1.974387 4.323425 5.196790
 0.000404 2.353267 1.963015 4.316283 4.969066
 0.000405 2.357222 1.953857 4.311079 4.806376
 0.000405 2.360920 1.947562 4.308483 4.726228
 0.000406 2.364229 1.944413 4.308642 4.731105
 0.000406 2.367004 1.944588 4.311593 4.822322
 0.000407 2.369250 1.947668 4.316919 4.989136
 0.000407 2.371123 1.953463 4.324587 5.234296
 0.000408 2.372587 1.960995 4.333582 5.529386
 0.000408 2.373800 1.970119 4.343918 5.878471
 0.000409 2.374750 1.980759 4.355509 6.282603
 0.000409 2.375469 1.991754 4.367223 6.704699
 0.000410 2.376154 2.002656 4.378811 7.135742
 0.000410 2.376721 2.012506 4.389227 7.534688
 0.000411 2.377178 2.020544 4.397722 7.868062
 0.000411 2.377726 2.026203 4.403930 8.116221
 0.000412 2.378279 2.030044 4.408323 8.294209
 0.000412 2.378554 2.032288 4.410842 8.397104
 0.000413 2.378560 2.033153 4.411713 8.432835
 0.000413 2.378380 2.033479 4.411859 8.438829
 0.000414 2.377735 2.033823 4.411558 8.426493
 0.000414 2.376572 2.033992 4.410564 8.385717
 0.000415 2.374949 2.034612 4.409561 8.344698
 0.000415 2.372787 2.036163 4.408950 8.319757
 0.000416 2.370023 2.039178 4.409202 8.330025
 0.000416 2.366548 2.043560 4.410108 8.367068
 0.000417 2.362636 2.049475 4.412111 8.449196
 0.000417 2.358365 2.056252 4.414618 8.552556
 0.000418 2.353772 2.063802 4.417573 8.675224
 0.000418 2.349014 2.071544 4.420558 8.800006
 0.000419 2.344161 2.079611 4.423771 8.935329
 0.000419 2.339292 2.087707 4.426999 9.072290
 0.000420 2.334549 2.095155 4.429703 9.187840
 0.000420 2.330021 2.101838 4.431859 9.280495
 0.000421 2.325790 2.107570 4.433361 9.345289
 0.000421 2.321890 2.112702 4.434592 9.398619
 0.000422 2.318333 2.117110 4.435443 9.435533
 0.000422 2.314992 2.120797 4.435789 9.450591
 0.000423 2.311955 2.123815 4.435770 9.449760
 0.000423 2.309213 2.126716 4.435929 9.456672
 0.000424 2.306573 2.129592 4.436165 9.466912
 0.000424 2.304001 2.132070 4.436072 9.462862
 0.000425 2.301464 2.133722 4.435186 9.424361
 0.000425 2.299084 2.134613 4.433697 9.359839
 0.000426 2.296912 2.134876 4.431788 9.277419
 0.000426 2.294981 2.133901 4.428882 9.152666
 0.000427 2.293267 2.131859 4.425125 8.992659
 0.000427 2.291935 2.128699 4.420634 8.803185
 0.000428 2.290951 2.124116 4.415067 8.571134
 0.000428 2.290448 2.117922 4.408371 8.296138
 0.000429 2.290560 2.110163 4.400723 7.987550
 0.000429 2.291241 2.100557 4.391798 7.634795
 0.000430 2.292525 2.089462 4.381987 7.256260
 0.000430 2.294590 2.077006 4.371595 6.865770
 0.000431 2.297277 2.063166 4.360442 6.458706
 0.000431 2.300440 2.048440 4.348880 6.049842
 0.000432 2.303901 2.032991 4.336892 5.640012
 0.000432 2.307570 2.017296 4.324866 5.243340
 0.000433 2.311185 2.001958 4.313143 4.870594
 0.000433 2.314785 1.987231 4.302017 4.529514
 0.000434 2.318321 1.973655 4.291976 4.232354
 0.000434 2.321880 1.961484 4.283363 3.985481
 0.000435 2.325332 1.950794 4.276126 3.783770
 0.000435 2.328736 1.941505 4.270241 3.623597
 0.000436 2.331953 1.934081 4.266035 3.511258
 0.000436 2.335142 1.928122 4.263264 3.438204
 0.000437 2.338428 1.923343 4.261771 3.399173
 0.000437 2.341783 1.919752 4.261535 3.393029
 0.000438 2.345302 1.916683 4.261985 3.404746
 0.000438 2.348872 1.913768 4.262639 3.421854
 0.000439 2.352590 1.910487 4.263077 3.433326
 0.000439 2.356443 1.906428 4.262871 3.427907
 0.000440 2.360570 1.901822 4.262392 3.415396
 0.000440 2.364947 1.896577 4.261524 3.392738
 0.000441 2.369418 1.890967 4.260385 3.363124
 0.000441 2.374011 1.885581 4.259592 3.342601
 0.000442 2.378609 1.880865 4.259474 3.339541
 0.000442 2.383044 1.877598 4.260643 3.369822
 0.000443 2.387405 1.875965 4.263370 3.440996
 0.000443 2.391531 1.876267 4.267798 3.558143
 0.000444 2.395377 1.878646 4.274023 3.726150
 0.000444 2.398925 1.883753 4.282678 3.966150
 0.000445 2.402307 1.891021 4.293328 4.271769
 0.000445 2.405533 1.900353 4.305886 4.646723
 0.000446 2.408581 1.911232 4.319813 5.081002
 0.000446 2.411509 1.923765 4.335274 5.585804
 0.000447 2.414534 1.937330 4.351864 6.154057
 0.000447 2.417714 1.951204 4.368918 6.766929
 0.000448 2.421088 1.964873 4.385961 7.408415
 0.000448 2.424737 1.978064 4.402801 8.070812
 0.000449 2.428673 1.990267 4.418941 8.732275
 0.000449 2.432994 2.001336 4.434330 9.387234
 0.000450 2.437755 2.011056 4.448812 10.025221
 0.000450 2.442825 2.019462 4.462287 10.637674
 0.000451 2.448075 2.026876 4.474950 11.229813
 0.000451 2.453375 2.033780 4.487155 11.815669
 0.000452 2.458492 2.040652 4.499144 12.405663
 0.000452 2.463246 2.047078 4.510324 12.968790
 0.000453 2.467615 2.053409 4.521024 13.519462
 0.000453 2.471418 2.059543 4.530961 14.041082
 0.000454 2.474642 2.065491 4.540133 14.531352
 0.000454 2.477380 2.071225 4.548605 14.991662
 0.000455 2.479703 2.076349 4.556052 15.402249
 0.000455 2.481651 2.080580 4.562231 15.747063
 0.000456 2.483338 2.083937 4.567275 16.031415
 0.000456 2.484800 2.086205 4.571006 16.243355
 0.000457 2.486163 2.086820 4.572984 16.356285
 0.000457 2.487427 2.085657 4.573084 16.362045
 0.000458 2.488600 2.082502 4.571102 16.248842
 0.000458 2.489646 2.076892 4.566538 15.989724
 0.000459 2.490776 2.069527 4.560303 15.639056
 0.000459 2.491776 2.060625 4.552400 15.200222
 0.000460 2.492482 2.050394 4.542876 14.679605
 0.000460 2.492892 2.039143 4.532035 14.098072
 0.000461 2.492923 2.027414 4.520337 13.483753
 0.000461 2.492475 2.015683 4.508158 12.858716
 0.000462 2.491563 2.004310 4.495874 12.243286
 0.000462 2.490104 1.993400 4.483504 11.638842
 0.000463 2.488113 1.983249 4.471362 11.060388
 0.000463 2.485497 1.974161 4.459658 10.516797
 0.000464 2.482499 1.965905 4.448404 10.006982
 0.000464 2.479125 1.958731 4.437856 9.540657
 0.000465 2.475582 1.952302 4.427884 9.110016
 0.000465 2.471818 1.946933 4.418752 8.724384
 0.000466 2.468061 1.942603 4.410664 8.389826
 0.000466 2.464447 1.938898 4.403344 8.092663
 0.000467 2.461060 1.935303 4.396363 7.814219
 0.000467 2.457829 1.931835 4.389664 7.551651
 0.000468 2.454690 1.927999 4.382689 7.283017
 0.000468 2.451680 1.924262 4.375942 7.027773
 0.000469 2.448798 1.920208 4.369006 6.770159
 0.000469 2.445944 1.916036 4.361980 6.514082
 0.000470 2.443135 1.912101 4.355236 6.272930
 0.000470 2.440405 1.908371 4.348776 6.046220
 0.000471 2.437605 1.905370 4.342975 5.846170
 0.000471 2.434543 1.903318 4.337861 5.672593
 0.000472 2.431275 1.902173 4.333448 5.524925
 0.000472 2.427868 1.902231 4.330099 5.414169
 0.000473 2.424317 1.903804 4.328121 5.349293
 0.000473 2.420562 1.906848 4.327409 5.326032
 0.000474 2.416701 1.911450 4.328151 5.350257
 0.000474 2.412873 1.917169 4.330041 5.412274
 0.000475 2.409003 1.923835 4.332838 5.504677
 0.000475 2.405335 1.930845 4.336180 5.616124
 0.000476 2.402047 1.938079 4.340126 5.749144
 0.000476 2.399077 1.945041 4.344119 5.885344
 0.000477 2.396299 1.951238 4.347537 6.003214
 0.000477 2.393858 1.956467 4.350325 6.100196
 0.000478 2.391985 1.960466 4.352451 6.174686
 0.000478 2.390511 1.963297 4.353808 6.222452
 0.000479 2.389289 1.965036 4.354326 6.240735
 0.000479 2.388130 1.966184 4.354313 6.240297
 0.000480 2.386932 1.967242 4.354175 6.235403
 0.000480 2.385604 1.968487 4.354091 6.232448
 0.000481 2.384105 1.970798 4.354903 6.261131
 0.000481 2.382358 1.974429 4.356786 6.327971
 0.000482 2.380417 1.979562 4.359979 6.442062
 0.000482 2.378298 1.986212 4.364509 6.605702
 0.000483 2.376104 1.993852 4.369957 6.805187
 0.000483 2.374122 2.002674 4.376796 7.059843
 0.000484 2.372418 2.012596 4.385014 7.372015
 0.000484 2.371070 2.023415 4.394485 7.740177
 0.000485 2.369968 2.034454 4.404421 8.136050
 0.000485 2.369170 2.045554 4.414724 8.556941
 0.000486 2.368752 2.056609 4.425361 9.002653
 0.000486 2.368697 2.067001 4.435698 9.446628
 0.000487 2.368985 2.076476 4.445460 9.875722
 0.000487 2.369534 2.084762 4.454296 10.272289
 0.000488 2.370217 2.091918 4.462135 10.630680
 0.000488 2.370937 2.097869 4.468806 10.940501
 0.000489 2.371617 2.102290 4.473907 11.180422
 0.000489 2.372204 2.105348 4.477552 11.353442
 0.000490 2.372324 2.106945 4.479269 11.435405
 0.000490 2.372116 2.107579 4.479695 11.455794
 0.000491 2.371724 2.107637 4.479362 11.439857
 0.000491 2.371055 2.106914 4.477968 11.373291
 0.000492 2.369916 2.105700 4.475616 11.261374
 0.000492 2.368422 2.104380 4.472803 11.128260
 0.000493 2.366711 2.102820 4.469532 10.974480
 0.000493 2.364698 2.101301 4.466000 10.809633
 0.000494 2.362571 2.100239 4.462810 10.661851
 0.000494 2.360326 2.099562 4.459889 10.527353
 0.000495 2.357955 2.099006 4.456961 10.393470
 0.000495 2.355664 2.098545 4.454210 10.268386
 0.000496 2.353516 2.098182 4.451698 10.154896
 0.000496 2.351401 2.097579 4.448980 10.032739
 0.000497 2.349286 2.096653 4.445939 9.897014
 0.000497 2.347054 2.095093 4.442146 9.728977
 0.000498 2.344668 2.093044 4.437711 9.534332
 0.000498 2.342179 2.090791 4.432970 9.328420
 0.000499 2.339485 2.088310 4.427795 9.106219
 0.000499 2.336559 2.085448 4.422008 8.860923
 0.000500 2.333274 2.082144 4.415418 8.585665
