#! FIELDS time dAB dAC dAD rc bias
 0.000000 0.968915 0.926802 2.132441 4.028158 5.748865
 0.000000 0.966989 0.929508 2.135027 4.031524 5.635302
 0.000001 0.969544 0.939066 2.137743 4.046353 5.148466
 0.000001 0.975770 0.953741 2.140533 4.070043 4.416330
 0.000002 0.984217 0.971245 2.143303 4.098764 3.604003
 0.000002 0.993337 0.989324 2.146188 4.128848 2.841560
 0.000003 1.002149 1.005826 2.149040 4.157016 2.209744
 0.000003 1.009486 1.019134 2.151888 4.180508 1.743469
 0.000004 1.014103 1.027759 2.154691 4.196553 1.456734
 0.000004 1.015852 1.031420 2.157398 4.204670 1.321466
 0.000005 1.014234 1.029948 2.160032 4.204214 1.328893
 0.000005 1.009158 1.023820 2.162545 4.195523 1.474357
 0.000006 1.001643 1.013977 2.164959 4.180579 1.742150
 0.000006 0.992862 1.001808 2.167235 4.161904 2.108162
 0.000007 0.984011 0.989061 2.169395 4.142467 2.526181
 0.000007 0.975853 0.977124 2.171556 4.124533 2.945366
 0.000008 0.969674 0.968113 2.173767 4.111553 3.268819
 0.000008 0.965787 0.963505 2.175878 4.105170 3.434074
 0.000009 0.964757 0.964176 2.177855 4.106788 3.391801
 0.000009 0.966171 0.970437 2.179822 4.116431 3.145298
 0.000010 0.969412 0.981145 2.181760 4.132317 2.759483
 0.000010 0.973930 0.995092 2.183585 4.152607 2.303388
 0.000011 0.978646 1.010278 2.185333 4.174256 1.862171
 0.000011 0.982845 1.024921 2.186990 4.194755 1.487570
 0.000012 0.986496 1.037774 2.188487 4.212756 1.193281
 0.000012 0.989072 1.047856 2.189851 4.226779 0.986480
 0.000013 0.990636 1.053897 2.191115 4.235647 0.865849
 0.000013 0.991174 1.054926 2.192320 4.238420 0.829747
 0.000014 0.990957 1.051088 2.193298 4.235343 0.869865
 0.000014 0.990551 1.042831 2.194170 4.227552 0.975663
 0.000015 0.990138 1.030557 2.194901 4.215596 1.149816
 0.000015 0.989894 1.015329 2.195498 4.200721 1.386457
 0.000016 0.990118 0.998358 2.196044 4.184520 1.669357
 0.000016 0.990827 0.981390 2.196540 4.168757 1.969808
 0.000017 0.991991 0.965825 2.196955 4.154772 2.257162
 0.000017 0.993457 0.953148 2.197253 4.143858 2.495005
 0.000018 0.995008 0.944945 2.197472 4.137425 2.640774
 0.000018 0.997049 0.942255 2.197566 4.136871 2.653535
 0.000019 0.999124 0.945211 2.197626 4.141962 2.537543
 0.000019 1.000531 0.952671 2.197642 4.150844 2.341402
 0.000020 1.001457 0.963319 2.197569 4.162344 2.099148
 0.000020 1.001618 0.975070 2.197348 4.174036 1.866411
 0.000021 1.000874 0.985949 2.197042 4.183865 1.681341
 0.000021 0.998892 0.994625 2.196658 4.190176 1.567612
 0.000022 0.995713 1.000021 2.196148 4.191882 1.537547
 0.000022 0.991441 1.001188 2.195548 4.188177 1.603198
 0.000023 0.987076 0.997933 2.194848 4.179857 1.755641
 0.000023 0.983580 0.990727 2.193966 4.168273 1.979416
 0.000024 0.981925 0.980865 2.192978 4.155768 2.236050
 0.000024 0.982458 0.970037 2.191965 4.144460 2.481580
 0.000025 0.984600 0.959843 2.190881 4.135324 2.689284
 0.000025 0.988454 0.952376 2.189777 4.130607 2.799786
 0.000026 0.993411 0.949216 2.188693 4.131320 2.782947
 0.000026 0.998648 0.951575 2.187606 4.137829 2.631513
 0.000027 1.003214 0.959166 2.186502 4.148882 2.384038
 0.000027 1.006302 0.971092 2.185341 4.162735 2.091139
 0.000028 1.006913 0.985936 2.184083 4.176932 1.810877
 0.000028 1.004495 1.001867 2.182721 4.189084 1.587011
 0.000029 0.999083 1.017351 2.181334 4.197769 1.436046
 0.000029 0.991350 1.031157 2.179857 4.202364 1.359231
 0.000030 0.982341 1.042076 2.178268 4.202685 1.353937
 0.000030 0.973351 1.048526 2.176595 4.198472 1.424152
 0.000031 0.965731 1.050553 2.174896 4.191180 1.549879
 0.000031 0.960852 1.048646 2.173136 4.182634 1.703987
 0.000032 0.959929 1.042747 2.171380 4.174056 1.866025
 0.000032 0.963501 1.033369 2.169608 4.166478 2.015291
 0.000033 0.970900 1.022159 2.167835 4.160894 2.128964
 0.000033 0.981536 1.009937 2.166031 4.157504 2.199481
 0.000034 0.994737 0.997849 2.164167 4.156753 2.215266
 0.000034 1.008997 0.986912 2.162306 4.158215 2.184608
 0.000035 1.022578 0.977953 2.160456 4.160987 2.127040
 0.000035 1.034031 0.972443 2.158614 4.165088 2.043292
 0.000036 1.042360 0.970689 2.156867 4.169916 1.946870
 0.000036 1.046834 0.972698 2.155112 4.174644 1.854690
 0.000037 1.047261 0.978292 2.153346 4.178899 1.773642
 0.000037 1.043315 0.986403 2.151556 4.181273 1.729205
 0.000038 1.034544 0.995582 2.149764 4.179890 1.755026
 0.000038 1.021436 1.004611 2.148029 4.174076 1.865644
 0.000039 1.005825 1.012243 2.146335 4.164404 2.057154
 0.000039 0.989114 1.017213 2.144645 4.150972 2.338616
 0.000040 0.972930 1.018494 2.142964 4.134388 2.711030
 0.000040 0.959349 1.015562 2.141368 4.116279 3.149107
 0.000041 0.950739 1.008933 2.139859 4.099531 3.583447
 0.000041 0.948442 0.998895 2.138387 4.085724 3.962595
 0.000042 0.952847 0.985969 2.136954 4.075770 4.247772
 0.000042 0.963577 0.971682 2.135695 4.070953 4.389334
 0.000043 0.978732 0.957311 2.134616 4.070659 4.398049
 0.000043 0.996348 0.944973 2.133652 4.074973 4.271052
 0.000044 1.014623 0.936253 2.132710 4.083586 4.023030
 0.000044 1.031198 0.932742 2.131823 4.095763 3.685023
 0.000045 1.044428 0.934992 2.130973 4.110392 3.298582
 0.000045 1.052921 0.943008 2.130119 4.126047 2.908725
 0.000046 1.055330 0.955778 2.129290 4.140398 2.572893
 0.000046 1.051512 0.971788 2.128422 4.151722 2.322433
 0.000047 1.041303 0.989360 2.127582 4.158245 2.183975
 0.000047 1.025268 1.006882 2.126777 4.158927 2.169741
 0.000048 1.004810 1.022432 2.126009 4.153251 2.289601
 0.000048 0.981740 1.034913 2.125215 4.141867 2.539672
 0.000049 0.959004 1.043749 2.124396 4.127149 2.882225
 0.000049 0.940185 1.048707 2.123654 4.112546 3.243489
 0.000050 0.928295 1.049494 2.123083 4.100872 3.547636
 0.000050 0.925734 1.046205 2.122619 4.094559 3.717795
 0.000051 0.933367 1.039507 2.122240 4.095114 3.702662
 0.000051 0.949728 1.030229 2.121966 4.101922 3.519712
 0.000052 0.972668 1.019084 2.121875 4.113628 3.215986
 0.000052 0.998821 1.007340 2.121946 4.128107 2.859265
 0.000053 1.024686 0.995662 2.122025 4.142374 2.528278
 0.000053 1.047071 0.985552 2.122249 4.154872 2.255044
 0.000054 1.064307 0.977612 2.122566 4.164485 2.055506
 0.000054 1.075089 0.972970 2.122983 4.171041 1.924720
 0.000055 1.078450 0.972161 2.123431 4.174041 1.866316
 0.000055 1.074435 0.975075 2.123937 4.173446 1.877824
 0.000056 1.063069 0.981469 2.124548 4.169087 1.963266
 0.000056 1.045291 0.990708 2.125258 4.161258 2.121461
 0.000057 1.022455 1.001634 2.126026 4.150115 2.357185
 0.000057 0.996978 1.013093 2.126896 4.136968 2.651301
 0.000058 0.971263 1.024198 2.127937 4.123398 2.972968
 0.000058 0.948378 1.033535 2.129061 4.110973 3.283664
 0.000059 0.931900 1.040266 2.130188 4.102354 3.508267
 0.000059 0.924741 1.043587 2.131330 4.099658 3.580048
 0.000060 0.927889 1.042491 2.132609 4.102989 3.491456
 0.000060 0.940692 1.037114 2.134037 4.111843 3.261417
 0.000061 0.961052 1.026998 2.135652 4.123703 2.965543
 0.000061 0.985080 1.012417 2.137426 4.134923 2.698580
 0.000062 1.009856 0.994188 2.139260 4.143304 2.507400
 0.000062 1.032660 0.974042 2.141210 4.147912 2.405266
 0.000063 1.051146 0.953918 2.143246 4.148310 2.396550
 0.000063 1.063941 0.936201 2.145315 4.145457 2.459415
 0.000064 1.070027 0.923732 2.147457 4.141216 2.554365
 0.000064 1.068348 0.918365 2.149651 4.136364 2.665220
 0.000065 1.059143 0.921111 2.151867 4.132121 2.764084
 0.000065 1.042972 0.931620 2.154204 4.128795 2.842825
 0.000066 1.020896 0.948375 2.156620 4.125890 2.912516
 0.000066 0.994509 0.968687 2.159060 4.122256 3.000881
 0.000067 0.967138 0.989569 2.161515 4.118222 3.100527
 0.000067 0.942496 1.008879 2.164072 4.115447 3.170012
 0.000068 0.924267 1.024727 2.166801 4.115794 3.161277
 0.000068 0.915646 1.036240 2.169659 4.121545 3.018335
 0.000069 0.917700 1.042933 2.172526 4.133159 2.739726
 0.000069 0.930567 1.044346 2.175468 4.150380 2.351438
 0.000070 0.951654 1.040800 2.178424 4.170877 1.927940
 0.000070 0.977090 1.032780 2.181352 4.191221 1.549156
 0.000071 1.003173 1.021072 2.184236 4.208480 1.260251
 0.000071 1.026493 1.006477 2.187102 4.220072 1.082937
 0.000072 1.044807 0.990441 2.189973 4.225221 1.008485
 0.000072 1.056392 0.974895 2.192804 4.224091 1.024597
 0.000073 1.060328 0.962007 2.195531 4.217866 1.115644
 0.000073 1.056502 0.953585 2.198202 4.208289 1.263291
 0.000074 1.045460 0.950941 2.200840 4.197240 1.445016
 0.000074 1.028374 0.954364 2.203456 4.186194 1.638904
 0.000075 1.007031 0.963832 2.205949 4.176813 1.813156
 0.000075 0.983966 0.978064 2.208295 4.170325 1.938806
 0.000076 0.961425 0.995495 2.210643 4.167563 1.993569
 0.000076 0.942528 1.014286 2.213030 4.169844 1.948278
 0.000077 0.929991 1.032541 2.215452 4.177984 1.790916
 0.000077 0.926105 1.048330 2.217913 4.192347 1.529394
 0.000078 0.931074 1.059636 2.220387 4.211097 1.219058
 0.000078 0.943933 1.065314 2.222897 4.232144 0.912562
 0.000079 0.962053 1.065157 2.225362 4.252572 0.657457
 0.000079 0.982513 1.058748 2.227769 4.269031 0.482261
 0.000080 1.002678 1.045378 2.230107 4.278163 0.396746
 0.000080 1.020106 1.026184 2.232404 4.278694 0.392035
 0.000081 1.033120 1.002856 2.234549 4.270525 0.467707
 0.000081 1.041027 0.977027 2.236533 4.254587 0.634549
 0.000082 1.042752 0.952009 2.238438 4.233199 0.898362
 0.000082 1.037816 0.930521 2.240330 4.208667 1.257299
 0.000083 1.027174 0.915956 2.242106 4.185236 1.656296
 0.000083 1.012016 0.910309 2.243873 4.166199 2.020905
 0.000084 0.993825 0.914379 2.245709 4.153913 2.275454
 0.000084 0.974772 0.927505 2.247675 4.149952 2.360727
 0.000085 0.956712 0.947160 2.249710 4.153582 2.282520
 0.000085 0.942658 0.969563 2.251747 4.163968 2.066005
 0.000086 0.934877 0.991353 2.253796 4.180026 1.752485
 0.000086 0.934153 1.009501 2.255919 4.199572 1.405647
 0.000087 0.940410 1.022191 2.257983 4.220584 1.075417
 0.000087 0.951898 1.027974 2.260002 4.239874 0.811127
 0.000088 0.966506 1.026641 2.261929 4.255075 0.629066
 0.000088 0.981815 1.019214 2.263680 4.264710 0.525635
 0.000089 0.995527 1.006589 2.265287 4.267403 0.498383
 0.000089 1.005798 0.990492 2.266753 4.263044 0.542859
 0.000090 1.012234 0.973102 2.268063 4.253398 0.648016
 0.000090 1.014183 0.956824 2.269229 4.240235 0.806525
 0.000091 1.010958 0.944454 2.270291 4.225703 1.001650
 0.000091 1.003348 0.937981 2.271192 4.212521 1.196918
 0.000092 0.992644 0.938570 2.271968 4.203182 1.345781
 0.000092 0.980273 0.946422 2.272575 4.199269 1.410733
 0.000093 0.968352 0.960299 2.273100 4.201751 1.369358
 0.000093 0.958318 0.978506 2.273574 4.210398 1.229989
 0.000094 0.951579 0.998887 2.273996 4.224462 1.019301
 0.000094 0.949721 1.018902 2.274348 4.242971 0.772160
 0.000095 0.952385 1.036508 2.274590 4.263484 0.538285
 0.000095 0.958875 1.049980 2.274691 4.283545 0.350250
 0.000096 0.968057 1.058174 2.274624 4.300854 0.220361
 0.000096 0.978364 1.060901 2.274379 4.313644 0.143632
 0.000097 0.988464 1.057719 2.273895 4.320077 0.111222
 0.000097 0.996864 1.048505 2.273062 4.318432 0.119120
 0.000098 1.002658 1.034276 2.272082 4.309016 0.169509
 0.000098 1.005223 1.016039 2.270924 4.292186 0.281667
 0.000099 1.004506 0.995274 2.269622 4.269402 0.478631
 0.000099 1.001165 0.974570 2.268222 4.243957 0.759950
 0.000100 0.995185 0.956789 2.266754 4.218728 1.102811
 0.000100 0.987396 0.944244 2.265213 4.196853 1.451605
 0.000101 0.979072 0.939209 2.263611 4.181892 1.717715
 0.000101 0.971485 0.942389 2.261975 4.175848 1.831565
 0.000102 0.965500 0.952968 2.260278 4.178746 1.776523
 0.000102 0.961959 0.968449 2.258510 4.188918 1.589965
 0.000103 0.961721 0.985943 2.256660 4.204324 1.327107
 0.000103 0.964435 1.002422 2.254695 4.221551 1.061280
 0.000104 0.969119 1.014940 2.252694 4.236753 0.851362
 0.000104 0.975378 1.022175 2.250641 4.248194 0.708616
 0.000105 0.982371 1.023048 2.248530 4.253949 0.641761
 0.000105 0.988575 1.017273 2.246348 4.252196 0.661775
 0.000106 0.993325 1.005307 2.244123 4.242755 0.774845
 0.000106 0.996144 0.988335 2.241751 4.226231 0.994202
 0.000107 0.996394 0.968450 2.239299 4.204143 1.330052
 0.000107 0.993911 0.948288 2.236777 4.178977 1.772169
 0.000108 0.989046 0.930975 2.234345 4.154366 2.265788
 0.000108 0.982173 0.919789 2.231927 4.133888 2.722689
 0.000109 0.974393 0.916732 2.229530 4.120656 3.040225
 0.000109 0.966708 0.922788 2.227200 4.116696 3.138650
 0.000110 0.960906 0.937476 2.224900 4.123282 2.975807
 0.000110 0.958011 0.958888 2.222589 4.139488 2.593576
 0.000111 0.958653 0.983728 2.220347 4.162727 2.091301
 0.000111 0.962847 1.009063 2.218052 4.189961 1.571409
 0.000112 0.970106 1.032012 2.215748 4.217866 1.115648
 0.000112 0.978982 1.050217 2.213479 4.242679 0.775794
 0.000113 0.988236 1.061946 2.211250 4.261432 0.559780
 0.000113 0.996467 1.066280 2.208948 4.271695 0.456456
 0.000114 1.002590 1.063357 2.206613 4.272559 0.448240
 0.000114 1.006179 1.053162 2.204195 4.263536 0.537740
 0.000115 1.006859 1.036888 2.201707 4.245454 0.741605
 0.000115 1.004567 1.015940 2.199168 4.219675 1.088797
 0.000116 0.999458 0.992422 2.196670 4.188551 1.596512
 0.000116 0.992711 0.969406 2.194151 4.156268 2.225496
 0.000117 0.985429 0.949912 2.191590 4.126931 2.887445
 0.000117 0.978963 0.937306 2.189065 4.105335 3.429755
 0.000118 0.973887 0.934217 2.186639 4.094742 3.712787
 0.000118 0.971063 0.941676 2.184293 4.097031 3.650689
 0.000119 0.970548 0.958791 2.181976 4.111315 3.274907
 0.000119 0.972246 0.983051 2.179650 4.134947 2.698023
 0.000120 0.975907 1.011038 2.177322 4.164267 2.059929
 0.000120 0.980876 1.038909 2.175053 4.194838 1.486148
 0.000121 0.986237 1.063448 2.172844 4.222529 1.047079
 0.000121 0.991052 1.081823 2.170654 4.243529 0.765236
 0.000122 0.994409 1.092737 2.168442 4.255588 0.623321
 0.000122 0.995909 1.094898 2.166196 4.257003 0.607628
 0.000123 0.995289 1.088165 2.164005 4.247460 0.717375
 0.000123 0.992627 1.072630 2.161752 4.227009 0.983252
 0.000124 0.988551 1.049183 2.159447 4.197181 1.446033
 0.000124 0.983511 1.019713 2.157122 4.160346 2.140294
 0.000125 0.977928 0.986327 2.154823 4.119078 3.079253
 0.000125 0.972936 0.952490 2.152604 4.078030 4.182160
 0.000126 0.969708 0.923044 2.150497 4.043250 5.248528
 0.000126 0.968277 0.902947 2.148500 4.019724 6.038409
 0.000127 0.968981 0.896163 2.146593 4.011737 6.319174
 0.000127 0.971671 0.903810 2.144859 4.020341 6.017003
 0.000128 0.976319 0.923686 2.143297 4.043302 5.246847
 0.000128 0.982687 0.951737 2.141737 4.076160 4.236406
 0.000129 0.990025 0.982891 2.140269 4.113185 3.227222
 0.000129 0.996981 1.012975 2.138966 4.148921 2.383181
 0.000130 1.002551 1.038687 2.137755 4.178993 1.771866
 0.000130 1.006259 1.058222 2.136590 4.201071 1.380631
 0.000131 1.007517 1.070256 2.135513 4.213286 1.185109
 0.000131 1.006188 1.074257 2.134479 4.214923 1.160044
 0.000132 1.002467 1.069936 2.133492 4.205895 1.301641
 0.000132 0.996640 1.058267 2.132573 4.187480 1.615712
 0.000133 0.989583 1.040781 2.131689 4.162053 2.105107
 0.000133 0.982066 1.018726 2.130882 4.131674 2.774601
 0.000134 0.975447 0.994440 2.130237 4.100124 3.567573
 0.000134 0.970902 0.971046 2.129787 4.071734 4.366218
 0.000135 0.969347 0.951889 2.129536 4.050772 5.007656
 0.000135 0.971125 0.939609 2.129518 4.040252 5.346090
 0.000136 0.975948 0.936271 2.129721 4.041939 5.291066
 0.000136 0.983274 0.942777 2.130159 4.056210 4.837039
 0.000137 0.992384 0.957889 2.130840 4.081113 4.093474
 0.000137 1.001768 0.979459 2.131651 4.112878 3.235036
 0.000138 1.010234 1.004440 2.132581 4.147255 2.419706
 0.000138 1.017224 1.030096 2.133621 4.180941 1.735401
 0.000139 1.022135 1.053679 2.134791 4.210605 1.226743
 0.000139 1.023642 1.072439 2.136180 4.232261 0.910989
 0.000140 1.021184 1.084909 2.137779 4.243871 0.761008
 0.000140 1.014696 1.090089 2.139605 4.244390 0.754622
 0.000141 1.004991 1.087665 2.141606 4.234262 0.884182
 0.000141 0.993377 1.078115 2.143732 4.215223 1.155474
 0.000142 0.981103 1.062576 2.145970 4.189650 1.576943
 0.000142 0.969481 1.042167 2.148387 4.160035 2.146726
 0.000143 0.960260 1.017670 2.151066 4.128997 2.838025
 0.000143 0.954685 0.991724 2.153939 4.100348 3.561606
 0.000144 0.953730 0.967538 2.157055 4.078323 4.173685
 0.000144 0.957340 0.947737 2.160469 4.065546 4.551000
 0.000145 0.964777 0.934429 2.164152 4.063358 4.617263
 0.000145 0.975427 0.929245 2.168114 4.072786 4.335196
 0.000146 0.988153 0.932384 2.172256 4.092792 3.766114
 0.000146 1.001093 0.942500 2.176575 4.120168 3.052252
 0.000147 1.012828 0.957078 2.181002 4.150908 2.339997
 0.000147 1.022243 0.973020 2.185624 4.180887 1.736393
 0.000148 1.027953 0.987919 2.190403 4.206275 1.295515
 0.000148 1.029374 0.999987 2.195243 4.224604 1.017273
 0.000149 1.026439 1.007922 2.200152 4.234512 0.880852
 0.000149 1.018967 1.011345 2.205125 4.235438 0.868612
 0.000150 1.007569 1.010106 2.210122 4.227797 0.972242
 0.000150 0.993752 1.004931 2.215176 4.213859 1.176301
 0.000151 0.979015 0.996719 2.220225 4.195959 1.466878
 0.000151 0.965230 0.986833 2.225360 4.177423 1.801559
 0.000152 0.954047 0.976766 2.230519 4.161332 2.119930
 0.000152 0.947726 0.968172 2.235715 4.151612 2.324793
 0.000153 0.947035 0.962081 2.240930 4.150046 2.358695
 0.000153 0.952175 0.959836 2.246127 4.158139 2.186198
 0.000154 0.962755 0.961548 2.251356 4.175659 1.835183
 0.000154 0.977066 0.966829 2.256606 4.200501 1.390123
 0.000155 0.993244 0.975196 2.261927 4.230367 0.936735
 0.000155 1.008843 0.985275 2.267165 4.261283 0.561356
 0.000156 1.021688 0.995646 2.272299 4.289633 0.301154
 0.000156 1.030628 1.004954 2.277229 4.312811 0.148133
 0.000157 1.034714 1.012100 2.281937 4.328751 0.074075
 0.000157 1.033510 1.016488 2.286389 4.336387 0.047600
 0.000158 1.026845 1.017780 2.290567 4.335193 0.051356
 0.000158 1.014957 1.016006 2.294455 4.325418 0.087461
 0.000159 0.999307 1.011766 2.298084 4.309157 0.168688
 0.000159 0.981938 1.005375 2.301441 4.288754 0.308010
 0.000160 0.965025 0.997542 2.304426 4.266994 0.502481
 0.000160 0.950659 0.989166 2.307084 4.246908 0.724005
 0.000161 0.940929 0.981966 2.309480 4.232375 0.909453
 0.000161 0.936897 0.976339 2.311637 4.224873 1.013440
 0.000162 0.938991 0.973413 2.313555 4.225959 0.998035
 0.000162 0.947239 0.973569 2.315216 4.236023 0.860907
 0.000163 0.959592 0.976392 2.316537 4.252521 0.658038
 0.000163 0.974155 0.981036 2.317524 4.272714 0.446769
 0.000164 0.988860 0.985936 2.318180 4.292976 0.275770
 0.000164 1.002309 0.989358 2.318561 4.310228 0.162529
 0.000165 1.012580 0.990305 2.318696 4.321581 0.104243
 0.000165 1.018872 0.988005 2.318501 4.325378 0.087629
 0.000166 1.020303 0.982448 2.317963 4.320715 0.108236
 0.000166 1.016682 0.973923 2.317086 4.307692 0.177309
 0.000167 1.008729 0.963996 2.315844 4.288569 0.309469
 0.000167 0.997320 0.953911 2.314316 4.265547 0.517085
 0.000168 0.983238 0.945569 2.312470 4.241278 0.793336
 0.000168 0.968653 0.940356 2.310349 4.219358 1.093468
 0.000169 0.955898 0.939193 2.307982 4.203073 1.347555
 0.000169 0.946438 0.942620 2.305444 4.194502 1.491952
 0.000170 0.941720 0.950265 2.302779 4.194764 1.487431
 0.000170 0.942431 0.961192 2.299924 4.203548 1.339780
 0.000171 0.948481 0.973877 2.296831 4.219189 1.095978
 0.000171 0.958878 0.986403 2.293504 4.238785 0.825058
 0.000172 0.972349 0.997445 2.289918 4.259712 0.578128
 0.000172 0.986926 1.005704 2.285982 4.278612 0.392763
 0.000173 1.000945 1.010632 2.281781 4.293358 0.272941
 0.000173 1.012847 1.011613 2.277406 4.301865 0.213700
 0.000174 1.021484 1.008823 2.272853 4.303160 0.205324
 0.000174 1.025974 1.002934 2.267939 4.296846 0.247772
 0.000175 1.025835 0.994952 2.262718 4.283506 0.350581
 0.000175 1.021289 0.986174 2.257283 4.264747 0.525259
 0.000176 1.012750 0.977525 2.251635 4.241910 0.785397
 0.000176 1.001064 0.970188 2.245777 4.217030 1.128180
 0.000177 0.987891 0.965677 2.239815 4.193384 1.511323
 0.000177 0.974952 0.964664 2.233763 4.173380 1.879121
 0.000178 0.964292 0.967788 2.227555 4.159635 2.155016
 0.000178 0.957146 0.974849 2.221200 4.153195 2.290801
 0.000179 0.954641 0.985281 2.214744 4.154666 2.259424
 0.000179 0.956788 0.998214 2.208231 4.163233 2.080975
 0.000180 0.962941 1.012205 2.201595 4.176742 1.814510
 0.000180 0.971730 1.025413 2.194823 4.191965 1.536082
 0.000181 0.981831 1.036218 2.187894 4.205943 1.300859
 0.000181 0.991902 1.043160 2.180891 4.215952 1.144424
 0.000182 1.001032 1.045683 2.173794 4.220508 1.076528
 0.000182 1.008112 1.043789 2.166590 4.218491 1.106337
 0.000183 1.012320 1.036804 2.159254 4.208378 1.261884
 0.000183 1.013365 1.025367 2.151865 4.190596 1.560173
 0.000184 1.011516 1.010460 2.144420 4.166396 2.016942
 0.000184 1.007078 0.993925 2.136900 4.137903 2.629810
 0.000185 1.000487 0.977315 2.129355 4.107158 3.382175
 0.000185 0.993045 0.962367 2.121863 4.077275 4.204026
 0.000186 0.985352 0.951138 2.114500 4.050991 5.000728
 0.000186 0.978373 0.945465 2.107302 4.031140 5.648195
 0.000187 0.973388 0.946301 2.100215 4.019904 6.032174
 0.000187 0.970840 0.953197 2.093320 4.017357 6.120946
 0.000188 0.970554 0.964606 2.086648 4.021809 5.966183
 0.000188 0.972381 0.978828 2.080188 4.031397 5.639576
 0.000189 0.976049 0.993586 2.073940 4.043574 5.238025
 0.000189 0.981581 1.006573 2.067993 4.056148 4.838960
 0.000190 0.988360 1.016286 2.062242 4.066888 4.510607
 0.000190 0.995740 1.021999 2.056733 4.074472 4.285681
 0.000191 1.003199 1.023558 2.051466 4.078223 4.176571
 0.000191 1.009966 1.021022 2.046462 4.077450 4.198963
 0.000192 1.015312 1.014845 2.041775 4.071932 4.360396
 0.000192 1.018971 1.006277 2.037420 4.062668 4.638258
 0.000193 1.020710 0.996864 2.033425 4.050999 5.000461
 0.000193 1.020708 0.987946 2.029791 4.038446 5.405327
 0.000194 1.019224 0.980820 2.026537 4.026581 5.802479
 0.000194 1.016753 0.976853 2.023725 4.017331 6.121856
 0.000195 1.013653 0.976718 2.021314 4.011685 6.321021
 0.000195 1.009853 0.981076 2.019289 4.010218 6.373276
 0.000196 1.006037 0.989250 2.017676 4.012963 6.275672
 0.000196 1.002306 1.000051 2.016457 4.018814 6.070070
 0.000197 0.998795 1.011943 2.015606 4.026344 5.810559
 0.000197 0.995519 1.023682 2.015147 4.034348 5.540894
 0.000198 0.992793 1.034830 2.015093 4.042715 5.265861
 0.000198 0.991148 1.044263 2.015372 4.050783 5.007302
 0.000199 0.991001 1.051346 2.015966 4.058312 4.771854
 0.000199 0.991956 1.055437 2.016873 4.064267 4.589687
 0.000200 0.994141 1.056251 2.018121 4.068513 4.461928
 0.000200 0.997185 1.053482 2.019696 4.070363 4.406845
 0.000201 1.000443 1.047194 2.021568 4.069205 4.441294
 0.000201 1.003942 1.037786 2.023835 4.065562 4.550510
 0.000202 1.007621 1.026095 2.026375 4.060091 4.717073
 0.000202 1.011197 1.013047 2.029142 4.053387 4.925243
 0.000203 1.013964 1.000012 2.032082 4.046058 5.157948
 0.000203 1.015955 0.988316 2.035245 4.039516 5.370205
 0.000204 1.016741 0.979885 2.038676 4.035302 5.509180
 0.000204 1.015932 0.975581 2.042431 4.033944 5.554366
 0.000205 1.013344 0.975298 2.046510 4.035152 5.514180
 0.000205 1.008819 0.978417 2.050867 4.038104 5.416579
 0.000206 1.002953 0.983627 2.055557 4.042138 5.284615
 0.000206 0.995956 0.989728 2.060592 4.046276 5.150946
 0.000207 0.988645 0.995285 2.065871 4.049802 5.038389
 0.000207 0.981758 0.999438 2.071333 4.052529 4.952185
 0.000208 0.976975 1.001351 2.076961 4.055286 4.865793
 0.000208 0.975671 1.000841 2.082823 4.059334 4.740337
 0.000209 0.978348 0.997495 2.088845 4.064688 4.576924
 0.000209 0.984883 0.991741 2.095056 4.071680 4.367836
 0.000210 0.994145 0.984505 2.101462 4.080111 4.122199
 0.000210 1.005174 0.977023 2.108001 4.090197 3.837668
 0.000211 1.016942 0.970022 2.114567 4.101531 3.530105
 0.000211 1.027865 0.964891 2.121297 4.114053 3.205211
 0.000212 1.036897 0.962481 2.128083 4.127461 2.874726
 0.000212 1.043037 0.963294 2.134922 4.141252 2.553557
 0.000213 1.045549 0.967626 2.141749 4.154924 2.253924
 0.000213 1.044126 0.974955 2.148557 4.167639 1.992058
 0.000214 1.038945 0.984450 2.155263 4.178658 1.778194
 0.000214 1.030115 0.995009 2.161907 4.187031 1.623784
 0.000215 1.018023 1.004622 2.168429 4.191075 1.551735
 0.000215 1.003871 1.012724 2.174828 4.191423 1.545605
 0.000216 0.988804 1.018565 2.181184 4.188553 1.596484
 0.000216 0.974618 1.021754 2.187486 4.183858 1.681481
 0.000217 0.963125 1.022063 2.193758 4.178946 1.772757
 0.000217 0.955967 1.019691 2.200029 4.175687 1.834647
 0.000218 0.954058 1.015467 2.206174 4.175699 1.834431
 0.000218 0.958021 1.009677 2.212186 4.179884 1.755138
 0.000219 0.966931 1.002591 2.218054 4.187577 1.613971
 0.000219 0.979739 0.994897 2.223810 4.198447 1.424580
 0.000220 0.994605 0.987659 2.229421 4.211684 1.209897
 0.000220 1.009293 0.981508 2.234892 4.225693 1.001804
 0.000221 1.021785 0.976938 2.240268 4.238991 0.822409
 0.000221 1.030346 0.974060 2.245502 4.249908 0.688357
 0.000222 1.034454 0.973522 2.250562 4.258538 0.590823
 0.000222 1.033534 0.975720 2.255389 4.264644 0.526315
 0.000223 1.027331 0.979986 2.259943 4.267261 0.499806
 0.000223 1.015889 0.985473 2.264297 4.265658 0.515954
 0.000224 0.999580 0.991985 2.268474 4.260040 0.574610
 0.000224 0.980210 0.997933 2.272456 4.250599 0.680274
 0.000225 0.960351 1.002364 2.276231 4.238946 0.822983
 0.000225 0.943029 1.004659 2.279801 4.227488 0.976544
 0.000226 0.931462 1.004379 2.283196 4.219037 1.098225
 0.000226 0.927946 1.001063 2.286312 4.215322 1.153981
 0.000227 0.932843 0.994710 2.289189 4.216742 1.132496
 0.000227 0.945462 0.985613 2.291881 4.222956 1.040916
 0.000228 0.964083 0.974638 2.294415 4.233135 0.899221
 0.000228 0.985700 0.962940 2.296750 4.245390 0.742390
 0.000229 1.007238 0.951881 2.298859 4.257978 0.596927
 0.000229 1.026198 0.942954 2.300665 4.269817 0.474577
 0.000230 1.041133 0.937304 2.302265 4.280702 0.374454
 0.000230 1.050218 0.935807 2.303606 4.289631 0.301169
 0.000231 1.052636 0.938076 2.304660 4.295372 0.258258
 0.000231 1.048713 0.943685 2.305448 4.297846 0.240783
 0.000232 1.038288 0.951705 2.305946 4.295939 0.254202
 0.000232 1.021893 0.961309 2.306121 4.289323 0.303563
 0.000233 1.001110 0.971729 2.306041 4.278880 0.390388
 0.000233 0.977923 0.982045 2.305667 4.265635 0.516188
 0.000234 0.954986 0.991486 2.305078 4.251550 0.669225
 0.000234 0.935557 0.999427 2.304260 4.239244 0.819171
 0.000235 0.922822 1.006101 2.303257 4.232180 0.912073
 0.000235 0.918726 1.010829 2.301944 4.231499 0.921301
 0.000236 0.924064 1.013617 2.300453 4.238134 0.833440
 0.000236 0.938048 1.014010 2.298756 4.250814 0.677767
 0.000237 0.958223 1.011629 2.296828 4.266680 0.505633
 0.000237 0.981362 1.006730 2.294717 4.282809 0.356439
 0.000238 1.003909 0.999859 2.292378 4.296146 0.252729
 0.000238 1.023479 0.991459 2.289767 4.304705 0.195539
 0.000239 1.038330 0.982135 2.286927 4.307392 0.179099
 0.000239 1.047144 0.973104 2.283977 4.304225 0.198551
 0.000240 1.048719 0.965383 2.280897 4.294999 0.260946
 0.000240 1.042592 0.960115 2.277610 4.280317 0.377794
 0.000241 1.028830 0.958727 2.274119 4.261677 0.557197
 0.000241 1.008637 0.961335 2.270393 4.240365 0.804886
 0.000242 0.984150 0.967769 2.266460 4.218379 1.108001
 0.000242 0.957735 0.977396 2.262356 4.197487 1.440826
 0.000243 0.933336 0.989078 2.258077 4.180491 1.743784
 0.000243 0.915046 1.001017 2.253783 4.169847 1.948232
 0.000244 0.906746 1.011997 2.249360 4.168104 1.982793
 0.000244 0.910521 1.020972 2.244844 4.176338 1.822201
 0.000245 0.925266 1.027297 2.240259 4.192822 1.521109
 0.000245 0.948302 1.029751 2.235566 4.213619 1.179994
 0.000246 0.975543 1.027772 2.230756 4.234071 0.886715
 0.000246 1.002881 1.020869 2.225869 4.249619 0.691756
 0.000247 1.027013 1.009203 2.220842 4.257057 0.607027
 0.000247 1.045348 0.993796 2.215846 4.254991 0.630010
 0.000248 1.056736 0.975701 2.210718 4.243155 0.769868
 0.000248 1.060600 0.956988 2.205509 4.223097 1.038887
 0.000249 1.056835 0.939876 2.200232 4.196944 1.450059
 0.000249 1.045994 0.926664 2.194940 4.167599 1.992859
 0.000250 1.029131 0.919686 2.189707 4.138524 2.615593
 0.000250 1.007913 0.920363 2.184539 4.112815 3.236636
 0.000251 0.984628 0.928870 2.179380 4.092878 3.763773
 0.000251 0.962268 0.944055 2.174196 4.080518 4.110503
 0.000252 0.944252 0.963953 2.169015 4.077221 4.205586
 0.000252 0.933490 0.986038 2.163816 4.083344 4.029877
 0.000253 0.931131 1.007980 2.158679 4.097789 3.630224
 0.000253 0.937186 1.028048 2.153633 4.118867 3.084487
 0.000254 0.950755 1.044575 2.148617 4.143947 2.493024
 0.000254 0.969431 1.056081 2.143622 4.169134 1.962327
 0.000255 0.990769 1.061792 2.138599 4.191159 1.550250
 0.000255 1.011737 1.061376 2.133563 4.206677 1.289052
 0.000256 1.029934 1.054733 2.128478 4.213144 1.187295
 0.000256 1.043687 1.042349 2.123289 4.209325 1.246872
 0.000257 1.052047 1.024850 2.118094 4.194991 1.483504
 0.000257 1.054589 1.004008 2.112947 4.171544 1.914869
 0.000258 1.051034 0.982155 2.107765 4.140954 2.560307
 0.000258 1.041758 0.962131 2.102494 4.106383 3.402356
 0.000259 1.027704 0.946944 2.097316 4.071964 4.359432
 0.000259 1.010294 0.939306 2.092107 4.041708 5.298602
 0.000260 0.991525 0.940425 2.086904 4.018855 6.068664
 0.000260 0.973057 0.950418 2.081807 4.005283 6.550711
 0.000261 0.957370 0.967976 2.076827 4.002173 6.663749
 0.000261 0.946589 0.990736 2.072006 4.009331 6.405007
 0.000262 0.942371 1.015502 2.067363 4.025237 5.848364
 0.000262 0.944897 1.039742 2.062773 4.047412 5.114544
 0.000263 0.954128 1.061596 2.058336 4.074060 4.297770
 0.000263 0.968383 1.079195 2.054101 4.101680 3.526147
 0.000264 0.985844 1.090451 2.050156 4.126452 2.898981
 0.000264 1.003699 1.094296 2.046418 4.144413 2.482617
 0.000265 1.019621 1.090743 2.042878 4.153242 2.289784
 0.000265 1.032153 1.079837 2.039519 4.151509 2.327025
 0.000266 1.040467 1.061959 2.036270 4.138696 2.611660
 0.000266 1.043710 1.038188 2.033133 4.115030 3.180526
 0.000267 1.041888 1.010203 2.030152 4.082242 4.061228
 0.000267 1.035634 0.980190 2.027397 4.043221 5.249456
 0.000268 1.025926 0.951487 2.024923 4.002337 6.657772
 0.000268 1.014146 0.927246 2.022883 3.964275 8.119095
 0.000269 1.001262 0.911577 2.021289 3.934128 9.379339
 0.000269 0.989753 0.907573 2.020190 3.917516 10.112629
 0.000270 0.981060 0.916070 2.019614 3.916744 10.147373
 0.000270 0.976055 0.934951 2.019526 3.930532 9.535735
 0.000271 0.975458 0.961175 2.019906 3.956539 8.433834
 0.000271 0.979243 0.990910 2.020753 3.990906 7.081426
 0.000272 0.986557 1.020397 2.022129 4.029083 5.717541
 0.000272 0.996079 1.046980 2.023960 4.067019 4.506665
 0.000273 1.006723 1.068195 2.026169 4.101087 3.541903
 0.000273 1.017288 1.081964 2.028740 4.127991 2.862027
 0.000274 1.026668 1.087873 2.031633 4.146174 2.443543
 0.000274 1.033554 1.085809 2.034871 4.154234 2.268611
 0.000275 1.036992 1.075969 2.038463 4.151424 2.328856
 0.000275 1.037612 1.059105 2.042346 4.139063 2.603261
 0.000276 1.034894 1.036389 2.046676 4.117959 3.107087
 0.000276 1.029376 1.009975 2.051355 4.090706 3.823579
 0.000277 1.021475 0.982452 2.056386 4.060312 4.710267
 0.000277 1.012169 0.957360 2.061780 4.031309 5.642526
 0.000278 1.002456 0.938766 2.067515 4.008737 6.426285
 0.000278 0.993511 0.929445 2.073656 3.996613 6.868271
 0.000279 0.986515 0.931361 2.080134 3.998010 6.816578
 0.000279 0.982349 0.944172 2.087045 4.013566 6.254309
 0.000280 0.981414 0.965366 2.094304 4.041084 5.318947
 0.000280 0.983159 0.991966 2.101785 4.076909 4.214640
 0.000281 0.987023 1.020138 2.109460 4.116622 3.140512
 0.000281 0.991987 1.046596 2.117269 4.155851 2.234298
 0.000282 0.997209 1.069023 2.125203 4.191436 1.545383
 0.000282 1.001608 1.085406 2.133202 4.220217 1.080806
 0.000283 1.004047 1.094728 2.141284 4.240059 0.808772
 0.000283 1.003932 1.095999 2.149433 4.249364 0.694749
 0.000284 1.000945 1.089373 2.157611 4.247929 0.711770
 0.000284 0.995288 1.075154 2.165738 4.236179 0.858862
 0.000285 0.987758 1.053621 2.173813 4.215191 1.155960
 0.000285 0.978992 1.026482 2.181831 4.187305 1.618850
 0.000286 0.970434 0.995792 2.189780 4.156006 2.231027
 0.000286 0.963526 0.964212 2.197680 4.125419 2.923910
 0.000287 0.959765 0.935891 2.205582 4.101239 3.537867
 0.000287 0.959559 0.914851 2.213431 4.087841 3.903224
 0.000288 0.963557 0.905150 2.221247 4.089954 3.844423
 0.000288 0.971740 0.908258 2.228967 4.108965 3.335334
 0.000289 0.983051 0.922784 2.236622 4.142457 2.526411
 0.000289 0.995790 0.945465 2.244112 4.185366 1.653924
 0.000290 1.007867 0.971719 2.251362 4.230947 0.928803
 0.000290 1.017077 0.997234 2.258351 4.272662 0.447263
 0.000291 1.022185 1.018560 2.265053 4.305797 0.188769
 0.000291 1.022932 1.033660 2.271424 4.328016 0.076932
 0.000292 1.018954 1.041058 2.277382 4.337393 0.044545
 0.000292 1.010433 1.040214 2.283067 4.333714 0.056204
 0.000293 0.998121 1.031322 2.288414 4.317858 0.121936
 0.000293 0.983833 1.015308 2.293459 4.292600 0.278569
 0.000294 0.969515 0.994206 2.298210 4.261931 0.554512
 0.000294 0.957107 0.970330 2.302663 4.230099 0.940395
 0.000295 0.948932 0.947003 2.306926 4.202861 1.351051
 0.000295 0.946600 0.928625 2.310994 4.186219 1.638460
 0.000296 0.950363 0.918662 2.314742 4.183767 1.683151
 0.000296 0.959408 0.919209 2.318156 4.196772 1.452989
 0.000297 0.972264 0.930201 2.321254 4.223718 1.029942
 0.000297 0.986769 0.949685 2.324048 4.260502 0.569662
 0.000298 1.001280 0.973989 2.326481 4.301750 0.214456
 0.000298 1.013217 0.999758 2.328472 4.341447 0.033268
 0.000299 1.020999 1.023765 2.329985 4.374749 0.002818
 0.000299 1.023536 1.043418 2.331010 4.397964 0.047193
 0.000300 1.020216 1.056744 2.331587 4.408547 0.085306
 0.000300 1.011786 1.062269 2.331688 4.405742 0.074116
 0.000301 0.998905 1.059554 2.331283 4.389742 0.025314
 0.000301 0.982678 1.048934 2.330560 4.362171 0.001285
 0.000302 0.964865 1.031466 2.329308 4.325638 0.086542
 0.000302 0.947936 1.009220 2.327626 4.284782 0.339977
 0.000303 0.934257 0.984955 2.325586 4.244798 0.749616
 0.000303 0.926266 0.961605 2.323221 4.211092 1.219135
 0.000304 0.925626 0.942400 2.320518 4.188545 1.596627
 0.000304 0.932880 0.930089 2.317616 4.180585 1.742026
 0.000305 0.947107 0.926901 2.314529 4.188536 1.596775
 0.000305 0.965908 0.933253 2.311231 4.210392 1.230091
 0.000306 0.986529 0.947662 2.307586 4.241778 0.787057
 0.000306 1.006503 0.966860 2.303642 4.277005 0.407133
 0.000307 1.023496 0.987692 2.299433 4.310622 0.160290
 0.000307 1.035354 1.007360 2.294908 4.337621 0.043868
 0.000308 1.041290 1.023066 2.290075 4.354432 0.008204
 0.000308 1.040333 1.032635 2.284927 4.357895 0.004367
 0.000309 1.032199 1.035016 2.279489 4.346705 0.021088
 0.000309 1.018177 1.029710 2.273704 4.321591 0.104197
 0.000310 0.999693 1.017797 2.267742 4.285232 0.336275
 0.000310 0.979200 1.000026 2.261636 4.240862 0.798585
 0.000311 0.959589 0.977886 2.255367 4.192842 1.520765
 0.000311 0.944045 0.954089 2.248922 4.147056 2.424076
 0.000312 0.935284 0.932601 2.242484 4.110369 3.299176
 0.000312 0.935297 0.916889 2.236122 4.088308 3.890181
 0.000313 0.944298 0.909830 2.229772 4.083899 4.014133
 0.000313 0.960829 0.913340 2.223435 4.097605 3.635195
 0.000314 0.982393 0.927085 2.217084 4.126562 2.896323
 0.000314 1.005785 0.948711 2.210789 4.165285 2.039311
 0.000315 1.028284 0.974819 2.204628 4.207731 1.272173
 0.000315 1.047592 1.001833 2.198416 4.247842 0.712807
 0.000316 1.061861 1.026044 2.192138 4.280042 0.380182
 0.000316 1.069480 1.045444 2.185771 4.300695 0.221424
 0.000317 1.069036 1.058746 2.179391 4.307173 0.180413
 0.000317 1.060489 1.064684 2.172945 4.298119 0.238895
 0.000318 1.044326 1.063658 2.166470 4.274455 0.430470
 0.000318 1.022267 1.055744 2.160030 4.238041 0.834637
 0.000319 0.996343 1.041684 2.153637 4.191664 1.541377
 0.000319 0.969203 1.023470 2.147256 4.139929 2.583557
 0.000320 0.944382 1.002881 2.140951 4.088214 3.892823
 0.000320 0.926034 0.982444 2.134779 4.043258 5.248272
 0.000321 0.917428 0.965113 2.128776 4.011317 6.334109
 0.000321 0.920245 0.953788 2.122970 3.997003 6.853827
 0.000322 0.933593 0.950176 2.117418 4.001187 6.699782
 0.000322 0.955588 0.954628 2.112164 4.022381 5.946431
 0.000323 0.982192 0.966386 2.107108 4.055685 4.853367
 0.000323 1.009911 0.983380 2.102264 4.095554 3.690691
 0.000324 1.035663 1.002625 2.097668 4.135957 2.674618
 0.000324 1.056941 1.021895 2.093333 4.172169 1.902665
 0.000325 1.071268 1.038926 2.089225 4.199420 1.408207
 0.000325 1.077586 1.051722 2.085320 4.214628 1.164536
 0.000326 1.075532 1.059069 2.081539 4.216140 1.141585
 0.000326 1.065414 1.060068 2.077847 4.203329 1.343365
 0.000327 1.047866 1.054359 2.074397 4.176622 1.816792
 0.000327 1.024597 1.042990 2.071207 4.138794 2.609409
 0.000328 0.997867 1.027170 2.068355 4.093392 3.749675
 0.000328 0.970666 1.008297 2.065901 4.044864 5.196361
 0.000329 0.946740 0.988734 2.063752 3.999226 6.771770
 0.000329 0.930046 0.969981 2.062004 3.962032 8.209738
 0.000330 0.923839 0.953858 2.060686 3.938383 9.195959
 0.000330 0.929710 0.942345 2.059810 3.931865 9.477612
 0.000331 0.946282 0.937446 2.059394 3.943122 8.993845
 0.000331 0.970817 0.939294 2.059336 3.969447 7.912030
 0.000332 0.999769 0.947473 2.059670 4.006912 6.491852
 0.000332 1.029571 0.959985 2.060459 4.050014 5.031649
 0.000333 1.056925 0.974741 2.061682 4.093348 3.750875
 0.000333 1.079572 0.989724 2.063228 4.132523 2.754626
 0.000334 1.094952 1.002752 2.065036 4.162740 2.091049
 0.000334 1.102070 1.012898 2.067027 4.181996 1.715801
 0.000335 1.100667 1.019596 2.069180 4.189442 1.580627
 0.000335 1.091093 1.022165 2.071572 4.184830 1.663692
 0.000336 1.073585 1.020681 2.074097 4.168363 1.977622
 0.000336 1.049184 1.015330 2.076853 4.141367 2.550951
 0.000337 1.019893 1.007115 2.079814 4.106822 3.390921
 0.000337 0.988231 0.997728 2.083079 4.069038 4.446263
 0.000338 0.958038 0.988741 2.086543 4.033322 5.575121
 0.000338 0.933509 0.981952 2.090219 4.005681 6.536310
 0.000339 0.918463 0.977933 2.094176 3.990572 7.093993
 0.000339 0.915260 0.977134 2.098411 3.990805 7.085222
 0.000340 0.924400 0.979948 2.102830 4.007177 6.482301
 0.000340 0.943744 0.986097 2.107522 4.037363 5.440995
 0.000341 0.969142 0.994613 2.112411 4.076165 4.236263
 0.000341 0.997247 1.003982 2.117413 4.118642 3.090082
 0.000342 1.024082 1.012848 2.122425 4.159355 2.160846
 0.000342 1.046653 1.019751 2.127494 4.193898 1.502394
 0.000343 1.062855 1.023685 2.132579 4.219119 1.097011
 0.000343 1.070887 1.024138 2.137644 4.232668 0.905497
 0.000344 1.070272 1.020817 2.142683 4.233773 0.890693
 0.000344 1.061405 1.014549 2.147774 4.223728 1.029809
 0.000345 1.044854 1.006104 2.152812 4.203769 1.336164
 0.000345 1.022120 0.995923 2.157816 4.175860 1.831345
 0.000346 0.994935 0.985506 2.162828 4.143268 2.508205
 0.000346 0.966263 0.976406 2.167874 4.110543 3.294699
 0.000347 0.940004 0.970187 2.172927 4.083118 4.036294
 0.000347 0.920217 0.967726 2.177997 4.065940 4.539118
 0.000348 0.910565 0.969014 2.183042 4.062622 4.639645
 0.000348 0.912774 0.973082 2.188015 4.073871 4.303294
 0.000349 0.926191 0.979372 2.192949 4.098511 3.610793
 0.000349 0.948298 0.986399 2.197871 4.132568 2.753582
 0.000350 0.975392 0.992559 2.202602 4.170553 1.934317
 0.000350 1.003648 0.996409 2.207199 4.207255 1.279775
 0.000351 1.030053 0.997061 2.211665 4.238779 0.825134
 0.000351 1.051811 0.993922 2.215941 4.261674 0.557229
 0.000352 1.067300 0.987139 2.219935 4.274374 0.431215
 0.000352 1.074891 0.977250 2.223755 4.275897 0.417192
 0.000353 1.073998 0.965447 2.227331 4.266776 0.504667
 0.000353 1.065050 0.953624 2.230608 4.249282 0.695719
 0.000354 1.048708 0.943847 2.233710 4.226266 0.993708
 0.000354 1.026152 0.937695 2.236614 4.200462 1.390773
 0.000355 0.999681 0.936238 2.239305 4.175223 1.843547
 0.000355 0.972423 0.940743 2.241769 4.154935 2.253708
 0.000356 0.947194 0.950758 2.244046 4.141998 2.536719
 0.000356 0.927549 0.965053 2.246177 4.138779 2.609755
 0.000357 0.916780 0.981729 2.248043 4.146552 2.435199
 0.000357 0.916877 0.999332 2.249624 4.165833 2.028258
 0.000358 0.927203 1.015877 2.250941 4.194021 1.500263
 0.000358 0.945311 1.029491 2.251950 4.226752 0.986870
 0.000359 0.967566 1.038593 2.252643 4.258802 0.587951
 0.000359 0.990501 1.042580 2.253017 4.286098 0.329216
 0.000360 1.011714 1.041015 2.253031 4.305759 0.189003
 0.000360 1.028431 1.033475 2.252749 4.314655 0.138264
 0.000361 1.038910 1.020496 2.252092 4.311498 0.155365
 0.000361 1.042461 1.003540 2.251105 4.297106 0.245950
 0.000362 1.038578 0.983807 2.249892 4.272278 0.450903
 0.000362 1.027761 0.964104 2.248466 4.240331 0.805309
 0.000363 1.011222 0.947024 2.246844 4.205090 1.314650
 0.000363 0.991055 0.936135 2.245130 4.172319 1.899729
 0.000364 0.969610 0.933343 2.243240 4.146193 2.443123
 0.000364 0.948944 0.939196 2.241189 4.129329 2.830125
 0.000365 0.932257 0.952856 2.239087 4.124200 2.953447
 0.000365 0.921932 0.972617 2.236950 4.131499 2.778716
 0.000366 0.919988 0.995714 2.234703 4.150405 2.350904
 0.000366 0.926804 1.018949 2.232350 4.178104 1.788656
 0.000367 0.940987 1.039041 2.229871 4.209900 1.237820
 0.000367 0.959962 1.053605 2.227292 4.240859 0.798629
 0.000368 0.980930 1.061430 2.224487 4.266846 0.503958
 0.000368 1.001126 1.061034 2.221511 4.283671 0.349203
 0.000369 1.018446 1.052134 2.218350 4.288929 0.306639
 0.000369 1.031273 1.035562 2.214980 4.281815 0.364881
 0.000370 1.038494 1.012434 2.211457 4.262385 0.549747
 0.000370 1.039924 0.984613 2.207690 4.232227 0.911440
 0.000371 1.035725 0.955536 2.203814 4.195075 1.482056
 0.000371 1.026798 0.929165 2.199831 4.155794 2.235499
 0.000372 1.014509 0.909625 2.195725 4.119858 3.059920
 0.000372 1.000011 0.900438 2.191548 4.091997 3.787980
 0.000373 0.985012 0.903744 2.187397 4.076153 4.236614
 0.000373 0.971325 0.918641 2.183300 4.073266 4.321082
 0.000374 0.960541 0.942451 2.179220 4.082211 4.062105
 0.000374 0.954219 0.971444 2.175103 4.100766 3.550468
 0.000375 0.953085 1.001466 2.171006 4.125557 2.920578
 0.000375 0.956437 1.028800 2.166895 4.152132 2.313597
 0.000376 0.963701 1.051445 2.162778 4.177924 1.792058
 0.000376 0.973420 1.067614 2.158701 4.199735 1.402920
 0.000377 0.983719 1.076231 2.154569 4.214519 1.166204
 0.000377 0.993646 1.076491 2.150489 4.220625 1.074821
 0.000378 1.001952 1.068813 2.146392 4.217158 1.126256
 0.000378 1.007878 1.053907 2.142242 4.204027 1.331941
 0.000379 1.011102 1.032786 2.138028 4.181916 1.717278
 0.000379 1.011041 1.007556 2.133845 4.152441 2.306950
 0.000380 1.008213 0.980752 2.129819 4.118784 3.086557
 0.000380 1.002971 0.955717 2.125861 4.084549 3.995741
 0.000381 0.996081 0.936122 2.122032 4.054236 4.898634
 0.000381 0.988533 0.925240 2.118402 4.032175 5.613482
 0.000382 0.980685 0.925720 2.114892 4.021297 5.983886
 0.000382 0.973462 0.937440 2.111496 4.022398 5.945862
 0.000383 0.967785 0.958401 2.108193 4.034379 5.539862
 0.000383 0.963765 0.985242 2.105020 4.054026 4.905187
 0.000384 0.962169 1.014946 2.102042 4.079157 4.149635
 0.000384 0.963045 1.044111 2.099173 4.106329 3.403759
 0.000385 0.966117 1.069761 2.096389 4.132266 2.760660
 0.000385 0.971243 1.089623 2.093741 4.154607 2.260666
 0.000386 0.977548 1.101908 2.091181 4.170637 1.932659
 0.000386 0.984150 1.105769 2.088728 4.178647 1.778398
 0.000387 0.990367 1.101694 2.086259 4.178320 1.784568
 0.000387 0.995504 1.089658 2.083781 4.168943 1.966113
 0.000388 0.998870 1.069927 2.081401 4.150198 2.355398
 0.000388 1.000621 1.043708 2.079167 4.123495 2.970612
 0.000389 1.001028 1.012828 2.077043 4.090900 3.818240
 0.000389 1.000111 0.980547 2.075047 4.055706 4.852723
 0.000390 0.998505 0.950142 2.073235 4.021882 5.963663
 0.000390 0.996876 0.925925 2.071689 3.994490 6.947182
 0.000391 0.995751 0.911410 2.070410 3.977571 7.592168
 0.000391 0.995403 0.908995 2.069361 3.973759 7.741419
 0.000392 0.996243 0.918261 2.068506 3.983010 7.381697
 0.000392 0.998089 0.937252 2.067872 4.003213 6.625843
 0.000393 1.000552 0.962289 2.067492 4.030333 5.675364
 0.000393 1.002859 0.989311 2.067308 4.059479 4.735889
 0.000394 1.004816 1.015076 2.067337 4.087229 3.920335
 0.000394 1.006139 1.036365 2.067634 4.110138 3.305106
 0.000395 1.006335 1.051905 2.068058 4.126298 2.902696
 0.000395 1.005435 1.060898 2.068530 4.134862 2.700001
 0.000396 1.003435 1.063414 2.069104 4.135953 2.674713
 0.000396 1.000205 1.059666 2.069912 4.129782 2.819339
 0.000397 0.996568 1.049674 2.070997 4.117239 3.125069
 0.000397 0.992600 1.034518 2.072237 4.099354 3.588175
 0.000398 0.988572 1.015283 2.073541 4.077396 4.200511
 0.000398 0.985052 0.993735 2.075053 4.053840 4.911012
 0.000399 0.982743 0.972648 2.076782 4.032173 5.613538
 0.000399 0.981930 0.954862 2.078739 4.015532 6.184991
 0.000400 0.982998 0.943220 2.080996 4.007214 6.480986
 0.000400 0.985514 0.939809 2.083556 4.008878 6.421207
 0.000401 0.988800 0.944948 2.086402 4.020150 6.023628
 0.000401 0.991915 0.957962 2.089466 4.039343 5.375875
 0.000402 0.994512 0.977063 2.092662 4.064237 4.590571
 0.000402 0.996290 0.999837 2.096060 4.092187 3.782755
 0.000403 0.996667 1.022826 2.099677 4.119171 3.076950
 0.000403 0.995110 1.043709 2.103480 4.142298 2.529966
 0.000404 0.992120 1.060889 2.107404 4.160413 2.138895
 0.000404 0.987640 1.072505 2.111416 4.171560 1.914552
 0.000405 0.982191 1.077581 2.115585 4.175357 1.840986
 0.000405 0.976975 1.076178 2.119904 4.173056 1.885391
 0.000406 0.972526 1.068886 2.124272 4.165684 2.031267
 0.000406 0.969478 1.056083 2.128690 4.154251 2.268237
 0.000407 0.968537 1.038994 2.133163 4.140694 2.566190
 0.000407 0.969607 1.018633 2.137775 4.126014 2.909533
 0.000408 0.972591 0.996783 2.142562 4.111936 3.259037
 0.000408 0.977214 0.975503 2.147323 4.100041 3.569812
 0.000409 0.983551 0.957193 2.152057 4.092801 3.765869
 0.000409 0.990977 0.943771 2.156824 4.091572 3.799677
 0.000410 0.998810 0.937074 2.161766 4.097650 3.633979
 0.000410 1.006164 0.936935 2.166867 4.109965 3.309551
 0.000411 1.012355 0.942827 2.172027 4.127208 2.880799
 0.000411 1.016233 0.953751 2.177155 4.147139 2.422262
 0.000412 1.017454 0.967342 2.182281 4.167077 2.003287
 0.000412 1.016082 0.981449 2.187410 4.184941 1.661668
 0.000413 1.011854 0.994123 2.192556 4.198533 1.423123
 0.000413 1.005170 1.003934 2.197628 4.206732 1.288158
 0.000414 0.996624 1.009652 2.202571 4.208847 1.254439
 0.000414 0.987285 1.011538 2.207444 4.206267 1.295630
 0.000415 0.978105 1.009371 2.212180 4.199657 1.404232
 0.000415 0.969927 1.003401 2.216852 4.190180 1.567542
 0.000416 0.964501 0.994156 2.221415 4.180073 1.751602
 0.000416 0.962104 0.982982 2.225917 4.171003 1.925473
 0.000417 0.963077 0.971528 2.230251 4.164855 2.048003
 0.000417 0.967418 0.961400 2.234530 4.163348 2.078618
 0.000418 0.974079 0.954455 2.238696 4.167230 2.000231
 0.000418 0.982098 0.952168 2.242628 4.176894 1.811599
 0.000419 0.990201 0.955026 2.246470 4.191697 1.540788
 0.000419 0.997052 0.962242 2.250107 4.209401 1.245682
 0.000420 1.001724 0.972860 2.253575 4.228159 0.967196
 0.000420 1.003095 0.985582 2.256868 4.245544 0.740510
 0.000421 1.000649 0.998717 2.259907 4.259274 0.582847
 0.000421 0.994911 1.010464 2.262675 4.268049 0.491952
 0.000422 0.986204 1.019605 2.265175 4.270984 0.463273
 0.000422 0.975508 1.025285 2.267391 4.268183 0.490623
 0.000423 0.964211 1.027357 2.269349 4.260917 0.565243
 0.000423 0.953830 1.025925 2.271079 4.250834 0.677531
 0.000424 0.945605 1.020918 2.272553 4.239076 0.821315
 0.000424 0.940631 1.013278 2.273771 4.227680 0.973865
 0.000425 0.939661 1.003818 2.274709 4.218188 1.110852
 0.000425 0.942981 0.993764 2.275424 4.212169 1.202374
 0.000426 0.950457 0.984172 2.275954 4.210583 1.227086
 0.000426 0.960313 0.976631 2.276296 4.213240 1.185826
 0.000427 0.971412 0.971845 2.276340 4.219597 1.089937
 0.000427 0.982287 0.970225 2.276114 4.228626 0.960715
 0.000428 0.991864 0.971082 2.275630 4.238577 0.827732
 0.000428 0.999290 0.973798 2.274912 4.248000 0.710920
 0.000429 1.003491 0.977437 2.273938 4.254866 0.631406
 0.000429 1.004241 0.980859 2.272702 4.257802 0.598853
 0.000430 1.001588 0.983935 2.271171 4.256694 0.611035
 0.000430 0.995854 0.985891 2.269336 4.251082 0.674652
 0.000431 0.987545 0.986245 2.267301 4.241091 0.795700
 0.000431 0.977833 0.984845 2.265044 4.227723 0.973275
 0.000432 0.968278 0.982102 2.262542 4.212922 1.190719
 0.000432 0.959995 0.978580 2.259735 4.198310 1.426890
 0.000433 0.954016 0.974312 2.256690 4.185018 1.660266
 0.000433 0.951572 0.969492 2.253451 4.174515 1.857179
 0.000434 0.953142 0.964815 2.250065 4.168022 1.984422
 0.000434 0.958222 0.961302 2.246506 4.166030 2.024304
 0.000435 0.965792 0.959379 2.242762 4.167933 1.986198
 0.000435 0.974834 0.958751 2.238834 4.172419 1.897792
 0.000436 0.983697 0.959841 2.234736 4.178273 1.785448
 0.000436 0.991409 0.962913 2.230325 4.184647 1.667029
 0.000437 0.997287 0.967795 2.225671 4.190753 1.557412
 0.000437 1.000698 0.974736 2.220781 4.196215 1.462503
 0.000438 1.001229 0.982860 2.215709 4.199798 1.401869
 0.000438 0.998850 0.991559 2.210447 4.200856 1.384203
 0.000439 0.993449 1.000223 2.205140 4.198812 1.418427
 0.000439 0.985853 1.007796 2.199644 4.193292 1.512921
 0.000440 0.976710 1.013822 2.193913 4.184445 1.670724
 0.000440 0.967665 1.017933 2.188026 4.173624 1.874380
 0.000441 0.960037 1.019887 2.182044 4.161968 2.106864
 0.000441 0.954646 1.019419 2.175985 4.150049 2.358622
 0.000442 0.952458 1.016717 2.169793 4.138967 2.605455
 0.000442 0.953826 1.012339 2.163519 4.129684 2.821685
 0.000443 0.958715 1.006957 2.157130 4.122802 2.987520
 0.000443 0.966235 1.001539 2.150590 4.118364 3.097004
 0.000444 0.975741 0.997147 2.143968 4.116856 3.134646
 0.000444 0.986254 0.994182 2.137277 4.117713 3.113217
 0.000445 0.997030 0.993050 2.130548 4.120629 3.040889
 0.000445 1.006552 0.993491 2.123776 4.123819 2.962728
 0.000446 1.014052 0.995148 2.116942 4.126143 2.906421
 0.000446 1.019061 0.997765 2.110084 4.126910 2.887962
 0.000447 1.021095 1.001224 2.103142 4.125461 2.922896
 0.000447 1.019953 1.004830 2.096247 4.121029 3.031015
 0.000448 1.016387 1.008330 2.089364 4.114080 3.204522
 0.000448 1.010955 1.011133 2.082528 4.104615 3.448618
 0.000449 1.004559 1.013447 2.075724 4.093730 3.740417
 0.000449 0.998010 1.014689 2.068997 4.081696 4.076797
 0.000450 0.991878 1.014468 2.062300 4.068645 4.457979
 0.000450 0.986960 1.012697 2.055669 4.055326 4.864557
 0.000451 0.983678 1.008981 2.049105 4.041763 5.296799
 0.000451 0.982786 1.003334 2.042817 4.028937 5.722502
 0.000452 0.984400 0.996009 2.036784 4.017193 6.126676
 0.000452 0.988265 0.987447 2.030949 4.006661 6.500911
 0.000453 0.994088 0.978498 2.025324 3.997910 6.820283
 0.000453 1.001338 0.970055 2.019964 3.991357 7.064471
 0.000454 1.008821 0.962659 2.014916 3.986396 7.252142
 0.000454 1.015862 0.957508 2.010245 3.983615 7.358456
 0.000455 1.022048 0.955617 2.005912 3.983577 7.359928
 0.000455 1.026826 0.957902 2.001844 3.986572 7.245455
 0.000456 1.029685 0.964595 1.998110 3.992390 7.025672
 0.000456 1.030367 0.974963 1.994769 4.000098 6.739695
 0.000457 1.028605 0.988822 1.991826 4.009253 6.407767
 0.000457 1.024351 1.004323 1.989312 4.017986 6.098975
 0.000458 1.018241 1.019831 1.987247 4.025319 5.845546
 0.000458 1.010859 1.033985 1.985537 4.030381 5.673738
 0.000459 1.002093 1.045524 1.984229 4.031845 5.624528
 0.000459 0.992643 1.053653 1.983338 4.029634 5.698946
 0.000460 0.983254 1.057892 1.982767 4.023913 5.893726
 0.000460 0.974599 1.057990 1.982545 4.015133 6.199008
 0.000461 0.967455 1.054182 1.982731 4.004369 6.583815
 0.000461 0.963355 1.046999 1.983350 3.993703 6.976529
 0.000462 0.962894 1.037524 1.984501 3.984918 7.308554
 0.000462 0.966246 1.026561 1.986147 3.978954 7.538361
 0.000463 0.973023 1.015269 1.988245 3.976537 7.632506
 0.000463 0.982998 1.004747 1.990727 3.978472 7.557077
 0.000464 0.995277 0.996098 1.993641 3.985016 7.304824
 0.000464 1.008805 0.990211 1.996990 3.996007 6.890753
 0.000465 1.022079 0.987805 2.000738 4.010621 6.358904
 0.000465 1.033736 0.988597 2.004946 4.027278 5.778752
 0.000466 1.042973 0.991963 2.009555 4.044491 5.208394
 0.000466 1.048778 0.997474 2.014541 4.060792 4.695552
 0.000467 1.050194 1.004347 2.019852 4.074393 4.288015
 0.000467 1.046995 1.011955 2.025390 4.084340 4.001661
 0.000468 1.039383 1.019270 2.031215 4.089867 3.846820
 0.000468 1.027744 1.025248 2.037257 4.090249 3.836229
 0.000469 1.013073 1.028939 2.043470 4.085482 3.969413
 0.000469 0.996777 1.029972 2.049952 4.076700 4.220702
 0.000470 0.980957 1.028284 2.056617 4.065859 4.541581
 0.000470 0.967383 1.023523 2.063369 4.054276 4.897377
 0.000471 0.957532 1.015472 2.070285 4.043289 5.247243
 0.000471 0.953004 1.004295 2.077369 4.034667 5.530281
 0.000472 0.954912 0.991243 2.084544 4.030698 5.663066
 0.000472 0.962516 0.977732 2.091796 4.032043 5.617895
 0.000473 0.975309 0.964994 2.099178 4.039482 5.371318
 0.000473 0.991854 0.954653 2.106591 4.053098 4.934301
 0.000474 1.010031 0.947779 2.114030 4.071840 4.363096
 0.000474 1.027789 0.945036 2.121538 4.094363 3.723119
 0.000475 1.043137 0.947024 2.129051 4.119213 3.075914
 0.000475 1.054305 0.953378 2.136518 4.144200 2.487365
 0.000476 1.060193 0.963442 2.143834 4.167469 1.995457
 0.000476 1.060188 0.975510 2.151013 4.186711 1.629553
 0.000477 1.054070 0.988186 2.158003 4.200259 1.394151
 0.000477 1.041728 0.999670 2.164879 4.206278 1.295463
 0.000478 1.023766 1.008702 2.171515 4.203983 1.332667
 0.000478 1.001364 1.014601 2.178039 4.194004 1.500559
 0.000479 0.976507 1.017194 2.184381 4.178082 1.789064
 0.000479 0.952509 1.016906 2.190536 4.159952 2.148452
 0.000480 0.932648 1.014174 2.196429 4.143251 2.508585
 0.000480 0.920537 1.009630 2.202115 4.132282 2.760293
 0.000481 0.918769 1.004218 2.207731 4.130718 2.797162
 0.000481 0.927609 0.998378 2.213153 4.139139 2.601529
 0.000482 0.945397 0.992687 2.218378 4.156462 2.221392
 0.000482 0.968891 0.987516 2.223385 4.179793 1.756853
 0.000483 0.994896 0.983305 2.228261 4.206463 1.292482
 0.000483 1.020624 0.980207 2.232934 4.233765 0.890796
 0.000484 1.042836 0.978558 2.237316 4.258709 0.588960
 0.000484 1.059337 0.977943 2.241415 4.278695 0.392026
 0.000485 1.068741 0.978879 2.245168 4.292788 0.277169
 0.000485 1.070116 0.980702 2.248661 4.299479 0.229589
 0.000486 1.063175 0.983054 2.251936 4.298165 0.238578
 0.000486 1.048809 0.985542 2.254953 4.289304 0.303710
 0.000487 1.028072 0.988110 2.257699 4.273881 0.435812
 0.000487 1.002645 0.990630 2.260340 4.253615 0.645544
 0.000488 0.975478 0.993289 2.262893 4.231659 0.919124
 0.000488 0.950021 0.995722 2.265227 4.210971 1.221025
 0.000489 0.930191 0.997348 2.267386 4.194925 1.484646
 0.000489 0.919257 0.998123 2.269354 4.186733 1.629166
 0.000490 0.919671 0.997436 2.271163 4.188270 1.601543
 0.000490 0.931188 0.995390 2.272791 4.199368 1.409071
 0.000491 0.951205 0.991398 2.274277 4.216880 1.130426
 0.000491 0.976440 0.985871 2.275666 4.237977 0.835467
 0.000492 1.003163 0.978965 2.277025 4.259153 0.584157
 0.000492 1.028376 0.971064 2.278338 4.277778 0.400187
 0.000493 1.049364 0.962551 2.279543 4.291459 0.287149
 0.000493 1.064350 0.954071 2.280562 4.298983 0.232960
 0.000494 1.072093 0.946889 2.281452 4.300434 0.223163
 0.000494 1.071765 0.941895 2.282159 4.295819 0.255059
 0.000495 1.062936 0.939649 2.282597 4.285182 0.336691
 0.000495 1.046168 0.940925 2.282871 4.269964 0.473144
 0.000496 1.022692 0.945121 2.282893 4.250705 0.679035
 0.000496 0.994330 0.951885 2.282707 4.228923 0.956601
 0.000497 0.964040 0.960964 2.282356 4.207360 1.278102
 0.000497 0.935865 0.971371 2.281802 4.189038 1.587828
 0.000498 0.914389 0.982155 2.281118 4.177661 1.797028
 0.000498 0.903358 0.992810 2.280250 4.176418 1.820681
 0.000499 0.905201 1.002738 2.279321 4.187260 1.619659
 0.000499 0.919309 1.011037 2.278248 4.208594 1.258443
 0.000500 0.942576 1.016847 2.277005 4.236429 0.855598
