#! FIELDS time dAB dAC dAD rc bias
 0.000000 1.752603 1.620670 2.556170 5.929443 11.035036
 0.000000 1.745411 1.613046 2.556898 5.915355 10.383118
 0.000001 1.738789 1.604348 2.557670 5.900807 9.730755
 0.000001 1.733241 1.595142 2.558514 5.886897 9.126768
 0.000002 1.729031 1.586561 2.559585 5.875177 8.632920
 0.000002 1.725871 1.578832 2.560826 5.865529 8.236675
 0.000003 1.723612 1.572151 2.562238 5.858001 7.933984
 0.000003 1.722916 1.567511 2.563821 5.854247 7.785149
 0.000004 1.724306 1.565002 2.565483 5.854791 7.806626
 0.000004 1.727095 1.564594 2.567271 5.858960 7.972211
 0.000005 1.730589 1.566382 2.569248 5.866219 8.264712
 0.000005 1.734681 1.570772 2.571307 5.876759 8.698786
 0.000006 1.738564 1.577121 2.573432 5.889117 9.221863
 0.000006 1.741858 1.584920 2.575688 5.902466 9.804070
 0.000007 1.744147 1.593734 2.578084 5.915965 10.410922
 0.000007 1.744947 1.602948 2.580577 5.928472 10.989463
 0.000008 1.743652 1.612002 2.583082 5.938737 11.475953
 0.000008 1.740049 1.620159 2.585522 5.945731 11.813462
 0.000009 1.734079 1.627332 2.587849 5.949261 11.985677
 0.000009 1.725778 1.632956 2.590079 5.948814 11.963812
 0.000010 1.714964 1.636501 2.592270 5.943735 11.716661
 0.000010 1.702122 1.637316 2.594304 5.933742 11.237938
 0.000011 1.688029 1.635409 2.596145 5.919584 10.576707
 0.000011 1.673484 1.631288 2.597817 5.902590 9.809553
 0.000012 1.659013 1.625632 2.599411 5.884056 9.005784
 0.000012 1.645179 1.619010 2.600834 5.865023 8.216163
 0.000013 1.632707 1.611876 2.602116 5.846699 7.490157
 0.000013 1.621951 1.604511 2.603239 5.829701 6.846691
 0.000014 1.613346 1.597265 2.604113 5.814724 6.303687
 0.000014 1.607202 1.590764 2.604860 5.802827 5.888331
 0.000015 1.603598 1.585512 2.605423 5.794533 5.607152
 0.000015 1.602608 1.581680 2.605835 5.790123 5.460451
 0.000016 1.604032 1.579814 2.606001 5.789847 5.451327
 0.000016 1.607421 1.579851 2.606059 5.793331 5.566992
 0.000017 1.612062 1.581533 2.605966 5.799561 5.776792
 0.000017 1.617425 1.584481 2.605702 5.807608 6.053567
 0.000018 1.622335 1.588734 2.605233 5.816301 6.359824
 0.000018 1.626055 1.593995 2.604636 5.824686 6.662360
 0.000019 1.628188 1.599899 2.603915 5.832002 6.932099
 0.000019 1.628357 1.605911 2.603129 5.837397 7.134443
 0.000020 1.625626 1.611892 2.602196 5.839714 7.222244
 0.000020 1.619740 1.617151 2.601087 5.837977 7.156381
 0.000021 1.611322 1.621290 2.599846 5.832458 6.949089
 0.000021 1.600596 1.624330 2.598529 5.823455 6.617529
 0.000022 1.588473 1.626033 2.597145 5.811651 6.195059
 0.000022 1.575987 1.626380 2.595702 5.798069 5.726182
 0.000023 1.563635 1.625695 2.594126 5.783456 5.242342
 0.000023 1.552179 1.624201 2.592499 5.768879 4.780957
 0.000024 1.541743 1.621790 2.590910 5.754443 4.344996
 0.000024 1.533101 1.619053 2.589347 5.741501 3.971844
 0.000025 1.527531 1.616597 2.587882 5.732010 3.708870
 0.000025 1.524861 1.614981 2.586611 5.726453 3.559044
 0.000026 1.525137 1.613974 2.585507 5.724618 3.510262
 0.000026 1.528507 1.614052 2.584408 5.726967 3.572779
 0.000027 1.534777 1.615246 2.583316 5.733340 3.745156
 0.000027 1.543620 1.617043 2.582298 5.742961 4.013102
 0.000028 1.554937 1.619417 2.581419 5.755772 4.384266
 0.000028 1.567655 1.622030 2.580635 5.770321 4.825649
 0.000029 1.581083 1.625086 2.579957 5.786127 5.329189
 0.000029 1.594350 1.628237 2.579369 5.801956 5.858485
 0.000030 1.606755 1.631036 2.578910 5.816701 6.374074
 0.000030 1.617097 1.633428 2.578558 5.829084 6.823876
 0.000031 1.625363 1.635145 2.578440 5.838947 7.193120
 0.000031 1.630877 1.636228 2.578460 5.845564 7.446293
 0.000032 1.633750 1.636513 2.578620 5.848883 7.574907
 0.000032 1.633950 1.635737 2.578904 5.848591 7.563546
 0.000033 1.631450 1.634036 2.579303 5.844789 7.416394
 0.000033 1.626831 1.631543 2.579741 5.838114 7.161561
 0.000034 1.620495 1.628157 2.580265 5.828917 6.817729
 0.000034 1.613139 1.624068 2.580893 5.818100 6.424135
 0.000035 1.605682 1.619858 2.581597 5.807138 6.037211
 0.000035 1.598533 1.615187 2.582456 5.796175 5.662284
 0.000036 1.591988 1.610153 2.583488 5.785629 5.312960
 0.000036 1.586758 1.605960 2.584616 5.777334 5.046003
 0.000037 1.582976 1.602315 2.585883 5.771174 4.852210
 0.000037 1.581046 1.599374 2.587415 5.767835 4.748728
 0.000038 1.581032 1.597095 2.589113 5.767241 4.730440
 0.000038 1.582883 1.596151 2.591007 5.770042 4.816991
 0.000039 1.586597 1.596694 2.593031 5.776322 5.013898
 0.000039 1.591986 1.598708 2.595193 5.785887 5.321347
 0.000040 1.598141 1.601163 2.597495 5.796798 5.683261
 0.000040 1.604700 1.603973 2.599934 5.808608 6.088403
 0.000041 1.611229 1.606882 2.602503 5.820613 6.514537
 0.000041 1.616621 1.609764 2.605302 5.831687 6.920372
 0.000042 1.620108 1.612282 2.608220 5.840610 7.256314
 0.000042 1.621451 1.613851 2.611228 5.846530 7.483608
 0.000043 1.619947 1.614366 2.614431 5.848745 7.569527
 0.000043 1.615401 1.613998 2.617782 5.847180 7.508787
 0.000044 1.607400 1.612352 2.621229 5.840981 7.270482
 0.000044 1.596848 1.609613 2.624765 5.831226 6.903238
 0.000045 1.584210 1.606126 2.628436 5.818772 6.448241
 0.000045 1.570538 1.602055 2.632112 5.804706 5.952992
 0.000046 1.556956 1.597747 2.635873 5.790576 5.475443
 0.000046 1.544198 1.593756 2.639721 5.777676 5.056855
 0.000047 1.533375 1.591012 2.643680 5.768067 4.755907
 0.000047 1.524796 1.589494 2.647694 5.761983 4.570103
 0.000048 1.519544 1.589564 2.651859 5.760966 4.539423
 0.000048 1.517999 1.591491 2.656136 5.765627 4.680933
 0.000049 1.520187 1.595274 2.660490 5.775950 5.002134
 0.000049 1.525516 1.600596 2.664878 5.790991 5.489164
 0.000050 1.533669 1.606851 2.669372 5.809892 6.133285
 0.000050 1.544146 1.613529 2.673848 5.831523 6.914273
 0.000051 1.556515 1.620046 2.678264 5.854824 7.807922
 0.000051 1.570241 1.626132 2.682684 5.879058 8.794933
 0.000052 1.584130 1.631319 2.687080 5.902529 9.806870
 0.000052 1.597457 1.634930 2.691510 5.923897 10.776018
 0.000053 1.609231 1.637012 2.695883 5.942126 11.638892
 0.000053 1.618910 1.637519 2.700114 5.956543 12.344866
 0.000054 1.625755 1.636119 2.704298 5.966172 12.827965
 0.000054 1.629595 1.633367 2.708392 5.971353 13.091750
 0.000055 1.630439 1.629778 2.712347 5.972563 13.153740
 0.000055 1.628944 1.624872 2.716298 5.970114 13.028408
 0.000056 1.625384 1.619121 2.720116 5.964620 12.749478
 0.000056 1.620164 1.612982 2.723789 5.956935 12.364366
 0.000057 1.613831 1.607046 2.727346 5.948222 11.934894
 0.000057 1.606939 1.601209 2.730728 5.938876 11.482637
 0.000058 1.599764 1.595860 2.733974 5.929598 11.042328
 0.000058 1.592786 1.591119 2.737046 5.920951 10.639673
 0.000059 1.586195 1.587312 2.740028 5.913535 10.300338
 0.000059 1.580533 1.584969 2.742803 5.908305 10.064327
 0.000060 1.576008 1.583806 2.745417 5.905232 9.926936
 0.000060 1.572627 1.584295 2.747870 5.904792 9.907347
 0.000061 1.570541 1.586707 2.750181 5.907429 10.025062
 0.000061 1.569609 1.590696 2.752406 5.912711 10.262989
 0.000062 1.570408 1.596048 2.754497 5.920952 10.639737
 0.000062 1.572424 1.601961 2.756443 5.930828 11.100172
 0.000063 1.575468 1.608360 2.758243 5.942070 11.636227
 0.000063 1.579425 1.614639 2.759907 5.953970 12.217372
 0.000064 1.583726 1.619884 2.761430 5.965040 12.770696
 0.000064 1.588293 1.623888 2.762823 5.975005 13.279268
 0.000065 1.592539 1.626450 2.764042 5.983031 13.696099
 0.000065 1.596019 1.626624 2.765057 5.987700 13.941562
 0.000066 1.598505 1.624733 2.765772 5.989009 14.010800
 0.000066 1.599649 1.620792 2.766318 5.986759 13.891904
 0.000067 1.599348 1.614692 2.766644 5.980683 13.573503
 0.000067 1.596625 1.606729 2.766775 5.970128 13.029138
 0.000068 1.591643 1.597966 2.766695 5.956304 12.332994
 0.000068 1.585223 1.588693 2.766380 5.940296 11.550801
 0.000069 1.577338 1.579864 2.765861 5.923063 10.737339
 0.000069 1.568402 1.571427 2.765158 5.904986 9.915987
 0.000070 1.559400 1.564106 2.764264 5.887770 9.164113
 0.000070 1.550833 1.558398 2.763132 5.872363 8.516367
 0.000071 1.542831 1.554422 2.761817 5.859070 7.976592
 0.000071 1.536276 1.552478 2.760324 5.849077 7.582482
 0.000072 1.531698 1.552459 2.758595 5.842753 7.338182
 0.000072 1.529549 1.554208 2.756610 5.840366 7.247056
 0.000073 1.529978 1.557677 2.754433 5.842089 7.312778
 0.000073 1.532726 1.562713 2.752051 5.847490 7.520799
 0.000074 1.537430 1.569069 2.749484 5.855983 7.853785
 0.000074 1.543689 1.576215 2.746680 5.866585 8.279577
 0.000075 1.550819 1.583250 2.743759 5.877828 8.743429
 0.000075 1.558626 1.589613 2.740692 5.888932 9.213924
 0.000076 1.566547 1.594636 2.737397 5.898580 9.632761
 0.000076 1.574231 1.597540 2.733907 5.905677 9.946792
 0.000077 1.581202 1.598076 2.730249 5.909527 10.119252
 0.000077 1.586630 1.595903 2.726437 5.908970 10.094184
 0.000078 1.590421 1.591159 2.722465 5.904045 9.874137
 0.000078 1.592411 1.584205 2.718383 5.895000 9.476241
 0.000079 1.592386 1.575706 2.714123 5.882215 8.927842
 0.000079 1.590782 1.566322 2.709690 5.866794 8.288108
 0.000080 1.587813 1.556961 2.705149 5.849923 7.615452
 0.000080 1.584129 1.548453 2.700513 5.833095 6.972862
 0.000081 1.580347 1.541518 2.695888 5.817753 6.411691
 0.000081 1.576811 1.537037 2.691273 5.805121 5.967342
 0.000082 1.574124 1.534933 2.686633 5.795690 5.645961
 0.000082 1.572662 1.535330 2.682022 5.790014 5.456858
 0.000083 1.572997 1.537851 2.677488 5.788337 5.401571
 0.000083 1.575156 1.542571 2.673061 5.790788 5.482444
 0.000084 1.578956 1.549423 2.668732 5.797111 5.693821
 0.000084 1.584513 1.557854 2.664492 5.806859 6.027523
 0.000085 1.591422 1.567327 2.660362 5.819111 6.460414
 0.000085 1.599450 1.577537 2.656352 5.833340 6.981999
 0.000086 1.607733 1.587054 2.652412 5.847199 7.509521
 0.000086 1.615916 1.595491 2.648531 5.859938 8.011314
 0.000087 1.623849 1.602539 2.644808 5.871196 8.468272
 0.000087 1.630893 1.606999 2.641193 5.879085 8.796048
 0.000088 1.636591 1.608227 2.637690 5.882507 8.940192
 0.000088 1.640870 1.606565 2.634271 5.881706 8.906327
 0.000089 1.642975 1.601504 2.631003 5.875483 8.645629
 0.000089 1.643657 1.593523 2.627874 5.865053 8.217387
 0.000090 1.642742 1.582948 2.624876 5.850567 7.640586
 0.000090 1.640330 1.570346 2.622019 5.832695 6.957934
 0.000091 1.636609 1.556718 2.619388 5.812715 6.232561
 0.000091 1.632240 1.542986 2.616991 5.792217 5.529879
 0.000092 1.627920 1.530222 2.614799 5.772941 4.907394
 0.000092 1.623899 1.519472 2.612760 5.756131 4.394896
 0.000093 1.620909 1.511558 2.610918 5.743384 4.025109
 0.000093 1.619247 1.506737 2.609308 5.735292 3.798781
 0.000094 1.619037 1.505660 2.607893 5.732589 3.724645
 0.000094 1.620431 1.508683 2.606686 5.735800 3.812812
 0.000095 1.623606 1.515503 2.605811 5.744920 4.068807
 0.000095 1.628460 1.525565 2.605172 5.759198 4.486284
 0.000096 1.634222 1.538013 2.604736 5.776971 5.034475
 0.000096 1.640430 1.551689 2.604479 5.796599 5.676551
 0.000097 1.646126 1.565754 2.604422 5.816301 6.359827
 0.000097 1.650641 1.578869 2.604569 5.834078 7.009635
 0.000098 1.654133 1.589741 2.604882 5.848756 7.569987
 0.000098 1.656452 1.597744 2.605376 5.859573 7.996702
 0.000099 1.657020 1.602570 2.606047 5.865637 8.241055
 0.000099 1.655843 1.604014 2.606874 5.866731 8.285546
 0.000100 1.653194 1.602405 2.607838 5.863437 8.151991
 0.000100 1.649241 1.598116 2.608908 5.856265 7.864952
 0.000101 1.644389 1.592253 2.610098 5.846741 7.491781
 0.000101 1.639363 1.585671 2.611332 5.836366 7.095546
 0.000102 1.634595 1.579463 2.612617 5.826675 6.735176
 0.000102 1.630243 1.574449 2.613883 5.818575 6.441182
 0.000103 1.626226 1.571644 2.615184 5.813054 6.244550
 0.000103 1.623363 1.571197 2.616531 5.811091 6.175348
 0.000104 1.621713 1.573029 2.617867 5.812608 6.228788
 0.000104 1.621349 1.577334 2.619220 5.817902 6.417052
 0.000105 1.622204 1.584456 2.620509 5.827170 6.753344
 0.000105 1.624317 1.594227 2.621837 5.840381 7.247607
 0.000106 1.627460 1.605988 2.623106 5.856554 7.876417
 0.000106 1.631229 1.619404 2.624233 5.874867 8.620031
 0.000107 1.635486 1.634126 2.625226 5.894838 9.469204
 0.000107 1.639974 1.649600 2.625979 5.915554 10.392179
 0.000108 1.643760 1.665390 2.626576 5.935726 11.332159
 0.000108 1.646318 1.680541 2.627078 5.953937 12.215711
 0.000109 1.647562 1.694203 2.627444 5.969210 12.982285
 0.000109 1.647289 1.705244 2.627621 5.980154 13.545963
 0.000110 1.645458 1.713080 2.627532 5.986070 13.855609
 0.000110 1.642220 1.718133 2.627234 5.987587 13.935616
 0.000111 1.637238 1.720348 2.626748 5.984334 13.764412
 0.000111 1.630641 1.719498 2.626075 5.976214 13.341664
 0.000112 1.623279 1.716230 2.625164 5.964673 12.752170
 0.000112 1.615436 1.710793 2.624014 5.950243 12.033839
 0.000113 1.607567 1.703930 2.622567 5.934064 11.253193
 0.000113 1.599784 1.695843 2.620944 5.916571 10.438598
 0.000114 1.592691 1.687232 2.619028 5.898951 9.649061
 0.000114 1.586633 1.678705 2.616899 5.882238 8.928803
 0.000115 1.582016 1.670983 2.614608 5.867607 8.321250
 0.000115 1.579468 1.664635 2.612142 5.856245 7.864182
 0.000116 1.578751 1.660436 2.609517 5.848704 7.567937
 0.000116 1.579860 1.658568 2.606866 5.845295 7.435891
 0.000117 1.582811 1.659065 2.604071 5.845947 7.461061
 0.000117 1.587163 1.661769 2.601201 5.850132 7.623618
 0.000118 1.592667 1.666878 2.598278 5.857823 7.926868
 0.000118 1.598564 1.674131 2.595439 5.868134 8.342749
 0.000119 1.604187 1.683193 2.592560 5.879940 8.831954
 0.000119 1.609111 1.693826 2.589607 5.892544 9.369632
 0.000120 1.612964 1.705265 2.586538 5.904768 9.906260
 0.000120 1.615197 1.717126 2.583474 5.915797 10.403260
 0.000121 1.615479 1.728717 2.580335 5.924531 10.805485
 0.000121 1.613508 1.739158 2.577159 5.929824 11.052958
 0.000122 1.609210 1.747872 2.574047 5.931129 11.114400
 0.000122 1.602599 1.754609 2.570961 5.928168 10.975225
 0.000123 1.594536 1.759526 2.567939 5.922002 10.688225
 0.000123 1.584826 1.762760 2.565027 5.912613 10.258535
 0.000124 1.573825 1.764026 2.562213 5.900063 9.697946
 0.000124 1.562413 1.763074 2.559442 5.884929 9.042892
 0.000125 1.550833 1.760455 2.556824 5.868112 8.341842
 0.000125 1.539547 1.757160 2.554377 5.851084 7.660830
 0.000126 1.529604 1.753573 2.552100 5.835277 7.054576
 0.000126 1.521565 1.749909 2.549960 5.821435 6.544221
 0.000127 1.515554 1.747034 2.547974 5.810563 6.156798
 0.000127 1.512011 1.745303 2.546165 5.803479 5.910740
 0.000128 1.510751 1.744859 2.544503 5.800113 5.795575
 0.000128 1.511671 1.746081 2.543047 5.800799 5.818959
 0.000129 1.514668 1.748797 2.541792 5.805258 5.972069
 0.000129 1.519106 1.752824 2.540792 5.812721 6.232777
 0.000130 1.524870 1.758214 2.540061 5.823145 6.606241
 0.000130 1.531551 1.764627 2.539467 5.835645 7.068425
 0.000131 1.538043 1.771610 2.539106 5.848759 7.570098
 0.000131 1.543686 1.778386 2.539039 5.861111 8.058346
 0.000132 1.547834 1.784314 2.539138 5.871286 8.472002
 0.000132 1.549938 1.789194 2.539363 5.878494 8.771313
 0.000133 1.549233 1.792675 2.539824 5.881732 8.907425
 0.000133 1.545627 1.794396 2.540586 5.880609 8.860105
 0.000134 1.539596 1.794184 2.541588 5.875368 8.640859
 0.000134 1.531224 1.791655 2.542765 5.865644 8.241356
 0.000135 1.521259 1.786984 2.544107 5.852350 7.710467
 0.000135 1.510660 1.780498 2.545548 5.836707 7.108398
 0.000136 1.500458 1.772337 2.547120 5.819915 6.489372
 0.000136 1.491756 1.762459 2.548774 5.802989 5.893909
 0.000137 1.485172 1.751296 2.550544 5.787012 5.358138
 0.000137 1.481236 1.739826 2.552458 5.773520 4.925552
 0.000138 1.480190 1.728745 2.554580 5.763516 4.616568
 0.000138 1.482145 1.718116 2.556873 5.757135 4.424704
 0.000139 1.487007 1.708211 2.559216 5.754434 4.344734
 0.000139 1.494513 1.699008 2.561629 5.755150 4.365866
 0.000140 1.504324 1.690882 2.564199 5.759405 4.492500
 0.000140 1.515477 1.683615 2.566916 5.766007 4.692586
 0.000141 1.527262 1.677140 2.569708 5.774109 4.944074
 0.000141 1.538995 1.671822 2.572617 5.783434 5.241638
 0.000142 1.549400 1.667274 2.575649 5.792322 5.533363
 0.000142 1.557786 1.663335 2.578829 5.799950 5.790021
 0.000143 1.563492 1.660119 2.582104 5.805715 5.987863
 0.000143 1.566295 1.657443 2.585520 5.809258 6.111098
 0.000144 1.565975 1.654918 2.589022 5.809915 6.134097
 0.000144 1.563489 1.652497 2.592606 5.808592 6.087839
 0.000145 1.559202 1.650242 2.596299 5.805744 5.988860
 0.000145 1.553005 1.647462 2.600044 5.800510 5.809116
 0.000146 1.545837 1.644295 2.603738 5.793870 5.584980
 0.000146 1.538903 1.640587 2.607397 5.786888 5.354051
 0.000147 1.532378 1.635956 2.611029 5.779363 5.110651
 0.000147 1.526997 1.630626 2.614617 5.772240 4.885453
 0.000148 1.523168 1.624828 2.618216 5.766213 4.698882
 0.000148 1.521224 1.618449 2.621793 5.761465 4.554469
 0.000149 1.521384 1.611700 2.625323 5.758406 4.462616
 0.000149 1.523545 1.605020 2.628855 5.757420 4.433208
 0.000150 1.527709 1.598432 2.632262 5.758404 4.462539
 0.000150 1.534284 1.591899 2.635538 5.761721 4.562189
 0.000151 1.543180 1.585455 2.638677 5.767312 4.732622
 0.000151 1.553840 1.579362 2.641689 5.774891 4.968667
 0.000152 1.565978 1.573409 2.644519 5.783906 5.256920
 0.000152 1.578808 1.567741 2.647235 5.793784 5.582092
 0.000153 1.591636 1.562332 2.649834 5.803801 5.921833
 0.000153 1.603969 1.557594 2.652211 5.813774 6.270009
 0.000154 1.615319 1.553238 2.654439 5.822996 6.600839
 0.000154 1.624827 1.549077 2.656491 5.830395 6.872408
 0.000155 1.632122 1.545242 2.658352 5.835716 7.071099
 0.000155 1.636576 1.541600 2.660060 5.838236 7.166167
 0.000156 1.638240 1.538046 2.661657 5.837942 7.155052
 0.000156 1.637255 1.534596 2.663093 5.834945 7.042110
 0.000157 1.634264 1.531284 2.664422 5.829970 6.856659
 0.000157 1.629935 1.528431 2.665512 5.823878 6.632922
 0.000158 1.625186 1.526319 2.666401 5.817907 6.417201
 0.000158 1.620642 1.524800 2.667076 5.812518 6.225602
 0.000159 1.616673 1.523437 2.667639 5.807749 6.058452
 0.000159 1.613933 1.522487 2.668090 5.804510 5.946250
 0.000160 1.612570 1.521668 2.668499 5.802737 5.885244
 0.000160 1.613170 1.521165 2.668856 5.803191 5.900855
 0.000161 1.616453 1.521334 2.669174 5.806961 6.031059
 0.000161 1.622825 1.522079 2.669495 5.814399 6.292164
 0.000162 1.632262 1.523579 2.669701 5.825542 6.693673
 0.000162 1.644123 1.525311 2.669798 5.839231 7.203899
 0.000163 1.657886 1.526732 2.669794 5.854411 7.791619
 0.000163 1.672926 1.527458 2.669647 5.870030 8.420391
 0.000164 1.688791 1.527576 2.669365 5.885732 9.077057
 0.000164 1.704356 1.526630 2.669047 5.900034 9.696670
 0.000165 1.718894 1.524661 2.668679 5.912234 10.241387
 0.000165 1.731631 1.521885 2.668154 5.921670 10.672887
 0.000166 1.741710 1.518681 2.667534 5.927924 10.963785
 0.000166 1.748433 1.515023 2.666831 5.930287 11.074729
 0.000167 1.751705 1.510992 2.666038 5.928736 11.001822
 0.000167 1.751417 1.506503 2.665102 5.923022 10.735455
 0.000168 1.748120 1.502707 2.664101 5.914928 10.363660
 0.000168 1.742320 1.500231 2.663043 5.905594 9.943077
 0.000169 1.734800 1.499013 2.661996 5.895808 9.511478
 0.000169 1.726175 1.498814 2.660866 5.885855 9.082334
 0.000170 1.717241 1.500315 2.659694 5.877251 8.719310
 0.000170 1.708879 1.503318 2.658367 5.870564 8.442321
 0.000171 1.701112 1.508267 2.657007 5.866385 8.271476
 0.000171 1.694155 1.514870 2.655577 5.864602 8.199102
 0.000172 1.688626 1.522849 2.654128 5.865603 8.239666
 0.000172 1.684527 1.531817 2.652729 5.869073 8.381144
 0.000173 1.681919 1.541123 2.651439 5.874482 8.604051
 0.000173 1.680604 1.550774 2.650157 5.881535 8.899144
 0.000174 1.680324 1.559634 2.648803 5.888761 9.206584
 0.000174 1.680860 1.566739 2.647489 5.895088 9.480068
 0.000175 1.682023 1.572201 2.646204 5.900427 9.714012
 0.000175 1.683858 1.575490 2.644956 5.904304 9.885645
 0.000176 1.686058 1.576101 2.643829 5.905988 9.960650
 0.000176 1.688132 1.573791 2.642622 5.904545 9.896339
 0.000177 1.689520 1.568719 2.641423 5.899661 9.680272
 0.000177 1.689839 1.561330 2.640185 5.891354 9.318210
 0.000178 1.689030 1.552386 2.639010 5.880426 8.852400
 0.000178 1.686645 1.542823 2.637976 5.867445 8.314621
 0.000179 1.682580 1.533296 2.637089 5.852965 7.734630
 0.000179 1.677357 1.524764 2.636362 5.838483 7.175519
 0.000180 1.671002 1.517650 2.635826 5.824478 6.654782
 0.000180 1.663196 1.512433 2.635425 5.811054 6.174064
 0.000181 1.655072 1.510137 2.635074 5.800284 5.801385
 0.000181 1.647011 1.511091 2.634867 5.792969 5.554893
 0.000182 1.638832 1.515223 2.634810 5.788866 5.418994
 0.000182 1.631064 1.522337 2.634844 5.788246 5.398588
 0.000183 1.624052 1.532675 2.635040 5.791766 5.514877
 0.000183 1.618002 1.545524 2.635289 5.798816 5.751492
 0.000184 1.612710 1.560466 2.635565 5.808742 6.093083
 0.000184 1.607583 1.576049 2.635965 5.819597 6.477897
 0.000185 1.602660 1.591688 2.636521 5.830868 6.889958
 0.000185 1.597942 1.606445 2.637126 5.841513 7.290767
 0.000186 1.593507 1.619324 2.637722 5.850554 7.640082
 0.000186 1.589314 1.629487 2.638380 5.857181 7.901346
 0.000187 1.585221 1.636351 2.639085 5.860658 8.040162
 0.000187 1.581672 1.639842 2.639776 5.861291 8.065557
 0.000188 1.578473 1.639909 2.640574 5.858956 7.972044
 0.000188 1.575330 1.636849 2.641409 5.853588 7.759170
 0.000189 1.572089 1.631378 2.642336 5.845804 7.455531
 0.000189 1.568839 1.624312 2.643303 5.836453 7.098840
 0.000190 1.565594 1.616229 2.644304 5.826127 6.715072
 0.000190 1.562857 1.608191 2.645355 5.816402 6.363432
 0.000191 1.561072 1.601183 2.646426 5.808681 6.090953
 0.000191 1.559806 1.595667 2.647570 5.803043 5.895754
 0.000192 1.558634 1.592533 2.648753 5.799919 5.788972
 0.000192 1.557801 1.592130 2.649953 5.799884 5.787785
 0.000193 1.557150 1.594694 2.651161 5.803004 5.894434
 0.000193 1.556192 1.600219 2.652309 5.808720 6.092301
 0.000194 1.554919 1.608184 2.653427 5.816531 6.368010
 0.000194 1.553121 1.618697 2.654452 5.826270 6.720307
 0.000195 1.550701 1.631304 2.655407 5.837412 7.135030
 0.000195 1.547868 1.645832 2.656310 5.850011 7.618877
 0.000196 1.544977 1.661766 2.657134 5.863877 8.169748
 0.000196 1.541417 1.678227 2.657787 5.877431 8.726812
 0.000197 1.536797 1.694774 2.658336 5.889906 9.255786
 0.000197 1.532036 1.710357 2.658845 5.901237 9.749738
 0.000198 1.527208 1.724532 2.659279 5.911019 10.186459
 0.000198 1.522249 1.736383 2.659568 5.918200 10.513182
 0.000199 1.517485 1.745516 2.659763 5.922765 10.723523
 0.000199 1.512642 1.751615 2.659806 5.924063 10.783739
 0.000200 1.507948 1.754339 2.659735 5.922023 10.689179
 0.000200 1.503828 1.753909 2.659535 5.917272 10.470665
 0.000201 1.500712 1.750416 2.659147 5.910276 10.152936
 0.000201 1.499008 1.744172 2.658515 5.901695 9.769960
 0.000202 1.498452 1.736085 2.657737 5.892274 9.357947
 0.000202 1.499171 1.726732 2.656790 5.882693 8.948030
 0.000203 1.501574 1.716535 2.655669 5.873778 8.574883
 0.000203 1.505287 1.706065 2.654369 5.865721 8.244465
 0.000204 1.509982 1.696032 2.652966 5.858980 7.973018
 0.000204 1.515879 1.686912 2.651536 5.854326 7.788262
 0.000205 1.522727 1.679276 2.649924 5.851927 7.693850
 0.000205 1.530508 1.673357 2.648209 5.852074 7.699643
 0.000206 1.538649 1.669524 2.646388 5.854561 7.797543
 0.000206 1.546357 1.668184 2.644521 5.859063 7.976324
 0.000207 1.553262 1.669188 2.642583 5.865033 8.216579
 0.000207 1.559325 1.672272 2.640555 5.872152 8.507696
 0.000208 1.563996 1.677350 2.638432 5.879778 8.825174
 0.000208 1.567100 1.684314 2.636180 5.887593 9.156533
 0.000209 1.568227 1.692729 2.633805 5.894761 9.465862
 0.000209 1.566823 1.701437 2.631334 5.899594 9.677318
 0.000210 1.563128 1.710273 2.628808 5.902209 9.792712
 0.000210 1.557859 1.718452 2.626217 5.902528 9.806825
 0.000211 1.551359 1.725332 2.623556 5.900247 9.706069
 0.000211 1.543787 1.730341 2.620872 5.895000 9.476269
 0.000212 1.536397 1.733413 2.618197 5.888008 9.174300
 0.000212 1.529836 1.734102 2.615521 5.879459 8.811746
 0.000213 1.524619 1.731814 2.612861 5.869293 8.390162
 0.000213 1.521498 1.726512 2.610229 5.858240 7.943485
 0.000214 1.521208 1.718946 2.607628 5.847782 7.532107
 0.000214 1.523735 1.709723 2.605040 5.838497 7.176058
 0.000215 1.529086 1.699477 2.602451 5.831015 6.895399
 0.000215 1.537103 1.688554 2.599869 5.825526 6.693069
 0.000216 1.547673 1.677247 2.597364 5.822284 6.574981
 0.000216 1.560467 1.666370 2.595007 5.821845 6.559058
 0.000217 1.575044 1.656600 2.592761 5.824404 6.652100
 0.000217 1.590618 1.648863 2.590650 5.830131 6.862608
 0.000218 1.606040 1.643099 2.588679 5.837818 7.150347
 0.000218 1.620632 1.638611 2.586825 5.846068 7.465736
 0.000219 1.633610 1.635825 2.585140 5.854575 7.798097
 0.000219 1.643989 1.635066 2.583674 5.862729 8.123433
 0.000220 1.651173 1.635731 2.582395 5.869298 8.390359
 0.000220 1.654915 1.637491 2.581240 5.873645 8.569393
 0.000221 1.655356 1.640961 2.580193 5.876509 8.688372
 0.000221 1.652480 1.645527 2.579373 5.877380 8.724717
 0.000222 1.646556 1.650700 2.578751 5.876007 8.667433
 0.000222 1.638728 1.656567 2.578247 5.873542 8.565116
 0.000223 1.629466 1.662832 2.577848 5.870145 8.425106
 0.000223 1.619569 1.669353 2.577554 5.866477 8.275184
 0.000224 1.609815 1.675698 2.577440 5.862953 8.132473
 0.000224 1.600590 1.681577 2.577437 5.859604 7.997959
 0.000225 1.592696 1.686603 2.577538 5.856837 7.887667
 0.000225 1.586553 1.690401 2.577774 5.854728 7.804122
 0.000226 1.582228 1.693097 2.578148 5.853472 7.754600
 0.000226 1.580080 1.694343 2.578710 5.853134 7.741280
 0.000227 1.579966 1.693872 2.579491 5.853329 7.748972
 0.000227 1.582214 1.691602 2.580475 5.854291 7.786889
 0.000228 1.587156 1.687894 2.581731 5.856781 7.885428
 0.000228 1.594415 1.682982 2.583275 5.860672 8.040730
 0.000229 1.603373 1.676531 2.585086 5.864990 8.214824
 0.000229 1.613064 1.669008 2.587209 5.869281 8.389648
 0.000230 1.623512 1.660492 2.589566 5.873571 8.566303
 0.000230 1.634192 1.651614 2.592202 5.878007 8.750929
 0.000231 1.644812 1.642712 2.595077 5.882600 8.944119
 0.000231 1.654984 1.633741 2.598135 5.886860 9.125210
 0.000232 1.664248 1.624634 2.601361 5.890243 9.270302
 0.000232 1.671691 1.615864 2.604778 5.892332 9.360467
 0.000233 1.676686 1.607561 2.608392 5.892639 9.373754
 0.000233 1.678906 1.599777 2.612200 5.890883 9.297892
 0.000234 1.678751 1.592827 2.616113 5.887691 9.160726
 0.000234 1.676233 1.587233 2.620176 5.883642 8.988258
 0.000235 1.671642 1.583100 2.624329 5.879072 8.795507
 0.000235 1.665289 1.580408 2.628437 5.874133 8.589602
 0.000236 1.657578 1.579415 2.632617 5.869610 8.403159
 0.000236 1.648969 1.579828 2.636802 5.865599 8.239513
 0.000237 1.639906 1.581131 2.640968 5.862005 8.094279
 0.000237 1.631472 1.583072 2.645170 5.859714 8.002350
 0.000238 1.623696 1.585426 2.649392 5.858515 7.954445
 0.000238 1.616964 1.587842 2.653624 5.858430 7.951072
 0.000239 1.611405 1.590463 2.657831 5.859700 8.001779
 0.000239 1.608021 1.592938 2.661998 5.862957 8.132617
 0.000240 1.607200 1.594858 2.666140 5.868199 8.345412
 0.000240 1.608666 1.595686 2.670179 5.874531 8.606094
 0.000241 1.612621 1.595382 2.674089 5.882092 8.922648
 0.000241 1.618763 1.593451 2.677770 5.889984 9.259148
 0.000242 1.626299 1.590249 2.681321 5.897869 9.601569
 0.000242 1.634697 1.586365 2.684654 5.905716 9.948498
 0.000243 1.643590 1.581610 2.687683 5.912883 10.270769
 0.000243 1.652577 1.575777 2.690448 5.918801 10.540749
 0.000244 1.661373 1.569371 2.692994 5.923738 10.768642
 0.000244 1.669091 1.563134 2.695207 5.927433 10.940801
 0.000245 1.674699 1.556893 2.697083 5.928676 10.999006
 0.000245 1.678382 1.551113 2.698624 5.928119 10.972912
 0.000246 1.679821 1.546089 2.699841 5.925751 10.862256
 0.000246 1.678938 1.542076 2.700664 5.921678 10.673254
 0.000247 1.675687 1.539533 2.701126 5.916345 10.428285
 0.000247 1.670246 1.538396 2.701377 5.910019 10.141379
 0.000248 1.663187 1.538995 2.701364 5.903545 9.851915
 0.000248 1.654669 1.541353 2.701120 5.897142 9.569715
 0.000249 1.644974 1.545066 2.700559 5.890598 9.285593
 0.000249 1.634755 1.550137 2.699632 5.884524 9.025674
 0.000250 1.624830 1.556196 2.698392 5.879419 8.810071
 0.000250 1.615916 1.562620 2.696917 5.875452 8.644347
 0.000251 1.608291 1.569520 2.695213 5.873024 8.543676
 0.000251 1.602433 1.576616 2.693342 5.872391 8.517555
 0.000252 1.598368 1.583196 2.691279 5.872843 8.536202
 0.000252 1.595921 1.588730 2.688981 5.873631 8.568791
 0.000253 1.595123 1.592397 2.686430 5.873950 8.582007
 0.000253 1.595851 1.593363 2.683723 5.872937 8.540083
 0.000254 1.598175 1.591438 2.680968 5.870580 8.442972
 0.000254 1.601753 1.586856 2.678191 5.866801 8.288372
 0.000255 1.606498 1.579923 2.675304 5.861725 8.082997
 0.000255 1.612097 1.570456 2.672382 5.854935 7.812313
 0.000256 1.618420 1.558848 2.669500 5.846767 7.492796
 0.000256 1.625312 1.545531 2.666619 5.837462 7.136905
 0.000257 1.632009 1.531312 2.663758 5.827079 6.750025
 0.000257 1.638158 1.516906 2.660880 5.815945 6.347113
 0.000258 1.643542 1.502866 2.658012 5.804420 5.943150
 0.000258 1.648016 1.489987 2.655240 5.793243 5.564044
 0.000259 1.651397 1.478182 2.652615 5.782195 5.201595
 0.000259 1.654022 1.468388 2.650164 5.772574 4.895911
 0.000260 1.656103 1.460646 2.647893 5.764642 4.650856
 0.000260 1.657183 1.455450 2.645696 5.758329 4.460292
 0.000261 1.656960 1.452808 2.643588 5.753355 4.312990
 0.000261 1.655565 1.452828 2.641617 5.750009 4.215273
 0.000262 1.652773 1.455567 2.639867 5.748207 4.163118
 0.000262 1.648912 1.460390 2.638278 5.747580 4.145024
 0.000263 1.644228 1.466454 2.636832 5.747514 4.143143
 0.000263 1.638668 1.472932 2.635512 5.747111 4.131552
 0.000264 1.632230 1.479144 2.634274 5.745647 4.089581
 0.000264 1.625425 1.484390 2.633117 5.742932 4.012287
 0.000265 1.618342 1.488400 2.632113 5.738856 3.897652
 0.000265 1.611274 1.490899 2.631264 5.733437 3.747811
 0.000266 1.605029 1.491530 2.630483 5.727042 3.574776
 0.000266 1.599622 1.490429 2.629866 5.719917 3.386810
 0.000267 1.595365 1.488117 2.629461 5.712943 3.207742
 0.000267 1.592221 1.484966 2.629200 5.706387 3.043826
 0.000268 1.590841 1.481664 2.629109 5.701614 2.927215
 0.000268 1.590951 1.479267 2.629257 5.699475 2.875666
 0.000269 1.592348 1.478330 2.629542 5.700219 2.893555
 0.000269 1.594537 1.479169 2.630038 5.703745 2.978981
 0.000270 1.596721 1.481863 2.630718 5.709302 3.116189
 0.000270 1.598553 1.486475 2.631663 5.716691 3.303378
 0.000271 1.599935 1.493062 2.632780 5.725777 3.541042
 0.000271 1.600778 1.501903 2.634075 5.736756 3.839251
 0.000272 1.600396 1.512963 2.635398 5.748757 4.178988
 0.000272 1.598844 1.525849 2.636825 5.761517 4.556026
 0.000273 1.596147 1.539983 2.638343 5.774473 4.955527
 0.000273 1.592517 1.554960 2.639910 5.787387 5.370419
 0.000274 1.588310 1.570215 2.641550 5.800075 5.794292
 0.000274 1.583957 1.585171 2.643314 5.812442 6.222912
 0.000275 1.579437 1.599171 2.645158 5.823766 6.628851
 0.000275 1.575345 1.611659 2.647020 5.834023 7.007578
 0.000276 1.571352 1.622234 2.648899 5.842486 7.327976
 0.000276 1.567578 1.630869 2.650820 5.849267 7.589881
 0.000277 1.564278 1.637448 2.652700 5.854426 7.792203
 0.000277 1.561528 1.642059 2.654478 5.858064 7.936497
 0.000278 1.559581 1.644771 2.656135 5.860487 8.033314
 0.000278 1.558417 1.645786 2.657762 5.861965 8.092672
 0.000279 1.558093 1.645339 2.659281 5.862713 8.122792
 0.000279 1.558881 1.644520 2.660730 5.864130 8.180009
 0.000280 1.560892 1.643360 2.662034 5.866286 8.267429
 0.000280 1.563896 1.642764 2.663342 5.870001 8.419194
 0.000281 1.567468 1.642846 2.664586 5.874900 8.621419
 0.000281 1.571229 1.643705 2.665700 5.880634 8.861155
 0.000282 1.575362 1.645543 2.666682 5.887588 9.156331
 0.000282 1.579452 1.648509 2.667445 5.895406 9.493952
 0.000283 1.583203 1.652958 2.668052 5.904212 9.881549
 0.000283 1.586077 1.658593 2.668611 5.913281 10.288811
 0.000284 1.588185 1.665486 2.669059 5.922731 10.721941
 0.000284 1.589231 1.672954 2.669312 5.931496 11.131702
 0.000285 1.589078 1.680550 2.669312 5.938940 11.485676
 0.000285 1.587373 1.688085 2.669075 5.944533 11.755328
 0.000286 1.584183 1.695434 2.668661 5.948278 11.937609
 0.000286 1.579901 1.702288 2.668138 5.950327 12.037938
 0.000287 1.574896 1.708626 2.667459 5.950981 12.070034
 0.000287 1.569352 1.714708 2.666498 5.950559 12.049323
 0.000288 1.563759 1.720397 2.665352 5.949508 11.997803
 0.000288 1.558544 1.725159 2.664011 5.947715 11.910104
 0.000289 1.553778 1.729579 2.662486 5.945843 11.818947
 0.000289 1.549505 1.733509 2.660850 5.943864 11.722920
 0.000290 1.545901 1.736930 2.659003 5.941834 11.624831
 0.000290 1.543285 1.740537 2.656935 5.940757 11.572939
 0.000291 1.541360 1.744291 2.654692 5.940343 11.553016
 0.000291 1.540250 1.748075 2.652276 5.940601 11.565465
 0.000292 1.540060 1.751869 2.649719 5.941648 11.615859
 0.000292 1.540840 1.755852 2.647054 5.943746 11.717204
 0.000293 1.542615 1.759989 2.644305 5.946908 11.870780
 0.000293 1.545339 1.764130 2.641466 5.950935 12.067805
 0.000294 1.548893 1.768635 2.638505 5.956032 12.319515
 0.000294 1.553183 1.773226 2.635333 5.961743 12.604600
 0.000295 1.558157 1.777920 2.631986 5.968062 12.923891
 0.000295 1.563195 1.782855 2.628445 5.974494 13.252944
 0.000296 1.568168 1.787553 2.624682 5.980403 13.558918
 0.000296 1.573362 1.792214 2.620762 5.986338 13.869727
 0.000297 1.578333 1.796413 2.616690 5.991436 14.139522
 0.000297 1.581932 1.799822 2.612459 5.994213 14.287628
 0.000298 1.584266 1.802245 2.608069 5.994579 14.307193
 0.000298 1.585343 1.804089 2.603561 5.992992 14.222408
 0.000299 1.584918 1.805340 2.598982 5.989240 14.023000
 0.000299 1.583129 1.806102 2.594326 5.983557 13.723667
 0.000300 1.580537 1.806385 2.589608 5.976530 13.357970
 0.000300 1.577748 1.806108 2.584763 5.968619 12.952207
 0.000301 1.574883 1.805507 2.579854 5.960244 12.529468
 0.000301 1.572204 1.804797 2.574903 5.951904 12.115433
 0.000302 1.569860 1.803961 2.569931 5.943752 11.717484
 0.000302 1.568562 1.803005 2.564959 5.936525 11.370255
 0.000303 1.568519 1.801727 2.559886 5.930131 11.067390
 0.000303 1.569355 1.800331 2.554713 5.924399 10.799347
 0.000304 1.571331 1.798712 2.549483 5.919526 10.574047
 0.000304 1.574583 1.796566 2.544220 5.915369 10.383736
 0.000305 1.578901 1.793693 2.538972 5.911567 10.211205
 0.000305 1.584361 1.790041 2.533753 5.908155 10.057624
 0.000306 1.591105 1.785509 2.528638 5.905252 9.927837
 0.000306 1.598757 1.779845 2.523586 5.902188 9.791773
 0.000307 1.606827 1.773125 2.518579 5.898531 9.630611
 0.000307 1.614735 1.765065 2.513650 5.893449 9.408874
 0.000308 1.622228 1.755936 2.508756 5.886921 9.127793
 0.000308 1.628943 1.746160 2.503911 5.879014 8.793088
 0.000309 1.634324 1.735982 2.499167 5.869473 8.397535
 0.000309 1.638512 1.725599 2.494668 5.858779 7.964983
 0.000310 1.641491 1.715419 2.490311 5.847221 7.510364
 0.000310 1.643495 1.705527 2.486055 5.835077 7.047067
 0.000311 1.644717 1.696245 2.481980 5.822942 6.598881
 0.000311 1.644468 1.688043 2.478147 5.810658 6.160155
 0.000312 1.643119 1.681366 2.474545 5.799030 5.758780
 0.000312 1.641568 1.676586 2.471206 5.789360 5.435270
 0.000313 1.640037 1.673704 2.468138 5.781878 5.191390
 0.000313 1.639148 1.672764 2.465263 5.777175 5.040946
 0.000314 1.638822 1.673466 2.462632 5.774919 4.969578
 0.000314 1.639037 1.675011 2.460163 5.774211 4.947271
 0.000315 1.639763 1.677204 2.457890 5.774857 4.967610
 0.000315 1.641463 1.679245 2.455796 5.776504 5.019670
 0.000316 1.644018 1.680625 2.453906 5.778548 5.084640
 0.000316 1.647345 1.681080 2.452266 5.780691 5.153190
 0.000317 1.651328 1.680166 2.450864 5.782358 5.206853
 0.000317 1.655708 1.677459 2.449731 5.782898 5.224285
 0.000318 1.660764 1.673212 2.448870 5.782846 5.222613
 0.000318 1.666743 1.668344 2.448329 5.783415 5.241028
 0.000319 1.672875 1.662432 2.448053 5.783360 5.239231
 0.000319 1.678837 1.655157 2.448070 5.782064 5.197383
 0.000320 1.684408 1.647187 2.448381 5.779976 5.130258
 0.000320 1.689477 1.638930 2.448979 5.777385 5.047626
 0.000321 1.693963 1.631215 2.449851 5.775030 4.973057
 0.000321 1.697945 1.623922 2.451040 5.772906 4.906309
 0.000322 1.701100 1.617072 2.452506 5.770678 4.836758
 0.000322 1.703448 1.610641 2.454250 5.768339 4.764284
 0.000323 1.705485 1.605494 2.456194 5.767173 4.728369
 0.000323 1.707490 1.601673 2.458391 5.767554 4.740088
 0.000324 1.709441 1.599115 2.460813 5.769370 4.796156
 0.000324 1.710762 1.597820 2.463534 5.772117 4.881617
 0.000325 1.711941 1.598095 2.466507 5.776543 5.020891
 0.000325 1.713078 1.599694 2.469661 5.782432 5.209257
 0.000326 1.713701 1.602076 2.473069 5.788846 5.418330
 0.000326 1.714420 1.604884 2.476794 5.796097 5.659660
 0.000327 1.715423 1.607864 2.480635 5.803922 5.925982
 0.000327 1.716665 1.610439 2.484654 5.811758 6.198811
 0.000328 1.717671 1.611921 2.488805 5.818397 6.434800
 0.000328 1.718544 1.611898 2.493022 5.823465 6.617875
 0.000329 1.719467 1.609914 2.497323 5.826704 6.736224
 0.000329 1.720535 1.605404 2.501765 5.827703 6.772953
 0.000330 1.721606 1.598510 2.506339 5.826454 6.727070
 0.000330 1.722901 1.589616 2.511005 5.823522 6.619947
 0.000331 1.724538 1.578543 2.515764 5.818845 6.450864
 0.000331 1.726415 1.565682 2.520601 5.812698 6.231971
 0.000332 1.728728 1.551830 2.525551 5.806109 6.001508
 0.000332 1.731545 1.537764 2.530601 5.799909 5.788646
 0.000333 1.734883 1.523858 2.535673 5.794415 5.603193
 0.000333 1.738829 1.510769 2.540740 5.790338 5.467568
 0.000334 1.742919 1.499143 2.545821 5.787883 5.386665
 0.000334 1.746810 1.489103 2.550920 5.786833 5.352270
 0.000335 1.750198 1.480864 2.556009 5.787071 5.360063
 0.000335 1.753231 1.474916 2.561062 5.789209 5.430297
 0.000336 1.755536 1.471125 2.566010 5.792671 5.544971
 0.000336 1.757139 1.469358 2.570894 5.797392 5.703302
 0.000337 1.757865 1.469639 2.575713 5.803217 5.901746
 0.000337 1.757429 1.471689 2.580505 5.809623 6.123872
 0.000338 1.755842 1.475462 2.585165 5.816469 6.365804
 0.000338 1.753484 1.480464 2.589672 5.823620 6.623531
 0.000339 1.750245 1.486667 2.594011 5.830924 6.892016
 0.000339 1.746682 1.493505 2.598184 5.838372 7.171307
 0.000340 1.743001 1.500159 2.602247 5.845407 7.440231
 0.000340 1.739271 1.506044 2.606202 5.851517 7.677797
 0.000341 1.735522 1.510607 2.609982 5.856111 7.858858
 0.000341 1.731837 1.513353 2.613623 5.858813 7.966336
 0.000342 1.728876 1.514662 2.617109 5.860647 8.039718
 0.000342 1.726686 1.514706 2.620457 5.861849 8.087983
 0.000343 1.725335 1.513730 2.623728 5.862794 8.126043
 0.000343 1.725406 1.511642 2.626907 5.863955 8.172924
 0.000344 1.726586 1.508742 2.629899 5.865227 8.224441
 0.000344 1.728557 1.505533 2.632711 5.866801 8.288388
 0.000345 1.731126 1.502175 2.635352 5.868653 8.363944
 0.000345 1.733823 1.499127 2.637858 5.870808 8.452332
 0.000346 1.736845 1.497193 2.640194 5.874233 8.593720
 0.000346 1.740639 1.496301 2.642507 5.879447 8.811269
 0.000347 1.744321 1.496602 2.644827 5.885749 9.077816
 0.000347 1.747675 1.498247 2.647065 5.892987 9.388828
 0.000348 1.750314 1.501383 2.649213 5.900910 9.735287
 0.000348 1.752131 1.506270 2.651310 5.909711 10.127512
 0.000349 1.752658 1.512587 2.653312 5.918557 10.529549
 0.000349 1.751114 1.519319 2.655242 5.925674 10.858683
 0.000350 1.747539 1.526928 2.657112 5.931579 11.135621
 0.000350 1.741925 1.534654 2.658861 5.935440 11.318554
 0.000351 1.734386 1.542512 2.660514 5.937412 11.412581
 0.000351 1.725248 1.550013 2.662072 5.937333 11.408811
 0.000352 1.714847 1.556540 2.663601 5.934988 11.297076
 0.000352 1.703215 1.562228 2.665072 5.930516 11.085491
 0.000353 1.690914 1.566991 2.666605 5.924510 10.804508
 0.000353 1.677865 1.570686 2.668072 5.916624 10.441010
 0.000354 1.664774 1.573302 2.669547 5.907622 10.033707
 0.000354 1.651772 1.575073 2.671059 5.897904 9.603099
 0.000355 1.639694 1.575608 2.672525 5.887827 9.166553
 0.000355 1.629033 1.574660 2.674014 5.877706 8.738338
 0.000356 1.619957 1.572803 2.675605 5.868365 8.352183
 0.000356 1.612763 1.570382 2.677258 5.860404 8.029963
 0.000357 1.608311 1.568072 2.678989 5.855371 7.829557
 0.000357 1.606451 1.565671 2.680750 5.852872 7.730989
 0.000358 1.606280 1.563267 2.682550 5.852097 7.700514
 0.000358 1.607654 1.561427 2.684378 5.853458 7.754031
 0.000359 1.610256 1.560363 2.686258 5.856877 7.889263
 0.000359 1.613662 1.559905 2.688132 5.861698 8.081937
 0.000360 1.617284 1.560301 2.689969 5.867554 8.319071
 0.000360 1.620948 1.561939 2.691826 5.874713 8.613661
 0.000361 1.623841 1.564608 2.693656 5.882105 8.923200
 0.000361 1.625159 1.568193 2.695526 5.888878 9.211591
 0.000362 1.624438 1.572939 2.697352 5.894729 9.464473
 0.000362 1.621327 1.578425 2.699152 5.898905 9.646999
 0.000363 1.615914 1.584750 2.700974 5.901637 9.767411
 0.000363 1.608686 1.591192 2.702799 5.902677 9.813415
 0.000364 1.599792 1.597821 2.704677 5.902289 9.796248
 0.000364 1.589696 1.604782 2.706543 5.901021 9.740186
 0.000365 1.579204 1.611784 2.708308 5.899296 9.664218
 0.000365 1.568798 1.618757 2.710039 5.897594 9.589518
 0.000366 1.559126 1.625575 2.711718 5.896419 9.538124
 0.000366 1.550622 1.631936 2.713377 5.895935 9.517018
 0.000367 1.543368 1.637806 2.715037 5.896211 9.529061
 0.000367 1.537492 1.643450 2.716644 5.897585 9.589143
 0.000368 1.533887 1.648886 2.718232 5.901004 9.739459
 0.000368 1.532178 1.653788 2.719685 5.905650 9.945577
 0.000369 1.532253 1.658277 2.721123 5.911652 10.215067
 0.000369 1.533840 1.661985 2.722502 5.918326 10.518949
 0.000370 1.536604 1.665253 2.723781 5.925638 10.857006
 0.000370 1.540115 1.667899 2.725031 5.933045 11.204873
 0.000371 1.544070 1.669782 2.726203 5.940055 11.539198
 0.000371 1.548288 1.671734 2.727337 5.947358 11.892709
 0.000372 1.552314 1.673957 2.728312 5.954583 12.247682
 0.000372 1.555683 1.676135 2.729132 5.960950 12.564803
 0.000373 1.558275 1.678282 2.729781 5.966338 12.836379
 0.000373 1.559314 1.680676 2.730263 5.970254 13.035535
 0.000374 1.558716 1.682817 2.730580 5.972112 13.130618
 0.000374 1.556177 1.685093 2.730680 5.971949 13.122259
 0.000375 1.551679 1.687908 2.730582 5.970169 13.031199
 0.000375 1.544960 1.691072 2.730224 5.966256 12.832202
 0.000376 1.536115 1.694729 2.729672 5.960515 12.543053
 0.000376 1.525509 1.698898 2.728972 5.953379 12.188157
 0.000377 1.513297 1.703237 2.728085 5.944619 11.759497
 0.000377 1.499852 1.707465 2.726974 5.934291 11.263965
 0.000378 1.486221 1.711736 2.725804 5.923760 10.769675
 0.000378 1.473329 1.716323 2.724509 5.914161 10.328783
 0.000379 1.461365 1.720673 2.723016 5.905054 9.919021
 0.000379 1.450771 1.724458 2.721279 5.896508 9.542026
 0.000380 1.441971 1.728173 2.719482 5.889626 9.243753
 0.000380 1.434598 1.731555 2.717620 5.883774 8.993834
 0.000381 1.428989 1.734164 2.715567 5.878720 8.780758
 0.000381 1.425310 1.735772 2.713290 5.874373 8.599527
 0.000382 1.423593 1.736068 2.710857 5.870518 8.440403
 0.000382 1.423916 1.735450 2.708307 5.867673 8.323932
 0.000383 1.426237 1.734029 2.705573 5.865839 8.249254
 0.000383 1.430444 1.730858 2.702581 5.863883 8.170002
 0.000384 1.436036 1.726224 2.699319 5.861578 8.077107
 0.000384 1.442498 1.720617 2.695879 5.858994 7.973562
 0.000385 1.449296 1.714278 2.692283 5.855857 7.848775
 0.000385 1.455917 1.707465 2.688534 5.851917 7.693459
 0.000386 1.461807 1.700646 2.684668 5.847120 7.506449
 0.000386 1.466351 1.694040 2.680595 5.840986 7.270672
 0.000387 1.469176 1.688204 2.676436 5.833815 6.999790
 0.000387 1.470638 1.683150 2.672228 5.826016 6.711009
 0.000388 1.470242 1.679092 2.667977 5.817311 6.395880
 0.000388 1.468421 1.676437 2.663579 5.808437 6.082441
 0.000389 1.465865 1.674889 2.659149 5.799903 5.788422
 0.000389 1.462680 1.674414 2.654648 5.791741 5.514063
 0.000390 1.460097 1.675177 2.650038 5.785312 5.302617
 0.000390 1.459187 1.677221 2.645334 5.781742 5.186991
 0.000391 1.459649 1.680008 2.640616 5.780273 5.139799
 0.000391 1.462032 1.683403 2.635882 5.781317 5.173307
 0.000392 1.466931 1.687240 2.631177 5.785348 5.303798
 0.000392 1.474213 1.690917 2.626480 5.791610 5.509712
 0.000393 1.483406 1.693744 2.621810 5.798960 5.756380
 0.000393 1.494335 1.695576 2.617117 5.807028 6.033378
 0.000394 1.506643 1.696248 2.612381 5.815272 6.323174
 0.000394 1.520188 1.695498 2.607674 5.823360 6.614052
 0.000395 1.534396 1.692835 2.603040 5.830271 6.867799
 0.000395 1.548142 1.687609 2.598442 5.834193 7.013929
 0.000396 1.561399 1.680375 2.593899 5.835673 7.069473
 0.000396 1.573779 1.671493 2.589454 5.834726 7.033890
 0.000397 1.584945 1.661807 2.585112 5.831865 6.927004
 0.000397 1.594833 1.651446 2.580877 5.827157 6.752874
 0.000398 1.603315 1.640669 2.576743 5.820727 6.518643
 0.000398 1.610479 1.630381 2.572776 5.813637 6.265148
 0.000399 1.616297 1.620733 2.568982 5.806012 5.998146
 0.000399 1.621039 1.612242 2.565361 5.798642 5.745608
 0.000400 1.625083 1.605509 2.561941 5.792533 5.540391
 0.000400 1.628271 1.600951 2.558670 5.787892 5.386962
 0.000401 1.630852 1.598766 2.555527 5.785145 5.297173
 0.000401 1.632304 1.598339 2.552573 5.783216 5.234565
 0.000402 1.632971 1.599542 2.549840 5.782353 5.206704
 0.000402 1.632829 1.602602 2.547324 5.782754 5.219659
 0.000403 1.632124 1.607136 2.544994 5.784254 5.268228
 0.000403 1.630993 1.612925 2.543011 5.786928 5.355384
 0.000404 1.629744 1.619533 2.541288 5.790565 5.475076
 0.000404 1.629103 1.625937 2.539717 5.794757 5.614645
 0.000405 1.629378 1.631520 2.538301 5.799198 5.764482
 0.000405 1.630506 1.635739 2.537030 5.803275 5.903746
 0.000406 1.632679 1.638088 2.535940 5.806707 6.022265
 0.000406 1.635892 1.638066 2.535021 5.808980 6.101381
 0.000407 1.640323 1.635128 2.534305 5.809756 6.128532
 0.000407 1.646204 1.629537 2.533820 5.809562 6.121740
 0.000408 1.653968 1.621408 2.533554 5.808930 6.099654
 0.000408 1.663311 1.610823 2.533493 5.807627 6.054228
 0.000409 1.673721 1.598345 2.533584 5.805650 5.985637
 0.000409 1.685188 1.584467 2.533915 5.803571 5.913892
 0.000410 1.697659 1.569919 2.534511 5.802089 5.863030
 0.000410 1.710941 1.555495 2.535241 5.801677 5.848958
 0.000411 1.724858 1.541907 2.536106 5.802871 5.889849
 0.000411 1.738955 1.529473 2.537108 5.805536 5.981690
 0.000412 1.752174 1.518636 2.538284 5.809094 6.105381
 0.000412 1.764370 1.509344 2.539668 5.813383 6.256155
 0.000413 1.775476 1.501688 2.541220 5.818383 6.434290
 0.000413 1.784981 1.496536 2.542949 5.824465 6.654327
 0.000414 1.792866 1.494013 2.544847 5.831726 6.921830
 0.000414 1.799089 1.493885 2.546909 5.839883 7.228677
 0.000415 1.803490 1.495787 2.549038 5.848315 7.552829
 0.000415 1.806631 1.499593 2.551275 5.857500 7.914007
 0.000416 1.808567 1.504544 2.553652 5.866764 8.286870
 0.000416 1.809305 1.510435 2.556072 5.875812 8.659337
 0.000417 1.809133 1.516712 2.558644 5.884489 9.024180
 0.000417 1.808395 1.522591 2.561304 5.892289 9.358623
 0.000418 1.808035 1.527708 2.564036 5.899779 9.685461
 0.000418 1.807911 1.531783 2.566861 5.906555 9.985984
 0.000419 1.808278 1.534722 2.569687 5.912688 10.261916
 0.000419 1.809495 1.536366 2.572565 5.918426 10.523547
 0.000420 1.811822 1.536573 2.575562 5.923957 10.778829
 0.000420 1.814670 1.535466 2.578658 5.928794 11.004553
 0.000421 1.818326 1.532708 2.581821 5.932855 11.195911
 0.000421 1.822467 1.528535 2.585073 5.936075 11.348785
 0.000422 1.827341 1.523660 2.588367 5.939368 11.506216
 0.000422 1.833078 1.518203 2.591745 5.943026 11.682378
 0.000423 1.838901 1.513017 2.595178 5.947095 11.879889
 0.000423 1.844363 1.508483 2.598643 5.951488 12.094984
 0.000424 1.849184 1.504551 2.602117 5.955852 12.310548
 0.000424 1.853545 1.501287 2.605582 5.960414 12.537980
 0.000425 1.857149 1.498860 2.609000 5.965009 12.769149
 0.000425 1.860107 1.497909 2.612361 5.970377 13.041843
 0.000426 1.861901 1.498456 2.615772 5.976130 13.337293
 0.000426 1.862158 1.500265 2.619162 5.981586 13.620570
 0.000427 1.860793 1.503334 2.622495 5.986622 13.884713
 0.000427 1.857528 1.508216 2.625847 5.991591 14.147788
 0.000428 1.852621 1.514413 2.629233 5.996267 14.397597
 0.000428 1.846339 1.521474 2.632472 6.000286 14.614070
 0.000429 1.838178 1.528835 2.635551 6.002565 14.737547
 0.000429 1.828555 1.536149 2.638561 6.003266 14.775611
 0.000430 1.817607 1.542913 2.641470 6.001990 14.706330
 0.000430 1.805831 1.548348 2.644260 5.998439 14.514421
 0.000431 1.794084 1.552708 2.646908 5.993699 14.260147
 0.000431 1.782972 1.555390 2.649481 5.987842 13.949086
 0.000432 1.772448 1.556098 2.651910 5.980456 13.561659
 0.000432 1.763093 1.554711 2.654105 5.971909 13.120174
 0.000433 1.755449 1.551549 2.656173 5.963171 12.676424
 0.000433 1.749559 1.546294 2.658085 5.953938 12.215778
 0.000434 1.746034 1.539330 2.659808 5.945171 11.786285
 0.000434 1.744686 1.531778 2.661344 5.937808 11.431513
 0.000435 1.745478 1.524113 2.662674 5.932264 11.167976
 0.000435 1.748487 1.516905 2.663765 5.929157 11.021591
 0.000436 1.753525 1.510519 2.664720 5.928764 11.003169
 0.000436 1.759938 1.505268 2.665442 5.930648 11.091725
 0.000437 1.767511 1.501329 2.665925 5.934765 11.286487
 0.000437 1.775020 1.498366 2.666243 5.939629 11.518748
 0.000438 1.781743 1.496316 2.666331 5.944390 11.748387
 0.000438 1.787169 1.495484 2.666250 5.948903 11.968187
 0.000439 1.790275 1.495516 2.665974 5.951765 12.108610
 0.000439 1.790352 1.496557 2.665463 5.952372 12.138507
 0.000440 1.786823 1.498301 2.664737 5.949861 12.015086
 0.000440 1.779650 1.500574 2.663787 5.944012 11.730070
 0.000441 1.768893 1.503160 2.662764 5.934817 11.288933
 0.000441 1.754687 1.506234 2.661541 5.922462 10.709528
 0.000442 1.737556 1.509615 2.660109 5.907279 10.018371
 0.000442 1.718697 1.513118 2.658498 5.890313 9.273312
 0.000443 1.699357 1.517060 2.656659 5.873076 8.545836
 0.000443 1.679473 1.520951 2.654698 5.855122 7.819688
 0.000444 1.659676 1.524987 2.652620 5.837282 7.130105
 0.000444 1.641213 1.528861 2.650479 5.820553 6.512355
 0.000445 1.624956 1.532738 2.648292 5.805985 5.997229
 0.000445 1.611132 1.536630 2.646007 5.793768 5.581581
 0.000446 1.599751 1.540164 2.643637 5.783552 5.245473
 0.000446 1.591419 1.543442 2.641214 5.776075 5.006079
 0.000447 1.586032 1.546381 2.638800 5.771213 4.853422
 0.000447 1.583402 1.548667 2.636407 5.768476 4.768522
 0.000448 1.583253 1.550537 2.634066 5.767856 4.749373
 0.000448 1.585324 1.552326 2.631784 5.769434 4.798148
 0.000449 1.589007 1.554099 2.629582 5.772688 4.899471
 0.000449 1.593429 1.555570 2.627485 5.776484 5.019013
 0.000450 1.597466 1.557161 2.625420 5.780047 5.132539
 0.000450 1.600301 1.558806 2.623400 5.782508 5.211683
 0.000451 1.600889 1.560818 2.621466 5.783173 5.233188
 0.000451 1.598762 1.562911 2.619581 5.781254 5.171276
 0.000452 1.593390 1.565475 2.617798 5.776663 5.024700
 0.000452 1.584448 1.568989 2.616144 5.769581 4.802694
 0.000453 1.572501 1.573333 2.614580 5.760414 4.522796
 0.000453 1.557992 1.579074 2.613139 5.750205 4.220974
 0.000454 1.541911 1.586269 2.611838 5.740018 3.930154
 0.000454 1.525105 1.595240 2.610756 5.731101 3.684149
 0.000455 1.508470 1.605615 2.609808 5.723894 3.491096
 0.000455 1.492082 1.617059 2.609036 5.718178 3.341693
 0.000456 1.476642 1.629508 2.608399 5.714549 3.248542
 0.000456 1.462817 1.642246 2.607925 5.712988 3.208886
 0.000457 1.451125 1.654535 2.607588 5.713248 3.215454
 0.000457 1.442081 1.666266 2.607398 5.715745 3.279109
 0.000458 1.435926 1.677637 2.607381 5.720943 3.413573
 0.000458 1.432696 1.687958 2.607621 5.728276 3.607844
 0.000459 1.431832 1.696958 2.608103 5.736893 3.843045
 0.000459 1.433006 1.704143 2.608641 5.745790 4.093668
 0.000460 1.435808 1.709532 2.609293 5.754633 4.350604
 0.000460 1.439985 1.712973 2.610075 5.763034 4.601937
 0.000461 1.444683 1.714540 2.611046 5.770269 4.824055
 0.000461 1.449225 1.714420 2.612080 5.775725 4.994999
 0.000462 1.453040 1.713095 2.613235 5.779370 5.110894
 0.000462 1.455470 1.710933 2.614573 5.780976 5.162357
 0.000463 1.455735 1.708399 2.615947 5.780081 5.133641
 0.000463 1.453215 1.705801 2.617426 5.776442 5.017683
 0.000464 1.448249 1.703529 2.619090 5.770867 4.842646
 0.000464 1.441421 1.702164 2.620824 5.764409 4.643734
 0.000465 1.433085 1.701984 2.622649 5.757718 4.442065
 0.000465 1.423801 1.703274 2.624637 5.751713 4.264878
 0.000466 1.414402 1.706109 2.626661 5.747172 4.133294
 0.000466 1.405409 1.710675 2.628756 5.744840 4.066511
 0.000467 1.397873 1.717131 2.630910 5.745914 4.097212
 0.000467 1.392345 1.725569 2.633046 5.750960 4.242938
 0.000468 1.388960 1.735431 2.635164 5.759555 4.497000
 0.000468 1.387691 1.746397 2.637220 5.771308 4.856377
 0.000469 1.388556 1.757637 2.639206 5.785399 5.305446
 0.000469 1.391822 1.768723 2.641144 5.801689 5.849355
 0.000470 1.397508 1.778939 2.643042 5.819489 6.474004
 0.000470 1.405420 1.787688 2.644922 5.838030 7.158365
 0.000471 1.415441 1.794417 2.646754 5.856612 7.878738
 0.000471 1.426945 1.798742 2.648473 5.874160 8.590715
 0.000472 1.439318 1.800313 2.650183 5.889814 9.251825
 0.000472 1.451659 1.799290 2.651770 5.902719 9.815269
 0.000473 1.463549 1.796107 2.653230 5.912886 10.270902
 0.000473 1.474448 1.790298 2.654596 5.919341 10.565552
 0.000474 1.484382 1.783222 2.655821 5.923425 10.754105
 0.000474 1.492821 1.774987 2.656887 5.924695 10.813125
 0.000475 1.499785 1.766351 2.657773 5.923910 10.776609
 0.000475 1.505705 1.757949 2.658453 5.922108 10.693116
 0.000476 1.510527 1.750645 2.658980 5.920151 10.602837
 0.000476 1.514359 1.744771 2.659310 5.918440 10.524191
 0.000477 1.517295 1.740558 2.659522 5.917376 10.475399
 0.000477 1.519557 1.738665 2.659652 5.917873 10.498188
 0.000478 1.521820 1.739397 2.659583 5.920800 10.632724
 0.000478 1.524217 1.742292 2.659230 5.925739 10.861716
 0.000479 1.527140 1.746949 2.658705 5.932794 11.193024
 0.000479 1.530469 1.754018 2.658060 5.942548 11.659261
 0.000480 1.534251 1.763157 2.657230 5.954638 12.250389
 0.000480 1.538450 1.773822 2.656252 5.968523 12.947330
 0.000481 1.543225 1.785321 2.655102 5.983648 13.728430
 0.000481 1.548473 1.796507 2.653794 5.998775 14.532492
 0.000482 1.554106 1.807070 2.652258 6.013434 15.333555
 0.000482 1.560149 1.816095 2.650544 6.026787 16.081941
 0.000483 1.566031 1.822644 2.648583 6.037259 16.681282
 0.000483 1.571768 1.826464 2.646426 6.044658 17.111444
 0.000484 1.577390 1.826711 2.644134 6.048234 17.321268
 0.000484 1.582843 1.823582 2.641719 6.048143 17.315910
 0.000485 1.588168 1.817694 2.639193 6.045055 17.134656
 0.000485 1.593474 1.809228 2.636583 6.039284 16.798491
 0.000486 1.599037 1.798669 2.633957 6.031663 16.359626
 0.000486 1.604883 1.786610 2.631228 6.022722 15.852202
 0.000487 1.610808 1.772939 2.628433 6.012180 15.264173
 0.000487 1.616921 1.758433 2.625509 6.000863 14.645293
 0.000488 1.623112 1.743659 2.622518 5.989289 14.025581
 0.000488 1.629517 1.729061 2.619494 5.978073 13.437829
 0.000489 1.636129 1.715493 2.616448 5.968069 12.924255
 0.000489 1.643050 1.703076 2.613415 5.959541 12.494274
 0.000490 1.650085 1.692252 2.610407 5.952743 12.156795
 0.000490 1.657803 1.683237 2.607474 5.948513 11.949120
 0.000491 1.665652 1.676157 2.604548 5.946357 11.843912
 0.000491 1.673626 1.671185 2.601659 5.946470 11.849427
 0.000492 1.681571 1.668760 2.598768 5.949099 11.977750
 0.000492 1.689087 1.668548 2.595894 5.953529 12.195564
 0.000493 1.696201 1.670179 2.593129 5.959509 12.492707
 0.000493 1.703201 1.673301 2.590452 5.966954 12.867600
 0.000494 1.709806 1.677522 2.587865 5.975193 13.288958
 0.000494 1.715996 1.682242 2.585376 5.983614 13.726645
 0.000495 1.721607 1.686594 2.582934 5.991136 14.123585
 0.000495 1.726650 1.689744 2.580433 5.996827 14.427679
 0.000496 1.731291 1.690653 2.577947 5.999891 14.592763
 0.000496 1.735472 1.689495 2.575565 6.000532 14.627371
 0.000497 1.739199 1.685859 2.573230 5.998288 14.506263
 0.000497 1.742722 1.679203 2.570897 5.992821 14.213290
 0.000498 1.746223 1.669553 2.568687 5.984463 13.771164
 0.000498 1.749582 1.657084 2.566590 5.973255 13.189252
 0.000499 1.753010 1.642158 2.564674 5.959843 12.509382
 0.000499 1.756285 1.625484 2.562978 5.944747 11.765721
 0.000500 1.759453 1.607925 2.561438 5.928817 11.005621
