#! FIELDS time dAB dAC dAD rc bias
 0.000000 1.596681 1.456206 2.447974 5.500861 14.459150
 0.000000 1.615982 1.458177 2.450630 5.524789 15.774535
 0.000001 1.634163 1.461116 2.453263 5.548542 17.136899
 0.000001 1.649976 1.464908 2.455816 5.570700 18.458655
 0.000002 1.661470 1.469362 2.458294 5.589126 19.595192
 0.000002 1.667313 1.473547 2.460767 5.601627 20.385639
 0.000003 1.666720 1.477539 2.463127 5.607386 20.754997
 0.000003 1.659269 1.480901 2.465291 5.605461 20.631157
 0.000004 1.645065 1.483488 2.467377 5.595930 20.023446
 0.000004 1.624609 1.485339 2.469292 5.579240 18.981234
 0.000005 1.599235 1.486215 2.471080 5.556530 17.607779
 0.000005 1.570642 1.485899 2.472857 5.529399 16.034527
 0.000006 1.540260 1.484146 2.474527 5.498933 14.355670
 0.000006 1.510140 1.481562 2.476103 5.467805 12.736194
 0.000007 1.482219 1.478923 2.477664 5.438807 11.314674
 0.000007 1.457795 1.476621 2.479208 5.413624 10.148450
 0.000008 1.438194 1.475457 2.480757 5.394408 9.301186
 0.000008 1.424266 1.475664 2.482336 5.382266 8.784877
 0.000009 1.416073 1.477649 2.484001 5.377723 8.595478
 0.000009 1.413715 1.481606 2.485739 5.381060 8.734393
 0.000010 1.416912 1.487142 2.487489 5.391543 9.178007
 0.000010 1.425734 1.494327 2.489379 5.409440 9.960817
 0.000011 1.439797 1.503095 2.491473 5.434365 11.104360
 0.000011 1.458224 1.513140 2.493687 5.465052 12.597611
 0.000012 1.479775 1.523793 2.495955 5.499523 14.387322
 0.000012 1.503234 1.533837 2.498304 5.535375 16.374745
 0.000013 1.526829 1.542301 2.500679 5.569809 18.404595
 0.000013 1.548259 1.548416 2.503106 5.599781 20.267906
 0.000014 1.565558 1.551488 2.505523 5.622569 21.744738
 0.000014 1.576981 1.551311 2.507892 5.636184 22.651875
 0.000015 1.581263 1.548051 2.510142 5.639455 22.872592
 0.000015 1.578209 1.542010 2.512384 5.632604 22.411551
 0.000016 1.568199 1.534438 2.514621 5.617258 21.395884
 0.000016 1.552213 1.526375 2.516871 5.595459 19.993708
 0.000017 1.531641 1.518655 2.519064 5.569361 18.377401
 0.000017 1.508325 1.511756 2.521239 5.541321 16.716764
 0.000018 1.484722 1.506156 2.523432 5.514310 15.191433
 0.000018 1.462285 1.502864 2.525611 5.490760 13.921048
 0.000019 1.442607 1.502583 2.527898 5.473088 13.004204
 0.000019 1.426876 1.505420 2.530401 5.462697 12.479704
 0.000020 1.415447 1.511683 2.533003 5.460133 12.351927
 0.000020 1.409103 1.521231 2.535672 5.466006 12.645537
 0.000021 1.407313 1.533656 2.538350 5.479319 13.323944
 0.000021 1.409667 1.548776 2.541019 5.499462 14.384014
 0.000022 1.415551 1.565258 2.543679 5.524488 15.757639
 0.000022 1.423979 1.581856 2.546290 5.552125 17.347312
 0.000023 1.434939 1.597802 2.548887 5.581628 19.128634
 0.000023 1.447588 1.611636 2.551613 5.610837 20.977917
 0.000024 1.461708 1.622175 2.554389 5.638272 22.792610
 0.000024 1.476783 1.629395 2.557132 5.663309 24.514407
 0.000025 1.491438 1.632763 2.559767 5.683968 25.982266
 0.000025 1.505065 1.632022 2.562310 5.699397 27.106395
 0.000026 1.516483 1.626833 2.564768 5.708084 27.749789
 0.000026 1.525197 1.617339 2.566987 5.709524 27.857158
 0.000027 1.530366 1.604153 2.569001 5.703521 27.410893
 0.000027 1.531805 1.588392 2.570804 5.691002 26.491826
 0.000028 1.529392 1.571374 2.572442 5.673207 25.212369
 0.000028 1.523352 1.553737 2.573946 5.651035 23.662522
 0.000029 1.514009 1.535989 2.575268 5.625266 21.922966
 0.000029 1.501815 1.519523 2.576444 5.597782 20.140857
 0.000030 1.487589 1.505094 2.577516 5.570198 18.428204
 0.000030 1.472737 1.493450 2.578381 5.544568 16.905066
 0.000031 1.458021 1.485271 2.579114 5.522406 15.640950
 0.000031 1.444133 1.480826 2.579727 5.504686 14.665606
 0.000032 1.431850 1.479935 2.580216 5.492001 13.986653
 0.000032 1.421739 1.483274 2.580577 5.485589 13.649581
 0.000033 1.414779 1.490712 2.580822 5.486312 13.687381
 0.000033 1.410783 1.501809 2.580940 5.493531 14.067680
 0.000034 1.409957 1.515195 2.580954 5.506105 14.742555
 0.000034 1.412411 1.530512 2.580792 5.523715 15.714250
 0.000035 1.417737 1.546487 2.580443 5.544668 16.910870
 0.000035 1.425895 1.562336 2.579902 5.568132 18.302993
 0.000036 1.436140 1.576311 2.579233 5.591684 19.755697
 0.000036 1.447789 1.586726 2.578463 5.612978 21.116819
 0.000037 1.460068 1.591993 2.577433 5.629494 22.203791
 0.000037 1.472132 1.591165 2.576222 5.639519 22.876868
 0.000038 1.483277 1.583493 2.574841 5.641611 23.018619
 0.000038 1.492864 1.569277 2.573319 5.635460 22.603184
 0.000039 1.500802 1.549295 2.571627 5.621723 21.688995
 0.000039 1.506591 1.524833 2.569720 5.601144 20.354792
 0.000040 1.509895 1.497030 2.567599 5.574525 18.691807
 0.000040 1.511388 1.468199 2.565328 5.544915 16.925225
 0.000041 1.511160 1.440117 2.562855 5.514132 15.181626
 0.000041 1.510065 1.413807 2.560268 5.484139 13.573909
 0.000042 1.508605 1.390523 2.557710 5.456837 12.188649
 0.000042 1.507149 1.370794 2.555218 5.433161 11.047721
 0.000043 1.505995 1.355207 2.552756 5.413958 10.163473
 0.000043 1.505858 1.344162 2.550413 5.400433 9.562878
 0.000044 1.507476 1.337916 2.548150 5.393542 9.263857
 0.000044 1.511140 1.337083 2.545882 5.394104 9.288086
 0.000045 1.516470 1.341245 2.543646 5.401361 9.603489
 0.000045 1.523274 1.350156 2.541488 5.414917 10.206794
 0.000046 1.531301 1.363566 2.539379 5.434247 11.098802
 0.000046 1.539650 1.381151 2.537280 5.458081 12.250136
 0.000047 1.547850 1.402129 2.535204 5.485183 13.628374
 0.000047 1.555260 1.425911 2.533113 5.514284 15.190021
 0.000048 1.561529 1.450736 2.530984 5.543250 16.828496
 0.000048 1.565885 1.474735 2.528963 5.569584 18.390906
 0.000049 1.567941 1.496017 2.526983 5.590941 19.709029
 0.000049 1.567230 1.512880 2.525007 5.605118 20.609116
 0.000050 1.563936 1.523784 2.522952 5.610673 20.967301
 0.000050 1.558808 1.527682 2.520947 5.607436 20.758239
 0.000051 1.552029 1.524776 2.518963 5.595768 20.013243
 0.000051 1.544081 1.515237 2.516943 5.576260 18.798070
 0.000052 1.535864 1.500212 2.514881 5.550957 17.278599
 0.000052 1.528000 1.481562 2.512755 5.522317 15.636014
 0.000053 1.521092 1.461189 2.510540 5.492821 14.030021
 0.000053 1.515792 1.440934 2.508335 5.465062 12.598107
 0.000054 1.513159 1.422106 2.506141 5.441406 11.438683
 0.000054 1.513527 1.405913 2.504099 5.423540 10.600080
 0.000055 1.517612 1.393438 2.502231 5.413280 10.132941
 0.000055 1.525143 1.385550 2.500538 5.411232 10.040945
 0.000056 1.535522 1.382324 2.498886 5.416732 10.288951
 0.000056 1.548283 1.383577 2.497237 5.429096 10.857468
 0.000057 1.562593 1.389396 2.495555 5.447543 11.734101
 0.000057 1.577893 1.399542 2.493863 5.471299 12.913114
 0.000058 1.593128 1.413453 2.492221 5.498801 14.348608
 0.000058 1.606818 1.430761 2.490585 5.528164 15.964674
 0.000059 1.617809 1.450691 2.488892 5.557392 17.658938
 0.000059 1.625434 1.471852 2.487192 5.584478 19.305340
 0.000060 1.628580 1.493049 2.485503 5.607132 20.738656
 0.000060 1.627120 1.513072 2.483821 5.624014 21.840130
 0.000061 1.620951 1.530403 2.482106 5.633460 22.468924
 0.000061 1.610499 1.543648 2.480377 5.634524 22.540300
 0.000062 1.596944 1.551525 2.478602 5.627071 22.042651
 0.000062 1.581524 1.553519 2.476754 5.611797 21.040181
 0.000063 1.565646 1.549589 2.474842 5.590077 19.654812
 0.000063 1.549843 1.539658 2.472849 5.562349 17.954759
 0.000064 1.535429 1.525429 2.470782 5.531640 16.161683
 0.000064 1.523659 1.507939 2.468693 5.500292 14.428552
 0.000065 1.515315 1.489148 2.466581 5.471044 12.900199
 0.000065 1.511014 1.470431 2.464501 5.445946 11.656836
 0.000066 1.511106 1.452990 2.462365 5.426461 10.734997
 0.000066 1.516107 1.437962 2.460203 5.414272 10.177662
 0.000067 1.525863 1.425904 2.458112 5.409879 9.980411
 0.000067 1.539785 1.417407 2.456116 5.413308 10.134189
 0.000068 1.557722 1.412327 2.454184 5.424233 10.632030
 0.000068 1.579048 1.410682 2.452292 5.442022 11.468153
 0.000069 1.602417 1.412582 2.450404 5.465402 12.615203
 0.000069 1.626567 1.417713 2.448561 5.492841 14.031068
 0.000070 1.650052 1.426026 2.446777 5.522855 15.666107
 0.000070 1.671160 1.437333 2.444980 5.553473 17.426824
 0.000071 1.688739 1.450848 2.443251 5.582839 19.203585
 0.000071 1.701145 1.466333 2.441562 5.609040 20.861725
 0.000072 1.707323 1.482487 2.439852 5.629662 22.214991
 0.000072 1.706317 1.498275 2.438249 5.642841 23.102155
 0.000073 1.698158 1.513523 2.436688 5.648369 23.479449
 0.000073 1.683327 1.527717 2.435125 5.646168 23.328889
 0.000074 1.662525 1.540336 2.433651 5.636512 22.673931
 0.000074 1.637212 1.551182 2.432196 5.620591 21.614466
 0.000075 1.609297 1.559707 2.430877 5.599882 20.274325
 0.000075 1.580384 1.566069 2.429674 5.576126 18.789840
 0.000076 1.551665 1.570267 2.428543 5.550476 17.250333
 0.000076 1.524147 1.572472 2.427512 5.524131 15.737572
 0.000077 1.499113 1.573130 2.426541 5.498784 14.347683
 0.000077 1.477275 1.573414 2.425737 5.476427 13.175067
 0.000078 1.459720 1.573438 2.425080 5.458238 12.257908
 0.000078 1.447256 1.573862 2.424652 5.445770 11.648363
 0.000079 1.440464 1.575197 2.424430 5.440091 11.375847
 0.000079 1.439155 1.577389 2.424381 5.440925 11.415656
 0.000080 1.443170 1.580873 2.424505 5.448547 11.782792
 0.000080 1.452986 1.585007 2.424833 5.462826 12.486121
 0.000081 1.467926 1.589848 2.425317 5.483092 13.519401
 0.000081 1.486988 1.595200 2.425989 5.508177 14.855238
 0.000082 1.509402 1.601139 2.426833 5.537374 16.489351
 0.000082 1.533506 1.607375 2.427800 5.568681 18.336238
 0.000083 1.557293 1.613066 2.428753 5.599112 20.225368
 0.000083 1.578649 1.617869 2.429757 5.626275 21.989828
 0.000084 1.595033 1.621568 2.430890 5.647491 23.419322
 0.000084 1.604720 1.623313 2.432122 5.660156 24.294130
 0.000085 1.605888 1.622895 2.433330 5.662114 24.430792
 0.000085 1.598295 1.620183 2.434586 5.653064 23.802286
 0.000086 1.581845 1.615759 2.435971 5.633575 22.476590
 0.000086 1.558071 1.609923 2.437360 5.605355 20.624325
 0.000087 1.528883 1.603349 2.438745 5.570976 18.475479
 0.000087 1.496485 1.596772 2.440123 5.533380 16.260784
 0.000088 1.463242 1.590478 2.441551 5.495272 14.160152
 0.000088 1.431176 1.585207 2.443072 5.459455 12.318236
 0.000089 1.402120 1.581917 2.444624 5.428661 10.837192
 0.000089 1.377459 1.581047 2.446244 5.404749 9.752560
 0.000090 1.358757 1.582715 2.447860 5.389332 9.083532
 0.000090 1.346130 1.587187 2.449474 5.382791 8.806880
 0.000091 1.339881 1.594032 2.451113 5.385026 8.900937
 0.000091 1.340203 1.602997 2.452775 5.395975 9.368898
 0.000092 1.346567 1.613243 2.454505 5.414316 10.179623
 0.000092 1.358440 1.624005 2.456208 5.438653 11.307361
 0.000093 1.374905 1.634077 2.457868 5.466849 12.688001
 0.000093 1.395024 1.642442 2.459497 5.496963 14.250309
 0.000094 1.417861 1.647997 2.461124 5.526982 15.897956
 0.000094 1.442502 1.650285 2.462639 5.555426 17.542318
 0.000095 1.467446 1.648827 2.464080 5.580353 19.049832
 0.000095 1.490755 1.643377 2.465364 5.599496 20.249777
 0.000096 1.511016 1.634002 2.466511 5.611530 21.022860
 0.000096 1.526735 1.621290 2.467468 5.615493 21.280588
 0.000097 1.536528 1.606477 2.468211 5.611216 21.002505
 0.000097 1.540228 1.590013 2.468788 5.599029 20.220083
 0.000098 1.537795 1.572692 2.469200 5.579686 19.008718
 0.000098 1.530081 1.556030 2.469451 5.555562 17.550386
 0.000099 1.518324 1.541352 2.469583 5.529258 16.026577
 0.000099 1.503803 1.529583 2.469544 5.502929 14.570608
 0.000100 1.488008 1.521435 2.469357 5.478800 13.297151
 0.000100 1.472280 1.517221 2.469100 5.458601 12.275882
 0.000101 1.457707 1.517166 2.468734 5.443606 11.544154
 0.000101 1.445267 1.521440 2.468326 5.435032 11.135846
 0.000102 1.435564 1.530003 2.467791 5.433358 11.056981
 0.000102 1.428881 1.542935 2.467236 5.439051 11.326316
 0.000103 1.425368 1.559185 2.466613 5.451166 11.910243
 0.000103 1.425051 1.578021 2.465965 5.469037 12.798429
 0.000104 1.428056 1.598437 2.465252 5.491744 13.973056
 0.000104 1.434048 1.618924 2.464476 5.517448 15.364892
 0.000105 1.442568 1.637940 2.463656 5.544164 16.881544
 0.000105 1.452795 1.653546 2.462799 5.569140 18.364028
 0.000106 1.463950 1.664239 2.461984 5.590174 19.660868
 0.000106 1.475330 1.668862 2.461150 5.605342 20.623531
 0.000107 1.486087 1.666625 2.460277 5.612989 21.117562
 0.000107 1.495830 1.657220 2.459422 5.612471 21.083924
 0.000108 1.503274 1.640943 2.458538 5.602756 20.457758
 0.000108 1.508041 1.618661 2.457621 5.584323 19.295672
 0.000109 1.509941 1.591753 2.456678 5.558372 17.717245
 0.000109 1.508265 1.562236 2.455862 5.526363 15.863086
 0.000110 1.502968 1.532032 2.455144 5.490144 13.888589
 0.000110 1.494568 1.502507 2.454571 5.451646 11.933694
 0.000111 1.483985 1.475038 2.454107 5.413130 10.126202
 0.000111 1.472109 1.451093 2.453743 5.376945 8.563231
 0.000112 1.460157 1.431789 2.453550 5.345497 7.311229
 0.000112 1.448642 1.417869 2.453654 5.320165 6.374660
 0.000113 1.438539 1.409265 2.454021 5.301824 5.736588
 0.000113 1.430791 1.406488 2.454647 5.291926 5.406223
 0.000114 1.426161 1.410043 2.455498 5.291702 5.398844
 0.000114 1.424763 1.419701 2.456588 5.301051 5.710433
 0.000115 1.426322 1.434704 2.457962 5.318989 6.332722
 0.000115 1.430635 1.453643 2.459627 5.343905 7.250487
 0.000116 1.437909 1.475742 2.461639 5.375290 8.494887
 0.000116 1.447348 1.498776 2.463854 5.409978 9.984825
 0.000117 1.457780 1.520166 2.466245 5.444191 11.572266
 0.000117 1.468397 1.537467 2.468886 5.474750 13.089125
 0.000118 1.477927 1.548096 2.471737 5.497760 14.292875
 0.000118 1.485238 1.550696 2.474853 5.510787 14.997885
 0.000119 1.489912 1.544499 2.478006 5.512417 15.087279
 0.000119 1.491897 1.529756 2.481318 5.502970 14.572800
 0.000120 1.490777 1.507716 2.484771 5.483263 13.528306
 0.000120 1.486827 1.479967 2.488403 5.455197 12.107780
 0.000121 1.480824 1.449405 2.492111 5.422341 10.544962
 0.000121 1.473774 1.418923 2.495800 5.388496 9.047952
 0.000122 1.467374 1.390485 2.499624 5.357483 7.776779
 0.000122 1.462799 1.366489 2.503627 5.332914 6.838004
 0.000123 1.460952 1.348310 2.507818 5.317080 6.264964
 0.000123 1.462363 1.336845 2.512108 5.311316 6.062608
 0.000124 1.466843 1.332301 2.516550 5.315695 6.216042
 0.000124 1.474461 1.334518 2.521052 5.330031 6.731797
 0.000125 1.485149 1.342887 2.525755 5.353791 7.631820
 0.000125 1.498313 1.356333 2.530578 5.385224 8.909303
 0.000126 1.512667 1.374470 2.535487 5.422623 10.557926
 0.000126 1.527340 1.395940 2.540301 5.463582 12.523947
 0.000127 1.541413 1.418946 2.545024 5.505382 14.703325
 0.000127 1.553493 1.442316 2.549622 5.545431 16.955276
 0.000128 1.562608 1.464102 2.554058 5.580768 19.075484
 0.000128 1.568359 1.483003 2.558345 5.609707 20.904822
 0.000129 1.570722 1.497383 2.562465 5.630570 22.275604
 0.000129 1.569342 1.506257 2.566403 5.642002 23.045175
 0.000130 1.564620 1.508866 2.570248 5.643734 23.162866
 0.000130 1.556997 1.504947 2.573960 5.635904 22.633015
 0.000131 1.546936 1.495201 2.577479 5.619617 21.550474
 0.000131 1.536198 1.481062 2.580744 5.598004 20.154943
 0.000132 1.525898 1.464509 2.583716 5.574123 18.667258
 0.000132 1.516380 1.447318 2.586330 5.550028 17.224029
 0.000133 1.509086 1.430828 2.588665 5.528580 15.988179
 0.000133 1.504496 1.416238 2.590728 5.511462 15.034844
 0.000134 1.503039 1.404285 2.592499 5.499824 14.403425
 0.000134 1.505243 1.395311 2.594107 5.494660 14.127638
 0.000135 1.511159 1.390171 2.595492 5.496821 14.242746
 0.000135 1.520620 1.388835 2.596569 5.506024 14.738148
 0.000136 1.533243 1.391627 2.597486 5.522356 15.638167
 0.000136 1.548384 1.398232 2.598112 5.544728 16.914359
 0.000137 1.565565 1.408189 2.598464 5.572218 18.551004
 0.000137 1.583326 1.420673 2.598467 5.602467 20.439277
 0.000138 1.600612 1.434877 2.598295 5.633785 22.490681
 0.000138 1.616310 1.450136 2.597950 5.664396 24.590558
 0.000139 1.628708 1.466018 2.597237 5.691963 26.561804
 0.000139 1.637171 1.481501 2.596053 5.714725 28.246726
 0.000140 1.641376 1.496032 2.594512 5.731921 29.554033
 0.000140 1.640753 1.508225 2.592737 5.741715 30.311803
 0.000141 1.635251 1.517611 2.590603 5.743466 30.448265
 0.000141 1.624931 1.523377 2.588234 5.736542 29.910355
 0.000142 1.610253 1.525264 2.585638 5.721155 28.732089
 0.000142 1.592799 1.523276 2.582805 5.698880 27.068327
 0.000143 1.573683 1.517805 2.579755 5.671243 25.073091
 0.000143 1.554406 1.509227 2.576414 5.640047 22.912659
 0.000144 1.535830 1.498311 2.572911 5.607052 20.733476
 0.000144 1.518962 1.485811 2.569245 5.574018 18.660801
 0.000145 1.505235 1.473221 2.565397 5.543853 16.863510
 0.000145 1.494983 1.460962 2.561496 5.517441 15.364503
 0.000146 1.488617 1.449936 2.557503 5.496056 14.201908
 0.000146 1.486488 1.440961 2.553457 5.480906 13.405985
 0.000147 1.489075 1.434961 2.549364 5.473400 13.020120
 0.000147 1.496333 1.432119 2.545195 5.473646 13.032699
 0.000148 1.507606 1.433201 2.540890 5.481696 13.446933
 0.000148 1.521999 1.437880 2.536504 5.496384 14.219409
 0.000149 1.538622 1.445653 2.532054 5.516329 15.302939
 0.000149 1.556380 1.456072 2.527460 5.539912 16.635432
 0.000150 1.573694 1.468394 2.522803 5.564891 18.107426
 0.000150 1.588925 1.481609 2.518178 5.588712 19.569298
 0.000151 1.600490 1.494449 2.513633 5.608572 20.831506
 0.000151 1.607032 1.505687 2.509002 5.621721 21.688873
 0.000152 1.607976 1.514726 2.504388 5.627090 22.043895
 0.000152 1.603110 1.520515 2.499748 5.623373 21.797824
 0.000153 1.592408 1.522829 2.495060 5.610296 20.942936
 0.000153 1.576378 1.521349 2.490509 5.588236 19.539534
 0.000154 1.556215 1.516767 2.486100 5.559082 17.759508
 0.000154 1.534257 1.509692 2.481827 5.525776 15.830042
 0.000155 1.511909 1.501043 2.477706 5.490658 13.915711
 0.000155 1.490721 1.491434 2.473748 5.455904 12.142606
 0.000156 1.472269 1.482150 2.469877 5.424295 10.634896
 0.000156 1.457307 1.474629 2.466258 5.398193 9.465146
 0.000157 1.446257 1.469649 2.462806 5.378712 8.636523
 0.000157 1.439816 1.467391 2.459513 5.366720 8.145301
 0.000158 1.438643 1.468598 2.456431 5.363671 8.022735
 0.000158 1.442494 1.472981 2.453652 5.369127 8.242743
 0.000159 1.451054 1.480158 2.451101 5.382313 8.786819
 0.000159 1.463902 1.489806 2.448678 5.402386 9.648471
 0.000160 1.480229 1.501086 2.446364 5.427678 10.791480
 0.000160 1.499115 1.513019 2.444310 5.456443 12.169198
 0.000161 1.519043 1.524114 2.442366 5.485523 13.646134
 0.000161 1.539019 1.533412 2.440529 5.512960 15.117099
 0.000162 1.557326 1.540295 2.438813 5.536435 16.435443
 0.000162 1.572251 1.544110 2.437301 5.553662 17.437964
 0.000163 1.582413 1.544290 2.435929 5.562632 17.971721
 0.000163 1.587125 1.541139 2.434736 5.562999 17.993741
 0.000164 1.585922 1.534368 2.433769 5.554059 17.461425
 0.000164 1.578438 1.525124 2.432846 5.536408 16.433930
 0.000165 1.565521 1.514956 2.431988 5.512465 15.089917
 0.000165 1.547947 1.504854 2.431142 5.483943 13.563682
 0.000166 1.527144 1.495396 2.430338 5.452878 11.993971
 0.000166 1.505057 1.488150 2.429619 5.422827 10.567268
 0.000167 1.483862 1.483976 2.429049 5.396887 9.408409
 0.000167 1.464605 1.483450 2.428625 5.376680 8.552275
 0.000168 1.448298 1.486851 2.428370 5.363519 8.016634
 0.000168 1.435663 1.494513 2.428247 5.358423 7.813864
 0.000169 1.427061 1.505896 2.428252 5.361209 7.924400
 0.000169 1.422401 1.520102 2.428486 5.370990 8.318554
 0.000170 1.421870 1.536076 2.428853 5.386798 8.975871
 0.000170 1.425054 1.552673 2.429394 5.407122 9.857611
 0.000171 1.431679 1.568714 2.430131 5.430524 10.924081
 0.000171 1.441217 1.583138 2.431012 5.455366 12.116144
 0.000172 1.452474 1.594299 2.431981 5.478754 13.294774
 0.000172 1.465010 1.601139 2.433104 5.499253 14.372821
 0.000173 1.477887 1.603575 2.434290 5.515751 15.270973
 0.000173 1.490538 1.601356 2.435487 5.527381 15.920478
 0.000174 1.502339 1.594826 2.436726 5.533892 16.289976
 0.000174 1.512147 1.584295 2.437949 5.534390 16.318431
 0.000175 1.519584 1.570405 2.439219 5.529208 16.023734
 0.000175 1.524231 1.554279 2.440479 5.518989 15.450440
 0.000176 1.525615 1.536743 2.441788 5.504146 14.636368
 0.000176 1.524190 1.518933 2.443180 5.486303 13.686864
 0.000177 1.520150 1.502554 2.444580 5.467283 12.709857
 0.000177 1.514010 1.488239 2.446109 5.448357 11.773553
 0.000178 1.506451 1.476507 2.447744 5.430702 10.932428
 0.000178 1.498721 1.468139 2.449402 5.416262 10.267632
 0.000179 1.491489 1.463733 2.451244 5.406466 9.828503
 0.000179 1.485088 1.463357 2.453223 5.401668 9.616964
 0.000180 1.480175 1.466739 2.455148 5.402062 9.634215
 0.000180 1.477208 1.473766 2.457137 5.408111 9.901584
 0.000181 1.476421 1.483972 2.459207 5.419600 10.419447
 0.000181 1.478115 1.497251 2.461371 5.436736 11.216378
 0.000182 1.482049 1.512832 2.463489 5.458370 12.264433
 0.000182 1.487742 1.529357 2.465568 5.482667 13.497314
 0.000183 1.494556 1.545565 2.467805 5.507927 14.841620
 0.000183 1.502464 1.560748 2.470052 5.533264 16.254136
 0.000184 1.510741 1.573448 2.472259 5.556448 17.602893
 0.000184 1.518539 1.582528 2.474476 5.575542 18.754064
 0.000185 1.525838 1.587726 2.476702 5.590266 19.666622
 0.000185 1.532250 1.588569 2.478891 5.599710 20.263394
 0.000186 1.537394 1.585256 2.481062 5.603712 20.518983
 0.000186 1.540842 1.578202 2.483184 5.602227 20.423960
 0.000187 1.542934 1.568304 2.485328 5.596566 20.063739
 0.000187 1.543390 1.556714 2.487373 5.587478 19.492168
 0.000188 1.542169 1.544227 2.489275 5.575671 18.761932
 0.000188 1.539540 1.531807 2.491093 5.562440 17.960243
 0.000189 1.535883 1.520337 2.492910 5.549130 17.171355
 0.000189 1.531663 1.510654 2.494646 5.536963 16.465730
 0.000190 1.526608 1.503219 2.496403 5.526231 15.855632
 0.000190 1.520956 1.498624 2.498100 5.517680 15.377740
 0.000191 1.515300 1.497032 2.499624 5.511955 15.061919
 0.000191 1.510102 1.499141 2.501071 5.510314 14.971976
 0.000192 1.505565 1.504963 2.502419 5.512947 15.116380
 0.000192 1.502052 1.514374 2.503704 5.520130 15.513929
 0.000193 1.499834 1.527147 2.504964 5.531945 16.179013
 0.000193 1.498762 1.543107 2.506224 5.548093 17.110645
 0.000194 1.498868 1.561265 2.507402 5.567535 18.266855
 0.000194 1.499902 1.581242 2.508451 5.589595 19.624571
 0.000195 1.501093 1.601758 2.509334 5.612185 21.065330
 0.000195 1.502073 1.621655 2.510033 5.633762 22.489117
 0.000196 1.503016 1.640186 2.510522 5.653724 23.847863
 0.000196 1.503739 1.656010 2.510787 5.670536 25.023037
 0.000197 1.503949 1.668025 2.510838 5.682812 25.899002
 0.000197 1.503383 1.675217 2.510726 5.689326 26.369949
 0.000198 1.502217 1.677144 2.510437 5.689798 26.404232
 0.000198 1.500908 1.673216 2.509958 5.684082 25.990494
 0.000199 1.499389 1.663430 2.509439 5.672258 25.145029
 0.000199 1.497639 1.647991 2.508809 5.654439 23.897209
 0.000200 1.496183 1.628097 2.508046 5.632325 22.392896
 0.000200 1.495286 1.605392 2.507185 5.607863 20.785760
 0.000201 1.494775 1.580711 2.506279 5.581764 19.137050
 0.000201 1.495141 1.555853 2.505273 5.556267 17.592137
 0.000202 1.497124 1.532346 2.504198 5.533669 16.277236
 0.000202 1.500768 1.511573 2.503139 5.515480 15.256010
 0.000203 1.506015 1.494174 2.502157 5.502346 14.539145
 0.000203 1.512675 1.480948 2.501318 5.494940 14.142518
 0.000204 1.520192 1.472859 2.500588 5.493638 14.073341
 0.000204 1.528158 1.469808 2.499944 5.497909 14.300853
 0.000205 1.536549 1.471302 2.499408 5.507259 14.805244
 0.000205 1.544883 1.476866 2.498887 5.520636 15.542149
 0.000206 1.552582 1.485930 2.498339 5.536850 16.459263
 0.000206 1.558590 1.497974 2.497794 5.554359 17.479139
 0.000207 1.562034 1.512027 2.497350 5.571411 18.501915
 0.000207 1.562761 1.526812 2.496982 5.586555 19.434580
 0.000208 1.560970 1.541556 2.496658 5.599184 20.229949
 0.000208 1.556849 1.555114 2.496389 5.608352 20.817314
 0.000209 1.550176 1.566732 2.496244 5.613151 21.128120
 0.000209 1.541331 1.575393 2.496179 5.612903 21.111963
 0.000210 1.530814 1.580756 2.496204 5.607774 20.780016
 0.000210 1.519202 1.582270 2.496367 5.597839 20.144470
 0.000211 1.506929 1.580026 2.496575 5.583530 19.246436
 0.000211 1.494772 1.574335 2.496884 5.565991 18.173678
 0.000212 1.482921 1.565928 2.497327 5.546176 16.998667
 0.000212 1.472171 1.555774 2.497801 5.525746 15.828325
 0.000213 1.462976 1.544264 2.498459 5.505699 14.720508
 0.000213 1.455664 1.532822 2.499358 5.487844 13.767637
 0.000214 1.450482 1.521660 2.500522 5.472663 12.982568
 0.000214 1.447800 1.511667 2.501874 5.461341 12.412037
 0.000215 1.448042 1.503340 2.503411 5.454793 12.087947
 0.000215 1.451140 1.497210 2.505054 5.453404 12.019731
 0.000216 1.457066 1.493308 2.506838 5.457212 12.207151
 0.000216 1.465508 1.491375 2.508831 5.465714 12.630859
 0.000217 1.475958 1.491592 2.511051 5.478602 13.286913
 0.000217 1.488087 1.494156 2.513375 5.495618 14.178609
 0.000218 1.501228 1.498750 2.515811 5.515789 15.273078
 0.000218 1.513959 1.504506 2.518302 5.536768 16.454523
 0.000219 1.525392 1.511462 2.520864 5.557717 17.678285
 0.000219 1.535275 1.519064 2.523510 5.577849 18.895588
 0.000220 1.542518 1.526863 2.526239 5.595620 20.003847
 0.000220 1.546312 1.534327 2.528942 5.609581 20.896659
 0.000221 1.546124 1.540735 2.531603 5.618462 21.474744
 0.000221 1.542001 1.545621 2.534250 5.621872 21.698811
 0.000222 1.534823 1.548768 2.536891 5.620482 21.607328
 0.000222 1.525203 1.549823 2.539468 5.614494 21.215508
 0.000223 1.514005 1.548543 2.541976 5.604523 20.570969
 0.000223 1.502026 1.544842 2.544403 5.591271 19.729693
 0.000224 1.489615 1.538450 2.546700 5.574766 18.706569
 0.000224 1.477771 1.529768 2.548933 5.556472 17.604340
 0.000225 1.467385 1.519259 2.550990 5.537633 16.504221
 0.000225 1.458321 1.507351 2.552823 5.518495 15.422982
 0.000226 1.451678 1.494628 2.554490 5.500796 14.455641
 0.000226 1.447869 1.481954 2.556055 5.485877 13.664624
 0.000227 1.447274 1.470058 2.557530 5.474862 13.094850
 0.000227 1.450513 1.459818 2.558819 5.469150 12.804154
 0.000228 1.457635 1.451079 2.559967 5.468682 12.780459
 0.000228 1.467414 1.443698 2.560995 5.472108 12.954268
 0.000229 1.479883 1.438448 2.561844 5.480175 13.368128
 0.000229 1.494438 1.435669 2.562429 5.492536 14.014940
 0.000230 1.510219 1.434980 2.562762 5.507961 14.843489
 0.000230 1.525965 1.436737 2.562886 5.525588 15.819462
 0.000231 1.540421 1.440060 2.562761 5.543242 16.828060
 0.000231 1.552274 1.444413 2.562357 5.559044 17.757238
 0.000232 1.560471 1.448978 2.561709 5.571158 18.486525
 0.000232 1.563641 1.452682 2.560808 5.577131 18.851479
 0.000233 1.561379 1.454730 2.559648 5.575757 18.767223
 0.000233 1.553828 1.454986 2.558125 5.566940 18.230929
 0.000234 1.541764 1.453646 2.556268 5.551678 17.321005
 0.000234 1.526059 1.450879 2.554125 5.531063 16.128923
 0.000235 1.508674 1.446981 2.551739 5.507394 14.812590
 0.000235 1.490800 1.442254 2.549152 5.482207 13.473399
 0.000236 1.473591 1.437754 2.546378 5.457723 12.232408
 0.000236 1.458505 1.433515 2.543419 5.435439 11.155056
 0.000237 1.446360 1.430758 2.540299 5.417417 10.320060
 0.000237 1.437765 1.429826 2.536993 5.404584 9.745238
 0.000238 1.432935 1.430838 2.533589 5.397361 9.429002
 0.000238 1.431994 1.434358 2.530134 5.396487 9.391044
 0.000239 1.435204 1.440493 2.526631 5.402327 9.645875
 0.000239 1.442411 1.448662 2.523092 5.414165 10.172836
 0.000240 1.453753 1.458501 2.519503 5.431757 10.981801
 0.000240 1.468396 1.469238 2.515844 5.453478 12.023370
 0.000241 1.485060 1.479678 2.512129 5.476867 13.197663
 0.000241 1.502372 1.488994 2.508372 5.499738 14.398819
 0.000242 1.519404 1.496724 2.504571 5.520699 15.545665
 0.000242 1.534893 1.502593 2.500760 5.538247 16.539496
 0.000243 1.547809 1.506094 2.497031 5.550934 17.277236
 0.000243 1.556816 1.506662 2.493280 5.556759 17.621328
 0.000244 1.561262 1.504138 2.489577 5.554977 17.515698
 0.000244 1.560443 1.498971 2.485925 5.545339 16.949918
 0.000245 1.554105 1.491721 2.482336 5.528162 15.964556
 0.000245 1.543211 1.483218 2.478872 5.505301 14.698913
 0.000246 1.529000 1.474027 2.475479 5.478506 13.281992
 0.000246 1.512716 1.465022 2.472197 5.449935 11.850247
 0.000247 1.495490 1.457451 2.469066 5.422007 10.529646
 0.000247 1.478754 1.451893 2.466101 5.396748 9.402361
 0.000248 1.463538 1.449440 2.463418 5.376395 8.540514
 0.000248 1.450915 1.450392 2.460917 5.362224 7.964854
 0.000249 1.441983 1.455139 2.458603 5.355724 7.707553
 0.000249 1.437156 1.463327 2.456609 5.357091 7.761329
 0.000250 1.436571 1.474032 2.454850 5.365453 8.094278
 0.000250 1.440374 1.486326 2.453308 5.380008 8.690488
 0.000251 1.448388 1.499242 2.451985 5.399615 9.527101
 0.000251 1.460149 1.511510 2.450807 5.422466 10.550701
 0.000252 1.474731 1.521632 2.449787 5.446151 11.666749
 0.000252 1.491055 1.528318 2.448938 5.468310 12.761678
 0.000253 1.508161 1.530708 2.448187 5.487055 13.726281
 0.000253 1.525665 1.528548 2.447549 5.501762 14.507669
 0.000254 1.542225 1.521620 2.447029 5.510874 15.002647
 0.000254 1.556970 1.510465 2.446611 5.514045 15.176848
 0.000255 1.568794 1.496454 2.446330 5.511579 15.041264
 0.000255 1.577078 1.480782 2.446125 5.503984 14.627602
 0.000256 1.581882 1.464786 2.445960 5.492627 14.019776
 0.000256 1.583362 1.449853 2.445862 5.479077 13.311457
 0.000257 1.581452 1.437284 2.445876 5.464612 12.575551
 0.000257 1.576918 1.428420 2.445945 5.451283 11.915968
 0.000258 1.570307 1.423810 2.446124 5.440241 11.382997
 0.000258 1.562183 1.423762 2.446469 5.432414 11.012600
 0.000259 1.553761 1.428709 2.446929 5.429398 10.871550
 0.000259 1.545531 1.438333 2.447593 5.431457 10.967741
 0.000260 1.538056 1.451983 2.448407 5.438446 11.297509
 0.000260 1.531878 1.468945 2.449397 5.450220 11.864145
 0.000261 1.527084 1.488144 2.450551 5.465778 12.634107
 0.000261 1.524458 1.508416 2.451783 5.484657 13.600883
 0.000262 1.524203 1.528831 2.453036 5.506071 14.740665
 0.000262 1.525632 1.547701 2.454280 5.527613 15.933533
 0.000263 1.528087 1.564057 2.455561 5.547705 17.087945
 0.000263 1.531219 1.576913 2.456924 5.565056 18.117361
 0.000264 1.534724 1.585456 2.458235 5.578415 18.930409
 0.000264 1.538148 1.589912 2.459519 5.587579 19.498510
 0.000265 1.541606 1.590126 2.460786 5.592517 19.808099
 0.000265 1.545055 1.586053 2.462044 5.593153 19.848104
 0.000266 1.548347 1.578182 2.463250 5.589779 19.636136
 0.000266 1.550755 1.567844 2.464392 5.582991 19.213039
 0.000267 1.552136 1.555924 2.465414 5.573474 18.627591
 0.000267 1.552376 1.543420 2.466377 5.562173 17.944201
 0.000268 1.551797 1.530896 2.467266 5.549959 17.219963
 0.000268 1.550445 1.519328 2.468166 5.537938 16.521758
 0.000269 1.547970 1.509168 2.468988 5.526126 15.849723
 0.000269 1.544844 1.500384 2.469762 5.514990 15.228928
 0.000270 1.541193 1.493243 2.470549 5.504986 14.681827
 0.000270 1.537178 1.488464 2.471348 5.496990 14.251717
 0.000271 1.533455 1.486162 2.472120 5.491737 13.972656
 0.000271 1.529954 1.486708 2.472980 5.489641 13.862116
 0.000272 1.526769 1.490729 2.473794 5.491292 13.949143
 0.000272 1.524119 1.498396 2.474526 5.497042 14.254496
 0.000273 1.522053 1.509351 2.475260 5.506664 14.772919
 0.000273 1.520224 1.523273 2.475935 5.519431 15.475043
 0.000274 1.518710 1.539802 2.476536 5.535048 16.356007
 0.000274 1.517357 1.558308 2.477068 5.552732 17.383116
 0.000275 1.515758 1.577680 2.477515 5.570953 18.474029
 0.000275 1.513364 1.596448 2.477920 5.587732 19.508034
 0.000276 1.510144 1.613843 2.478239 5.602227 20.423926
 0.000276 1.506194 1.628060 2.478464 5.612718 21.099985
 0.000277 1.501921 1.637708 2.478548 5.618177 21.456072
 0.000277 1.497508 1.642226 2.478472 5.618206 21.457939
 0.000278 1.492870 1.641116 2.478306 5.612292 21.072266
 0.000278 1.488262 1.635045 2.478024 5.601331 20.366741
 0.000279 1.484017 1.624492 2.477557 5.586067 19.404166
 0.000279 1.481009 1.610563 2.476914 5.568485 18.324359
 0.000280 1.479903 1.594257 2.476113 5.550273 17.238387
 0.000280 1.481157 1.577054 2.475232 5.533443 16.264336
 0.000281 1.484818 1.559731 2.474229 5.518778 15.438703
 0.000281 1.490472 1.543828 2.473144 5.507444 14.815330
 0.000282 1.498220 1.530330 2.472003 5.500553 14.442577
 0.000282 1.507988 1.519686 2.470697 5.498372 14.325599
 0.000283 1.519112 1.512182 2.469346 5.500640 14.447283
 0.000283 1.531384 1.508654 2.467912 5.507950 14.842915
 0.000284 1.544088 1.508904 2.466369 5.519362 15.471152
 0.000284 1.556067 1.513049 2.464630 5.533746 16.281629
 0.000285 1.566411 1.520859 2.462832 5.550102 17.228347
 0.000285 1.574172 1.531538 2.460920 5.566630 18.212218
 0.000286 1.579272 1.544814 2.458905 5.582992 19.213064
 0.000286 1.581180 1.559543 2.456782 5.597505 20.123296
 0.000287 1.579786 1.574893 2.454607 5.609286 20.877591
 0.000287 1.575091 1.590150 2.452349 5.617590 21.417661
 0.000288 1.566942 1.604671 2.450042 5.621656 21.684541
 0.000288 1.555649 1.617634 2.447766 5.621049 21.644605
 0.000289 1.541751 1.628497 2.445559 5.615807 21.301092
 0.000289 1.525710 1.635976 2.443371 5.605058 20.605283
 0.000290 1.508548 1.640158 2.441176 5.589882 19.642595
 0.000290 1.491202 1.641109 2.438992 5.571303 18.495314
 0.000291 1.474701 1.638983 2.436833 5.550517 17.252725
 0.000291 1.460252 1.634069 2.434695 5.529015 16.012791
 0.000292 1.447937 1.626759 2.432564 5.507260 14.805318
 0.000292 1.438456 1.617706 2.430603 5.486765 13.711046
 0.000293 1.432371 1.606781 2.428801 5.467952 12.743610
 0.000293 1.429808 1.594433 2.427105 5.451346 11.919015
 0.000294 1.430358 1.581247 2.425587 5.437192 11.238019
 0.000294 1.434271 1.568288 2.424149 5.426708 10.746449
 0.000295 1.441485 1.556057 2.422860 5.420402 10.456083
 0.000295 1.451654 1.544684 2.421670 5.418008 10.346929
 0.000296 1.464461 1.534945 2.420607 5.420013 10.438333
 0.000296 1.479698 1.527171 2.419619 5.426488 10.736251
 0.000297 1.496371 1.520963 2.418860 5.436194 11.190727
 0.000297 1.512521 1.516610 2.418297 5.447428 11.728494
 0.000298 1.527378 1.514058 2.417953 5.459390 12.315021
 0.000298 1.539515 1.512683 2.417696 5.469893 12.841805
 0.000299 1.547745 1.512336 2.417536 5.477617 13.236203
 0.000299 1.551587 1.512708 2.417482 5.481776 13.451070
 0.000300 1.549939 1.513456 2.417639 5.481034 13.412624
 0.000300 1.543014 1.514103 2.417922 5.475039 13.103913
 0.000301 1.531550 1.514504 2.418303 5.464358 12.562784
 0.000301 1.516387 1.514821 2.418918 5.450126 11.859547
 0.000302 1.498954 1.514772 2.419601 5.433327 11.055514
 0.000302 1.480481 1.514517 2.420381 5.415379 10.227661
 0.000303 1.462493 1.514097 2.421367 5.397957 9.454859
 0.000303 1.446387 1.513278 2.422478 5.382144 8.779752
 0.000304 1.432849 1.512015 2.423750 5.368615 8.221966
 0.000304 1.422467 1.510095 2.425175 5.357737 7.786787
 0.000305 1.415941 1.508011 2.426774 5.350726 7.512563
 0.000305 1.413693 1.506030 2.428564 5.348287 7.418318
 0.000306 1.415935 1.504366 2.430632 5.350933 7.520571
 0.000306 1.422633 1.502703 2.432876 5.358212 7.805525
 0.000307 1.433503 1.501090 2.435303 5.369896 8.274029
 0.000307 1.448524 1.499547 2.437892 5.385963 8.940525
 0.000308 1.466790 1.498536 2.440610 5.405935 9.805007
 0.000308 1.487362 1.498064 2.443455 5.428881 10.847459
 0.000309 1.509203 1.497740 2.446360 5.453303 12.014775
 0.000309 1.531478 1.497471 2.449404 5.478354 13.274147
 0.000310 1.552598 1.497090 2.452541 5.502230 14.532874
 0.000310 1.570872 1.496471 2.455678 5.523021 15.675389
 0.000311 1.585462 1.495555 2.458782 5.539799 16.628909
 0.000311 1.595621 1.494165 2.461846 5.551632 17.318276
 0.000312 1.600801 1.492240 2.464909 5.557950 17.692099
 0.000312 1.600576 1.490363 2.467976 5.558914 17.749511
 0.000313 1.594866 1.488996 2.471029 5.554891 17.510638
 0.000313 1.584566 1.487909 2.474028 5.546503 17.017734
 0.000314 1.570414 1.487631 2.476989 5.535035 16.355269
 0.000314 1.553326 1.488487 2.479841 5.521654 15.598954
 0.000315 1.534622 1.490576 2.482620 5.507818 14.835719
 0.000315 1.515711 1.494383 2.485408 5.495503 14.172464
 0.000316 1.498109 1.499828 2.488295 5.486232 13.683169
 0.000316 1.482371 1.506871 2.491295 5.480537 13.386892
 0.000317 1.469021 1.515515 2.494363 5.478899 13.302229
 0.000317 1.458592 1.525896 2.497461 5.481949 13.460036
 0.000318 1.451700 1.537991 2.500567 5.490258 13.894571
 0.000318 1.448430 1.551125 2.503668 5.503224 14.586488
 0.000319 1.448989 1.564295 2.506769 5.520053 15.509648
 0.000319 1.453063 1.577303 2.509821 5.540187 16.651279
 0.000320 1.460629 1.589470 2.512751 5.562850 17.984825
 0.000320 1.471344 1.599670 2.515563 5.586577 19.435956
 0.000321 1.484773 1.606998 2.518202 5.609973 20.922005
 0.000321 1.500156 1.610551 2.520775 5.631483 22.336530
 0.000322 1.516683 1.610007 2.523128 5.649818 23.578831
 0.000322 1.533298 1.605629 2.525269 5.664196 24.576551
 0.000323 1.549096 1.597138 2.527210 5.673444 25.229177
 0.000323 1.563140 1.584672 2.528985 5.676798 25.467974
 0.000324 1.574919 1.568868 2.530526 5.674313 25.290964
 0.000324 1.583734 1.550477 2.531799 5.666011 24.703942
 0.000325 1.588694 1.530559 2.532881 5.652134 23.738184
 0.000325 1.589828 1.510034 2.533717 5.633579 22.476893
 0.000326 1.587273 1.490120 2.534328 5.611722 21.035292
 0.000326 1.581664 1.472232 2.534716 5.588612 19.563028
 0.000327 1.573738 1.457681 2.534927 5.566347 18.195140
 0.000327 1.564150 1.447881 2.534930 5.546961 17.044482
 0.000328 1.553673 1.442743 2.534706 5.531122 16.132260
 0.000328 1.543107 1.442870 2.534299 5.520276 15.522075
 0.000329 1.533407 1.448542 2.533831 5.515780 15.272561
 0.000329 1.525194 1.459964 2.533212 5.518371 15.416077
 0.000330 1.519106 1.476259 2.532384 5.527749 15.941231
 0.000330 1.514817 1.496442 2.531382 5.542641 16.793214
 0.000331 1.512241 1.518923 2.530235 5.561399 17.897859
 0.000331 1.511374 1.542318 2.528967 5.582659 19.192432
 0.000332 1.511989 1.564840 2.527480 5.604309 20.557211
 0.000332 1.513793 1.585006 2.525781 5.624580 21.877588
 0.000333 1.516529 1.601498 2.523892 5.641919 23.039517
 0.000333 1.519764 1.612523 2.521784 5.654072 23.871862
 0.000334 1.522769 1.617358 2.519561 5.659688 24.261518
 0.000334 1.525887 1.616076 2.517220 5.659183 24.226309
 0.000335 1.529326 1.608089 2.514771 5.652186 23.741716
 0.000335 1.532822 1.593957 2.512164 5.638943 22.837976
 0.000336 1.536213 1.574904 2.509359 5.620476 21.606927
 0.000336 1.539528 1.552564 2.506462 5.598555 20.189934
 0.000337 1.542852 1.528526 2.503507 5.574885 18.713840
 0.000337 1.546279 1.504824 2.500480 5.551583 17.315429
 0.000338 1.549871 1.482770 2.497375 5.530016 16.069511
 0.000338 1.553493 1.463414 2.494277 5.511184 15.019630
 0.000339 1.556800 1.447842 2.491177 5.495819 14.189283
 0.000339 1.560157 1.436283 2.488057 5.484497 13.592565
 0.000340 1.562922 1.428480 2.485020 5.476422 13.174775
 0.000340 1.564990 1.425010 2.482035 5.472035 12.950553
 0.000341 1.566287 1.425861 2.479096 5.471244 12.910337
 0.000341 1.566878 1.430377 2.476227 5.473482 13.024305
 0.000342 1.566805 1.438521 2.473443 5.478769 13.295529
 0.000342 1.565943 1.450041 2.470794 5.486777 13.711701
 0.000343 1.564523 1.464278 2.468253 5.497054 14.255160
 0.000343 1.561810 1.480711 2.465861 5.508382 14.866427
 0.000344 1.557479 1.499068 2.463641 5.520189 15.517210
 0.000344 1.551732 1.518919 2.461468 5.532120 16.188971
 0.000345 1.544252 1.539311 2.459500 5.543064 16.817695
 0.000345 1.535565 1.558883 2.457705 5.552154 17.349000
 0.000346 1.525752 1.576589 2.456065 5.558406 17.719255
 0.000346 1.515384 1.591318 2.454529 5.561231 17.887846
 0.000347 1.504838 1.602297 2.453261 5.560395 17.837884
 0.000347 1.494198 1.608661 2.452142 5.555001 17.517111
 0.000348 1.483849 1.609735 2.451110 5.544693 16.912321
 0.000348 1.474383 1.605377 2.450152 5.529912 16.063578
 0.000349 1.466284 1.595575 2.449230 5.511089 15.014407
 0.000349 1.460205 1.580877 2.448419 5.489500 13.854687
 0.000350 1.456765 1.562448 2.447783 5.466996 12.695389
 0.000350 1.456261 1.541396 2.447307 5.444964 11.609497
 0.000351 1.458861 1.519588 2.446993 5.425443 10.687875
 0.000351 1.464970 1.498237 2.446845 5.410052 9.988129
 0.000352 1.474278 1.478891 2.446897 5.400067 9.546842
 0.000352 1.486619 1.462416 2.447137 5.396171 9.377397
 0.000353 1.500835 1.449678 2.447542 5.398054 9.459106
 0.000353 1.516385 1.441536 2.448097 5.406019 9.808698
 0.000354 1.531928 1.438108 2.448773 5.418809 10.383395
 0.000354 1.546027 1.439607 2.449601 5.435235 11.145390
 0.000355 1.557199 1.445667 2.450500 5.453366 12.017849
 0.000355 1.563614 1.455639 2.451452 5.470705 12.882971
 0.000356 1.564784 1.468775 2.452523 5.486083 13.675364
 0.000356 1.560713 1.484350 2.453764 5.498827 14.349981
 0.000357 1.551444 1.500973 2.455026 5.507443 14.815270
 0.000357 1.538076 1.516563 2.456242 5.510880 15.002969
 0.000358 1.521603 1.530092 2.457524 5.509220 14.912167
 0.000358 1.503282 1.540658 2.458861 5.502801 14.563661
 0.000359 1.484809 1.547647 2.460241 5.492697 14.023469
 0.000359 1.467252 1.550025 2.461613 5.478891 13.301816
 0.000360 1.452057 1.547531 2.462955 5.462543 12.472014
 0.000360 1.440233 1.540528 2.464234 5.444995 11.610984
 0.000361 1.432275 1.530025 2.465502 5.427802 10.797247
 0.000361 1.429372 1.517486 2.466816 5.413674 10.150682
 0.000362 1.431905 1.503896 2.468085 5.403885 9.714438
 0.000362 1.439827 1.490293 2.469355 5.399475 9.521019
 0.000363 1.453125 1.478029 2.470576 5.401730 9.619674
 0.000363 1.470980 1.467898 2.471761 5.410638 10.014373
 0.000364 1.492628 1.460626 2.472853 5.426107 10.718632
 0.000364 1.517024 1.456386 2.473901 5.447311 11.722867
 0.000365 1.542653 1.454720 2.474884 5.472256 12.961839
 0.000365 1.567062 1.455338 2.475656 5.498056 14.308718
 0.000366 1.588315 1.457971 2.476288 5.522574 15.650372
 0.000366 1.604733 1.462023 2.476779 5.543535 16.845039
 0.000367 1.614568 1.466920 2.477189 5.558678 17.735471
 0.000367 1.616781 1.471917 2.477450 5.566149 18.183180
 0.000368 1.611335 1.476995 2.477454 5.565784 18.161168
 0.000368 1.598570 1.481744 2.477247 5.557561 17.668980
 0.000369 1.579399 1.485853 2.476987 5.542238 16.769843
 0.000369 1.555237 1.489458 2.476589 5.521284 15.578266
 0.000370 1.528364 1.492580 2.476055 5.496999 14.252233
 0.000370 1.500850 1.495480 2.475384 5.471714 12.934211
 0.000371 1.474327 1.498209 2.474638 5.447174 11.716221
 0.000371 1.450382 1.500804 2.473814 5.425000 10.667400
 0.000372 1.430650 1.503631 2.472960 5.407241 9.862913
 0.000372 1.415797 1.506811 2.472088 5.394696 9.313589
 0.000373 1.406355 1.510325 2.471249 5.387928 9.023805
 0.000373 1.402684 1.514253 2.470469 5.387405 9.001612
 0.000374 1.404565 1.517881 2.469795 5.392241 9.207973
 0.000374 1.412084 1.520794 2.469227 5.402105 9.636096
 0.000375 1.424884 1.522335 2.468775 5.415994 10.255476
 0.000375 1.442124 1.522666 2.468341 5.433131 11.046298
 0.000376 1.463239 1.521241 2.467895 5.452374 11.969297
 0.000376 1.487512 1.518017 2.467488 5.473016 13.000534
 0.000377 1.513559 1.513287 2.467029 5.493874 14.085895
 0.000377 1.539743 1.507270 2.466580 5.513593 15.151959
 0.000378 1.564104 1.500070 2.466169 5.530344 16.088073
 0.000378 1.584795 1.491981 2.465776 5.542552 16.788033
 0.000379 1.600429 1.483473 2.465416 5.549318 17.182380
 0.000379 1.609674 1.474960 2.465135 5.549769 17.208807
 0.000380 1.611495 1.466908 2.464918 5.543321 16.832617
 0.000380 1.606223 1.460201 2.464827 5.531251 16.139584
 0.000381 1.594708 1.455487 2.464844 5.515039 15.231658
 0.000381 1.578060 1.453586 2.464929 5.496575 14.229610
 0.000382 1.558487 1.454683 2.465020 5.478190 13.265699
 0.000382 1.537851 1.458903 2.465220 5.461974 12.443577
 0.000383 1.517298 1.466536 2.465534 5.449368 11.822638
 0.000383 1.498284 1.477226 2.465939 5.441449 11.440738
 0.000384 1.481988 1.490605 2.466382 5.438975 11.322693
 0.000384 1.468662 1.505671 2.466989 5.441322 11.434666
 0.000385 1.458707 1.521618 2.467694 5.448020 11.757183
 0.000385 1.452638 1.537584 2.468406 5.458627 12.277204
 0.000386 1.450731 1.552735 2.469114 5.472579 12.978291
 0.000386 1.452861 1.565879 2.469888 5.488627 13.808772
 0.000387 1.458768 1.575790 2.470738 5.505295 14.698607
 0.000387 1.468006 1.581618 2.471663 5.521287 15.578449
 0.000388 1.480453 1.583638 2.472741 5.536832 16.458219
 0.000388 1.495698 1.581778 2.473820 5.551296 17.298497
 0.000389 1.513174 1.576210 2.474929 5.564313 18.072670
 0.000389 1.532146 1.567488 2.476138 5.575772 18.768164
 0.000390 1.551821 1.556496 2.477467 5.585784 19.386536
 0.000390 1.570867 1.544131 2.478858 5.593856 19.892442
 0.000391 1.588438 1.531437 2.480285 5.600160 20.292042
 0.000391 1.604469 1.518928 2.481640 5.605037 20.603948
 0.000392 1.617972 1.507322 2.482979 5.608273 20.812166
 0.000392 1.627912 1.497297 2.484343 5.609553 20.894828
 0.000393 1.634061 1.488598 2.485677 5.608336 20.816245
 0.000393 1.635606 1.481937 2.486973 5.604516 20.570529
 0.000394 1.632255 1.477642 2.488259 5.598156 20.164590
 0.000394 1.624030 1.475585 2.489590 5.589204 19.600111
 0.000395 1.611249 1.476003 2.490769 5.578021 18.906180
 0.000395 1.594908 1.478974 2.491997 5.565879 18.166927
 0.000396 1.576247 1.484531 2.493289 5.554067 17.461891
 0.000396 1.556376 1.493058 2.494697 5.544131 16.879667
 0.000397 1.536110 1.504104 2.496194 5.536408 16.433908
 0.000397 1.516306 1.517639 2.497738 5.531683 16.164159
 0.000398 1.498128 1.533685 2.499313 5.531126 16.132462
 0.000398 1.482069 1.551376 2.500879 5.534324 16.314620
 0.000399 1.468589 1.570196 2.502465 5.541250 16.712682
 0.000399 1.457680 1.589482 2.504041 5.551202 17.293022
 0.000400 1.449439 1.607653 2.505602 5.562694 17.975444
 0.000400 1.443539 1.623770 2.507107 5.574416 18.685145
 0.000401 1.440280 1.636735 2.508584 5.585600 19.375070
 0.000401 1.439810 1.645284 2.509945 5.595039 19.967123
 0.000402 1.442061 1.649274 2.511183 5.602518 20.442565
 0.000402 1.446796 1.648261 2.512312 5.607369 20.753884
 0.000403 1.453390 1.642041 2.513238 5.608669 20.837751
 0.000403 1.462115 1.631458 2.514009 5.607582 20.767645
 0.000404 1.472378 1.617243 2.514818 5.604439 20.565551
 0.000404 1.483795 1.599944 2.515547 5.599285 20.236379
 0.000405 1.495396 1.580624 2.516123 5.592143 19.784549
 0.000405 1.506761 1.560362 2.516596 5.583718 19.258144
 0.000406 1.517123 1.539990 2.516905 5.574019 18.660898
 0.000406 1.526030 1.520803 2.517113 5.563946 18.050574
 0.000407 1.533161 1.504110 2.517153 5.554425 17.483039
 0.000407 1.537874 1.490259 2.517185 5.545318 16.948698
 0.000408 1.540367 1.480049 2.517050 5.537466 16.494593
 0.000408 1.540667 1.473759 2.516705 5.531131 16.132752
 0.000409 1.538348 1.471754 2.516198 5.526300 15.859510
 0.000409 1.533395 1.474154 2.515629 5.523178 15.684193
 0.000410 1.525858 1.480763 2.514972 5.521594 15.595559
 0.000410 1.516323 1.491743 2.514231 5.522297 15.634858
 0.000411 1.504763 1.506346 2.513381 5.524490 15.757759
 0.000411 1.491559 1.524412 2.512391 5.528362 15.975852
 0.000412 1.477562 1.544513 2.511416 5.533492 16.267154
 0.000412 1.463153 1.565713 2.510438 5.539304 16.600349
 0.000413 1.449073 1.586574 2.509378 5.545025 16.931637
 0.000413 1.435965 1.606214 2.508231 5.550410 17.246473
 0.000414 1.423975 1.622718 2.506983 5.553676 17.438783
 0.000414 1.412976 1.634825 2.505691 5.553491 17.427862
 0.000415 1.403349 1.641351 2.504374 5.549075 17.168106
 0.000415 1.395004 1.641654 2.502969 5.539627 16.618985
 0.000416 1.388255 1.636129 2.501523 5.525908 15.837440
 0.000416 1.383415 1.624853 2.499970 5.508238 14.858599
 0.000417 1.380493 1.609041 2.498337 5.487872 13.769096
 0.000417 1.379960 1.589942 2.496685 5.466586 12.674741
 0.000418 1.381884 1.568793 2.494929 5.445606 11.640453
 0.000418 1.386254 1.547260 2.493202 5.426717 10.746878
 0.000419 1.393456 1.527211 2.491525 5.412192 10.084015
 0.000419 1.403507 1.509814 2.489892 5.403212 9.684799
 0.000420 1.415645 1.495514 2.488345 5.399504 9.522278
 0.000420 1.429425 1.484557 2.486823 5.400805 9.579121
 0.000421 1.443729 1.476952 2.485257 5.405938 9.805110
 0.000421 1.458012 1.472978 2.483774 5.414764 10.199853
 0.000422 1.470515 1.472433 2.482387 5.425334 10.682869
 0.000422 1.479702 1.475665 2.481022 5.436389 11.199958
 0.000423 1.485049 1.481982 2.479672 5.446703 11.693420
 0.000423 1.486089 1.491135 2.478331 5.455555 12.125431
 0.000424 1.482846 1.502517 2.477034 5.462396 12.464649
 0.000424 1.475136 1.515655 2.475816 5.466607 12.675814
 0.000425 1.463733 1.529709 2.474560 5.468001 12.746077
 0.000425 1.449361 1.543782 2.473160 5.466303 12.660494
 0.000426 1.432664 1.557605 2.471761 5.462030 12.446384
 0.000426 1.414859 1.569969 2.470442 5.455270 12.111395
 0.000427 1.396945 1.580059 2.469249 5.446253 11.671689
 0.000427 1.379636 1.586888 2.468205 5.434730 11.121576
 0.000428 1.363888 1.589553 2.467273 5.420714 10.470370
 0.000428 1.350725 1.588046 2.466438 5.405209 9.772861
 0.000429 1.340185 1.582444 2.465767 5.388396 9.043690
 0.000429 1.332972 1.573717 2.465184 5.371873 8.354644
 0.000430 1.329086 1.562552 2.464640 5.356277 7.729280
 0.000430 1.328723 1.549506 2.464283 5.342512 7.197525
 0.000431 1.332188 1.535712 2.464050 5.331949 6.802370
 0.000431 1.339740 1.522140 2.463962 5.325843 6.578983
 0.000432 1.351132 1.510205 2.464010 5.325347 6.561012
 0.000432 1.366632 1.500906 2.464106 5.331644 6.791094
 0.000433 1.386191 1.494679 2.464343 5.345214 7.300413
 0.000433 1.409319 1.491630 2.464738 5.365686 8.103642
 0.000434 1.434917 1.491586 2.465237 5.391739 9.186439
 0.000434 1.461823 1.494855 2.465884 5.422562 10.555129
 0.000435 1.489002 1.501076 2.466574 5.456653 12.179553
 0.000435 1.514823 1.509969 2.467337 5.492129 13.993404
 0.000436 1.537400 1.520157 2.468178 5.525736 15.827743
 0.000436 1.554625 1.530865 2.469137 5.554626 17.494961
 0.000437 1.565545 1.541234 2.470120 5.576898 18.837187
 0.000437 1.568948 1.550466 2.471084 5.590497 19.681159
 0.000438 1.565080 1.557848 2.472072 5.594999 19.964597
 0.000438 1.554437 1.562764 2.473075 5.590277 19.667303
 0.000439 1.538617 1.564996 2.474165 5.577777 18.891180
 0.000439 1.518925 1.564528 2.475229 5.558682 17.735665
 0.000440 1.497130 1.561534 2.476366 5.535030 16.355012
 0.000440 1.475571 1.556765 2.477530 5.509866 14.947481
 0.000441 1.456077 1.550939 2.478784 5.485800 13.660570
 0.000441 1.439633 1.544670 2.480190 5.464492 12.569545
 0.000442 1.427067 1.538522 2.481687 5.447276 11.721165
 0.000442 1.419408 1.533643 2.483302 5.436354 11.198296
 0.000443 1.417311 1.530421 2.484926 5.432659 11.024124
 0.000443 1.421119 1.529070 2.486734 5.436922 11.225200
 0.000444 1.430898 1.529416 2.488571 5.448885 11.799195
 0.000444 1.446555 1.530988 2.490507 5.468049 12.748507
 0.000445 1.467397 1.533687 2.492571 5.493655 14.074226
 0.000445 1.492659 1.537162 2.494770 5.524590 15.763375
 0.000446 1.521276 1.540731 2.497059 5.559066 17.758579
 0.000446 1.551793 1.543337 2.499382 5.594511 19.933780
 0.000447 1.582675 1.544325 2.501714 5.628713 22.151837
 0.000447 1.611644 1.543055 2.504051 5.658750 24.196239
 0.000448 1.636539 1.539201 2.506399 5.682138 25.850533
 0.000448 1.655589 1.532553 2.508652 5.696793 26.915050
 0.000449 1.667147 1.523629 2.510865 5.701642 27.271931
 0.000449 1.670751 1.512241 2.512992 5.695984 26.855709
 0.000450 1.666668 1.499394 2.515073 5.681135 25.778477
 0.000450 1.655514 1.485686 2.516950 5.658150 24.154487
 0.000451 1.638614 1.471956 2.518676 5.629245 22.187222
 0.000451 1.618010 1.459478 2.520272 5.597760 20.139464
 0.000452 1.595370 1.449171 2.521774 5.566315 18.193216
 0.000452 1.572891 1.442418 2.523287 5.538596 16.559600
 0.000453 1.551339 1.439812 2.524728 5.515879 15.278027
 0.000453 1.532147 1.441682 2.526104 5.499932 14.409254
 0.000454 1.515912 1.448088 2.527419 5.491419 13.955872
 0.000454 1.503417 1.458495 2.528605 5.490518 13.908326
 0.000455 1.495214 1.472360 2.529675 5.497248 14.265516
 0.000455 1.491938 1.489092 2.530645 5.511675 15.046557
 0.000456 1.493251 1.507989 2.531574 5.532815 16.228541
 0.000456 1.498607 1.527553 2.532289 5.558449 17.721808
 0.000457 1.507296 1.546065 2.532928 5.586289 19.417998
 0.000457 1.518647 1.562265 2.533483 5.614395 21.209025
 0.000458 1.532474 1.574882 2.533830 5.641186 22.989796
 0.000458 1.548154 1.583043 2.534066 5.665263 24.651401
 0.000459 1.565026 1.586478 2.534098 5.685602 26.100194
 0.000459 1.581747 1.584691 2.533982 5.700420 27.181781
 0.000460 1.597412 1.577368 2.533733 5.708513 27.781804
 0.000460 1.611385 1.565306 2.533397 5.710088 27.899327
 0.000461 1.622695 1.549148 2.532900 5.704743 27.501477
 0.000461 1.630838 1.530077 2.532201 5.693116 26.645916
 0.000462 1.635248 1.509239 2.531416 5.675903 25.404139
 0.000462 1.635911 1.488150 2.530429 5.654490 23.900786
 0.000463 1.632927 1.467945 2.529287 5.630158 22.248114
 0.000463 1.627059 1.449503 2.528066 5.604628 20.577718
 0.000464 1.618682 1.432769 2.526796 5.578247 18.920108
 0.000464 1.608307 1.418765 2.525438 5.552511 17.370042
 0.000465 1.597169 1.408200 2.523988 5.529356 16.032115
 0.000465 1.585833 1.401591 2.522495 5.509919 14.950368
 0.000466 1.575508 1.399345 2.520993 5.495846 14.190752
 0.000466 1.566802 1.401681 2.519592 5.488076 13.779800
 0.000467 1.560232 1.408627 2.518211 5.487070 13.727024
 0.000467 1.555886 1.419980 2.516814 5.492681 14.022596
 0.000468 1.553701 1.435216 2.515494 5.504411 14.650698
 0.000468 1.553533 1.453330 2.514227 5.521090 15.567466
 0.000469 1.555113 1.473441 2.512963 5.541517 16.728104
 0.000469 1.558030 1.494401 2.511727 5.564157 18.063289
 0.000470 1.562192 1.514501 2.510509 5.587202 19.474974
 0.000470 1.566616 1.532041 2.509339 5.607996 20.794312
 0.000471 1.570709 1.544807 2.508156 5.623672 21.817555
 0.000471 1.573652 1.551446 2.506988 5.632086 22.376863
 0.000472 1.575113 1.550789 2.505840 5.631741 22.353836
 0.000472 1.574945 1.542298 2.504645 5.621889 21.699888
 0.000473 1.572794 1.527088 2.503556 5.603437 20.501379
 0.000473 1.568880 1.506336 2.502512 5.577728 18.888167
 0.000474 1.562947 1.481762 2.501482 5.546191 16.999549
 0.000474 1.555306 1.454977 2.500404 5.510686 14.992358
 0.000475 1.546134 1.427916 2.499363 5.473413 13.020814
 0.000475 1.536297 1.402119 2.498284 5.436699 11.214656
 0.000476 1.526549 1.378713 2.497286 5.402548 9.655566
 0.000476 1.517431 1.359478 2.496382 5.373291 8.412689
 0.000477 1.509727 1.345247 2.495622 5.350597 7.507564
 0.000477 1.503521 1.336809 2.495064 5.335394 6.930017
 0.000478 1.499146 1.334892 2.494756 5.328793 6.686455
 0.000478 1.496565 1.339651 2.494691 5.330907 6.763974
 0.000479 1.495576 1.351435 2.494740 5.341751 7.168695
 0.000479 1.495639 1.369989 2.494903 5.360531 7.897451
 0.000480 1.495863 1.394777 2.495204 5.385843 8.935453
 0.000480 1.495729 1.424620 2.495682 5.416030 10.257140
 0.000481 1.494884 1.457433 2.496187 5.448503 11.780658
 0.000481 1.492669 1.490345 2.496801 5.479815 13.349523
 0.000482 1.488725 1.520887 2.497532 5.507144 14.799001
 0.000482 1.482850 1.546373 2.498329 5.527552 15.930115
 0.000483 1.474842 1.564665 2.499122 5.538629 16.561497
 0.000483 1.464705 1.573492 2.499915 5.538111 16.531688
 0.000484 1.453320 1.572649 2.500751 5.526720 15.883193
 0.000484 1.441023 1.562939 2.501615 5.505577 14.713870
 0.000485 1.428067 1.545860 2.502615 5.476543 13.181001
 0.000485 1.415784 1.523613 2.503750 5.443147 11.522095
 0.000486 1.404814 1.498831 2.504999 5.408643 9.925271
 0.000486 1.395431 1.474054 2.506236 5.375722 8.512701
 0.000487 1.388558 1.451210 2.507511 5.347279 7.379553
 0.000487 1.385048 1.432132 2.508802 5.325982 6.584045
 0.000488 1.385092 1.418038 2.510181 5.313311 6.132267
 0.000488 1.388486 1.409365 2.511687 5.309538 6.000848
 0.000489 1.395302 1.406521 2.513381 5.315203 6.198713
 0.000489 1.405723 1.409913 2.515206 5.330841 6.761563
 0.000490 1.419317 1.419038 2.517160 5.355515 7.699353
 0.000490 1.435069 1.433421 2.519157 5.387646 9.011820
 0.000491 1.451528 1.451859 2.521167 5.424554 10.646842
 0.000491 1.467488 1.473988 2.523208 5.464683 12.579125
 0.000492 1.482030 1.498456 2.525199 5.505685 14.719764
 0.000492 1.493702 1.523359 2.527097 5.544158 16.881232
 0.000493 1.501156 1.547176 2.528867 5.577199 18.855666
 0.000493 1.503720 1.567942 2.530453 5.602115 20.416801
 0.000494 1.501148 1.584719 2.531841 5.617708 21.425350
 0.000494 1.493821 1.596795 2.533026 5.623641 21.815518
 0.000495 1.482438 1.603350 2.533925 5.619712 21.556736
 0.000495 1.467944 1.604137 2.534596 5.606678 20.709382
 0.000496 1.451494 1.599781 2.535006 5.586281 19.417500
 0.000496 1.434430 1.591297 2.535200 5.560928 17.869706
 0.000497 1.417838 1.579956 2.535235 5.533029 16.240762
 0.000497 1.402905 1.567001 2.535044 5.504950 14.679867
 0.000498 1.390589 1.554019 2.534696 5.479304 13.323128
 0.000498 1.381476 1.542201 2.534232 5.457909 12.241646
 0.000499 1.375927 1.532047 2.533572 5.441545 11.445339
 0.000499 1.374547 1.524593 2.532920 5.432060 10.996008
 0.000500 1.377640 1.520304 2.532213 5.430158 10.906995
