#! FIELDS time dAB dAC dAD rc bias
 0.000000 1.834290 1.831255 2.833676 6.499221 5.930344
 0.000000 1.832043 1.834679 2.831568 6.498290 5.898332
 0.000001 1.830426 1.836256 2.829329 6.496011 5.820297
 0.000001 1.829678 1.835807 2.826896 6.492381 5.697102
 0.000002 1.829643 1.833371 2.824332 6.487347 5.528443
 0.000002 1.830902 1.828865 2.821702 6.481468 5.334709
 0.000003 1.833831 1.822131 2.819006 6.474968 5.124489
 0.000003 1.837924 1.813451 2.816290 6.467665 4.893363
 0.000004 1.842918 1.802514 2.813573 6.459004 4.626177
 0.000004 1.848614 1.789656 2.810911 6.449180 4.332170
 0.000005 1.854935 1.775510 2.808246 6.438691 4.028929
 0.000005 1.861529 1.761230 2.805638 6.428397 3.741998
 0.000006 1.868394 1.747256 2.803021 6.418671 3.480655
 0.000006 1.875434 1.734030 2.800571 6.410034 3.256527
 0.000007 1.882260 1.722415 2.798293 6.402968 3.078685
 0.000007 1.888102 1.712568 2.796042 6.396713 2.925417
 0.000008 1.892829 1.704937 2.793868 6.391634 2.803868
 0.000008 1.896345 1.699609 2.791800 6.387754 2.712745
 0.000009 1.898371 1.696306 2.789925 6.384602 2.639813
 0.000009 1.898636 1.695279 2.788134 6.382048 2.581465
 0.000010 1.897262 1.696589 2.786419 6.380270 2.541215
 0.000010 1.894334 1.699706 2.784844 6.378884 2.510061
 0.000011 1.889842 1.704533 2.783410 6.377785 2.485495
 0.000011 1.884184 1.710361 2.782116 6.376662 2.460525
 0.000012 1.877667 1.716901 2.780936 6.375503 2.434886
 0.000012 1.870575 1.723393 2.780002 6.373969 2.401150
 0.000013 1.862916 1.729496 2.779250 6.371662 2.350862
 0.000013 1.854964 1.734442 2.778633 6.368040 2.272972
 0.000014 1.846994 1.737967 2.778138 6.363100 2.168870
 0.000014 1.839555 1.739744 2.777828 6.357127 2.046246
 0.000015 1.832704 1.739145 2.777777 6.349626 1.897314
 0.000015 1.826764 1.735761 2.777923 6.340448 1.722746
 0.000016 1.821853 1.729957 2.778276 6.330087 1.535787
 0.000016 1.817888 1.721956 2.778713 6.318557 1.340371
 0.000017 1.815311 1.712686 2.779368 6.307366 1.163391
 0.000017 1.813925 1.702815 2.780176 6.296916 1.009459
 0.000018 1.813518 1.692683 2.781167 6.287367 0.878341
 0.000018 1.814078 1.683294 2.782378 6.279749 0.780271
 0.000019 1.815595 1.675547 2.783845 6.274987 0.721915
 0.000019 1.817658 1.669446 2.785486 6.272590 0.693402
 0.000020 1.819935 1.665316 2.787339 6.272589 0.693390
 0.000020 1.822435 1.663870 2.789333 6.275638 0.729757
 0.000021 1.824380 1.665271 2.791564 6.281215 0.798687
 0.000021 1.825469 1.669142 2.793927 6.288539 0.893931
 0.000022 1.825033 1.675176 2.796475 6.296684 1.006156
 0.000022 1.822633 1.683043 2.799144 6.304820 1.124891
 0.000023 1.818428 1.692158 2.801960 6.312546 1.243750
 0.000023 1.813078 1.701943 2.804938 6.319958 1.363405
 0.000024 1.806562 1.711424 2.808056 6.326042 1.465726
 0.000024 1.799644 1.719915 2.811314 6.330873 1.549608
 0.000025 1.793232 1.727085 2.814714 6.335031 1.623662
 0.000025 1.788052 1.732541 2.818221 6.338814 1.692542
 0.000026 1.784442 1.735797 2.821803 6.342042 1.752471
 0.000026 1.782999 1.736325 2.825442 6.344766 1.803837
 0.000027 1.783360 1.733962 2.829132 6.346454 1.836032
 0.000027 1.785862 1.729528 2.832904 6.348294 1.871472
 0.000028 1.790913 1.723024 2.836653 6.350590 1.916140
 0.000028 1.798663 1.715029 2.840449 6.354142 1.986303
 0.000029 1.808740 1.705838 2.844341 6.358919 2.082673
 0.000029 1.820457 1.695738 2.848255 6.364449 2.197066
 0.000030 1.833844 1.685730 2.852097 6.371671 2.351055
 0.000030 1.848279 1.676245 2.855899 6.380423 2.544659
 0.000031 1.862705 1.667632 2.859651 6.389989 2.765041
 0.000031 1.876574 1.659822 2.863261 6.399657 2.997061
 0.000032 1.889442 1.653151 2.866756 6.409349 3.239069
 0.000032 1.900305 1.647800 2.870206 6.418310 3.471154
 0.000033 1.908999 1.643921 2.873638 6.426558 3.691881
 0.000033 1.915624 1.641856 2.877022 6.434502 3.910900
 0.000034 1.919595 1.641292 2.880326 6.441212 4.100811
 0.000034 1.920803 1.642118 2.883467 6.446389 4.250392
 0.000035 1.919721 1.644074 2.886484 6.450279 4.364591
 0.000035 1.916735 1.647027 2.889368 6.453130 4.449230
 0.000036 1.912247 1.650998 2.892017 6.455262 4.513029
 0.000036 1.906567 1.655067 2.894421 6.456055 4.536893
 0.000037 1.899763 1.659122 2.896618 6.455503 4.520278
 0.000037 1.891941 1.662923 2.898646 6.453510 4.460555
 0.000038 1.883741 1.666438 2.900446 6.450626 4.374831
 0.000038 1.875325 1.668939 2.902018 6.446282 4.247292
 0.000039 1.866964 1.670830 2.903414 6.441208 4.100690
 0.000039 1.858814 1.671798 2.904550 6.435161 3.929343
 0.000040 1.851407 1.671802 2.905443 6.428652 3.748989
 0.000040 1.844495 1.670930 2.906057 6.421482 3.555217
 0.000041 1.838150 1.669292 2.906472 6.413914 3.356281
 0.000041 1.832276 1.667270 2.906843 6.406388 3.164142
 0.000042 1.826825 1.664856 2.907001 6.398682 2.973256
 0.000042 1.822129 1.662501 2.906931 6.391561 2.802126
 0.000043 1.817797 1.660419 2.906635 6.384850 2.645521
 0.000043 1.813499 1.658741 2.906138 6.378378 2.498739
 0.000044 1.808970 1.658166 2.905480 6.372616 2.371595
 0.000044 1.804111 1.658790 2.904582 6.367483 2.261113
 0.000045 1.798644 1.660715 2.903561 6.362920 2.165116
 0.000045 1.792765 1.664441 2.902398 6.359604 2.096661
 0.000046 1.786078 1.669223 2.901103 6.356404 2.031657
 0.000046 1.778157 1.674654 2.899725 6.352536 1.954435
 0.000047 1.768733 1.680485 2.898273 6.347491 1.855968
 0.000047 1.758597 1.686264 2.896734 6.341594 1.744094
 0.000048 1.747514 1.692374 2.895098 6.334985 1.622843
 0.000048 1.735577 1.698757 2.893493 6.327827 1.496435
 0.000049 1.723907 1.704978 2.891894 6.320779 1.376999
 0.000049 1.712428 1.710654 2.890340 6.313422 1.257614
 0.000050 1.701918 1.715356 2.888901 6.306175 1.145294
 0.000050 1.693078 1.719057 2.887574 6.299709 1.049535
 0.000051 1.686084 1.722081 2.886420 6.294584 0.976598
 0.000051 1.681211 1.724571 2.885456 6.291238 0.930394
 0.000052 1.679093 1.726412 2.884693 6.290198 0.916264
 0.000052 1.679466 1.727260 2.884041 6.290767 0.923973
 0.000053 1.682278 1.727499 2.883532 6.293309 0.958851
 0.000053 1.687318 1.727556 2.883132 6.298006 1.025005
 0.000054 1.694410 1.727838 2.882946 6.305194 1.130507
 0.000054 1.702702 1.728324 2.882870 6.313896 1.265142
 0.000055 1.711507 1.729003 2.882943 6.323452 1.421710
 0.000055 1.719964 1.730040 2.883155 6.333160 1.590117
 0.000056 1.727290 1.731137 2.883578 6.342005 1.751765
 0.000056 1.733025 1.732299 2.884188 6.349513 1.895113
 0.000057 1.736909 1.733266 2.884865 6.355039 2.004239
 0.000057 1.739131 1.734473 2.885659 6.359263 2.089686
 0.000058 1.739695 1.735904 2.886488 6.362087 2.147825
 0.000058 1.738545 1.737449 2.887454 6.363448 2.176123
 0.000059 1.735898 1.738873 2.888537 6.363309 2.173217
 0.000059 1.732041 1.740481 2.889790 6.362312 2.152491
 0.000060 1.727835 1.742304 2.891133 6.361272 2.130959
 0.000060 1.723497 1.744344 2.892648 6.360488 2.114815
 0.000061 1.719512 1.746358 2.894447 6.360317 2.111303
 0.000061 1.716417 1.748476 2.896468 6.361362 2.132820
 0.000062 1.714238 1.750824 2.898716 6.363778 2.183014
 0.000062 1.712765 1.752756 2.901209 6.366730 2.245122
 0.000063 1.712662 1.754380 2.903891 6.370933 2.335082
 0.000063 1.713994 1.755154 2.906749 6.375897 2.443590
 0.000064 1.716184 1.754721 2.909790 6.380694 2.550782
 0.000064 1.718980 1.752863 2.912928 6.384772 2.643718
 0.000065 1.722432 1.749706 2.916181 6.388319 2.725906
 0.000065 1.726263 1.745579 2.919589 6.391432 2.799071
 0.000066 1.730190 1.740595 2.923089 6.393873 2.857147
 0.000066 1.733885 1.734762 2.926622 6.395269 2.890606
 0.000067 1.737048 1.728711 2.930166 6.395924 2.906377
 0.000067 1.739283 1.722348 2.933797 6.395428 2.894437
 0.000068 1.740102 1.716709 2.937466 6.394276 2.866785
 0.000068 1.739301 1.712147 2.941122 6.392569 2.826059
 0.000069 1.736568 1.708855 2.944800 6.390224 2.770562
 0.000069 1.731617 1.706968 2.948502 6.387087 2.697219
 0.000070 1.725166 1.706970 2.952223 6.384359 2.634228
 0.000070 1.717504 1.708991 2.955950 6.382445 2.590494
 0.000071 1.709123 1.712625 2.959567 6.381316 2.564843
 0.000071 1.700808 1.717747 2.963078 6.381634 2.572055
 0.000072 1.692789 1.724553 2.966476 6.383818 2.621829
 0.000072 1.685722 1.732701 2.969861 6.388285 2.725113
 0.000073 1.679814 1.741882 2.973235 6.394931 2.882478
 0.000073 1.675547 1.751700 2.976511 6.403758 3.098313
 0.000074 1.672912 1.761424 2.979652 6.413988 3.358215
 0.000074 1.671841 1.770155 2.982597 6.424593 3.638672
 0.000075 1.672220 1.777496 2.985394 6.435110 3.927906
 0.000075 1.674331 1.782691 2.987992 6.445014 4.210410
 0.000076 1.677835 1.785845 2.990434 6.454114 4.478620
 0.000076 1.682641 1.786267 2.992765 6.461673 4.707707
 0.000077 1.688505 1.784012 2.994963 6.467480 4.887579
 0.000077 1.695239 1.779073 2.996927 6.471239 5.005802
 0.000078 1.702692 1.772252 2.998686 6.473630 5.081749
 0.000078 1.710033 1.764055 3.000218 6.474306 5.103334
 0.000079 1.717107 1.754595 3.001612 6.473314 5.071670
 0.000079 1.723211 1.744307 3.002856 6.470374 4.978481
 0.000080 1.728149 1.734338 3.003856 6.466343 4.852108
 0.000080 1.731923 1.725471 3.004571 6.461964 4.716653
 0.000081 1.734614 1.718265 3.004967 6.457845 4.590992
 0.000081 1.736363 1.713115 3.005065 6.454542 4.491441
 0.000082 1.737396 1.710243 3.004985 6.452623 4.434107
 0.000082 1.738332 1.710010 3.004668 6.453010 4.445626
 0.000083 1.739344 1.712664 3.004060 6.456068 4.537294
 0.000083 1.739852 1.717931 3.003184 6.460967 4.686080
 0.000084 1.739994 1.725461 3.001991 6.467447 4.886541
 0.000084 1.740135 1.734753 3.000461 6.475349 5.136709
 0.000085 1.740499 1.744880 2.998663 6.484041 5.419089
 0.000085 1.740782 1.755543 2.996564 6.492889 5.714275
 0.000086 1.741249 1.766266 2.994202 6.501717 6.016602
 0.000086 1.741934 1.776110 2.991616 6.509660 6.295303
 0.000087 1.742556 1.784431 2.988801 6.515788 6.514606
 0.000087 1.743183 1.790276 2.985744 6.519203 6.638455
 0.000088 1.744102 1.793801 2.982382 6.520286 6.677977
 0.000088 1.745054 1.794773 2.978736 6.518564 6.615214
 0.000089 1.746329 1.793012 2.974918 6.514259 6.459548
 0.000089 1.748242 1.788458 2.970961 6.507661 6.224557
 0.000090 1.751184 1.781548 2.966843 6.499575 5.942547
 0.000090 1.755052 1.773109 2.962555 6.490716 5.641053
 0.000091 1.759841 1.763517 2.958132 6.481490 5.335428
 0.000091 1.765522 1.752785 2.953546 6.471853 5.025253
 0.000092 1.771781 1.741757 2.948816 6.462353 4.728602
 0.000092 1.778539 1.731381 2.944017 6.453937 4.473316
 0.000093 1.785447 1.722224 2.939133 6.446804 4.262521
 0.000093 1.792410 1.714486 2.934129 6.441026 4.095464
 0.000094 1.799232 1.708469 2.929121 6.436821 3.976008
 0.000094 1.805571 1.704346 2.924021 6.433938 3.895137
 0.000095 1.811240 1.702351 2.918771 6.432361 3.851250
 0.000095 1.815849 1.701734 2.913447 6.431030 3.814383
 0.000096 1.818982 1.702749 2.907977 6.429708 3.777968
 0.000096 1.821022 1.705481 2.902459 6.428962 3.757487
 0.000097 1.821976 1.709972 2.896958 6.428906 3.755958
 0.000097 1.821317 1.715569 2.891454 6.428339 3.740429
 0.000098 1.818855 1.722081 2.885936 6.426873 3.700422
 0.000098 1.815291 1.728997 2.880425 6.424713 3.641914
 0.000099 1.810918 1.735131 2.874934 6.420983 3.541929
 0.000099 1.805910 1.739685 2.869468 6.415063 3.386117
 0.000100 1.801047 1.742429 2.864002 6.407478 3.191606
 0.000100 1.797074 1.743381 2.858617 6.399072 2.982765
 0.000101 1.794132 1.742189 2.853346 6.389668 2.757490
 0.000101 1.792460 1.738898 2.848218 6.379577 2.525605
 0.000102 1.792629 1.733838 2.843226 6.369694 2.308369
 0.000102 1.794725 1.727087 2.838409 6.360221 2.109326
 0.000103 1.798719 1.719009 2.833756 6.351484 1.933678
 0.000103 1.804650 1.710210 2.829318 6.344178 1.792680
 0.000104 1.812159 1.701187 2.825079 6.338425 1.685409
 0.000104 1.821124 1.692468 2.821000 6.334591 1.615753
 0.000105 1.830960 1.684433 2.817109 6.332503 1.578420
 0.000105 1.841546 1.677220 2.813428 6.332194 1.572938
 0.000106 1.852322 1.671312 2.809991 6.333625 1.598427
 0.000106 1.863050 1.667147 2.806843 6.337040 1.660072
 0.000107 1.873060 1.664732 2.803901 6.341693 1.745929
 0.000107 1.882024 1.664241 2.801132 6.347398 1.854159
 0.000108 1.889395 1.665636 2.798694 6.353725 1.978002
 0.000108 1.895074 1.668207 2.796486 6.359768 2.100020
 0.000109 1.898661 1.671887 2.794502 6.365050 2.209679
 0.000109 1.900430 1.676421 2.792683 6.369534 2.304933
 0.000110 1.900005 1.681120 2.791096 6.372220 2.362979
 0.000110 1.897406 1.685621 2.789672 6.372699 2.373387
 0.000111 1.893421 1.689731 2.788414 6.371566 2.348768
 0.000111 1.888380 1.693025 2.787394 6.368799 2.289187
 0.000112 1.882752 1.694736 2.786697 6.364185 2.191523
 0.000112 1.876984 1.694770 2.786314 6.358069 2.065344
 0.000113 1.871351 1.693230 2.786231 6.350812 1.920498
 0.000113 1.866183 1.690294 2.786477 6.342954 1.769581
 0.000114 1.861694 1.686274 2.786987 6.334955 1.622286
 0.000114 1.858121 1.681334 2.787747 6.327203 1.485658
 0.000115 1.855931 1.676142 2.788776 6.320849 1.378149
 0.000115 1.855186 1.671110 2.790052 6.316348 1.304444
 0.000116 1.855520 1.666226 2.791476 6.313222 1.254444
 0.000116 1.857146 1.662487 2.792998 6.312631 1.245090
 0.000117 1.860104 1.659562 2.794689 6.314355 1.272444
 0.000117 1.863879 1.657485 2.796635 6.317998 1.331233
 0.000118 1.868144 1.656483 2.798683 6.323309 1.419306
 0.000118 1.873120 1.656592 2.800837 6.330550 1.543915
 0.000119 1.877820 1.658143 2.803044 6.339007 1.696105
 0.000119 1.881415 1.660985 2.805326 6.347726 1.860488
 0.000120 1.883521 1.664756 2.807676 6.355953 2.022569
 0.000120 1.883634 1.669340 2.810027 6.363000 2.166790
 0.000121 1.881311 1.674347 2.812276 6.367934 2.270721
 0.000121 1.876214 1.679687 2.814425 6.370325 2.321960
 0.000122 1.868302 1.685059 2.816550 6.369911 2.313046
 0.000122 1.857615 1.690243 2.818645 6.366502 2.240307
 0.000123 1.844871 1.695205 2.820616 6.360692 2.119003
 0.000123 1.830507 1.699602 2.822466 6.352575 1.955208
 0.000124 1.815451 1.703322 2.824109 6.342882 1.768215
 0.000124 1.800495 1.706253 2.825574 6.332323 1.575228
 0.000125 1.786583 1.708951 2.826995 6.322529 1.406196
 0.000125 1.774514 1.711333 2.828293 6.314140 1.269027
 0.000126 1.765242 1.713315 2.829496 6.308053 1.173904
 0.000126 1.759223 1.715228 2.830535 6.304986 1.127375
 0.000127 1.756508 1.717183 2.831381 6.305073 1.128679
 0.000127 1.756977 1.718954 2.832024 6.307955 1.172404
 0.000128 1.760487 1.720829 2.832446 6.313762 1.263012
 0.000128 1.767071 1.722826 2.832712 6.322608 1.407519
 0.000129 1.776197 1.724745 2.832837 6.333779 1.601177
 0.000129 1.787059 1.726699 2.832766 6.346523 1.837357
 0.000130 1.798579 1.728423 2.832555 6.359557 2.095712
 0.000130 1.809823 1.730050 2.832162 6.372036 2.358971
 0.000131 1.820436 1.731278 2.831625 6.383340 2.610892
 0.000131 1.829369 1.731935 2.831043 6.392347 2.820773
 0.000132 1.835253 1.732028 2.830523 6.397804 2.951869
 0.000132 1.837738 1.731581 2.829934 6.399252 2.987159
 0.000133 1.836594 1.730757 2.829253 6.396605 2.922804
 0.000133 1.831432 1.729824 2.828500 6.389756 2.759574
 0.000134 1.822653 1.728468 2.827762 6.378883 2.510031
 0.000134 1.811221 1.726973 2.826994 6.365187 2.212564
 0.000135 1.798061 1.725779 2.826186 6.350025 1.905111
 0.000135 1.784166 1.725338 2.825368 6.334872 1.620801
 0.000136 1.770307 1.725611 2.824480 6.320397 1.370666
 0.000136 1.757915 1.726900 2.823528 6.308343 1.178346
 0.000137 1.747962 1.729445 2.822551 6.299958 1.053146
 0.000137 1.740880 1.733004 2.821557 6.295441 0.988602
 0.000138 1.736834 1.737560 2.820588 6.294983 0.982182
 0.000138 1.736127 1.743026 2.819729 6.298882 1.037583
 0.000139 1.738622 1.749044 2.818865 6.306530 1.150681
 0.000139 1.744260 1.755222 2.818000 6.317482 1.322821
 0.000140 1.752638 1.761622 2.817207 6.331467 1.560072
 0.000140 1.763048 1.767789 2.816522 6.347359 1.853417
 0.000141 1.774773 1.773122 2.815840 6.363735 2.182122
 0.000141 1.787037 1.777416 2.815231 6.379684 2.528019
 0.000142 1.799446 1.780289 2.814675 6.394410 2.869992
 0.000142 1.810511 1.781565 2.814166 6.406241 3.160437
 0.000143 1.819378 1.781491 2.813690 6.414559 3.373030
 0.000143 1.825798 1.780007 2.813166 6.418970 3.488569
 0.000144 1.829172 1.777400 2.812757 6.419329 3.498061
 0.000144 1.829151 1.774166 2.812424 6.415741 3.403801
 0.000145 1.825757 1.770882 2.812148 6.408786 3.224750
 0.000145 1.819145 1.768104 2.811975 6.399225 2.986495
 0.000146 1.809971 1.766060 2.811863 6.387893 2.715985
 0.000146 1.798630 1.765233 2.811769 6.375632 2.437727
 0.000147 1.786494 1.766287 2.811670 6.364451 2.197089
 0.000147 1.774345 1.769581 2.811563 6.355489 2.013248
 0.000148 1.762660 1.774620 2.811517 6.348797 1.881207
 0.000148 1.751541 1.781520 2.811542 6.344603 1.800731
 0.000149 1.742016 1.790042 2.811641 6.343699 1.783612
 0.000149 1.734677 1.800475 2.811823 6.346975 1.846037
 0.000150 1.729217 1.812284 2.812063 6.353564 1.974806
 0.000150 1.725369 1.824606 2.812434 6.362409 2.154511
 0.000151 1.723614 1.837000 2.812898 6.373512 2.391143
 0.000151 1.723970 1.848452 2.813407 6.385829 2.668085
 0.000152 1.725900 1.858274 2.813994 6.398168 2.960722
 0.000152 1.729526 1.866425 2.814668 6.410618 3.271446
 0.000153 1.734914 1.872265 2.815324 6.422504 3.582526
 0.000153 1.741017 1.875610 2.816105 6.432733 3.861567
 0.000154 1.747203 1.876310 2.816909 6.440422 4.078211
 0.000154 1.752941 1.874368 2.817825 6.445134 4.213888
 0.000155 1.757398 1.870114 2.818825 6.446337 4.248894
 0.000155 1.760019 1.864156 2.819905 6.444080 4.183337
 0.000156 1.760744 1.857119 2.821046 6.438909 4.035102
 0.000156 1.759613 1.849823 2.822314 6.431750 3.834314
 0.000157 1.756131 1.843090 2.823669 6.422890 3.592882
 0.000157 1.750665 1.837296 2.825112 6.413073 3.334546
 0.000158 1.743599 1.833102 2.826613 6.403314 3.087285
 0.000158 1.735509 1.830924 2.828269 6.394702 2.876995
 0.000159 1.726683 1.830128 2.829917 6.386728 2.688883
 0.000159 1.717523 1.831482 2.831555 6.380561 2.547777
 0.000160 1.708209 1.834845 2.833283 6.376336 2.453306
 0.000160 1.699740 1.839885 2.835065 6.374690 2.416971
 0.000161 1.692680 1.846791 2.836869 6.376339 2.453362
 0.000161 1.686923 1.854860 2.838694 6.380476 2.545870
 0.000162 1.682624 1.863466 2.840553 6.386643 2.686912
 0.000162 1.679815 1.872172 2.842300 6.394287 2.867048
 0.000163 1.678252 1.880726 2.843955 6.402933 3.077826
 0.000163 1.677730 1.888286 2.845623 6.411639 3.297598
 0.000164 1.678304 1.894442 2.847265 6.420011 3.516113
 0.000164 1.680000 1.898456 2.848918 6.427374 3.714084
 0.000165 1.682330 1.899956 2.850528 6.432814 3.863819
 0.000165 1.684989 1.898796 2.852071 6.435856 3.948836
 0.000166 1.687601 1.894414 2.853513 6.435527 3.939618
 0.000166 1.690104 1.887061 2.855002 6.432167 3.845848
 0.000167 1.692431 1.877028 2.856433 6.425891 3.673761
 0.000167 1.694501 1.865205 2.857755 6.417461 3.448809
 0.000168 1.696248 1.851780 2.858824 6.406852 3.175807
 0.000168 1.697736 1.837842 2.859758 6.395335 2.892200
 0.000169 1.699138 1.824436 2.860565 6.384139 2.629195
 0.000169 1.700366 1.812053 2.861214 6.373632 2.393771
 0.000170 1.701312 1.801536 2.861861 6.364709 2.202518
 0.000170 1.702077 1.793221 2.862391 6.357689 2.057633
 0.000171 1.702412 1.787752 2.862757 6.352920 1.962031
 0.000171 1.702590 1.785354 2.862973 6.350917 1.922552
 0.000172 1.702446 1.785839 2.863105 6.351390 1.931835
 0.000172 1.701850 1.789167 2.863035 6.354052 1.984515
 0.000173 1.700319 1.795098 2.862780 6.358196 2.067943
 0.000173 1.698196 1.803304 2.862235 6.363735 2.182118
 0.000174 1.695282 1.812864 2.861422 6.369568 2.305671
 0.000174 1.691615 1.822948 2.860389 6.374952 2.422732
 0.000175 1.687297 1.832515 2.859190 6.379002 2.512713
 0.000175 1.682245 1.840696 2.857838 6.380779 2.552703
 0.000176 1.676622 1.846476 2.856399 6.379497 2.523827
 0.000176 1.670862 1.849687 2.854823 6.375372 2.431983
 0.000177 1.665086 1.850063 2.853107 6.368256 2.277579
 0.000177 1.659326 1.847070 2.851271 6.357667 2.057190
 0.000178 1.654106 1.841309 2.849227 6.344643 1.801487
 0.000178 1.649527 1.833337 2.846948 6.329811 1.530963
 0.000179 1.646404 1.823979 2.844481 6.314864 1.280582
 0.000179 1.644971 1.814253 2.841875 6.301100 1.069775
 0.000180 1.645798 1.804772 2.839099 6.289669 0.909116
 0.000180 1.648571 1.796108 2.836141 6.280819 0.793698
 0.000181 1.653683 1.789606 2.833019 6.276308 0.737875
 0.000181 1.660899 1.785733 2.829759 6.276391 0.738883
 0.000182 1.669557 1.784440 2.826418 6.280415 0.788612
 0.000182 1.678938 1.786124 2.822998 6.288061 0.887554
 0.000183 1.688264 1.790479 2.819539 6.298281 1.028948
 0.000183 1.697326 1.797041 2.816007 6.310374 1.209730
 0.000184 1.705243 1.805802 2.812338 6.323383 1.420540
 0.000184 1.712005 1.816085 2.808570 6.336659 1.653138
 0.000185 1.717570 1.827370 2.804736 6.349676 1.898296
 0.000185 1.721707 1.838903 2.800743 6.361353 2.132639
 0.000186 1.724743 1.850002 2.796687 6.371432 2.345879
 0.000186 1.726694 1.860132 2.792635 6.379461 2.523007
 0.000187 1.728187 1.869044 2.788534 6.385765 2.666604
 0.000187 1.729426 1.875818 2.784379 6.389622 2.756419
 0.000188 1.730518 1.880111 2.780210 6.390839 2.785058
 0.000188 1.732020 1.882096 2.776109 6.390224 2.770581
 0.000189 1.734413 1.881706 2.771988 6.388107 2.720964
 0.000189 1.737992 1.879364 2.767894 6.385251 2.654742
 0.000190 1.743003 1.874824 2.763763 6.381590 2.571059
 0.000190 1.749525 1.868424 2.759670 6.377620 2.481815
 0.000191 1.757610 1.860863 2.755666 6.374139 2.404866
 0.000191 1.767205 1.852634 2.751795 6.371634 2.350248
 0.000192 1.778239 1.843616 2.748081 6.369936 2.313586
 0.000192 1.790528 1.834806 2.744458 6.369791 2.310472
 0.000193 1.803237 1.826509 2.741026 6.370772 2.331607
 0.000193 1.815866 1.818768 2.737755 6.372388 2.366633
 0.000194 1.827927 1.812039 2.734649 6.374615 2.415331
 0.000194 1.839158 1.806416 2.731804 6.377378 2.476445
 0.000195 1.848769 1.802167 2.729140 6.380075 2.536831
 0.000195 1.856448 1.798976 2.726680 6.382105 2.582742
 0.000196 1.861850 1.796469 2.724328 6.382647 2.595080
 0.000196 1.864169 1.794653 2.722165 6.380987 2.557399
 0.000197 1.863408 1.793140 2.720231 6.376779 2.463122
 0.000197 1.859935 1.791429 2.718578 6.369941 2.313693
 0.000198 1.854291 1.789652 2.717075 6.361018 2.125723
 0.000198 1.846992 1.787546 2.715876 6.350414 1.912711
 0.000199 1.838459 1.784284 2.715067 6.337810 1.674122
 0.000199 1.828906 1.779674 2.714557 6.323137 1.416397
 0.000200 1.819332 1.773865 2.714251 6.307448 1.164652
 0.000200 1.811132 1.766502 2.714142 6.291776 0.937738
 0.000201 1.804701 1.757680 2.714243 6.276624 0.741721
 0.000201 1.800189 1.748045 2.714644 6.262878 0.583749
 0.000202 1.797738 1.737921 2.715396 6.251055 0.462990
 0.000202 1.797859 1.727625 2.716414 6.241898 0.379064
 0.000203 1.800770 1.717612 2.717832 6.236214 0.331188
 0.000203 1.806121 1.708398 2.719575 6.234094 0.314157
 0.000204 1.813615 1.700015 2.721707 6.235337 0.324090
 0.000204 1.822715 1.692795 2.724161 6.239671 0.359919
 0.000205 1.832399 1.687205 2.726868 6.246472 0.419937
 0.000205 1.841488 1.683420 2.729840 6.254748 0.499206
 0.000206 1.849334 1.681152 2.733137 6.263623 0.591826
 0.000206 1.854644 1.680245 2.736790 6.271678 0.682705
 0.000207 1.856686 1.680502 2.740810 6.277998 0.758543
 0.000207 1.854993 1.682065 2.745147 6.282205 0.811249
 0.000208 1.849933 1.684062 2.749842 6.283837 0.832171
 0.000208 1.841330 1.686428 2.754898 6.282656 0.816999
 0.000209 1.829657 1.688970 2.760303 6.278930 0.770071
 0.000209 1.816154 1.691576 2.765953 6.273682 0.706321
 0.000210 1.801642 1.693885 2.771849 6.267376 0.633357
 0.000210 1.786944 1.695525 2.778031 6.260500 0.558329
 0.000211 1.773682 1.697083 2.784399 6.255164 0.503365
 0.000211 1.762647 1.698536 2.790830 6.252013 0.472252
 0.000212 1.754603 1.699599 2.797446 6.251647 0.468698
 0.000212 1.750065 1.701005 2.804220 6.255290 0.504639
 0.000213 1.749476 1.702470 2.811056 6.263002 0.585087
 0.000213 1.752838 1.703453 2.818033 6.274323 0.713963
 0.000214 1.760076 1.704012 2.825046 6.289133 0.901903
 0.000214 1.770475 1.704154 2.832066 6.306695 1.153183
 0.000215 1.783563 1.703820 2.839137 6.326519 1.473904
 0.000215 1.798352 1.703087 2.846194 6.347633 1.858701
 0.000216 1.813732 1.701731 2.853282 6.368745 2.288026
 0.000216 1.828493 1.699585 2.860403 6.388480 2.729682
 0.000217 1.841631 1.696367 2.867348 6.405346 3.137965
 0.000217 1.852182 1.692487 2.874105 6.418774 3.483379
 0.000218 1.859426 1.688131 2.880730 6.428287 3.739005
 0.000218 1.862553 1.683308 2.887138 6.433000 3.868981
 0.000219 1.861331 1.678006 2.893299 6.432636 3.858873
 0.000219 1.856339 1.672739 2.899327 6.428404 3.742207
 0.000220 1.848387 1.668011 2.905186 6.421583 3.557927
 0.000220 1.838208 1.663741 2.910760 6.412709 3.325150
 0.000221 1.826811 1.660557 2.916038 6.403406 3.089568
 0.000221 1.815172 1.658371 2.920991 6.394535 2.872981
 0.000222 1.804406 1.656999 2.925658 6.387063 2.696656
 0.000222 1.795605 1.657059 2.930056 6.382720 2.596756
 0.000223 1.789529 1.658677 2.934134 6.382340 2.588104
 0.000223 1.787030 1.661447 2.937817 6.386294 2.678837
 0.000224 1.788186 1.665441 2.941187 6.394814 2.879682
 0.000224 1.792402 1.669715 2.944259 6.406375 3.163811
 0.000225 1.799451 1.674507 2.946989 6.420947 3.540980
 0.000225 1.808816 1.679332 2.949441 6.437589 3.997696
 0.000226 1.820136 1.683450 2.951588 6.455174 4.510401
 0.000226 1.833089 1.686364 2.953343 6.472795 5.055174
 0.000227 1.846318 1.687852 2.954730 6.488900 5.580218
 0.000227 1.859106 1.687586 2.955838 6.502530 6.044848
 0.000228 1.870818 1.685659 2.956637 6.513114 6.418443
 0.000228 1.880593 1.681747 2.957182 6.519523 6.650128
 0.000229 1.887686 1.676305 2.957479 6.521469 6.721312
 0.000229 1.891595 1.670257 2.957549 6.519401 6.645694
 0.000230 1.892505 1.663882 2.957503 6.513890 6.446299
 0.000230 1.889749 1.657402 2.957221 6.504373 6.109104
 0.000231 1.883755 1.651432 2.956819 6.492007 5.684485
 0.000231 1.875088 1.646169 2.956230 6.477486 5.205432
 0.000232 1.864675 1.642556 2.955457 6.462687 4.738873
 0.000232 1.853386 1.641176 2.954542 6.449104 4.329924
 0.000233 1.841803 1.642191 2.953454 6.437448 3.993718
 0.000233 1.830786 1.646120 2.952272 6.429178 3.763412
 0.000234 1.820957 1.653073 2.951047 6.425078 3.651755
 0.000234 1.812506 1.662730 2.949742 6.424978 3.649067
 0.000235 1.805775 1.674775 2.948273 6.428822 3.753656
 0.000235 1.801113 1.688067 2.946709 6.435889 3.949786
 0.000236 1.798246 1.702082 2.945048 6.445376 4.220906
 0.000236 1.797285 1.716367 2.943273 6.456925 4.563155
 0.000237 1.797936 1.730109 2.941417 6.469462 4.949751
 0.000237 1.800160 1.742427 2.939547 6.482134 5.356465
 0.000238 1.803393 1.752209 2.937659 6.493262 5.726882
 0.000238 1.806958 1.758357 2.935778 6.501094 5.995009
 0.000239 1.810208 1.760151 2.933928 6.504287 6.106097
 0.000239 1.812818 1.757939 2.932157 6.502914 6.058196
 0.000240 1.814607 1.751918 2.930423 6.496948 5.852332
 0.000240 1.815046 1.742495 2.928704 6.486244 5.491854
 0.000241 1.814393 1.730876 2.926922 6.472191 5.035963
 0.000241 1.812279 1.718021 2.925192 6.455492 4.519951
 0.000242 1.808764 1.704796 2.923573 6.437133 3.984812
 0.000242 1.803845 1.692334 2.922046 6.418226 3.468925
 0.000243 1.797906 1.682106 2.920572 6.400584 3.019799
 0.000243 1.790941 1.675192 2.919198 6.385331 2.656602
 0.000244 1.783059 1.671663 2.917919 6.372642 2.372149
 0.000244 1.774864 1.671757 2.916752 6.363372 2.174535
 0.000245 1.766488 1.675349 2.915745 6.357581 2.055455
 0.000245 1.758458 1.682260 2.914775 6.355493 2.013322
 0.000246 1.751200 1.692226 2.913831 6.357257 2.048877
 0.000246 1.745038 1.704506 2.913012 6.362556 2.157559
 0.000247 1.739821 1.718292 2.912326 6.370439 2.324420
 0.000247 1.735523 1.732709 2.911808 6.380040 2.536041
 0.000248 1.731896 1.746446 2.911416 6.389758 2.759609
 0.000248 1.728860 1.758503 2.911190 6.398553 2.970102
 0.000249 1.726310 1.768042 2.911116 6.405468 3.141027
 0.000249 1.723823 1.773965 2.911133 6.408920 3.228142
 0.000250 1.721139 1.775751 2.911331 6.408222 3.210437
 0.000250 1.718441 1.773363 2.911690 6.403494 3.091739
 0.000251 1.715642 1.766914 2.912211 6.394767 2.878549
 0.000251 1.712544 1.757387 2.912913 6.382844 2.599573
 0.000252 1.709450 1.745893 2.913749 6.369091 2.295445
 0.000252 1.706132 1.733100 2.914697 6.353929 1.982068
 0.000253 1.702757 1.720092 2.915782 6.338631 1.689190
 0.000253 1.699796 1.708060 2.916988 6.324844 1.445283
 0.000254 1.696959 1.698096 2.918287 6.313342 1.256347
 0.000254 1.694779 1.690760 2.919755 6.305294 1.132010
 0.000255 1.693187 1.686335 2.921398 6.300920 1.067155
 0.000255 1.691844 1.685152 2.923179 6.300175 1.056290
 0.000256 1.690550 1.687663 2.925052 6.303264 1.101675
 0.000256 1.689190 1.693114 2.926997 6.309301 1.193095
 0.000257 1.687257 1.701334 2.928896 6.317487 1.322899
 0.000257 1.684818 1.711527 2.930804 6.327149 1.484734
 0.000258 1.681871 1.723507 2.932688 6.338065 1.678806
 0.000258 1.678057 1.736475 2.934544 6.349075 1.886610
 0.000259 1.673499 1.749296 2.936367 6.359161 2.087607
 0.000259 1.668081 1.761239 2.938205 6.367525 2.262015
 0.000260 1.662119 1.771175 2.940003 6.373297 2.386449
 0.000260 1.655236 1.778314 2.941859 6.375409 2.432802
 0.000261 1.648024 1.781821 2.943735 6.373580 2.392630
 0.000261 1.640787 1.781703 2.945601 6.368090 2.274052
 0.000262 1.634159 1.778076 2.947382 6.359617 2.096938
 0.000262 1.628628 1.771199 2.949007 6.348834 1.881923
 0.000263 1.624335 1.761864 2.950573 6.336771 1.655178
 0.000263 1.621383 1.751317 2.952030 6.324730 1.443348
 0.000264 1.620112 1.740787 2.953301 6.314200 1.269978
 0.000264 1.620664 1.730816 2.954355 6.305836 1.140176
 0.000265 1.622821 1.722295 2.955319 6.300435 1.060083
 0.000265 1.625986 1.715918 2.956047 6.297951 1.024220
 0.000266 1.630350 1.711580 2.956531 6.298461 1.031534
 0.000266 1.635372 1.709918 2.956773 6.302063 1.083908
 0.000267 1.640351 1.711417 2.956839 6.308607 1.182406
 0.000267 1.645181 1.715658 2.956731 6.317570 1.324257
 0.000268 1.649292 1.722571 2.956429 6.328292 1.504491
 0.000268 1.651888 1.731657 2.955833 6.339377 1.702932
 0.000269 1.652659 1.742008 2.954977 6.349645 1.897682
 0.000269 1.651341 1.752832 2.953907 6.358080 2.065580
 0.000270 1.647814 1.763406 2.952640 6.363860 2.184730
 0.000270 1.642287 1.772573 2.951161 6.366022 2.230144
 0.000271 1.635152 1.779375 2.949432 6.363960 2.186809
 0.000271 1.627248 1.782899 2.947437 6.357584 2.055499
 0.000272 1.619041 1.783320 2.945204 6.347565 1.857387
 0.000272 1.611433 1.780759 2.942749 6.334941 1.622047
 0.000273 1.605052 1.775122 2.940084 6.320258 1.368363
 0.000273 1.600416 1.767294 2.937306 6.305017 1.127843
 0.000274 1.598202 1.757966 2.934505 6.290673 0.922697
 0.000274 1.598830 1.748085 2.931603 6.278518 0.764962
 0.000275 1.602424 1.738638 2.928598 6.269660 0.659322
 0.000275 1.608505 1.730164 2.925601 6.264270 0.598880
 0.000276 1.617219 1.723711 2.922599 6.263529 0.590802
 0.000276 1.628285 1.719666 2.919537 6.267488 0.634617
 0.000277 1.640459 1.718101 2.916398 6.274958 0.721566
 0.000277 1.653145 1.718776 2.913233 6.285154 0.849248
 0.000278 1.665709 1.721821 2.910020 6.297550 1.018487
 0.000278 1.677264 1.726918 2.906852 6.311033 1.220008
 0.000279 1.686780 1.733139 2.903666 6.323585 1.423949
 0.000279 1.693690 1.739883 2.900391 6.333964 1.604497
 0.000280 1.697632 1.747228 2.897096 6.341955 1.750841
 0.000280 1.698158 1.754667 2.893873 6.346698 1.840717
 0.000281 1.695206 1.761591 2.890750 6.347546 1.857021
 0.000281 1.689654 1.767463 2.887784 6.344901 1.806389
 0.000282 1.682222 1.772282 2.884884 6.339388 1.703121
 0.000282 1.673925 1.776189 2.881985 6.332100 1.571274
 0.000283 1.665704 1.779102 2.879231 6.324038 1.431609
 0.000283 1.658425 1.780971 2.876716 6.316112 1.300632
 0.000284 1.653427 1.781624 2.874263 6.309315 1.193319
 0.000284 1.650720 1.781046 2.871921 6.303687 1.107959
 0.000285 1.650946 1.780120 2.869738 6.300804 1.065460
 0.000285 1.654678 1.778961 2.867682 6.301321 1.073020
 0.000286 1.661827 1.777684 2.865845 6.305356 1.132944
 0.000286 1.671879 1.776226 2.864193 6.312298 1.239854
 0.000287 1.684604 1.775067 2.862677 6.322348 1.403155
 0.000287 1.699684 1.774199 2.861227 6.335110 1.625095
 0.000288 1.716441 1.774156 2.859872 6.350469 1.913775
 0.000288 1.734017 1.774886 2.858726 6.367629 2.264219
 0.000289 1.751113 1.775932 2.857638 6.384683 2.641685
 0.000289 1.767304 1.777097 2.856621 6.401022 3.030591
 0.000290 1.781366 1.778559 2.855667 6.415592 3.399901
 0.000290 1.792822 1.780684 2.854869 6.428375 3.741419
 0.000291 1.801206 1.783116 2.854183 6.438505 4.023643
 0.000291 1.806207 1.785877 2.853630 6.445714 4.230752
 0.000292 1.807525 1.788874 2.853135 6.449534 4.342585
 0.000292 1.805581 1.792257 2.852721 6.450560 4.372869
 0.000293 1.800895 1.795830 2.852477 6.449201 4.332797
 0.000293 1.793733 1.799491 2.852335 6.445558 4.226220
 0.000294 1.785045 1.803290 2.852297 6.440632 4.084204
 0.000294 1.776349 1.807001 2.852353 6.435703 3.944547
 0.000295 1.768867 1.810909 2.852464 6.432240 3.847882
 0.000295 1.763372 1.814786 2.852630 6.430787 3.807675
 0.000296 1.759761 1.818570 2.852817 6.431148 3.817652
 0.000296 1.757956 1.822012 2.853100 6.433067 3.870862
 0.000297 1.758557 1.825177 2.853449 6.437183 3.986237
 0.000297 1.761857 1.828024 2.853821 6.443703 4.172450
 0.000298 1.767684 1.830888 2.854230 6.452801 4.439419
 0.000298 1.775436 1.833436 2.854705 6.463577 4.766311
 0.000299 1.784856 1.835377 2.855161 6.475395 5.138161
 0.000299 1.795271 1.836282 2.855671 6.487224 5.524360
 0.000300 1.806423 1.836284 2.856191 6.498897 5.919188
 0.000300 1.817819 1.834834 2.856661 6.509314 6.283039
 0.000301 1.828750 1.832152 2.857143 6.518045 6.596354
 0.000301 1.838106 1.828100 2.857663 6.523869 6.809565
 0.000302 1.844941 1.823065 2.858164 6.526170 6.894763
 0.000302 1.849493 1.817141 2.858587 6.525221 6.859575
 0.000303 1.851808 1.811247 2.859017 6.522072 6.743428
 0.000303 1.851797 1.805797 2.859395 6.516990 6.558074
 0.000304 1.849331 1.800973 2.859691 6.509995 6.307205
 0.000304 1.844262 1.797268 2.859948 6.501478 6.008317
 0.000305 1.837126 1.794757 2.860203 6.492085 5.687140
 0.000305 1.828961 1.793284 2.860446 6.482690 5.374699
 0.000306 1.819797 1.792567 2.860684 6.473048 5.063199
 0.000306 1.810354 1.792670 2.860944 6.463968 4.778385
 0.000307 1.801029 1.794091 2.861135 6.456256 4.542942
 0.000307 1.792244 1.796245 2.861256 6.449745 4.348825
 0.000308 1.784900 1.798926 2.861343 6.445169 4.214917
 0.000308 1.779286 1.802261 2.861381 6.442928 4.150098
 0.000309 1.775385 1.806219 2.861267 6.442870 4.148428
 0.000309 1.773318 1.810253 2.861036 6.444607 4.198592
 0.000310 1.773302 1.813855 2.860817 6.447974 4.296746
 0.000310 1.774967 1.816816 2.860531 6.452314 4.424909
 0.000311 1.778181 1.818609 2.860107 6.456898 4.562322
 0.000311 1.782240 1.819109 2.859572 6.460921 4.684648
 0.000312 1.786914 1.818161 2.858939 6.464013 4.779796
 0.000312 1.792353 1.815308 2.858058 6.465720 4.832706
 0.000313 1.797976 1.810529 2.856975 6.465479 4.825226
 0.000313 1.802727 1.804057 2.855632 6.462416 4.730530
 0.000314 1.806499 1.795710 2.854100 6.456309 4.544563
 0.000314 1.809018 1.786127 2.852339 6.447484 4.282386
 0.000315 1.810009 1.776004 2.850440 6.436452 3.965628
 0.000315 1.809331 1.765161 2.848406 6.422898 3.593087
 0.000316 1.806881 1.754007 2.846219 6.407108 3.182260
 0.000316 1.802681 1.743621 2.843921 6.390223 2.770548
 0.000317 1.796892 1.734399 2.841509 6.372800 2.375598
 0.000317 1.789927 1.726212 2.838994 6.355133 2.006111
 0.000318 1.781607 1.719922 2.836337 6.337866 1.675154
 0.000318 1.772876 1.715469 2.833512 6.321858 1.394964
 0.000319 1.764005 1.713357 2.830580 6.307941 1.172188
 0.000319 1.755307 1.713367 2.827428 6.296102 0.997926
 0.000320 1.747447 1.715426 2.824146 6.287019 0.873732
 0.000320 1.740739 1.718811 2.820781 6.280331 0.787550
 0.000321 1.735610 1.723338 2.817356 6.276304 0.737829
 0.000321 1.732049 1.728218 2.813894 6.274161 0.712026
 0.000322 1.730142 1.732552 2.810407 6.273101 0.699427
 0.000322 1.729840 1.735420 2.806924 6.272184 0.688621
 0.000323 1.730174 1.736522 2.803430 6.270126 0.664683
 0.000323 1.731148 1.735444 2.799975 6.266567 0.624290
 0.000324 1.732452 1.731848 2.796489 6.260789 0.561394
 0.000324 1.733751 1.725782 2.792936 6.252470 0.476701
 0.000325 1.734971 1.717635 2.789298 6.241905 0.379122
 0.000325 1.735967 1.707864 2.785771 6.229601 0.279553
 0.000326 1.736031 1.697279 2.782353 6.215662 0.185044
 0.000326 1.735312 1.687144 2.778970 6.201426 0.108569
 0.000327 1.734011 1.678060 2.775712 6.187783 0.054302
 0.000327 1.731775 1.670235 2.772597 6.174606 0.019560
 0.000328 1.728744 1.664669 2.769583 6.162997 0.003337
 0.000328 1.724615 1.661867 2.766743 6.153225 0.000128
 0.000329 1.719455 1.662351 2.764140 6.145945 0.003945
 0.000329 1.714288 1.665944 2.761750 6.141983 0.008249
 0.000330 1.709236 1.672771 2.759576 6.141584 0.008770
 0.000330 1.704454 1.681966 2.757545 6.143966 0.005899
 0.000331 1.700693 1.693075 2.755662 6.149429 0.001457
 0.000331 1.698046 1.705501 2.753958 6.157506 0.000359
 0.000332 1.695976 1.718324 2.752459 6.166759 0.007117
 0.000332 1.694493 1.730917 2.751221 6.176632 0.023771
 0.000333 1.693912 1.742098 2.750290 6.186300 0.049526
 0.000333 1.694345 1.751171 2.749633 6.195149 0.081290
 0.000334 1.695705 1.758013 2.749275 6.202993 0.115995
 0.000334 1.697893 1.762447 2.749257 6.209597 0.149986
 0.000335 1.700541 1.764398 2.749588 6.214527 0.178202
 0.000335 1.703545 1.763913 2.750267 6.217725 0.197804
 0.000336 1.706815 1.761469 2.751143 6.219427 0.208654
 0.000336 1.709939 1.758322 2.752231 6.220493 0.215597
 0.000337 1.713266 1.755035 2.753579 6.221881 0.224806
 0.000337 1.716494 1.752267 2.755348 6.224109 0.239998
 0.000338 1.719859 1.750245 2.757439 6.227544 0.264381
 0.000338 1.723522 1.750311 2.759928 6.233761 0.311526
 0.000339 1.727436 1.752446 2.762672 6.242554 0.384795
 0.000339 1.731212 1.756790 2.765619 6.253620 0.488000
 0.000340 1.734654 1.763179 2.768828 6.266661 0.625341
 0.000340 1.737793 1.771391 2.772315 6.281499 0.802284
 0.000341 1.740966 1.781250 2.775991 6.298207 1.027877
 0.000341 1.744093 1.792477 2.779865 6.316435 1.305856
 0.000342 1.747414 1.804576 2.783968 6.335958 1.640415
 0.000342 1.750778 1.816692 2.788275 6.355746 2.018401
 0.000343 1.753679 1.828378 2.792660 6.374718 2.417586
 0.000343 1.755379 1.839021 2.797168 6.391568 2.802308
 0.000344 1.756381 1.847924 2.801785 6.406091 3.156653
 0.000344 1.757031 1.854054 2.806593 6.417678 3.454520
 0.000345 1.757391 1.857187 2.811505 6.426083 3.678964
 0.000345 1.757066 1.857296 2.816471 6.430832 3.808931
 0.000346 1.756291 1.854354 2.821487 6.432132 3.844885
 0.000346 1.754917 1.848098 2.826563 6.429578 3.774397
 0.000347 1.753588 1.839054 2.831697 6.424339 3.631819
 0.000347 1.752799 1.827924 2.836884 6.417607 3.452643
 0.000348 1.752805 1.815058 2.842127 6.409991 3.255413
 0.000348 1.753833 1.801350 2.847434 6.402616 3.069957
 0.000349 1.755605 1.787112 2.852688 6.395405 2.893865
 0.000349 1.757862 1.772645 2.857926 6.388434 2.728599
 0.000350 1.760634 1.758592 2.863174 6.382400 2.589467
 0.000350 1.764132 1.745782 2.868332 6.378246 2.495791
 0.000351 1.768295 1.734649 2.873395 6.376338 2.453345
 0.000351 1.772997 1.725479 2.878478 6.376953 2.466994
 0.000352 1.777996 1.718301 2.883543 6.379839 2.531506
 0.000352 1.782783 1.713311 2.888498 6.384592 2.639582
 0.000353 1.786823 1.710816 2.893313 6.390952 2.787728
 0.000353 1.789497 1.710719 2.898073 6.398290 2.963693
 0.000354 1.790559 1.712512 2.902882 6.405953 3.153189
 0.000354 1.789989 1.715785 2.907574 6.413349 3.341659
 0.000355 1.787799 1.720264 2.912049 6.420113 3.518806
 0.000355 1.783596 1.725457 2.916329 6.425382 3.659995
 0.000356 1.777316 1.730896 2.920449 6.428661 3.749225
 0.000356 1.769241 1.736041 2.924348 6.429629 3.775795
 0.000357 1.760092 1.740932 2.928030 6.429054 3.760000
 0.000357 1.750327 1.745009 2.931543 6.426878 3.700583
 0.000358 1.740556 1.748251 2.934847 6.423653 3.613363
 0.000358 1.731313 1.750958 2.937933 6.420204 3.521223
 0.000359 1.723225 1.752456 2.940718 6.416400 3.421011
 0.000359 1.716360 1.752921 2.943308 6.412589 3.322042
 0.000360 1.710456 1.752800 2.945745 6.409001 3.230199
 0.000360 1.706342 1.752542 2.948003 6.406886 3.176682
 0.000361 1.704192 1.752373 2.950034 6.406599 3.169441
 0.000361 1.704479 1.752512 2.951813 6.408804 3.225190
 0.000362 1.706879 1.753322 2.953335 6.413535 3.346487
 0.000362 1.711347 1.754981 2.954564 6.420892 3.539523
 0.000363 1.717018 1.757366 2.955487 6.429872 3.782463
 0.000363 1.723518 1.760849 2.956021 6.440388 4.077226
 0.000364 1.730756 1.765532 2.956257 6.452546 4.431798
 0.000364 1.737945 1.771348 2.956201 6.465494 4.825691
 0.000365 1.744477 1.777714 2.955846 6.478036 5.223197
 0.000365 1.749813 1.784448 2.955226 6.489487 5.599846
 0.000366 1.753545 1.791608 2.954343 6.499497 5.939846
 0.000366 1.755677 1.798966 2.953214 6.507857 6.231496
 0.000367 1.755689 1.805947 2.951787 6.513423 6.429525
 0.000367 1.753996 1.812003 2.950033 6.516031 6.523392
 0.000368 1.750772 1.817013 2.948057 6.515843 6.516599
 0.000368 1.746315 1.820276 2.945865 6.512456 6.394914
 0.000369 1.740745 1.821659 2.943526 6.505930 6.163654
 0.000369 1.734807 1.821361 2.940952 6.497120 5.858198
 0.000370 1.728687 1.819381 2.938156 6.486224 5.491175
 0.000370 1.722889 1.815737 2.935157 6.473783 5.086624
 0.000371 1.717821 1.810561 2.932038 6.460420 4.669332
 0.000371 1.713776 1.804104 2.928768 6.446648 4.257959
 0.000372 1.710972 1.796477 2.925417 6.432866 3.865272
 0.000372 1.709696 1.787899 2.921969 6.419564 3.504277
 0.000373 1.710422 1.778982 2.918515 6.407918 3.202750
 0.000373 1.713070 1.770053 2.914942 6.398065 2.958214
 0.000374 1.717712 1.761190 2.911292 6.390195 2.769883
 0.000374 1.724138 1.752793 2.907596 6.384527 2.638089
 0.000375 1.731818 1.745243 2.903812 6.380873 2.554824
 0.000375 1.740126 1.738520 2.899971 6.378617 2.504080
 0.000376 1.748506 1.732728 2.896109 6.377343 2.475663
 0.000376 1.756532 1.727720 2.892388 6.376640 2.460047
 0.000377 1.763357 1.723547 2.888780 6.375684 2.438888
 0.000377 1.768502 1.720152 2.885368 6.374022 2.402311
 0.000378 1.771472 1.717350 2.882114 6.370936 2.335147
 0.000378 1.771460 1.715510 2.879062 6.366032 2.230360
 0.000379 1.768365 1.714206 2.876156 6.358727 2.078744
 0.000379 1.762602 1.713156 2.873426 6.349184 1.888726
 0.000380 1.754172 1.712293 2.870893 6.337358 1.665873
 0.000380 1.743569 1.711063 2.868586 6.323219 1.417778
 0.000381 1.731785 1.709609 2.866422 6.307816 1.170271
 0.000381 1.719949 1.708135 2.864319 6.292403 0.946346
 0.000382 1.708591 1.706501 2.862360 6.277452 0.751841
 0.000382 1.698595 1.704709 2.860605 6.263909 0.594940
 0.000383 1.690510 1.702870 2.859070 6.252450 0.476509
 0.000383 1.684952 1.701268 2.857767 6.243986 0.397462
 0.000384 1.682202 1.700104 2.856651 6.238957 0.353891
 0.000384 1.682370 1.699414 2.855760 6.237543 0.342094
 0.000385 1.685552 1.699417 2.855090 6.240059 0.363218
 0.000385 1.691627 1.700335 2.854664 6.246626 0.421352
 0.000386 1.699957 1.702062 2.854431 6.256450 0.516361
 0.000386 1.709945 1.704435 2.854367 6.268746 0.648873
 0.000387 1.720618 1.707355 2.854514 6.282487 0.814845
 0.000387 1.730792 1.711145 2.854916 6.296853 1.008568
 0.000388 1.739359 1.715569 2.855521 6.310449 1.210898
 0.000388 1.745525 1.720243 2.856297 6.322064 1.398408
 0.000389 1.748580 1.725167 2.857258 6.331005 1.551917
 0.000389 1.748231 1.730282 2.858435 6.336947 1.658373
 0.000390 1.744777 1.735611 2.859716 6.340103 1.716352
 0.000390 1.738544 1.741084 2.861132 6.340760 1.728542
 0.000391 1.730161 1.747094 2.862716 6.339971 1.713901
 0.000391 1.720262 1.753314 2.864377 6.337953 1.676753
 0.000392 1.709653 1.760041 2.866096 6.335790 1.637365
 0.000392 1.699691 1.767678 2.867956 6.335326 1.628983
 0.000393 1.691475 1.776029 2.869866 6.337369 1.666073
 0.000393 1.685546 1.784880 2.871913 6.342339 1.758020
 0.000394 1.682106 1.793799 2.874045 6.349950 1.903647
 0.000394 1.681314 1.802313 2.876313 6.359940 2.103546
 0.000395 1.683164 1.809966 2.878695 6.371825 2.354399
 0.000395 1.687084 1.816951 2.881169 6.385204 2.653672
 0.000396 1.693211 1.822877 2.883671 6.399758 2.999543
 0.000396 1.701229 1.827330 2.886215 6.414775 3.378627
 0.000397 1.710681 1.830140 2.888616 6.429437 3.770506
 0.000397 1.720718 1.830990 2.890931 6.442639 4.141781
 0.000398 1.730703 1.830219 2.893151 6.454074 4.477426
 0.000398 1.740442 1.827014 2.895275 6.462730 4.740207
 0.000399 1.749996 1.821831 2.897354 6.469181 4.940910
 0.000399 1.758119 1.814593 2.899298 6.472010 5.030249
 0.000400 1.764235 1.805985 2.901110 6.471330 5.008703
 0.000400 1.768302 1.795859 2.902883 6.467044 4.873955
 0.000401 1.770454 1.784706 2.904516 6.459677 4.646645
 0.000401 1.771055 1.773205 2.906088 6.450348 4.366622
 0.000402 1.770052 1.761733 2.907552 6.439337 4.047272
 0.000402 1.767462 1.750496 2.908932 6.426890 3.700910
 0.000403 1.763503 1.740070 2.910201 6.413774 3.352659
 0.000403 1.758696 1.731028 2.911277 6.401001 3.030068
 0.000404 1.753944 1.723336 2.912244 6.389524 2.754122
 0.000404 1.749129 1.717091 2.913069 6.379288 2.519133
 0.000405 1.744734 1.712787 2.913807 6.371329 2.343635
 0.000405 1.741615 1.710214 2.914437 6.366267 2.235330
 0.000406 1.739849 1.709432 2.914951 6.364232 2.192501
 0.000406 1.739421 1.710480 2.915210 6.365111 2.210950
 0.000407 1.740338 1.713145 2.915254 6.368738 2.287878
 0.000407 1.742097 1.717176 2.915213 6.374486 2.412485
 0.000408 1.744347 1.721408 2.915085 6.380840 2.554075
 0.000408 1.747067 1.725165 2.914768 6.386999 2.695188
 0.000409 1.749894 1.728501 2.914292 6.392687 2.828865
 0.000409 1.752115 1.731302 2.913752 6.397169 2.936464
 0.000410 1.753278 1.733404 2.913114 6.399796 3.000473
 0.000410 1.753427 1.734082 2.912383 6.399892 3.002823
 0.000411 1.752750 1.733569 2.911447 6.397766 2.950951
 0.000411 1.750445 1.732213 2.910388 6.393046 2.837395
 0.000412 1.746321 1.730188 2.909172 6.385681 2.664664
 0.000412 1.740938 1.727963 2.907913 6.376813 2.463881
 0.000413 1.734837 1.725843 2.906519 6.367199 2.255075
 0.000413 1.727998 1.724764 2.905018 6.357779 2.059472
 0.000414 1.720912 1.724896 2.903485 6.349292 1.890830
 0.000414 1.713770 1.726539 2.901854 6.342163 1.754723
 0.000415 1.706793 1.729929 2.900176 6.336898 1.657476
 0.000415 1.700510 1.734948 2.898580 6.334038 1.605828
 0.000416 1.695421 1.741383 2.897012 6.333816 1.601842
 0.000416 1.692078 1.749266 2.895368 6.336712 1.654102
 0.000417 1.690350 1.758506 2.893688 6.342545 1.761884
 0.000417 1.690185 1.769219 2.892088 6.351492 1.933851
 0.000418 1.691534 1.780584 2.890480 6.362598 2.158434
 0.000418 1.694107 1.792116 2.888843 6.375066 2.425246
 0.000419 1.697309 1.803053 2.887192 6.387554 2.708079
 0.000419 1.700680 1.813315 2.885435 6.399430 2.991519
 0.000420 1.704204 1.822468 2.883641 6.410313 3.263635
 0.000420 1.707532 1.829979 2.881826 6.419337 3.498270
 0.000421 1.710382 1.835473 2.880074 6.425929 3.674796
 0.000421 1.712142 1.839124 2.878423 6.429689 3.777451
 0.000422 1.712877 1.840760 2.876910 6.430546 3.801045
 0.000422 1.712626 1.840352 2.875367 6.428344 3.740558
 0.000423 1.711537 1.837890 2.873891 6.423318 3.604361
 0.000423 1.709448 1.833813 2.872453 6.415714 3.403090
 0.000424 1.707143 1.829087 2.871102 6.407332 3.187929
 0.000424 1.704960 1.824109 2.869838 6.398907 2.978726
 0.000425 1.702989 1.819359 2.868617 6.390966 2.788058
 0.000425 1.701047 1.815345 2.867449 6.383842 2.622379
 0.000426 1.699731 1.812215 2.866347 6.378293 2.496843
 0.000426 1.699181 1.810205 2.865284 6.374670 2.416528
 0.000427 1.699081 1.809623 2.864230 6.372934 2.378518
 0.000427 1.699526 1.810670 2.863271 6.373467 2.390159
 0.000428 1.700769 1.813345 2.862464 6.376578 2.458656
 0.000428 1.702724 1.817471 2.861640 6.381835 2.576615
 0.000429 1.704753 1.822676 2.860828 6.388257 2.724461
 0.000429 1.706996 1.828321 2.860091 6.395408 2.893956
 0.000430 1.709515 1.833688 2.859414 6.402616 3.069967
 0.000430 1.711614 1.838622 2.858753 6.408989 3.229908
 0.000431 1.713080 1.842467 2.858137 6.413684 3.350331
 0.000431 1.713979 1.844345 2.857673 6.415996 3.410451
 0.000432 1.714188 1.843951 2.857286 6.415426 3.395582
 0.000432 1.713648 1.841157 2.856949 6.411754 3.300558
 0.000433 1.712740 1.835823 2.856691 6.405254 3.135661
 0.000433 1.711840 1.828065 2.856479 6.396383 2.917457
 0.000434 1.711339 1.818208 2.856369 6.385916 2.670090
 0.000434 1.711095 1.806932 2.856291 6.374318 2.408801
 0.000435 1.711475 1.794359 2.856290 6.362124 2.148592
 0.000435 1.712581 1.781287 2.856424 6.350292 1.910326
 0.000436 1.714544 1.768890 2.856666 6.340100 1.716299
 0.000436 1.717367 1.757484 2.857036 6.331887 1.567507
 0.000437 1.720893 1.747549 2.857543 6.325986 1.464753
 0.000437 1.725448 1.739918 2.858168 6.323533 1.423083
 0.000438 1.730684 1.734627 2.858849 6.324161 1.433686
 0.000438 1.736329 1.731792 2.859577 6.327698 1.494208
 0.000439 1.742500 1.731482 2.860381 6.334363 1.611653
 0.000439 1.748648 1.733634 2.861287 6.343568 1.781152
 0.000440 1.754885 1.737950 2.862380 6.355214 2.007745
 0.000440 1.760426 1.744340 2.863625 6.368391 2.280475
 0.000441 1.765059 1.752060 2.864969 6.382088 2.582372
 0.000441 1.768618 1.760535 2.866345 6.395497 2.896085
 0.000442 1.771041 1.769074 2.867729 6.407844 3.200860
 0.000442 1.771755 1.776955 2.869163 6.417873 3.459653
 0.000443 1.771113 1.783634 2.870676 6.425422 3.661067
 0.000443 1.769139 1.788297 2.872170 6.429606 3.775152
 0.000444 1.765744 1.790821 2.873647 6.430211 3.791789
 0.000444 1.761305 1.791315 2.875004 6.427624 3.720898
 0.000445 1.756118 1.789654 2.876191 6.421964 3.568082
 0.000445 1.750646 1.785800 2.877234 6.413679 3.350209
 0.000446 1.745522 1.779938 2.878189 6.403650 3.095619
 0.000446 1.741044 1.772876 2.879104 6.393024 2.836873
 0.000447 1.737710 1.765202 2.879964 6.382876 2.600313
 0.000447 1.736097 1.757452 2.880748 6.374297 2.408336
 0.000448 1.736514 1.750254 2.881464 6.368232 2.277062
 0.000448 1.738823 1.744109 2.882045 6.364977 2.208131
 0.000449 1.743051 1.738915 2.882504 6.364470 2.197492
 0.000449 1.749199 1.735460 2.882870 6.367529 2.262103
 0.000450 1.756717 1.734297 2.883134 6.374148 2.405070
 0.000450 1.765164 1.735354 2.883268 6.383785 2.621084
 0.000451 1.774319 1.738480 2.883090 6.395890 2.905545
 0.000451 1.783303 1.743255 2.882712 6.409270 3.237049
 0.000452 1.790993 1.749648 2.882087 6.422729 3.588557
 0.000452 1.797074 1.757414 2.881202 6.435690 3.944197
 0.000453 1.800957 1.766688 2.880028 6.447673 4.287911
 0.000453 1.802287 1.776621 2.878568 6.457477 4.579840
 0.000454 1.800704 1.786198 2.876854 6.463756 4.771850
 0.000454 1.796285 1.795039 2.874850 6.466174 4.846818
 0.000455 1.789457 1.802596 2.872565 6.464619 4.798530
 0.000455 1.780829 1.808730 2.869926 6.459484 4.640786
 0.000456 1.771088 1.813663 2.866911 6.451662 4.405520
 0.000456 1.761025 1.817378 2.863663 6.442066 4.125289
 0.000457 1.751105 1.819738 2.860103 6.430946 3.812067
 0.000457 1.742129 1.820245 2.856248 6.418622 3.479376
 0.000458 1.734606 1.819356 2.852120 6.406083 3.156462
 0.000458 1.729268 1.817037 2.847681 6.393986 2.859849
 0.000459 1.726585 1.813426 2.843039 6.383050 2.604264
 0.000459 1.726883 1.809190 2.838228 6.374302 2.408456
 0.000460 1.730018 1.804416 2.833173 6.367607 2.263754
 0.000460 1.735905 1.799733 2.827896 6.363534 2.177922
 0.000461 1.744085 1.795007 2.822347 6.361440 2.134436
 0.000461 1.754474 1.790458 2.816598 6.361530 2.136292
 0.000462 1.765874 1.786608 2.810725 6.363207 2.171107
 0.000462 1.777689 1.783336 2.804640 6.365665 2.222613
 0.000463 1.789435 1.780536 2.798399 6.368370 2.280022
 0.000463 1.800070 1.777912 2.792022 6.370004 2.315038
 0.000464 1.808784 1.775680 2.785514 6.369978 2.314482
 0.000464 1.815045 1.773941 2.778951 6.367937 2.270784
 0.000465 1.818605 1.772429 2.772402 6.363436 2.175878
 0.000465 1.819331 1.770940 2.765939 6.356209 2.027725
 0.000466 1.817330 1.769413 2.759585 6.346328 1.833615
 0.000466 1.813252 1.767460 2.753394 6.334107 1.607048
 0.000467 1.807795 1.764817 2.747357 6.319969 1.363589
 0.000467 1.801427 1.762027 2.741453 6.304907 1.126192
 0.000468 1.794463 1.759108 2.735656 6.289227 0.903156
 0.000468 1.787759 1.756044 2.730045 6.273848 0.708291
 0.000469 1.782295 1.753056 2.724653 6.260004 0.553105
 0.000469 1.778794 1.750839 2.719557 6.249191 0.445220
 0.000470 1.777441 1.749210 2.714678 6.241328 0.374117
 0.000470 1.778758 1.748359 2.710203 6.237319 0.340244
 0.000471 1.782625 1.748581 2.706075 6.237281 0.339925
 0.000471 1.789124 1.749664 2.702354 6.241142 0.372507
 0.000472 1.798321 1.751879 2.698972 6.249172 0.445039
 0.000472 1.809479 1.754870 2.695863 6.260211 0.555286
 0.000473 1.822320 1.758982 2.693092 6.274395 0.714822
 0.000473 1.835990 1.763887 2.690599 6.290476 0.920022
 0.000474 1.849213 1.769186 2.688369 6.306767 1.154284
 0.000474 1.861304 1.774692 2.686475 6.322471 1.405214
 0.000475 1.871608 1.780571 2.684882 6.337061 1.660450
 0.000475 1.879080 1.786601 2.683643 6.349324 1.891440
 0.000476 1.883254 1.792370 2.682710 6.358333 2.070717
 0.000476 1.883988 1.797780 2.682027 6.363794 2.183358
 0.000477 1.881272 1.802670 2.681552 6.365494 2.219008
 0.000477 1.875403 1.806545 2.681320 6.363269 2.172392
 0.000478 1.866899 1.809262 2.681379 6.357540 2.054617
 0.000478 1.856217 1.811130 2.681683 6.349030 1.885720
 0.000479 1.844146 1.812136 2.682231 6.338513 1.687014
 0.000479 1.831364 1.812410 2.683005 6.326780 1.478386
 0.000480 1.818693 1.812018 2.683929 6.314641 1.277010
 0.000480 1.806651 1.811267 2.685071 6.302988 1.097582
 0.000481 1.795931 1.810355 2.686420 6.292707 0.950539
 0.000481 1.787288 1.809514 2.688024 6.284827 0.844988
 0.000482 1.780751 1.807987 2.689883 6.278621 0.766239
 0.000482 1.776507 1.805799 2.691902 6.274208 0.712578
 0.000483 1.775080 1.803288 2.694096 6.272464 0.691916
 0.000483 1.776669 1.799965 2.696524 6.273157 0.700092
 0.000484 1.780869 1.796072 2.699067 6.276008 0.734239
 0.000484 1.787180 1.791460 2.701781 6.280422 0.788699
 0.000485 1.794896 1.786165 2.704679 6.285741 0.856917
 0.000485 1.803456 1.779889 2.707692 6.291037 0.927652
 0.000486 1.811715 1.772697 2.710809 6.295221 0.985514
 0.000486 1.819043 1.764944 2.714061 6.298048 1.025606
 0.000487 1.824143 1.756699 2.717395 6.298236 1.028296
 0.000487 1.827276 1.748290 2.720790 6.296356 1.001512
 0.000488 1.828261 1.739923 2.724200 6.292383 0.946081
 0.000488 1.826465 1.731889 2.727590 6.285944 0.859575
 0.000489 1.822181 1.724487 2.730930 6.277597 0.753621
 0.000489 1.815831 1.718013 2.734232 6.268076 0.641256
 0.000490 1.808016 1.712778 2.737489 6.258283 0.535156
 0.000490 1.799813 1.709171 2.740741 6.249725 0.450277
 0.000491 1.791913 1.707899 2.743978 6.243791 0.395724
 0.000491 1.785172 1.708975 2.747206 6.241353 0.374334
 0.000492 1.780382 1.712349 2.750345 6.243076 0.389391
 0.000492 1.777452 1.717655 2.753377 6.248484 0.438581
 0.000493 1.777199 1.724456 2.756312 6.257967 0.531886
 0.000493 1.779874 1.732216 2.759112 6.271202 0.677151
 0.000494 1.785167 1.740911 2.761722 6.287800 0.884089
 0.000494 1.792975 1.749842 2.764093 6.306911 1.156468
 0.000495 1.802669 1.758210 2.766207 6.327085 1.483636
 0.000495 1.813482 1.765269 2.768033 6.346783 1.842353
 0.000496 1.825405 1.771096 2.769618 6.366119 2.232208
 0.000496 1.837735 1.775536 2.770999 6.384269 2.632170
 0.000497 1.850219 1.778257 2.772112 6.400587 3.019896
 0.000497 1.861966 1.779480 2.772933 6.414379 3.368350
 0.000498 1.872280 1.778802 2.773475 6.424557 3.637692
 0.000498 1.881187 1.776531 2.773670 6.431388 3.824293
 0.000499 1.888478 1.773003 2.773600 6.435081 3.927086
 0.000499 1.893723 1.769234 2.773369 6.436326 3.962072
 0.000500 1.896723 1.765345 2.772865 6.434934 3.922970
