#! FIELDS time dAB dAC rc bias
 0.000000 2.022160 3.022226 5.044386 14.070725
 0.000000 2.020778 3.026799 5.047577 14.217714
 0.000001 2.017785 3.030989 5.048775 14.273065
 0.000001 2.013383 3.034840 5.048223 14.247542
 0.000002 2.007805 3.038437 5.046242 14.156121
 0.000002 2.001582 3.041739 5.043321 14.021834
 0.000003 1.994760 3.044678 5.039438 13.844338
 0.000003 1.988039 3.047238 5.035277 13.655375
 0.000004 1.981431 3.049457 5.030888 13.457461
 0.000004 1.975495 3.051261 5.026756 13.272430
 0.000005 1.970824 3.052756 5.023580 13.131114
 0.000005 1.967617 3.053813 5.021430 13.035880
 0.000006 1.965902 3.054385 5.020287 12.985345
 0.000006 1.965856 3.054573 5.020429 12.991645
 0.000007 1.967580 3.054436 5.022016 13.061780
 0.000007 1.970993 3.053946 5.024939 13.191477
 0.000008 1.975908 3.053125 5.029034 13.374254
 0.000008 1.981952 3.051958 5.033910 13.593565
 0.000009 1.989036 3.050516 5.039552 13.849520
 0.000009 1.996647 3.048690 5.045337 14.114428
 0.000010 2.004687 3.046567 5.051254 14.388033
 0.000010 2.012961 3.044087 5.057048 14.658457
 0.000011 2.021503 3.041356 5.062859 14.932200
 0.000011 2.030144 3.038386 5.068530 15.201782
 0.000012 2.038060 3.035210 5.073269 15.428939
 0.000012 2.044854 3.031905 5.076759 15.597292
 0.000013 2.050453 3.028202 5.078655 15.689126
 0.000013 2.055260 3.024074 5.079334 15.722073
 0.000014 2.058692 3.019557 5.078249 15.669459
 0.000014 2.060134 3.014671 5.074806 15.502949
 0.000015 2.060088 3.009457 5.069545 15.250306
 0.000015 2.058415 3.003882 5.062297 14.905608
 0.000016 2.055086 2.997895 5.052981 14.468340
 0.000016 2.050554 2.991557 5.042111 13.966423
 0.000017 2.044988 2.984835 5.029823 13.409619
 0.000017 2.038397 2.977773 5.016170 12.804304
 0.000018 2.031640 2.970607 5.002247 12.201375
 0.000018 2.024762 2.963309 4.988072 11.602492
 0.000019 2.017915 2.955846 4.973761 11.013155
 0.000019 2.011462 2.948412 4.959874 10.455949
 0.000020 2.005793 2.940936 4.946729 9.941879
 0.000020 2.001046 2.933516 4.934563 9.477581
 0.000021 1.997549 2.926040 4.923589 9.068348
 0.000021 1.995138 2.918654 4.913792 8.710628
 0.000022 1.993536 2.911375 4.904911 8.392563
 0.000022 1.992718 2.904265 4.896983 8.113601
 0.000023 1.992747 2.897375 4.890122 7.876033
 0.000023 1.993014 2.890789 4.883803 7.660346
 0.000024 1.993875 2.884457 4.878332 7.476018
 0.000024 1.994937 2.878286 4.873223 7.305903
 0.000025 1.996133 2.872370 4.868503 7.150462
 0.000025 1.996982 2.866742 4.863723 6.994803
 0.000026 1.996849 2.861498 4.858347 6.821733
 0.000026 1.995547 2.856421 4.851968 6.619213
 0.000027 1.993189 2.851653 4.844842 6.396556
 0.000027 1.989899 2.847042 4.836942 6.154198
 0.000028 1.985252 2.842489 4.827741 5.877837
 0.000028 1.979396 2.838115 4.817511 5.577989
 0.000029 1.972709 2.833843 4.806552 5.265490
 0.000029 1.966154 2.829749 4.795904 4.970489
 0.000030 1.959965 2.825854 4.785819 4.698947
 0.000030 1.954303 2.822062 4.776365 4.451296
 0.000031 1.949142 2.818552 4.767694 4.230069
 0.000031 1.944702 2.815181 4.759883 4.035582
 0.000032 1.941494 2.811954 4.753449 3.878839
 0.000032 1.939303 2.808951 4.748254 3.754545
 0.000033 1.938801 2.806013 4.744814 3.673356
 0.000033 1.939854 2.803029 4.742882 3.628154
 0.000034 1.942257 2.800137 4.742395 3.616784
 0.000034 1.945728 2.797427 4.743156 3.634538
 0.000035 1.950322 2.794880 4.745202 3.682461
 0.000035 1.955944 2.792524 4.748468 3.759637
 0.000036 1.962398 2.790261 4.752659 3.859826
 0.000036 1.969392 2.788130 4.757522 3.977712
 0.000037 1.976063 2.786138 4.762201 4.092816
 0.000037 1.982041 2.784325 4.766366 4.196665
 0.000038 1.987166 2.782652 4.769818 4.283728
 0.000038 1.991692 2.781166 4.772859 4.361158
 0.000039 1.994956 2.779886 4.774843 4.412051
 0.000039 1.997103 2.778701 4.775804 4.436810
 0.000040 1.997849 2.777624 4.775473 4.428284
 0.000040 1.997775 2.776713 4.774489 4.402943
 0.000041 1.997051 2.775866 4.772917 4.362639
 0.000041 1.996001 2.775095 4.771096 4.316183
 0.000042 1.995080 2.774498 4.769578 4.277661
 0.000042 1.994428 2.774108 4.768536 4.251299
 0.000043 1.994140 2.773884 4.768024 4.238380
 0.000043 1.994622 2.773770 4.768392 4.247671
 0.000044 1.995999 2.773769 4.769768 4.282453
 0.000044 1.997983 2.773916 4.771900 4.336659
 0.000045 2.001161 2.774203 4.775364 4.425469
 0.000045 2.005272 2.774539 4.779811 4.540782
 0.000046 2.010134 2.774956 4.785089 4.679590
 0.000046 2.015624 2.775448 4.791072 4.839438
 0.000047 2.021043 2.775982 4.797025 5.001146
 0.000047 2.026511 2.776396 4.802907 5.163565
 0.000048 2.031693 2.776858 4.808551 5.321826
 0.000048 2.036116 2.777372 4.813488 5.462224
 0.000049 2.039376 2.778095 4.817471 5.576827
 0.000049 2.041680 2.778957 4.820636 5.668763
 0.000050 2.042518 2.779894 4.822412 5.720658
 0.000050 2.041755 2.780905 4.822661 5.727943
 0.000051 2.039435 2.782040 4.821475 5.693237
 0.000051 2.035254 2.783232 4.818487 5.606244
 0.000052 2.029428 2.784461 4.813889 5.473720
 0.000052 2.022396 2.785600 4.807996 5.306156
 0.000053 2.014529 2.786716 4.801245 5.117408
 0.000053 2.005947 2.787799 4.793746 4.911748
 0.000054 1.996984 2.788861 4.785845 4.699625
 0.000054 1.988208 2.789848 4.778056 4.495099
 0.000055 1.979282 2.790762 4.770044 4.289467
 0.000055 1.970525 2.791662 4.762186 4.092466
 0.000056 1.962308 2.792413 4.754721 3.909598
 0.000056 1.955164 2.793093 4.748256 3.754605
 0.000057 1.948850 2.793779 4.742629 3.622248
 0.000057 1.943451 2.794447 4.737899 3.512830
 0.000058 1.938883 2.795057 4.733941 3.422556
 0.000058 1.935192 2.795699 4.730890 3.353787
 0.000059 1.932371 2.796292 4.728663 3.304023
 0.000059 1.930547 2.796699 4.727246 3.272558
 0.000060 1.929420 2.796986 4.726406 3.253959
 0.000060 1.928762 2.797214 4.725976 3.244469
 0.000061 1.928228 2.797466 4.725694 3.238252
 0.000061 1.928062 2.797677 4.725739 3.239255
 0.000062 1.927708 2.797896 4.725603 3.236253
 0.000062 1.927289 2.798036 4.725325 3.230120
 0.000063 1.926786 2.798090 4.724876 3.220258
 0.000063 1.926119 2.798034 4.724153 3.204378
 0.000064 1.924827 2.797876 4.722703 3.172667
 0.000064 1.922943 2.797654 4.720597 3.126903
 0.000065 1.920634 2.797308 4.717943 3.069674
 0.000065 1.918064 2.796880 4.714943 3.005649
 0.000066 1.915454 2.796293 4.711747 2.938172
 0.000066 1.913095 2.795526 4.708622 2.872921
 0.000067 1.910759 2.794575 4.705335 2.805088
 0.000067 1.908780 2.793448 4.702228 2.741729
 0.000068 1.907561 2.792077 4.699638 2.689444
 0.000068 1.907162 2.790536 4.697698 2.650629
 0.000069 1.907894 2.788853 4.696747 2.631703
 0.000069 1.909289 2.787063 4.696352 2.623864
 0.000070 1.911277 2.785133 4.696410 2.625006
 0.000070 1.913924 2.783049 4.696973 2.636200
 0.000071 1.917268 2.780675 4.697943 2.655511
 0.000071 1.921109 2.778089 4.699198 2.680622
 0.000072 1.925837 2.775320 4.701157 2.720055
 0.000072 1.931123 2.772417 4.703540 2.768396
 0.000073 1.936583 2.769375 4.705958 2.817883
 0.000073 1.942189 2.766298 4.708487 2.870116
 0.000074 1.947533 2.763337 4.710869 2.919768
 0.000074 1.952501 2.760363 4.712864 2.961658
 0.000075 1.956803 2.757474 4.714276 2.991499
 0.000075 1.959945 2.754612 4.714557 2.997450
 0.000076 1.962019 2.751893 4.713913 2.983805
 0.000076 1.962890 2.749279 4.712169 2.947028
 0.000077 1.963359 2.746729 4.710088 2.903442
 0.000077 1.964063 2.744302 4.708365 2.867602
 0.000078 1.964990 2.741994 4.706984 2.839018
 0.000078 1.966371 2.739804 4.706175 2.822346
 0.000079 1.968691 2.737745 4.706436 2.827728
 0.000079 1.971981 2.735890 4.707871 2.857363
 0.000080 1.975961 2.734188 4.710149 2.904719
 0.000080 1.981348 2.732693 4.714041 2.986522
 0.000081 1.988440 2.731398 4.719838 3.110474
 0.000081 1.997307 2.730427 4.727734 3.283371
 0.000082 2.007762 2.729715 4.737477 3.503146
 0.000082 2.019843 2.729199 4.749041 3.773254
 0.000083 2.032744 2.728810 4.761554 4.076817
 0.000083 2.046369 2.728539 4.774908 4.413730
 0.000084 2.061103 2.728411 4.789515 4.797563
 0.000084 2.076675 2.728474 4.805149 5.226142
 0.000085 2.092452 2.728630 4.821082 5.681756
 0.000085 2.108124 2.728671 4.836795 6.149752
 0.000086 2.122880 2.728781 4.851660 6.609515
 0.000086 2.136642 2.728860 4.865502 7.052534
 0.000087 2.149094 2.728795 4.877889 7.461188
 0.000087 2.159510 2.728676 4.888186 7.809629
 0.000088 2.168123 2.728638 4.896762 8.105894
 0.000088 2.174802 2.728636 4.903438 8.340367
 0.000089 2.179123 2.728703 4.907826 8.496304
 0.000089 2.180758 2.728695 4.909453 8.554485
 0.000090 2.179853 2.728778 4.908631 8.525068
 0.000090 2.177094 2.728934 4.906028 8.432241
 0.000091 2.172978 2.729097 4.902075 8.292244
 0.000091 2.167448 2.729272 4.896720 8.104448
 0.000092 2.160784 2.729544 4.890329 7.883130
 0.000092 2.153219 2.729854 4.883072 7.635588
 0.000093 2.145308 2.730263 4.875571 7.383835
 0.000093 2.137265 2.730649 4.867914 7.131203
 0.000094 2.129762 2.731100 4.860861 6.902402
 0.000094 2.122619 2.731715 4.854333 6.693950
 0.000095 2.116158 2.732444 4.848603 6.513591
 0.000095 2.110276 2.733279 4.843555 6.356763
 0.000096 2.104586 2.734292 4.838878 6.213170
 0.000096 2.099206 2.735570 4.834776 6.088559
 0.000097 2.094028 2.737064 4.831092 5.977749
 0.000097 2.088991 2.738601 4.827593 5.873422
 0.000098 2.083798 2.740162 4.823960 5.766076
 0.000098 2.078529 2.741839 4.820369 5.660956
 0.000099 2.073041 2.743597 4.816639 5.552785
 0.000099 2.066796 2.745403 4.812199 5.425399
 0.000100 2.059416 2.747311 4.806726 5.270398
 0.000100 2.050747 2.749404 4.800151 5.087139
 0.000101 2.041224 2.751569 4.792793 4.885928
 0.000101 2.031008 2.753868 4.784876 4.673950
 0.000102 2.020182 2.756197 4.776379 4.451664
 0.000102 2.009578 2.758547 4.768125 4.240921
 0.000103 1.999590 2.760884 4.760474 4.050155
 0.000103 1.990276 2.763229 4.753505 3.880203
 0.000104 1.981679 2.765553 4.747232 3.730334
 0.000104 1.974354 2.767847 4.742202 3.612291
 0.000105 1.968748 2.770152 4.738899 3.535832
 0.000105 1.965158 2.772416 4.737574 3.505377
 0.000106 1.963817 2.774600 4.738417 3.524726
 0.000106 1.964620 2.776809 4.741429 3.594319
 0.000107 1.967234 2.779118 4.746352 3.709539
 0.000107 1.971545 2.781460 4.753005 3.868143
 0.000108 1.977163 2.783717 4.760879 4.060146
 0.000108 1.983770 2.786006 4.769775 4.282654
 0.000109 1.990709 2.788261 4.778971 4.518885
 0.000109 1.997105 2.790637 4.787742 4.750141
 0.000110 2.002762 2.793102 4.795864 4.969392
 0.000110 2.007098 2.795614 4.802712 5.158125
 0.000111 2.009825 2.798167 4.807992 5.306048
 0.000111 2.010960 2.800759 4.811719 5.411706
 0.000112 2.010135 2.803333 4.813468 5.461646
 0.000112 2.007782 2.805911 4.813693 5.468099
 0.000113 2.003944 2.808643 4.812587 5.436480
 0.000113 1.998904 2.811482 4.810386 5.373811
 0.000114 1.992630 2.814430 4.807059 5.279760
 0.000114 1.986069 2.817451 4.803520 5.180622
 0.000115 1.980096 2.820493 4.800589 5.099250
 0.000115 1.975384 2.823710 4.799094 5.057981
 0.000116 1.972452 2.826956 4.799408 5.066643
 0.000116 1.970936 2.830300 4.801236 5.117163
 0.000117 1.971138 2.833698 4.804836 5.217378
 0.000117 1.973105 2.837141 4.810246 5.369819
 0.000118 1.977006 2.840691 4.817697 5.583357
 0.000118 1.982321 2.844171 4.826492 5.840796
 0.000119 1.988977 2.847678 4.836655 6.145481
 0.000119 1.996716 2.851073 4.847789 6.488187
 0.000120 2.005468 2.854326 4.859794 6.868093
 0.000120 2.014863 2.857457 4.872320 7.276026
 0.000121 2.024958 2.860539 4.885497 7.717855
 0.000121 2.035564 2.863530 4.899094 8.187433
 0.000122 2.045806 2.866424 4.912230 8.654248
 0.000122 2.055730 2.869083 4.924814 9.113564
 0.000123 2.065185 2.871410 4.936595 9.554375
 0.000123 2.073745 2.873335 4.947080 9.955441
 0.000124 2.081278 2.874974 4.956251 10.312985
 0.000124 2.087962 2.876425 4.964387 10.635463
 0.000125 2.093599 2.877534 4.971133 10.906590
 0.000125 2.098241 2.878177 4.976418 11.121404
 0.000126 2.101954 2.878495 4.980450 11.286702
 0.000126 2.104338 2.878429 4.982766 11.382226
 0.000127 2.105297 2.878026 4.983323 11.405252
 0.000127 2.105393 2.877347 4.982740 11.381128
 0.000128 2.105082 2.876311 4.981394 11.325571
 0.000128 2.104185 2.874907 4.979092 11.230916
 0.000129 2.102698 2.873114 4.975812 11.096669
 0.000129 2.100272 2.870874 4.971146 10.907136
 0.000130 2.097262 2.868319 4.965581 10.683185
 0.000130 2.094032 2.865395 4.959428 10.438306
 0.000131 2.090744 2.862023 4.952766 10.176378
 0.000131 2.087001 2.858394 4.945395 9.890425
 0.000132 2.082713 2.854413 4.937126 9.574497
 0.000132 2.077824 2.849990 4.927814 9.224844
 0.000133 2.072009 2.845324 4.917333 8.839087
 0.000133 2.065421 2.840403 4.905825 8.424999
 0.000134 2.058140 2.835250 4.893390 7.988740
 0.000134 2.050356 2.829876 4.880233 7.539779
 0.000135 2.041627 2.824278 4.865905 7.065657
 0.000135 2.032172 2.818539 4.850710 6.579633
 0.000136 2.022332 2.812676 4.835007 6.095567
 0.000136 2.012254 2.806649 4.818903 5.618327
 0.000137 2.002006 2.800564 4.802571 5.154207
 0.000137 1.991744 2.794376 4.786120 4.706933
 0.000138 1.981389 2.788090 4.769479 4.275150
 0.000138 1.971508 2.781817 4.753325 3.875852
 0.000139 1.962300 2.775473 4.737773 3.509938
 0.000139 1.954108 2.769117 4.723225 3.184068
 0.000140 1.947001 2.762797 4.709798 2.897390
 0.000140 1.941251 2.756343 4.697594 2.648562
 0.000141 1.937041 2.749831 4.686871 2.439140
 0.000141 1.934318 2.743296 4.677614 2.265293
 0.000142 1.933540 2.736816 4.670356 2.133466
 0.000142 1.934930 2.730408 4.665338 2.044644
 0.000143 1.938153 2.724210 4.662363 1.992879
 0.000143 1.942738 2.718274 4.661012 1.969592
 0.000144 1.947824 2.712677 4.660501 1.960809
 0.000144 1.953336 2.707383 4.660718 1.964544
 0.000145 1.959429 2.702272 4.661701 1.981451
 0.000145 1.965737 2.697432 4.663169 2.006837
 0.000146 1.971973 2.692877 4.664850 2.036109
 0.000146 1.977541 2.688660 4.666201 2.059795
 0.000147 1.982006 2.684864 4.666870 2.071570
 0.000147 1.986019 2.681503 4.667522 2.083079
 0.000148 1.989375 2.678501 4.667877 2.089345
 0.000148 1.992556 2.675895 4.668450 2.099516
 0.000149 1.995395 2.673507 4.668902 2.107544
 0.000149 1.998182 2.671500 4.669682 2.121432
 0.000150 2.001191 2.669909 4.671100 2.146807
 0.000150 2.004615 2.668722 4.673337 2.187123
 0.000151 2.008939 2.667954 4.676893 2.252008
 0.000151 2.014316 2.667543 4.681859 2.344212
 0.000152 2.020787 2.667433 4.688220 2.465010
 0.000152 2.028214 2.667467 4.695681 2.610567
 0.000153 2.036657 2.667877 4.704534 2.788678
 0.000153 2.045960 2.668694 4.714654 2.999510
 0.000154 2.055865 2.669910 4.725775 3.240029
 0.000154 2.066062 2.671451 4.737513 3.503973
 0.000155 2.076203 2.673220 4.749423 3.782336
 0.000155 2.086418 2.675173 4.761592 4.077746
 0.000156 2.096488 2.677287 4.773776 4.384646
 0.000156 2.106134 2.679610 4.785744 4.696953
 0.000157 2.114682 2.682002 4.796683 4.991800
 0.000157 2.121963 2.684503 4.806466 5.263069
 0.000158 2.127873 2.687098 4.814971 5.504759
 0.000158 2.132539 2.689740 4.822278 5.716737
 0.000159 2.135957 2.692388 4.828345 5.895784
 0.000159 2.138341 2.695003 4.833345 6.045395
 0.000160 2.139629 2.697587 4.837216 6.162528
 0.000160 2.139763 2.700233 4.839996 6.247350
 0.000161 2.139044 2.702918 4.841962 6.307676
 0.000161 2.137307 2.705711 4.843018 6.340197
 0.000162 2.134801 2.708452 4.843253 6.347442
 0.000162 2.131594 2.711177 4.842771 6.332593
 0.000163 2.127180 2.713919 4.841098 6.281138
 0.000163 2.121974 2.716720 4.838694 6.207556
 0.000164 2.116825 2.719406 4.836230 6.132604
 0.000164 2.111536 2.722104 4.833640 6.054293
 0.000165 2.105978 2.724902 4.830880 5.971398
 0.000165 2.100210 2.727775 4.827984 5.885046
 0.000166 2.094564 2.730821 4.825385 5.808078
 0.000166 2.088965 2.734005 4.822970 5.737018
 0.000167 2.082928 2.737332 4.820260 5.657790
 0.000167 2.076798 2.740744 4.817543 5.578902
 0.000168 2.069901 2.744237 4.814138 5.480848
 0.000168 2.062248 2.747842 4.810089 5.365370
 0.000169 2.053815 2.751519 4.805334 5.231313
 0.000169 2.044481 2.755332 4.799813 5.077796
 0.000170 2.033849 2.759243 4.793092 4.894020
 0.000170 2.022451 2.763244 4.785695 4.695639
 0.000171 2.010677 2.767402 4.778078 4.495683
 0.000171 1.998622 2.771614 4.770236 4.294338
 0.000172 1.986375 2.776028 4.762403 4.097836
 0.000172 1.973804 2.780578 4.754382 3.901389
 0.000173 1.961362 2.785263 4.746625 3.716002
 0.000173 1.949185 2.790107 4.739292 3.544875
 0.000174 1.937210 2.794960 4.732169 3.382533
 0.000174 1.925998 2.799730 4.725728 3.239003
 0.000175 1.915836 2.804423 4.720259 3.119579
 0.000175 1.907333 2.809045 4.716378 3.036192
 0.000176 1.900642 2.813697 4.714339 2.992826
 0.000176 1.896015 2.818289 4.714303 2.992073
 0.000177 1.893756 2.822821 4.716577 3.040435
 0.000177 1.894004 2.827306 4.721310 3.142358
 0.000178 1.896484 2.831798 4.728281 3.295529
 0.000178 1.900797 2.836211 4.737008 3.492409
 0.000179 1.906913 2.840499 4.747411 3.734576
 0.000179 1.914116 2.844639 4.758755 4.007890
 0.000180 1.922108 2.848715 4.770823 4.309246
 0.000180 1.930379 2.852647 4.783026 4.625077
 0.000181 1.938430 2.856416 4.794847 4.941665
 0.000181 1.946115 2.860102 4.806216 5.256060
 0.000182 1.953143 2.863683 4.816826 5.558198
 0.000182 1.959135 2.867173 4.826308 5.835365
 0.000183 1.963838 2.870563 4.834402 6.077260
 0.000183 1.967201 2.873911 4.841111 6.281535
 0.000184 1.969129 2.877395 4.846525 6.448798
 0.000184 1.969414 2.880820 4.850235 6.564705
 0.000185 1.967842 2.884148 4.851990 6.619907
 0.000185 1.964693 2.887459 4.852152 6.625016
 0.000186 1.960480 2.890768 4.851248 6.596549
 0.000186 1.955450 2.894068 4.849518 6.542228
 0.000187 1.949963 2.897468 4.847431 6.477026
 0.000187 1.944160 2.900868 4.845027 6.402316
 0.000188 1.938258 2.904399 4.842657 6.329060
 0.000188 1.932174 2.908055 4.840229 6.254470
 0.000189 1.926521 2.911847 4.838368 6.197604
 0.000189 1.921959 2.915775 4.837734 6.178290
 0.000190 1.918505 2.919758 4.838263 6.194409
 0.000190 1.916086 2.923804 4.839889 6.244074
 0.000191 1.914725 2.927982 4.842707 6.330604
 0.000191 1.914254 2.932160 4.846414 6.445359
 0.000192 1.914501 2.936285 4.850786 6.582028
 0.000192 1.915458 2.940511 4.855969 6.745881
 0.000193 1.916593 2.944730 4.861323 6.917259
 0.000193 1.917791 2.948890 4.866681 7.090947
 0.000194 1.919074 2.953008 4.872082 7.268162
 0.000194 1.920510 2.956916 4.877426 7.445681
 0.000195 1.921560 2.960659 4.882219 7.606726
 0.000195 1.922439 2.964248 4.886688 7.758426
 0.000196 1.922990 2.967602 4.890591 7.892174
 0.000196 1.923337 2.970716 4.894052 8.011701
 0.000197 1.923927 2.973713 4.897640 8.136555
 0.000197 1.924859 2.976476 4.901335 8.266163
 0.000198 1.926076 2.979083 4.905159 8.401358
 0.000198 1.927589 2.981358 4.908947 8.536363
 0.000199 1.929775 2.983358 4.913134 8.686830
 0.000199 1.932695 2.985216 4.917911 8.860138
 0.000200 1.936083 2.986919 4.923002 9.046709
 0.000200 1.940227 2.988402 4.928630 9.255206
 0.000201 1.945229 2.989730 4.934960 9.492560
 0.000201 1.950861 2.990931 4.941792 9.752133
 0.000202 1.957481 2.991953 4.949435 10.046631
 0.000202 1.965356 2.992878 4.958234 10.391117
 0.000203 1.973597 2.993801 4.967398 10.756068
 0.000203 1.982176 2.994626 4.976802 11.137092
 0.000204 1.990097 2.995403 4.985500 11.495460
 0.000204 1.997069 2.996120 4.993189 11.816947
 0.000205 2.003302 2.996817 5.000119 12.110515
 0.000205 2.009158 2.997642 5.006800 12.396946
 0.000206 2.014100 2.998533 5.012633 12.649754
 0.000206 2.017851 2.999465 5.017316 12.854586
 0.000207 2.020528 3.000357 5.020885 13.011778
 0.000207 2.022290 3.001191 5.023481 13.126709
 0.000208 2.022590 3.001883 5.024473 13.170765
 0.000208 2.021580 3.002616 5.024196 13.158445
 0.000209 2.019405 3.003132 5.022537 13.084850
 0.000209 2.016134 3.003483 5.019617 12.955798
 0.000210 2.012328 3.003711 5.016039 12.798573
 0.000210 2.008373 3.003925 5.012299 12.635194
 0.000211 2.003972 3.004017 5.007989 12.448287
 0.000211 1.999619 3.003829 5.003448 12.252840
 0.000212 1.995621 3.003419 4.999039 12.064552
 0.000212 1.991941 3.002713 4.994654 11.878719
 0.000213 1.988472 3.001728 4.990200 11.691473
 0.000213 1.985045 3.000530 4.985575 11.498567
 0.000214 1.981728 2.999055 4.980783 11.300403
 0.000214 1.978884 2.997377 4.976261 11.115012
 0.000215 1.976241 2.995440 4.971681 10.928787
 0.000215 1.974176 2.993156 4.967332 10.753426
 0.000216 1.972572 2.990634 4.963206 10.588321
 0.000216 1.971332 2.987897 4.959229 10.430428
 0.000217 1.970405 2.984981 4.955386 10.278980
 0.000217 1.970208 2.981946 4.952154 10.152466
 0.000218 1.970264 2.978825 4.949089 10.033203
 0.000218 1.970569 2.975658 4.946227 9.922469
 0.000219 1.971157 2.972494 4.943651 9.823362
 0.000219 1.971693 2.969360 4.941053 9.723880
 0.000220 1.971622 2.966311 4.937933 9.605096
 0.000220 1.970936 2.963404 4.934341 9.469217
 0.000221 1.969713 2.960684 4.930397 9.321183
 0.000221 1.968160 2.958134 4.926293 9.168360
 0.000222 1.966041 2.955696 4.921737 9.000178
 0.000222 1.963291 2.953471 4.916762 8.818308
 0.000223 1.959976 2.951539 4.911515 8.628485
 0.000223 1.956419 2.949815 4.906234 8.439554
 0.000224 1.952369 2.948307 4.900677 8.242992
 0.000224 1.947773 2.947022 4.894795 8.037467
 0.000225 1.942962 2.946005 4.888967 7.836393
 0.000225 1.938238 2.945244 4.883483 7.649474
 0.000226 1.933950 2.944704 4.878654 7.486787
 0.000226 1.930373 2.944350 4.874723 7.355630
 0.000227 1.927521 2.944135 4.871656 7.254111
 0.000227 1.925832 2.944065 4.869897 7.196194
 0.000228 1.925365 2.944174 4.869539 7.184441
 0.000228 1.925899 2.944452 4.870351 7.211141
 0.000229 1.927564 2.944821 4.872385 7.278172
 0.000229 1.929995 2.945299 4.875295 7.374638
 0.000230 1.933013 2.945754 4.878767 7.490577
 0.000230 1.936632 2.946255 4.882887 7.629313
 0.000231 1.940972 2.946730 4.887702 7.793053
 0.000231 1.945724 2.947079 4.892803 7.968433
 0.000232 1.950812 2.947363 4.898175 8.155242
 0.000232 1.955884 2.947556 4.903441 8.340462
 0.000233 1.961030 2.947555 4.908585 8.523428
 0.000233 1.966209 2.947430 4.913640 8.705107
 0.000234 1.971141 2.947290 4.918431 8.879115
 0.000234 1.975516 2.946961 4.922477 9.027387
 0.000235 1.979637 2.946405 4.926043 9.159062
 0.000235 1.983571 2.945655 4.929226 9.277426
 0.000236 1.986881 2.944713 4.931594 9.365970
 0.000236 1.989799 2.943544 4.933343 9.431656
 0.000237 1.992203 2.942294 4.934496 9.475089
 0.000237 1.993826 2.941050 4.934877 9.489426
 0.000238 1.994889 2.939685 4.934574 9.478012
 0.000238 1.995561 2.938252 4.933812 9.449312
 0.000239 1.996033 2.936827 4.932860 9.413509
 0.000239 1.995946 2.935204 4.931150 9.349361
 0.000240 1.995150 2.933442 4.928592 9.253809
 0.000240 1.993454 2.931634 4.925088 9.123702
 0.000241 1.990619 2.929769 4.920389 8.950692
 0.000241 1.986877 2.927873 4.914751 8.745300
 0.000242 1.982431 2.926037 4.908468 8.519230
 0.000242 1.977159 2.924216 4.901375 8.267576
 0.000243 1.971323 2.922392 4.893715 8.000019
 0.000243 1.965097 2.920507 4.885604 7.721509
 0.000244 1.958755 2.918588 4.877343 7.442920
 0.000244 1.951903 2.916596 4.868499 7.150344
 0.000245 1.944420 2.914503 4.858923 6.840159
 0.000245 1.936217 2.912359 4.848576 6.512742
 0.000246 1.927117 2.910124 4.837241 6.163295
 0.000246 1.917657 2.907794 4.825452 5.810039
 0.000247 1.908217 2.905391 4.813608 5.465670
 0.000247 1.898755 2.902812 4.801568 5.126344
 0.000248 1.889255 2.900080 4.789334 4.792733
 0.000248 1.880263 2.897274 4.777538 4.481650
 0.000249 1.871867 2.894478 4.766345 4.196139
 0.000249 1.864319 2.891663 4.755982 3.940185
 0.000250 1.857664 2.888737 4.746401 3.710710
 0.000250 1.851992 2.885697 4.737689 3.508019
 0.000251 1.846960 2.882599 4.729558 3.323975
 0.000251 1.842645 2.879490 4.722135 3.160290
 0.000252 1.839269 2.876413 4.715683 3.021368
 0.000252 1.836558 2.873356 4.709914 2.899808
 0.000253 1.834883 2.870271 4.705154 2.801390
 0.000253 1.834304 2.867128 4.701432 2.725611
 0.000254 1.834719 2.864030 4.698749 2.671617
 0.000254 1.835755 2.860983 4.696738 2.631520
 0.000255 1.837056 2.857957 4.695013 2.597354
 0.000255 1.838400 2.855006 4.693407 2.565751
 0.000256 1.839749 2.852063 4.691811 2.534552
 0.000256 1.840985 2.849205 4.690189 2.503021
 0.000257 1.842230 2.846516 4.688746 2.475136
 0.000257 1.843285 2.844006 4.687291 2.447179
 0.000258 1.844511 2.841623 4.686134 2.425052
 0.000258 1.846040 2.839331 4.685371 2.410526
 0.000259 1.848141 2.837130 4.685271 2.408621
 0.000259 1.851353 2.835106 4.686459 2.431262
 0.000260 1.855261 2.833271 4.688532 2.471013
 0.000260 1.860315 2.831526 4.691842 2.535142
 0.000261 1.866250 2.829811 4.696061 2.618096
 0.000261 1.873028 2.828124 4.701152 2.719948
 0.000262 1.880571 2.826387 4.706958 2.838482
 0.000262 1.889312 2.824611 4.713923 2.984023
 0.000263 1.899134 2.822839 4.721973 3.156764
 0.000263 1.909815 2.821025 4.730840 3.352651
 0.000264 1.921581 2.819034 4.740615 3.575458
 0.000264 1.934254 2.816867 4.751121 3.822890
 0.000265 1.947251 2.814569 4.761820 4.083396
 0.000265 1.960420 2.812170 4.772590 4.354295
 0.000266 1.973552 2.809604 4.783156 4.628517
 0.000266 1.986451 2.807017 4.793469 4.904223
 0.000267 1.998920 2.804281 4.803201 5.171747
 0.000267 2.010692 2.801507 4.812199 5.425385
 0.000268 2.021702 2.798447 4.820149 5.654555
 0.000268 2.031449 2.795156 4.826604 5.844124
 0.000269 2.040023 2.791785 4.831808 5.999203
 0.000269 2.047540 2.788312 4.835852 6.121143
 0.000270 2.053731 2.784733 4.838464 6.200526
 0.000270 2.058134 2.781097 4.839231 6.223960
 0.000271 2.061204 2.777459 4.838663 6.206607
 0.000271 2.063122 2.773778 4.836900 6.152931
 0.000272 2.063558 2.770007 4.833564 6.052010
 0.000272 2.063074 2.766036 4.829110 5.918554
 0.000273 2.061797 2.762048 4.823846 5.762726
 0.000273 2.059491 2.757955 4.817446 5.576114
 0.000274 2.056585 2.753769 4.810355 5.372911
 0.000274 2.053103 2.749488 4.802590 5.154745
 0.000275 2.049155 2.745163 4.794318 4.927277
 0.000275 2.045031 2.740839 4.785870 4.700298
 0.000276 2.040492 2.736538 4.777030 4.468506
 0.000276 2.036259 2.732359 4.768618 4.253374
 0.000277 2.032059 2.728255 4.760314 4.046209
 0.000277 2.028300 2.724244 4.752544 3.857046
 0.000278 2.024544 2.720361 4.744905 3.675494
 0.000278 2.020314 2.716649 4.736963 3.491386
 0.000279 2.015830 2.713097 4.728927 3.309898
 0.000279 2.010783 2.709661 4.720444 3.123576
 0.000280 2.005162 2.706423 4.711585 2.934763
 0.000280 1.999028 2.703443 4.702471 2.746647
 0.000281 1.992439 2.700746 4.693185 2.561412
 0.000281 1.985030 2.698301 4.683331 2.371895
 0.000282 1.977299 2.696173 4.673472 2.189571
 0.000282 1.969154 2.694242 4.663396 2.010781
 0.000283 1.961228 2.692544 4.653772 1.847105
 0.000283 1.954087 2.691041 4.645128 1.706027
 0.000284 1.947683 2.689857 4.637540 1.586802
 0.000284 1.942104 2.689024 4.631128 1.489424
 0.000285 1.937171 2.688551 4.625722 1.409718
 0.000285 1.933120 2.688330 4.621449 1.348265
 0.000286 1.930353 2.688308 4.618661 1.308906
 0.000286 1.929024 2.688587 4.617611 1.294230
 0.000287 1.929746 2.689062 4.618808 1.310968
 0.000287 1.931973 2.689749 4.621722 1.352145
 0.000288 1.935226 2.690686 4.625911 1.412469
 0.000288 1.939669 2.691866 4.631535 1.495508
 0.000289 1.945052 2.693470 4.638522 1.601984
 0.000289 1.950970 2.695361 4.646331 1.725328
 0.000290 1.957318 2.697638 4.654955 1.866857
 0.000290 1.963360 2.700252 4.663612 2.014536
 0.000291 1.969510 2.703093 4.672603 2.173864
 0.000291 1.975945 2.706101 4.682047 2.347734
 0.000292 1.982693 2.709207 4.691901 2.536296
 0.000292 1.989641 2.712392 4.702034 2.737785
 0.000293 1.996654 2.715629 4.712283 2.949433
 0.000293 2.003459 2.718877 4.722336 3.164676
 0.000294 2.010097 2.722319 4.732415 3.388085
 0.000294 2.016994 2.725822 4.742816 3.626614
 0.000295 2.024125 2.729385 4.753510 3.880325
 0.000295 2.031525 2.732999 4.764524 4.150593
 0.000296 2.038983 2.736667 4.775649 4.432826
 0.000296 2.046716 2.740413 4.787129 4.733775
 0.000297 2.054675 2.744185 4.798860 5.051540
 0.000297 2.062876 2.747949 4.810826 5.386286
 0.000298 2.071677 2.751552 4.823229 5.744601
 0.000298 2.080495 2.754902 4.835397 6.107358
 0.000299 2.089396 2.758223 4.847619 6.482870
 0.000299 2.098274 2.761589 4.859863 6.870305
 0.000300 2.106684 2.764907 4.871591 7.251981
 0.000300 2.114310 2.768155 4.882465 7.615046
 0.000301 2.121029 2.771391 4.892420 7.955230
 0.000301 2.127058 2.774496 4.901554 8.273857
 0.000302 2.131735 2.777464 4.909199 8.545384
 0.000302 2.134472 2.780370 4.914842 8.748600
 0.000303 2.135864 2.783151 4.919015 8.900415
 0.000303 2.135547 2.785859 4.921406 8.988008
 0.000304 2.133157 2.788669 4.921826 9.003436
 0.000304 2.129085 2.791339 4.920424 8.951991
 0.000305 2.123815 2.793868 4.917683 8.851825
 0.000305 2.117174 2.796304 4.913478 8.699270
 0.000306 2.109087 2.798636 4.907723 8.492605
 0.000306 2.099872 2.800832 4.900704 8.243943
 0.000307 2.089510 2.802840 4.892350 7.952784
 0.000307 2.078629 2.804842 4.883471 7.649091
 0.000308 2.067537 2.806821 4.874359 7.343533
 0.000308 2.056567 2.808771 4.865337 7.047178
 0.000309 2.046635 2.810694 4.857329 6.789216
 0.000309 2.037738 2.812588 4.850326 6.567574
 0.000310 2.030168 2.814443 4.844610 6.389401
 0.000310 2.023987 2.816226 4.840213 6.253974
 0.000311 2.018692 2.817971 4.836662 6.145713
 0.000311 2.014479 2.819695 4.834174 6.070383
 0.000312 2.011165 2.821323 4.832487 6.019603
 0.000312 2.008702 2.822921 4.831623 5.993643
 0.000313 2.007235 2.824428 4.831664 5.994878
 0.000313 2.007010 2.825989 4.832999 6.034980
 0.000314 2.007667 2.827595 4.835263 6.103293
 0.000314 2.009015 2.829174 4.838189 6.192160
 0.000315 2.011070 2.830705 4.841775 6.301921
 0.000315 2.013606 2.832268 4.845874 6.428564
 0.000316 2.016275 2.833777 4.850052 6.558967
 0.000316 2.019007 2.835251 4.854258 6.691567
 0.000317 2.021755 2.836711 4.858466 6.825546
 0.000317 2.024209 2.838123 4.862332 6.949792
 0.000318 2.026231 2.839546 4.865778 7.061499
 0.000318 2.027688 2.841013 4.868701 7.156958
 0.000319 2.028713 2.842517 4.871230 7.240068
 0.000319 2.029612 2.844010 4.873622 7.319100
 0.000320 2.030342 2.845431 4.875773 7.390566
 0.000320 2.031210 2.846787 4.877997 7.464795
 0.000321 2.032410 2.848096 4.880506 7.548983
 0.000321 2.033884 2.849403 4.883287 7.642861
 0.000322 2.035792 2.850618 4.886410 7.748948
 0.000322 2.038498 2.851765 4.890263 7.880889
 0.000323 2.042433 2.852829 4.895263 8.053717
 0.000323 2.046951 2.853916 4.900867 8.249683
 0.000324 2.052285 2.854820 4.907105 8.470572
 0.000324 2.058633 2.855601 4.914235 8.726619
 0.000325 2.065572 2.856261 4.921833 9.003698
 0.000325 2.073115 2.856794 4.929908 9.302905
 0.000326 2.080592 2.857287 4.937880 9.603065
 0.000326 2.087608 2.857659 4.945267 9.885489
 0.000327 2.094594 2.857933 4.952528 10.167051
 0.000327 2.101148 2.858029 4.959177 10.428381
 0.000328 2.107052 2.858047 4.965099 10.663933
 0.000328 2.112463 2.857862 4.970325 10.873947
 0.000329 2.117217 2.857341 4.974558 11.045564
 0.000329 2.121040 2.856541 4.977581 11.168974
 0.000330 2.123468 2.855554 4.979022 11.228052
 0.000330 2.124695 2.854368 4.979064 11.229753
 0.000331 2.124895 2.852960 4.977855 11.180171
 0.000331 2.124743 2.851435 4.976178 11.111610
 0.000332 2.123867 2.849758 4.973626 11.007661
 0.000332 2.122378 2.847915 4.970293 10.872669
 0.000333 2.120505 2.845883 4.966388 10.715527
 0.000333 2.118528 2.843617 4.962145 10.546089
 0.000334 2.116713 2.841128 4.957842 10.375642
 0.000334 2.115233 2.838518 4.953750 10.214852
 0.000335 2.114385 2.835676 4.950062 10.070973
 0.000335 2.114045 2.832627 4.946672 9.939662
 0.000336 2.114064 2.829506 4.943570 9.820252
 0.000336 2.114432 2.826202 4.940633 9.707860
 0.000337 2.115358 2.822792 4.938150 9.613331
 0.000337 2.116764 2.819320 4.936084 9.535032
 0.000338 2.118919 2.815677 4.934596 9.478842
 0.000338 2.121332 2.811931 4.933264 9.428671
 0.000339 2.123663 2.808099 4.931762 9.372280
 0.000339 2.125722 2.804208 4.929930 9.303727
 0.000340 2.127114 2.800260 4.927374 9.208480
 0.000340 2.127486 2.796308 4.923794 9.075894
 0.000341 2.126604 2.792488 4.919092 8.903245
 0.000341 2.124500 2.788788 4.913288 8.692408
 0.000342 2.121440 2.785114 4.906554 8.450940
 0.000342 2.117129 2.781460 4.898589 8.169726
 0.000343 2.111756 2.777929 4.889685 7.861033
 0.000343 2.105862 2.774577 4.880439 7.546725
 0.000344 2.099427 2.771273 4.870699 7.222587
 0.000344 2.092320 2.768019 4.860339 6.885599
 0.000345 2.085230 2.764843 4.850073 6.559645
 0.000345 2.078736 2.761899 4.840635 6.266911
 0.000346 2.073228 2.759319 4.832546 6.021373
 0.000346 2.069037 2.757032 4.826069 5.828285
 0.000347 2.066392 2.754963 4.821354 5.689718
 0.000347 2.065480 2.753108 4.818588 5.609187
 0.000348 2.065796 2.751374 4.817170 5.568136
 0.000348 2.067388 2.749870 4.817258 5.570672
 0.000349 2.069812 2.748601 4.818413 5.604098
 0.000349 2.073126 2.747688 4.820814 5.673941
 0.000350 2.077295 2.747028 4.824322 5.776756
 0.000350 2.082243 2.746649 4.828891 5.912025
 0.000351 2.087680 2.746424 4.834104 6.068281
 0.000351 2.093435 2.746348 4.839783 6.240825
 0.000352 2.098882 2.746469 4.845351 6.412346
 0.000352 2.103809 2.746828 4.850637 6.577320
 0.000353 2.108206 2.747476 4.855682 6.736747
 0.000353 2.111796 2.748336 4.860133 6.878972
 0.000354 2.114344 2.749293 4.863637 6.991993
 0.000354 2.115799 2.750232 4.866031 7.069738
 0.000355 2.116027 2.751426 4.867453 7.116138
 0.000355 2.114760 2.752757 4.867517 7.118228
 0.000356 2.112339 2.754174 4.866513 7.085461
 0.000356 2.108892 2.755812 4.864704 7.026616
 0.000357 2.104735 2.757478 4.862213 6.945965
 0.000357 2.100302 2.759093 4.859395 6.855308
 0.000358 2.095919 2.760674 4.856593 6.765755
 0.000358 2.091451 2.762411 4.853863 6.679049
 0.000359 2.086719 2.764302 4.851022 6.589421
 0.000359 2.082299 2.766201 4.848500 6.510392
 0.000360 2.078292 2.768220 4.846512 6.448410
 0.000360 2.074388 2.770326 4.844714 6.392611
 0.000361 2.070560 2.772440 4.843000 6.339625
 0.000361 2.067103 2.774490 4.841593 6.296319
 0.000362 2.063849 2.776559 4.840408 6.259954
 0.000362 2.060316 2.778698 4.839014 6.217306
 0.000363 2.056357 2.780777 4.837134 6.160025
 0.000363 2.052101 2.782859 4.834960 6.094129
 0.000364 2.047427 2.784954 4.832381 6.016397
 0.000364 2.042085 2.787033 4.829118 5.918773
 0.000365 2.035881 2.789142 4.825022 5.797373
 0.000365 2.029452 2.791304 4.820756 5.672262
 0.000366 2.022854 2.793654 4.816508 5.549019
 0.000366 2.015402 2.796066 4.811468 5.404557
 0.000367 2.007384 2.798425 4.805810 5.244654
 0.000367 1.999267 2.800807 4.800074 5.085018
 0.000368 1.991289 2.803104 4.794393 4.929329
 0.000368 1.983370 2.805431 4.788801 4.778454
 0.000369 1.975957 2.807683 4.783639 4.641252
 0.000369 1.969245 2.809920 4.779165 4.523937
 0.000370 1.963280 2.812124 4.775404 4.426498
 0.000370 1.958283 2.814276 4.772560 4.353513
 0.000371 1.954467 2.816382 4.770850 4.309920
 0.000371 1.951835 2.818365 4.770200 4.293429
 0.000372 1.950269 2.820219 4.770488 4.300722
 0.000372 1.950096 2.821994 4.772089 4.341504
 0.000373 1.951541 2.823576 4.775117 4.419120
 0.000373 1.953911 2.825066 4.778976 4.519034
 0.000374 1.957432 2.826397 4.783829 4.646252
 0.000374 1.962104 2.827516 4.789620 4.800380
 0.000375 1.967862 2.828440 4.796303 4.981395
 0.000375 1.974445 2.829216 4.803661 5.184566
 0.000376 1.981897 2.829844 4.811742 5.412357
 0.000376 1.989383 2.830302 4.819685 5.641057
 0.000377 1.996549 2.830572 4.827122 5.859455
 0.000377 2.003351 2.830579 4.833930 6.063027
 0.000378 2.009674 2.830440 4.840114 6.250942
 0.000378 2.015733 2.830187 4.845920 6.429992
 0.000379 2.021236 2.829775 4.851011 6.589099
 0.000379 2.026218 2.829187 4.855405 6.727952
 0.000380 2.030883 2.828452 4.859335 6.853367
 0.000380 2.035452 2.827513 4.862965 6.970262
 0.000381 2.040431 2.826341 4.866772 7.093914
 0.000381 2.045367 2.825083 4.870449 7.214354
 0.000382 2.050052 2.823659 4.873711 7.322069
 0.000382 2.054244 2.822096 4.876340 7.409434
 0.000383 2.057987 2.820391 4.878378 7.477534
 0.000383 2.061667 2.818723 4.880390 7.545078
 0.000384 2.065047 2.817007 4.882053 7.601142
 0.000384 2.068046 2.815237 4.883282 7.642699
 0.000385 2.070398 2.813452 4.883850 7.661924
 0.000385 2.072214 2.811696 4.883910 7.663952
 0.000386 2.073435 2.809957 4.883392 7.646391
 0.000386 2.074363 2.808182 4.882545 7.617749
 0.000387 2.074094 2.806493 4.880587 7.551719
 0.000387 2.072651 2.804777 4.877427 7.445737
 0.000388 2.069919 2.803039 4.872958 7.297139
 0.000388 2.065953 2.801348 4.867301 7.111170
 0.000389 2.060379 2.799718 4.860097 6.877819
 0.000389 2.053153 2.798088 4.851240 6.596290
 0.000390 2.044677 2.796428 4.841105 6.281331
 0.000390 2.035186 2.794834 4.830020 5.945689
 0.000391 2.024619 2.793443 4.818063 5.593964
 0.000391 2.013319 2.792113 4.805431 5.234051
 0.000392 2.001838 2.790844 4.792682 4.882899
 0.000392 1.990127 2.789668 4.779795 4.540358
 0.000393 1.978446 2.788546 4.766992 4.212396
 0.000393 1.967028 2.787512 4.754540 3.905206
 0.000394 1.956335 2.786485 4.742820 3.626703
 0.000394 1.946293 2.785514 4.731808 3.374400
 0.000395 1.937235 2.784600 4.721835 3.153771
 0.000395 1.929407 2.783882 4.713289 2.970617
 0.000396 1.923137 2.783392 4.706530 2.829656
 0.000396 1.918601 2.783041 4.701642 2.729859
 0.000397 1.916298 2.782863 4.699162 2.679894
 0.000397 1.915740 2.782923 4.698663 2.669902
 0.000398 1.916803 2.783126 4.699929 2.695306
 0.000398 1.919288 2.783406 4.702694 2.751183
 0.000399 1.922852 2.783758 4.706611 2.831329
 0.000399 1.927837 2.784259 4.712096 2.945491
 0.000400 1.933919 2.784908 4.718826 3.088662
 0.000400 1.940429 2.785680 4.726109 3.247400
 0.000401 1.947649 2.786513 4.734162 3.427568
 0.000401 1.954904 2.787473 4.742378 3.616387
 0.000402 1.962163 2.788561 4.750723 3.813375
 0.000402 1.969368 2.789675 4.759043 4.014943
 0.000403 1.976609 2.790793 4.767403 4.222725
 0.000403 1.983719 2.792035 4.775754 4.435531
 0.000404 1.990672 2.793392 4.784064 4.652474
 0.000404 1.997162 2.794789 4.791951 4.863144
 0.000405 2.003538 2.796261 4.799800 5.077438
 0.000405 2.010244 2.797622 4.807866 5.302487
 0.000406 2.017017 2.799003 4.816020 5.534937
 0.000406 2.024196 2.800398 4.824595 5.784771
 0.000407 2.031741 2.801715 4.833456 6.048734
 0.000407 2.039397 2.803050 4.842447 6.322594
 0.000408 2.047965 2.804391 4.852356 6.631428
 0.000408 2.057244 2.805801 4.863044 6.972823
 0.000409 2.066926 2.807204 4.874129 7.335930
 0.000409 2.076890 2.808453 4.885343 7.712618
 0.000410 2.086950 2.809670 4.896620 8.100949
 0.000410 2.096746 2.810737 4.907482 8.484024
 0.000411 2.106690 2.811467 4.918158 8.869133
 0.000411 2.115890 2.812053 4.927943 9.229629
 0.000412 2.124188 2.812561 4.936749 9.560213
 0.000412 2.130985 2.812978 4.943963 9.835337
 0.000413 2.136253 2.813377 4.949630 10.054203
 0.000413 2.139917 2.813676 4.953594 10.208724
 0.000414 2.141871 2.813813 4.955684 10.290677
 0.000414 2.141724 2.813815 4.955540 10.285013
 0.000415 2.139243 2.813656 4.952900 10.181584
 0.000415 2.134495 2.813361 4.947857 9.985457
 0.000416 2.127262 2.812926 4.940188 9.690858
 0.000416 2.117155 2.812311 4.929466 9.286386
 0.000417 2.104897 2.811715 4.916611 8.812823
 0.000417 2.091035 2.810948 4.901984 8.289010
 0.000418 2.076260 2.810161 4.886421 7.749350
 0.000418 2.060903 2.809502 4.870405 7.212907
 0.000419 2.045658 2.808979 4.854637 6.703569
 0.000419 2.031078 2.808479 4.839557 6.233913
 0.000420 2.017407 2.808073 4.825479 5.810862
 0.000420 2.004892 2.807770 4.812662 5.438620
 0.000421 1.994317 2.807658 4.801976 5.137667
 0.000421 1.985758 2.807623 4.793381 4.901838
 0.000422 1.979124 2.807736 4.786860 4.726626
 0.000422 1.974415 2.808010 4.782426 4.609280
 0.000423 1.971808 2.808412 4.780220 4.551474
 0.000423 1.970995 2.809010 4.780005 4.545852
 0.000424 1.971534 2.809843 4.781377 4.581753
 0.000424 1.972801 2.810919 4.783719 4.643365
 0.000425 1.974015 2.812161 4.786176 4.708415
 0.000425 1.974754 2.813588 4.788343 4.766178
 0.000426 1.974313 2.815272 4.789585 4.799441
 0.000426 1.972305 2.817225 4.789530 4.797971
 0.000427 1.968301 2.819277 4.787577 4.745739
 0.000427 1.962252 2.821455 4.783706 4.643017
 0.000428 1.954709 2.823769 4.778479 4.506078
 0.000428 1.945648 2.826198 4.771846 4.335289
 0.000429 1.935465 2.828717 4.764182 4.142053
 0.000429 1.925097 2.831369 4.756466 3.951959
 0.000430 1.915571 2.834011 4.749582 3.786135
 0.000430 1.907042 2.836654 4.743696 3.647163
 0.000431 1.899653 2.839235 4.738888 3.535569
 0.000431 1.894343 2.841756 4.736098 3.471615
 0.000432 1.890658 2.844211 4.734869 3.443631
 0.000432 1.888469 2.846710 4.735179 3.450665
 0.000433 1.888118 2.849217 4.737335 3.499892
 0.000433 1.889851 2.851688 4.741540 3.596899
 0.000434 1.893414 2.854050 4.747463 3.735807
 0.000434 1.898689 2.856226 4.754915 3.914294
 0.000435 1.905265 2.858325 4.763590 4.127324
 0.000435 1.912920 2.860363 4.773283 4.372017
 0.000436 1.921005 2.862308 4.783313 4.632640
 0.000436 1.928917 2.864013 4.792930 4.889628
 0.000437 1.936422 2.865570 4.801992 5.138120
 0.000437 1.942986 2.866997 4.809983 5.362367
 0.000438 1.948307 2.868321 4.816627 5.552457
 0.000438 1.952756 2.869501 4.822257 5.716130
 0.000439 1.955910 2.870437 4.826347 5.836518
 0.000439 1.957467 2.871159 4.828626 5.904121
 0.000440 1.957562 2.871636 4.829198 5.921170
 0.000440 1.956700 2.871889 4.828589 5.903032
 0.000441 1.955290 2.871868 4.827158 5.860526
 0.000441 1.953246 2.871645 4.824891 5.793496
 0.000442 1.951067 2.871190 4.822257 5.716119
 0.000442 1.949599 2.870556 4.820154 5.654716
 0.000443 1.949006 2.869753 4.818759 5.614133
 0.000443 1.948990 2.868761 4.817751 5.584930
 0.000444 1.950450 2.867450 4.817900 5.589242
 0.000444 1.953377 2.865796 4.819173 5.626175
 0.000445 1.957990 2.863954 4.821944 5.706949
 0.000445 1.964096 2.861809 4.825905 5.823440
 0.000446 1.971411 2.859410 4.830821 5.969639
 0.000446 1.979499 2.856746 4.836245 6.133043
 0.000447 1.988061 2.853906 4.841967 6.307837
 0.000447 1.997219 2.850946 4.848165 6.499918
 0.000448 2.006636 2.847876 4.854512 6.699599
 0.000448 2.015695 2.844603 4.860298 6.884292
 0.000449 2.023724 2.841094 4.864818 7.030313
 0.000449 2.030505 2.837338 4.867843 7.128887
 0.000450 2.035598 2.833506 4.869103 7.170157
 0.000450 2.038793 2.829679 4.868473 7.149481
 0.000451 2.039653 2.825932 4.865585 7.055233
 0.000451 2.037957 2.822079 4.860036 6.875862
 0.000452 2.033984 2.818176 4.852161 6.625276
 0.000452 2.027727 2.814271 4.841998 6.308786
 0.000453 2.019773 2.810383 4.830156 5.949753
 0.000453 2.010535 2.806617 4.817151 5.567593
 0.000454 2.000343 2.802920 4.803263 5.173469
 0.000454 1.989673 2.799307 4.788980 4.783238
 0.000455 1.979033 2.795894 4.774927 4.414221
 0.000455 1.969181 2.792662 4.761842 4.083942
 0.000456 1.960513 2.789640 4.750154 3.799769
 0.000456 1.953035 2.786817 4.739852 3.557800
 0.000457 1.946997 2.784261 4.731257 3.362024
 0.000457 1.942398 2.781891 4.724289 3.207355
 0.000458 1.939217 2.779689 4.718905 3.090357
 0.000458 1.937844 2.777843 4.715687 3.021459
 0.000459 1.938047 2.776377 4.714424 2.994624
 0.000459 1.938991 2.775259 4.714250 2.990953
 0.000460 1.940931 2.774344 4.715275 3.012690
 0.000460 1.943088 2.773694 4.716782 3.044813
 0.000461 1.945128 2.773488 4.718615 3.084118
 0.000461 1.947164 2.773652 4.720817 3.131656
 0.000462 1.948679 2.774174 4.722853 3.175952
 0.000462 1.949014 2.775049 4.724063 3.202416
 0.000463 1.947838 2.776182 4.724020 3.201463
 0.000463 1.945226 2.777602 4.722828 3.175397
 0.000464 1.941103 2.779413 4.720517 3.125156
 0.000464 1.935385 2.781482 4.716866 3.046617
 0.000465 1.928841 2.783743 4.712584 2.955756
 0.000465 1.921531 2.786238 4.707768 2.855232
 0.000466 1.913731 2.788873 4.702604 2.749359
 0.000466 1.905911 2.791653 4.697565 2.647968
 0.000467 1.898573 2.794556 4.693129 2.560304
 0.000467 1.891932 2.797661 4.689593 2.491472
 0.000468 1.886505 2.800932 4.687437 2.449979
 0.000468 1.882545 2.804222 4.686767 2.437149
 0.000469 1.880499 2.807699 4.688198 2.464594
 0.000469 1.880012 2.811361 4.691373 2.526013
 0.000470 1.881303 2.815085 4.696388 2.624568
 0.000470 1.884780 2.818799 4.703579 2.769197
 0.000471 1.889978 2.822577 4.712555 2.955159
 0.000471 1.897125 2.826355 4.723480 3.189646
 0.000472 1.905699 2.830112 4.735811 3.465065
 0.000472 1.915111 2.833941 4.749052 3.773504
 0.000473 1.924718 2.837765 4.762483 4.099829
 0.000473 1.934058 2.841603 4.775661 4.433132
 0.000474 1.942604 2.845325 4.787929 4.755122
 0.000474 1.950290 2.849016 4.799306 5.063812
 0.000475 1.956907 2.852669 4.809576 5.350824
 0.000475 1.961914 2.856400 4.818313 5.601219
 0.000476 1.964964 2.860163 4.825128 5.800479
 0.000476 1.965913 2.864035 4.829948 5.943542
 0.000477 1.964963 2.867913 4.832875 6.031262
 0.000477 1.962723 2.871826 4.834549 6.081712
 0.000478 1.959110 2.875797 4.834908 6.092547
 0.000478 1.953923 2.879843 4.833766 6.058077
 0.000479 1.947740 2.883935 4.831674 5.995197
 0.000479 1.941292 2.888037 4.829329 5.925062
 0.000480 1.935312 2.892235 4.827547 5.872078
 0.000480 1.929743 2.896401 4.826144 5.830504
 0.000481 1.924992 2.900601 4.825593 5.814215
 0.000481 1.921201 2.904716 4.825917 5.823784
 0.000482 1.918426 2.908832 4.827258 5.863481
 0.000482 1.916865 2.913022 4.829887 5.941714
 0.000483 1.916274 2.917125 4.833400 6.047054
 0.000483 1.916818 2.921190 4.838008 6.186622
 0.000484 1.918602 2.925122 4.843724 6.361986
 0.000484 1.921497 2.928942 4.850439 6.571106
 0.000485 1.924744 2.932734 4.857478 6.793979
 0.000485 1.928218 2.936543 4.864761 7.028449
 0.000486 1.932012 2.940352 4.872364 7.277501
 0.000486 1.935473 2.944055 4.879528 7.516117
 0.000487 1.938325 2.947652 4.885977 7.734209
 0.000487 1.940329 2.951162 4.891490 7.923135
 0.000488 1.940949 2.954603 4.895552 8.063769
 0.000488 1.939819 2.957956 4.897775 8.141277
 0.000489 1.937143 2.961187 4.898330 8.160665
 0.000489 1.933057 2.964351 4.897408 8.128451
 0.000490 1.927286 2.967401 4.894687 8.033713
 0.000490 1.919802 2.970489 4.890291 7.881844
 0.000491 1.911034 2.973609 4.884644 7.688861
 0.000491 1.901143 2.976581 4.877724 7.455662
 0.000492 1.890618 2.979483 4.870102 7.202926
 0.000492 1.880232 2.982287 4.862519 6.955852
 0.000493 1.870306 2.985071 4.855377 6.727067
 0.000493 1.861168 2.987881 4.849049 6.527549
 0.000494 1.852832 2.990520 4.843352 6.350488
 0.000494 1.845340 2.992998 4.838338 6.196695
 0.000495 1.838855 2.995299 4.834154 6.069782
 0.000495 1.833657 2.997433 4.831090 5.977697
 0.000496 1.829640 2.999283 4.828922 5.912955
 0.000496 1.827106 3.000850 4.827955 5.884187
 0.000497 1.826076 3.002103 4.828179 5.890849
 0.000497 1.826935 3.003105 4.830040 5.946292
 0.000498 1.829335 3.003841 4.833176 6.040315
 0.000498 1.832919 3.004254 4.837173 6.161239
 0.000499 1.837357 3.004338 4.841696 6.299489
 0.000499 1.842188 3.004068 4.846256 6.440444
 0.000500 1.847194 3.003503 4.850697 6.579222
