#! FIELDS time dAB dAC rc bias
 0.000000 2.973590 3.908295 6.881885 2.946862
 0.000000 2.980154 3.905892 6.886046 3.034999
 0.000001 2.986223 3.903155 6.889378 3.106502
 0.000001 2.991810 3.900091 6.891900 3.161186
 0.000002 2.996625 3.896647 6.893272 3.191120
 0.000002 3.000163 3.892787 6.892949 3.184073
 0.000003 3.002181 3.888568 6.890748 3.136154
 0.000003 3.002585 3.884018 6.886603 3.046891
 0.000004 3.001462 3.879061 6.880522 2.918278
 0.000004 2.998487 3.873886 6.872374 2.750277
 0.000005 2.993689 3.868600 6.862288 2.549249
 0.000005 2.986902 3.863210 6.850112 2.316710
 0.000006 2.977749 3.857716 6.835465 2.051708
 0.000006 2.965862 3.852221 6.818083 1.758105
 0.000007 2.951606 3.846715 6.798321 1.451831
 0.000007 2.935300 3.841127 6.776427 1.146714
 0.000008 2.917184 3.835461 6.752646 0.856022
 0.000008 2.898016 3.829770 6.727786 0.597500
 0.000009 2.878108 3.823908 6.702016 0.378437
 0.000009 2.857745 3.817981 6.675725 0.206276
 0.000010 2.837664 3.812118 6.649782 0.087206
 0.000010 2.818509 3.806294 6.624803 0.020261
 0.000011 2.800752 3.800424 6.601176 0.000005
 0.000011 2.785124 3.794585 6.579710 0.017902
 0.000012 2.771705 3.788865 6.560571 0.063001
 0.000012 2.760601 3.783328 6.543929 0.124545
 0.000013 2.751603 3.777912 6.529515 0.194635
 0.000013 2.744697 3.772643 6.517339 0.265984
 0.000014 2.739644 3.767711 6.507355 0.332790
 0.000014 2.736312 3.762963 6.499275 0.392323
 0.000015 2.734004 3.758589 6.492593 0.445255
 0.000015 2.731770 3.754610 6.486381 0.497473
 0.000016 2.729360 3.751079 6.480439 0.550122
 0.000016 2.726068 3.748007 6.474075 0.609455
 0.000017 2.721804 3.745343 6.467147 0.677496
 0.000017 2.716382 3.743057 6.459439 0.757427
 0.000018 2.709734 3.741317 6.451051 0.849468
 0.000018 2.701689 3.740103 6.441792 0.957197
 0.000019 2.692487 3.739261 6.431749 1.081327
 0.000019 2.682233 3.738895 6.421128 1.220822
 0.000020 2.672322 3.739034 6.411356 1.356638
 0.000020 2.662628 3.739655 6.402283 1.489159
 0.000021 2.653610 3.740753 6.394363 1.609872
 0.000021 2.645720 3.742262 6.387982 1.710558
 0.000022 2.639417 3.744152 6.383569 1.781988
 0.000022 2.634988 3.746409 6.381396 1.817680
 0.000023 2.632518 3.748981 6.381499 1.815986
 0.000023 2.632400 3.751864 6.384264 1.770640
 0.000024 2.634692 3.754968 6.389660 1.683794
 0.000024 2.639278 3.758309 6.397586 1.560175
 0.000025 2.645612 3.761902 6.407514 1.411998
 0.000025 2.653043 3.765588 6.418631 1.254841
 0.000026 2.661143 3.769295 6.430438 1.098089
 0.000026 2.669053 3.773193 6.442247 0.951758
 0.000027 2.675971 3.777192 6.453162 0.825806
 0.000027 2.681953 3.781225 6.463178 0.718094
 0.000028 2.686675 3.785153 6.471828 0.631123
 0.000028 2.689830 3.788972 6.478802 0.565099
 0.000029 2.691793 3.792788 6.484581 0.513141
 0.000029 2.693094 3.796548 6.489642 0.469697
 0.000030 2.693862 3.800121 6.493983 0.433972
 0.000030 2.693930 3.803494 6.497424 0.406650
 0.000031 2.693622 3.806804 6.500426 0.383544
 0.000031 2.693009 3.810119 6.503128 0.363324
 0.000032 2.692961 3.813429 6.506390 0.339643
 0.000032 2.693325 3.816746 6.510071 0.313875
 0.000033 2.693986 3.820158 6.514144 0.286552
 0.000033 2.695088 3.823607 6.518694 0.257495
 0.000034 2.696597 3.827018 6.523615 0.227822
 0.000034 2.698738 3.830428 6.529166 0.196528
 0.000035 2.701497 3.833894 6.535392 0.164177
 0.000035 2.704788 3.837387 6.542175 0.132240
 0.000036 2.708475 3.840874 6.549349 0.102220
 0.000036 2.712143 3.844504 6.556648 0.075637
 0.000037 2.715955 3.848292 6.564246 0.052208
 0.000037 2.719744 3.852011 6.571754 0.033311
 0.000038 2.722959 3.855679 6.578638 0.019700
 0.000038 2.725836 3.859387 6.585223 0.010007
 0.000039 2.728533 3.863088 6.591621 0.003703
 0.000039 2.730774 3.866824 6.597597 0.000588
 0.000040 2.732571 3.870520 6.603090 0.000088
 0.000040 2.733778 3.874116 6.607894 0.001505
 0.000041 2.734109 3.877773 6.611882 0.003996
 0.000041 2.733723 3.881342 6.615064 0.006840
 0.000042 2.733355 3.884829 6.618183 0.010364
 0.000042 2.733136 3.888245 6.621381 0.014735
 0.000043 2.732715 3.891610 6.624324 0.019435
 0.000043 2.732736 3.894834 6.627569 0.025371
 0.000044 2.733493 3.897844 6.631337 0.033253
 0.000044 2.734630 3.900726 6.635356 0.042835
 0.000045 2.736332 3.903400 6.639732 0.054646
 0.000045 2.738240 3.905910 6.644150 0.068026
 0.000046 2.741126 3.908417 6.649544 0.086347
 0.000046 2.744823 3.910920 6.655742 0.110094
 0.000047 2.749276 3.913402 6.662677 0.140082
 0.000047 2.754579 3.915736 6.670314 0.177276
 0.000048 2.760557 3.917862 6.678419 0.221533
 0.000048 2.766859 3.919917 6.686776 0.272327
 0.000049 2.773640 3.921786 6.695426 0.330412
 0.000049 2.780854 3.923499 6.704353 0.396249
 0.000050 2.788518 3.925062 6.713580 0.470578
 0.000050 2.796201 3.926541 6.722743 0.550710
 0.000051 2.803805 3.927905 6.731710 0.635225
 0.000051 2.811433 3.929043 6.740476 0.723674
 0.000052 2.818565 3.930097 6.748662 0.811475
 0.000052 2.824956 3.930981 6.755937 0.893726
 0.000053 2.830397 3.931642 6.762039 0.965774
 0.000053 2.835293 3.932295 6.767588 1.033720
 0.000054 2.839349 3.932802 6.772150 1.091309
 0.000054 2.842309 3.933177 6.775486 1.134400
 0.000055 2.844523 3.933330 6.777853 1.165489
 0.000055 2.846540 3.933283 6.779823 1.191685
 0.000056 2.848115 3.933107 6.781222 1.210458
 0.000056 2.849846 3.932705 6.782551 1.228434
 0.000057 2.851897 3.932075 6.783971 1.247790
 0.000057 2.854064 3.931134 6.785198 1.264626
 0.000058 2.855983 3.929949 6.785932 1.274762
 0.000058 2.857857 3.928530 6.786387 1.281058
 0.000059 2.860314 3.926862 6.787175 1.292011
 0.000059 2.863210 3.924911 6.788121 1.305203
 0.000060 2.866249 3.922625 6.788874 1.315769
 0.000060 2.869400 3.919877 6.789277 1.321434
 0.000061 2.872374 3.916704 6.789077 1.318622
 0.000061 2.874955 3.913096 6.788051 1.304230
 0.000062 2.877577 3.909012 6.786589 1.283853
 0.000062 2.880092 3.904419 6.784511 1.255188
 0.000063 2.882162 3.899418 6.781580 1.215287
 0.000063 2.883653 3.893897 6.777550 1.161482
 0.000064 2.884334 3.887995 6.772329 1.093598
 0.000064 2.884346 3.881645 6.765991 1.013928
 0.000065 2.884270 3.875046 6.759316 0.933276
 0.000065 2.884033 3.868104 6.752138 0.850277
 0.000066 2.883675 3.860774 6.744449 0.765665
 0.000066 2.883063 3.853164 6.736227 0.680089
 0.000067 2.881837 3.845341 6.727178 0.591760
 0.000067 2.880169 3.837418 6.717587 0.504845
 0.000068 2.878268 3.829439 6.707707 0.422533
 0.000068 2.876020 3.821488 6.697508 0.345236
 0.000069 2.873765 3.813673 6.687438 0.276576
 0.000069 2.871746 3.806124 6.677870 0.218377
 0.000070 2.870210 3.798749 6.668959 0.170357
 0.000070 2.868724 3.791619 6.660343 0.129584
 0.000071 2.867316 3.784951 6.652266 0.096422
 0.000071 2.866188 3.778877 6.645065 0.070981
 0.000072 2.865486 3.773373 6.638859 0.052174
 0.000072 2.864916 3.768354 6.633270 0.037710
 0.000073 2.864835 3.763981 6.628817 0.027862
 0.000073 2.865000 3.760229 6.625229 0.021010
 0.000074 2.865824 3.757085 6.622909 0.017094
 0.000074 2.867044 3.754512 6.621556 0.014995
 0.000075 2.868296 3.752542 6.620838 0.013938
 0.000075 2.869402 3.751197 6.620599 0.013594
 0.000076 2.870429 3.750494 6.620923 0.014062
 0.000076 2.871392 3.750593 6.621985 0.015646
 0.000077 2.872240 3.751422 6.623663 0.018322
 0.000077 2.872804 3.752844 6.625649 0.021762
 0.000078 2.873559 3.754768 6.628327 0.026871
 0.000078 2.874153 3.757153 6.631306 0.033185
 0.000079 2.874532 3.759861 6.634392 0.040427
 0.000079 2.874649 3.762995 6.637644 0.048831
 0.000080 2.874312 3.766290 6.640602 0.057164
 0.000080 2.873743 3.769571 6.643314 0.065383
 0.000081 2.872994 3.772902 6.645896 0.073718
 0.000081 2.872343 3.776174 6.648517 0.082690
 0.000082 2.871516 3.779314 6.650830 0.091039
 0.000082 2.870310 3.782367 6.652677 0.097992
 0.000083 2.869152 3.785239 6.654392 0.104675
 0.000083 2.868267 3.788059 6.656327 0.112483
 0.000084 2.867328 3.790847 6.658175 0.120204
 0.000084 2.866592 3.793583 6.660175 0.128845
 0.000085 2.865973 3.796410 6.662383 0.138736
 0.000085 2.865545 3.799327 6.664872 0.150323
 0.000086 2.865258 3.802319 6.667577 0.163442
 0.000086 2.864853 3.805449 6.670302 0.177211
 0.000087 2.863797 3.808745 6.672542 0.188947
 0.000087 2.862396 3.812220 6.674615 0.200148
 0.000088 2.860667 3.815822 6.676489 0.210545
 0.000088 2.858280 3.819536 6.677816 0.218071
 0.000089 2.854895 3.823382 6.678277 0.220712
 0.000089 2.850223 3.827639 6.677863 0.218337
 0.000090 2.844563 3.832163 6.676726 0.211879
 0.000090 2.837488 3.836855 6.674343 0.198659
 0.000091 2.829292 3.841732 6.671024 0.180955
 0.000091 2.820120 3.846734 6.666853 0.159877
 0.000092 2.810804 3.851835 6.662639 0.139907
 0.000092 2.801395 3.857076 6.658472 0.121466
 0.000093 2.792088 3.862400 6.654489 0.105060
 0.000093 2.783071 3.867784 6.650856 0.091132
 0.000094 2.774633 3.873255 6.647889 0.080493
 0.000094 2.767103 3.878602 6.645705 0.073085
 0.000095 2.760491 3.883715 6.644206 0.068204
 0.000095 2.754901 3.888707 6.643608 0.066305
 0.000096 2.750456 3.893390 6.643845 0.067056
 0.000096 2.746952 3.897734 6.644686 0.069750
 0.000097 2.744506 3.901707 6.646213 0.074776
 0.000097 2.743125 3.905204 6.648329 0.082030
 0.000098 2.742484 3.908208 6.650692 0.090528
 0.000098 2.742745 3.910685 6.653429 0.100896
 0.000099 2.743140 3.912631 6.655770 0.110209
 0.000099 2.743685 3.913999 6.657684 0.118127
 0.000100 2.744236 3.914847 6.659083 0.124089
 0.000100 2.744062 3.915092 6.659155 0.124399
 0.000101 2.742925 3.914853 6.657778 0.118522
 0.000101 2.741009 3.914165 6.655174 0.107797
 0.000102 2.737772 3.913169 6.650941 0.091449
 0.000102 2.733714 3.911738 6.645452 0.072249
 0.000103 2.729380 3.910009 6.639389 0.053667
 0.000103 2.725266 3.908047 6.633313 0.037813
 0.000104 2.721324 3.905987 6.627310 0.024868
 0.000104 2.717738 3.903869 6.621607 0.015072
 0.000105 2.715075 3.901742 6.616817 0.008730
 0.000105 2.713178 3.899713 6.612892 0.004816
 0.000106 2.711940 3.897971 6.609912 0.002616
 0.000106 2.712063 3.896530 6.608593 0.001856
 0.000107 2.713681 3.895273 6.608954 0.002051
 0.000107 2.716653 3.894234 6.610887 0.003263
 0.000108 2.720548 3.893469 6.614016 0.005820
 0.000108 2.725078 3.893149 6.618227 0.010419
 0.000109 2.730447 3.893226 6.623673 0.018338
 0.000109 2.736396 3.893638 6.630034 0.030408
 0.000110 2.742228 3.894426 6.636654 0.046188
 0.000110 2.747343 3.895629 6.642972 0.064314
 0.000111 2.751905 3.897230 6.649135 0.084883
 0.000111 2.755949 3.899204 6.655153 0.107713
 0.000112 2.759098 3.901496 6.660595 0.130698
 0.000112 2.761492 3.904014 6.665505 0.153344
 0.000113 2.763352 3.906626 6.669978 0.175544
 0.000113 2.764670 3.909277 6.673947 0.196501
 0.000114 2.765206 3.911879 6.677086 0.213914
 0.000114 2.765435 3.914325 6.679760 0.229332
 0.000115 2.765243 3.916670 6.681913 0.242132
 0.000115 2.765104 3.918781 6.683885 0.254158
 0.000116 2.765226 3.920615 6.685841 0.266383
 0.000116 2.765446 3.922159 6.687605 0.277649
 0.000117 2.765996 3.923236 6.689233 0.288252
 0.000117 2.766921 3.923815 6.690736 0.298222
 0.000118 2.767819 3.923877 6.691695 0.304674
 0.000118 2.768884 3.923283 6.692166 0.307867
 0.000119 2.770037 3.921969 6.692006 0.306777
 0.000119 2.770771 3.919995 6.690766 0.298423
 0.000120 2.771885 3.917382 6.689267 0.288481
 0.000120 2.772922 3.914119 6.687041 0.274023
 0.000121 2.773849 3.910362 6.684212 0.256184
 0.000121 2.774921 3.906194 6.681115 0.237346
 0.000122 2.776118 3.901605 6.677723 0.217536
 0.000122 2.777343 3.896679 6.674022 0.196911
 0.000123 2.777842 3.891521 6.669363 0.172404
 0.000123 2.777822 3.886236 6.664059 0.146485
 0.000124 2.777138 3.880843 6.657981 0.119381
 0.000124 2.775741 3.875497 6.651238 0.092551
 0.000125 2.773691 3.870195 6.643886 0.067187
 0.000125 2.771260 3.865007 6.636267 0.045175
 0.000126 2.768670 3.860111 6.628782 0.027791
 0.000126 2.765987 3.855492 6.621478 0.014880
 0.000127 2.763465 3.851257 6.614722 0.006498
 0.000127 2.760956 3.847357 6.608313 0.001711
 0.000128 2.758375 3.843769 6.602145 0.000013
 0.000128 2.755697 3.840573 6.596270 0.001049
 0.000129 2.753420 3.837802 6.591221 0.004007
 0.000129 2.751933 3.835483 6.587416 0.007500
 0.000130 2.751047 3.833451 6.584498 0.010915
 0.000130 2.750896 3.831616 6.582512 0.013604
 0.000131 2.751397 3.830049 6.581447 0.015168
 0.000131 2.752789 3.828755 6.581545 0.015021
 0.000132 2.754781 3.827549 6.582330 0.013865
 0.000132 2.757367 3.826475 6.583842 0.011771
 0.000133 2.760556 3.825492 6.586048 0.009022
 0.000133 2.763874 3.824449 6.588323 0.006570
 0.000134 2.767322 3.823322 6.590645 0.004467
 0.000134 2.770927 3.822113 6.593040 0.002721
 0.000135 2.774308 3.820599 6.594907 0.001659
 0.000135 2.777131 3.818876 6.596007 0.001156
 0.000136 2.779320 3.817036 6.596356 0.001015
 0.000136 2.780720 3.815023 6.595743 0.001268
 0.000137 2.781701 3.812811 6.594512 0.001862
 0.000137 2.782033 3.810465 6.592497 0.003079
 0.000138 2.781953 3.807966 6.589920 0.005080
 0.000138 2.781530 3.805458 6.586988 0.007961
 0.000139 2.781334 3.802908 6.584241 0.011246
 0.000139 2.781173 3.800519 6.581693 0.014800
 0.000140 2.781082 3.798463 6.579545 0.018173
 0.000140 2.781650 3.796698 6.578348 0.020202
 0.000141 2.783220 3.795444 6.578664 0.019656
 0.000141 2.785290 3.794713 6.580004 0.017423
 0.000142 2.787920 3.794513 6.582433 0.013717
 0.000142 2.791357 3.794834 6.586191 0.008856
 0.000143 2.795740 3.795752 6.591492 0.003800
 0.000143 2.800205 3.797429 6.597634 0.000578
 0.000144 2.804478 3.799842 6.604320 0.000286
 0.000144 2.808567 3.802916 6.611483 0.003693
 0.000145 2.812430 3.806741 6.619171 0.011632
 0.000145 2.816292 3.811279 6.627572 0.025375
 0.000146 2.819894 3.816535 6.636428 0.045596
 0.000146 2.823274 3.822308 6.645582 0.072676
 0.000147 2.825886 3.828616 6.654502 0.105111
 0.000147 2.827839 3.835257 6.663096 0.142008
 0.000148 2.828995 3.842210 6.671205 0.181896
 0.000148 2.829559 3.849481 6.679040 0.225126
 0.000149 2.829684 3.857065 6.686749 0.272151
 0.000149 2.829398 3.864800 6.694198 0.321825
 0.000150 2.828711 3.872414 6.701125 0.371754
 0.000150 2.827713 3.879784 6.707497 0.420858
 0.000151 2.826233 3.886853 6.713086 0.466436
 0.000151 2.824518 3.893498 6.718016 0.508587
 0.000152 2.823357 3.899715 6.723072 0.553702
 0.000152 2.822631 3.905428 6.728058 0.600083
 0.000153 2.821818 3.910483 6.732301 0.641010
 0.000153 2.820699 3.914846 6.735545 0.673212
 0.000154 2.819472 3.918512 6.737984 0.697941
 0.000154 2.818908 3.921360 6.740268 0.721513
 0.000155 2.818497 3.923412 6.741909 0.738687
 0.000155 2.818080 3.924632 6.742712 0.747161
 0.000156 2.817492 3.925154 6.742646 0.746460
 0.000156 2.816464 3.925074 6.741538 0.734782
 0.000157 2.814985 3.924517 6.739502 0.713562
 0.000157 2.813136 3.923650 6.736786 0.685743
 0.000158 2.810383 3.922459 6.732842 0.646327
 0.000158 2.806824 3.920932 6.727756 0.597212
 0.000159 2.802304 3.919192 6.721496 0.539435
 0.000159 2.796803 3.917329 6.714132 0.475229
 0.000160 2.790027 3.915394 6.705422 0.404534
 0.000160 2.782036 3.913448 6.695483 0.330820
 0.000161 2.773090 3.911606 6.684696 0.259194
 0.000161 2.763397 3.909854 6.673251 0.192744
 0.000162 2.753000 3.908217 6.661218 0.133470
 0.000162 2.742093 3.906814 6.648906 0.084068
 0.000163 2.731475 3.905615 6.637090 0.047344
 0.000163 2.722121 3.904839 6.626960 0.024196
 0.000164 2.714198 3.904478 6.618676 0.010988
 0.000164 2.707519 3.904462 6.611981 0.004074
 0.000165 2.702155 3.904723 6.606878 0.001061
 0.000165 2.698170 3.905308 6.603478 0.000138
 0.000166 2.694924 3.906080 6.601004 0.000012
 0.000166 2.692603 3.907002 6.599605 0.000143
 0.000167 2.691331 3.908139 6.599470 0.000164
 0.000167 2.690313 3.909480 6.599792 0.000117
 0.000168 2.689633 3.911053 6.600686 0.000029
 0.000168 2.688769 3.912767 6.601536 0.000000
 0.000169 2.687564 3.914564 6.602129 0.000012
 0.000169 2.685924 3.916367 6.602291 0.000020
 0.000170 2.683702 3.918077 6.601779 0.000002
 0.000170 2.680874 3.919714 6.600588 0.000035
 0.000171 2.676745 3.921212 6.597957 0.000486
 0.000171 2.671417 3.922477 6.593894 0.002203
 0.000172 2.665486 3.923450 6.588937 0.005974
 0.000172 2.659056 3.924231 6.583287 0.012519
 0.000173 2.652299 3.924864 6.577163 0.022317
 0.000173 2.645654 3.925443 6.571097 0.034797
 0.000174 2.639263 3.925929 6.565191 0.049597
 0.000174 2.633081 3.926298 6.559380 0.066715
 0.000175 2.627462 3.926651 6.554114 0.084414
 0.000175 2.622831 3.926972 6.549803 0.100449
 0.000176 2.619531 3.927329 6.546860 0.112198
 0.000176 2.616939 3.927716 6.544655 0.121425
 0.000177 2.615302 3.928217 6.543519 0.126324
 0.000177 2.614493 3.928956 6.543449 0.126626
 0.000178 2.614181 3.929898 6.544078 0.123899
 0.000178 2.614296 3.931091 6.545387 0.118323
 0.000179 2.614785 3.932674 6.547459 0.109754
 0.000179 2.615536 3.934453 6.549989 0.099729
 0.000180 2.616501 3.936541 6.553042 0.088268
 0.000180 2.617339 3.938984 6.556323 0.076735
 0.000181 2.617455 3.941748 6.559204 0.067273
 0.000181 2.616718 3.944700 6.561418 0.060423
 0.000182 2.614861 3.947977 6.562837 0.056225
 0.000182 2.611997 3.951567 6.563564 0.054134
 0.000183 2.608079 3.955402 6.563480 0.054373
 0.000183 2.603603 3.959526 6.563129 0.055380
 0.000184 2.598638 3.963884 6.562523 0.057142
 0.000184 2.593422 3.968373 6.561795 0.059292
 0.000185 2.588213 3.972945 6.561158 0.061207
 0.000185 2.583032 3.977496 6.560528 0.063131
 0.000186 2.578259 3.981823 6.560081 0.064513
 0.000186 2.574543 3.985845 6.560387 0.063566
 0.000187 2.572142 3.989671 6.561814 0.059237
 0.000187 2.570934 3.993192 6.564126 0.052545
 0.000188 2.570994 3.996372 6.567366 0.043842
 0.000188 2.572481 3.999053 6.571534 0.033807
 0.000189 2.575269 4.001372 6.576641 0.023284
 0.000189 2.579419 4.003154 6.582573 0.013517
 0.000190 2.584534 4.004483 6.589017 0.005899
 0.000190 2.590184 4.005452 6.595635 0.001316
 0.000191 2.596081 4.006101 6.602183 0.000015
 0.000191 2.601892 4.006383 6.608275 0.001692
 0.000192 2.607523 4.006409 6.613932 0.005741
 0.000192 2.612940 4.006291 6.619231 0.011712
 0.000193 2.617523 4.006085 6.623608 0.018231
 0.000193 2.621313 4.005695 6.627008 0.024288
 0.000194 2.623960 4.005171 6.629131 0.028509
 0.000194 2.625370 4.004813 6.630184 0.030727
 0.000195 2.625815 4.004762 6.630576 0.031576
 0.000195 2.625218 4.005026 6.630243 0.030856
 0.000196 2.624227 4.005710 6.629938 0.030201
 0.000196 2.622978 4.006849 6.629827 0.029966
 0.000197 2.621776 4.008635 6.630410 0.031215
 0.000197 2.621117 4.011093 6.632210 0.035232
 0.000198 2.621406 4.014169 6.635575 0.043392
 0.000198 2.622812 4.017844 6.640656 0.057322
 0.000199 2.625184 4.022305 6.647489 0.079110
 0.000199 2.628204 4.027463 6.655667 0.109788
 0.000200 2.632011 4.033384 6.665395 0.152816
 0.000200 2.636787 4.039833 6.676620 0.211282
 0.000201 2.642093 4.046906 6.688999 0.286718
 0.000201 2.647692 4.054569 6.702260 0.380282
 0.000202 2.653247 4.062700 6.715947 0.490674
 0.000202 2.658608 4.071142 6.729750 0.616238
 0.000203 2.663537 4.079713 6.743250 0.752872
 0.000203 2.667847 4.088517 6.756364 0.898679
 0.000204 2.671603 4.097485 6.769088 1.052482
 0.000204 2.674247 4.106470 6.780717 1.203662
 0.000205 2.676385 4.115467 6.791852 1.357933
 0.000205 2.677955 4.124185 6.802141 1.508743
 0.000206 2.679132 4.132579 6.811710 1.656141
 0.000206 2.679798 4.140418 6.820216 1.792919
 0.000207 2.680002 4.147891 6.827893 1.921015
 0.000207 2.679541 4.154833 6.834374 2.032621
 0.000208 2.678901 4.161269 6.840170 2.135071
 0.000208 2.677912 4.167324 6.845236 2.226701
 0.000209 2.676154 4.173002 6.849156 2.298914
 0.000209 2.674332 4.178262 6.852594 2.363208
 0.000210 2.672052 4.183075 6.855128 2.411146
 0.000210 2.669358 4.187516 6.856874 2.444471
 0.000211 2.666659 4.191683 6.858342 2.472663
 0.000211 2.663719 4.195549 6.859268 2.490536
 0.000212 2.660921 4.199188 6.860109 2.506804
 0.000212 2.658337 4.202691 6.861028 2.524668
 0.000213 2.655968 4.206060 6.862027 2.544150
 0.000213 2.653669 4.209455 6.863125 2.565635
 0.000214 2.651673 4.212873 6.864546 2.593587
 0.000214 2.649264 4.216246 6.865510 2.612637
 0.000215 2.646544 4.219661 6.866205 2.626409
 0.000215 2.643295 4.223122 6.866418 2.630635
 0.000216 2.639131 4.226499 6.865629 2.615003
 0.000216 2.633914 4.229843 6.863758 2.578060
 0.000217 2.627400 4.233102 6.860502 2.514433
 0.000217 2.620191 4.236208 6.856399 2.435391
 0.000218 2.611619 4.239244 6.850864 2.330741
 0.000218 2.601831 4.242217 6.844048 2.205038
 0.000219 2.591179 4.245096 6.836275 2.065934
 0.000219 2.580727 4.247788 6.828514 1.931584
 0.000220 2.570529 4.250245 6.820774 1.802078
 0.000220 2.560445 4.252444 6.812890 1.674779
 0.000221 2.551254 4.254324 6.805578 1.560896
 0.000221 2.542930 4.255722 6.798653 1.456727
 0.000222 2.535424 4.256654 6.792078 1.361162
 0.000222 2.529036 4.257057 6.786093 1.276983
 0.000223 2.523765 4.256967 6.780732 1.203863
 0.000223 2.519931 4.256227 6.776158 1.143190
 0.000224 2.517655 4.254702 6.772357 1.093953
 0.000224 2.516801 4.252456 6.769258 1.054612
 0.000225 2.517434 4.249458 6.766892 1.025068
 0.000225 2.518745 4.245704 6.764449 0.994996
 0.000226 2.520796 4.241246 6.762042 0.965808
 0.000226 2.523313 4.236239 6.759552 0.936066
 0.000227 2.525501 4.230610 6.756111 0.895737
 0.000227 2.527497 4.224500 6.751997 0.848693
 0.000228 2.528882 4.217811 6.746692 0.789893
 0.000228 2.528607 4.210755 6.739362 0.712116
 0.000229 2.526332 4.203440 6.729772 0.616453
 0.000229 2.522703 4.196043 6.718746 0.514980
 0.000230 2.517444 4.188696 6.706140 0.410149
 0.000230 2.511027 4.181569 6.692597 0.310797
 0.000231 2.503489 4.174534 6.678022 0.219251
 0.000231 2.495187 4.167599 6.662786 0.140579
 0.000232 2.486562 4.160825 6.647387 0.078759
 0.000232 2.478553 4.154329 6.632882 0.036794
 0.000233 2.471649 4.148283 6.619932 0.012659
 0.000233 2.466005 4.142767 6.608772 0.001951
 0.000234 2.461801 4.137720 6.599520 0.000156
 0.000234 2.459258 4.133179 6.592437 0.003120
 0.000235 2.458017 4.129244 6.587261 0.007666
 0.000235 2.458392 4.125849 6.584241 0.011246
 0.000236 2.460100 4.122886 6.582986 0.012935
 0.000236 2.462887 4.120290 6.583177 0.012671
 0.000237 2.466223 4.118160 6.584383 0.011063
 0.000237 2.469651 4.116402 6.586052 0.009017
 0.000238 2.473169 4.114937 6.588107 0.006786
 0.000238 2.476221 4.113758 6.589979 0.005028
 0.000239 2.478671 4.112823 6.591494 0.003799
 0.000239 2.479824 4.112062 6.591887 0.003508
 0.000240 2.479141 4.111371 6.590512 0.004576
 0.000240 2.477053 4.110711 6.587764 0.007136
 0.000241 2.473198 4.110074 6.583273 0.012539
 0.000241 2.468091 4.109390 6.577482 0.021738
 0.000242 2.462438 4.108579 6.571017 0.034980
 0.000242 2.455920 4.107479 6.563399 0.054605
 0.000243 2.448946 4.105958 6.554904 0.081625
 0.000243 2.441623 4.104063 6.545686 0.117066
 0.000244 2.435005 4.101767 6.536771 0.157402
 0.000244 2.429027 4.098988 6.528015 0.202825
 0.000245 2.423515 4.095902 6.519417 0.253022
 0.000245 2.418771 4.092556 6.511327 0.305318
 0.000246 2.415522 4.089013 6.504536 0.353003
 0.000246 2.413585 4.085205 6.498789 0.396056
 0.000247 2.413244 4.081352 6.494596 0.429037
 0.000247 2.414367 4.077517 6.491884 0.451066
 0.000248 2.416571 4.073708 6.490279 0.464372
 0.000248 2.419842 4.070002 6.489844 0.468004
 0.000249 2.423446 4.066450 6.489896 0.467568
 0.000249 2.427265 4.063123 6.490388 0.463459
 0.000250 2.430542 4.060071 6.490613 0.461585
 0.000250 2.432966 4.057345 6.490312 0.464096
 0.000251 2.434140 4.054933 6.489073 0.474488
 0.000251 2.433416 4.053026 6.486442 0.496942
 0.000252 2.431127 4.051531 6.482658 0.530152
 0.000252 2.427317 4.050387 6.477704 0.575247
 0.000253 2.422331 4.049736 6.472067 0.628799
 0.000253 2.416599 4.049529 6.466128 0.687803
 0.000254 2.410562 4.049691 6.460253 0.748773
 0.000254 2.404322 4.050274 6.454596 0.809925
 0.000255 2.398237 4.051193 6.449430 0.867868
 0.000255 2.393528 4.052457 6.445985 0.907623
 0.000256 2.390630 4.053886 6.444516 0.924840
 0.000256 2.389610 4.055542 6.445152 0.917360
 0.000257 2.390669 4.057272 6.447941 0.884940
 0.000257 2.393827 4.058982 6.452809 0.829739
 0.000258 2.399168 4.060479 6.459647 0.755209
 0.000258 2.406325 4.061952 6.468277 0.666148
 0.000259 2.414423 4.063511 6.477934 0.573110
 0.000259 2.422867 4.064949 6.487816 0.485156
 0.000260 2.431187 4.066169 6.497356 0.407183
 0.000260 2.438978 4.067255 6.506233 0.340763
 0.000261 2.445731 4.068262 6.513992 0.287545
 0.000261 2.450554 4.069123 6.519677 0.251420
 0.000262 2.453254 4.069783 6.523037 0.231212
 0.000262 2.454249 4.070237 6.524486 0.222757
 0.000263 2.453317 4.070661 6.523978 0.225703
 0.000263 2.450419 4.071034 6.521453 0.240635
 0.000264 2.446003 4.071523 6.517526 0.264803
 0.000264 2.441018 4.072241 6.513259 0.292380
 0.000265 2.436058 4.073217 6.509275 0.319359
 0.000265 2.431443 4.074501 6.505944 0.342828
 0.000266 2.427767 4.076165 6.503932 0.357411
 0.000266 2.425483 4.078345 6.503828 0.358175
 0.000267 2.425354 4.080863 6.506216 0.340880
 0.000267 2.427684 4.083830 6.511514 0.304049
 0.000268 2.432291 4.087226 6.519517 0.252407
 0.000268 2.439215 4.091095 6.530309 0.190369
 0.000269 2.448020 4.095448 6.543468 0.126545
 0.000269 2.458510 4.100311 6.558820 0.068496
 0.000270 2.470353 4.105632 6.575985 0.024525
 0.000270 2.483741 4.111308 6.595049 0.001589
 0.000271 2.497642 4.117324 6.614966 0.006741
 0.000271 2.511291 4.123502 6.634793 0.041420
 0.000272 2.524101 4.129899 6.654000 0.103129
 0.000272 2.535589 4.136485 6.672075 0.186469
 0.000273 2.545238 4.143036 6.688275 0.281987
 0.000273 2.553013 4.149627 6.702639 0.383149
 0.000274 2.558688 4.156096 6.714784 0.480753
 0.000274 2.562815 4.162443 6.725258 0.573811
 0.000275 2.565750 4.168623 6.734373 0.661487
 0.000275 2.567587 4.174527 6.742114 0.740841
 0.000276 2.568658 4.179859 6.748517 0.809883
 0.000276 2.569094 4.184698 6.753792 0.869061
 0.000277 2.569588 4.189001 6.758589 0.924692
 0.000277 2.570552 4.192669 6.763220 0.980045
 0.000278 2.571943 4.195681 6.767624 1.034163
 0.000278 2.573628 4.198034 6.771663 1.085076
 0.000279 2.575982 4.199675 6.775656 1.136622
 0.000279 2.579071 4.200585 6.779656 1.189446
 0.000280 2.583302 4.200794 6.784095 1.249489
 0.000280 2.588708 4.200408 6.789115 1.319159
 0.000281 2.594952 4.199528 6.794480 1.395704
 0.000281 2.601722 4.198057 6.799779 1.473420
 0.000282 2.609147 4.196102 6.805250 1.555878
 0.000282 2.616745 4.193852 6.810597 1.638635
 0.000283 2.624281 4.191136 6.815417 1.715072
 0.000283 2.631136 4.188102 6.819238 1.776908
 0.000284 2.637182 4.184866 6.822048 1.823077
 0.000284 2.642310 4.181381 6.823691 1.850352
 0.000285 2.646225 4.177783 6.824007 1.855628
 0.000285 2.648900 4.174220 6.823119 1.840845
 0.000286 2.650211 4.170708 6.820919 1.804467
 0.000286 2.649949 4.167350 6.817298 1.745387
 0.000287 2.648021 4.164119 6.812141 1.662928
 0.000287 2.644507 4.161096 6.805603 1.561283
 0.000288 2.639324 4.158412 6.797736 1.443203
 0.000288 2.633239 4.156003 6.789241 1.320931
 0.000289 2.626833 4.153766 6.780599 1.202075
 0.000289 2.619913 4.151853 6.771766 1.086391
 0.000290 2.613335 4.150212 6.763547 0.984013
 0.000290 2.607556 4.148880 6.756436 0.899514
 0.000291 2.602489 4.147763 6.750252 0.829114
 0.000291 2.598342 4.146822 6.745164 0.773342
 0.000292 2.595020 4.145973 6.740993 0.729071
 0.000292 2.592548 4.145151 6.737699 0.695031
 0.000293 2.591453 4.144345 6.735798 0.675758
 0.000293 2.590902 4.143540 6.734441 0.662167
 0.000294 2.590236 4.142648 6.732883 0.646730
 0.000294 2.589843 4.141731 6.731574 0.633901
 0.000295 2.589056 4.140708 6.729764 0.616370
 0.000295 2.587628 4.139561 6.727189 0.591859
 0.000296 2.585334 4.138262 6.723596 0.558496
 0.000296 2.581743 4.136755 6.718499 0.512812
 0.000297 2.576951 4.135138 6.712089 0.458137
 0.000297 2.570961 4.133370 6.704331 0.396082
 0.000298 2.563448 4.131532 6.694980 0.327283
 0.000298 2.554416 4.129691 6.684106 0.255529
 0.000299 2.544369 4.127852 6.672221 0.187245
 0.000299 2.533254 4.126011 6.659264 0.124874
 0.000300 2.521871 4.124145 6.646016 0.074118
 0.000300 2.510856 4.122252 6.633108 0.037327
 0.000301 2.500649 4.120408 6.621057 0.014257
 0.000301 2.491712 4.118724 6.610436 0.002955
 0.000302 2.484435 4.117311 6.601746 0.000001
 0.000302 2.478861 4.116217 6.595078 0.001575
 0.000303 2.475846 4.115426 6.591272 0.003968
 0.000303 2.475479 4.115001 6.590481 0.004602
 0.000304 2.477513 4.114832 6.592344 0.003184
 0.000304 2.481675 4.114990 6.596665 0.000898
 0.000305 2.487663 4.115499 6.603162 0.000096
 0.000305 2.495139 4.116368 6.611507 0.003711
 0.000306 2.503722 4.117656 6.621378 0.014730
 0.000306 2.513531 4.119208 6.632739 0.036459
 0.000307 2.523546 4.121137 6.644683 0.069740
 0.000307 2.532860 4.123369 6.656230 0.112084
 0.000308 2.541200 4.125866 6.667065 0.160917
 0.000308 2.548086 4.128636 6.676723 0.211861
 0.000309 2.552813 4.131549 6.684361 0.257110
 0.000309 2.554617 4.134701 6.689319 0.288818
 0.000310 2.553451 4.137917 6.691368 0.302465
 0.000310 2.549310 4.141248 6.690559 0.297040
 0.000311 2.542706 4.144553 6.687260 0.275424
 0.000311 2.534033 4.147698 6.681731 0.241036
 0.000312 2.523714 4.150629 6.674343 0.198660
 0.000312 2.512398 4.153248 6.665646 0.154018
 0.000313 2.500682 4.155605 6.656287 0.112319
 0.000313 2.488927 4.157652 6.646579 0.076007
 0.000314 2.477722 4.159318 6.637040 0.047210
 0.000314 2.467582 4.160481 6.628063 0.026343
 0.000315 2.459154 4.161191 6.620345 0.013234
 0.000315 2.453069 4.161368 6.614437 0.006220
 0.000316 2.449708 4.161165 6.610873 0.003254
 0.000316 2.448815 4.160631 6.609446 0.002333
 0.000317 2.450659 4.159814 6.610473 0.002980
 0.000317 2.454756 4.158539 6.613295 0.005165
 0.000318 2.461006 4.156954 6.617960 0.010088
 0.000318 2.468334 4.155175 6.623509 0.018068
 0.000319 2.475986 4.153299 6.629285 0.028828
 0.000319 2.483046 4.151383 6.634429 0.040517
 0.000320 2.489315 4.149452 6.638767 0.051917
 0.000320 2.494560 4.147587 6.642146 0.061776
 0.000321 2.498473 4.145778 6.644252 0.068352
 0.000321 2.500803 4.144130 6.644933 0.070550
 0.000322 2.501339 4.142774 6.644113 0.067907
 0.000322 2.499727 4.141739 6.641466 0.059721
 0.000323 2.496311 4.140918 6.637229 0.047714
 0.000323 2.491740 4.140427 6.632168 0.035134
 0.000324 2.487049 4.140184 6.627233 0.024720
 0.000324 2.482695 4.140226 6.622921 0.017113
 0.000325 2.479045 4.140570 6.619614 0.012225
 0.000325 2.475800 4.141252 6.617051 0.009001
 0.000326 2.473296 4.142130 6.615426 0.007212
 0.000326 2.471687 4.143138 6.614825 0.006600
 0.000327 2.471251 4.144401 6.615653 0.007449
 0.000327 2.472350 4.145934 6.618283 0.010489
 0.000328 2.474494 4.147803 6.622297 0.016128
 0.000328 2.477841 4.149767 6.627608 0.025447
 0.000329 2.481819 4.151754 6.633573 0.038435
 0.000329 2.486292 4.153734 6.640026 0.055490
 0.000330 2.490980 4.155578 6.646558 0.075934
 0.000330 2.495631 4.157243 6.652874 0.098747
 0.000331 2.499862 4.158682 6.658545 0.121778
 0.000331 2.503661 4.159631 6.663292 0.142912
 0.000332 2.506709 4.160197 6.666907 0.160138
 0.000332 2.508721 4.160412 6.669133 0.171237
 0.000333 2.509750 4.160243 6.669993 0.175621
 0.000333 2.509897 4.159620 6.669517 0.173187
 0.000334 2.509375 4.158643 6.668019 0.165636
 0.000334 2.508393 4.157360 6.665753 0.154533
 0.000335 2.507399 4.155664 6.663063 0.141855
 0.000335 2.506539 4.153598 6.660138 0.128681
 0.000336 2.506315 4.151209 6.657524 0.117456
 0.000336 2.507353 4.148607 6.655961 0.110985
 0.000337 2.510015 4.145795 6.655810 0.110369
 0.000337 2.514138 4.142728 6.656866 0.114708
 0.000338 2.520058 4.139487 6.659545 0.126091
 0.000338 2.528182 4.135967 6.664149 0.146906
 0.000339 2.538258 4.132316 6.670574 0.178619
 0.000339 2.550055 4.128594 6.678649 0.222860
 0.000340 2.563457 4.124888 6.688346 0.282449
 0.000340 2.578106 4.121170 6.699276 0.358079
 0.000341 2.593782 4.117339 6.711122 0.450154
 0.000341 2.609452 4.113375 6.722827 0.551476
 0.000342 2.624683 4.109428 6.734111 0.658882
 0.000342 2.639322 4.105530 6.744852 0.769988
 0.000343 2.653056 4.101709 6.754765 0.880205
 0.000343 2.665143 4.097883 6.763026 0.977691
 0.000344 2.675445 4.093994 6.769438 1.056887
 0.000344 2.683711 4.090018 6.773730 1.111607
 0.000345 2.689896 4.085740 6.775636 1.136357
 0.000345 2.693469 4.081291 6.774760 1.124949
 0.000346 2.694448 4.076690 6.771138 1.078399
 0.000346 2.693389 4.071803 6.765193 1.004105
 0.000347 2.690665 4.066668 6.757333 0.909961
 0.000347 2.686350 4.061251 6.747601 0.799819
 0.000348 2.680937 4.055454 6.736391 0.681744
 0.000348 2.675020 4.049139 6.724159 0.563659
 0.000349 2.669093 4.042389 6.711481 0.453112
 0.000349 2.663629 4.035168 6.698797 0.354576
 0.000350 2.659565 4.027523 6.687089 0.274327
 0.000350 2.657118 4.019361 6.676479 0.210491
 0.000351 2.655841 4.010723 6.666564 0.158464
 0.000351 2.655980 4.001701 6.657681 0.118113
 0.000352 2.657959 3.992383 6.650342 0.089243
 0.000352 2.661726 3.982783 6.644509 0.069179
 0.000353 2.667275 3.972954 6.640230 0.056079
 0.000353 2.673980 3.963003 6.636983 0.047059
 0.000354 2.681661 3.952979 6.634640 0.041039
 0.000354 2.690155 3.942973 6.633127 0.037372
 0.000355 2.698791 3.932944 6.631735 0.034148
 0.000355 2.706976 3.923174 6.630150 0.030655
 0.000356 2.714095 3.913694 6.627789 0.025802
 0.000356 2.719767 3.904591 6.624358 0.019493
 0.000357 2.723386 3.895926 6.619312 0.011819
 0.000357 2.724658 3.887827 6.612485 0.004477
 0.000358 2.723530 3.880272 6.603802 0.000189
 0.000358 2.720078 3.873236 6.593313 0.002550
 0.000359 2.714602 3.866842 6.581444 0.015173
 0.000359 2.707925 3.861070 6.568995 0.039766
 0.000360 2.700189 3.855961 6.556150 0.077322
 0.000360 2.692078 3.851449 6.543527 0.126288
 0.000361 2.684245 3.847578 6.531823 0.182366
 0.000361 2.677080 3.844203 6.521284 0.241652
 0.000362 2.670960 3.841391 6.512350 0.298428
 0.000362 2.666306 3.839068 6.505374 0.346934
 0.000363 2.663657 3.836995 6.500653 0.381825
 0.000363 2.663136 3.835222 6.498358 0.399386
 0.000364 2.664592 3.833756 6.498348 0.399463
 0.000364 2.667868 3.832597 6.500465 0.383246
 0.000365 2.672524 3.831715 6.504239 0.355167
 0.000365 2.678464 3.831000 6.509464 0.318051
 0.000366 2.685548 3.830480 6.516028 0.274330
 0.000366 2.692889 3.830043 6.522932 0.231833
 0.000367 2.700506 3.829640 6.530146 0.191242
 0.000367 2.707890 3.829122 6.537012 0.156237
 0.000368 2.714653 3.828411 6.543064 0.128311
 0.000368 2.720486 3.827558 6.548043 0.107395
 0.000369 2.725321 3.826477 6.551798 0.092854
 0.000369 2.729099 3.825302 6.554401 0.083393
 0.000370 2.731927 3.824029 6.555955 0.077987
 0.000370 2.733741 3.822598 6.556338 0.076683
 0.000371 2.734648 3.821213 6.555861 0.078312
 0.000371 2.735292 3.819880 6.555171 0.080692
 0.000372 2.736136 3.818476 6.554613 0.082647
 0.000372 2.737534 3.817069 6.554603 0.082681
 0.000373 2.739646 3.815797 6.555443 0.079749
 0.000373 2.742744 3.814753 6.557497 0.072802
 0.000374 2.747531 3.813736 6.561267 0.060877
 0.000374 2.754312 3.812755 6.567067 0.044612
 0.000375 2.762819 3.811965 6.574783 0.026884
 0.000375 2.772807 3.811372 6.584179 0.011327
 0.000376 2.784318 3.811013 6.595331 0.001454
 0.000376 2.797087 3.810813 6.607900 0.001508
 0.000377 2.811388 3.810840 6.622228 0.016021
 0.000377 2.826757 3.811065 6.637822 0.049315
 0.000378 2.841875 3.811387 6.653262 0.100245
 0.000378 2.856756 3.811746 6.668502 0.168052
 0.000379 2.871105 3.812237 6.683342 0.250818
 0.000379 2.884310 3.812829 6.697139 0.342583
 0.000380 2.896191 3.813362 6.709553 0.437354
 0.000380 2.906227 3.813936 6.720163 0.527513
 0.000381 2.914479 3.814391 6.728870 0.607802
 0.000381 2.920927 3.814682 6.735609 0.673854
 0.000382 2.925658 3.814699 6.740357 0.722441
 0.000382 2.928941 3.814431 6.743372 0.754167
 0.000383 2.931276 3.813809 6.745085 0.772493
 0.000383 2.932782 3.812974 6.745756 0.779738
 0.000384 2.933611 3.811879 6.745490 0.776860
 0.000384 2.934358 3.810435 6.744793 0.769354
 0.000385 2.935105 3.808589 6.743694 0.757591
 0.000385 2.935798 3.806441 6.742239 0.742158
 0.000386 2.936623 3.803854 6.740477 0.723687
 0.000386 2.937530 3.800889 6.738420 0.702410
 0.000387 2.938248 3.797611 6.735859 0.676369
 0.000387 2.939578 3.793992 6.733570 0.653517
 0.000388 2.941505 3.790019 6.731524 0.633416
 0.000388 2.943836 3.785777 6.729614 0.614930
 0.000389 2.946350 3.781501 6.727851 0.598121
 0.000389 2.948356 3.777247 6.725603 0.577016
 0.000390 2.949374 3.773026 6.722400 0.547599
 0.000390 2.949590 3.768747 6.718337 0.511397
 0.000391 2.948831 3.764571 6.713402 0.469086
 0.000391 2.946951 3.760543 6.707494 0.420837
 0.000392 2.943586 3.756808 6.700393 0.366311
 0.000392 2.938804 3.753291 6.692095 0.307379
 0.000393 2.932983 3.750179 6.683162 0.249718
 0.000393 2.926101 3.747485 6.673586 0.194546
 0.000394 2.917652 3.745096 6.662748 0.140404
 0.000394 2.907962 3.742990 6.650952 0.091488
 0.000395 2.897788 3.741260 6.639048 0.052704
 0.000395 2.887336 3.740039 6.627376 0.024994
 0.000396 2.877001 3.739298 6.616300 0.008149
 0.000396 2.867026 3.739019 6.606046 0.000755
 0.000397 2.858043 3.739153 6.597197 0.000713
 0.000397 2.850069 3.739538 6.589607 0.005356
 0.000398 2.843393 3.740133 6.583526 0.012194
 0.000398 2.838203 3.740889 6.579091 0.018929
 0.000399 2.834399 3.741810 6.576209 0.024098
 0.000399 2.832250 3.742822 6.575073 0.026307
 0.000400 2.831185 3.743841 6.575026 0.026400
 0.000400 2.830906 3.744873 6.575779 0.024923
 0.000401 2.831297 3.745872 6.577169 0.022307
 0.000401 2.832333 3.746774 6.579107 0.018902
 0.000402 2.833461 3.747371 6.580832 0.016110
 0.000402 2.834089 3.747613 6.581702 0.014785
 0.000403 2.833755 3.747525 6.581280 0.015422
 0.000403 2.832037 3.746988 6.579025 0.019041
 0.000404 2.828965 3.746066 6.575032 0.026388
 0.000404 2.824436 3.744767 6.569203 0.039258
 0.000405 2.818662 3.743011 6.561672 0.059659
 0.000405 2.811454 3.740845 6.552299 0.090994
 0.000406 2.803105 3.738289 6.541395 0.135738
 0.000406 2.794611 3.735279 6.529890 0.192616
 0.000407 2.786528 3.731953 6.518481 0.258823
 0.000407 2.779339 3.728325 6.507664 0.330607
 0.000408 2.773341 3.724572 6.497913 0.402841
 0.000408 2.768857 3.720684 6.489541 0.470549
 0.000409 2.766125 3.716760 6.482885 0.528129
 0.000409 2.765551 3.712845 6.478396 0.568840
 0.000410 2.766862 3.709006 6.475868 0.592434
 0.000410 2.770277 3.705302 6.475579 0.595160
 0.000411 2.775733 3.701767 6.477500 0.577147
 0.000411 2.783076 3.698498 6.481574 0.539864
 0.000412 2.791961 3.695496 6.487456 0.488227
 0.000412 2.802277 3.692906 6.495182 0.424348
 0.000413 2.813644 3.690528 6.504172 0.355656
 0.000413 2.825532 3.688439 6.513970 0.287690
 0.000414 2.837706 3.686749 6.524455 0.222936
 0.000414 2.849736 3.685430 6.535166 0.165299
 0.000415 2.861146 3.684438 6.545584 0.117495
 0.000415 2.871649 3.683734 6.555384 0.079955
 0.000416 2.881218 3.683308 6.564526 0.051429
 0.000416 2.889821 3.683083 6.572905 0.030789
 0.000417 2.897450 3.683170 6.580620 0.016441
 0.000417 2.904321 3.683377 6.587698 0.007205
 0.000418 2.910626 3.683659 6.594285 0.001984
 0.000418 2.916737 3.683971 6.600708 0.000027
 0.000419 2.923030 3.684192 6.607222 0.001203
 0.000419 2.929658 3.684161 6.613820 0.005637
 0.000420 2.936961 3.683985 6.620946 0.014095
 0.000420 2.945139 3.683618 6.628758 0.027742
 0.000421 2.954042 3.683052 6.637094 0.047353
 0.000421 2.963691 3.682301 6.645992 0.074039
 0.000422 2.973425 3.681502 6.654926 0.106805
 0.000422 2.983342 3.680613 6.663956 0.146001
 0.000423 2.993590 3.679608 6.673197 0.192454
 0.000423 3.003968 3.678333 6.682301 0.244477
 0.000424 3.014365 3.676824 6.691189 0.301260
 0.000424 3.024459 3.675258 6.699717 0.361314
 0.000425 3.033699 3.673713 6.707412 0.420182
 0.000425 3.041810 3.672199 6.714010 0.474195
 0.000426 3.048605 3.670766 6.719371 0.520493
 0.000426 3.054228 3.669576 6.723803 0.560391
 0.000427 3.058224 3.668621 6.726845 0.588626
 0.000427 3.060408 3.667929 6.728337 0.602732
 0.000428 3.061011 3.667504 6.728515 0.604419
 0.000428 3.059864 3.667453 6.727317 0.593065
 0.000429 3.056482 3.667846 6.724328 0.565213
 0.000429 3.051177 3.668622 6.719798 0.524273
 0.000430 3.044340 3.669733 6.714072 0.474726
 0.000430 3.036589 3.671045 6.707634 0.421946
 0.000431 3.028427 3.672587 6.701014 0.370927
 0.000431 3.019933 3.674346 6.694278 0.322386
 0.000432 3.011095 3.676294 6.687389 0.276258
 0.000432 3.002538 3.678601 6.681140 0.237493
 0.000433 2.994156 3.681098 6.675254 0.203664
 0.000433 2.985965 3.683822 6.669787 0.174565
 0.000434 2.978302 3.686685 6.664987 0.150867
 0.000434 2.971119 3.689597 6.660715 0.131232
 0.000435 2.964973 3.692345 6.657318 0.116590
 0.000435 2.959405 3.695020 6.654425 0.104806
 0.000436 2.954070 3.697632 6.651702 0.094289
 0.000436 2.948482 3.700129 6.648611 0.083024
 0.000437 2.942356 3.702328 6.644684 0.069741
 0.000437 2.936379 3.704161 6.640540 0.056982
 0.000438 2.929807 3.705531 6.635338 0.042789
 0.000438 2.922345 3.706614 6.628959 0.028154
 0.000439 2.913645 3.707265 6.620909 0.014042
 0.000439 2.903676 3.707486 6.611162 0.003458
 0.000440 2.892362 3.707317 6.599679 0.000133
 0.000440 2.879598 3.706734 6.586332 0.008694
 0.000441 2.865339 3.705796 6.571135 0.034710
 0.000441 2.849970 3.704473 6.554442 0.083248
 0.000442 2.833774 3.702810 6.536584 0.158311
 0.000442 2.818067 3.700852 6.518919 0.256100
 0.000443 2.803184 3.698640 6.501824 0.373009
 0.000443 2.789801 3.696184 6.485984 0.500902
 0.000444 2.778459 3.693549 6.472008 0.629380
 0.000444 2.769133 3.690779 6.459912 0.752386
 0.000445 2.762299 3.687814 6.450114 0.860084
 0.000445 2.758584 3.684782 6.443366 0.938428
 0.000446 2.757701 3.681830 6.439531 0.984485
 0.000446 2.759329 3.678971 6.438299 0.999512
 0.000447 2.763512 3.676224 6.439736 0.981998
 0.000447 2.769901 3.673631 6.443532 0.936466
 0.000448 2.777539 3.671313 6.448852 0.874473
 0.000448 2.785884 3.669333 6.455217 0.803100
 0.000449 2.794503 3.667705 6.462208 0.728197
 0.000449 2.802611 3.666492 6.469102 0.657924
 0.000450 2.809933 3.665780 6.475713 0.593891
 0.000450 2.815971 3.665615 6.481585 0.539760
 0.000451 2.820182 3.665915 6.486097 0.499923
 0.000451 2.822428 3.666729 6.489156 0.473787
 0.000452 2.823348 3.668003 6.491352 0.455460
 0.000452 2.823379 3.669747 6.493126 0.440914
 0.000453 2.822983 3.671979 6.494962 0.426108
 0.000453 2.822438 3.674541 6.496979 0.410134
 0.000454 2.822341 3.677499 6.499840 0.388002
 0.000454 2.823255 3.680746 6.504001 0.356909
 0.000455 2.825753 3.684294 6.510047 0.314037
 0.000455 2.829969 3.688042 6.518011 0.261759
 0.000456 2.836468 3.691983 6.528451 0.200430
 0.000456 2.845359 3.695916 6.541275 0.136278
 0.000457 2.856388 3.699812 6.556200 0.077152
 0.000457 2.869530 3.703685 6.573215 0.030126
 0.000458 2.884195 3.707632 6.591827 0.003551
 0.000458 2.899905 3.711526 6.611431 0.003655
 0.000459 2.916331 3.715358 6.631688 0.034042
 0.000459 2.932721 3.719193 6.651914 0.095088
 0.000460 2.948648 3.722967 6.671615 0.184044
 0.000460 2.963930 3.726722 6.690652 0.297662
 0.000461 2.977529 3.730472 6.708001 0.424874
 0.000461 2.988933 3.734127 6.723060 0.553599
 0.000462 2.997697 3.737699 6.735396 0.671714
 0.000462 3.003647 3.741275 6.744922 0.770740
 0.000463 3.006951 3.744881 6.751833 0.846834
 0.000463 3.008003 3.748554 6.756557 0.900920
 0.000464 3.007044 3.752251 6.759295 0.933028
 0.000464 3.004273 3.755922 6.760195 0.943706
 0.000465 2.999735 3.759631 6.759365 0.933862
 0.000465 2.994029 3.763328 6.757357 0.910248
 0.000466 2.987881 3.766978 6.754859 0.881284
 0.000466 2.981554 3.770620 6.752174 0.850685
 0.000467 2.975796 3.774374 6.750170 0.828199
 0.000467 2.970429 3.778201 6.748630 0.811128
 0.000468 2.966052 3.782075 6.748127 0.805589
 0.000468 2.962755 3.785915 6.748671 0.811574
 0.000469 2.960506 3.789613 6.750119 0.827632
 0.000469 2.959606 3.793155 6.752761 0.857333
 0.000470 2.959971 3.796615 6.756586 0.901257
 0.000470 2.961625 3.799985 6.761610 0.960613
 0.000471 2.963656 3.803222 6.766878 1.024898
 0.000471 2.965684 3.806256 6.771940 1.088615
 0.000472 2.966880 3.809011 6.775891 1.139698
 0.000472 2.967013 3.811607 6.778621 1.175662
 0.000473 2.965922 3.813972 6.779893 1.192624
 0.000473 2.962745 3.815964 6.778708 1.176822
 0.000474 2.957417 3.817488 6.774905 1.126833
 0.000474 2.949199 3.818656 6.767854 1.037036
 0.000475 2.938229 3.819596 6.757826 0.915729
 0.000475 2.924648 3.820159 6.744807 0.769501
 0.000476 2.908946 3.820230 6.729176 0.610731
 0.000476 2.891938 3.819914 6.711852 0.456177
 0.000477 2.874138 3.819118 6.693255 0.315309
 0.000477 2.855915 3.817894 6.673809 0.195756
 0.000478 2.837792 3.816346 6.654138 0.103672
 0.000478 2.820407 3.814395 6.634802 0.041442
 0.000479 2.804498 3.812256 6.616754 0.008658
 0.000479 2.790050 3.809903 6.599953 0.000097
 0.000480 2.777832 3.807434 6.585266 0.009954
 0.000480 2.768139 3.804968 6.573108 0.030355
 0.000481 2.761100 3.802479 6.563579 0.054092
 0.000481 2.756593 3.799946 6.556540 0.076001
 0.000482 2.754783 3.797383 6.552166 0.091486
 0.000482 2.755673 3.794946 6.550619 0.097307
 0.000483 2.758621 3.792680 6.551300 0.094722
 0.000483 2.762516 3.790610 6.553126 0.087965
 0.000484 2.766645 3.788807 6.555452 0.079720
 0.000484 2.770668 3.787391 6.558060 0.070956
 0.000485 2.773724 3.786372 6.560096 0.064469
 0.000485 2.775448 3.785718 6.561166 0.061183
 0.000486 2.775141 3.785532 6.560672 0.062688
 0.000486 2.772246 3.785685 6.557932 0.071374
 0.000487 2.767444 3.786347 6.553791 0.085566
 0.000487 2.760416 3.787346 6.547762 0.108528
 0.000488 2.751664 3.788747 6.540412 0.140210
 0.000488 2.741681 3.790673 6.532354 0.179599
 0.000489 2.731579 3.793031 6.524611 0.222037
 0.000489 2.722262 3.795782 6.518044 0.261550
 0.000490 2.713778 3.798924 6.512702 0.296078
 0.000490 2.707201 3.802437 6.509637 0.316857
 0.000491 2.703281 3.806201 6.509482 0.317929
 0.000491 2.702772 3.810203 6.512975 0.294264
 0.000492 2.705815 3.814306 6.520120 0.248707
 0.000492 2.711615 3.818416 6.530032 0.191853
 0.000493 2.719958 3.822599 6.542557 0.130543
 0.000493 2.730437 3.826918 6.557355 0.073273
 0.000494 2.742902 3.831411 6.574313 0.027836
 0.000494 2.756828 3.835920 6.592747 0.002911
 0.000495 2.771222 3.840339 6.611561 0.003752
 0.000495 2.785276 3.844725 6.630001 0.030336
 0.000496 2.798764 3.849160 6.647924 0.080616
 0.000496 2.811034 3.853700 6.664734 0.149665
 0.000497 2.821028 3.858304 6.679332 0.226824
 0.000497 2.828565 3.862884 6.691449 0.303008
 0.000498 2.833273 3.867498 6.700771 0.369114
 0.000498 2.835680 3.872037 6.707717 0.422612
 0.000499 2.836417 3.876480 6.712897 0.464857
 0.000499 2.836251 3.880808 6.717060 0.500270
 0.000500 2.835783 3.885113 6.720896 0.534052
