#! FIELDS time dAB dAC rc bias
 0.000000 1.778643 2.670328 4.448971 20.555973
 0.000000 1.796862 2.669748 4.466611 21.547149
 0.000001 1.814924 2.669146 4.484070 22.551174
 0.000001 1.832129 2.668409 4.500538 23.519134
 0.000002 1.847522 2.667547 4.515069 24.390129
 0.000002 1.859845 2.666684 4.526529 25.088220
 0.000003 1.868130 2.665868 4.533998 25.548521
 0.000003 1.872019 2.665006 4.537025 25.736254
 0.000004 1.871460 2.664060 4.535520 25.642791
 0.000004 1.866880 2.663027 4.529907 25.295867
 0.000005 1.858234 2.661893 4.520126 24.696989
 0.000005 1.846112 2.660560 4.506671 23.884831
 0.000006 1.831191 2.659249 4.490439 22.923141
 0.000006 1.814608 2.658035 4.472643 21.891482
 0.000007 1.797093 2.656829 4.453922 20.831795
 0.000007 1.779271 2.655635 4.434906 19.782381
 0.000008 1.762173 2.654486 4.416659 18.800912
 0.000008 1.746361 2.653226 4.399587 17.905237
 0.000009 1.732252 2.651959 4.384211 17.117241
 0.000009 1.720255 2.650721 4.370976 16.453170
 0.000010 1.710898 2.649525 4.360423 15.933094
 0.000010 1.704293 2.648294 4.352588 15.552335
 0.000011 1.700151 2.647104 4.347255 15.295841
 0.000011 1.698732 2.645896 4.344628 15.170261
 0.000012 1.700217 2.644627 4.344844 15.180579
 0.000012 1.704306 2.643397 4.347703 15.317305
 0.000013 1.711279 2.642170 4.353449 15.593987
 0.000013 1.721492 2.641110 4.362602 16.039769
 0.000014 1.734306 2.640009 4.374315 16.619485
 0.000014 1.749344 2.638969 4.388312 17.325690
 0.000015 1.765780 2.638055 4.403835 18.126049
 0.000015 1.782255 2.637189 4.419444 18.949085
 0.000016 1.797639 2.636304 4.433943 19.729981
 0.000016 1.810451 2.635461 4.445912 20.386482
 0.000017 1.819211 2.634607 4.453819 20.826042
 0.000017 1.822812 2.633792 4.456604 20.982013
 0.000018 1.820899 2.632982 4.453881 20.829518
 0.000018 1.813575 2.632167 4.445742 20.377079
 0.000019 1.801508 2.631427 4.432935 19.675152
 0.000019 1.786324 2.630803 4.417127 18.825755
 0.000020 1.769219 2.630205 4.399424 17.896790
 0.000020 1.751507 2.629630 4.381137 16.961813
 0.000021 1.735150 2.629143 4.364293 16.122860
 0.000021 1.720892 2.628740 4.349632 15.409921
 0.000022 1.709276 2.628267 4.337543 14.834154
 0.000022 1.700839 2.627802 4.328641 14.417210
 0.000023 1.695701 2.627325 4.323026 14.157304
 0.000023 1.694150 2.626757 4.320906 14.059771
 0.000024 1.695977 2.626118 4.322095 14.114403
 0.000024 1.700643 2.625410 4.326053 14.297120
 0.000025 1.708293 2.624557 4.332850 14.613640
 0.000025 1.718889 2.623547 4.342436 15.065883
 0.000026 1.731946 2.622426 4.354372 15.638656
 0.000026 1.747081 2.621177 4.368257 16.318383
 0.000027 1.764249 2.619653 4.383902 17.101568
 0.000027 1.783340 2.617976 4.401316 17.994936
 0.000028 1.803747 2.616128 4.419875 18.972054
 0.000028 1.824974 2.613918 4.438892 20.000125
 0.000029 1.846684 2.611447 4.458131 21.067768
 0.000029 1.868224 2.608652 4.476876 22.134669
 0.000030 1.887911 2.605553 4.493463 23.100808
 0.000030 1.904629 2.602095 4.506724 23.887966
 0.000031 1.917209 2.598443 4.515652 24.425429
 0.000031 1.924577 2.594647 4.519224 24.642088
 0.000032 1.926257 2.590638 4.516895 24.500704
 0.000032 1.921933 2.586447 4.508381 23.987256
 0.000033 1.911871 2.582003 4.493874 23.124984
 0.000033 1.896889 2.577371 4.474260 21.984199
 0.000034 1.878013 2.572556 4.450569 20.644783
 0.000034 1.856907 2.567522 4.424429 19.215803
 0.000035 1.835199 2.562481 4.397680 17.806524
 0.000035 1.813362 2.557393 4.370755 16.442181
 0.000036 1.792507 2.552231 4.344738 15.175492
 0.000036 1.773176 2.547004 4.320179 14.026417
 0.000037 1.755873 2.541827 4.297700 13.014260
 0.000037 1.741383 2.536558 4.277941 12.155909
 0.000038 1.729957 2.531410 4.261367 11.458460
 0.000038 1.721754 2.526467 4.248221 10.919928
 0.000039 1.717043 2.521732 4.238774 10.540952
 0.000039 1.715503 2.517239 4.232741 10.302431
 0.000040 1.717145 2.512831 4.229976 10.193992
 0.000040 1.722194 2.508623 4.230817 10.226918
 0.000041 1.730805 2.504517 4.235322 10.404136
 0.000041 1.742797 2.500552 4.243349 10.723632
 0.000042 1.757916 2.496836 4.254752 11.185850
 0.000042 1.775480 2.493235 4.268715 11.765122
 0.000043 1.794867 2.489856 4.284724 12.447242
 0.000043 1.814569 2.486727 4.301296 13.173614
 0.000044 1.832917 2.483804 4.316721 13.868234
 0.000044 1.848085 2.481126 4.329210 14.443712
 0.000045 1.858299 2.478731 4.337031 14.810019
 0.000045 1.862557 2.476534 4.339091 14.907308
 0.000046 1.860258 2.474476 4.334734 14.701954
 0.000046 1.851863 2.472608 4.324471 14.223956
 0.000047 1.838890 2.470952 4.309842 13.556273
 0.000047 1.822703 2.469521 4.292224 12.773433
 0.000048 1.805335 2.468255 4.273590 11.970794
 0.000048 1.787827 2.467123 4.254949 11.193947
 0.000049 1.771924 2.466251 4.238175 10.517144
 0.000049 1.758543 2.465520 4.224062 9.964065
 0.000050 1.748314 2.464978 4.213293 9.552066
 0.000050 1.741702 2.464741 4.206444 9.294564
 0.000051 1.738882 2.464682 4.203563 9.187334
 0.000051 1.739724 2.464688 4.204413 9.218892
 0.000052 1.744327 2.464800 4.209126 9.395012
 0.000052 1.752532 2.465105 4.217636 9.717193
 0.000053 1.763749 2.465555 4.229303 10.167718
 0.000053 1.777827 2.466116 4.243943 10.747471
 0.000054 1.794412 2.466750 4.261162 11.449946
 0.000054 1.813316 2.467500 4.280816 12.278958
 0.000055 1.833807 2.468369 4.302176 13.212779
 0.000055 1.854992 2.469491 4.324482 14.224490
 0.000056 1.876086 2.470633 4.346720 15.270202
 0.000056 1.896222 2.471761 4.367982 16.304774
 0.000057 1.914129 2.472850 4.386980 17.257813
 0.000057 1.927712 2.473925 4.401637 18.011624
 0.000058 1.935382 2.475124 4.410506 18.475547
 0.000058 1.936129 2.476413 4.412542 18.582928
 0.000059 1.929858 2.477759 4.407617 18.323795
 0.000059 1.916642 2.479044 4.395685 17.703585
 0.000060 1.896978 2.480415 4.377393 16.773490
 0.000060 1.872689 2.481751 4.354439 15.641900
 0.000061 1.846054 2.483035 4.329089 14.438076
 0.000061 1.818825 2.484241 4.303066 13.252432
 0.000062 1.792109 2.485281 4.277390 12.132375
 0.000062 1.767588 2.486174 4.253761 11.145311
 0.000063 1.746193 2.486986 4.233179 10.319638
 0.000063 1.728946 2.487749 4.216695 9.681278
 0.000064 1.716270 2.488472 4.204742 9.231133
 0.000064 1.708517 2.489061 4.197578 8.966468
 0.000065 1.705701 2.489607 4.195308 8.883423
 0.000065 1.707729 2.490198 4.197927 8.979291
 0.000066 1.714590 2.490833 4.205423 9.256507
 0.000066 1.726203 2.491432 4.217635 9.717119
 0.000067 1.742863 2.492193 4.235056 10.393627
 0.000067 1.764183 2.492978 4.257161 11.284742
 0.000068 1.789265 2.493806 4.283072 12.375972
 0.000068 1.816753 2.494675 4.311428 13.627869
 0.000069 1.845454 2.495551 4.341004 14.997903
 0.000069 1.873625 2.496594 4.370218 16.415549
 0.000070 1.899939 2.497804 4.397743 17.809789
 0.000070 1.922578 2.499244 4.421822 19.076074
 0.000071 1.940007 2.500815 4.440823 20.106010
 0.000071 1.951192 2.502454 4.453646 20.816396
 0.000072 1.955770 2.504279 4.460049 21.175705
 0.000072 1.953829 2.506310 4.460139 21.180798
 0.000073 1.946421 2.508463 4.454884 20.885656
 0.000073 1.935349 2.510619 4.445968 20.389588
 0.000074 1.921764 2.512845 4.434608 19.766188
 0.000074 1.907224 2.515051 4.422276 19.100348
 0.000075 1.892742 2.517268 4.410010 18.449474
 0.000075 1.879213 2.519464 4.398677 17.858078
 0.000076 1.867578 2.521610 4.389189 17.370390
 0.000076 1.858243 2.523753 4.381996 17.005196
 0.000077 1.851262 2.525746 4.377007 16.754161
 0.000077 1.846669 2.527625 4.374294 16.618421
 0.000078 1.844788 2.529352 4.374140 16.610734
 0.000078 1.845848 2.530905 4.376753 16.741435
 0.000079 1.849541 2.532112 4.381653 16.987879
 0.000079 1.855616 2.533082 4.388698 17.345346
 0.000080 1.864453 2.533875 4.398328 17.840030
 0.000080 1.876145 2.534550 4.410695 18.485501
 0.000081 1.890008 2.534858 4.424867 19.239296
 0.000081 1.905320 2.534890 4.440210 20.072365
 0.000082 1.921512 2.534671 4.456183 20.958406
 0.000082 1.937237 2.534298 4.471535 21.828000
 0.000083 1.951191 2.533774 4.484965 22.603263
 0.000083 1.961571 2.533152 4.494724 23.175062
 0.000084 1.966913 2.532276 4.499189 23.439094
 0.000084 1.965527 2.531284 4.496810 23.298237
 0.000085 1.956807 2.530228 4.487036 22.723971
 0.000085 1.940931 2.529046 4.469977 21.738969
 0.000086 1.919081 2.527941 4.447023 20.447938
 0.000086 1.893289 2.526859 4.420148 18.986633
 0.000087 1.865714 2.525632 4.391347 17.480717
 0.000087 1.837706 2.524292 4.361998 16.010154
 0.000088 1.811279 2.522909 4.334188 14.676325
 0.000088 1.788277 2.521490 4.309766 13.552848
 0.000089 1.769987 2.519975 4.289962 12.674615
 0.000089 1.757209 2.518404 4.275613 12.056692
 0.000090 1.750207 2.516865 4.267072 11.696195
 0.000090 1.748993 2.515289 4.264282 11.579635
 0.000091 1.753614 2.513684 4.267297 11.705642
 0.000091 1.763692 2.512145 4.275837 12.066192
 0.000092 1.778503 2.510591 4.289094 12.636790
 0.000092 1.797659 2.509075 4.306734 13.416475
 0.000093 1.819726 2.507609 4.327335 14.356576
 0.000093 1.844008 2.505994 4.350002 15.427716
 0.000094 1.868508 2.504255 4.372764 16.542087
 0.000094 1.891475 2.502525 4.393999 17.616811
 0.000095 1.911988 2.500743 4.412731 18.592879
 0.000095 1.928719 2.498915 4.427634 19.388242
 0.000096 1.940684 2.497004 4.437688 19.934207
 0.000096 1.947004 2.494878 4.441882 20.164210
 0.000097 1.947962 2.492539 4.440501 20.088354
 0.000097 1.944081 2.489984 4.434065 19.736600
 0.000098 1.935944 2.487193 4.423137 19.146471
 0.000098 1.924512 2.484349 4.408861 18.389047
 0.000099 1.910733 2.481399 4.392132 17.520955
 0.000099 1.895912 2.478361 4.374273 16.617357
 0.000100 1.880580 2.475154 4.355734 15.704684
 0.000100 1.865625 2.471951 4.337576 14.835715
 0.000101 1.851963 2.468688 4.320651 14.048049
 0.000101 1.840020 2.465483 4.305503 13.361291
 0.000102 1.830025 2.462246 4.292270 12.775472
 0.000102 1.821760 2.458936 4.280696 12.273810
 0.000103 1.815509 2.455626 4.271135 11.867010
 0.000103 1.811092 2.452303 4.263395 11.542701
 0.000104 1.808888 2.448965 4.257853 11.313249
 0.000104 1.809151 2.445783 4.254933 11.193287
 0.000105 1.811983 2.442742 4.254725 11.184749
 0.000105 1.817249 2.439796 4.257045 11.279995
 0.000106 1.824677 2.436849 4.261526 11.465046
 0.000106 1.833732 2.434004 4.267736 11.724019
 0.000107 1.844015 2.431296 4.275311 12.043851
 0.000107 1.854457 2.428856 4.283313 12.386381
 0.000108 1.863956 2.426744 4.290700 12.706827
 0.000108 1.871254 2.424922 4.296176 12.947003
 0.000109 1.874683 2.423335 4.298018 13.028317
 0.000109 1.873982 2.422045 4.296027 12.940434
 0.000110 1.868658 2.420964 4.289622 12.659786
 0.000110 1.859076 2.420240 4.279316 12.214686
 0.000111 1.845847 2.419807 4.265654 11.636861
 0.000111 1.829843 2.419632 4.249475 10.970739
 0.000112 1.811995 2.419690 4.231684 10.260917
 0.000112 1.794089 2.419981 4.214071 9.581539
 0.000113 1.777572 2.420516 4.198088 8.985184
 0.000113 1.763459 2.421250 4.184709 8.500724
 0.000114 1.752228 2.422171 4.174399 8.136564
 0.000114 1.744959 2.423119 4.168078 7.917233
 0.000115 1.741396 2.424235 4.165632 7.833159
 0.000115 1.741616 2.425443 4.167059 7.882147
 0.000116 1.745580 2.426661 4.172240 8.061325
 0.000116 1.753374 2.427827 4.181201 8.375944
 0.000117 1.764722 2.429032 4.193754 8.826805
 0.000117 1.779561 2.430406 4.209967 9.426592
 0.000118 1.797470 2.431677 4.229147 10.161607
 0.000118 1.817424 2.432722 4.250147 10.998008
 0.000119 1.839179 2.433710 4.272889 11.941115
 0.000119 1.862203 2.434591 4.296794 12.974265
 0.000120 1.885269 2.435403 4.320672 14.049017
 0.000120 1.906917 2.436166 4.343083 15.096663
 0.000121 1.925800 2.436859 4.362660 16.042619
 0.000121 1.940904 2.437406 4.378311 16.819562
 0.000122 1.951311 2.437780 4.389091 17.365400
 0.000122 1.956671 2.438092 4.394763 17.656082
 0.000123 1.956449 2.438396 4.394845 17.660332
 0.000123 1.950823 2.438692 4.389515 17.387052
 0.000124 1.940502 2.438809 4.379311 16.869862
 0.000124 1.926497 2.438745 4.365242 16.169556
 0.000125 1.909969 2.438648 4.348616 15.361116
 0.000125 1.891407 2.438435 4.329842 14.473135
 0.000126 1.871787 2.438260 4.310048 13.565538
 0.000126 1.852062 2.437942 4.290004 12.676455
 0.000127 1.832545 2.437561 4.270106 11.823609
 0.000127 1.813817 2.437165 4.250982 11.031972
 0.000128 1.796511 2.436808 4.233319 10.325163
 0.000128 1.781217 2.436477 4.217694 9.719403
 0.000129 1.768253 2.436099 4.204352 9.216627
 0.000129 1.758117 2.435644 4.193761 8.827032
 0.000130 1.751002 2.435086 4.186087 8.550033
 0.000130 1.746775 2.434636 4.181411 8.383382
 0.000131 1.745367 2.434450 4.179818 8.326969
 0.000131 1.746729 2.434346 4.181075 8.371452
 0.000132 1.751100 2.434392 4.185492 8.528712
 0.000132 1.757744 2.434683 4.192427 8.778570
 0.000133 1.765942 2.435169 4.201111 9.096514
 0.000133 1.775471 2.435872 4.211343 9.478411
 0.000134 1.785587 2.436858 4.222445 9.901638
 0.000134 1.795338 2.438161 4.233499 10.332215
 0.000135 1.803237 2.439827 4.243064 10.712217
 0.000135 1.808369 2.441906 4.250275 11.003223
 0.000136 1.809698 2.444393 4.254092 11.158828
 0.000136 1.806889 2.447272 4.254161 11.161669
 0.000137 1.800202 2.450375 4.250577 11.015513
 0.000137 1.790651 2.453817 4.244467 10.768543
 0.000138 1.778836 2.457534 4.236370 10.445557
 0.000138 1.766387 2.461408 4.227795 10.108904
 0.000139 1.754579 2.465520 4.220099 9.811432
 0.000139 1.744013 2.469889 4.213902 9.575138
 0.000140 1.735563 2.474523 4.210086 9.431079
 0.000140 1.729863 2.479442 4.209305 9.401710
 0.000141 1.727582 2.484686 4.212268 9.513331
 0.000141 1.729497 2.490179 4.219676 9.795200
 0.000142 1.735371 2.495918 4.231289 10.245425
 0.000142 1.744992 2.501913 4.246905 10.866730
 0.000143 1.757952 2.508141 4.266093 11.655223
 0.000143 1.774109 2.514614 4.288724 12.620676
 0.000144 1.793036 2.521194 4.314230 13.754834
 0.000144 1.814349 2.527869 4.342218 15.055529
 0.000145 1.837199 2.534630 4.371828 16.495541
 0.000145 1.860806 2.541455 4.402261 18.044049
 0.000146 1.884438 2.548325 4.432763 19.665825
 0.000146 1.907231 2.555070 4.462301 21.302828
 0.000147 1.928636 2.561669 4.490305 22.915230
 0.000147 1.948098 2.568029 4.516127 24.454162
 0.000148 1.964449 2.574100 4.538549 25.831021
 0.000148 1.977170 2.579947 4.557116 26.999670
 0.000149 1.985447 2.585482 4.570928 27.885824
 0.000149 1.988552 2.590734 4.579286 28.429003
 0.000150 1.986302 2.595544 4.581847 28.596459
 0.000150 1.979145 2.599845 4.578990 28.409670
 0.000151 1.967847 2.603619 4.571466 27.920606
 0.000151 1.952978 2.607020 4.559998 27.183399
 0.000152 1.935288 2.610070 4.545357 26.256530
 0.000152 1.915333 2.612668 4.528001 25.178614
 0.000153 1.894027 2.614872 4.508899 24.018366
 0.000153 1.871713 2.616691 4.488404 22.803923
 0.000154 1.849568 2.618143 4.467711 21.609755
 0.000154 1.827814 2.619089 4.446902 20.441276
 0.000155 1.806689 2.619636 4.426325 19.317733
 0.000155 1.786764 2.619947 4.406712 18.276351
 0.000156 1.768909 2.619914 4.388822 17.351690
 0.000156 1.753474 2.619549 4.373023 16.555029
 0.000157 1.740811 2.618773 4.359584 15.892101
 0.000157 1.731382 2.617745 4.349127 15.385634
 0.000158 1.725473 2.616515 4.341988 15.044595
 0.000158 1.723217 2.615126 4.338343 14.871941
 0.000159 1.724633 2.613526 4.338159 14.863262
 0.000159 1.729844 2.611726 4.341570 15.024754
 0.000160 1.738553 2.609689 4.348242 15.343128
 0.000160 1.750498 2.607528 4.358026 15.816134
 0.000161 1.765124 2.605330 4.370454 16.427264
 0.000161 1.781545 2.603238 4.384783 17.146215
 0.000162 1.798993 2.601176 4.400168 17.935355
 0.000162 1.816530 2.599156 4.415686 18.749251
 0.000163 1.833274 2.597147 4.430421 19.538823
 0.000163 1.848303 2.595114 4.443417 20.248733
 0.000164 1.859800 2.593133 4.452934 20.776612
 0.000164 1.866638 2.591283 4.457921 21.055939
 0.000165 1.868431 2.589614 4.458045 21.062923
 0.000165 1.865464 2.588095 4.453559 20.811529
 0.000166 1.857630 2.586663 4.444293 20.297014
 0.000166 1.845247 2.585450 4.430697 19.553781
 0.000167 1.829583 2.584387 4.413971 18.658406
 0.000167 1.811965 2.583556 4.395521 17.695100
 0.000168 1.794002 2.582924 4.376925 16.750052
 0.000168 1.777139 2.582602 4.359740 15.899716
 0.000169 1.761968 2.582526 4.344494 15.163888
 0.000169 1.749406 2.582736 4.332142 14.580479
 0.000170 1.740257 2.583104 4.323360 14.172706
 0.000170 1.735219 2.583764 4.318983 13.971613
 0.000171 1.734209 2.584691 4.318900 13.967794
 0.000171 1.737318 2.585839 4.323157 14.163317
 0.000172 1.744700 2.587129 4.331829 14.565864
 0.000172 1.755918 2.588685 4.344603 15.169074
 0.000173 1.770581 2.590395 4.360976 15.960149
 0.000173 1.787829 2.592204 4.380033 16.906180
 0.000174 1.807146 2.594153 4.401299 17.994049
 0.000174 1.827564 2.596128 4.423691 19.176208
 0.000175 1.849391 2.598172 4.447563 20.477870
 0.000175 1.872141 2.600183 4.472324 21.873186
 0.000176 1.894763 2.602044 4.496806 23.298006
 0.000176 1.916665 2.603851 4.520516 24.720728
 0.000177 1.937064 2.605545 4.542610 26.084393
 0.000177 1.955548 2.606912 4.562460 27.340819
 0.000178 1.971382 2.608021 4.579403 28.436631
 0.000178 1.984370 2.608841 4.593211 29.345587
 0.000179 1.994043 2.609324 4.603367 30.023246
 0.000179 2.000052 2.609571 4.609623 30.444575
 0.000180 2.001954 2.609458 4.611412 30.565605
 0.000180 1.999617 2.608960 4.608577 30.373930
 0.000181 1.993045 2.608127 4.601172 29.876166
 0.000181 1.982157 2.606921 4.589079 29.072045
 0.000182 1.967331 2.605409 4.572740 28.003109
 0.000182 1.949056 2.603586 4.552642 26.715698
 0.000183 1.928323 2.601398 4.529721 25.284401
 0.000183 1.905659 2.598789 4.504448 23.751923
 0.000184 1.881572 2.595917 4.477489 22.170052
 0.000184 1.856743 2.592741 4.449484 20.584495
 0.000185 1.831485 2.589288 4.420773 19.020011
 0.000185 1.806261 2.585588 4.391849 17.506456
 0.000186 1.781688 2.581729 4.363418 16.079825
 0.000186 1.758473 2.577642 4.336115 14.766881
 0.000187 1.737165 2.573392 4.310556 13.588488
 0.000187 1.718238 2.568969 4.287207 12.554781
 0.000188 1.701472 2.564393 4.265865 11.645710
 0.000188 1.687421 2.559904 4.247325 10.883716
 0.000189 1.676638 2.555523 4.232161 10.279620
 0.000189 1.669093 2.551140 4.220232 9.816553
 0.000190 1.664894 2.546818 4.211712 9.492341
 0.000190 1.663522 2.542547 4.206069 9.280596
 0.000191 1.664944 2.538398 4.203342 9.179110
 0.000191 1.669123 2.534414 4.203537 9.186348
 0.000192 1.675502 2.530625 4.206127 9.282746
 0.000192 1.684064 2.526950 4.211014 9.466021
 0.000193 1.694059 2.523496 4.217555 9.714068
 0.000193 1.704302 2.520197 4.224498 9.980924
 0.000194 1.713720 2.517130 4.230850 10.228223
 0.000194 1.721767 2.514330 4.236098 10.434795
 0.000195 1.728300 2.511738 4.240038 10.591254
 0.000195 1.733074 2.509303 4.242377 10.684687
 0.000196 1.736521 2.507146 4.243667 10.736397
 0.000196 1.738683 2.505410 4.244093 10.753509
 0.000197 1.739543 2.503976 4.243519 10.730476
 0.000197 1.739744 2.502834 4.242578 10.692730
 0.000198 1.739981 2.501942 4.241923 10.666528
 0.000198 1.740775 2.501293 4.242068 10.672327
 0.000199 1.742772 2.500897 4.243670 10.736513
 0.000199 1.746517 2.500808 4.247326 10.883740
 0.000200 1.751950 2.500990 4.252940 11.111747
 0.000200 1.759204 2.501381 4.260585 11.426082
 0.000201 1.767963 2.501935 4.269898 11.814850
 0.000201 1.778390 2.502794 4.281184 12.294745
 0.000202 1.790438 2.503848 4.294286 12.863845
 0.000202 1.803548 2.505100 4.308648 13.502454
 0.000203 1.817346 2.506570 4.323916 14.198325
 0.000203 1.831691 2.508364 4.340055 14.952922
 0.000204 1.845837 2.510383 4.356220 15.728287
 0.000204 1.859788 2.512590 4.372378 16.522900
 0.000205 1.874122 2.514912 4.389034 17.362487
 0.000205 1.888191 2.517364 4.405555 18.215840
 0.000206 1.901608 2.519819 4.421427 19.054947
 0.000206 1.914210 2.522340 4.436550 19.872044
 0.000207 1.925058 2.525041 4.450099 20.618673
 0.000207 1.933713 2.527897 4.461609 21.263757
 0.000208 1.939514 2.530802 4.470315 21.758287
 0.000208 1.940834 2.533708 4.474542 22.000423
 0.000209 1.936908 2.536587 4.473495 21.940290
 0.000209 1.927017 2.539584 4.466601 21.546614
 0.000210 1.910603 2.542727 4.453330 20.798742
 0.000210 1.888674 2.545942 4.434616 19.766604
 0.000211 1.861486 2.549318 4.410804 18.491236
 0.000211 1.830597 2.552804 4.383401 17.076194
 0.000212 1.797457 2.556465 4.353923 15.616884
 0.000212 1.763875 2.560294 4.324168 14.209985
 0.000213 1.730503 2.564240 4.294743 12.883935
 0.000213 1.698452 2.568259 4.266711 11.681077
 0.000214 1.668866 2.572317 4.241183 10.636962
 0.000214 1.642393 2.576511 4.218903 9.765622
 0.000215 1.619206 2.580875 4.200082 9.058535
 0.000215 1.599173 2.585343 4.184516 8.493859
 0.000216 1.582339 2.589956 4.172295 8.063236
 0.000216 1.569055 2.594690 4.163745 7.768626
 0.000217 1.559457 2.599581 4.159038 7.608756
 0.000217 1.553508 2.604660 4.158168 7.579406
 0.000218 1.551313 2.609868 4.161181 7.681345
 0.000218 1.552560 2.615223 4.167784 7.907100
 0.000219 1.557505 2.620748 4.178253 8.271759
 0.000219 1.566320 2.626433 4.192753 8.790395
 0.000220 1.578518 2.632136 4.210655 9.452462
 0.000220 1.594377 2.637809 4.232186 10.280595
 0.000221 1.613525 2.643343 4.256868 11.272707
 0.000221 1.635255 2.648789 4.284044 12.417906
 0.000222 1.658982 2.653984 4.312966 13.697492
 0.000222 1.683978 2.658878 4.342856 15.085859
 0.000223 1.709966 2.663556 4.373522 16.579896
 0.000223 1.736471 2.667993 4.404464 18.158848
 0.000224 1.762615 2.672131 4.434746 19.773676
 0.000224 1.787194 2.675893 4.463087 21.347311
 0.000225 1.808931 2.679317 4.488247 22.794780
 0.000225 1.826685 2.682444 4.509129 24.032162
 0.000226 1.839865 2.685168 4.525033 24.996546
 0.000226 1.847846 2.687564 4.535410 25.636011
 0.000227 1.850335 2.689665 4.540000 25.921391
 0.000227 1.847565 2.691387 4.538952 25.856078
 0.000228 1.840015 2.692740 4.532755 25.471591
 0.000228 1.828611 2.693722 4.522332 24.831441
 0.000229 1.814572 2.694351 4.508923 24.019790
 0.000229 1.798855 2.694501 4.493355 23.094443
 0.000230 1.782215 2.694353 4.476568 22.116954
 0.000230 1.765266 2.693929 4.459195 21.127642
 0.000231 1.748301 2.693239 4.441540 20.145413
 0.000231 1.732037 2.692261 4.424299 19.208788
 0.000232 1.716971 2.691149 4.408120 18.350190
 0.000232 1.703191 2.689954 4.393144 17.572889
 0.000233 1.690989 2.688665 4.379654 16.887121
 0.000233 1.680171 2.687173 4.367344 16.273234
 0.000234 1.670561 2.685462 4.356023 15.718686
 0.000234 1.662468 2.683765 4.346233 15.246935
 0.000235 1.655878 2.682062 4.337940 14.852921
 0.000235 1.650695 2.680410 4.331105 14.532023
 0.000236 1.646876 2.678999 4.325876 14.288915
 0.000236 1.644871 2.677612 4.322483 14.132277
 0.000237 1.644697 2.676221 4.320917 14.060286
 0.000237 1.646420 2.674909 4.321330 14.079230
 0.000238 1.650046 2.673627 4.323673 14.187127
 0.000238 1.655698 2.672339 4.328037 14.389162
 0.000239 1.663572 2.671108 4.334680 14.699436
 0.000239 1.674171 2.669995 4.344166 15.148213
 0.000240 1.687358 2.668918 4.356276 15.731001
 0.000240 1.702842 2.667804 4.370646 16.436776
 0.000241 1.720102 2.666694 4.386795 17.248439
 0.000241 1.738914 2.665557 4.404472 18.159273
 0.000242 1.758120 2.664424 4.422544 19.114703
 0.000242 1.776614 2.663301 4.439915 20.056179
 0.000243 1.793250 2.662115 4.455365 20.912563
 0.000243 1.807135 2.660853 4.467988 21.625508
 0.000244 1.816873 2.659459 4.476332 22.103373
 0.000244 1.821530 2.658150 4.479680 22.296572
 0.000245 1.820618 2.656696 4.477314 22.159939
 0.000245 1.813901 2.655229 4.469130 21.690617
 0.000246 1.802087 2.653834 4.455921 20.943733
 0.000246 1.786027 2.652388 4.438415 19.974015
 0.000247 1.766620 2.650952 4.417572 18.849415
 0.000247 1.745238 2.649516 4.394754 17.655638
 0.000248 1.723309 2.648163 4.371472 16.477804
 0.000248 1.701978 2.646884 4.348862 15.372897
 0.000249 1.682392 2.645502 4.327893 14.382487
 0.000249 1.665142 2.644009 4.309151 13.525107
 0.000250 1.651026 2.642281 4.293307 12.820888
 0.000250 1.640273 2.640393 4.280666 12.272540
 0.000251 1.633044 2.638468 4.271512 11.882934
 0.000251 1.628938 2.636559 4.265497 11.630326
 0.000252 1.627847 2.634473 4.262320 11.498014
 0.000252 1.629377 2.632360 4.261737 11.473790
 0.000253 1.633347 2.630213 4.263560 11.549561
 0.000253 1.639955 2.627979 4.267934 11.732340
 0.000254 1.648796 2.625593 4.274388 12.004662
 0.000254 1.660449 2.623114 4.283562 12.397108
 0.000255 1.674741 2.620516 4.295257 12.906535
 0.000255 1.691468 2.617829 4.309298 13.531717
 0.000256 1.710704 2.615115 4.325819 14.286314
 0.000256 1.732401 2.612263 4.344664 15.171989
 0.000257 1.755663 2.609306 4.364969 16.156110
 0.000257 1.780282 2.606242 4.386524 17.234630
 0.000258 1.805786 2.602983 4.408769 18.384229
 0.000258 1.831321 2.599524 4.430845 19.561808
 0.000259 1.855973 2.595902 4.451876 20.717583
 0.000259 1.878509 2.592119 4.470628 21.776133
 0.000260 1.897299 2.588129 4.485428 22.630219
 0.000260 1.911121 2.584138 4.495259 23.206643
 0.000261 1.919069 2.580106 4.499175 23.438238
 0.000261 1.920142 2.576019 4.496161 23.259854
 0.000262 1.914234 2.571988 4.486221 22.676465
 0.000262 1.901896 2.567978 4.469874 21.733050
 0.000263 1.883684 2.564024 4.447708 20.485922
 0.000263 1.861048 2.560227 4.421275 19.046842
 0.000264 1.835899 2.556574 4.392473 17.538452
 0.000264 1.810083 2.553000 4.363083 16.063382
 0.000265 1.784669 2.549497 4.334165 14.675269
 0.000265 1.761088 2.546001 4.307089 13.432388
 0.000266 1.740109 2.542603 4.282712 12.360481
 0.000266 1.722360 2.539470 4.261830 11.477685
 0.000267 1.708208 2.536697 4.244905 10.786134
 0.000267 1.697483 2.534221 4.231704 10.261693
 0.000268 1.690788 2.532028 4.222815 9.915913
 0.000268 1.688430 2.530145 4.218575 9.753068
 0.000269 1.690464 2.528472 4.218936 9.766883
 0.000269 1.697267 2.527143 4.224411 9.977540
 0.000270 1.708392 2.526172 4.234565 10.374231
 0.000270 1.723638 2.525343 4.248981 10.950720
 0.000271 1.742742 2.524768 4.267510 11.714566
 0.000271 1.765126 2.524455 4.289581 12.658011
 0.000272 1.789430 2.524327 4.313757 13.733394
 0.000272 1.814475 2.524334 4.338809 14.893955
 0.000273 1.839053 2.524511 4.363563 16.086970
 0.000273 1.861432 2.524916 4.386348 17.225691
 0.000274 1.879298 2.525414 4.404712 18.171820
 0.000274 1.891402 2.525955 4.417357 18.837972
 0.000275 1.896258 2.526635 4.422892 19.133382
 0.000275 1.893848 2.527540 4.421387 19.052834
 0.000276 1.884471 2.528564 4.413036 18.608983
 0.000276 1.868967 2.529580 4.398547 17.851379
 0.000277 1.849321 2.530535 4.379856 16.897267
 0.000277 1.827202 2.531443 4.358645 15.846288
 0.000278 1.804097 2.532288 4.336385 14.779604
 0.000278 1.781533 2.533133 4.314666 13.774677
 0.000279 1.761043 2.533909 4.294952 12.893126
 0.000279 1.743689 2.534600 4.278289 12.170744
 0.000280 1.730513 2.535266 4.265780 11.642131
 0.000280 1.721304 2.535952 4.257256 11.288653
 0.000281 1.716117 2.536578 4.252695 11.101742
 0.000281 1.715295 2.537108 4.252403 11.089827
 0.000282 1.718964 2.537458 4.256422 11.254363
 0.000282 1.726793 2.537581 4.264374 11.583460
 0.000283 1.738626 2.537563 4.276190 12.081217
 0.000283 1.754581 2.537372 4.291953 12.761592
 0.000284 1.774240 2.536996 4.311236 13.619197
 0.000284 1.797063 2.536588 4.333651 14.651134
 0.000285 1.822378 2.535960 4.358338 15.831316
 0.000285 1.848352 2.535203 4.383555 17.083997
 0.000286 1.873087 2.534446 4.407533 18.319362
 0.000286 1.894419 2.533678 4.428097 19.413235
 0.000287 1.909919 2.532931 4.442851 20.217545
 0.000287 1.918140 2.532140 4.450280 20.628725
 0.000288 1.918289 2.531193 4.449483 20.584400
 0.000288 1.909660 2.530139 4.439799 20.049833
 0.000289 1.893922 2.528929 4.422851 19.131180
 0.000289 1.872656 2.527654 4.400310 17.942727
 0.000290 1.848156 2.526281 4.374437 16.625571
 0.000290 1.822541 2.524922 4.347463 15.305802
 0.000291 1.797381 2.523635 4.321016 14.064825
 0.000291 1.774409 2.522402 4.296812 12.975042
 0.000292 1.754958 2.521163 4.276121 12.078285
 0.000292 1.739616 2.519858 4.259475 11.380137
 0.000293 1.729011 2.518555 4.247566 10.893450
 0.000293 1.723510 2.517319 4.240829 10.622812
 0.000294 1.723322 2.516048 4.239370 10.564649
 0.000294 1.728068 2.514636 4.242704 10.697772
 0.000295 1.737728 2.513089 4.250817 11.025254
 0.000295 1.751871 2.511515 4.263386 11.542328
 0.000296 1.770585 2.510013 4.280598 12.269624
 0.000296 1.793263 2.508517 4.301780 13.195168
 0.000297 1.819107 2.507080 4.326187 14.303352
 0.000297 1.847002 2.505643 4.352644 15.555072
 0.000298 1.875424 2.504075 4.379499 16.879290
 0.000298 1.902741 2.502386 4.405127 18.193466
 0.000299 1.927189 2.500690 4.427879 19.401476
 0.000299 1.947111 2.498882 4.445993 20.390968
 0.000300 1.961500 2.497142 4.458641 21.096464
 0.000300 1.968746 2.495355 4.464101 21.404713
 0.000301 1.968607 2.493567 4.462174 21.295658
 0.000301 1.961067 2.491760 4.452827 20.770652
 0.000302 1.947372 2.489859 4.437231 19.909230
 0.000302 1.929166 2.487808 4.416973 18.817591
 0.000303 1.908187 2.485526 4.393713 17.602115
 0.000303 1.885721 2.483158 4.368879 16.349159
 0.000304 1.862792 2.480794 4.343585 15.120568
 0.000304 1.840533 2.478397 4.318929 13.969143
 0.000305 1.819989 2.475929 4.295918 12.935643
 0.000305 1.801950 2.473446 4.275395 12.047425
 0.000306 1.787114 2.470873 4.257987 11.318755
 0.000306 1.775372 2.468146 4.243518 10.730405
 0.000307 1.766934 2.465210 4.232143 10.278934
 0.000307 1.762153 2.462151 4.224304 9.973434
 0.000308 1.761419 2.458938 4.220357 9.821324
 0.000308 1.764202 2.455554 4.219756 9.798290
 0.000309 1.770244 2.451989 4.222232 9.893443
 0.000309 1.779815 2.448408 4.228223 10.125569
 0.000310 1.792607 2.444871 4.237478 10.489476
 0.000310 1.807726 2.441334 4.249060 10.953937
 0.000311 1.824060 2.437754 4.261814 11.477002
 0.000311 1.839664 2.434199 4.273863 11.982372
 0.000312 1.853634 2.430640 4.284274 12.427823
 0.000312 1.864379 2.427133 4.291512 12.742283
 0.000313 1.871014 2.423749 4.294763 12.884839
 0.000313 1.872198 2.420453 4.292651 12.792156
 0.000314 1.867676 2.417309 4.284985 12.458528
 0.000314 1.857591 2.414401 4.271992 11.903171
 0.000315 1.842853 2.411714 4.254568 11.178306
 0.000315 1.825112 2.409245 4.234357 10.366052
 0.000316 1.805663 2.407051 4.212714 9.530179
 0.000316 1.786197 2.405129 4.191326 8.738654
 0.000317 1.767655 2.403560 4.171214 8.025691
 0.000317 1.751383 2.402232 4.153616 7.426689
 0.000318 1.738464 2.401074 4.139539 6.964273
 0.000318 1.729031 2.400216 4.129246 6.635597
 0.000319 1.723596 2.399648 4.123244 6.447583
 0.000319 1.722567 2.399412 4.121979 6.408304
 0.000320 1.725879 2.399528 4.125407 6.515017
 0.000320 1.733515 2.399899 4.133414 6.767743
 0.000321 1.744890 2.400524 4.145414 7.155464
 0.000321 1.759530 2.401359 4.160889 7.671425
 0.000322 1.777546 2.402199 4.179744 8.324385
 0.000322 1.798379 2.403189 4.201568 9.113401
 0.000323 1.821765 2.404564 4.226329 10.051911
 0.000323 1.846666 2.406286 4.252952 11.112244
 0.000324 1.872309 2.408235 4.280544 12.267303
 0.000324 1.897488 2.410406 4.307894 13.468575
 0.000325 1.921454 2.412767 4.334220 14.677852
 0.000325 1.943124 2.415280 4.358404 15.834545
 0.000326 1.961166 2.417906 4.379072 16.857825
 0.000326 1.974362 2.420685 4.395047 17.670731
 0.000327 1.981891 2.423472 4.405362 18.205782
 0.000327 1.983432 2.426318 4.409750 18.435786
 0.000328 1.979427 2.429318 4.408746 18.383014
 0.000328 1.970551 2.432398 4.402949 18.079873
 0.000329 1.957430 2.435711 4.393141 17.572736
 0.000329 1.941674 2.439199 4.380873 16.948503
 0.000330 1.923970 2.442709 4.366679 16.240375
 0.000330 1.904950 2.446368 4.351317 15.491044
 0.000331 1.885488 2.450187 4.335675 14.746177
 0.000331 1.865707 2.454109 4.319816 14.009742
 0.000332 1.846154 2.458246 4.304400 13.311985
 0.000332 1.827543 2.462612 4.290155 12.683022
 0.000333 1.809823 2.467133 4.276956 12.113863
 0.000333 1.793276 2.471796 4.265072 11.612576
 0.000334 1.778714 2.476571 4.255285 11.207700
 0.000334 1.766320 2.481466 4.247786 10.902340
 0.000335 1.756083 2.486498 4.242581 10.692884
 0.000335 1.748137 2.491568 4.239706 10.578018
 0.000336 1.742813 2.496634 4.239447 10.567725
 0.000336 1.740255 2.501840 4.242095 10.673393
 0.000337 1.739761 2.507221 4.246982 10.869865
 0.000337 1.741367 2.512766 4.254133 11.160528
 0.000338 1.745064 2.518469 4.263533 11.548439
 0.000338 1.750330 2.524253 4.274582 12.012882
 0.000339 1.756991 2.530119 4.287110 12.550565
 0.000339 1.764479 2.536041 4.300519 13.139124
 0.000340 1.771686 2.542070 4.313756 13.733346
 0.000340 1.778049 2.548205 4.326254 14.306415
 0.000341 1.782382 2.554502 4.336884 14.803093
 0.000341 1.783632 2.560897 4.344529 15.165552
 0.000342 1.781943 2.567380 4.349323 15.395060
 0.000342 1.777594 2.573936 4.351530 15.501305
 0.000343 1.770779 2.580590 4.351368 15.493502
 0.000343 1.761954 2.587244 4.349198 15.389035
 0.000344 1.751717 2.593813 4.345530 15.213342
 0.000344 1.740799 2.600396 4.341195 15.006951
 0.000345 1.730105 2.606879 4.336984 14.807801
 0.000345 1.720662 2.613279 4.333941 14.664728
 0.000346 1.713440 2.619585 4.333025 14.621823
 0.000346 1.708635 2.625744 4.334379 14.685313
 0.000347 1.706270 2.631779 4.338049 14.858060
 0.000347 1.706554 2.637635 4.344189 15.149312
 0.000348 1.709702 2.643367 4.353069 15.575603
 0.000348 1.715755 2.648986 4.364742 16.144921
 0.000349 1.723865 2.654402 4.378267 16.817377
 0.000349 1.733779 2.659647 4.393427 17.587401
 0.000350 1.745272 2.664698 4.409970 18.447357
 0.000350 1.757622 2.669502 4.427124 19.360741
 0.000351 1.770572 2.674041 4.444613 20.314677
 0.000351 1.784142 2.678244 4.462387 21.307690
 0.000352 1.797523 2.682237 4.479760 22.301187
 0.000352 1.810768 2.686028 4.496796 23.297386
 0.000353 1.823772 2.689640 4.513412 24.289978
 0.000353 1.836457 2.692838 4.529295 25.258210
 0.000354 1.848488 2.695684 4.544172 26.182188
 0.000354 1.859309 2.698189 4.557498 27.023999
 0.000355 1.868745 2.700365 4.569111 27.768390
 0.000355 1.875832 2.702289 4.578121 28.352925
 0.000356 1.880241 2.703958 4.584199 28.750705
 0.000356 1.881862 2.705260 4.587122 28.943010
 0.000357 1.880290 2.706251 4.586541 28.904706
 0.000357 1.874941 2.707078 4.582020 28.607790
 0.000358 1.865532 2.707796 4.573328 28.041238
 0.000358 1.852706 2.708390 4.561096 27.253520
 0.000359 1.836750 2.708877 4.545628 26.273509
 0.000359 1.818124 2.709345 4.527469 25.145907
 0.000360 1.797862 2.709680 4.507542 23.936993
 0.000360 1.776792 2.709897 4.486689 22.703724
 0.000361 1.755865 2.710105 4.465970 21.510757
 0.000361 1.735946 2.710311 4.446257 20.405526
 0.000362 1.717940 2.710411 4.428351 19.426928
 0.000362 1.702131 2.710545 4.412676 18.589980
 0.000363 1.689248 2.710632 4.399880 17.920413
 0.000363 1.679227 2.710662 4.389889 17.406177
 0.000364 1.672212 2.710654 4.382866 17.049163
 0.000364 1.668442 2.710636 4.379078 16.858111
 0.000365 1.667898 2.710593 4.378491 16.828615
 0.000365 1.670659 2.710499 4.381158 16.962887
 0.000366 1.676265 2.710217 4.386482 17.232482
 0.000366 1.684480 2.709736 4.394216 17.627951
 0.000367 1.695299 2.708998 4.404297 18.150131
 0.000367 1.708178 2.708144 4.416322 18.783005
 0.000368 1.723467 2.706998 4.430465 19.541189
 0.000368 1.740695 2.705474 4.446169 20.400671
 0.000369 1.759859 2.703527 4.463387 21.364245
 0.000369 1.780607 2.701204 4.481810 22.419929
 0.000370 1.801729 2.698343 4.500072 23.491468
 0.000370 1.822541 2.694894 4.517434 24.533402
 0.000371 1.842384 2.690950 4.533334 25.507403
 0.000371 1.861258 2.686598 4.547857 26.413623
 0.000372 1.878823 2.681798 4.560621 27.223194
 0.000372 1.894396 2.676509 4.570906 27.884368
 0.000373 1.907399 2.670658 4.578056 28.348732
 0.000373 1.917579 2.664345 4.581924 28.601513
 0.000374 1.924846 2.657730 4.582576 28.644244
 0.000374 1.929131 2.650692 4.579823 28.464059
 0.000375 1.930435 2.643175 4.573610 28.059560
 0.000375 1.928640 2.635205 4.563846 27.429626
 0.000376 1.923973 2.626851 4.550824 26.600729
 0.000376 1.916751 2.618146 4.534897 25.604156
 0.000377 1.907365 2.609094 4.516459 24.474270
 0.000377 1.895345 2.599757 4.495102 23.197363
 0.000378 1.881083 2.590209 4.471293 21.814145
 0.000378 1.865429 2.580479 4.445908 20.386230
 0.000379 1.849079 2.570542 4.419621 18.958546
 0.000379 1.832962 2.560490 4.393451 17.588658
 0.000380 1.817421 2.550470 4.367891 16.300283
 0.000380 1.803119 2.540502 4.343621 15.122262
 0.000381 1.790362 2.530645 4.321007 14.064391
 0.000381 1.779345 2.520991 4.300336 13.130967
 0.000382 1.770492 2.511444 4.281936 12.327087
 0.000382 1.763728 2.502150 4.265878 11.646244
 0.000383 1.759524 2.493143 4.252667 11.100623
 0.000383 1.757817 2.484508 4.242325 10.682611
 0.000384 1.757986 2.476174 4.234160 10.358259
 0.000384 1.759631 2.468190 4.227821 10.109917
 0.000385 1.762304 2.460651 4.222955 9.921300
 0.000385 1.766271 2.453469 4.219740 9.797686
 0.000386 1.770705 2.446704 4.217409 9.708500
 0.000386 1.774858 2.440306 4.215164 9.623042
 0.000387 1.778383 2.434112 4.212495 9.521885
 0.000387 1.781100 2.428343 4.209443 9.406890
 0.000388 1.782671 2.423043 4.205714 9.267347
 0.000388 1.783155 2.418169 4.201324 9.104390
 0.000389 1.783033 2.413637 4.196670 8.933215
 0.000389 1.782404 2.409522 4.191926 8.760406
 0.000390 1.781648 2.405729 4.187377 8.596282
 0.000390 1.781168 2.402180 4.183348 8.452212
 0.000391 1.781577 2.398886 4.180463 8.349808
 0.000391 1.783341 2.395775 4.179116 8.302178
 0.000392 1.786887 2.392740 4.179627 8.320236
 0.000392 1.792016 2.389913 4.181929 8.401759
 0.000393 1.798816 2.387330 4.186146 8.552135
 0.000393 1.807092 2.384826 4.191918 8.760102
 0.000394 1.817078 2.382411 4.199489 9.036693
 0.000394 1.828476 2.380042 4.208517 9.372162
 0.000395 1.841129 2.377767 4.218895 9.765316
 0.000395 1.854352 2.375636 4.229987 10.194451
 0.000396 1.868094 2.373709 4.241802 10.661703
 0.000396 1.882291 2.371884 4.254175 11.162230
 0.000397 1.896383 2.370102 4.266484 11.671603
 0.000397 1.909695 2.368314 4.278009 12.158785
 0.000398 1.921497 2.366413 4.287910 12.585295
 0.000398 1.931262 2.364601 4.295863 12.933215
 0.000399 1.938907 2.362717 4.301624 13.188217
 0.000399 1.944157 2.360816 4.304974 13.337617
 0.000400 1.946202 2.358958 4.305160 13.345935
 0.000400 1.944970 2.357083 4.302052 13.207268
 0.000401 1.940545 2.355184 4.295729 12.927303
 0.000401 1.933046 2.353310 4.286357 12.517906
 0.000402 1.922711 2.351549 4.274259 11.999192
 0.000402 1.910090 2.349859 4.259948 11.399722
 0.000403 1.895694 2.348224 4.243918 10.746476
 0.000403 1.879731 2.346653 4.226384 10.054030
 0.000404 1.862728 2.345210 4.207938 9.350458
 0.000404 1.845290 2.343864 4.189154 8.660215
 0.000405 1.828404 2.342789 4.171193 8.024952
 0.000405 1.812954 2.342012 4.154966 7.471814
 0.000406 1.799412 2.341520 4.140933 7.009405
 0.000406 1.788117 2.341312 4.129429 6.641356
 0.000407 1.779407 2.341268 4.120675 6.367929
 0.000407 1.773953 2.341570 4.115523 6.209691
 0.000408 1.771919 2.342171 4.114090 6.166054
 0.000408 1.773353 2.343119 4.116472 6.238699
 0.000409 1.778200 2.344439 4.122639 6.428777
 0.000409 1.786269 2.346000 4.132269 6.731303
 0.000410 1.797658 2.347819 4.145477 7.157524
 0.000410 1.811820 2.350045 4.161865 7.704579
 0.000411 1.827900 2.352650 4.180550 8.352857
 0.000411 1.845136 2.355609 4.200745 9.083010
 0.000412 1.862359 2.358805 4.221164 9.852329
 0.000412 1.879090 2.362323 4.241412 10.646112
 0.000413 1.894400 2.366114 4.260514 11.423106
 0.000413 1.908175 2.370195 4.278369 12.174188
 0.000414 1.920031 2.374536 4.294567 12.876207
 0.000414 1.929286 2.379007 4.308293 13.486509
 0.000415 1.935241 2.383698 4.318938 13.969551
 0.000415 1.938712 2.388490 4.327202 14.350384
 0.000416 1.940060 2.393380 4.333439 14.641233
 0.000416 1.939631 2.398473 4.338104 14.860661
 0.000417 1.938044 2.403582 4.341625 15.027359
 0.000417 1.935778 2.408674 4.344452 15.161875
 0.000418 1.933132 2.413712 4.346844 15.276176
 0.000418 1.930505 2.418824 4.349329 15.395329
 0.000419 1.928066 2.423914 4.351980 15.523025
 0.000419 1.925743 2.429065 4.354807 15.659732
 0.000420 1.923778 2.434217 4.357995 15.814590
 0.000420 1.922526 2.439314 4.361839 16.002406
 0.000421 1.921917 2.444355 4.366272 16.220323
 0.000421 1.921596 2.449343 4.370940 16.451370
 0.000422 1.921870 2.454193 4.376063 16.706852
 0.000422 1.922397 2.458994 4.381391 16.974626
 0.000423 1.923223 2.463614 4.386837 17.250553
 0.000423 1.924380 2.468107 4.392487 17.539142
 0.000424 1.925341 2.472580 4.397921 17.818995
 0.000424 1.925714 2.476884 4.402598 18.061602
 0.000425 1.925389 2.481018 4.406407 18.260405
 0.000425 1.924133 2.485032 4.409165 18.405036
 0.000426 1.922101 2.488848 4.410949 18.498889
 0.000426 1.918513 2.492597 4.411110 18.507358
 0.000427 1.913128 2.496215 4.409343 18.414408
 0.000427 1.906052 2.499749 4.405801 18.228695
 0.000428 1.897398 2.503168 4.400566 17.956009
 0.000428 1.887621 2.506698 4.394319 17.633235
 0.000429 1.877155 2.510204 4.387359 17.277117
 0.000429 1.865987 2.513640 4.379627 16.885754
 0.000430 1.854319 2.517059 4.371377 16.473116
 0.000430 1.843018 2.520539 4.363556 16.086634
 0.000431 1.832521 2.524000 4.356521 15.742888
 0.000431 1.823706 2.527318 4.351024 15.476910
 0.000432 1.817442 2.530696 4.348138 15.338170
 0.000432 1.813723 2.534186 4.347909 15.327191
 0.000433 1.812392 2.537734 4.350126 15.433662
 0.000433 1.814332 2.541227 4.355559 15.696177
 0.000434 1.819216 2.544682 4.363897 16.103391
 0.000434 1.827130 2.547969 4.375099 16.658633
 0.000435 1.838258 2.551023 4.389281 17.375083
 0.000435 1.852185 2.553879 4.406064 18.242452
 0.000436 1.868363 2.556545 4.424908 19.241514
 0.000436 1.886650 2.559095 4.445745 20.377209
 0.000437 1.906873 2.561525 4.468397 21.648849
 0.000437 1.927878 2.563904 4.491782 23.001918
 0.000438 1.949559 2.566022 4.515581 24.421122
 0.000438 1.971104 2.567812 4.538916 25.853860
 0.000439 1.991567 2.569275 4.560842 27.237307
 0.000439 2.010049 2.570432 4.580482 28.507111
 0.000440 2.025690 2.571311 4.597001 29.597598
 0.000440 2.037950 2.571831 4.609781 30.455266
 0.000441 2.045912 2.571953 4.617865 31.004074
 0.000441 2.049123 2.571732 4.620855 31.208323
 0.000442 2.047187 2.571160 4.618347 31.036934
 0.000442 2.040483 2.570362 4.610845 30.527161
 0.000443 2.029105 2.569271 4.598376 29.689234
 0.000443 2.014028 2.567833 4.581861 28.597364
 0.000444 1.995722 2.566164 4.561886 27.304073
 0.000444 1.975304 2.564280 4.539585 25.895514
 0.000445 1.953270 2.562159 4.515430 24.411956
 0.000445 1.930467 2.559948 4.490415 22.921731
 0.000446 1.907618 2.557405 4.465023 21.456997
 0.000446 1.885585 2.554709 4.440294 20.076984
 0.000447 1.864924 2.551869 4.416794 18.808045
 0.000447 1.845404 2.548829 4.394233 17.628819
 0.000448 1.827673 2.545787 4.373460 16.576815
 0.000448 1.812136 2.542743 4.354879 15.663191
 0.000449 1.799009 2.539625 4.338634 14.885681
 0.000449 1.789002 2.536533 4.325536 14.273176
 0.000450 1.782252 2.533427 4.315679 13.820764
 0.000450 1.778560 2.530344 4.308904 13.514003
 0.000451 1.777906 2.527284 4.305190 13.347311
 0.000451 1.780363 2.524288 4.304651 13.323200
 0.000452 1.785524 2.521287 4.306811 13.419943
 0.000452 1.792886 2.518354 4.311240 13.619387
 0.000453 1.802455 2.515600 4.318055 13.929152
 0.000453 1.813299 2.512951 4.326250 14.306249
 0.000454 1.824781 2.510326 4.335107 14.719508
 0.000454 1.836477 2.507737 4.344214 15.150517
 0.000455 1.847815 2.505132 4.352947 15.569690
 0.000455 1.858819 2.502508 4.361326 15.977276
 0.000456 1.868590 2.499863 4.368453 16.328080
 0.000456 1.876417 2.497140 4.373557 16.581619
 0.000457 1.882583 2.494301 4.376884 16.747959
 0.000457 1.887126 2.491334 4.378460 16.827077
 0.000458 1.890365 2.488263 4.378627 16.835477
 0.000458 1.892427 2.485080 4.377507 16.779214
 0.000459 1.893310 2.481818 4.375128 16.660069
 0.000459 1.894066 2.478427 4.372493 16.528612
 0.000460 1.895007 2.474770 4.369777 16.393654
 0.000460 1.896447 2.470881 4.367328 16.272435
 0.000461 1.898047 2.466722 4.364769 16.146242
 0.000461 1.899726 2.462231 4.361957 16.008171
 0.000462 1.901956 2.457642 4.359599 15.892803
 0.000462 1.905135 2.453000 4.358134 15.821398
 0.000463 1.909268 2.448113 4.357381 15.784691
 0.000463 1.914282 2.443126 4.357408 15.786028
 0.000464 1.920539 2.438057 4.358597 15.843917
 0.000464 1.927675 2.432886 4.360561 15.939811
 0.000465 1.935201 2.427693 4.362893 16.054071
 0.000465 1.942938 2.422382 4.365320 16.173390
 0.000466 1.951034 2.417063 4.368097 16.310457
 0.000466 1.959332 2.411823 4.371155 16.462080
 0.000467 1.967288 2.406564 4.373851 16.596317
 0.000467 1.973585 2.401293 4.374878 16.647601
 0.000468 1.977867 2.396088 4.373955 16.601496
 0.000468 1.979594 2.391005 4.370599 16.434431
 0.000469 1.978657 2.386085 4.364742 16.144924
 0.000469 1.974608 2.381315 4.355923 15.713847
 0.000470 1.967535 2.376819 4.344354 15.157206
 0.000470 1.957466 2.372704 4.330170 14.488397
 0.000471 1.944836 2.368864 4.313701 13.730826
 0.000471 1.930120 2.365260 4.295380 12.911937
 0.000472 1.914309 2.362026 4.276335 12.087398
 0.000472 1.898034 2.359131 4.257165 11.284910
 0.000473 1.881711 2.356622 4.238334 10.523437
 0.000473 1.866066 2.354437 4.220503 9.826935
 0.000474 1.851435 2.352614 4.204049 9.205366
 0.000474 1.838558 2.351127 4.189685 8.679335
 0.000475 1.828073 2.350001 4.178074 8.265460
 0.000475 1.819583 2.349294 4.168877 7.944802
 0.000476 1.813512 2.348919 4.162432 7.723857
 0.000476 1.810123 2.348796 4.158919 7.604738
 0.000477 1.809265 2.349010 4.158276 7.583049
 0.000477 1.810647 2.349508 4.160155 7.646552
 0.000478 1.814291 2.350244 4.164535 7.795597
 0.000478 1.819941 2.351210 4.171151 8.023498
 0.000479 1.827437 2.352432 4.179869 8.328775
 0.000479 1.836692 2.353846 4.190539 8.710179
 0.000480 1.846646 2.355509 4.202156 9.135158
 0.000480 1.856849 2.357342 4.214191 9.586114
 0.000481 1.866484 2.359446 4.225929 10.036384
 0.000481 1.875033 2.361774 4.236807 10.462882
 0.000482 1.881924 2.364262 4.246186 10.837711
 0.000482 1.886589 2.366998 4.253586 11.138153
 0.000483 1.888579 2.369935 4.258514 11.340482
 0.000483 1.888138 2.373014 4.261152 11.449539
 0.000484 1.885282 2.376275 4.261557 11.466335
 0.000484 1.880387 2.379671 4.260057 11.404231
 0.000485 1.874026 2.383266 4.257292 11.290136
 0.000485 1.866922 2.386884 4.253806 11.147140
 0.000486 1.859716 2.390690 4.250406 11.008538
 0.000486 1.853024 2.394725 4.247748 10.900813
 0.000487 1.846617 2.398906 4.245523 10.811010
 0.000487 1.840794 2.403190 4.243984 10.749143
 0.000488 1.835954 2.407596 4.243551 10.731739
 0.000488 1.832146 2.412047 4.244193 10.757534
 0.000489 1.829573 2.416539 4.246112 10.834735
 0.000489 1.828543 2.420995 4.249538 10.973291
 0.000490 1.829000 2.425433 4.254433 11.172795
 0.000490 1.830441 2.429964 4.260405 11.418625
 0.000491 1.832966 2.434492 4.267458 11.712377
 0.000491 1.836466 2.438895 4.275361 12.045975
 0.000492 1.840922 2.443186 4.284108 12.420663
 0.000492 1.846462 2.447317 4.293779 12.841582
 0.000493 1.853196 2.451324 4.304520 13.317334
 0.000493 1.860235 2.455219 4.315454 13.810506
 0.000494 1.866838 2.458965 4.325803 14.285530
 0.000494 1.872441 2.462518 4.334959 14.712522
 0.000495 1.876696 2.465958 4.342654 15.076249
 0.000495 1.878956 2.469289 4.348244 15.343264
 0.000496 1.878859 2.472527 4.351387 15.494387
 0.000496 1.876054 2.475485 4.351539 15.501725
 0.000497 1.870707 2.478214 4.348920 15.375715
 0.000497 1.863531 2.480675 4.344206 15.150134
 0.000498 1.854993 2.483010 4.338003 14.855884
 0.000498 1.845578 2.485138 4.330716 14.513900
 0.000499 1.835981 2.487116 4.323098 14.160593
 0.000499 1.827196 2.488777 4.315973 13.834140
 0.000500 1.819280 2.490233 4.309513 13.541409
