#! FIELDS time dAB dAC rc bias
 0.000000 1.893597 2.423722 4.317318 30.241609
 0.000000 1.896045 2.423020 4.319066 30.359431
 0.000001 1.895509 2.422109 4.317618 30.261835
 0.000001 1.891932 2.421093 4.313026 29.953191
 0.000002 1.885488 2.419812 4.305301 29.437635
 0.000002 1.876193 2.418241 4.294434 28.719982
 0.000003 1.863828 2.416502 4.280329 27.801662
 0.000003 1.849115 2.414612 4.263727 26.739851
 0.000004 1.832674 2.412673 4.245346 25.588435
 0.000004 1.814509 2.410626 4.225136 24.351620
 0.000005 1.795591 2.408495 4.204086 23.096014
 0.000005 1.776966 2.406281 4.183248 21.885801
 0.000006 1.758864 2.403969 4.162833 20.731736
 0.000006 1.742285 2.401645 4.143930 19.691002
 0.000007 1.727359 2.399356 4.126715 18.766541
 0.000007 1.714175 2.397177 4.111352 17.960254
 0.000008 1.703567 2.395179 4.098745 17.311907
 0.000008 1.695792 2.393300 4.089092 16.823461
 0.000009 1.691298 2.391596 4.082894 16.513540
 0.000009 1.689906 2.390102 4.080008 16.370225
 0.000010 1.690943 2.388887 4.079830 16.361408
 0.000010 1.694457 2.387963 4.082420 16.489984
 0.000011 1.700485 2.387317 4.087802 16.758748
 0.000011 1.708638 2.386885 4.095524 17.148113
 0.000012 1.718179 2.386700 4.104879 17.625897
 0.000012 1.728853 2.386769 4.115622 18.182576
 0.000013 1.739659 2.386966 4.126625 18.761770
 0.000013 1.749827 2.387250 4.137077 19.320341
 0.000014 1.758745 2.387702 4.146447 19.828049
 0.000014 1.765633 2.388371 4.154004 20.242289
 0.000015 1.770629 2.389053 4.159682 20.556373
 0.000015 1.773521 2.389763 4.163283 20.756869
 0.000016 1.774828 2.390452 4.165280 20.868398
 0.000016 1.774542 2.391098 4.165640 20.888545
 0.000017 1.772662 2.391571 4.164233 20.809897
 0.000017 1.769745 2.391801 4.161546 20.660033
 0.000018 1.765703 2.391867 4.157570 20.439296
 0.000018 1.761100 2.391770 4.152869 20.179833
 0.000019 1.755662 2.391613 4.147276 19.873257
 0.000019 1.749713 2.391285 4.140999 19.532034
 0.000020 1.743731 2.390839 4.134570 19.185626
 0.000020 1.737563 2.390321 4.127884 18.828623
 0.000021 1.731512 2.389823 4.121335 18.482197
 0.000021 1.726007 2.389294 4.115301 18.165819
 0.000022 1.721080 2.388805 4.109885 17.884214
 0.000022 1.716527 2.388373 4.104900 17.626970
 0.000023 1.712428 2.387959 4.100387 17.395664
 0.000023 1.708800 2.387540 4.096340 17.189546
 0.000024 1.706211 2.387218 4.093429 17.042068
 0.000024 1.704758 2.386870 4.091628 16.951106
 0.000025 1.703885 2.386621 4.090507 16.894619
 0.000025 1.703721 2.386438 4.090160 16.877159
 0.000026 1.704176 2.386429 4.090604 16.899534
 0.000026 1.704885 2.386601 4.091486 16.943937
 0.000027 1.705491 2.386881 4.092372 16.988629
 0.000027 1.705671 2.387374 4.093045 17.022650
 0.000028 1.705368 2.388019 4.093388 17.039953
 0.000028 1.704228 2.388711 4.092940 17.017321
 0.000029 1.702325 2.389603 4.091927 16.966214
 0.000029 1.700096 2.390526 4.090622 16.900424
 0.000030 1.697405 2.391505 4.088910 16.814340
 0.000030 1.694083 2.392713 4.086796 16.708356
 0.000031 1.690553 2.394021 4.084574 16.597290
 0.000031 1.687280 2.395462 4.082743 16.506025
 0.000032 1.684719 2.396955 4.081674 16.452904
 0.000032 1.682902 2.398430 4.081332 16.435915
 0.000033 1.682036 2.399848 4.081884 16.463321
 0.000033 1.682044 2.401224 4.083269 16.532215
 0.000034 1.683066 2.402565 4.085630 16.650033
 0.000034 1.685758 2.403882 4.089641 16.851052
 0.000035 1.690344 2.405091 4.095435 17.143633
 0.000035 1.696361 2.406349 4.102710 17.514526
 0.000036 1.704126 2.407511 4.111637 17.975050
 0.000036 1.713474 2.408492 4.121966 18.515410
 0.000037 1.724159 2.409387 4.133545 19.130671
 0.000037 1.736275 2.410281 4.146556 19.833968
 0.000038 1.749488 2.411135 4.160623 20.608703
 0.000038 1.763471 2.411928 4.175399 21.438429
 0.000039 1.777889 2.412525 4.190414 22.298319
 0.000039 1.792227 2.412848 4.205075 23.154301
 0.000040 1.806134 2.413085 4.219218 23.995299
 0.000040 1.819306 2.413114 4.232420 24.793869
 0.000041 1.831885 2.412879 4.244764 25.552351
 0.000041 1.843344 2.412394 4.255738 26.236272
 0.000042 1.852663 2.411680 4.264343 26.778876
 0.000042 1.859289 2.410766 4.270055 27.142127
 0.000043 1.863401 2.409638 4.273039 27.332863
 0.000043 1.864296 2.408347 4.272642 27.307466
 0.000044 1.861154 2.406777 4.267932 27.006800
 0.000044 1.854299 2.404972 4.259271 26.458392
 0.000045 1.843961 2.402983 4.246944 25.687511
 0.000045 1.830441 2.400833 4.231273 24.723977
 0.000046 1.814419 2.398544 4.212963 23.621488
 0.000046 1.796228 2.396193 4.192421 22.414536
 0.000047 1.776724 2.393748 4.170472 21.159922
 0.000047 1.756873 2.391146 4.148020 19.913908
 0.000048 1.737646 2.388558 4.126204 18.739440
 0.000048 1.719981 2.386000 4.105981 17.682562
 0.000049 1.704169 2.383592 4.087761 16.756662
 0.000049 1.690634 2.381371 4.072005 15.976078
 0.000050 1.680064 2.379416 4.059480 15.368783
 0.000050 1.672483 2.377563 4.050047 14.919209
 0.000051 1.668236 2.375725 4.043961 14.632726
 0.000051 1.667904 2.374056 4.041960 14.539094
 0.000052 1.670952 2.372529 4.043481 14.610233
 0.000052 1.677590 2.371187 4.048776 14.859178
 0.000053 1.687516 2.369901 4.057418 15.269939
 0.000053 1.700572 2.368803 4.069375 15.847579
 0.000054 1.716845 2.367807 4.084652 16.601181
 0.000054 1.735454 2.366859 4.102313 17.494177
 0.000055 1.755732 2.366075 4.121807 18.507046
 0.000055 1.776851 2.365477 4.142328 19.604049
 0.000056 1.798138 2.364995 4.163132 20.748445
 0.000056 1.818668 2.364642 4.183311 21.889410
 0.000057 1.837491 2.364307 4.201799 22.961604
 0.000057 1.853538 2.363971 4.217510 23.892900
 0.000058 1.865760 2.363750 4.229509 24.616671
 0.000058 1.873494 2.363591 4.237085 25.079178
 0.000059 1.876672 2.363539 4.240211 25.271271
 0.000059 1.875884 2.363432 4.239316 25.216188
 0.000060 1.871533 2.363295 4.234827 24.940900
 0.000060 1.863930 2.363142 4.227073 24.468837
 0.000061 1.853529 2.363128 4.216658 23.841921
 0.000061 1.841346 2.363074 4.204419 23.115669
 0.000062 1.828138 2.363015 4.191153 22.341081
 0.000062 1.814700 2.362927 4.177627 21.564929
 0.000063 1.801541 2.362680 4.164221 20.809224
 0.000063 1.790024 2.362381 4.152405 20.154305
 0.000064 1.780778 2.362031 4.142808 19.630104
 0.000064 1.773850 2.361516 4.135366 19.228329
 0.000065 1.769747 2.360840 4.130587 18.972531
 0.000065 1.768851 2.360137 4.128988 18.887318
 0.000066 1.770591 2.359488 4.130079 18.945440
 0.000066 1.774804 2.358848 4.133651 19.136362
 0.000067 1.781304 2.358178 4.139482 19.450026
 0.000067 1.789832 2.357436 4.147269 19.872873
 0.000068 1.800442 2.356680 4.157122 20.414495
 0.000068 1.812377 2.355970 4.168347 21.040396
 0.000069 1.824530 2.355233 4.179762 21.686560
 0.000069 1.836121 2.354524 4.190645 22.311684
 0.000070 1.846790 2.353790 4.200580 22.890164
 0.000070 1.855897 2.352930 4.208827 23.375946
 0.000071 1.862205 2.351980 4.214185 23.694314
 0.000071 1.865055 2.350979 4.216033 23.804588
 0.000072 1.864518 2.349979 4.214496 23.712852
 0.000072 1.860947 2.348820 4.209766 23.431602
 0.000073 1.854890 2.347641 4.202531 23.004636
 0.000073 1.846951 2.346478 4.193429 22.473033
 0.000074 1.838333 2.345204 4.183537 21.902395
 0.000074 1.829431 2.343985 4.173416 21.326119
 0.000075 1.821188 2.342726 4.163914 20.792063
 0.000075 1.814090 2.341281 4.155372 20.317740
 0.000076 1.808989 2.339758 4.148747 19.953695
 0.000076 1.805891 2.338095 4.143986 19.694066
 0.000077 1.805005 2.336501 4.141506 19.559510
 0.000077 1.806767 2.334978 4.141745 19.572445
 0.000078 1.811185 2.333361 4.144546 19.724518
 0.000078 1.817590 2.331671 4.149261 19.981790
 0.000079 1.826270 2.329900 4.156169 20.361811
 0.000079 1.836898 2.328152 4.165050 20.855575
 0.000080 1.848893 2.326329 4.175221 21.428326
 0.000080 1.861667 2.324532 4.186200 22.055262
 0.000081 1.875187 2.322678 4.197865 22.731359
 0.000081 1.888504 2.320776 4.209279 23.402736
 0.000082 1.900645 2.318711 4.219356 24.003579
 0.000082 1.911183 2.316541 4.227725 24.508368
 0.000083 1.919649 2.314299 4.233948 24.887165
 0.000083 1.925797 2.311980 4.237777 25.121627
 0.000084 1.929177 2.309708 4.238885 25.189681
 0.000084 1.929030 2.307275 4.236305 25.031347
 0.000085 1.925165 2.304796 4.229961 24.644126
 0.000085 1.917655 2.302281 4.219936 24.038379
 0.000086 1.906712 2.299717 4.206429 23.234159
 0.000086 1.893716 2.297084 4.190800 22.320651
 0.000087 1.879151 2.294426 4.173577 21.335226
 0.000087 1.863969 2.291775 4.155744 20.338318
 0.000088 1.849205 2.289119 4.138324 19.387516
 0.000088 1.835148 2.286314 4.121461 18.488824
 0.000089 1.822028 2.283390 4.105419 17.653626
 0.000089 1.810506 2.280346 4.090852 16.911994
 0.000090 1.801334 2.277273 4.078606 16.300858
 0.000090 1.794220 2.274182 4.068402 15.800186
 0.000091 1.789152 2.270951 4.060103 15.398737
 0.000091 1.786473 2.267669 4.054142 15.113598
 0.000092 1.785745 2.264275 4.050020 14.917973
 0.000092 1.786931 2.260815 4.047746 14.810573
 0.000093 1.789893 2.257201 4.047094 14.779853
 0.000093 1.794511 2.253356 4.047867 14.816270
 0.000094 1.800326 2.249422 4.049748 14.905105
 0.000094 1.807314 2.245363 4.052678 15.043936
 0.000095 1.815404 2.241015 4.056419 15.222169
 0.000095 1.824244 2.236444 4.060688 15.426880
 0.000096 1.833104 2.231788 4.064893 15.629786
 0.000096 1.841378 2.227071 4.068450 15.802493
 0.000097 1.849029 2.222324 4.071353 15.944174
 0.000097 1.855385 2.217625 4.073010 16.025302
 0.000098 1.860096 2.212921 4.073017 16.025631
 0.000098 1.863064 2.208274 4.071338 15.943431
 0.000099 1.864817 2.203665 4.068482 15.804045
 0.000099 1.865355 2.199128 4.064482 15.609930
 0.000100 1.865078 2.194826 4.059904 15.389187
 0.000100 1.864478 2.190583 4.055060 15.157335
 0.000101 1.863412 2.186353 4.049765 14.905906
 0.000101 1.862318 2.182221 4.044539 14.659815
 0.000102 1.861651 2.178107 4.039758 14.436480
 0.000102 1.861462 2.173939 4.035401 14.234424
 0.000103 1.862050 2.169807 4.031857 14.071159
 0.000103 1.863712 2.165736 4.029447 13.960650
 0.000104 1.866558 2.161620 4.028178 13.902618
 0.000104 1.870695 2.157440 4.028134 13.900621
 0.000105 1.876172 2.153148 4.029320 13.954813
 0.000105 1.882834 2.148844 4.031678 14.062903
 0.000106 1.890284 2.144479 4.034763 14.204944
 0.000106 1.898940 2.139888 4.038828 14.393199
 0.000107 1.908295 2.135231 4.043526 14.612325
 0.000107 1.917973 2.130519 4.048492 14.845778
 0.000108 1.927481 2.125835 4.053316 15.074259
 0.000108 1.936701 2.121191 4.057891 15.292627
 0.000109 1.945517 2.116505 4.062022 15.491084
 0.000109 1.953402 2.111744 4.065145 15.642015
 0.000110 1.959737 2.106894 4.066631 15.714068
 0.000110 1.964263 2.102058 4.066321 15.699009
 0.000111 1.966713 2.097190 4.063903 15.581908
 0.000111 1.967074 2.092358 4.059432 15.366521
 0.000112 1.965739 2.087419 4.053157 15.066720
 0.000112 1.962479 2.082491 4.044969 14.679979
 0.000113 1.957770 2.077603 4.035373 14.233134
 0.000113 1.951985 2.072811 4.024795 13.748580
 0.000114 1.945204 2.068101 4.013305 13.231744
 0.000114 1.937174 2.063459 4.000633 12.673201
 0.000115 1.928588 2.058753 3.987341 12.100287
 0.000115 1.919899 2.054098 3.973997 11.538486
 0.000116 1.911553 2.049541 3.961095 11.007942
 0.000116 1.903861 2.045184 3.949045 10.523746
 0.000117 1.896915 2.041016 3.937932 10.086837
 0.000117 1.890969 2.036982 3.927951 9.702334
 0.000118 1.886116 2.033049 3.919165 9.370065
 0.000118 1.882314 2.029383 3.911697 9.092198
 0.000119 1.879603 2.025973 3.905576 8.867548
 0.000119 1.878028 2.022902 3.900930 8.698909
 0.000120 1.877418 2.020137 3.897556 8.577437
 0.000120 1.877623 2.017516 3.895138 8.490957
 0.000121 1.878627 2.015135 3.893762 8.441892
 0.000121 1.880528 2.012946 3.893474 8.431667
 0.000122 1.882954 2.010906 3.893860 8.445407
 0.000122 1.884987 2.008998 3.893984 8.449817
 0.000123 1.886700 2.007303 3.894003 8.450491
 0.000123 1.887874 2.005821 3.893695 8.439512
 0.000124 1.887989 2.004609 3.892598 8.400520
 0.000124 1.887341 2.003455 3.890797 8.336710
 0.000125 1.886188 2.002340 3.888528 8.256679
 0.000125 1.884770 2.001351 3.886121 8.172183
 0.000126 1.883235 2.000369 3.883604 8.084291
 0.000126 1.881699 1.999354 3.881053 7.995711
 0.000127 1.880653 1.998500 3.879153 7.930035
 0.000127 1.880288 1.997783 3.878071 7.892770
 0.000128 1.880611 1.997240 3.877851 7.885191
 0.000128 1.881525 1.996866 3.878391 7.903794
 0.000129 1.883169 1.996631 3.879799 7.952359
 0.000129 1.885774 1.996580 3.882354 8.040842
 0.000130 1.888876 1.996703 3.885579 8.153240
 0.000130 1.892748 1.997000 3.889749 8.299695
 0.000131 1.897354 1.997402 3.894756 8.477310
 0.000131 1.902469 1.997876 3.900344 8.677760
 0.000132 1.907621 1.998490 3.906111 8.887067
 0.000132 1.912728 1.999188 3.911917 9.100304
 0.000133 1.917320 1.999992 3.917312 9.300733
 0.000133 1.921340 2.000948 3.922288 9.487516
 0.000134 1.924622 2.001888 3.926510 9.647461
 0.000134 1.926693 2.002902 3.929595 9.765177
 0.000135 1.927357 2.004137 3.931494 9.837985
 0.000135 1.926583 2.005503 3.932086 9.860751
 0.000136 1.924302 2.007012 3.931314 9.831083
 0.000136 1.920503 2.008607 3.929110 9.746622
 0.000137 1.915391 2.010333 3.925724 9.617577
 0.000137 1.909334 2.012356 3.921690 9.464966
 0.000138 1.902756 2.014662 3.917418 9.304691
 0.000138 1.896093 2.017218 3.913311 9.151885
 0.000139 1.889454 2.020035 3.909488 9.010805
 0.000139 1.883307 2.023091 3.906398 8.897540
 0.000140 1.878069 2.026227 3.904297 8.820941
 0.000140 1.873706 2.029525 3.903231 8.782225
 0.000141 1.870390 2.032972 3.903362 8.786982
 0.000141 1.868392 2.036481 3.904873 8.841919
 0.000142 1.867706 2.040092 3.907797 8.948740
 0.000142 1.868305 2.043794 3.912099 9.107043
 0.000143 1.869898 2.047473 3.917371 9.302932
 0.000143 1.872241 2.051189 3.923430 9.530654
 0.000144 1.875134 2.054910 3.930044 9.782366
 0.000144 1.879110 2.058615 3.937724 10.078769
 0.000145 1.884061 2.062333 3.946394 10.418691
 0.000145 1.889450 2.066066 3.955515 10.782400
 0.000146 1.894762 2.069748 3.964509 11.147136
 0.000146 1.899936 2.073480 3.973417 11.514346
 0.000147 1.904463 2.077183 3.981646 11.858880
 0.000147 1.907447 2.080783 3.988230 12.138213
 0.000148 1.909098 2.084340 3.993438 12.361424
 0.000148 1.909526 2.087712 3.997239 12.525650
 0.000149 1.909086 2.090876 3.999962 12.643952
 0.000149 1.907744 2.093844 4.001588 12.714855
 0.000150 1.905423 2.096687 4.002110 12.737689
 0.000150 1.902260 2.099352 4.001611 12.715896
 0.000151 1.898694 2.101774 4.000469 12.666044
 0.000151 1.894866 2.103982 3.998848 12.595486
 0.000152 1.891238 2.106016 3.997254 12.526324
 0.000152 1.887965 2.107944 3.995909 12.468059
 0.000153 1.885138 2.109737 3.994876 12.423429
 0.000153 1.883066 2.111337 3.994402 12.402993
 0.000154 1.881544 2.112798 3.994342 12.400387
 0.000154 1.880484 2.114223 3.994707 12.416148
 0.000155 1.880524 2.115501 3.996025 12.473088
 0.000155 1.881654 2.116686 3.998340 12.573424
 0.000156 1.883483 2.117713 4.001196 12.697773
 0.000156 1.885792 2.118613 4.004405 12.838218
 0.000157 1.888660 2.119261 4.007920 12.992926
 0.000157 1.891898 2.119787 4.011685 13.159668
 0.000158 1.895156 2.120117 4.015273 13.319565
 0.000158 1.898603 2.120195 4.018798 13.477574
 0.000159 1.901918 2.120031 4.021948 13.619586
 0.000159 1.904993 2.119694 4.024687 13.743645
 0.000160 1.907552 2.119218 4.026769 13.838372
 0.000160 1.908933 2.118724 4.027657 13.878840
 0.000161 1.909257 2.118161 4.027418 13.867918
 0.000161 1.908543 2.117472 4.026015 13.804036
 0.000162 1.906901 2.116812 4.023713 13.699474
 0.000162 1.904512 2.116010 4.020522 13.555199
 0.000163 1.901375 2.115138 4.016512 13.375007
 0.000163 1.897659 2.114181 4.011840 13.166537
 0.000164 1.893779 2.113089 4.006868 12.946506
 0.000164 1.890116 2.112001 4.002117 12.737997
 0.000165 1.886683 2.110871 3.997554 12.539318
 0.000165 1.884069 2.109627 3.993696 12.372546
 0.000166 1.882598 2.108292 3.990890 12.251965
 0.000166 1.882145 2.107043 3.989188 12.179111
 0.000167 1.883370 2.105838 3.989207 12.179939
 0.000167 1.885765 2.104580 3.990345 12.228597
 0.000168 1.889451 2.103264 3.992715 12.330328
 0.000168 1.894036 2.101799 3.995835 12.464882
 0.000169 1.899514 2.100164 3.999678 12.631608
 0.000169 1.906054 2.098319 4.004373 12.836787
 0.000170 1.913516 2.096348 4.009864 13.078877
 0.000170 1.921562 2.094177 4.015739 13.340405
 0.000171 1.930107 2.091870 4.021978 13.620924
 0.000171 1.938535 2.089425 4.027960 13.892675
 0.000172 1.946109 2.086969 4.033078 14.127291
 0.000172 1.952861 2.084409 4.037269 14.320893
 0.000173 1.959106 2.081829 4.040935 14.491290
 0.000173 1.964246 2.079200 4.043445 14.608569
 0.000174 1.967990 2.076564 4.044554 14.660501
 0.000174 1.970014 2.073858 4.043872 14.628538
 0.000175 1.970842 2.071190 4.042031 14.542451
 0.000175 1.970753 2.068490 4.039243 14.412489
 0.000176 1.970034 2.065825 4.035859 14.255609
 0.000176 1.968855 2.063190 4.032046 14.079807
 0.000177 1.966739 2.060507 4.027246 13.860091
 0.000177 1.963769 2.057957 4.021726 13.609558
 0.000178 1.960302 2.055608 4.015910 13.348019
 0.000178 1.956131 2.053443 4.009574 13.066016
 0.000179 1.951972 2.051384 4.003356 12.792183
 0.000179 1.948297 2.049383 3.997680 12.544773
 0.000180 1.945545 2.047415 3.992960 12.340864
 0.000180 1.943520 2.045490 3.989009 12.171462
 0.000181 1.942229 2.043686 3.985915 12.039623
 0.000181 1.942192 2.042044 3.984236 11.968351
 0.000182 1.943029 2.040529 3.983558 11.939655
 0.000182 1.944138 2.039135 3.983274 11.927632
 0.000183 1.945648 2.037862 3.983510 11.937630
 0.000183 1.947380 2.036758 3.984139 11.964256
 0.000184 1.949380 2.035722 3.985102 12.005088
 0.000184 1.951708 2.034795 3.986503 12.064620
 0.000185 1.954144 2.034026 3.988170 12.135627
 0.000185 1.956140 2.033402 3.989542 12.194258
 0.000186 1.957274 2.032902 3.990177 12.221406
 0.000186 1.957441 2.032460 3.989901 12.209596
 0.000187 1.956703 2.032124 3.988827 12.163700
 0.000187 1.955165 2.031872 3.987037 12.087353
 0.000188 1.952531 2.031805 3.984336 11.972605
 0.000188 1.948825 2.031899 3.980724 11.820036
 0.000189 1.944753 2.032015 3.976768 11.654054
 0.000189 1.940107 2.032129 3.972235 11.465301
 0.000190 1.935576 2.032366 3.967942 11.287937
 0.000190 1.931011 2.032680 3.963691 11.113698
 0.000191 1.926615 2.032947 3.959562 10.945751
 0.000191 1.923084 2.033182 3.956266 10.812626
 0.000192 1.920600 2.033376 3.953977 10.720604
 0.000192 1.918893 2.033549 3.952442 10.659164
 0.000193 1.918067 2.033691 3.951759 10.631848
 0.000193 1.918504 2.033803 3.952307 10.653751
 0.000194 1.919912 2.033895 3.953807 10.713784
 0.000194 1.922386 2.033943 3.956329 10.815145
 0.000195 1.925375 2.033955 3.959330 10.936356
 0.000195 1.928512 2.033751 3.962263 11.055468
 0.000196 1.931501 2.033497 3.964998 11.167116
 0.000196 1.934431 2.032985 3.967416 11.266302
 0.000197 1.937054 2.032360 3.969415 11.348622
 0.000197 1.939023 2.031616 3.970639 11.399184
 0.000198 1.939665 2.030811 3.970476 11.392462
 0.000198 1.938629 2.029874 3.968503 11.311047
 0.000199 1.936291 2.028820 3.965111 11.171755
 0.000199 1.932398 2.027583 3.959981 10.962751
 0.000200 1.926987 2.026297 3.953285 10.692872
 0.000200 1.920261 2.024873 3.945135 10.368958
 0.000201 1.912376 2.023353 3.935729 10.001339
 0.000201 1.903697 2.021709 3.925405 9.605473
 0.000202 1.894629 2.020024 3.914653 9.201666
 0.000202 1.885536 2.018259 3.903794 8.802679
 0.000203 1.876911 2.016318 3.893229 8.422949
 0.000203 1.868444 2.014298 3.882741 8.054291
 0.000204 1.860391 2.012243 3.872634 7.706797
 0.000204 1.853308 2.010198 3.863507 7.399595
 0.000205 1.847031 2.008127 3.855158 7.124054
 0.000205 1.841894 2.006104 3.847998 6.891924
 0.000206 1.838042 2.004142 3.842184 6.706271
 0.000206 1.835760 2.002243 3.838003 6.574325
 0.000207 1.834775 2.000356 3.835131 6.484441
 0.000207 1.835305 1.998466 3.833770 6.442073
 0.000208 1.837455 1.996658 3.834113 6.452723
 0.000208 1.840705 1.994969 3.835675 6.501404
 0.000209 1.844770 1.993347 3.838117 6.577890
 0.000209 1.849315 1.991742 3.841057 6.670555
 0.000210 1.854111 1.990172 3.844284 6.773024
 0.000210 1.858674 1.988658 3.847332 6.870546
 0.000211 1.862725 1.987370 3.850095 6.959536
 0.000211 1.866228 1.986161 3.852390 7.033866
 0.000212 1.868783 1.985150 3.853933 7.084071
 0.000212 1.870212 1.984329 3.854541 7.103930
 0.000213 1.870415 1.983647 3.854061 7.088271
 0.000213 1.869403 1.983220 3.852623 7.041431
 0.000214 1.867583 1.983053 3.850636 6.977026
 0.000214 1.865648 1.983177 3.848825 6.918564
 0.000215 1.864208 1.983572 3.847781 6.884945
 0.000215 1.863136 1.984177 3.847312 6.869910
 0.000216 1.862600 1.984943 3.847543 6.877309
 0.000216 1.862532 1.985897 3.848429 6.905795
 0.000217 1.862874 1.987045 3.849919 6.953830
 0.000217 1.863918 1.988381 3.852299 7.030909
 0.000218 1.865849 1.989941 3.855790 7.144736
 0.000218 1.869104 1.991639 3.860743 7.307820
 0.000219 1.873487 1.993356 3.866844 7.511191
 0.000219 1.879086 1.995131 3.874217 7.760722
 0.000220 1.885804 1.996896 3.882701 8.052880
 0.000220 1.893345 1.998684 3.892029 8.380362
 0.000221 1.901427 2.000390 3.901817 8.730965
 0.000221 1.909867 2.002022 3.911890 9.099296
 0.000222 1.918176 2.003688 3.921864 9.471523
 0.000222 1.926394 2.005391 3.931784 9.849135
 0.000223 1.933974 2.006901 3.940875 10.201653
 0.000223 1.940539 2.008366 3.948905 10.518209
 0.000224 1.945545 2.009834 3.955379 10.776913
 0.000224 1.948451 2.011213 3.959665 10.949915
 0.000225 1.949619 2.012555 3.962173 11.051813
 0.000225 1.948797 2.013730 3.962527 11.066227
 0.000226 1.946504 2.014758 3.961262 11.014731
 0.000226 1.943109 2.015512 3.958621 10.907646
 0.000227 1.938901 2.016090 3.954991 10.761305
 0.000227 1.934214 2.016349 3.950563 10.584145
 0.000228 1.928997 2.016255 3.945252 10.373594
 0.000228 1.923916 2.015774 3.939689 10.155329
 0.000229 1.919129 2.014930 3.934059 9.936764
 0.000229 1.914432 2.013743 3.928175 9.710900
 0.000230 1.910401 2.012211 3.922612 9.499743
 0.000230 1.907254 2.010403 3.917657 9.313632
 0.000231 1.904861 2.008307 3.913168 9.146578
 0.000231 1.903547 2.005863 3.909410 9.007934
 0.000232 1.903267 2.003169 3.906436 8.898926
 0.000232 1.903983 2.000221 3.904205 8.817595
 0.000233 1.905734 1.996945 3.902679 8.762187
 0.000233 1.908427 1.993378 3.901805 8.730553
 0.000234 1.911856 1.989508 3.901363 8.714559
 0.000234 1.915548 1.985365 3.900914 8.698309
 0.000235 1.919247 1.981014 3.900261 8.674755
 0.000235 1.922431 1.976555 3.898986 8.628820
 0.000236 1.924872 1.972076 3.896948 8.555641
 0.000236 1.925941 1.967542 3.893483 8.431967
 0.000237 1.925429 1.962860 3.888289 8.248267
 0.000237 1.923239 1.958155 3.881394 8.007517
 0.000238 1.919437 1.953404 3.872841 7.713850
 0.000238 1.913867 1.948723 3.862590 7.369086
 0.000239 1.907494 1.944014 3.851508 7.005248
 0.000239 1.900774 1.939394 3.840168 6.642469
 0.000240 1.893951 1.934873 3.828824 6.289224
 0.000240 1.887598 1.930473 3.818071 5.963294
 0.000241 1.882062 1.926243 3.808306 5.674804
 0.000241 1.877825 1.922192 3.800017 5.435542
 0.000242 1.875083 1.918343 3.793425 5.248958
 0.000242 1.874077 1.914823 3.788900 5.122751
 0.000243 1.874941 1.911577 3.786518 5.056925
 0.000243 1.877254 1.908729 3.785982 5.042191
 0.000244 1.880935 1.906295 3.787230 5.076566
 0.000244 1.886277 1.904201 3.790478 5.166581
 0.000245 1.893003 1.902490 3.795493 5.307155
 0.000245 1.901173 1.901145 3.802318 5.501448
 0.000246 1.910127 1.900232 3.810359 5.734866
 0.000246 1.919640 1.899703 3.819344 6.001412
 0.000247 1.929526 1.899560 3.829086 6.297265
 0.000247 1.939442 1.899833 3.839276 6.614343
 0.000248 1.949092 1.900568 3.849660 6.945466
 0.000248 1.958456 1.901739 3.860195 7.289693
 0.000249 1.967122 1.903310 3.870432 7.632107
 0.000249 1.974583 1.905254 3.879837 7.953668
 0.000250 1.980226 1.907548 3.887774 8.230164
 0.000250 1.983778 1.910245 3.894022 8.451170
 0.000251 1.985155 1.913197 3.898352 8.606018
 0.000251 1.984468 1.916546 3.901014 8.701933
 0.000252 1.981942 1.920126 3.902068 8.740047
 0.000252 1.977823 1.923879 3.901702 8.726800
 0.000253 1.972350 1.927744 3.900095 8.668753
 0.000253 1.965963 1.931765 3.897727 8.583594
 0.000254 1.958414 1.935921 3.894335 8.462298
 0.000254 1.950259 1.940118 3.890376 8.321853
 0.000255 1.942195 1.944222 3.886418 8.182581
 0.000255 1.934096 1.948269 3.882365 8.041204
 0.000256 1.926515 1.952226 3.878741 7.915839
 0.000256 1.920078 1.955977 3.876055 7.823567
 0.000257 1.914979 1.959632 3.874612 7.774195
 0.000257 1.910989 1.963035 3.874023 7.754119
 0.000258 1.908332 1.966277 3.874609 7.774113
 0.000258 1.907515 1.969301 3.876817 7.849675
 0.000259 1.908490 1.971978 3.880468 7.975453
 0.000259 1.911091 1.974385 3.885476 8.149606
 0.000260 1.915691 1.976491 3.892182 8.385780
 0.000260 1.921794 1.978244 3.900039 8.666735
 0.000261 1.928912 1.979575 3.908487 8.974021
 0.000261 1.936791 1.980537 3.917328 9.301331
 0.000262 1.945247 1.981158 3.926405 9.643469
 0.000262 1.953945 1.981390 3.935335 9.986078
 0.000263 1.962151 1.981222 3.943373 10.299617
 0.000263 1.969498 1.980662 3.950159 10.568070
 0.000264 1.975479 1.979778 3.955258 10.772035
 0.000264 1.979802 1.978604 3.958406 10.898945
 0.000265 1.982446 1.977158 3.959604 10.947445
 0.000265 1.982742 1.975485 3.958227 10.891739
 0.000266 1.980776 1.973570 3.954346 10.735418
 0.000266 1.977190 1.971419 3.948609 10.506453
 0.000267 1.972474 1.968997 3.941472 10.225008
 0.000267 1.967058 1.966243 3.933301 9.907514
 0.000268 1.961279 1.963252 3.924531 9.572321
 0.000268 1.955170 1.960096 3.915266 9.224451
 0.000269 1.949039 1.956798 3.905837 8.877054
 0.000269 1.943172 1.953296 3.896468 8.538472
 0.000270 1.937856 1.949693 3.887550 8.222284
 0.000270 1.932826 1.945933 3.878759 7.916450
 0.000271 1.928093 1.941952 3.870045 7.619041
 0.000271 1.924171 1.937908 3.862080 7.352134
 0.000272 1.920785 1.933775 3.854560 7.104527
 0.000272 1.918109 1.929560 3.847670 6.881384
 0.000273 1.916290 1.925265 3.841555 6.686327
 0.000273 1.914796 1.920925 3.835721 6.502841
 0.000274 1.914170 1.916632 3.830801 6.350102
 0.000274 1.914203 1.912452 3.826655 6.222789
 0.000275 1.914919 1.908318 3.823238 6.118818
 0.000275 1.916514 1.904302 3.820816 6.045667
 0.000276 1.918715 1.900460 3.819175 5.996346
 0.000276 1.921594 1.896964 3.818558 5.977866
 0.000277 1.925404 1.893867 3.819271 5.999234
 0.000277 1.929943 1.891164 3.821107 6.054446
 0.000278 1.934803 1.888633 3.823435 6.124810
 0.000278 1.939866 1.886494 3.826360 6.213769
 0.000279 1.945234 1.884674 3.829909 6.322587
 0.000279 1.950383 1.883200 3.833583 6.436245
 0.000280 1.955736 1.881888 3.837624 6.562407
 0.000280 1.961062 1.880930 3.841992 6.700168
 0.000281 1.966298 1.880329 3.846627 6.847936
 0.000281 1.970947 1.879980 3.850927 6.986440
 0.000282 1.974794 1.879882 3.854675 7.108306
 0.000282 1.977902 1.879849 3.857751 7.209088
 0.000283 1.979882 1.879942 3.859825 7.277433
 0.000283 1.981093 1.880037 3.861130 7.320621
 0.000284 1.981793 1.880175 3.861969 7.348455
 0.000284 1.981981 1.880296 3.862277 7.358682
 0.000285 1.981614 1.880290 3.861904 7.346314
 0.000285 1.980347 1.880222 3.860569 7.302065
 0.000286 1.978012 1.880101 3.858113 7.220980
 0.000286 1.974926 1.879761 3.854686 7.108650
 0.000287 1.971479 1.879189 3.850669 6.978070
 0.000287 1.966915 1.878366 3.845281 6.804858
 0.000288 1.961556 1.877241 3.838797 6.599281
 0.000288 1.955330 1.875891 3.831220 6.363043
 0.000289 1.948335 1.874282 3.822616 6.100002
 0.000289 1.940681 1.872433 3.813114 5.815950
 0.000290 1.932245 1.870350 3.802595 5.509402
 0.000290 1.923712 1.868073 3.791785 5.203031
 0.000291 1.915536 1.865456 3.780992 4.905888
 0.000291 1.907343 1.862623 3.769966 4.611340
 0.000292 1.899534 1.859649 3.759183 4.332104
 0.000292 1.892591 1.856469 3.749060 4.077893
 0.000293 1.886749 1.853197 3.739946 3.855609
 0.000293 1.882020 1.849858 3.731878 3.664018
 0.000294 1.878339 1.846476 3.724815 3.500307
 0.000294 1.875838 1.843264 3.719101 3.370612
 0.000295 1.874510 1.840222 3.714733 3.273092
 0.000295 1.874043 1.837332 3.711375 3.199110
 0.000296 1.874549 1.834576 3.709125 3.150011
 0.000296 1.875869 1.831914 3.707784 3.120928
 0.000297 1.878436 1.829512 3.707947 3.124471
 0.000297 1.882292 1.827432 3.709724 3.163044
 0.000298 1.886872 1.825756 3.712628 3.226626
 0.000298 1.891805 1.824438 3.716243 3.306640
 0.000299 1.897738 1.823437 3.721175 3.417395
 0.000299 1.904347 1.822778 3.727124 3.553417
 0.000300 1.911322 1.822481 3.733803 3.709291
 0.000300 1.918930 1.822550 3.741480 3.892584
 0.000301 1.926654 1.823003 3.749656 4.092660
 0.000301 1.934434 1.823820 3.758255 4.308469
 0.000302 1.942311 1.824873 3.767183 4.538449
 0.000302 1.950265 1.826165 3.776430 4.782919
 0.000303 1.957952 1.827679 3.785631 5.032526
 0.000303 1.964990 1.829482 3.794472 5.278371
 0.000304 1.971616 1.831607 3.803223 5.527472
 0.000304 1.977630 1.833960 3.811590 5.771032
 0.000305 1.982696 1.836569 3.819265 5.999066
 0.000305 1.986953 1.839350 3.826302 6.212012
 0.000306 1.990398 1.842162 3.832560 6.404502
 0.000306 1.993262 1.845025 3.838287 6.583249
 0.000307 1.995495 1.847947 3.843442 6.746221
 0.000307 1.996626 1.850926 3.847552 6.877590
 0.000308 1.996852 1.853905 3.850757 6.980929
 0.000308 1.996141 1.856944 3.853084 7.056449
 0.000309 1.994664 1.860124 3.854788 7.111964
 0.000309 1.992476 1.863281 3.855757 7.143672
 0.000310 1.989659 1.866369 3.856028 7.152546
 0.000310 1.986476 1.869473 3.855948 7.149932
 0.000311 1.982739 1.872531 3.855270 7.127739
 0.000311 1.978672 1.875495 3.854167 7.091709
 0.000312 1.973850 1.878372 3.852222 7.028404
 0.000312 1.968108 1.881276 3.849384 6.936574
 0.000313 1.961954 1.884184 3.846138 6.832263
 0.000313 1.954855 1.887095 3.841950 6.698852
 0.000314 1.946949 1.890050 3.836999 6.542821
 0.000314 1.938147 1.893060 3.831207 6.362620
 0.000315 1.928522 1.896086 3.824608 6.160388
 0.000315 1.918235 1.899107 3.817341 5.941491
 0.000316 1.907500 1.902112 3.809612 5.712994
 0.000316 1.896315 1.905020 3.801335 5.473247
 0.000317 1.884683 1.907934 3.792617 5.226293
 0.000317 1.873171 1.910871 3.784041 4.988957
 0.000318 1.861966 1.913784 3.775750 4.764709
 0.000318 1.851358 1.916595 3.767953 4.558546
 0.000319 1.841468 1.919235 3.760703 4.370950
 0.000319 1.832558 1.921629 3.754187 4.205687
 0.000320 1.824261 1.923786 3.748048 4.052899
 0.000320 1.817042 1.925606 3.742648 3.920848
 0.000321 1.810770 1.927161 3.737931 3.807289
 0.000321 1.805352 1.928502 3.733854 3.710488
 0.000322 1.800700 1.929579 3.730278 3.626613
 0.000322 1.796944 1.930389 3.727333 3.558234
 0.000323 1.794290 1.930716 3.725007 3.504702
 0.000323 1.792525 1.930646 3.723171 3.462736
 0.000324 1.791054 1.930318 3.721372 3.421862
 0.000324 1.790179 1.929676 3.719854 3.387564
 0.000325 1.790019 1.928640 3.718659 3.360667
 0.000325 1.790593 1.927252 3.717846 3.342436
 0.000326 1.792039 1.925510 3.717549 3.335795
 0.000326 1.794319 1.923308 3.717627 3.337533
 0.000327 1.797465 1.920616 3.718081 3.347698
 0.000327 1.801493 1.917599 3.719092 3.370406
 0.000328 1.806510 1.914338 3.720849 3.410016
 0.000328 1.812724 1.910723 3.723447 3.469025
 0.000329 1.819982 1.906726 3.726708 3.543812
 0.000329 1.828855 1.902463 3.731318 3.650902
 0.000330 1.839250 1.897987 3.737238 3.790748
 0.000330 1.851170 1.893414 3.744585 3.967960
 0.000331 1.864797 1.888730 3.753527 4.189128
 0.000331 1.879740 1.884011 3.763750 4.449311
 0.000332 1.895476 1.879301 3.774777 4.738734
 0.000332 1.911789 1.874531 3.786320 5.051482
 0.000333 1.928931 1.869642 3.798573 5.394400
 0.000333 1.945735 1.864690 3.810425 5.736815
 0.000334 1.962159 1.859744 3.821903 6.078463
 0.000334 1.977739 1.854892 3.832632 6.406720
 0.000335 1.991946 1.850127 3.842073 6.702744
 0.000335 2.004591 1.845435 3.850026 6.957288
 0.000336 2.015374 1.840962 3.856336 7.162636
 0.000336 2.024230 1.836575 3.860804 7.309842
 0.000337 2.031370 1.832367 3.863737 7.407260
 0.000337 2.036631 1.828368 3.864999 7.449385
 0.000338 2.040162 1.824533 3.864694 7.439219
 0.000338 2.041798 1.820856 3.862654 7.371217
 0.000339 2.041889 1.817447 3.859336 7.261294
 0.000339 2.040578 1.814179 3.854758 7.110987
 0.000340 2.037647 1.811065 3.848712 6.914920
 0.000340 2.033506 1.808253 3.841759 6.692796
 0.000341 2.028132 1.805822 3.833954 6.447786
 0.000341 2.021421 1.803750 3.825171 6.177534
 0.000342 2.013933 1.802071 3.816004 5.901634
 0.000342 2.005876 1.800728 3.806604 5.625269
 0.000343 1.997222 1.799857 3.797079 5.351981
 0.000343 1.987687 1.799281 3.786968 5.069339
 0.000344 1.977769 1.799096 3.776864 4.794546
 0.000344 1.967941 1.799365 3.767306 4.541648
 0.000345 1.958070 1.800061 3.758131 4.305334
 0.000345 1.948449 1.801152 3.749600 4.091265
 0.000346 1.939393 1.802627 3.742021 3.905663
 0.000346 1.931005 1.804509 3.735514 3.749760
 0.000347 1.923559 1.806742 3.730301 3.627147
 0.000347 1.916965 1.809402 3.726367 3.535955
 0.000348 1.911406 1.812336 3.723742 3.475760
 0.000348 1.906929 1.815503 3.722432 3.445927
 0.000349 1.904020 1.819077 3.723096 3.461040
 0.000349 1.902776 1.822890 3.725666 3.519839
 0.000350 1.902960 1.827071 3.730031 3.620847
 0.000350 1.904648 1.831396 3.736043 3.762320
 0.000351 1.907707 1.835970 3.743678 3.945863
 0.000351 1.912349 1.840632 3.752981 4.175443
 0.000352 1.918469 1.845309 3.763779 4.450051
 0.000352 1.925526 1.850003 3.775528 4.758793
 0.000353 1.933164 1.854586 3.787749 5.090907
 0.000353 1.941516 1.859237 3.800752 5.456567
 0.000354 1.950203 1.863926 3.814129 5.845985
 0.000354 1.959247 1.868588 3.827835 6.258884
 0.000355 1.968630 1.873078 3.841709 6.691206
 0.000355 1.977978 1.877461 3.855439 7.133263
 0.000356 1.987329 1.881637 3.868966 7.582599
 0.000356 1.996306 1.885689 3.881995 8.028370
 0.000357 2.004423 1.889659 3.894082 8.453305
 0.000357 2.011696 1.893453 3.905149 8.851968
 0.000358 2.018121 1.896979 3.915100 9.218294
 0.000358 2.023501 1.900324 3.923825 9.545568
 0.000359 2.028380 1.903428 3.931807 9.850027
 0.000359 2.032622 1.906091 3.938713 10.117251
 0.000360 2.035537 1.908406 3.943943 10.322026
 0.000360 2.037325 1.910448 3.947773 10.473278
 0.000361 2.038095 1.912227 3.950322 10.574548
 0.000361 2.037482 1.913718 3.951200 10.609537
 0.000362 2.036162 1.914927 3.951089 10.605139
 0.000362 2.034148 1.915882 3.950030 10.562921
 0.000363 2.031102 1.916737 3.947839 10.475892
 0.000363 2.027086 1.917337 3.944423 10.340925
 0.000364 2.021568 1.917817 3.939385 10.143469
 0.000364 2.014625 1.918187 3.932811 9.888660
 0.000365 2.006691 1.918493 3.925185 9.597099
 0.000365 1.997514 1.918707 3.916221 9.260023
 0.000366 1.987635 1.918833 3.906468 8.900103
 0.000366 1.976888 1.918936 3.895824 8.515449
 0.000367 1.965288 1.919032 3.884320 8.109258
 0.000367 1.953415 1.919030 3.872445 7.700367
 0.000368 1.941422 1.918990 3.860412 7.296843
 0.000368 1.929742 1.918911 3.848653 6.912999
 0.000369 1.918360 1.918788 3.837148 6.547505
 0.000369 1.907649 1.918655 3.826304 6.212076
 0.000370 1.898119 1.918569 3.816688 5.922013
 0.000370 1.889869 1.918451 3.808320 5.675220
 0.000371 1.883303 1.918200 3.801503 5.478053
 0.000371 1.878631 1.917926 3.796557 5.337192
 0.000372 1.876063 1.917596 3.793659 5.255530
 0.000372 1.875553 1.917219 3.792772 5.230640
 0.000373 1.877348 1.916688 3.794036 5.266114
 0.000373 1.881373 1.915967 3.797340 5.359391
 0.000374 1.887208 1.915137 3.802345 5.502235
 0.000374 1.894771 1.914196 3.808967 5.694127
 0.000375 1.904162 1.912947 3.817109 5.934555
 0.000375 1.914869 1.911472 3.826341 6.213200
 0.000376 1.926934 1.909673 3.836607 6.530545
 0.000376 1.940049 1.907692 3.847742 6.883704
 0.000377 1.954017 1.905482 3.859500 7.266703
 0.000377 1.968429 1.902947 3.871376 7.664093
 0.000378 1.982955 1.900226 3.883181 8.069569
 0.000378 1.997156 1.897322 3.894479 8.467425
 0.000379 2.010426 1.894292 3.904718 8.836277
 0.000379 2.022584 1.891055 3.913639 9.164038
 0.000380 2.033705 1.887641 3.921346 9.452022
 0.000380 2.043629 1.884121 3.927750 9.694694
 0.000381 2.051783 1.880460 3.932243 9.866778
 0.000381 2.058302 1.876666 3.934968 9.971871
 0.000382 2.062656 1.872731 3.935387 9.988098
 0.000382 2.065157 1.868718 3.933875 9.929654
 0.000383 2.065828 1.864585 3.930413 9.796515
 0.000383 2.064531 1.860078 3.924609 9.575260
 0.000384 2.061208 1.855329 3.916537 9.271799
 0.000384 2.056030 1.850495 3.906526 8.902205
 0.000385 2.048994 1.845556 3.894550 8.469975
 0.000385 2.040499 1.840471 3.880970 7.992837
 0.000386 2.030977 1.835438 3.866415 7.496816
 0.000386 2.020653 1.830380 3.851034 6.989881
 0.000387 2.009493 1.825234 3.834726 6.471815
 0.000387 1.997875 1.820071 3.817946 5.959548
 0.000388 1.986427 1.815139 3.801566 5.479861
 0.000388 1.975101 1.810417 3.785518 5.029440
 0.000389 1.963961 1.805851 3.769812 4.607280
 0.000389 1.953425 1.801400 3.754825 4.221720
 0.000390 1.944080 1.797246 3.741326 3.888863
 0.000390 1.935947 1.793397 3.729343 3.604835
 0.000391 1.928904 1.789691 3.718595 3.359235
 0.000391 1.923156 1.786198 3.709354 3.154997
 0.000392 1.918996 1.782952 3.701948 2.995941
 0.000392 1.916753 1.779950 3.696703 2.885778
 0.000393 1.916478 1.777210 3.693689 2.823413
 0.000393 1.917985 1.774881 3.692867 2.806520
 0.000394 1.921216 1.772986 3.694202 2.833991
 0.000394 1.925933 1.771595 3.697528 2.902981
 0.000395 1.931979 1.770621 3.702600 3.009782
 0.000395 1.939567 1.769984 3.709551 3.159290
 0.000396 1.948339 1.769675 3.718014 3.346203
 0.000396 1.958339 1.769662 3.728001 3.573692
 0.000397 1.969132 1.769943 3.739075 3.834686
 0.000397 1.980289 1.770554 3.750843 4.122117
 0.000398 1.991475 1.771560 3.763035 4.430845
 0.000398 2.002296 1.772895 3.775191 4.749781
 0.000399 2.012324 1.774474 3.786797 5.064631
 0.000399 2.021164 1.776236 3.797399 5.361062
 0.000400 2.029143 1.778254 3.807397 5.648310
 0.000400 2.035952 1.780545 3.816497 5.916306
 0.000401 2.041401 1.783184 3.824585 6.159712
 0.000401 2.045637 1.786183 3.831820 6.381576
 0.000402 2.048351 1.789459 3.837810 6.568246
 0.000402 2.049573 1.792778 3.842351 6.711551
 0.000403 2.049681 1.796236 3.845917 6.825173
 0.000403 2.048825 1.799957 3.848781 6.917149
 0.000404 2.047197 1.803886 3.851083 6.991467
 0.000404 2.045122 1.807997 3.853119 7.057566
 0.000405 2.041951 1.812350 3.854301 7.096081
 0.000405 2.037583 1.817022 3.854605 7.105994
 0.000406 2.032590 1.821834 3.854423 7.100072
 0.000406 2.026960 1.826662 3.853622 7.073948
 0.000407 2.020945 1.831653 3.852598 7.040627
 0.000407 2.014484 1.836837 3.851321 6.999206
 0.000408 2.007892 1.842223 3.850115 6.960179
 0.000408 2.001066 1.847661 3.848727 6.915408
 0.000409 1.994491 1.853187 3.847678 6.881644
 0.000409 1.988271 1.858581 3.846852 6.855145
 0.000410 1.982194 1.863913 3.846107 6.831266
 0.000410 1.975894 1.869166 3.845060 6.797791
 0.000411 1.969793 1.874405 3.844198 6.770302
 0.000411 1.964134 1.879566 3.843700 6.754438
 0.000412 1.958819 1.884607 3.843426 6.745713
 0.000412 1.953733 1.889583 3.843316 6.742218
 0.000413 1.948763 1.894457 3.843220 6.739171
 0.000413 1.944062 1.899155 3.843217 6.739080
 0.000414 1.940168 1.903736 3.843904 6.760922
 0.000414 1.936843 1.908217 3.845061 6.797820
 0.000415 1.933973 1.912528 3.846501 6.843881
 0.000415 1.931288 1.916667 3.847954 6.890522
 0.000416 1.928947 1.920417 3.849364 6.935923
 0.000416 1.927341 1.923914 3.851254 6.997035
 0.000417 1.926516 1.927127 3.853643 7.074627
 0.000417 1.926365 1.930037 3.856402 7.164798
 0.000418 1.927302 1.932650 3.859951 7.281623
 0.000418 1.929198 1.934815 3.864013 7.416480
 0.000419 1.931663 1.936534 3.868196 7.556662
 0.000419 1.934960 1.937814 3.872774 7.711573
 0.000420 1.938865 1.938620 3.877485 7.872641
 0.000420 1.943150 1.938877 3.882027 8.029485
 0.000421 1.947774 1.938676 3.886450 8.183720
 0.000421 1.952630 1.938127 3.890757 8.335319
 0.000422 1.958073 1.937171 3.895244 8.494718
 0.000422 1.963654 1.935787 3.899441 8.645208
 0.000423 1.969307 1.933913 3.903220 8.781835
 0.000423 1.975263 1.931607 3.906870 8.914802
 0.000424 1.981389 1.928977 3.910366 9.043103
 0.000424 1.987617 1.925995 3.913612 9.163043
 0.000425 1.993961 1.922724 3.916684 9.277304
 0.000425 2.000263 1.919197 3.919459 9.381110
 0.000426 2.006344 1.915449 3.921793 9.468843
 0.000426 2.012292 1.911434 3.923726 9.541840
 0.000427 2.017759 1.907395 3.925153 9.595919
 0.000427 2.022956 1.903304 3.926260 9.637938
 0.000428 2.027561 1.899181 3.926743 9.656309
 0.000428 2.031213 1.895063 3.926276 9.638548
 0.000429 2.033707 1.891057 3.924764 9.581140
 0.000429 2.034723 1.887122 3.921846 9.470830
 0.000430 2.034875 1.883235 3.918110 9.330559
 0.000430 2.034051 1.879364 3.913414 9.155705
 0.000431 2.032004 1.875696 3.907701 8.945198
 0.000431 2.028678 1.872272 3.900950 8.699617
 0.000432 2.024740 1.869086 3.893825 8.444162
 0.000432 2.020217 1.866120 3.886337 8.179739
 0.000433 2.014949 1.863351 3.878299 7.900631
 0.000433 2.009093 1.860740 3.869833 7.611857
 0.000434 2.002722 1.858451 3.861173 7.322039
 0.000434 1.996125 1.856446 3.852571 7.039757
 0.000435 1.988898 1.854678 3.843577 6.750513
 0.000435 1.981296 1.853106 3.834402 6.461719
 0.000436 1.974086 1.851852 3.825938 6.200897
 0.000436 1.967373 1.850867 3.818239 5.968322
 0.000437 1.960940 1.850161 3.811100 5.756629
 0.000437 1.955462 1.849644 3.805105 5.581820
 0.000438 1.950569 1.849233 3.799802 5.429412
 0.000438 1.946700 1.848970 3.795669 5.312122
 0.000439 1.943682 1.848739 3.792421 5.220817
 0.000439 1.941206 1.848515 3.789721 5.145544
 0.000440 1.939387 1.848196 3.787583 5.086313
 0.000440 1.938496 1.847841 3.786337 5.051949
 0.000441 1.938383 1.847432 3.785815 5.037581
 0.000441 1.938949 1.846902 3.785851 5.038593
 0.000442 1.940078 1.846437 3.786515 5.056854
 0.000442 1.941854 1.845943 3.787797 5.092225
 0.000443 1.943966 1.845284 3.789250 5.132471
 0.000443 1.946346 1.844592 3.790938 5.179414
 0.000444 1.949014 1.843919 3.792933 5.235158
 0.000444 1.952238 1.843258 3.795496 5.307225
 0.000445 1.955760 1.842554 3.798314 5.387045
 0.000445 1.959226 1.841967 3.801192 5.469158
 0.000446 1.962412 1.841528 3.803940 5.548134
 0.000446 1.965061 1.841107 3.806168 5.612608
 0.000447 1.967317 1.840723 3.808040 5.667052
 0.000447 1.968878 1.840400 3.809278 5.703208
 0.000448 1.970294 1.840148 3.810442 5.737312
 0.000448 1.971699 1.840022 3.811721 5.774876
 0.000449 1.972505 1.840086 3.812591 5.800520
 0.000449 1.972879 1.840360 3.813240 5.819675
 0.000450 1.972626 1.840853 3.813479 5.826737
 0.000450 1.972292 1.841603 3.813895 5.839039
 0.000451 1.972003 1.842627 3.814630 5.860818
 0.000451 1.971356 1.843815 3.815171 5.876886
 0.000452 1.970654 1.845173 3.815828 5.896384
 0.000452 1.969766 1.846698 3.816464 5.915328
 0.000453 1.968925 1.848333 3.817258 5.938990
 0.000453 1.968095 1.850107 3.818203 5.967225
 0.000454 1.967032 1.852092 3.819124 5.994832
 0.000454 1.965964 1.854237 3.820201 6.027150
 0.000455 1.964910 1.856486 3.821395 6.063123
 0.000455 1.963447 1.858840 3.822287 6.090047
 0.000456 1.961950 1.861187 3.823137 6.115765
 0.000456 1.960298 1.863539 3.823837 6.136981
 0.000457 1.958812 1.865920 3.824732 6.164167
 0.000457 1.957768 1.868409 3.826176 6.208171
 0.000458 1.956786 1.870929 3.827716 6.255228
 0.000458 1.956029 1.873413 3.829443 6.308241
 0.000459 1.955274 1.875847 3.831121 6.359976
 0.000459 1.954450 1.878258 3.832707 6.409061
 0.000460 1.954047 1.880536 3.834583 6.467354
 0.000460 1.953652 1.882651 3.836303 6.521040
 0.000461 1.953469 1.884675 3.838144 6.578734
 0.000461 1.953506 1.886491 3.839997 6.637085
 0.000462 1.953278 1.888145 3.841423 6.682161
 0.000462 1.952892 1.889595 3.842487 6.715874
 0.000463 1.952485 1.890864 3.843349 6.743261
 0.000463 1.952084 1.892010 3.844094 6.766971
 0.000464 1.951477 1.892942 3.844419 6.777334
 0.000464 1.950801 1.893610 3.844411 6.777082
 0.000465 1.950545 1.894159 3.844704 6.786425
 0.000465 1.950740 1.894566 3.845306 6.805650
 0.000466 1.951042 1.894751 3.845792 6.821196
 0.000466 1.951519 1.894733 3.846252 6.835907
 0.000467 1.952121 1.894543 3.846664 6.849107
 0.000467 1.953066 1.894278 3.847344 6.870918
 0.000468 1.954431 1.893841 3.848272 6.900752
 0.000468 1.956295 1.893262 3.849556 6.942130
 0.000469 1.958342 1.892573 3.850915 6.986036
 0.000469 1.960772 1.891710 3.852482 7.036849
 0.000470 1.963660 1.890627 3.854286 7.095608
 0.000470 1.966322 1.889349 3.855671 7.140851
 0.000471 1.968812 1.887899 3.856710 7.174910
 0.000471 1.970895 1.886255 3.857150 7.189323
 0.000472 1.972890 1.884517 3.857407 7.197768
 0.000472 1.974706 1.882682 3.857388 7.197155
 0.000473 1.976369 1.880839 3.857207 7.191212
 0.000473 1.977931 1.878985 3.856916 7.181654
 0.000474 1.979217 1.877120 3.856337 7.162658
 0.000474 1.980184 1.875218 3.855402 7.132058
 0.000475 1.980410 1.873392 3.853802 7.079824
 0.000475 1.980022 1.871593 3.851614 7.008698
 0.000476 1.978822 1.869844 3.848667 6.913452
 0.000476 1.976859 1.868023 3.844882 6.792116
 0.000477 1.974085 1.866125 3.840210 6.643795
 0.000477 1.970696 1.864246 3.834942 6.478549
 0.000478 1.966681 1.862310 3.828990 6.294332
 0.000478 1.962255 1.860385 3.822640 6.100726
 0.000479 1.957577 1.858454 3.816031 5.902437
 0.000479 1.952707 1.856511 3.809218 5.701446
 0.000480 1.947722 1.854521 3.802243 5.499301
 0.000480 1.943078 1.852377 3.795456 5.306084
 0.000481 1.938646 1.850197 3.788842 5.121158
 0.000481 1.934600 1.848016 3.782615 4.950024
 0.000482 1.931525 1.845790 3.777315 4.806639
 0.000482 1.929584 1.843474 3.773058 4.693016
 0.000483 1.928700 1.841011 3.769711 4.604634
 0.000483 1.928857 1.838365 3.767222 4.539459
 0.000484 1.930013 1.835612 3.765625 4.497881
 0.000484 1.931686 1.832861 3.764548 4.469933
 0.000485 1.934231 1.829951 3.764182 4.460472
 0.000485 1.937291 1.826886 3.764177 4.460350
 0.000486 1.941215 1.823773 3.764988 4.481357
 0.000486 1.945774 1.820736 3.766510 4.520888
 0.000487 1.950579 1.817697 3.768276 4.567012
 0.000487 1.956148 1.814613 3.770761 4.632277
 0.000488 1.962204 1.811552 3.773756 4.711545
 0.000488 1.968510 1.808531 3.777041 4.799290
 0.000489 1.975153 1.805653 3.780807 4.900857
 0.000489 1.981842 1.803027 3.784869 5.011623
 0.000490 1.987978 1.800598 3.788576 5.113777
 0.000490 1.993640 1.798516 3.792156 5.213396
 0.000491 1.998503 1.796852 3.795356 5.303274
 0.000491 2.002641 1.795674 3.798315 5.387061
 0.000492 2.005782 1.794821 3.800603 5.452295
 0.000492 2.007989 1.794261 3.802250 5.499512
 0.000493 2.008974 1.793955 3.802928 5.519003
 0.000493 2.008574 1.793982 3.802556 5.508284
 0.000494 2.006685 1.794427 3.801112 5.466855
 0.000494 2.003441 1.795220 3.798661 5.396909
 0.000495 1.999142 1.796340 3.795483 5.306846
 0.000495 1.993893 1.797879 3.791771 5.202653
 0.000496 1.988080 1.799799 3.787879 5.094488
 0.000496 1.981656 1.802077 3.783734 4.980541
 0.000497 1.974732 1.804683 3.779415 4.863194
 0.000497 1.967462 1.807729 3.775191 4.749777
 0.000498 1.959831 1.811230 3.771061 4.640188
 0.000498 1.952243 1.815060 3.767303 4.541556
 0.000499 1.944690 1.819178 3.763868 4.452353
 0.000499 1.937356 1.823556 3.760912 4.376287
 0.000500 1.930682 1.828180 3.758862 4.323938
