#! FIELDS time dAB dAC rc bias
 0.000000 2.801321 3.215183 6.016504 0.716084
 0.000000 2.798362 3.212843 6.011206 0.662227
 0.000001 2.795320 3.210526 6.005845 0.609879
 0.000001 2.792273 3.208127 6.000400 0.558908
 0.000002 2.788778 3.205751 5.994529 0.506444
 0.000002 2.784591 3.203447 5.988038 0.451450
 0.000003 2.779866 3.201260 5.981126 0.396365
 0.000003 2.774350 3.199154 5.973504 0.339768
 0.000004 2.768259 3.197192 5.965451 0.284709
 0.000004 2.761560 3.195272 5.956832 0.231169
 0.000005 2.753826 3.193370 5.947196 0.177913
 0.000005 2.745434 3.191544 5.936978 0.129041
 0.000006 2.736645 3.189802 5.926447 0.086868
 0.000006 2.727399 3.188121 5.915520 0.051903
 0.000007 2.718066 3.186584 5.904650 0.026004
 0.000007 2.708987 3.185096 5.894082 0.009320
 0.000008 2.700425 3.183714 5.884139 0.001271
 0.000008 2.692455 3.182462 5.874917 0.000434
 0.000009 2.685396 3.181206 5.866602 0.005146
 0.000009 2.679186 3.180005 5.859191 0.013718
 0.000010 2.674530 3.178846 5.853376 0.023327
 0.000010 2.671339 3.177814 5.849153 0.031896
 0.000011 2.669234 3.176884 5.846119 0.038878
 0.000011 2.668125 3.176006 5.844132 0.043825
 0.000012 2.667650 3.175344 5.842994 0.046790
 0.000012 2.667999 3.174905 5.842904 0.047029
 0.000013 2.669021 3.174663 5.843684 0.044979
 0.000013 2.670747 3.174604 5.845351 0.040753
 0.000014 2.672678 3.174721 5.847400 0.035846
 0.000014 2.674372 3.174964 5.849336 0.031496
 0.000015 2.675505 3.175470 5.850975 0.028034
 0.000015 2.676297 3.176330 5.852627 0.024749
 0.000016 2.676591 3.177423 5.854014 0.022150
 0.000016 2.676267 3.178763 5.855030 0.020336
 0.000017 2.675873 3.180397 5.856270 0.018229
 0.000017 2.675498 3.182381 5.857879 0.015665
 0.000018 2.674859 3.184697 5.859556 0.013200
 0.000018 2.673831 3.187421 5.861252 0.010921
 0.000019 2.672953 3.190476 5.863429 0.008313
 0.000019 2.672537 3.193818 5.866355 0.005366
 0.000020 2.672510 3.197439 5.869950 0.002626
 0.000020 2.672982 3.201493 5.874475 0.000553
 0.000021 2.674104 3.205789 5.879894 0.000093
 0.000021 2.675702 3.210281 5.885983 0.002204
 0.000022 2.677906 3.215049 5.892955 0.008034
 0.000022 2.680923 3.219958 5.900881 0.019092
 0.000023 2.684796 3.225012 5.909808 0.037187
 0.000023 2.688920 3.230242 5.919162 0.062562
 0.000024 2.692941 3.235590 5.928531 0.094554
 0.000024 2.696730 3.241029 5.937759 0.132501
 0.000025 2.700181 3.246644 5.946826 0.176003
 0.000025 2.703076 3.252369 5.955445 0.223076
 0.000026 2.705201 3.258143 5.963344 0.271111
 0.000026 2.706422 3.263774 5.970197 0.316568
 0.000027 2.706543 3.269299 5.975843 0.356672
 0.000027 2.705234 3.274768 5.980002 0.387742
 0.000028 2.702804 3.280138 5.982942 0.410485
 0.000028 2.699187 3.285360 5.984547 0.423176
 0.000029 2.694501 3.290386 5.984887 0.425893
 0.000029 2.688987 3.295247 5.984234 0.420686
 0.000030 2.682680 3.300019 5.982699 0.408581
 0.000030 2.675853 3.304638 5.980491 0.391480
 0.000031 2.669054 3.309049 5.978102 0.373388
 0.000031 2.662739 3.313310 5.976049 0.358181
 0.000032 2.656969 3.317531 5.974501 0.346921
 0.000032 2.651754 3.321583 5.973337 0.338579
 0.000033 2.647198 3.325469 5.972668 0.333825
 0.000033 2.643757 3.329231 5.972988 0.336097
 0.000034 2.641030 3.332967 5.973997 0.343295
 0.000034 2.639678 3.336647 5.976324 0.360201
 0.000035 2.639088 3.340195 5.979282 0.382273
 0.000035 2.639301 3.343713 5.983014 0.411051
 0.000036 2.640403 3.347081 5.987484 0.446904
 0.000036 2.641553 3.350429 5.991982 0.484486
 0.000037 2.642574 3.353569 5.996143 0.520609
 0.000037 2.643176 3.356618 5.999794 0.553369
 0.000038 2.643220 3.359652 6.002872 0.581769
 0.000038 2.642731 3.362542 6.005273 0.604420
 0.000039 2.641241 3.365311 6.006553 0.616662
 0.000039 2.638715 3.367879 6.006595 0.617065
 0.000040 2.635177 3.370480 6.005657 0.608080
 0.000040 2.630476 3.373062 6.003538 0.588009
 0.000041 2.624541 3.375663 6.000204 0.557113
 0.000041 2.617871 3.378141 5.996011 0.519446
 0.000042 2.611029 3.380514 5.991542 0.480748
 0.000042 2.604332 3.382776 5.987108 0.443827
 0.000043 2.598117 3.384961 5.983078 0.411558
 0.000043 2.592909 3.387022 5.979931 0.387202
 0.000044 2.589109 3.389032 5.978142 0.373683
 0.000044 2.586683 3.390927 5.977610 0.369718
 0.000045 2.585792 3.392541 5.978333 0.375115
 0.000045 2.586159 3.393939 5.980098 0.388477
 0.000046 2.588208 3.395131 5.983339 0.413606
 0.000046 2.591366 3.396253 5.987619 0.448009
 0.000047 2.595542 3.397179 5.992721 0.490807
 0.000047 2.600649 3.397778 5.998427 0.540989
 0.000048 2.606153 3.398170 6.004323 0.595409
 0.000048 2.611495 3.398315 6.009810 0.648386
 0.000049 2.616407 3.398064 6.014471 0.695166
 0.000049 2.620523 3.397539 6.018063 0.732328
 0.000050 2.623872 3.396815 6.020687 0.760094
 0.000050 2.625917 3.395785 6.021702 0.770971
 0.000051 2.625926 3.394414 6.020341 0.756402
 0.000051 2.623961 3.392742 6.016702 0.718140
 0.000052 2.619748 3.390734 6.010482 0.655034
 0.000052 2.613709 3.388509 6.002218 0.575679
 0.000053 2.605808 3.385953 5.991761 0.482603
 0.000053 2.595880 3.383126 5.979006 0.380185
 0.000054 2.584435 3.380025 5.964460 0.278273
 0.000054 2.572466 3.376740 5.949206 0.188444
 0.000055 2.560101 3.373445 5.933545 0.114381
 0.000055 2.547575 3.370036 5.917612 0.057902
 0.000056 2.535703 3.366483 5.902185 0.021363
 0.000056 2.524545 3.362765 5.887309 0.003032
 0.000057 2.514723 3.358947 5.873669 0.000810
 0.000057 2.506049 3.355067 5.861116 0.011096
 0.000058 2.498705 3.351162 5.849867 0.030353
 0.000058 2.493083 3.347211 5.840295 0.054215
 0.000059 2.489023 3.343335 5.832358 0.079210
 0.000059 2.486137 3.339521 5.825659 0.103984
 0.000060 2.484069 3.335685 5.819754 0.128612
 0.000060 2.482473 3.332008 5.814481 0.152815
 0.000061 2.481240 3.328423 5.809663 0.176753
 0.000061 2.479741 3.324846 5.804587 0.203855
 0.000062 2.477612 3.321364 5.798976 0.236065
 0.000062 2.474815 3.317971 5.792785 0.274340
 0.000063 2.470563 3.314914 5.785477 0.323222
 0.000063 2.465300 3.312211 5.777510 0.381075
 0.000064 2.459378 3.309700 5.769078 0.447496
 0.000064 2.452842 3.307459 5.760301 0.522289
 0.000065 2.446300 3.305326 5.751626 0.601902
 0.000065 2.440236 3.303325 5.743561 0.680973
 0.000066 2.435028 3.301561 5.736589 0.753260
 0.000066 2.431370 3.300073 5.731443 0.808951
 0.000067 2.429906 3.298663 5.728569 0.840917
 0.000067 2.430817 3.297449 5.728266 0.844321
 0.000068 2.434319 3.296441 5.730760 0.816491
 0.000068 2.440129 3.295677 5.735806 0.761609
 0.000069 2.448186 3.295264 5.743450 0.682097
 0.000069 2.458589 3.295172 5.753762 0.581776
 0.000070 2.470589 3.295288 5.765877 0.474103
 0.000070 2.483679 3.295663 5.779342 0.367354
 0.000071 2.497306 3.296333 5.793639 0.268887
 0.000071 2.511391 3.297435 5.808826 0.181089
 0.000072 2.525310 3.298765 5.824075 0.110334
 0.000072 2.538509 3.300301 5.838810 0.058531
 0.000073 2.550424 3.302008 5.852432 0.025127
 0.000073 2.561099 3.303888 5.864987 0.006663
 0.000074 2.570261 3.305877 5.876138 0.000178
 0.000074 2.578282 3.307988 5.886271 0.002372
 0.000075 2.585467 3.310300 5.895768 0.011419
 0.000075 2.591491 3.312675 5.904166 0.025057
 0.000076 2.596068 3.315225 5.911293 0.040777
 0.000076 2.600269 3.317940 5.918209 0.059676
 0.000077 2.603725 3.320749 5.924474 0.079893
 0.000077 2.606045 3.323562 5.929607 0.098648
 0.000078 2.607612 3.326531 5.934143 0.116870
 0.000078 2.608331 3.329612 5.937943 0.133320
 0.000079 2.608412 3.332693 5.941105 0.147837
 0.000079 2.607794 3.335859 5.943653 0.160077
 0.000080 2.606372 3.339140 5.945512 0.169317
 0.000080 2.604296 3.342571 5.946866 0.176212
 0.000081 2.601597 3.346200 5.947797 0.181028
 0.000081 2.597909 3.349944 5.947853 0.181321
 0.000082 2.593137 3.353773 5.946911 0.176440
 0.000082 2.587180 3.357675 5.944855 0.166024
 0.000083 2.579681 3.361666 5.941347 0.148979
 0.000083 2.570916 3.365823 5.936739 0.127989
 0.000084 2.561127 3.370101 5.931228 0.104982
 0.000084 2.550008 3.374351 5.924359 0.079495
 0.000085 2.537757 3.378678 5.916435 0.054487
 0.000085 2.524540 3.383194 5.907734 0.032450
 0.000086 2.510145 3.387919 5.898064 0.014622
 0.000086 2.494583 3.392709 5.887292 0.003021
 0.000087 2.478517 3.397630 5.876147 0.000177
 0.000087 2.462379 3.402698 5.865078 0.006573
 0.000088 2.446647 3.407953 5.854599 0.021096
 0.000088 2.432391 3.413523 5.845913 0.039375
 0.000089 2.419832 3.419273 5.839105 0.057660
 0.000089 2.409783 3.425156 5.834939 0.070562
 0.000090 2.402328 3.431258 5.833586 0.075033
 0.000090 2.397165 3.437515 5.834680 0.071407
 0.000091 2.394163 3.443846 5.838009 0.060930
 0.000091 2.393440 3.450336 5.843776 0.044741
 0.000092 2.395045 3.456895 5.851940 0.026091
 0.000092 2.398613 3.463533 5.862147 0.009806
 0.000093 2.403748 3.470229 5.873978 0.000706
 0.000093 2.409921 3.476893 5.886814 0.002707
 0.000094 2.416868 3.483474 5.900342 0.018190
 0.000094 2.424017 3.489986 5.914003 0.047755
 0.000095 2.430882 3.496470 5.927351 0.090163
 0.000095 2.437275 3.502808 5.940083 0.143063
 0.000096 2.442984 3.509047 5.952031 0.203765
 0.000096 2.447771 3.515029 5.962800 0.267649
 0.000097 2.451754 3.520633 5.972387 0.331843
 0.000097 2.455095 3.525860 5.980955 0.395046
 0.000098 2.457702 3.530740 5.988442 0.454778
 0.000098 2.459540 3.535280 5.994820 0.508986
 0.000099 2.461246 3.539590 6.000836 0.562907
 0.000099 2.464026 3.543710 6.007735 0.628089
 0.000100 2.468041 3.547689 6.015731 0.708092
 0.000100 2.473765 3.551365 6.025130 0.808276
 0.000101 2.481311 3.554706 6.036017 0.932595
 0.000101 2.490551 3.557622 6.048173 1.081913
 0.000102 2.501699 3.560241 6.061940 1.264400
 0.000102 2.514643 3.562523 6.077166 1.482783
 0.000103 2.528767 3.564637 6.093404 1.734838
 0.000103 2.543884 3.566370 6.110254 2.017297
 0.000104 2.560094 3.567847 6.127941 2.336708
 0.000104 2.576542 3.568914 6.145456 2.676121
 0.000105 2.593320 3.569617 6.162938 3.037830
 0.000105 2.609785 3.569974 6.179759 3.407522
 0.000106 2.624861 3.569856 6.194717 3.754077
 0.000106 2.638090 3.569457 6.207547 4.064703
 0.000107 2.649410 3.568641 6.218051 4.328210
 0.000107 2.658623 3.567512 6.226135 4.536641
 0.000108 2.665684 3.566070 6.231754 4.684407
 0.000108 2.670456 3.564248 6.234704 4.762945
 0.000109 2.672680 3.562179 6.234859 4.767071
 0.000109 2.672031 3.559927 6.231958 4.689814
 0.000110 2.668718 3.557449 6.226167 4.537476
 0.000110 2.663257 3.554805 6.218062 4.328503
 0.000111 2.655735 3.551931 6.207667 4.067664
 0.000111 2.646761 3.548873 6.195634 3.775883
 0.000112 2.636671 3.545541 6.182212 3.463203
 0.000112 2.626478 3.541972 6.168450 3.156634
 0.000113 2.616778 3.538119 6.154896 2.868600
 0.000113 2.608010 3.533940 6.141950 2.606341
 0.000114 2.600773 3.529506 6.130279 2.380678
 0.000114 2.595131 3.524954 6.120085 2.191942
 0.000115 2.591166 3.520361 6.111527 2.039506
 0.000115 2.588517 3.515645 6.104162 1.912721
 0.000116 2.586754 3.510868 6.097622 1.803546
 0.000116 2.586005 3.506101 6.092107 1.713972
 0.000117 2.586208 3.501171 6.087379 1.639008
 0.000117 2.587131 3.496213 6.083344 1.576352
 0.000118 2.588529 3.491276 6.079804 1.522391
 0.000118 2.589803 3.486432 6.076235 1.468927
 0.000119 2.589826 3.481623 6.071448 1.398737
 0.000119 2.588437 3.476846 6.065283 1.310859
 0.000120 2.585300 3.472198 6.057499 1.203973
 0.000120 2.580336 3.467696 6.048032 1.080111
 0.000121 2.573548 3.463333 6.036880 0.942836
 0.000121 2.564910 3.459122 6.024032 0.796230
 0.000122 2.555097 3.454983 6.010080 0.651050
 0.000122 2.544177 3.450992 5.995169 0.512037
 0.000123 2.533061 3.447157 5.980219 0.389396
 0.000123 2.522191 3.443512 5.965703 0.286360
 0.000124 2.512055 3.439970 5.952025 0.203730
 0.000124 2.503357 3.436457 5.939814 0.141817
 0.000125 2.496663 3.432838 5.929500 0.098240
 0.000125 2.492394 3.429238 5.921632 0.070358
 0.000126 2.491062 3.425512 5.916574 0.054884
 0.000126 2.492466 3.421760 5.914226 0.048355
 0.000127 2.496900 3.418055 5.914955 0.050338
 0.000127 2.504208 3.414256 5.918465 0.060443
 0.000128 2.514276 3.410374 5.924651 0.080504
 0.000128 2.526492 3.406220 5.932712 0.110953
 0.000129 2.540031 3.401814 5.941845 0.151341
 0.000129 2.554550 3.397232 5.951782 0.202392
 0.000130 2.568877 3.392461 5.961338 0.258468
 0.000130 2.582143 3.387643 5.969786 0.313745
 0.000131 2.594392 3.382738 5.977130 0.366151
 0.000131 2.605000 3.377724 5.982724 0.408780
 0.000132 2.613736 3.372693 5.986429 0.438307
 0.000132 2.620068 3.367594 5.987663 0.448365
 0.000133 2.623765 3.362518 5.986283 0.437119
 0.000133 2.624465 3.357591 5.982056 0.403563
 0.000134 2.622738 3.352759 5.975497 0.354149
 0.000134 2.618959 3.347967 5.966926 0.294433
 0.000135 2.613000 3.343157 5.956157 0.227213
 0.000135 2.605372 3.338501 5.943874 0.161162
 0.000136 2.596528 3.334082 5.930611 0.102548
 0.000136 2.586576 3.329794 5.916370 0.054301
 0.000137 2.576469 3.325699 5.902168 0.021332
 0.000137 2.566230 3.322011 5.888241 0.003693
 0.000138 2.556036 3.318684 5.874720 0.000485
 0.000138 2.546774 3.315749 5.862523 0.009354
 0.000139 2.538601 3.313257 5.851858 0.026253
 0.000139 2.531192 3.311247 5.842439 0.048272
 0.000140 2.524280 3.309765 5.834046 0.073499
 0.000140 2.517626 3.308807 5.826433 0.100951
 0.000141 2.511233 3.308312 5.819545 0.129533
 0.000141 2.505324 3.308272 5.813596 0.157082
 0.000142 2.499704 3.308804 5.808509 0.182746
 0.000142 2.494006 3.309817 5.803823 0.208104
 0.000143 2.487845 3.311350 5.799195 0.234763
 0.000143 2.480907 3.313377 5.794285 0.264805
 0.000144 2.472930 3.315954 5.788885 0.299931
 0.000144 2.463657 3.319036 5.782694 0.342895
 0.000145 2.453631 3.322552 5.776183 0.391176
 0.000145 2.443105 3.326543 5.769648 0.442837
 0.000146 2.432034 3.331050 5.763084 0.497950
 0.000146 2.421314 3.336109 5.757423 0.548075
 0.000147 2.411330 3.341696 5.753026 0.588672
 0.000147 2.402557 3.347619 5.750176 0.615757
 0.000148 2.395322 3.353852 5.749174 0.625422
 0.000148 2.390190 3.360342 5.750533 0.612335
 0.000149 2.387450 3.367017 5.754467 0.575209
 0.000149 2.386900 3.373866 5.760767 0.518179
 0.000150 2.388814 3.380826 5.769640 0.442906
 0.000150 2.393560 3.387919 5.781479 0.351659
 0.000151 2.400734 3.395048 5.795781 0.255456
 0.000151 2.409668 3.402154 5.811821 0.165814
 0.000152 2.420054 3.409041 5.829095 0.090856
 0.000152 2.431463 3.415926 5.847388 0.035872
 0.000153 2.443426 3.422769 5.866195 0.005511
 0.000153 2.455477 3.429495 5.884972 0.001661
 0.000154 2.467190 3.436060 5.903250 0.023312
 0.000154 2.477850 3.442495 5.920346 0.066239
 0.000155 2.487527 3.448690 5.936217 0.125713
 0.000155 2.496610 3.454482 5.951092 0.198604
 0.000156 2.504664 3.459893 5.964557 0.278896
 0.000156 2.511550 3.464902 5.976452 0.361144
 0.000157 2.517488 3.469678 5.987166 0.444302
 0.000157 2.522357 3.474119 5.996476 0.523559
 0.000158 2.526729 3.478154 6.004884 0.600714
 0.000158 2.530720 3.481795 6.012515 0.675336
 0.000159 2.534567 3.484998 6.019565 0.748158
 0.000159 2.538361 3.487820 6.026181 0.819890
 0.000160 2.542417 3.490232 6.032649 0.893187
 0.000160 2.546423 3.492165 6.038587 0.963246
 0.000161 2.550520 3.493624 6.044144 1.031193
 0.000161 2.555080 3.494503 6.049584 1.099957
 0.000162 2.559724 3.494942 6.054667 1.166215
 0.000162 2.564379 3.494854 6.059233 1.227399
 0.000163 2.569564 3.494231 6.063796 1.290082
 0.000163 2.575052 3.493130 6.068182 1.351819
 0.000164 2.580330 3.491539 6.071869 1.404833
 0.000164 2.584628 3.489395 6.074022 1.436265
 0.000165 2.587869 3.486834 6.074703 1.446278
 0.000165 2.589536 3.483911 6.073447 1.427841
 0.000166 2.588827 3.480627 6.069454 1.370003
 0.000166 2.585298 3.476871 6.062169 1.267549
 0.000167 2.579113 3.472732 6.051845 1.129190
 0.000167 2.570782 3.468325 6.039108 0.969508
 0.000168 2.560350 3.463688 6.024038 0.796300
 0.000168 2.547850 3.458768 6.006618 0.617290
 0.000169 2.534310 3.453668 5.987978 0.450956
 0.000169 2.520393 3.448401 5.968793 0.306973
 0.000170 2.506751 3.442980 5.949732 0.191250
 0.000170 2.493980 3.437525 5.931505 0.106085
 0.000171 2.482646 3.432047 5.914693 0.049620
 0.000171 2.473644 3.426542 5.900186 0.017934
 0.000172 2.467338 3.420981 5.888319 0.003752
 0.000172 2.464183 3.415510 5.879694 0.000071
 0.000173 2.464241 3.410137 5.874377 0.000582
 0.000173 2.467180 3.404924 5.872105 0.001447
 0.000174 2.472988 3.399863 5.872851 0.001120
 0.000174 2.481524 3.394897 5.876421 0.000135
 0.000175 2.492305 3.390153 5.882458 0.000643
 0.000175 2.504153 3.385742 5.889895 0.005027
 0.000176 2.516852 3.381641 5.898493 0.015265
 0.000176 2.529951 3.377690 5.907641 0.032245
 0.000177 2.542791 3.374077 5.916867 0.055730
 0.000177 2.554174 3.370826 5.925000 0.081725
 0.000178 2.564061 3.367920 5.931981 0.107992
 0.000178 2.572480 3.365328 5.937808 0.132718
 0.000179 2.579405 3.363022 5.942427 0.154130
 0.000179 2.585366 3.360990 5.946356 0.173597
 0.000180 2.590214 3.359201 5.949415 0.189558
 0.000180 2.593983 3.357564 5.951547 0.201096
 0.000181 2.597157 3.355971 5.953128 0.209875
 0.000181 2.601210 3.354508 5.955718 0.224658
 0.000182 2.606882 3.353089 5.959972 0.250028
 0.000182 2.614444 3.351647 5.966091 0.288909
 0.000183 2.623806 3.350131 5.973936 0.342864
 0.000183 2.635292 3.348376 5.983668 0.416206
 0.000184 2.648620 3.346460 5.995080 0.511257
 0.000184 2.664310 3.344381 6.008691 0.637404
 0.000185 2.681913 3.342121 6.024034 0.796249
 0.000185 2.700995 3.339530 6.040525 0.986673
 0.000186 2.720957 3.336561 6.057518 1.204241
 0.000186 2.741422 3.333350 6.074772 1.447294
 0.000187 2.762108 3.329929 6.092036 1.712842
 0.000187 2.782366 3.326240 6.108607 1.988746
 0.000188 2.801602 3.322232 6.123834 2.260441
 0.000188 2.818914 3.317974 6.136889 2.507220
 0.000189 2.834249 3.313434 6.147683 2.720928
 0.000189 2.847282 3.308654 6.155936 2.890196
 0.000190 2.857804 3.303546 6.161350 3.004028
 0.000190 2.865110 3.298235 6.163345 3.046540
 0.000191 2.869544 3.292775 6.162319 3.024636
 0.000191 2.871681 3.287193 6.158873 2.951691
 0.000192 2.871320 3.281486 6.152806 2.825405
 0.000192 2.868645 3.275703 6.144348 2.653964
 0.000193 2.864174 3.269752 6.133926 2.450103
 0.000193 2.858039 3.263850 6.121889 2.224762
 0.000194 2.850738 3.257857 6.108595 1.988543
 0.000194 2.842935 3.251919 6.094854 1.758302
 0.000195 2.834673 3.246122 6.080795 1.537399
 0.000195 2.826183 3.240576 6.066759 1.331634
 0.000196 2.818071 3.235299 6.053370 1.149128
 0.000196 2.810871 3.230344 6.041214 0.995081
 0.000197 2.804750 3.225680 6.030430 0.867690
 0.000197 2.799307 3.221318 6.020625 0.759436
 0.000198 2.795081 3.217231 6.012312 0.673298
 0.000198 2.791914 3.213484 6.005398 0.605609
 0.000199 2.789466 3.210157 5.999623 0.551815
 0.000199 2.787196 3.207351 5.994547 0.506597
 0.000200 2.785136 3.205023 5.990159 0.469071
 0.000200 2.783107 3.203127 5.986234 0.436727
 0.000201 2.780941 3.201612 5.982553 0.407439
 0.000201 2.778297 3.200650 5.978948 0.379743
 0.000202 2.775176 3.200183 5.975358 0.353138
 0.000202 2.771671 3.200056 5.971727 0.327202
 0.000203 2.767703 3.200262 5.967964 0.301372
 0.000203 2.763144 3.200910 5.964054 0.275657
 0.000204 2.757576 3.202070 5.959645 0.248034
 0.000204 2.751662 3.203666 5.955329 0.222403
 0.000205 2.745711 3.205714 5.951425 0.200428
 0.000205 2.740365 3.208236 5.948601 0.185242
 0.000206 2.735944 3.211174 5.947118 0.177510
 0.000206 2.732637 3.214247 5.946884 0.176304
 0.000207 2.730708 3.217452 5.948160 0.182923
 0.000207 2.730207 3.220698 5.950905 0.197587
 0.000208 2.731143 3.224157 5.955300 0.222236
 0.000208 2.733154 3.227866 5.961019 0.256487
 0.000209 2.736490 3.231743 5.968233 0.303181
 0.000209 2.741239 3.235674 5.976913 0.364545
 0.000210 2.747127 3.239619 5.986746 0.440877
 0.000210 2.754204 3.243501 5.997704 0.534499
 0.000211 2.762243 3.247415 6.009658 0.646885
 0.000211 2.770482 3.251272 6.021754 0.771528
 0.000212 2.778621 3.255114 6.033735 0.905802
 0.000212 2.786291 3.258758 6.045049 1.042482
 0.000213 2.792934 3.262259 6.055193 1.173190
 0.000213 2.798002 3.265522 6.063524 1.286309
 0.000214 2.801247 3.268414 6.069661 1.372968
 0.000214 2.802089 3.270996 6.073084 1.422530
 0.000215 2.800559 3.273301 6.073860 1.433881
 0.000215 2.796821 3.275251 6.072072 1.407783
 0.000216 2.790835 3.276829 6.067664 1.344455
 0.000216 2.783225 3.278001 6.061226 1.254583
 0.000217 2.774412 3.278788 6.053200 1.146898
 0.000217 2.764726 3.279305 6.044031 1.029787
 0.000218 2.754563 3.279441 6.034005 0.908946
 0.000218 2.744112 3.279204 6.023316 0.788426
 0.000219 2.733346 3.278376 6.011722 0.667378
 0.000219 2.723025 3.276937 5.999963 0.554909
 0.000220 2.713586 3.275009 5.988595 0.456048
 0.000220 2.704940 3.272541 5.977481 0.368755
 0.000221 2.697088 3.269683 5.966771 0.293400
 0.000221 2.690143 3.266374 5.956517 0.229320
 0.000222 2.684520 3.262742 5.947262 0.178253
 0.000222 2.680383 3.258793 5.939176 0.138894
 0.000223 2.677802 3.254502 5.932305 0.109299
 0.000223 2.676638 3.249881 5.926519 0.087129
 0.000224 2.676185 3.244859 5.921043 0.068457
 0.000224 2.676475 3.239541 5.916016 0.053295
 0.000225 2.677338 3.233972 5.911311 0.040821
 0.000225 2.678296 3.228241 5.906537 0.029864
 0.000226 2.678914 3.222349 5.901262 0.019743
 0.000226 2.679074 3.216459 5.895533 0.011115
 0.000227 2.678888 3.210597 5.889485 0.004677
 0.000227 2.678243 3.204750 5.882993 0.000820
 0.000228 2.677168 3.199004 5.876172 0.000173
 0.000228 2.676366 3.193377 5.869742 0.002757
 0.000229 2.675221 3.187769 5.862990 0.008809
 0.000229 2.674000 3.182297 5.856297 0.018183
 0.000230 2.673163 3.176956 5.850119 0.029818
 0.000230 2.673033 3.171623 5.844657 0.042489
 0.000231 2.674195 3.166480 5.840676 0.053133
 0.000231 2.676828 3.161486 5.838314 0.060010
 0.000232 2.681303 3.156561 5.837863 0.061370
 0.000232 2.687500 3.151644 5.839144 0.057546
 0.000233 2.695542 3.146868 5.842409 0.048352
 0.000233 2.705139 3.142309 5.847448 0.035734
 0.000234 2.716318 3.137861 5.854178 0.021851
 0.000234 2.729150 3.133536 5.862685 0.009163
 0.000235 2.743465 3.129145 5.872609 0.001222
 0.000235 2.758424 3.124880 5.883305 0.000933
 0.000236 2.773872 3.120769 5.894641 0.009992
 0.000236 2.789357 3.116841 5.906199 0.029151
 0.000237 2.804223 3.113024 5.917247 0.056833
 0.000237 2.817740 3.109184 5.926924 0.088600
 0.000238 2.830076 3.105337 5.935413 0.122245
 0.000238 2.841037 3.101487 5.942524 0.154593
 0.000239 2.850521 3.097686 5.948206 0.183169
 0.000239 2.858383 3.093950 5.952334 0.205442
 0.000240 2.865009 3.090225 5.955234 0.221859
 0.000240 2.869933 3.086503 5.956436 0.228847
 0.000241 2.872775 3.082809 5.955584 0.223878
 0.000241 2.873761 3.078994 5.952755 0.207785
 0.000242 2.873050 3.075184 5.948235 0.183316
 0.000242 2.870751 3.071419 5.942170 0.152895
 0.000243 2.867372 3.067595 5.934967 0.120343
 0.000243 2.863060 3.063892 5.926952 0.088702
 0.000244 2.857874 3.060282 5.918156 0.059517
 0.000244 2.851868 3.056821 5.908689 0.034591
 0.000245 2.845403 3.053419 5.898822 0.015767
 0.000245 2.838806 3.050019 5.888825 0.004141
 0.000246 2.831864 3.046718 5.878582 0.000003
 0.000246 2.824919 3.043587 5.868506 0.003610
 0.000247 2.818229 3.040694 5.858923 0.014105
 0.000247 2.811536 3.037997 5.849533 0.031070
 0.000248 2.804881 3.035503 5.840385 0.053957
 0.000248 2.798090 3.033245 5.831336 0.082773
 0.000249 2.791065 3.031116 5.822181 0.118174
 0.000249 2.783485 3.029280 5.812764 0.161144
 0.000250 2.775907 3.027870 5.803777 0.208358
 0.000250 2.767887 3.026825 5.794712 0.262116
 0.000251 2.759255 3.026127 5.785382 0.323885
 0.000251 2.749677 3.025714 5.775391 0.397268
 0.000252 2.739314 3.025675 5.764989 0.481625
 0.000252 2.728618 3.025993 5.754611 0.573869
 0.000253 2.717870 3.026674 5.744545 0.671067
 0.000253 2.707722 3.027719 5.735441 0.765516
 0.000254 2.698187 3.029135 5.727323 0.854976
 0.000254 2.689852 3.030887 5.720740 0.931153
 0.000255 2.683017 3.033012 5.716029 0.987652
 0.000255 2.678052 3.035304 5.713356 1.020459
 0.000256 2.675214 3.037980 5.713194 1.022462
 0.000256 2.674730 3.041093 5.715823 0.990162
 0.000257 2.676639 3.044471 5.721110 0.926781
 0.000257 2.680904 3.048211 5.729115 0.834799
 0.000258 2.687165 3.052171 5.739336 0.724346
 0.000258 2.695372 3.056378 5.751750 0.600725
 0.000259 2.705106 3.060801 5.765907 0.473851
 0.000259 2.715653 3.065527 5.781180 0.353836
 0.000260 2.727094 3.070571 5.797665 0.243926
 0.000260 2.738873 3.076035 5.814908 0.150778
 0.000261 2.750447 3.081690 5.832137 0.079974
 0.000261 2.761549 3.087540 5.849089 0.032035
 0.000262 2.771900 3.093589 5.865489 0.006171
 0.000262 2.781187 3.099813 5.881001 0.000270
 0.000263 2.789175 3.106359 5.895534 0.011115
 0.000263 2.796183 3.113139 5.909322 0.036048
 0.000264 2.802612 3.120120 5.922732 0.073974
 0.000264 2.808764 3.127398 5.936162 0.125474
 0.000265 2.815013 3.134937 5.949949 0.192419
 0.000265 2.821249 3.142757 5.964006 0.275346
 0.000266 2.827572 3.150834 5.978406 0.375668
 0.000266 2.833749 3.159159 5.992908 0.492418
 0.000267 2.840276 3.167643 6.007920 0.629880
 0.000267 2.846978 3.176343 6.023322 0.788484
 0.000268 2.853777 3.185290 6.039066 0.969011
 0.000268 2.860399 3.194437 6.054836 1.168453
 0.000269 2.867571 3.203678 6.071249 1.395847
 0.000269 2.874882 3.212887 6.087769 1.645129
 0.000270 2.881920 3.222128 6.104047 1.910774
 0.000270 2.889056 3.231474 6.120530 2.200006
 0.000271 2.895697 3.240737 6.136435 2.498427
 0.000271 2.901063 3.249816 6.150879 2.785874
 0.000272 2.904857 3.258684 6.163541 3.050724
 0.000272 2.906338 3.267371 6.173709 3.272113
 0.000273 2.905539 3.275903 6.181442 3.445665
 0.000273 2.902985 3.284242 6.187227 3.578451
 0.000274 2.898239 3.292245 6.190484 3.654294
 0.000274 2.890845 3.299804 6.190649 3.658173
 0.000275 2.881188 3.306916 6.188103 3.598778
 0.000275 2.869642 3.313589 6.183231 3.486464
 0.000276 2.856348 3.319878 6.176225 3.328096
 0.000276 2.841766 3.325688 6.167454 3.135009
 0.000277 2.826323 3.331139 6.157462 2.922073
 0.000277 2.810517 3.336098 6.146615 2.699398
 0.000278 2.794431 3.340603 6.135033 2.471371
 0.000278 2.778432 3.344606 6.123038 2.245802
 0.000279 2.762703 3.348167 6.110870 2.028026
 0.000279 2.747485 3.351243 6.098728 1.821787
 0.000280 2.733354 3.353947 6.087302 1.637792
 0.000280 2.720136 3.356235 6.076371 1.470954
 0.000281 2.708373 3.358250 6.066623 1.329712
 0.000281 2.697690 3.359789 6.057480 1.203717
 0.000282 2.688402 3.360913 6.049315 1.096512
 0.000282 2.680719 3.361798 6.042517 1.011055
 0.000283 2.674332 3.362405 6.036738 0.941138
 0.000283 2.668900 3.362795 6.031695 0.882174
 0.000284 2.663827 3.363015 6.026843 0.827241
 0.000284 2.658624 3.363148 6.021772 0.771724
 0.000285 2.652808 3.363069 6.015877 0.709599
 0.000285 2.645758 3.362773 6.008531 0.635838
 0.000286 2.637230 3.362256 5.999486 0.550569
 0.000286 2.627638 3.361678 5.989315 0.462022
 0.000287 2.616695 3.360923 5.977617 0.369768
 0.000287 2.604255 3.360127 5.964382 0.277769
 0.000288 2.590872 3.359083 5.949956 0.192452
 0.000288 2.577052 3.357878 5.934930 0.120190
 0.000289 2.563440 3.356535 5.919975 0.065076
 0.000289 2.550629 3.354963 5.905592 0.027896
 0.000290 2.539206 3.353091 5.892297 0.007329
 0.000290 2.529867 3.350828 5.880695 0.000212
 0.000291 2.522740 3.348177 5.870916 0.002054
 0.000291 2.517890 3.345184 5.863074 0.008713
 0.000292 2.515766 3.341867 5.857633 0.016044
 0.000292 2.516656 3.338276 5.854931 0.020509
 0.000293 2.520545 3.334464 5.855009 0.020373
 0.000293 2.526944 3.330335 5.857279 0.016598
 0.000294 2.535681 3.326072 5.861753 0.010289
 0.000294 2.546236 3.321715 5.867951 0.004030
 0.000295 2.558015 3.317290 5.875305 0.000340
 0.000295 2.570415 3.312824 5.883239 0.000908
 0.000296 2.582800 3.308494 5.891295 0.006315
 0.000296 2.594330 3.304215 5.898545 0.015344
 0.000297 2.604309 3.299904 5.904213 0.025147
 0.000297 2.612261 3.295639 5.907900 0.032818
 0.000298 2.617947 3.291547 5.909495 0.036451
 0.000298 2.621389 3.287696 5.909085 0.035499
 0.000299 2.622749 3.284118 5.906867 0.030566
 0.000299 2.622456 3.280827 5.903283 0.023373
 0.000300 2.620868 3.277906 5.898774 0.015693
 0.000300 2.618460 3.275429 5.893889 0.009093
 0.000301 2.615611 3.273239 5.888850 0.004160
 0.000301 2.612853 3.271296 5.884150 0.001276
 0.000302 2.610312 3.269660 5.879971 0.000103
 0.000302 2.608323 3.268238 5.876561 0.000116
 0.000303 2.607300 3.267082 5.874382 0.000581
 0.000303 2.607307 3.266197 5.873504 0.000869
 0.000304 2.608206 3.265574 5.873780 0.000772
 0.000304 2.609975 3.265300 5.875275 0.000347
 0.000305 2.612711 3.265281 5.877992 0.000004
 0.000305 2.616251 3.265461 5.881712 0.000432
 0.000306 2.620224 3.265916 5.886140 0.002295
 0.000306 2.624160 3.266617 5.890776 0.005821
 0.000307 2.627830 3.267407 5.895237 0.010736
 0.000307 2.630600 3.268264 5.898864 0.015831
 0.000308 2.632123 3.269216 5.901339 0.019875
 0.000308 2.632234 3.270272 5.902506 0.021942
 0.000309 2.630291 3.271417 5.901708 0.020518
 0.000309 2.626037 3.272632 5.898669 0.015532
 0.000310 2.619404 3.273807 5.893211 0.008319
 0.000310 2.610627 3.274955 5.885582 0.001979
 0.000311 2.600135 3.276133 5.876267 0.000158
 0.000311 2.588253 3.277359 5.865612 0.006054
 0.000312 2.575681 3.278553 5.854234 0.021751
 0.000312 2.563017 3.279802 5.842820 0.047253
 0.000313 2.550592 3.281244 5.831836 0.081019
 0.000313 2.539392 3.282802 5.822194 0.118119
 0.000314 2.529991 3.284463 5.814454 0.152943
 0.000314 2.523199 3.286327 5.809526 0.177459
 0.000315 2.519069 3.288246 5.807316 0.189046
 0.000315 2.517931 3.290280 5.808210 0.184312
 0.000316 2.519540 3.292412 5.811952 0.165162
 0.000316 2.524187 3.294608 5.818796 0.132856
 0.000317 2.531260 3.296962 5.828222 0.094108
 0.000317 2.539869 3.299525 5.839394 0.056814
 0.000318 2.549178 3.302173 5.851350 0.027271
 0.000318 2.558315 3.305042 5.863356 0.008394
 0.000319 2.567113 3.308191 5.875303 0.000341
 0.000319 2.574799 3.311543 5.886343 0.002415
 0.000320 2.580554 3.315023 5.895577 0.011171
 0.000320 2.584270 3.318568 5.902838 0.022548
 0.000321 2.585386 3.322273 5.907659 0.032284
 0.000321 2.583854 3.326170 5.910024 0.037700
 0.000322 2.579712 3.330298 5.910010 0.037666
 0.000322 2.573394 3.334517 5.907910 0.032841
 0.000323 2.565652 3.338846 5.904499 0.025705
 0.000323 2.556866 3.343145 5.900010 0.017647
 0.000324 2.548192 3.347452 5.895643 0.011257
 0.000324 2.540470 3.351817 5.892286 0.007318
 0.000325 2.534092 3.356136 5.890228 0.005320
 0.000325 2.529342 3.360331 5.889672 0.004835
 0.000326 2.526372 3.364559 5.890932 0.005967
 0.000326 2.525449 3.368858 5.894307 0.009588
 0.000327 2.527413 3.373188 5.900601 0.018622
 0.000327 2.532230 3.377386 5.909617 0.036737
 0.000328 2.539503 3.381552 5.921055 0.068495
 0.000328 2.548380 3.385745 5.934125 0.116795
 0.000329 2.558394 3.389956 5.948351 0.183925
 0.000329 2.569192 3.394201 5.963393 0.271421
 0.000330 2.580549 3.398442 5.978991 0.380069
 0.000330 2.591999 3.402666 5.994665 0.507632
 0.000331 2.603038 3.406824 6.009862 0.648902
 0.000331 2.612797 3.410926 6.023723 0.792852
 0.000332 2.620166 3.415086 6.035253 0.923581
 0.000332 2.625216 3.419205 6.044421 1.034637
 0.000333 2.628345 3.423341 6.051686 1.127132
 0.000333 2.629668 3.427509 6.057177 1.199649
 0.000334 2.629143 3.431743 6.060886 1.249927
 0.000334 2.627155 3.436041 6.063197 1.281764
 0.000335 2.623948 3.440335 6.064283 1.296869
 0.000335 2.620048 3.444619 6.064667 1.302240
 0.000336 2.616207 3.448955 6.065162 1.309163
 0.000336 2.613396 3.453133 6.066528 1.328380
 0.000337 2.611784 3.457083 6.068867 1.361596
 0.000337 2.611667 3.460924 6.072590 1.415323
 0.000338 2.612964 3.464634 6.077597 1.489222
 0.000338 2.616214 3.468179 6.084393 1.592528
 0.000339 2.621505 3.471461 6.092966 1.727776
 0.000339 2.628574 3.474617 6.103191 1.896308
 0.000340 2.637426 3.477607 6.115033 2.101295
 0.000340 2.647735 3.480318 6.128054 2.338812
 0.000341 2.659098 3.482653 6.141751 2.602401
 0.000341 2.671181 3.484550 6.155732 2.885952
 0.000342 2.683067 3.485991 6.169058 3.169876
 0.000342 2.694484 3.486954 6.181438 3.445581
 0.000343 2.704729 3.487465 6.192194 3.694443
 0.000343 2.713196 3.487546 6.200741 3.898396
 0.000344 2.719508 3.487163 6.206671 4.043111
 0.000344 2.723540 3.486332 6.209873 4.122340
 0.000345 2.724744 3.485165 6.209909 4.123232
 0.000345 2.723531 3.483605 6.207136 4.054566
 0.000346 2.719646 3.481613 6.201258 3.910913
 0.000346 2.713194 3.479124 6.192318 3.697364
 0.000347 2.705132 3.476145 6.181277 3.441919
 0.000347 2.695457 3.472621 6.168078 3.148546
 0.000348 2.684486 3.468600 6.153086 2.831175
 0.000348 2.673347 3.464001 6.137348 2.516134
 0.000349 2.662177 3.458891 6.121068 2.209793
 0.000349 2.651839 3.453469 6.105308 1.932188
 0.000350 2.642864 3.447794 6.090658 1.690819
 0.000350 2.635163 3.441895 6.077058 1.481173
 0.000351 2.628881 3.435689 6.064570 1.300876
 0.000351 2.624195 3.429309 6.053504 1.150884
 0.000352 2.621477 3.422752 6.044229 1.032253
 0.000352 2.620671 3.416106 6.036777 0.941611
 0.000353 2.621387 3.409521 6.030908 0.873149
 0.000353 2.623272 3.402936 6.026207 0.820182
 0.000354 2.626283 3.396434 6.022717 0.781920
 0.000354 2.629947 3.390014 6.019961 0.752360
 0.000355 2.633570 3.383715 6.017285 0.724203
 0.000355 2.636733 3.377592 6.014324 0.693674
 0.000356 2.638589 3.371755 6.010345 0.653672
 0.000356 2.638525 3.366119 6.004643 0.598434
 0.000357 2.636141 3.360719 5.996860 0.526968
 0.000357 2.631326 3.355697 5.987023 0.443134
 0.000358 2.624686 3.350932 5.975617 0.355024
 0.000358 2.616576 3.346557 5.963132 0.269761
 0.000359 2.607339 3.342547 5.949886 0.192077
 0.000359 2.597418 3.338968 5.936386 0.126448
 0.000360 2.587231 3.335865 5.923096 0.075193
 0.000360 2.577242 3.333239 5.910482 0.038795
 0.000361 2.568378 3.331026 5.899404 0.016674
 0.000361 2.561063 3.329286 5.890349 0.005429
 0.000362 2.555615 3.328005 5.883620 0.001055
 0.000362 2.552018 3.327207 5.879225 0.000031
 0.000363 2.550479 3.326884 5.877362 0.000034
 0.000363 2.550954 3.327030 5.877985 0.000004
 0.000364 2.553306 3.327670 5.880975 0.000265
 0.000364 2.557695 3.328720 5.886415 0.002459
 0.000365 2.563246 3.330303 5.893549 0.008700
 0.000365 2.569349 3.332421 5.901770 0.020626
 0.000366 2.575204 3.335055 5.910260 0.038262
 0.000366 2.580318 3.338129 5.918447 0.060389
 0.000367 2.583666 3.341562 5.925228 0.082523
 0.000367 2.584263 3.345370 5.929633 0.098750
 0.000368 2.582477 3.349532 5.932009 0.108104
 0.000368 2.578169 3.354041 5.932210 0.108918
 0.000369 2.571379 3.358924 5.930303 0.101345
 0.000369 2.562445 3.364231 5.926676 0.087696
 0.000370 2.551244 3.370002 5.921246 0.069109
 0.000370 2.538221 3.376056 5.914277 0.048491
 0.000371 2.524872 3.382366 5.907238 0.031365
 0.000371 2.511695 3.388912 5.900607 0.018631
 0.000372 2.498937 3.395607 5.894544 0.009875
 0.000372 2.487407 3.402467 5.889874 0.005008
 0.000373 2.477147 3.409507 5.886655 0.002607
 0.000373 2.468450 3.416746 5.885196 0.001774
 0.000374 2.461742 3.423980 5.885722 0.002056
 0.000374 2.457230 3.431098 5.888328 0.003758
 0.000375 2.454816 3.438160 5.892976 0.008058
 0.000375 2.454251 3.445194 5.899445 0.016740
 0.000376 2.455706 3.452192 5.907898 0.032813
 0.000376 2.458607 3.459103 5.917711 0.058194
 0.000377 2.462715 3.465897 5.928612 0.094858
 0.000377 2.466909 3.472584 5.939493 0.140343
 0.000378 2.470946 3.479171 5.950117 0.193319
 0.000378 2.474124 3.485636 5.959760 0.248737
 0.000379 2.475743 3.491897 5.967640 0.299193
 0.000379 2.475538 3.497861 5.973399 0.339022
 0.000380 2.473246 3.503494 5.976741 0.363268
 0.000380 2.468780 3.508892 5.977672 0.370177
 0.000381 2.462140 3.514122 5.976262 0.359741
 0.000381 2.453532 3.518984 5.972515 0.332748
 0.000382 2.443351 3.523571 5.966922 0.294403
 0.000382 2.432434 3.527879 5.960313 0.252127
 0.000383 2.421404 3.531912 5.953316 0.210928
 0.000383 2.410647 3.535647 5.946294 0.173280
 0.000384 2.401032 3.539169 5.940202 0.143614
 0.000384 2.392941 3.542439 5.935380 0.122104
 0.000385 2.386654 3.545394 5.932048 0.108260
 0.000385 2.382253 3.548039 5.930293 0.101304
 0.000386 2.379818 3.550411 5.930228 0.101053
 0.000386 2.379833 3.552431 5.932264 0.109135
 0.000387 2.382685 3.554247 5.936932 0.128840
 0.000387 2.387702 3.555871 5.943573 0.159687
 0.000388 2.394445 3.557248 5.951693 0.201898
 0.000388 2.401915 3.558473 5.960387 0.252581
 0.000389 2.409179 3.559500 5.968679 0.306197
 0.000389 2.415940 3.560402 5.976342 0.360330
 0.000390 2.422519 3.561130 5.983649 0.416057
 0.000390 2.428141 3.561636 5.989777 0.465869
 0.000391 2.432419 3.562157 5.994576 0.506856
 0.000391 2.434832 3.562556 5.997389 0.531674
 0.000392 2.435489 3.562822 5.998312 0.539952
 0.000392 2.434578 3.562956 5.997535 0.532979
 0.000393 2.432058 3.562926 5.994984 0.510418
 0.000393 2.427683 3.562732 5.990416 0.471226
 0.000394 2.421974 3.562420 5.984395 0.421966
 0.000394 2.415652 3.561900 5.977552 0.369283
 0.000395 2.409520 3.561152 5.970672 0.319853
 0.000395 2.403436 3.560250 5.963686 0.273293
 0.000396 2.398123 3.559158 5.957281 0.233823
 0.000396 2.394019 3.557795 5.951814 0.202566
 0.000397 2.391234 3.556300 5.947534 0.179662
 0.000397 2.390396 3.554650 5.945045 0.166974
 0.000398 2.391492 3.552791 5.944284 0.163184
 0.000398 2.394545 3.550672 5.945217 0.167835
 0.000399 2.399776 3.548329 5.948105 0.182639
 0.000399 2.406963 3.545785 5.952748 0.207749
 0.000400 2.415745 3.542957 5.958701 0.242310
 0.000400 2.425843 3.539942 5.965785 0.286901
 0.000401 2.436081 3.536819 5.972900 0.335470
 0.000401 2.446101 3.533513 5.979613 0.384784
 0.000402 2.455610 3.530081 5.985691 0.432342
 0.000402 2.464124 3.526614 5.990738 0.473942
 0.000403 2.471044 3.523011 5.994055 0.502325
 0.000403 2.476123 3.519220 5.995343 0.513561
 0.000404 2.479256 3.515260 5.994516 0.506335
 0.000404 2.480821 3.511194 5.992015 0.484769
 0.000405 2.480872 3.507007 5.987879 0.450144
 0.000405 2.479807 3.502666 5.982472 0.406809
 0.000406 2.478173 3.498148 5.976321 0.360176
 0.000406 2.476722 3.493424 5.970145 0.316214
 0.000407 2.475599 3.488249 5.963848 0.274332
 0.000407 2.475193 3.482768 5.957961 0.237869
 0.000408 2.475715 3.477146 5.952862 0.208382
 0.000408 2.477507 3.471294 5.948801 0.186298
 0.000409 2.480682 3.465235 5.945917 0.171366
 0.000409 2.485038 3.458992 5.944030 0.161932
 0.000410 2.490596 3.452494 5.943090 0.157334
 0.000410 2.497146 3.445876 5.943022 0.157003
 0.000411 2.504572 3.439110 5.943682 0.160221
 0.000411 2.512348 3.432276 5.944624 0.164874
 0.000412 2.520726 3.425236 5.945962 0.171595
 0.000412 2.529205 3.417993 5.947198 0.177918
 0.000413 2.537500 3.410726 5.948226 0.183272
 0.000413 2.545684 3.403425 5.949109 0.187933
 0.000414 2.553085 3.396031 5.949117 0.187970
 0.000414 2.559368 3.388607 5.947974 0.181954
 0.000415 2.564190 3.381167 5.945357 0.168537
 0.000415 2.567624 3.373705 5.941330 0.148896
 0.000416 2.569521 3.366368 5.935889 0.124292
 0.000416 2.570221 3.359221 5.929443 0.098018
 0.000417 2.570143 3.352177 5.922321 0.072612
 0.000417 2.569440 3.345266 5.914705 0.049654
 0.000418 2.568137 3.338476 5.906613 0.030024
 0.000418 2.566685 3.331895 5.898580 0.015396
 0.000419 2.565583 3.325531 5.891113 0.006140
 0.000419 2.564940 3.319411 5.884351 0.001365
 0.000420 2.564822 3.313623 5.878445 0.000001
 0.000420 2.565693 3.308235 5.873929 0.000722
 0.000421 2.567871 3.303155 5.871026 0.001994
 0.000421 2.571213 3.298382 5.869594 0.002853
 0.000422 2.576005 3.293989 5.869994 0.002598
 0.000422 2.582057 3.289995 5.872052 0.001472
 0.000423 2.589752 3.286346 5.876098 0.000185
 0.000423 2.598899 3.282991 5.881890 0.000479
 0.000424 2.609394 3.280088 5.889482 0.004674
 0.000424 2.620776 3.277559 5.898335 0.015027
 0.000425 2.632488 3.275419 5.907907 0.032833
 0.000425 2.644209 3.273826 5.918034 0.059155
 0.000426 2.655764 3.272636 5.928400 0.094060
 0.000426 2.667123 3.271817 5.938940 0.137816
 0.000427 2.677838 3.271391 5.949229 0.188570
 0.000427 2.687598 3.271409 5.959008 0.244160
 0.000428 2.696451 3.271842 5.968293 0.303583
 0.000428 2.704528 3.272643 5.977170 0.366447
 0.000429 2.711866 3.273796 5.985662 0.432112
 0.000429 2.718650 3.275350 5.993999 0.501837
 0.000430 2.725254 3.277183 6.002437 0.577710
 0.000430 2.731580 3.279311 6.010891 0.659095
 0.000431 2.737624 3.281629 6.019253 0.744861
 0.000431 2.743488 3.284142 6.027630 0.836034
 0.000432 2.748970 3.286867 6.035837 0.930467
 0.000432 2.754322 3.289814 6.044136 1.031099
 0.000433 2.759505 3.293148 6.052653 1.139738
 0.000433 2.765059 3.296926 6.061985 1.265020
 0.000434 2.770344 3.301031 6.071374 1.397665
 0.000434 2.775332 3.305422 6.080754 1.536775
 0.000435 2.780069 3.309996 6.090065 1.681396
 0.000435 2.784126 3.314842 6.098968 1.825748
 0.000436 2.787529 3.319888 6.107418 1.968264
 0.000436 2.790251 3.324977 6.115228 2.104753
 0.000437 2.791568 3.330121 6.121689 2.221114
 0.000437 2.791323 3.335342 6.126665 2.312875
 0.000438 2.789205 3.340718 6.129922 2.373945
 0.000438 2.784321 3.346181 6.130502 2.384891
 0.000439 2.777148 3.351727 6.128875 2.354220
 0.000439 2.767806 3.357176 6.124982 2.281625
 0.000440 2.756672 3.362577 6.119249 2.176807
 0.000440 2.743882 3.367904 6.111786 2.044041
 0.000441 2.729892 3.373031 6.102923 1.891797
 0.000441 2.714978 3.377979 6.092956 1.727624
 0.000442 2.699246 3.382790 6.082036 1.556302
 0.000442 2.683350 3.387426 6.070776 1.389019
 0.000443 2.667254 3.391819 6.059074 1.225231
 0.000443 2.651351 3.395910 6.047261 1.070319
 0.000444 2.635482 3.399758 6.035240 0.923430
 0.000444 2.619974 3.403388 6.023362 0.788924
 0.000445 2.605290 3.406839 6.012129 0.671460
 0.000445 2.591750 3.410048 6.001799 0.571786
 0.000446 2.579138 3.412963 5.992101 0.485502
 0.000446 2.567542 3.415632 5.983174 0.412309
 0.000447 2.557346 3.417961 5.975307 0.352760
 0.000447 2.548708 3.419963 5.968671 0.306142
 0.000448 2.540835 3.421724 5.962559 0.266124
 0.000448 2.533647 3.423205 5.956852 0.231289
 0.000449 2.527163 3.424479 5.951642 0.201621
 0.000449 2.520810 3.425445 5.946255 0.173081
 0.000450 2.514610 3.426105 5.940715 0.146006
 0.000450 2.508148 3.426348 5.934496 0.118350
 0.000451 2.501499 3.426255 5.927754 0.091648
 0.000451 2.495117 3.425887 5.921004 0.068331
 0.000452 2.488688 3.425143 5.913831 0.047297
 0.000452 2.482536 3.424103 5.906638 0.030078
 0.000453 2.476854 3.422835 5.899689 0.017128
 0.000453 2.471457 3.421326 5.892783 0.007847
 0.000454 2.467087 3.419639 5.886726 0.002652
 0.000454 2.464078 3.417663 5.881741 0.000440
 0.000455 2.462880 3.415584 5.878463 0.000001
 0.000455 2.463241 3.413267 5.876508 0.000123
 0.000456 2.465360 3.410760 5.876120 0.000181
 0.000456 2.469128 3.408054 5.877181 0.000048
 0.000457 2.474784 3.405199 5.879983 0.000104
 0.000457 2.482058 3.402222 5.884281 0.001334
 0.000458 2.490446 3.399056 5.889502 0.004691
 0.000458 2.499589 3.395709 5.895298 0.010813
 0.000459 2.509033 3.392183 5.901216 0.019664
 0.000459 2.518352 3.388426 5.906778 0.030375
 0.000460 2.527411 3.384554 5.911965 0.042457
 0.000460 2.535864 3.380581 5.916445 0.054515
 0.000461 2.543401 3.376601 5.920002 0.065160
 0.000461 2.549323 3.372579 5.921902 0.071237
 0.000462 2.553712 3.368442 5.922154 0.072061
 0.000462 2.556180 3.364107 5.920286 0.066053
 0.000463 2.556421 3.359648 5.916069 0.053446
 0.000463 2.554799 3.355076 5.909875 0.037346
 0.000464 2.551350 3.350391 5.901741 0.020575
 0.000464 2.546568 3.345740 5.892308 0.007340
 0.000465 2.540727 3.341202 5.881929 0.000489
 0.000465 2.534175 3.336734 5.870909 0.002058
 0.000466 2.527109 3.332315 5.859424 0.013385
 0.000466 2.519781 3.327974 5.847755 0.035026
 0.000467 2.513330 3.323656 5.836986 0.064059
 0.000467 2.508060 3.319381 5.827441 0.097067
 0.000468 2.503708 3.315328 5.819036 0.131786
 0.000468 2.500589 3.311322 5.811911 0.165366
 0.000469 2.498932 3.307566 5.806499 0.193422
 0.000469 2.499052 3.303991 5.803044 0.212480
 0.000470 2.500726 3.300561 5.801287 0.222510
 0.000470 2.503726 3.297343 5.801068 0.223778
 0.000471 2.508413 3.294301 5.802714 0.214347
 0.000471 2.514134 3.291355 5.805489 0.198896
 0.000472 2.520843 3.288617 5.809460 0.177801
 0.000472 2.528045 3.286104 5.814149 0.154410
 0.000473 2.535766 3.283752 5.819518 0.129649
 0.000473 2.543909 3.281625 5.825534 0.104479
 0.000474 2.552134 3.279688 5.831821 0.081070
 0.000474 2.559877 3.277925 5.837801 0.061558
 0.000475 2.567104 3.276349 5.843453 0.045582
 0.000475 2.573997 3.274969 5.848966 0.032306
 0.000476 2.580597 3.273804 5.854401 0.021449
 0.000476 2.587645 3.272831 5.860476 0.011937
 0.000477 2.595579 3.272022 5.867602 0.004306
 0.000477 2.604052 3.271174 5.875226 0.000358
 0.000478 2.613265 3.270441 5.883706 0.001089
 0.000478 2.623614 3.269776 5.893390 0.008519
 0.000479 2.635497 3.269157 5.904654 0.026011
 0.000479 2.649076 3.268548 5.917624 0.057939
 0.000480 2.663824 3.267841 5.931665 0.106725
 0.000480 2.680169 3.267112 5.947281 0.178351
 0.000481 2.697979 3.266319 5.964299 0.277229
 0.000481 2.716642 3.265432 5.982074 0.403707
 0.000482 2.736047 3.264459 6.000506 0.559874
 0.000482 2.755304 3.263407 6.018711 0.739140
 0.000483 2.774765 3.262220 6.036985 0.944085
 0.000483 2.793837 3.260954 6.054791 1.167867
 0.000484 2.811960 3.259607 6.071567 1.400456
 0.000484 2.828831 3.258149 6.086980 1.632760
 0.000485 2.844251 3.256484 6.100735 1.855107
 0.000485 2.857816 3.254749 6.112565 2.057708
 0.000486 2.868882 3.253075 6.121957 2.226015
 0.000486 2.877131 3.251404 6.128534 2.347821
 0.000487 2.883045 3.249661 6.132706 2.426765
 0.000487 2.886620 3.247766 6.134386 2.458913
 0.000488 2.887897 3.245823 6.133720 2.446143
 0.000488 2.887495 3.243850 6.131345 2.400863
 0.000489 2.885817 3.241811 6.127627 2.330829
 0.000489 2.882817 3.239809 6.122626 2.238256
 0.000490 2.878879 3.237876 6.116755 2.131969
 0.000490 2.874053 3.236001 6.110054 2.013823
 0.000491 2.868504 3.234251 6.102755 1.888964
 0.000491 2.862584 3.232686 6.095270 1.765062
 0.000492 2.856419 3.231170 6.087589 1.642301
 0.000492 2.849923 3.229739 6.079662 1.520233
 0.000493 2.843578 3.228483 6.072061 1.407622
 0.000493 2.837320 3.227497 6.064817 1.304331
 0.000494 2.830669 3.226791 6.057461 1.203465
 0.000494 2.824023 3.226385 6.050408 1.110576
 0.000495 2.817634 3.226211 6.043845 1.027477
 0.000495 2.810803 3.226246 6.037048 0.944834
 0.000496 2.803152 3.226602 6.029754 0.859989
 0.000496 2.794720 3.227260 6.021980 0.773963
 0.000497 2.785704 3.228202 6.013905 0.689407
 0.000497 2.775309 3.229278 6.004586 0.597897
 0.000498 2.763580 3.230426 5.994006 0.501898
 0.000498 2.750884 3.231670 5.982554 0.407449
 0.000499 2.737390 3.233200 5.970589 0.319279
 0.000499 2.722978 3.235082 5.958061 0.238463
 0.000500 2.708121 3.237205 5.945326 0.168382
